,obs,tot_t,t,is_done,reward,trialID,obs_next,blockID,stage,action,rewardplanet,transition,randomplanet,highstate,p_ambiguity,p_reward_high,p_reward_low,p_trans
0,0.0,1,1,False,0.0,1.0,2.0,1,0,1,[1. 1.],[2 1],1.0,0,0.6,0.7,0.30000000000000004,[0. 0.]
1,2.0,2,0,False,1.0,1.0,0.0,1,1,0,[1. 1.],[2 1],0.0,0,0.6,0.7,0.30000000000000004,[0. 0.]
2,0.0,3,1,False,0.0,2.0,1.0,1,0,1,[1. 1.],[2 1],0.0,0,0.6,0.7,0.30000000000000004,[0. 0.]
3,1.0,4,0,False,1.0,2.0,0.0,1,1,0,[0. 0.],[2 1],1.0,0,0.6,0.7,0.30000000000000004,[0. 0.]
4,0.0,5,1,False,0.0,3.0,2.0,1,0,1,[0. 0.],[2 1],1.0,0,0.6,0.7,0.30000000000000004,[0. 0.]
5,2.0,6,0,False,0.0,3.0,0.0,1,1,0,[1. 1.],[2 1],0.0,0,0.6,0.7,0.30000000000000004,[0. 0.]
6,0.0,7,1,False,0.0,4.0,1.0,1,0,1,[1. 1.],[2 1],0.0,0,0.6,0.7,0.30000000000000004,[0. 0.]
7,1.0,8,0,False,1.0,4.0,0.0,1,1,0,[1. 0.],[2 1],,0,0.6,0.7,0.30000000000000004,[0. 0.]
8,0.0,9,1,False,0.0,5.0,2.0,1,0,1,[1. 0.],[2 1],,0,0.6,0.7,0.30000000000000004,[0. 0.]
9,2.0,10,0,False,0.0,5.0,0.0,1,1,0,[0. 0.],[2 1],,0,0.6,0.7,0.30000000000000004,[0. 0.]
10,0.0,11,1,False,0.0,6.0,2.0,1,0,1,[0. 0.],[2 1],,0,0.6,0.7,0.30000000000000004,[0. 0.]
11,2.0,12,0,False,0.0,6.0,0.0,1,1,0,[1. 1.],[2 1],,0,0.6,0.7,0.30000000000000004,[0. 0.]
12,0.0,13,1,False,0.0,7.0,1.0,1,0,2,[1. 1.],[2 1],,0,0.6,0.7,0.30000000000000004,[0. 0.]
13,1.0,14,0,False,1.0,7.0,0.0,1,1,0,[1. 0.],[2 1],1.0,0,0.6,0.7,0.30000000000000004,[0. 0.]
14,0.0,15,1,False,0.0,8.0,2.0,1,0,2,[1. 0.],[2 1],1.0,0,0.6,0.7,0.30000000000000004,[0. 0.]
15,2.0,16,0,False,1.0,8.0,0.0,1,1,0,[0. 1.],[2 1],,0,0.6,0.7,0.30000000000000004,[0. 0.]
16,0.0,17,1,False,0.0,9.0,1.0,1,0,2,[0. 1.],[2 1],,0,0.6,0.7,0.30000000000000004,[0. 0.]
17,1.0,18,0,False,0.0,9.0,0.0,1,1,0,[1. 0.],[2 1],,0,0.6,0.7,0.30000000000000004,[0. 0.]
18,0.0,19,1,False,0.0,10.0,1.0,1,0,2,[1. 0.],[2 1],,0,0.6,0.7,0.30000000000000004,[0. 0.]
19,1.0,20,0,False,1.0,10.0,0.0,1,1,0,[1. 1.],[2 1],0.0,0,0.6,0.7,0.30000000000000004,[0. 0.]
20,0.0,21,1,False,0.0,11.0,1.0,1,0,2,[1. 1.],[2 1],0.0,0,0.6,0.7,0.30000000000000004,[0. 0.]
21,1.0,22,0,False,1.0,11.0,0.0,1,1,0,[1. 0.],[2 1],,0,0.6,0.7,0.30000000000000004,[0. 0.]
22,0.0,23,1,False,0.0,12.0,1.0,1,0,2,[1. 0.],[2 1],,0,0.6,0.7,0.30000000000000004,[0. 0.]
23,1.0,24,0,False,1.0,12.0,0.0,1,1,0,[1. 0.],[2 1],,0,0.6,0.7,0.30000000000000004,[0. 0.]
24,0.0,25,1,False,0.0,13.0,1.0,1,0,2,[1. 0.],[2 1],,0,0.6,0.7,0.30000000000000004,[0. 0.]
25,1.0,26,0,False,1.0,13.0,0.0,1,1,0,[1. 0.],[2 1],0.0,0,0.6,0.7,0.30000000000000004,[0. 0.]
26,0.0,27,1,False,0.0,14.0,1.0,1,0,2,[1. 0.],[2 1],0.0,0,0.6,0.7,0.30000000000000004,[0. 0.]
27,1.0,28,0,False,1.0,14.0,0.0,1,1,0,[0. 0.],[2 1],1.0,0,0.6,0.7,0.30000000000000004,[0. 0.]
28,0.0,29,1,False,0.0,15.0,2.0,1,0,2,[0. 0.],[2 1],1.0,0,0.6,0.7,0.30000000000000004,[0. 0.]
29,2.0,30,0,False,0.0,15.0,0.0,1,1,0,[1. 1.],[2 1],,0,0.6,0.7,0.30000000000000004,[0. 0.]
30,0.0,31,1,False,0.0,16.0,1.0,1,0,2,[1. 1.],[2 1],,0,0.6,0.7,0.30000000000000004,[0. 0.]
31,1.0,32,0,False,1.0,16.0,0.0,1,1,0,[1. 0.],[2 1],,0,0.6,0.7,0.30000000000000004,[0. 0.]
32,0.0,33,1,False,0.0,17.0,1.0,1,0,2,[1. 0.],[2 1],,0,0.6,0.7,0.30000000000000004,[0. 0.]
33,1.0,34,0,False,1.0,17.0,0.0,1,1,0,[0. 0.],[2 1],1.0,0,0.6,0.7,0.30000000000000004,[0. 0.]
34,0.0,35,1,False,0.0,18.0,2.0,1,0,2,[0. 0.],[2 1],1.0,0,0.6,0.7,0.30000000000000004,[0. 0.]
35,2.0,36,0,False,0.0,18.0,0.0,1,1,0,[0. 1.],[2 1],0.0,0,0.6,0.7,0.30000000000000004,[0. 0.]
36,0.0,37,1,False,0.0,19.0,1.0,1,0,2,[0. 1.],[2 1],0.0,0,0.6,0.7,0.30000000000000004,[0. 0.]
37,1.0,38,0,False,0.0,19.0,0.0,1,1,0,[0. 0.],[2 1],,0,0.6,0.7,0.30000000000000004,[0. 0.]
38,0.0,39,1,False,0.0,20.0,1.0,1,0,2,[0. 0.],[2 1],,0,0.6,0.7,0.30000000000000004,[0. 0.]
39,1.0,40,0,False,0.0,20.0,0.0,1,1,0,[0. 0.],[2 1],,0,0.6,0.7,0.30000000000000004,[0. 0.]
40,0.0,41,1,False,0.0,21.0,2.0,1,0,1,[0. 0.],[2 1],,0,0.6,0.7,0.30000000000000004,[0. 0.]
41,2.0,42,0,False,0.0,21.0,0.0,1,1,0,[0. 1.],[2 1],0.0,1,0.6,0.7,0.30000000000000004,[0. 0.]
42,0.0,43,1,False,0.0,22.0,1.0,1,0,2,[0. 1.],[2 1],0.0,1,0.6,0.7,0.30000000000000004,[0. 0.]
43,1.0,44,0,False,0.0,22.0,0.0,1,1,0,[0. 0.],[2 1],,1,0.6,0.7,0.30000000000000004,[0. 0.]
44,0.0,45,1,False,0.0,23.0,2.0,1,0,1,[0. 0.],[2 1],,1,0.6,0.7,0.30000000000000004,[0. 0.]
45,2.0,46,0,False,0.0,23.0,0.0,1,1,0,[1. 1.],[2 1],1.0,1,0.6,0.7,0.30000000000000004,[0. 0.]
46,0.0,47,1,False,0.0,24.0,2.0,1,0,2,[1. 1.],[2 1],1.0,1,0.6,0.7,0.30000000000000004,[0. 0.]
47,2.0,48,0,False,1.0,24.0,0.0,1,1,0,[1. 0.],[2 1],0.0,1,0.6,0.7,0.30000000000000004,[0. 0.]
48,0.0,49,1,False,0.0,25.0,1.0,1,0,2,[1. 0.],[2 1],0.0,1,0.6,0.7,0.30000000000000004,[0. 0.]
49,1.0,50,0,False,1.0,25.0,0.0,1,1,0,[0. 0.],[2 1],,1,0.6,0.7,0.30000000000000004,[0. 0.]
50,0.0,51,1,False,0.0,26.0,1.0,1,0,2,[0. 0.],[2 1],,1,0.6,0.7,0.30000000000000004,[0. 0.]
51,1.0,52,0,False,0.0,26.0,0.0,1,1,0,[0. 1.],[2 1],1.0,1,0.6,0.7,0.30000000000000004,[0. 0.]
52,0.0,53,1,False,0.0,27.0,2.0,1,0,2,[0. 1.],[2 1],1.0,1,0.6,0.7,0.30000000000000004,[0. 0.]
53,2.0,54,0,False,0.0,27.0,0.0,1,1,0,[1. 0.],[2 1],,0,0.6,0.7,0.30000000000000004,[0. 0.]
54,0.0,55,1,False,0.0,28.0,2.0,1,0,1,[1. 0.],[2 1],,0,0.6,0.7,0.30000000000000004,[0. 0.]
55,2.0,56,0,False,0.0,28.0,0.0,1,1,0,[1. 0.],[2 1],1.0,0,0.6,0.7,0.30000000000000004,[0. 0.]
56,0.0,57,1,False,0.0,29.0,2.0,1,0,2,[1. 0.],[2 1],1.0,0,0.6,0.7,0.30000000000000004,[0. 0.]
57,2.0,58,0,False,1.0,29.0,0.0,1,1,0,[0. 1.],[2 1],1.0,0,0.6,0.7,0.30000000000000004,[0. 0.]
58,0.0,59,1,False,0.0,30.0,2.0,1,0,2,[0. 1.],[2 1],1.0,0,0.6,0.7,0.30000000000000004,[0. 0.]
59,2.0,60,0,False,0.0,30.0,0.0,1,1,0,[1. 0.],[2 1],0.0,0,0.6,0.7,0.30000000000000004,[0. 0.]
60,0.0,61,1,False,0.0,31.0,1.0,1,0,1,[1. 0.],[2 1],0.0,0,0.6,0.7,0.30000000000000004,[0. 0.]
61,1.0,62,0,False,0.0,31.0,0.0,1,1,0,[1. 0.],[2 1],0.0,0,0.6,0.7,0.30000000000000004,[0. 0.]
62,0.0,63,1,False,0.0,32.0,1.0,1,0,1,[1. 0.],[2 1],0.0,0,0.6,0.7,0.30000000000000004,[0. 0.]
63,1.0,64,0,False,0.0,32.0,0.0,1,1,0,[1. 0.],[2 1],,0,0.6,0.7,0.30000000000000004,[0. 0.]
64,0.0,65,1,False,0.0,33.0,1.0,1,0,2,[1. 0.],[2 1],,0,0.6,0.7,0.30000000000000004,[0. 0.]
65,1.0,66,0,False,1.0,33.0,0.0,1,1,0,[1. 0.],[2 1],0.0,0,0.6,0.7,0.30000000000000004,[0. 0.]
66,0.0,67,1,False,0.0,34.0,1.0,1,0,2,[1. 0.],[2 1],0.0,0,0.6,0.7,0.30000000000000004,[0. 0.]
67,1.0,68,0,False,1.0,34.0,0.0,1,1,0,[1. 1.],[2 1],1.0,0,0.6,0.7,0.30000000000000004,[0. 0.]
68,0.0,69,1,False,0.0,35.0,2.0,1,0,2,[1. 1.],[2 1],1.0,0,0.6,0.7,0.30000000000000004,[0. 0.]
69,2.0,70,0,False,1.0,35.0,0.0,1,1,0,[0. 0.],[2 1],,0,0.6,0.7,0.30000000000000004,[0. 0.]
70,0.0,71,1,False,0.0,36.0,1.0,1,0,2,[0. 0.],[2 1],,0,0.6,0.7,0.30000000000000004,[0. 0.]
71,1.0,72,0,False,0.0,36.0,0.0,1,1,0,[1. 0.],[2 1],1.0,0,0.6,0.7,0.30000000000000004,[0. 0.]
72,0.0,73,1,False,0.0,37.0,2.0,1,0,2,[1. 0.],[2 1],1.0,0,0.6,0.7,0.30000000000000004,[0. 0.]
73,2.0,74,0,False,1.0,37.0,0.0,1,1,0,[0. 1.],[2 1],1.0,0,0.6,0.7,0.30000000000000004,[0. 0.]
74,0.0,75,1,False,0.0,38.0,2.0,1,0,2,[0. 1.],[2 1],1.0,0,0.6,0.7,0.30000000000000004,[0. 0.]
75,2.0,76,0,False,0.0,38.0,0.0,1,1,0,[0. 0.],[2 1],,0,0.6,0.7,0.30000000000000004,[0. 0.]
76,0.0,77,1,False,0.0,39.0,1.0,1,0,2,[0. 0.],[2 1],,0,0.6,0.7,0.30000000000000004,[0. 0.]
77,1.0,78,0,False,0.0,39.0,0.0,1,1,0,[1. 0.],[2 1],,0,0.6,0.7,0.30000000000000004,[0. 0.]
78,0.0,79,1,False,0.0,40.0,1.0,1,0,2,[1. 0.],[2 1],,0,0.6,0.7,0.30000000000000004,[0. 0.]
79,1.0,80,0,False,1.0,40.0,0.0,1,1,0,[1. 0.],[2 1],1.0,0,0.6,0.7,0.30000000000000004,[0. 0.]
80,0.0,81,1,False,0.0,41.0,2.0,1,0,2,[1. 0.],[2 1],1.0,0,0.6,0.7,0.30000000000000004,[0. 0.]
81,2.0,82,0,False,1.0,41.0,0.0,1,1,0,[0. 0.],[2 1],1.0,1,0.6,0.7,0.30000000000000004,[0. 0.]
82,0.0,83,1,False,0.0,42.0,2.0,1,0,2,[0. 0.],[2 1],1.0,1,0.6,0.7,0.30000000000000004,[0. 0.]
83,2.0,84,0,False,0.0,42.0,0.0,1,1,0,[1. 0.],[2 1],,1,0.6,0.7,0.30000000000000004,[0. 0.]
84,0.0,85,1,False,0.0,43.0,1.0,1,0,2,[1. 0.],[2 1],,1,0.6,0.7,0.30000000000000004,[0. 0.]
85,1.0,86,0,False,1.0,43.0,0.0,1,1,0,[0. 0.],[2 1],1.0,1,0.6,0.7,0.30000000000000004,[0. 0.]
86,0.0,87,1,False,0.0,44.0,2.0,1,0,2,[0. 0.],[2 1],1.0,1,0.6,0.7,0.30000000000000004,[0. 0.]
87,2.0,88,0,False,0.0,44.0,0.0,1,1,0,[1. 1.],[2 1],1.0,1,0.6,0.7,0.30000000000000004,[0. 0.]
88,0.0,89,1,False,0.0,45.0,2.0,1,0,1,[1. 1.],[2 1],1.0,1,0.6,0.7,0.30000000000000004,[0. 0.]
89,2.0,90,0,False,1.0,45.0,0.0,1,1,0,[0. 0.],[2 1],,1,0.6,0.7,0.30000000000000004,[0. 0.]
90,0.0,91,1,False,0.0,46.0,2.0,1,0,1,[0. 0.],[2 1],,1,0.6,0.7,0.30000000000000004,[0. 0.]
91,2.0,92,0,False,0.0,46.0,0.0,1,1,0,[0. 0.],[2 1],1.0,1,0.6,0.7,0.30000000000000004,[0. 0.]
92,0.0,93,1,False,0.0,47.0,2.0,1,0,1,[0. 0.],[2 1],1.0,1,0.6,0.7,0.30000000000000004,[0. 0.]
93,2.0,94,0,False,0.0,47.0,0.0,1,1,0,[1. 0.],[2 1],0.0,1,0.6,0.7,0.30000000000000004,[0. 0.]
94,0.0,95,1,False,0.0,48.0,1.0,1,0,2,[1. 0.],[2 1],0.0,1,0.6,0.7,0.30000000000000004,[0. 0.]
95,1.0,96,0,False,1.0,48.0,0.0,1,1,0,[0. 1.],[2 1],,1,0.6,0.7,0.30000000000000004,[0. 0.]
96,0.0,97,1,False,0.0,49.0,1.0,1,0,2,[0. 1.],[2 1],,1,0.6,0.7,0.30000000000000004,[0. 0.]
97,1.0,98,0,False,0.0,49.0,0.0,1,1,0,[1. 0.],[2 1],,1,0.6,0.7,0.30000000000000004,[0. 0.]
98,0.0,99,1,False,0.0,50.0,1.0,1,0,2,[1. 0.],[2 1],,1,0.6,0.7,0.30000000000000004,[0. 0.]
99,1.0,100,0,False,1.0,50.0,0.0,1,1,0,[0. 1.],[2 1],,1,0.6,0.7,0.30000000000000004,[0. 0.]
100,0.0,101,1,False,0.0,51.0,1.0,1,0,2,[0. 1.],[2 1],,1,0.6,0.7,0.30000000000000004,[0. 0.]
101,1.0,102,0,False,0.0,51.0,0.0,1,1,0,[0. 1.],[2 1],0.0,1,0.6,0.7,0.30000000000000004,[0. 0.]
102,0.0,103,1,False,0.0,52.0,1.0,1,0,2,[0. 1.],[2 1],0.0,1,0.6,0.7,0.30000000000000004,[0. 0.]
103,1.0,104,0,False,0.0,52.0,0.0,1,1,0,[0. 1.],[2 1],0.0,1,0.6,0.7,0.30000000000000004,[0. 0.]
104,0.0,105,1,False,0.0,53.0,1.0,1,0,1,[0. 1.],[2 1],0.0,1,0.6,0.7,0.30000000000000004,[0. 0.]
105,1.0,106,0,False,1.0,53.0,0.0,1,1,0,[0. 1.],[2 1],0.0,1,0.6,0.7,0.30000000000000004,[0. 0.]
106,0.0,107,1,False,0.0,54.0,1.0,1,0,1,[0. 1.],[2 1],0.0,1,0.6,0.7,0.30000000000000004,[0. 0.]
107,1.0,108,0,False,1.0,54.0,0.0,1,1,0,[1. 1.],[2 1],,1,0.6,0.7,0.30000000000000004,[0. 0.]
108,0.0,109,1,False,0.0,55.0,2.0,1,0,1,[1. 1.],[2 1],,1,0.6,0.7,0.30000000000000004,[0. 0.]
109,2.0,110,0,False,1.0,55.0,0.0,1,1,0,[0. 0.],[2 1],,1,0.6,0.7,0.30000000000000004,[0. 0.]
110,0.0,111,1,False,0.0,56.0,2.0,1,0,1,[0. 0.],[2 1],,1,0.6,0.7,0.30000000000000004,[0. 0.]
111,2.0,112,0,False,0.0,56.0,0.0,1,1,0,[0. 1.],[2 1],0.0,1,0.6,0.7,0.30000000000000004,[0. 0.]
112,0.0,113,1,False,0.0,57.0,1.0,1,0,1,[0. 1.],[2 1],0.0,1,0.6,0.7,0.30000000000000004,[0. 0.]
113,1.0,114,0,False,1.0,57.0,0.0,1,1,0,[0. 1.],[2 1],1.0,1,0.6,0.7,0.30000000000000004,[0. 0.]
114,0.0,115,1,False,0.0,58.0,2.0,1,0,1,[0. 1.],[2 1],1.0,1,0.6,0.7,0.30000000000000004,[0. 0.]
115,2.0,116,0,False,1.0,58.0,0.0,1,1,0,[0. 1.],[2 1],,1,0.6,0.7,0.30000000000000004,[0. 0.]
116,0.0,117,1,False,0.0,59.0,2.0,1,0,1,[0. 1.],[2 1],,1,0.6,0.7,0.30000000000000004,[0. 0.]
117,2.0,118,0,False,1.0,59.0,0.0,1,1,0,[0. 1.],[2 1],,1,0.6,0.7,0.30000000000000004,[0. 0.]
118,0.0,119,1,False,0.0,60.0,2.0,1,0,1,[0. 1.],[2 1],,1,0.6,0.7,0.30000000000000004,[0. 0.]
119,2.0,120,0,False,1.0,60.0,0.0,1,1,0,[1. 1.],[2 1],1.0,1,0.6,0.7,0.30000000000000004,[0. 0.]
120,0.0,121,1,False,0.0,61.0,2.0,1,0,1,[1. 1.],[2 1],1.0,1,0.6,0.7,0.30000000000000004,[0. 0.]
121,2.0,122,0,False,1.0,61.0,0.0,1,1,0,[1. 0.],[2 1],,1,0.6,0.7,0.30000000000000004,[0. 0.]
122,0.0,123,1,False,0.0,62.0,2.0,1,0,1,[1. 0.],[2 1],,1,0.6,0.7,0.30000000000000004,[0. 0.]
123,2.0,124,0,False,0.0,62.0,0.0,1,1,0,[1. 1.],[2 1],,1,0.6,0.7,0.30000000000000004,[0. 0.]
124,0.0,125,1,False,0.0,63.0,2.0,1,0,1,[1. 1.],[2 1],,1,0.6,0.7,0.30000000000000004,[0. 0.]
125,2.0,126,0,False,1.0,63.0,0.0,1,1,0,[0. 1.],[2 1],,1,0.6,0.7,0.30000000000000004,[0. 0.]
126,0.0,127,1,False,0.0,64.0,2.0,1,0,1,[0. 1.],[2 1],,1,0.6,0.7,0.30000000000000004,[0. 0.]
127,2.0,128,0,False,1.0,64.0,0.0,1,1,0,[1. 1.],[2 1],0.0,1,0.6,0.7,0.30000000000000004,[0. 0.]
128,0.0,129,1,False,0.0,65.0,1.0,1,0,1,[1. 1.],[2 1],0.0,1,0.6,0.7,0.30000000000000004,[0. 0.]
129,1.0,130,0,False,1.0,65.0,0.0,1,1,0,[0. 0.],[2 1],1.0,1,0.6,0.7,0.30000000000000004,[0. 0.]
130,0.0,131,1,False,0.0,66.0,2.0,1,0,1,[0. 0.],[2 1],1.0,1,0.6,0.7,0.30000000000000004,[0. 0.]
131,2.0,132,0,False,0.0,66.0,0.0,1,1,0,[1. 1.],[2 1],1.0,1,0.6,0.7,0.30000000000000004,[0. 0.]
132,0.0,133,1,False,0.0,67.0,2.0,1,0,1,[1. 1.],[2 1],1.0,1,0.6,0.7,0.30000000000000004,[0. 0.]
133,2.0,134,0,False,1.0,67.0,0.0,1,1,0,[1. 1.],[2 1],,1,0.6,0.7,0.30000000000000004,[0. 0.]
134,0.0,135,1,False,0.0,68.0,2.0,1,0,1,[1. 1.],[2 1],,1,0.6,0.7,0.30000000000000004,[0. 0.]
135,2.0,136,0,False,1.0,68.0,0.0,1,1,0,[1. 0.],[2 1],,1,0.6,0.7,0.30000000000000004,[0. 0.]
136,0.0,137,1,False,0.0,69.0,2.0,1,0,1,[1. 0.],[2 1],,1,0.6,0.7,0.30000000000000004,[0. 0.]
137,2.0,138,0,False,0.0,69.0,0.0,1,1,0,[0. 1.],[2 1],,1,0.6,0.7,0.30000000000000004,[0. 0.]
138,0.0,139,1,False,0.0,70.0,2.0,1,0,1,[0. 1.],[2 1],,1,0.6,0.7,0.30000000000000004,[0. 0.]
139,2.0,140,0,False,1.0,70.0,0.0,1,1,0,[1. 1.],[2 1],,1,0.6,0.7,0.30000000000000004,[0. 0.]
140,0.0,141,1,False,0.0,71.0,2.0,1,0,1,[1. 1.],[2 1],,1,0.6,0.7,0.30000000000000004,[0. 0.]
141,2.0,142,0,False,1.0,71.0,0.0,1,1,0,[0. 1.],[2 1],1.0,1,0.6,0.7,0.30000000000000004,[0. 0.]
142,0.0,143,1,False,0.0,72.0,2.0,1,0,1,[0. 1.],[2 1],1.0,1,0.6,0.7,0.30000000000000004,[0. 0.]
143,2.0,144,0,False,1.0,72.0,0.0,1,1,0,[0. 0.],[2 1],1.0,1,0.6,0.7,0.30000000000000004,[0. 0.]
144,0.0,145,1,False,0.0,73.0,2.0,1,0,1,[0. 0.],[2 1],1.0,1,0.6,0.7,0.30000000000000004,[0. 0.]
145,2.0,146,0,False,0.0,73.0,0.0,1,1,0,[1. 1.],[2 1],,1,0.6,0.7,0.30000000000000004,[0. 0.]
146,0.0,147,1,False,0.0,74.0,2.0,1,0,1,[1. 1.],[2 1],,1,0.6,0.7,0.30000000000000004,[0. 0.]
147,2.0,148,0,False,1.0,74.0,0.0,1,1,0,[0. 0.],[2 1],,1,0.6,0.7,0.30000000000000004,[0. 0.]
148,0.0,149,1,False,0.0,75.0,2.0,1,0,1,[0. 0.],[2 1],,1,0.6,0.7,0.30000000000000004,[0. 0.]
149,2.0,150,0,False,0.0,75.0,0.0,1,1,0,[1. 1.],[2 1],1.0,1,0.6,0.7,0.30000000000000004,[0. 0.]
150,0.0,151,1,False,0.0,76.0,2.0,1,0,1,[1. 1.],[2 1],1.0,1,0.6,0.7,0.30000000000000004,[0. 0.]
151,2.0,152,0,False,1.0,76.0,0.0,1,1,0,[0. 0.],[2 1],,1,0.6,0.7,0.30000000000000004,[0. 0.]
152,0.0,153,1,False,0.0,77.0,2.0,1,0,1,[0. 0.],[2 1],,1,0.6,0.7,0.30000000000000004,[0. 0.]
153,2.0,154,0,False,0.0,77.0,0.0,1,1,0,[1. 1.],[2 1],1.0,1,0.6,0.7,0.30000000000000004,[0. 0.]
154,0.0,155,1,False,0.0,78.0,2.0,1,0,1,[1. 1.],[2 1],1.0,1,0.6,0.7,0.30000000000000004,[0. 0.]
155,2.0,156,0,False,1.0,78.0,0.0,1,1,0,[0. 0.],[1 2],1.0,1,0.6,0.7,0.30000000000000004,[0. 0.]
156,0.0,157,1,False,0.0,79.0,2.0,1,0,1,[0. 0.],[1 2],1.0,1,0.6,0.7,0.30000000000000004,[0. 0.]
157,2.0,158,0,False,0.0,79.0,0.0,1,1,0,[0. 0.],[1 2],0.0,1,0.6,0.7,0.30000000000000004,[0. 0.]
158,0.0,159,1,False,0.0,80.0,1.0,1,0,1,[0. 0.],[1 2],0.0,1,0.6,0.7,0.30000000000000004,[0. 0.]
159,1.0,160,0,False,0.0,80.0,0.0,1,1,0,[0. 1.],[1 2],0.0,1,0.6,0.7,0.30000000000000004,[0. 0.]
160,0.0,161,1,False,0.0,81.0,1.0,1,0,1,[0. 1.],[1 2],0.0,1,0.6,0.7,0.30000000000000004,[0. 0.]
161,1.0,162,0,False,0.0,81.0,0.0,1,1,0,[1. 1.],[1 2],,1,0.6,0.7,0.30000000000000004,[0. 0.]
162,0.0,163,1,False,0.0,82.0,2.0,1,0,2,[1. 1.],[1 2],,1,0.6,0.7,0.30000000000000004,[0. 0.]
163,2.0,164,0,False,1.0,82.0,0.0,1,1,0,[0. 1.],[1 2],,1,0.6,0.7,0.30000000000000004,[0. 0.]
164,0.0,165,1,False,0.0,83.0,2.0,1,0,2,[0. 1.],[1 2],,1,0.6,0.7,0.30000000000000004,[0. 0.]
165,2.0,166,0,False,1.0,83.0,0.0,1,1,0,[0. 1.],[1 2],1.0,1,0.6,0.7,0.30000000000000004,[0. 0.]
166,0.0,167,1,False,0.0,84.0,2.0,1,0,2,[0. 1.],[1 2],1.0,1,0.6,0.7,0.30000000000000004,[0. 0.]
167,2.0,168,0,False,1.0,84.0,0.0,1,1,0,[0. 1.],[1 2],1.0,1,0.6,0.7,0.30000000000000004,[0. 0.]
168,0.0,169,1,False,0.0,85.0,2.0,1,0,2,[0. 1.],[1 2],1.0,1,0.6,0.7,0.30000000000000004,[0. 0.]
169,2.0,170,0,False,1.0,85.0,0.0,1,1,0,[0. 1.],[1 2],,1,0.6,0.7,0.30000000000000004,[0. 0.]
170,0.0,171,1,False,0.0,86.0,2.0,1,0,2,[0. 1.],[1 2],,1,0.6,0.7,0.30000000000000004,[0. 0.]
171,2.0,172,0,False,1.0,86.0,0.0,1,1,0,[1. 0.],[1 2],0.0,1,0.6,0.7,0.30000000000000004,[0. 0.]
172,0.0,173,1,False,0.0,87.0,1.0,1,0,2,[1. 0.],[1 2],0.0,1,0.6,0.7,0.30000000000000004,[0. 0.]
173,1.0,174,0,False,0.0,87.0,0.0,1,1,0,[0. 0.],[1 2],0.0,1,0.6,0.7,0.30000000000000004,[0. 0.]
174,0.0,175,1,False,0.0,88.0,1.0,1,0,2,[0. 0.],[1 2],0.0,1,0.6,0.7,0.30000000000000004,[0. 0.]
175,1.0,176,0,False,0.0,88.0,0.0,1,1,0,[1. 1.],[1 2],0.0,1,0.6,0.7,0.30000000000000004,[0. 0.]
176,0.0,177,1,False,0.0,89.0,1.0,1,0,2,[1. 1.],[1 2],0.0,1,0.6,0.7,0.30000000000000004,[0. 0.]
177,1.0,178,0,False,1.0,89.0,0.0,1,1,0,[1. 1.],[1 2],,1,0.6,0.7,0.30000000000000004,[0. 0.]
178,0.0,179,1,False,0.0,90.0,2.0,1,0,2,[1. 1.],[1 2],,1,0.6,0.7,0.30000000000000004,[0. 0.]
179,2.0,180,0,False,1.0,90.0,0.0,1,1,0,[0. 1.],[1 2],,1,0.6,0.7,0.30000000000000004,[0. 0.]
180,0.0,181,1,False,0.0,91.0,2.0,1,0,2,[0. 1.],[1 2],,1,0.6,0.7,0.30000000000000004,[0. 0.]
181,2.0,182,0,False,1.0,91.0,0.0,1,1,0,[0. 0.],[1 2],,1,0.6,0.7,0.30000000000000004,[0. 0.]
182,0.0,183,1,False,0.0,92.0,2.0,1,0,2,[0. 0.],[1 2],,1,0.6,0.7,0.30000000000000004,[0. 0.]
183,2.0,184,0,False,0.0,92.0,0.0,1,1,0,[1. 0.],[1 2],0.0,1,0.6,0.7,0.30000000000000004,[0. 0.]
184,0.0,185,1,False,0.0,93.0,1.0,1,0,2,[1. 0.],[1 2],0.0,1,0.6,0.7,0.30000000000000004,[0. 0.]
185,1.0,186,0,False,0.0,93.0,0.0,1,1,0,[0. 0.],[1 2],0.0,1,0.6,0.7,0.30000000000000004,[0. 0.]
186,0.0,187,1,False,0.0,94.0,1.0,1,0,2,[0. 0.],[1 2],0.0,1,0.6,0.7,0.30000000000000004,[0. 0.]
187,1.0,188,0,False,0.0,94.0,0.0,1,1,0,[0. 1.],[1 2],1.0,1,0.6,0.7,0.30000000000000004,[0. 0.]
188,0.0,189,1,False,0.0,95.0,2.0,1,0,1,[0. 1.],[1 2],1.0,1,0.6,0.7,0.30000000000000004,[0. 0.]
189,2.0,190,0,False,0.0,95.0,0.0,1,1,0,[0. 0.],[1 2],0.0,1,0.6,0.7,0.30000000000000004,[0. 0.]
190,0.0,191,1,False,0.0,96.0,1.0,1,0,1,[0. 0.],[1 2],0.0,1,0.6,0.7,0.30000000000000004,[0. 0.]
191,1.0,192,0,False,0.0,96.0,0.0,1,1,0,[0. 1.],[1 2],,1,0.6,0.7,0.30000000000000004,[0. 0.]
192,0.0,193,1,False,0.0,97.0,2.0,1,0,2,[0. 1.],[1 2],,1,0.6,0.7,0.30000000000000004,[0. 0.]
193,2.0,194,0,False,1.0,97.0,0.0,1,1,0,[1. 0.],[1 2],1.0,1,0.6,0.7,0.30000000000000004,[0. 0.]
194,0.0,195,1,False,0.0,98.0,2.0,1,0,2,[1. 0.],[1 2],1.0,1,0.6,0.7,0.30000000000000004,[0. 0.]
195,2.0,196,0,False,0.0,98.0,0.0,1,1,0,[0. 1.],[1 2],0.0,1,0.6,0.7,0.30000000000000004,[0. 0.]
196,0.0,197,1,False,0.0,99.0,1.0,1,0,2,[0. 1.],[1 2],0.0,1,0.6,0.7,0.30000000000000004,[0. 0.]
197,1.0,198,0,False,1.0,99.0,0.0,1,1,0,[1. 1.],[1 2],0.0,1,0.6,0.7,0.30000000000000004,[0. 0.]
198,0.0,199,1,False,0.0,100.0,1.0,1,0,2,[1. 1.],[1 2],0.0,1,0.6,0.7,0.30000000000000004,[0. 0.]
199,1.0,200,0,False,1.0,100.0,0.0,1,1,0,[1. 1.],[1 2],,1,0.6,0.7,0.30000000000000004,[0. 0.]
200,0.0,201,1,False,0.0,101.0,2.0,1,0,2,[1. 1.],[1 2],,1,0.6,0.7,0.30000000000000004,[0. 0.]
201,2.0,202,0,False,1.0,101.0,0.0,1,1,0,[0. 1.],[1 2],0.0,1,0.6,0.7,0.30000000000000004,[0. 0.]
202,0.0,203,1,False,0.0,102.0,1.0,1,0,2,[0. 1.],[1 2],0.0,1,0.6,0.7,0.30000000000000004,[0. 0.]
203,1.0,204,0,False,1.0,102.0,0.0,1,1,0,[0. 0.],[1 2],,1,0.6,0.7,0.30000000000000004,[0. 0.]
204,0.0,205,1,False,0.0,103.0,2.0,1,0,2,[0. 0.],[1 2],,1,0.6,0.7,0.30000000000000004,[0. 0.]
205,2.0,206,0,False,0.0,103.0,0.0,1,1,0,[0. 1.],[1 2],1.0,1,0.6,0.7,0.30000000000000004,[0. 0.]
206,0.0,207,1,False,0.0,104.0,2.0,1,0,2,[0. 1.],[1 2],1.0,1,0.6,0.7,0.30000000000000004,[0. 0.]
207,2.0,208,0,False,1.0,104.0,0.0,1,1,0,[0. 0.],[1 2],1.0,1,0.6,0.7,0.30000000000000004,[0. 0.]
208,0.0,209,1,False,0.0,105.0,2.0,1,0,2,[0. 0.],[1 2],1.0,1,0.6,0.7,0.30000000000000004,[0. 0.]
209,2.0,210,0,False,0.0,105.0,0.0,1,1,0,[0. 0.],[1 2],1.0,1,0.6,0.7,0.30000000000000004,[0. 0.]
210,0.0,211,1,False,0.0,106.0,2.0,1,0,2,[0. 0.],[1 2],1.0,1,0.6,0.7,0.30000000000000004,[0. 0.]
211,2.0,212,0,False,0.0,106.0,0.0,1,1,0,[0. 0.],[1 2],1.0,1,0.6,0.7,0.30000000000000004,[0. 0.]
212,0.0,213,1,False,0.0,107.0,2.0,1,0,2,[0. 0.],[1 2],1.0,1,0.6,0.7,0.30000000000000004,[0. 0.]
213,2.0,214,0,False,0.0,107.0,0.0,1,1,0,[0. 0.],[1 2],,1,0.6,0.7,0.30000000000000004,[0. 0.]
214,0.0,215,1,False,0.0,108.0,2.0,1,0,2,[0. 0.],[1 2],,1,0.6,0.7,0.30000000000000004,[0. 0.]
215,2.0,216,0,False,0.0,108.0,0.0,1,1,0,[0. 1.],[1 2],0.0,1,0.6,0.7,0.30000000000000004,[0. 0.]
216,0.0,217,1,False,0.0,109.0,1.0,1,0,2,[0. 1.],[1 2],0.0,1,0.6,0.7,0.30000000000000004,[0. 0.]
217,1.0,218,0,False,1.0,109.0,0.0,1,1,0,[0. 1.],[1 2],0.0,1,0.6,0.7,0.30000000000000004,[0. 0.]
218,0.0,219,1,False,0.0,110.0,1.0,1,0,2,[0. 1.],[1 2],0.0,1,0.6,0.7,0.30000000000000004,[0. 0.]
219,1.0,220,0,False,1.0,110.0,0.0,1,1,0,[0. 0.],[1 2],0.0,1,0.6,0.7,0.30000000000000004,[0. 0.]
220,0.0,221,1,False,0.0,111.0,1.0,1,0,2,[0. 0.],[1 2],0.0,1,0.6,0.7,0.30000000000000004,[0. 0.]
221,1.0,222,0,False,0.0,111.0,0.0,1,1,0,[0. 1.],[1 2],,1,0.6,0.7,0.30000000000000004,[0. 0.]
222,0.0,223,1,False,0.0,112.0,2.0,1,0,2,[0. 1.],[1 2],,1,0.6,0.7,0.30000000000000004,[0. 0.]
223,2.0,224,0,False,1.0,112.0,0.0,1,1,0,[0. 1.],[1 2],0.0,1,0.6,0.7,0.30000000000000004,[0. 0.]
224,0.0,225,1,False,0.0,113.0,1.0,1,0,2,[0. 1.],[1 2],0.0,1,0.6,0.7,0.30000000000000004,[0. 0.]
225,1.0,226,0,False,1.0,113.0,0.0,1,1,0,[0. 1.],[1 2],0.0,1,0.6,0.7,0.30000000000000004,[0. 0.]
226,0.0,227,1,False,0.0,114.0,1.0,1,0,2,[0. 1.],[1 2],0.0,1,0.6,0.7,0.30000000000000004,[0. 0.]
227,1.0,228,0,False,1.0,114.0,0.0,1,1,0,[1. 1.],[1 2],1.0,1,0.6,0.7,0.30000000000000004,[0. 0.]
228,0.0,229,1,False,0.0,115.0,2.0,1,0,2,[1. 1.],[1 2],1.0,1,0.6,0.7,0.30000000000000004,[0. 0.]
229,2.0,230,0,False,1.0,115.0,0.0,1,1,0,[0. 1.],[1 2],1.0,1,0.6,0.7,0.30000000000000004,[0. 0.]
230,0.0,231,1,False,0.0,116.0,2.0,1,0,2,[0. 1.],[1 2],1.0,1,0.6,0.7,0.30000000000000004,[0. 0.]
231,2.0,232,0,False,1.0,116.0,0.0,1,1,0,[0. 1.],[1 2],0.0,0,0.6,0.7,0.30000000000000004,[0. 0.]
232,0.0,233,1,False,0.0,117.0,1.0,1,0,2,[0. 1.],[1 2],0.0,0,0.6,0.7,0.30000000000000004,[0. 0.]
233,1.0,234,0,False,1.0,117.0,0.0,1,1,0,[1. 0.],[1 2],0.0,0,0.6,0.7,0.30000000000000004,[0. 0.]
234,0.0,235,1,False,0.0,118.0,1.0,1,0,2,[1. 0.],[1 2],0.0,0,0.6,0.7,0.30000000000000004,[0. 0.]
235,1.0,236,0,False,0.0,118.0,0.0,1,1,0,[1. 1.],[1 2],0.0,0,0.6,0.7,0.30000000000000004,[0. 0.]
236,0.0,237,1,False,0.0,119.0,1.0,1,0,2,[1. 1.],[1 2],0.0,0,0.6,0.7,0.30000000000000004,[0. 0.]
237,1.0,238,0,False,1.0,119.0,0.0,1,1,0,[1. 0.],[1 2],1.0,0,0.6,0.7,0.30000000000000004,[0. 0.]
238,0.0,239,1,False,0.0,120.0,2.0,1,0,2,[1. 0.],[1 2],1.0,0,0.6,0.7,0.30000000000000004,[0. 0.]
239,2.0,240,0,False,0.0,120.0,0.0,1,1,0,[1. 0.],[1 2],,0,0.6,0.7,0.30000000000000004,[0. 0.]
240,0.0,241,1,False,0.0,121.0,2.0,1,0,2,[1. 0.],[1 2],,0,0.6,0.7,0.30000000000000004,[0. 0.]
241,2.0,242,0,False,0.0,121.0,0.0,1,1,0,[1. 1.],[1 2],1.0,0,0.6,0.7,0.30000000000000004,[0. 0.]
242,0.0,243,1,False,0.0,122.0,2.0,1,0,2,[1. 1.],[1 2],1.0,0,0.6,0.7,0.30000000000000004,[0. 0.]
243,2.0,244,0,False,1.0,122.0,0.0,1,1,0,[1. 1.],[1 2],,0,0.6,0.7,0.30000000000000004,[0. 0.]
244,0.0,245,1,False,0.0,123.0,2.0,1,0,2,[1. 1.],[1 2],,0,0.6,0.7,0.30000000000000004,[0. 0.]
245,2.0,246,0,False,1.0,123.0,0.0,1,1,0,[1. 0.],[1 2],,0,0.6,0.7,0.30000000000000004,[0. 0.]
246,0.0,247,1,False,0.0,124.0,2.0,1,0,2,[1. 0.],[1 2],,0,0.6,0.7,0.30000000000000004,[0. 0.]
247,2.0,248,0,False,0.0,124.0,0.0,1,1,0,[1. 0.],[2 1],,0,0.6,0.7,0.30000000000000004,[0. 0.]
248,0.0,249,1,False,0.0,125.0,1.0,1,0,2,[1. 0.],[2 1],,0,0.6,0.7,0.30000000000000004,[0. 0.]
249,1.0,250,0,False,1.0,125.0,0.0,1,1,0,[0. 0.],[2 1],,0,0.6,0.7,0.30000000000000004,[0. 0.]
250,0.0,251,1,False,0.0,126.0,1.0,1,0,2,[0. 0.],[2 1],,0,0.6,0.7,0.30000000000000004,[0. 0.]
251,1.0,252,0,False,0.0,126.0,0.0,1,1,0,[1. 1.],[2 1],1.0,0,0.6,0.7,0.30000000000000004,[0. 0.]
252,0.0,253,1,False,0.0,127.0,2.0,1,0,2,[1. 1.],[2 1],1.0,0,0.6,0.7,0.30000000000000004,[0. 0.]
253,2.0,254,0,False,1.0,127.0,0.0,1,1,0,[1. 0.],[2 1],0.0,0,0.6,0.7,0.30000000000000004,[0. 0.]
254,0.0,255,1,False,0.0,128.0,1.0,1,0,2,[1. 0.],[2 1],0.0,0,0.6,0.7,0.30000000000000004,[0. 0.]
255,1.0,256,0,False,1.0,128.0,0.0,1,1,0,[0. 1.],[2 1],1.0,1,0.6,0.7,0.30000000000000004,[0. 0.]
256,0.0,257,1,False,0.0,129.0,2.0,1,0,2,[0. 1.],[2 1],1.0,1,0.6,0.7,0.30000000000000004,[0. 0.]
257,2.0,258,0,False,0.0,129.0,0.0,1,1,0,[1. 1.],[2 1],1.0,1,0.6,0.7,0.30000000000000004,[0. 0.]
258,0.0,259,1,False,0.0,130.0,2.0,1,0,2,[1. 1.],[2 1],1.0,1,0.6,0.7,0.30000000000000004,[0. 0.]
259,2.0,260,0,False,1.0,130.0,0.0,1,1,0,[0. 0.],[2 1],,1,0.6,0.7,0.30000000000000004,[0. 0.]
260,0.0,261,1,False,0.0,131.0,1.0,1,0,2,[0. 0.],[2 1],,1,0.6,0.7,0.30000000000000004,[0. 0.]
261,1.0,262,0,False,0.0,131.0,0.0,1,1,0,[0. 0.],[2 1],1.0,1,0.6,0.7,0.30000000000000004,[0. 0.]
262,0.0,263,1,False,0.0,132.0,2.0,1,0,2,[0. 0.],[2 1],1.0,1,0.6,0.7,0.30000000000000004,[0. 0.]
263,2.0,264,0,False,0.0,132.0,0.0,1,1,0,[1. 0.],[2 1],,1,0.6,0.7,0.30000000000000004,[0. 0.]
264,0.0,265,1,False,0.0,133.0,1.0,1,0,2,[1. 0.],[2 1],,1,0.6,0.7,0.30000000000000004,[0. 0.]
265,1.0,266,0,False,1.0,133.0,0.0,1,1,0,[1. 1.],[2 1],0.0,1,0.6,0.7,0.30000000000000004,[0. 0.]
266,0.0,267,1,False,0.0,134.0,1.0,1,0,2,[1. 1.],[2 1],0.0,1,0.6,0.7,0.30000000000000004,[0. 0.]
267,1.0,268,0,False,1.0,134.0,0.0,1,1,0,[0. 1.],[2 1],1.0,1,0.6,0.7,0.30000000000000004,[0. 0.]
268,0.0,269,1,False,0.0,135.0,2.0,1,0,2,[0. 1.],[2 1],1.0,1,0.6,0.7,0.30000000000000004,[0. 0.]
269,2.0,270,0,False,0.0,135.0,0.0,1,1,0,[1. 1.],[2 1],,1,0.6,0.7,0.30000000000000004,[0. 0.]
270,0.0,271,1,False,0.0,136.0,1.0,1,0,2,[1. 1.],[2 1],,1,0.6,0.7,0.30000000000000004,[0. 0.]
271,1.0,272,0,False,1.0,136.0,0.0,1,1,0,[1. 0.],[2 1],,1,0.6,0.7,0.30000000000000004,[0. 0.]
272,0.0,273,1,False,0.0,137.0,1.0,1,0,2,[1. 0.],[2 1],,1,0.6,0.7,0.30000000000000004,[0. 0.]
273,1.0,274,0,False,1.0,137.0,0.0,1,1,0,[0. 0.],[2 1],,1,0.6,0.7,0.30000000000000004,[0. 0.]
274,0.0,275,1,False,0.0,138.0,1.0,1,0,2,[0. 0.],[2 1],,1,0.6,0.7,0.30000000000000004,[0. 0.]
275,1.0,276,0,False,0.0,138.0,0.0,1,1,0,[0. 1.],[2 1],,1,0.6,0.7,0.30000000000000004,[0. 0.]
276,0.0,277,1,False,0.0,139.0,1.0,1,0,2,[0. 1.],[2 1],,1,0.6,0.7,0.30000000000000004,[0. 0.]
277,1.0,278,0,False,0.0,139.0,0.0,1,1,0,[0. 0.],[2 1],,1,0.6,0.7,0.30000000000000004,[0. 0.]
278,0.0,279,1,False,0.0,140.0,2.0,1,0,1,[0. 0.],[2 1],,1,0.6,0.7,0.30000000000000004,[0. 0.]
279,2.0,280,0,False,0.0,140.0,0.0,1,1,0,[1. 0.],[2 1],1.0,1,0.6,0.7,0.30000000000000004,[0. 0.]
280,0.0,281,1,False,0.0,141.0,2.0,1,0,1,[1. 0.],[2 1],1.0,1,0.6,0.7,0.30000000000000004,[0. 0.]
281,2.0,282,0,False,0.0,141.0,0.0,1,1,0,[1. 0.],[2 1],,1,0.6,0.7,0.30000000000000004,[0. 0.]
282,0.0,283,1,False,0.0,142.0,2.0,1,0,1,[1. 0.],[2 1],,1,0.6,0.7,0.30000000000000004,[0. 0.]
283,2.0,284,0,False,0.0,142.0,0.0,1,1,0,[1. 0.],[2 1],,1,0.6,0.7,0.30000000000000004,[0. 0.]
284,0.0,285,1,False,0.0,143.0,2.0,1,0,1,[1. 0.],[2 1],,1,0.6,0.7,0.30000000000000004,[0. 0.]
285,2.0,286,0,False,0.0,143.0,0.0,1,1,0,[1. 0.],[2 1],,1,0.6,0.7,0.30000000000000004,[0. 0.]
286,0.0,287,1,False,0.0,144.0,1.0,1,0,2,[1. 0.],[2 1],,1,0.6,0.7,0.30000000000000004,[0. 0.]
287,1.0,288,0,False,1.0,144.0,0.0,1,1,0,[0. 1.],[2 1],0.0,1,0.6,0.7,0.30000000000000004,[0. 0.]
288,0.0,289,1,False,0.0,145.0,1.0,1,0,2,[0. 1.],[2 1],0.0,1,0.6,0.7,0.30000000000000004,[0. 0.]
289,1.0,290,0,False,0.0,145.0,0.0,1,1,0,[0. 0.],[2 1],1.0,1,0.6,0.7,0.30000000000000004,[0. 0.]
290,0.0,291,1,False,0.0,146.0,2.0,1,0,2,[0. 0.],[2 1],1.0,1,0.6,0.7,0.30000000000000004,[0. 0.]
291,2.0,292,0,False,0.0,146.0,0.0,1,1,0,[0. 1.],[2 1],,1,0.6,0.7,0.30000000000000004,[0. 0.]
292,0.0,293,1,False,0.0,147.0,2.0,1,0,1,[0. 1.],[2 1],,1,0.6,0.7,0.30000000000000004,[0. 0.]
293,2.0,294,0,False,1.0,147.0,0.0,1,1,0,[0. 1.],[2 1],,1,0.6,0.7,0.30000000000000004,[0. 0.]
294,0.0,295,1,False,0.0,148.0,2.0,1,0,1,[0. 1.],[2 1],,1,0.6,0.7,0.30000000000000004,[0. 0.]
295,2.0,296,0,False,1.0,148.0,0.0,1,1,0,[0. 1.],[2 1],,1,0.6,0.7,0.30000000000000004,[0. 0.]
296,0.0,297,1,False,0.0,149.0,2.0,1,0,1,[0. 1.],[2 1],,1,0.6,0.7,0.30000000000000004,[0. 0.]
297,2.0,298,0,False,1.0,149.0,0.0,1,1,0,[1. 1.],[2 1],,1,0.6,0.7,0.30000000000000004,[0. 0.]
298,0.0,299,1,False,0.0,150.0,2.0,1,0,1,[1. 1.],[2 1],,1,0.6,0.7,0.30000000000000004,[0. 0.]
299,2.0,300,0,False,1.0,150.0,0.0,1,1,0,[0. 1.],[2 1],1.0,1,0.6,0.7,0.30000000000000004,[0. 0.]
300,0.0,301,1,False,0.0,151.0,2.0,1,0,1,[0. 1.],[2 1],1.0,1,0.6,0.7,0.30000000000000004,[0. 0.]
301,2.0,302,0,False,1.0,151.0,0.0,1,1,0,[0. 0.],[2 1],1.0,1,0.6,0.7,0.30000000000000004,[0. 0.]
302,0.0,303,1,False,0.0,152.0,2.0,1,0,1,[0. 0.],[2 1],1.0,1,0.6,0.7,0.30000000000000004,[0. 0.]
303,2.0,304,0,False,0.0,152.0,0.0,1,1,0,[0. 1.],[2 1],1.0,1,0.6,0.7,0.30000000000000004,[0. 0.]
304,0.0,305,1,False,0.0,153.0,2.0,1,0,1,[0. 1.],[2 1],1.0,1,0.6,0.7,0.30000000000000004,[0. 0.]
305,2.0,306,0,False,1.0,153.0,0.0,1,1,0,[1. 0.],[2 1],,1,0.6,0.7,0.30000000000000004,[0. 0.]
306,0.0,307,1,False,0.0,154.0,2.0,1,0,1,[1. 0.],[2 1],,1,0.6,0.7,0.30000000000000004,[0. 0.]
307,2.0,308,0,False,0.0,154.0,0.0,1,1,0,[1. 1.],[2 1],,1,0.6,0.7,0.30000000000000004,[0. 0.]
308,0.0,309,1,False,0.0,155.0,2.0,1,0,1,[1. 1.],[2 1],,1,0.6,0.7,0.30000000000000004,[0. 0.]
309,2.0,310,0,False,1.0,155.0,0.0,1,1,0,[0. 0.],[2 1],,1,0.6,0.7,0.30000000000000004,[0. 0.]
310,0.0,311,1,False,0.0,156.0,2.0,1,0,1,[0. 0.],[2 1],,1,0.6,0.7,0.30000000000000004,[0. 0.]
311,2.0,312,0,False,0.0,156.0,0.0,1,1,0,[0. 0.],[2 1],,1,0.6,0.7,0.30000000000000004,[0. 0.]
312,0.0,313,1,False,0.0,157.0,2.0,1,0,1,[0. 0.],[2 1],,1,0.6,0.7,0.30000000000000004,[0. 0.]
313,2.0,314,0,False,0.0,157.0,0.0,1,1,0,[0. 1.],[2 1],1.0,1,0.6,0.7,0.30000000000000004,[0. 0.]
314,0.0,315,1,False,0.0,158.0,2.0,1,0,1,[0. 1.],[2 1],1.0,1,0.6,0.7,0.30000000000000004,[0. 0.]
315,2.0,316,0,False,1.0,158.0,0.0,1,1,0,[0. 1.],[2 1],1.0,1,0.6,0.7,0.30000000000000004,[0. 0.]
316,0.0,317,1,False,0.0,159.0,2.0,1,0,1,[0. 1.],[2 1],1.0,1,0.6,0.7,0.30000000000000004,[0. 0.]
317,2.0,318,0,False,1.0,159.0,0.0,1,1,0,[0. 1.],[2 1],1.0,1,0.6,0.7,0.30000000000000004,[0. 0.]
318,0.0,319,1,False,0.0,160.0,2.0,1,0,1,[0. 1.],[2 1],1.0,1,0.6,0.7,0.30000000000000004,[0. 0.]
319,2.0,320,0,False,1.0,160.0,0.0,1,1,0,[1. 1.],[2 1],0.0,1,0.6,0.7,0.30000000000000004,[0. 0.]
320,0.0,321,1,False,0.0,161.0,1.0,1,0,1,[1. 1.],[2 1],0.0,1,0.6,0.7,0.30000000000000004,[0. 0.]
321,1.0,322,0,False,1.0,161.0,0.0,1,1,0,[0. 1.],[2 1],1.0,1,0.6,0.7,0.30000000000000004,[0. 0.]
322,0.0,323,1,False,0.0,162.0,2.0,1,0,1,[0. 1.],[2 1],1.0,1,0.6,0.7,0.30000000000000004,[0. 0.]
323,2.0,324,0,False,1.0,162.0,0.0,1,1,0,[1. 0.],[2 1],0.0,1,0.6,0.7,0.30000000000000004,[0. 0.]
324,0.0,325,1,False,0.0,163.0,1.0,1,0,1,[1. 0.],[2 1],0.0,1,0.6,0.7,0.30000000000000004,[0. 0.]
325,1.0,326,0,False,0.0,163.0,0.0,1,1,0,[0. 1.],[2 1],0.0,1,0.6,0.7,0.30000000000000004,[0. 0.]
326,0.0,327,1,False,0.0,164.0,1.0,1,0,1,[0. 1.],[2 1],0.0,1,0.6,0.7,0.30000000000000004,[0. 0.]
327,1.0,328,0,False,1.0,164.0,0.0,1,1,0,[0. 0.],[2 1],,1,0.6,0.7,0.30000000000000004,[0. 0.]
328,0.0,329,1,False,0.0,165.0,2.0,1,0,1,[0. 0.],[2 1],,1,0.6,0.7,0.30000000000000004,[0. 0.]
329,2.0,330,0,False,0.0,165.0,0.0,1,1,0,[1. 1.],[2 1],,1,0.6,0.7,0.30000000000000004,[0. 0.]
330,0.0,331,1,False,0.0,166.0,2.0,1,0,1,[1. 1.],[2 1],,1,0.6,0.7,0.30000000000000004,[0. 0.]
331,2.0,332,0,False,1.0,166.0,0.0,1,1,0,[1. 1.],[2 1],1.0,1,0.6,0.7,0.30000000000000004,[0. 0.]
332,0.0,333,1,False,0.0,167.0,2.0,1,0,1,[1. 1.],[2 1],1.0,1,0.6,0.7,0.30000000000000004,[0. 0.]
333,2.0,334,0,False,1.0,167.0,0.0,1,1,0,[0. 1.],[2 1],0.0,1,0.6,0.7,0.30000000000000004,[0. 0.]
334,0.0,335,1,False,0.0,168.0,1.0,1,0,1,[0. 1.],[2 1],0.0,1,0.6,0.7,0.30000000000000004,[0. 0.]
335,1.0,336,0,False,1.0,168.0,0.0,1,1,0,[1. 1.],[2 1],1.0,1,0.6,0.7,0.30000000000000004,[0. 0.]
336,0.0,337,1,False,0.0,169.0,2.0,1,0,1,[1. 1.],[2 1],1.0,1,0.6,0.7,0.30000000000000004,[0. 0.]
337,2.0,338,0,False,1.0,169.0,0.0,1,1,0,[1. 1.],[1 2],,1,0.6,0.7,0.30000000000000004,[0. 0.]
338,0.0,339,1,False,0.0,170.0,1.0,1,0,1,[1. 1.],[1 2],,1,0.6,0.7,0.30000000000000004,[0. 0.]
339,1.0,340,0,False,1.0,170.0,0.0,1,1,0,[0. 1.],[1 2],1.0,1,0.6,0.7,0.30000000000000004,[0. 0.]
340,0.0,341,1,False,0.0,171.0,2.0,1,0,1,[0. 1.],[1 2],1.0,1,0.6,0.7,0.30000000000000004,[0. 0.]
341,2.0,342,0,False,0.0,171.0,0.0,1,1,0,[0. 1.],[1 2],,1,0.6,0.7,0.30000000000000004,[0. 0.]
342,0.0,343,1,False,0.0,172.0,1.0,1,0,1,[0. 1.],[1 2],,1,0.6,0.7,0.30000000000000004,[0. 0.]
343,1.0,344,0,False,0.0,172.0,0.0,1,1,0,[0. 1.],[1 2],0.0,1,0.6,0.7,0.30000000000000004,[0. 0.]
344,0.0,345,1,False,0.0,173.0,1.0,1,0,1,[0. 1.],[1 2],0.0,1,0.6,0.7,0.30000000000000004,[0. 0.]
345,1.0,346,0,False,0.0,173.0,0.0,1,1,0,[1. 0.],[1 2],,1,0.6,0.7,0.30000000000000004,[0. 0.]
346,0.0,347,1,False,0.0,174.0,2.0,1,0,2,[1. 0.],[1 2],,1,0.6,0.7,0.30000000000000004,[0. 0.]
347,2.0,348,0,False,0.0,174.0,0.0,1,1,0,[0. 1.],[1 2],1.0,1,0.6,0.7,0.30000000000000004,[0. 0.]
348,0.0,349,1,False,0.0,175.0,2.0,1,0,1,[0. 1.],[1 2],1.0,1,0.6,0.7,0.30000000000000004,[0. 0.]
349,2.0,350,0,False,0.0,175.0,0.0,1,1,0,[1. 1.],[1 2],1.0,1,0.6,0.7,0.30000000000000004,[0. 0.]
350,0.0,351,1,False,0.0,176.0,2.0,1,0,1,[1. 1.],[1 2],1.0,1,0.6,0.7,0.30000000000000004,[0. 0.]
351,2.0,352,0,False,1.0,176.0,0.0,1,1,0,[1. 1.],[1 2],0.0,1,0.6,0.7,0.30000000000000004,[0. 0.]
352,0.0,353,1,False,0.0,177.0,1.0,1,0,1,[1. 1.],[1 2],0.0,1,0.6,0.7,0.30000000000000004,[0. 0.]
353,1.0,354,0,False,1.0,177.0,0.0,1,1,0,[1. 1.],[1 2],1.0,1,0.6,0.7,0.30000000000000004,[0. 0.]
354,0.0,355,1,False,0.0,178.0,2.0,1,0,1,[1. 1.],[1 2],1.0,1,0.6,0.7,0.30000000000000004,[0. 0.]
355,2.0,356,0,False,1.0,178.0,0.0,1,1,0,[0. 0.],[1 2],,1,0.6,0.7,0.30000000000000004,[0. 0.]
356,0.0,357,1,False,0.0,179.0,1.0,1,0,1,[0. 0.],[1 2],,1,0.6,0.7,0.30000000000000004,[0. 0.]
357,1.0,358,0,False,0.0,179.0,0.0,1,1,0,[1. 0.],[1 2],,1,0.6,0.7,0.30000000000000004,[0. 0.]
358,0.0,359,1,False,0.0,180.0,1.0,1,0,1,[1. 0.],[1 2],,1,0.6,0.7,0.30000000000000004,[0. 0.]
359,1.0,360,0,False,1.0,180.0,0.0,1,1,0,[0. 0.],[1 2],,1,0.6,0.7,0.30000000000000004,[0. 0.]
360,0.0,361,1,False,0.0,181.0,1.0,1,0,1,[0. 0.],[1 2],,1,0.6,0.7,0.30000000000000004,[0. 0.]
361,1.0,362,0,False,0.0,181.0,0.0,1,1,0,[1. 0.],[1 2],1.0,1,0.6,0.7,0.30000000000000004,[0. 0.]
362,0.0,363,1,False,0.0,182.0,2.0,1,0,1,[1. 0.],[1 2],1.0,1,0.6,0.7,0.30000000000000004,[0. 0.]
363,2.0,364,0,False,1.0,182.0,0.0,1,1,0,[1. 1.],[1 2],,1,0.6,0.7,0.30000000000000004,[0. 0.]
364,0.0,365,1,False,0.0,183.0,1.0,1,0,1,[1. 1.],[1 2],,1,0.6,0.7,0.30000000000000004,[0. 0.]
365,1.0,366,0,False,1.0,183.0,0.0,1,1,0,[1. 1.],[1 2],,1,0.6,0.7,0.30000000000000004,[0. 0.]
366,0.0,367,1,False,0.0,184.0,1.0,1,0,1,[1. 1.],[1 2],,1,0.6,0.7,0.30000000000000004,[0. 0.]
367,1.0,368,0,False,1.0,184.0,0.0,1,1,0,[0. 1.],[1 2],,1,0.6,0.7,0.30000000000000004,[0. 0.]
368,0.0,369,1,False,0.0,185.0,1.0,1,0,1,[0. 1.],[1 2],,1,0.6,0.7,0.30000000000000004,[0. 0.]
369,1.0,370,0,False,0.0,185.0,0.0,1,1,0,[0. 1.],[1 2],1.0,1,0.6,0.7,0.30000000000000004,[0. 0.]
370,0.0,371,1,False,0.0,186.0,2.0,1,0,1,[0. 1.],[1 2],1.0,1,0.6,0.7,0.30000000000000004,[0. 0.]
371,2.0,372,0,False,0.0,186.0,0.0,1,1,0,[0. 0.],[1 2],,1,0.6,0.7,0.30000000000000004,[0. 0.]
372,0.0,373,1,False,0.0,187.0,1.0,1,0,1,[0. 0.],[1 2],,1,0.6,0.7,0.30000000000000004,[0. 0.]
373,1.0,374,0,False,0.0,187.0,0.0,1,1,0,[0. 1.],[1 2],,1,0.6,0.7,0.30000000000000004,[0. 0.]
374,0.0,375,1,False,0.0,188.0,2.0,1,0,2,[0. 1.],[1 2],,1,0.6,0.7,0.30000000000000004,[0. 0.]
375,2.0,376,0,False,1.0,188.0,0.0,1,1,0,[0. 1.],[1 2],,1,0.6,0.7,0.30000000000000004,[0. 0.]
376,0.0,377,1,False,0.0,189.0,2.0,1,0,2,[0. 1.],[1 2],,1,0.6,0.7,0.30000000000000004,[0. 0.]
377,2.0,378,0,False,1.0,189.0,0.0,1,1,0,[0. 1.],[1 2],,1,0.6,0.7,0.30000000000000004,[0. 0.]
378,0.0,379,1,False,0.0,190.0,2.0,1,0,2,[0. 1.],[1 2],,1,0.6,0.7,0.30000000000000004,[0. 0.]
379,2.0,380,0,False,1.0,190.0,0.0,1,1,0,[0. 0.],[1 2],0.0,1,0.6,0.7,0.30000000000000004,[0. 0.]
380,0.0,381,1,False,0.0,191.0,1.0,1,0,2,[0. 0.],[1 2],0.0,1,0.6,0.7,0.30000000000000004,[0. 0.]
381,1.0,382,0,False,0.0,191.0,0.0,1,1,0,[0. 1.],[1 2],,1,0.6,0.7,0.30000000000000004,[0. 0.]
382,0.0,383,1,False,0.0,192.0,2.0,1,0,2,[0. 1.],[1 2],,1,0.6,0.7,0.30000000000000004,[0. 0.]
383,2.0,384,0,False,1.0,192.0,0.0,1,1,0,[0. 0.],[1 2],,1,0.6,0.7,0.30000000000000004,[0. 0.]
384,0.0,385,1,False,0.0,193.0,2.0,1,0,2,[0. 0.],[1 2],,1,0.6,0.7,0.30000000000000004,[0. 0.]
385,2.0,386,0,False,0.0,193.0,0.0,1,1,0,[1. 1.],[1 2],0.0,1,0.6,0.7,0.30000000000000004,[0. 0.]
386,0.0,387,1,False,0.0,194.0,1.0,1,0,2,[1. 1.],[1 2],0.0,1,0.6,0.7,0.30000000000000004,[0. 0.]
387,1.0,388,0,False,1.0,194.0,0.0,1,1,0,[0. 0.],[1 2],0.0,1,0.6,0.7,0.30000000000000004,[0. 0.]
388,0.0,389,1,False,0.0,195.0,1.0,1,0,2,[0. 0.],[1 2],0.0,1,0.6,0.7,0.30000000000000004,[0. 0.]
389,1.0,390,0,False,0.0,195.0,0.0,1,1,0,[0. 1.],[1 2],,1,0.6,0.7,0.30000000000000004,[0. 0.]
390,0.0,391,1,False,0.0,196.0,2.0,1,0,2,[0. 1.],[1 2],,1,0.6,0.7,0.30000000000000004,[0. 0.]
391,2.0,392,0,False,1.0,196.0,0.0,1,1,0,[0. 1.],[1 2],1.0,1,0.6,0.7,0.30000000000000004,[0. 0.]
392,0.0,393,1,False,0.0,197.0,2.0,1,0,2,[0. 1.],[1 2],1.0,1,0.6,0.7,0.30000000000000004,[0. 0.]
393,2.0,394,0,False,1.0,197.0,0.0,1,1,0,[0. 1.],[1 2],1.0,1,0.6,0.7,0.30000000000000004,[0. 0.]
394,0.0,395,1,False,0.0,198.0,2.0,1,0,2,[0. 1.],[1 2],1.0,1,0.6,0.7,0.30000000000000004,[0. 0.]
395,2.0,396,0,False,1.0,198.0,0.0,1,1,0,[0. 1.],[1 2],,1,0.6,0.7,0.30000000000000004,[0. 0.]
396,0.0,397,1,False,0.0,199.0,2.0,1,0,2,[0. 1.],[1 2],,1,0.6,0.7,0.30000000000000004,[0. 0.]
397,2.0,398,0,False,1.0,199.0,0.0,1,1,0,[0. 0.],[1 2],,1,0.6,0.7,0.30000000000000004,[0. 0.]
398,0.0,399,1,False,0.0,200.0,2.0,1,0,2,[0. 0.],[1 2],,1,0.6,0.7,0.30000000000000004,[0. 0.]
399,2.0,400,0,False,0.0,200.0,0.0,1,1,0,[0. 0.],[1 2],0.0,1,0.6,0.7,0.30000000000000004,[0. 0.]
400,0.0,401,1,False,0.0,201.0,1.0,1,0,2,[0. 0.],[1 2],0.0,1,0.6,0.7,0.30000000000000004,[0. 0.]
401,1.0,402,0,False,0.0,201.0,0.0,1,1,0,[1. 1.],[1 2],1.0,1,0.6,0.7,0.30000000000000004,[0. 0.]
402,0.0,403,1,False,0.0,202.0,2.0,1,0,2,[1. 1.],[1 2],1.0,1,0.6,0.7,0.30000000000000004,[0. 0.]
403,2.0,404,0,False,1.0,202.0,0.0,1,1,0,[1. 1.],[1 2],0.0,1,0.6,0.7,0.30000000000000004,[0. 0.]
404,0.0,405,1,False,0.0,203.0,1.0,1,0,2,[1. 1.],[1 2],0.0,1,0.6,0.7,0.30000000000000004,[0. 0.]
405,1.0,406,0,False,1.0,203.0,0.0,1,1,0,[0. 1.],[1 2],0.0,1,0.6,0.7,0.30000000000000004,[0. 0.]
406,0.0,407,1,False,0.0,204.0,1.0,1,0,2,[0. 1.],[1 2],0.0,1,0.6,0.7,0.30000000000000004,[0. 0.]
407,1.0,408,0,False,1.0,204.0,0.0,1,1,0,[0. 0.],[1 2],,1,0.6,0.7,0.30000000000000004,[0. 0.]
408,0.0,409,1,False,0.0,205.0,2.0,1,0,2,[0. 0.],[1 2],,1,0.6,0.7,0.30000000000000004,[0. 0.]
409,2.0,410,0,False,0.0,205.0,0.0,1,1,0,[0. 1.],[1 2],,1,0.6,0.7,0.30000000000000004,[0. 0.]
410,0.0,411,1,False,0.0,206.0,2.0,1,0,2,[0. 1.],[1 2],,1,0.6,0.7,0.30000000000000004,[0. 0.]
411,2.0,412,0,False,1.0,206.0,0.0,1,1,0,[0. 0.],[2 1],0.0,1,0.6,0.7,0.30000000000000004,[0. 0.]
412,0.0,413,1,False,0.0,207.0,1.0,1,0,2,[0. 0.],[2 1],0.0,1,0.6,0.7,0.30000000000000004,[0. 0.]
413,1.0,414,0,False,0.0,207.0,0.0,1,1,0,[0. 0.],[2 1],,1,0.6,0.7,0.30000000000000004,[0. 0.]
414,0.0,415,1,False,0.0,208.0,1.0,1,0,2,[0. 0.],[2 1],,1,0.6,0.7,0.30000000000000004,[0. 0.]
415,1.0,416,0,False,0.0,208.0,0.0,1,1,0,[0. 0.],[2 1],,1,0.6,0.7,0.30000000000000004,[0. 0.]
416,0.0,417,1,False,0.0,209.0,2.0,1,0,1,[0. 0.],[2 1],,1,0.6,0.7,0.30000000000000004,[0. 0.]
417,2.0,418,0,False,0.0,209.0,0.0,1,1,0,[0. 1.],[2 1],0.0,1,0.6,0.7,0.30000000000000004,[0. 0.]
418,0.0,419,1,False,0.0,210.0,1.0,1,0,1,[0. 1.],[2 1],0.0,1,0.6,0.7,0.30000000000000004,[0. 0.]
419,1.0,420,0,False,1.0,210.0,0.0,1,1,0,[0. 0.],[2 1],1.0,1,0.6,0.7,0.30000000000000004,[0. 0.]
420,0.0,421,1,False,0.0,211.0,2.0,1,0,1,[0. 0.],[2 1],1.0,1,0.6,0.7,0.30000000000000004,[0. 0.]
421,2.0,422,0,False,0.0,211.0,0.0,1,1,0,[0. 1.],[2 1],1.0,1,0.6,0.7,0.30000000000000004,[0. 0.]
422,0.0,423,1,False,0.0,212.0,2.0,1,0,1,[0. 1.],[2 1],1.0,1,0.6,0.7,0.30000000000000004,[0. 0.]
423,2.0,424,0,False,1.0,212.0,0.0,1,1,0,[0. 1.],[2 1],0.0,1,0.6,0.7,0.30000000000000004,[0. 0.]
424,0.0,425,1,False,0.0,213.0,1.0,1,0,1,[0. 1.],[2 1],0.0,1,0.6,0.7,0.30000000000000004,[0. 0.]
425,1.0,426,0,False,1.0,213.0,0.0,1,1,0,[0. 0.],[2 1],0.0,1,0.6,0.7,0.30000000000000004,[0. 0.]
426,0.0,427,1,False,0.0,214.0,1.0,1,0,1,[0. 0.],[2 1],0.0,1,0.6,0.7,0.30000000000000004,[0. 0.]
427,1.0,428,0,False,0.0,214.0,0.0,1,1,0,[0. 1.],[2 1],0.0,1,0.6,0.7,0.30000000000000004,[0. 0.]
428,0.0,429,1,False,0.0,215.0,1.0,1,0,1,[0. 1.],[2 1],0.0,1,0.6,0.7,0.30000000000000004,[0. 0.]
429,1.0,430,0,False,1.0,215.0,0.0,1,1,0,[1. 1.],[2 1],,1,0.6,0.7,0.30000000000000004,[0. 0.]
430,0.0,431,1,False,0.0,216.0,2.0,1,0,1,[1. 1.],[2 1],,1,0.6,0.7,0.30000000000000004,[0. 0.]
431,2.0,432,0,False,1.0,216.0,0.0,1,1,0,[0. 0.],[2 1],0.0,1,0.6,0.7,0.30000000000000004,[0. 0.]
432,0.0,433,1,False,0.0,217.0,1.0,1,0,1,[0. 0.],[2 1],0.0,1,0.6,0.7,0.30000000000000004,[0. 0.]
433,1.0,434,0,False,0.0,217.0,0.0,1,1,0,[0. 1.],[2 1],,1,0.6,0.7,0.30000000000000004,[0. 0.]
434,0.0,435,1,False,0.0,218.0,2.0,1,0,1,[0. 1.],[2 1],,1,0.6,0.7,0.30000000000000004,[0. 0.]
435,2.0,436,0,False,1.0,218.0,0.0,1,1,0,[0. 1.],[2 1],0.0,1,0.6,0.7,0.30000000000000004,[0. 0.]
436,0.0,437,1,False,0.0,219.0,1.0,1,0,1,[0. 1.],[2 1],0.0,1,0.6,0.7,0.30000000000000004,[0. 0.]
437,1.0,438,0,False,1.0,219.0,0.0,1,1,0,[0. 1.],[2 1],,1,0.6,0.7,0.30000000000000004,[0. 0.]
438,0.0,439,1,False,0.0,220.0,2.0,1,0,1,[0. 1.],[2 1],,1,0.6,0.7,0.30000000000000004,[0. 0.]
439,2.0,440,0,False,1.0,220.0,0.0,1,1,0,[0. 1.],[2 1],1.0,1,0.6,0.7,0.30000000000000004,[0. 0.]
440,0.0,441,1,False,0.0,221.0,2.0,1,0,1,[0. 1.],[2 1],1.0,1,0.6,0.7,0.30000000000000004,[0. 0.]
441,2.0,442,0,False,1.0,221.0,0.0,1,1,0,[0. 1.],[2 1],,1,0.6,0.7,0.30000000000000004,[0. 0.]
442,0.0,443,1,False,0.0,222.0,2.0,1,0,1,[0. 1.],[2 1],,1,0.6,0.7,0.30000000000000004,[0. 0.]
443,2.0,444,0,False,1.0,222.0,0.0,1,1,0,[0. 1.],[2 1],0.0,1,0.6,0.7,0.30000000000000004,[0. 0.]
444,0.0,445,1,False,0.0,223.0,1.0,1,0,1,[0. 1.],[2 1],0.0,1,0.6,0.7,0.30000000000000004,[0. 0.]
445,1.0,446,0,False,1.0,223.0,0.0,1,1,0,[0. 1.],[2 1],0.0,1,0.6,0.7,0.30000000000000004,[0. 0.]
446,0.0,447,1,False,0.0,224.0,1.0,1,0,1,[0. 1.],[2 1],0.0,1,0.6,0.7,0.30000000000000004,[0. 0.]
447,1.0,448,0,False,1.0,224.0,0.0,1,1,0,[0. 0.],[2 1],0.0,1,0.6,0.7,0.30000000000000004,[0. 0.]
448,0.0,449,1,False,0.0,225.0,1.0,1,0,1,[0. 0.],[2 1],0.0,1,0.6,0.7,0.30000000000000004,[0. 0.]
449,1.0,450,0,False,0.0,225.0,0.0,1,1,0,[0. 0.],[2 1],0.0,1,0.6,0.7,0.30000000000000004,[0. 0.]
450,0.0,451,1,False,0.0,226.0,1.0,1,0,1,[0. 0.],[2 1],0.0,1,0.6,0.7,0.30000000000000004,[0. 0.]
451,1.0,452,0,False,0.0,226.0,0.0,1,1,0,[0. 1.],[2 1],,1,0.6,0.7,0.30000000000000004,[0. 0.]
452,0.0,453,1,False,0.0,227.0,1.0,1,0,2,[0. 1.],[2 1],,1,0.6,0.7,0.30000000000000004,[0. 0.]
453,1.0,454,0,False,0.0,227.0,0.0,1,1,0,[1. 1.],[2 1],,1,0.6,0.7,0.30000000000000004,[0. 0.]
454,0.0,455,1,False,0.0,228.0,2.0,1,0,1,[1. 1.],[2 1],,1,0.6,0.7,0.30000000000000004,[0. 0.]
455,2.0,456,0,False,1.0,228.0,0.0,1,1,0,[0. 1.],[1 2],0.0,1,0.6,0.7,0.30000000000000004,[0. 0.]
456,0.0,457,1,False,0.0,229.0,1.0,1,0,1,[0. 1.],[1 2],0.0,1,0.6,0.7,0.30000000000000004,[0. 0.]
457,1.0,458,0,False,0.0,229.0,0.0,1,1,0,[0. 1.],[1 2],,1,0.6,0.7,0.30000000000000004,[0. 0.]
458,0.0,459,1,False,0.0,230.0,1.0,1,0,1,[0. 1.],[1 2],,1,0.6,0.7,0.30000000000000004,[0. 0.]
459,1.0,460,0,False,0.0,230.0,0.0,1,1,0,[1. 1.],[1 2],0.0,1,0.6,0.7,0.30000000000000004,[0. 0.]
460,0.0,461,1,False,0.0,231.0,1.0,1,0,2,[1. 1.],[1 2],0.0,1,0.6,0.7,0.30000000000000004,[0. 0.]
461,1.0,462,0,False,1.0,231.0,0.0,1,1,0,[0. 1.],[1 2],0.0,1,0.6,0.7,0.30000000000000004,[0. 0.]
462,0.0,463,1,False,0.0,232.0,1.0,1,0,2,[0. 1.],[1 2],0.0,1,0.6,0.7,0.30000000000000004,[0. 0.]
463,1.0,464,0,False,1.0,232.0,0.0,1,1,0,[0. 1.],[1 2],0.0,1,0.6,0.7,0.30000000000000004,[0. 0.]
464,0.0,465,1,False,0.0,233.0,1.0,1,0,2,[0. 1.],[1 2],0.0,1,0.6,0.7,0.30000000000000004,[0. 0.]
465,1.0,466,0,False,1.0,233.0,0.0,1,1,0,[0. 1.],[1 2],0.0,1,0.6,0.7,0.30000000000000004,[0. 0.]
466,0.0,467,1,False,0.0,234.0,1.0,1,0,2,[0. 1.],[1 2],0.0,1,0.6,0.7,0.30000000000000004,[0. 0.]
467,1.0,468,0,False,1.0,234.0,0.0,1,1,0,[0. 1.],[1 2],1.0,1,0.6,0.7,0.30000000000000004,[0. 0.]
468,0.0,469,1,False,0.0,235.0,2.0,1,0,2,[0. 1.],[1 2],1.0,1,0.6,0.7,0.30000000000000004,[0. 0.]
469,2.0,470,0,False,1.0,235.0,0.0,1,1,0,[0. 0.],[1 2],,0,0.6,0.7,0.30000000000000004,[0. 0.]
470,0.0,471,1,False,0.0,236.0,2.0,1,0,2,[0. 0.],[1 2],,0,0.6,0.7,0.30000000000000004,[0. 0.]
471,2.0,472,0,False,0.0,236.0,0.0,1,1,0,[0. 0.],[1 2],1.0,0,0.6,0.7,0.30000000000000004,[0. 0.]
472,0.0,473,1,False,0.0,237.0,2.0,1,0,2,[0. 0.],[1 2],1.0,0,0.6,0.7,0.30000000000000004,[0. 0.]
473,2.0,474,0,False,0.0,237.0,0.0,1,1,0,[1. 1.],[1 2],,0,0.6,0.7,0.30000000000000004,[0. 0.]
474,0.0,475,1,False,0.0,238.0,2.0,1,0,2,[1. 1.],[1 2],,0,0.6,0.7,0.30000000000000004,[0. 0.]
475,2.0,476,0,False,1.0,238.0,0.0,1,1,0,[0. 0.],[1 2],0.0,0,0.6,0.7,0.30000000000000004,[0. 0.]
476,0.0,477,1,False,0.0,239.0,1.0,1,0,2,[0. 0.],[1 2],0.0,0,0.6,0.7,0.30000000000000004,[0. 0.]
477,1.0,478,0,False,0.0,239.0,0.0,1,1,0,[1. 1.],[1 2],,0,0.6,0.7,0.30000000000000004,[0. 0.]
478,0.0,479,1,False,0.0,240.0,2.0,1,0,2,[1. 1.],[1 2],,0,0.6,0.7,0.30000000000000004,[0. 0.]
479,2.0,480,0,False,1.0,240.0,0.0,1,1,0,[1. 1.],[1 2],,0,0.6,0.7,0.30000000000000004,[0. 0.]
480,0.0,481,1,False,0.0,241.0,2.0,1,0,2,[1. 1.],[1 2],,0,0.6,0.7,0.30000000000000004,[0. 0.]
481,2.0,482,0,False,1.0,241.0,0.0,1,1,0,[1. 0.],[1 2],,0,0.6,0.7,0.30000000000000004,[0. 0.]
482,0.0,483,1,False,0.0,242.0,2.0,1,0,2,[1. 0.],[1 2],,0,0.6,0.7,0.30000000000000004,[0. 0.]
483,2.0,484,0,False,0.0,242.0,0.0,1,1,0,[1. 0.],[1 2],1.0,0,0.6,0.7,0.30000000000000004,[0. 0.]
484,0.0,485,1,False,0.0,243.0,2.0,1,0,2,[1. 0.],[1 2],1.0,0,0.6,0.7,0.30000000000000004,[0. 0.]
485,2.0,486,0,False,0.0,243.0,0.0,1,1,0,[0. 0.],[1 2],0.0,0,0.6,0.7,0.30000000000000004,[0. 0.]
486,0.0,487,1,False,0.0,244.0,1.0,1,0,2,[0. 0.],[1 2],0.0,0,0.6,0.7,0.30000000000000004,[0. 0.]
487,1.0,488,0,False,0.0,244.0,0.0,1,1,0,[1. 0.],[1 2],0.0,0,0.6,0.7,0.30000000000000004,[0. 0.]
488,0.0,489,1,False,0.0,245.0,1.0,1,0,2,[1. 0.],[1 2],0.0,0,0.6,0.7,0.30000000000000004,[0. 0.]
489,1.0,490,0,False,0.0,245.0,0.0,1,1,0,[0. 1.],[1 2],,0,0.6,0.7,0.30000000000000004,[0. 0.]
490,0.0,491,1,False,0.0,246.0,1.0,1,0,1,[0. 1.],[1 2],,0,0.6,0.7,0.30000000000000004,[0. 0.]
491,1.0,492,0,False,0.0,246.0,0.0,1,1,0,[1. 1.],[1 2],1.0,0,0.6,0.7,0.30000000000000004,[0. 0.]
492,0.0,493,1,False,0.0,247.0,2.0,1,0,2,[1. 1.],[1 2],1.0,0,0.6,0.7,0.30000000000000004,[0. 0.]
493,2.0,494,0,False,1.0,247.0,0.0,1,1,0,[1. 0.],[1 2],,0,0.6,0.7,0.30000000000000004,[0. 0.]
494,0.0,495,1,False,0.0,248.0,2.0,1,0,2,[1. 0.],[1 2],,0,0.6,0.7,0.30000000000000004,[0. 0.]
495,2.0,496,0,False,0.0,248.0,0.0,1,1,0,[1. 1.],[1 2],,0,0.6,0.7,0.30000000000000004,[0. 0.]
496,0.0,497,1,False,0.0,249.0,2.0,1,0,2,[1. 1.],[1 2],,0,0.6,0.7,0.30000000000000004,[0. 0.]
497,2.0,498,0,False,1.0,249.0,0.0,1,1,0,[1. 1.],[1 2],0.0,0,0.6,0.7,0.30000000000000004,[0. 0.]
498,0.0,499,1,False,0.0,250.0,1.0,1,0,2,[1. 1.],[1 2],0.0,0,0.6,0.7,0.30000000000000004,[0. 0.]
499,1.0,500,0,False,1.0,250.0,0.0,1,1,0,[1. 0.],[1 2],0.0,0,0.6,0.7,0.30000000000000004,[0. 0.]
500,0.0,501,1,False,0.0,251.0,1.0,1,0,2,[1. 0.],[1 2],0.0,0,0.6,0.7,0.30000000000000004,[0. 0.]
501,1.0,502,0,False,0.0,251.0,0.0,1,1,0,[0. 0.],[1 2],1.0,0,0.6,0.7,0.30000000000000004,[0. 0.]
502,0.0,503,1,False,0.0,252.0,2.0,1,0,2,[0. 0.],[1 2],1.0,0,0.6,0.7,0.30000000000000004,[0. 0.]
503,2.0,504,0,False,0.0,252.0,0.0,1,1,0,[0. 0.],[1 2],1.0,0,0.6,0.7,0.30000000000000004,[0. 0.]
504,0.0,505,1,False,0.0,253.0,2.0,1,0,2,[0. 0.],[1 2],1.0,0,0.6,0.7,0.30000000000000004,[0. 0.]
505,2.0,506,0,False,0.0,253.0,0.0,1,1,0,[1. 1.],[1 2],,0,0.6,0.7,0.30000000000000004,[0. 0.]
506,0.0,507,1,False,0.0,254.0,1.0,1,0,1,[1. 1.],[1 2],,0,0.6,0.7,0.30000000000000004,[0. 0.]
507,1.0,508,0,False,1.0,254.0,0.0,1,1,0,[0. 1.],[1 2],1.0,0,0.6,0.7,0.30000000000000004,[0. 0.]
508,0.0,509,1,False,0.0,255.0,2.0,1,0,1,[0. 1.],[1 2],1.0,0,0.6,0.7,0.30000000000000004,[0. 0.]
509,2.0,510,0,False,0.0,255.0,0.0,1,1,0,[0. 0.],[1 2],1.0,0,0.6,0.7,0.30000000000000004,[0. 0.]
510,0.0,511,1,False,0.0,256.0,2.0,1,0,1,[0. 0.],[1 2],1.0,0,0.6,0.7,0.30000000000000004,[0. 0.]
511,2.0,512,0,False,0.0,256.0,0.0,1,1,0,[1. 0.],[1 2],,0,0.6,0.7,0.30000000000000004,[0. 0.]
512,0.0,513,1,False,0.0,257.0,1.0,1,0,1,[1. 0.],[1 2],,0,0.6,0.7,0.30000000000000004,[0. 0.]
513,1.0,514,0,False,1.0,257.0,0.0,1,1,0,[0. 1.],[1 2],,0,0.6,0.7,0.30000000000000004,[0. 0.]
514,0.0,515,1,False,0.0,258.0,1.0,1,0,1,[0. 1.],[1 2],,0,0.6,0.7,0.30000000000000004,[0. 0.]
515,1.0,516,0,False,0.0,258.0,0.0,1,1,0,[0. 0.],[1 2],1.0,0,0.6,0.7,0.30000000000000004,[0. 0.]
516,0.0,517,1,False,0.0,259.0,2.0,1,0,1,[0. 0.],[1 2],1.0,0,0.6,0.7,0.30000000000000004,[0. 0.]
517,2.0,518,0,False,0.0,259.0,0.0,1,1,0,[1. 0.],[1 2],0.0,0,0.6,0.7,0.30000000000000004,[0. 0.]
518,0.0,519,1,False,0.0,260.0,1.0,1,0,2,[1. 0.],[1 2],0.0,0,0.6,0.7,0.30000000000000004,[0. 0.]
519,1.0,520,0,False,0.0,260.0,0.0,1,1,0,[1. 0.],[2 1],,0,0.6,0.7,0.30000000000000004,[0. 0.]
520,0.0,521,1,False,0.0,261.0,2.0,1,0,1,[1. 0.],[2 1],,0,0.6,0.7,0.30000000000000004,[0. 0.]
521,2.0,522,0,False,0.0,261.0,0.0,1,1,0,[1. 0.],[2 1],0.0,0,0.6,0.7,0.30000000000000004,[0. 0.]
522,0.0,523,1,False,0.0,262.0,1.0,1,0,1,[1. 0.],[2 1],0.0,0,0.6,0.7,0.30000000000000004,[0. 0.]
523,1.0,524,0,False,0.0,262.0,0.0,1,1,0,[1. 0.],[2 1],1.0,0,0.6,0.7,0.30000000000000004,[0. 0.]
524,0.0,525,1,False,0.0,263.0,2.0,1,0,2,[1. 0.],[2 1],1.0,0,0.6,0.7,0.30000000000000004,[0. 0.]
525,2.0,526,0,False,1.0,263.0,0.0,1,1,0,[1. 1.],[2 1],1.0,0,0.6,0.7,0.30000000000000004,[0. 0.]
526,0.0,527,1,False,0.0,264.0,2.0,1,0,2,[1. 1.],[2 1],1.0,0,0.6,0.7,0.30000000000000004,[0. 0.]
527,2.0,528,0,False,1.0,264.0,0.0,1,1,0,[1. 1.],[2 1],1.0,0,0.6,0.7,0.30000000000000004,[0. 0.]
528,0.0,529,1,False,0.0,265.0,2.0,1,0,2,[1. 1.],[2 1],1.0,0,0.6,0.7,0.30000000000000004,[0. 0.]
529,2.0,530,0,False,1.0,265.0,0.0,1,1,0,[1. 1.],[2 1],0.0,0,0.6,0.7,0.30000000000000004,[0. 0.]
530,0.0,531,1,False,0.0,266.0,1.0,1,0,2,[1. 1.],[2 1],0.0,0,0.6,0.7,0.30000000000000004,[0. 0.]
531,1.0,532,0,False,1.0,266.0,0.0,1,1,0,[1. 0.],[2 1],1.0,0,0.6,0.7,0.30000000000000004,[0. 0.]
532,0.0,533,1,False,0.0,267.0,2.0,1,0,2,[1. 0.],[2 1],1.0,0,0.6,0.7,0.30000000000000004,[0. 0.]
533,2.0,534,0,False,1.0,267.0,0.0,1,1,0,[1. 0.],[2 1],0.0,0,0.6,0.7,0.30000000000000004,[0. 0.]
534,0.0,535,1,False,0.0,268.0,1.0,1,0,2,[1. 0.],[2 1],0.0,0,0.6,0.7,0.30000000000000004,[0. 0.]
535,1.0,536,0,False,1.0,268.0,0.0,1,1,0,[0. 0.],[2 1],1.0,0,0.6,0.7,0.30000000000000004,[0. 0.]
536,0.0,537,1,False,0.0,269.0,2.0,1,0,2,[0. 0.],[2 1],1.0,0,0.6,0.7,0.30000000000000004,[0. 0.]
537,2.0,538,0,False,0.0,269.0,0.0,1,1,0,[1. 0.],[2 1],,0,0.6,0.7,0.30000000000000004,[0. 0.]
538,0.0,539,1,False,0.0,270.0,1.0,1,0,2,[1. 0.],[2 1],,0,0.6,0.7,0.30000000000000004,[0. 0.]
539,1.0,540,0,False,1.0,270.0,0.0,1,1,0,[1. 0.],[2 1],0.0,0,0.6,0.7,0.30000000000000004,[0. 0.]
540,0.0,541,1,False,0.0,271.0,1.0,1,0,2,[1. 0.],[2 1],0.0,0,0.6,0.7,0.30000000000000004,[0. 0.]
541,1.0,542,0,False,1.0,271.0,0.0,1,1,0,[0. 1.],[2 1],,0,0.6,0.7,0.30000000000000004,[0. 0.]
542,0.0,543,1,False,0.0,272.0,1.0,1,0,2,[0. 1.],[2 1],,0,0.6,0.7,0.30000000000000004,[0. 0.]
543,1.0,544,0,False,0.0,272.0,0.0,1,1,0,[0. 0.],[2 1],1.0,0,0.6,0.7,0.30000000000000004,[0. 0.]
544,0.0,545,1,False,0.0,273.0,2.0,1,0,2,[0. 0.],[2 1],1.0,0,0.6,0.7,0.30000000000000004,[0. 0.]
545,2.0,546,0,False,0.0,273.0,0.0,1,1,0,[1. 0.],[2 1],1.0,0,0.6,0.7,0.30000000000000004,[0. 0.]
546,0.0,547,1,False,0.0,274.0,2.0,1,0,2,[1. 0.],[2 1],1.0,0,0.6,0.7,0.30000000000000004,[0. 0.]
547,2.0,548,0,False,1.0,274.0,0.0,1,1,0,[1. 0.],[2 1],1.0,0,0.6,0.7,0.30000000000000004,[0. 0.]
548,0.0,549,1,False,0.0,275.0,2.0,1,0,2,[1. 0.],[2 1],1.0,0,0.6,0.7,0.30000000000000004,[0. 0.]
549,2.0,550,0,False,1.0,275.0,0.0,1,1,0,[0. 1.],[2 1],0.0,0,0.6,0.7,0.30000000000000004,[0. 0.]
550,0.0,551,1,False,0.0,276.0,1.0,1,0,2,[0. 1.],[2 1],0.0,0,0.6,0.7,0.30000000000000004,[0. 0.]
551,1.0,552,0,False,0.0,276.0,0.0,1,1,0,[1. 0.],[2 1],1.0,1,0.6,0.7,0.30000000000000004,[0. 0.]
552,0.0,553,1,False,0.0,277.0,2.0,1,0,2,[1. 0.],[2 1],1.0,1,0.6,0.7,0.30000000000000004,[0. 0.]
553,2.0,554,0,False,1.0,277.0,0.0,1,1,0,[1. 1.],[2 1],1.0,1,0.6,0.7,0.30000000000000004,[0. 0.]
554,0.0,555,1,False,0.0,278.0,2.0,1,0,2,[1. 1.],[2 1],1.0,1,0.6,0.7,0.30000000000000004,[0. 0.]
555,2.0,556,0,False,1.0,278.0,0.0,1,1,0,[0. 1.],[2 1],,1,0.6,0.7,0.30000000000000004,[0. 0.]
556,0.0,557,1,False,0.0,279.0,1.0,1,0,2,[0. 1.],[2 1],,1,0.6,0.7,0.30000000000000004,[0. 0.]
557,1.0,558,0,False,0.0,279.0,0.0,1,1,0,[0. 0.],[2 1],,1,0.6,0.7,0.30000000000000004,[0. 0.]
558,0.0,559,1,False,0.0,280.0,1.0,1,0,2,[0. 0.],[2 1],,1,0.6,0.7,0.30000000000000004,[0. 0.]
559,1.0,560,0,False,0.0,280.0,0.0,1,1,0,[0. 0.],[2 1],1.0,1,0.6,0.7,0.30000000000000004,[0. 0.]
560,0.0,561,1,False,0.0,281.0,2.0,1,0,2,[0. 0.],[2 1],1.0,1,0.6,0.7,0.30000000000000004,[0. 0.]
561,2.0,562,0,False,0.0,281.0,0.0,1,1,0,[1. 1.],[2 1],1.0,1,0.6,0.7,0.30000000000000004,[0. 0.]
562,0.0,563,1,False,0.0,282.0,2.0,1,0,1,[1. 1.],[2 1],1.0,1,0.6,0.7,0.30000000000000004,[0. 0.]
563,2.0,564,0,False,1.0,282.0,0.0,1,1,0,[0. 1.],[2 1],0.0,1,0.6,0.7,0.30000000000000004,[0. 0.]
564,0.0,565,1,False,0.0,283.0,1.0,1,0,1,[0. 1.],[2 1],0.0,1,0.6,0.7,0.30000000000000004,[0. 0.]
565,1.0,566,0,False,1.0,283.0,0.0,1,1,0,[0. 0.],[2 1],0.0,1,0.6,0.7,0.30000000000000004,[0. 0.]
566,0.0,567,1,False,0.0,284.0,1.0,1,0,1,[0. 0.],[2 1],0.0,1,0.6,0.7,0.30000000000000004,[0. 0.]
567,1.0,568,0,False,0.0,284.0,0.0,1,1,0,[0. 1.],[2 1],0.0,1,0.6,0.7,0.30000000000000004,[0. 0.]
568,0.0,569,1,False,0.0,285.0,1.0,1,0,1,[0. 1.],[2 1],0.0,1,0.6,0.7,0.30000000000000004,[0. 0.]
569,1.0,570,0,False,1.0,285.0,0.0,1,1,0,[1. 1.],[2 1],,1,0.6,0.7,0.30000000000000004,[0. 0.]
570,0.0,571,1,False,0.0,286.0,2.0,1,0,1,[1. 1.],[2 1],,1,0.6,0.7,0.30000000000000004,[0. 0.]
571,2.0,572,0,False,1.0,286.0,0.0,1,1,0,[0. 0.],[2 1],,1,0.6,0.7,0.30000000000000004,[0. 0.]
572,0.0,573,1,False,0.0,287.0,2.0,1,0,1,[0. 0.],[2 1],,1,0.6,0.7,0.30000000000000004,[0. 0.]
573,2.0,574,0,False,0.0,287.0,0.0,1,1,0,[0. 1.],[2 1],0.0,1,0.6,0.7,0.30000000000000004,[0. 0.]
574,0.0,575,1,False,0.0,288.0,1.0,1,0,1,[0. 1.],[2 1],0.0,1,0.6,0.7,0.30000000000000004,[0. 0.]
575,1.0,576,0,False,1.0,288.0,0.0,1,1,0,[0. 1.],[2 1],1.0,1,0.6,0.7,0.30000000000000004,[0. 0.]
576,0.0,577,1,False,0.0,289.0,2.0,1,0,1,[0. 1.],[2 1],1.0,1,0.6,0.7,0.30000000000000004,[0. 0.]
577,2.0,578,0,False,1.0,289.0,0.0,1,1,0,[1. 1.],[2 1],0.0,1,0.6,0.7,0.30000000000000004,[0. 0.]
578,0.0,579,1,False,0.0,290.0,1.0,1,0,1,[1. 1.],[2 1],0.0,1,0.6,0.7,0.30000000000000004,[0. 0.]
579,1.0,580,0,False,1.0,290.0,0.0,1,1,0,[1. 0.],[2 1],1.0,1,0.6,0.7,0.30000000000000004,[0. 0.]
580,0.0,581,1,False,0.0,291.0,2.0,1,0,1,[1. 0.],[2 1],1.0,1,0.6,0.7,0.30000000000000004,[0. 0.]
581,2.0,582,0,False,0.0,291.0,0.0,1,1,0,[1. 0.],[2 1],1.0,1,0.6,0.7,0.30000000000000004,[0. 0.]
582,0.0,583,1,False,0.0,292.0,2.0,1,0,1,[1. 0.],[2 1],1.0,1,0.6,0.7,0.30000000000000004,[0. 0.]
583,2.0,584,0,False,0.0,292.0,0.0,1,1,0,[0. 1.],[2 1],0.0,1,0.6,0.7,0.30000000000000004,[0. 0.]
584,0.0,585,1,False,0.0,293.0,1.0,1,0,1,[0. 1.],[2 1],0.0,1,0.6,0.7,0.30000000000000004,[0. 0.]
585,1.0,586,0,False,1.0,293.0,0.0,1,1,0,[0. 0.],[2 1],0.0,1,0.6,0.7,0.30000000000000004,[0. 0.]
586,0.0,587,1,False,0.0,294.0,1.0,1,0,1,[0. 0.],[2 1],0.0,1,0.6,0.7,0.30000000000000004,[0. 0.]
587,1.0,588,0,False,0.0,294.0,0.0,1,1,0,[1. 1.],[2 1],,1,0.6,0.7,0.30000000000000004,[0. 0.]
588,0.0,589,1,False,0.0,295.0,2.0,1,0,1,[1. 1.],[2 1],,1,0.6,0.7,0.30000000000000004,[0. 0.]
589,2.0,590,0,False,1.0,295.0,0.0,1,1,0,[0. 1.],[2 1],,1,0.6,0.7,0.30000000000000004,[0. 0.]
590,0.0,591,1,False,0.0,296.0,2.0,1,0,1,[0. 1.],[2 1],,1,0.6,0.7,0.30000000000000004,[0. 0.]
591,2.0,592,0,False,1.0,296.0,0.0,1,1,0,[0. 1.],[2 1],1.0,1,0.6,0.7,0.30000000000000004,[0. 0.]
592,0.0,593,1,False,0.0,297.0,2.0,1,0,1,[0. 1.],[2 1],1.0,1,0.6,0.7,0.30000000000000004,[0. 0.]
593,2.0,594,0,False,1.0,297.0,0.0,1,1,0,[0. 0.],[2 1],,1,0.6,0.7,0.30000000000000004,[0. 0.]
594,0.0,595,1,False,0.0,298.0,2.0,1,0,1,[0. 0.],[2 1],,1,0.6,0.7,0.30000000000000004,[0. 0.]
595,2.0,596,0,False,0.0,298.0,0.0,1,1,0,[0. 1.],[2 1],0.0,1,0.6,0.7,0.30000000000000004,[0. 0.]
596,0.0,597,1,False,0.0,299.0,1.0,1,0,1,[0. 1.],[2 1],0.0,1,0.6,0.7,0.30000000000000004,[0. 0.]
597,1.0,598,0,False,1.0,299.0,0.0,1,1,0,[0. 1.],[2 1],0.0,1,0.6,0.7,0.30000000000000004,[0. 0.]
598,0.0,599,1,False,0.0,300.0,1.0,1,0,1,[0. 1.],[2 1],0.0,1,0.6,0.7,0.30000000000000004,[0. 0.]
599,1.0,600,0,False,1.0,300.0,0.0,1,1,0,[1. 0.],[2 1],,1,0.6,0.7,0.30000000000000004,[0. 0.]
600,0.0,601,1,False,0.0,301.0,2.0,1,0,1,[1. 0.],[2 1],,1,0.6,0.7,0.30000000000000004,[0. 0.]
601,2.0,602,0,False,0.0,301.0,0.0,1,1,0,[0. 1.],[2 1],0.0,1,0.6,0.7,0.30000000000000004,[0. 0.]
602,0.0,603,1,False,0.0,302.0,1.0,1,0,1,[0. 1.],[2 1],0.0,1,0.6,0.7,0.30000000000000004,[0. 0.]
603,1.0,604,0,False,1.0,302.0,0.0,1,1,0,[0. 1.],[2 1],0.0,1,0.6,0.7,0.30000000000000004,[0. 0.]
604,0.0,605,1,False,0.0,303.0,1.0,1,0,1,[0. 1.],[2 1],0.0,1,0.6,0.7,0.30000000000000004,[0. 0.]
605,1.0,606,0,False,1.0,303.0,0.0,1,1,0,[0. 0.],[2 1],0.0,1,0.6,0.7,0.30000000000000004,[0. 0.]
606,0.0,607,1,False,0.0,304.0,1.0,1,0,1,[0. 0.],[2 1],0.0,1,0.6,0.7,0.30000000000000004,[0. 0.]
607,1.0,608,0,False,0.0,304.0,0.0,1,1,0,[1. 1.],[2 1],1.0,1,0.6,0.7,0.30000000000000004,[0. 0.]
608,0.0,609,1,False,0.0,305.0,2.0,1,0,1,[1. 1.],[2 1],1.0,1,0.6,0.7,0.30000000000000004,[0. 0.]
609,2.0,610,0,False,1.0,305.0,0.0,1,1,0,[0. 1.],[2 1],0.0,1,0.6,0.7,0.30000000000000004,[0. 0.]
610,0.0,611,1,False,0.0,306.0,1.0,1,0,1,[0. 1.],[2 1],0.0,1,0.6,0.7,0.30000000000000004,[0. 0.]
611,1.0,612,0,False,1.0,306.0,0.0,1,1,0,[1. 1.],[2 1],,1,0.6,0.7,0.30000000000000004,[0. 0.]
612,0.0,613,1,False,0.0,307.0,2.0,1,0,1,[1. 1.],[2 1],,1,0.6,0.7,0.30000000000000004,[0. 0.]
613,2.0,614,0,False,1.0,307.0,0.0,1,1,0,[0. 1.],[2 1],,1,0.6,0.7,0.30000000000000004,[0. 0.]
614,0.0,615,1,False,0.0,308.0,2.0,1,0,1,[0. 1.],[2 1],,1,0.6,0.7,0.30000000000000004,[0. 0.]
615,2.0,616,0,False,1.0,308.0,0.0,1,1,0,[0. 1.],[2 1],,1,0.6,0.7,0.30000000000000004,[0. 0.]
616,0.0,617,1,False,0.0,309.0,2.0,1,0,1,[0. 1.],[2 1],,1,0.6,0.7,0.30000000000000004,[0. 0.]
617,2.0,618,0,False,1.0,309.0,0.0,1,1,0,[1. 1.],[2 1],1.0,1,0.6,0.7,0.30000000000000004,[0. 0.]
618,0.0,619,1,False,0.0,310.0,2.0,1,0,1,[1. 1.],[2 1],1.0,1,0.6,0.7,0.30000000000000004,[0. 0.]
619,2.0,620,0,False,1.0,310.0,0.0,1,1,0,[1. 1.],[2 1],0.0,1,0.6,0.7,0.30000000000000004,[0. 0.]
620,0.0,621,1,False,0.0,311.0,1.0,1,0,1,[1. 1.],[2 1],0.0,1,0.6,0.7,0.30000000000000004,[0. 0.]
621,1.0,622,0,False,1.0,311.0,0.0,1,1,0,[0. 1.],[2 1],1.0,1,0.6,0.7,0.30000000000000004,[0. 0.]
622,0.0,623,1,False,0.0,312.0,2.0,1,0,1,[0. 1.],[2 1],1.0,1,0.6,0.7,0.30000000000000004,[0. 0.]
623,2.0,624,0,False,1.0,312.0,0.0,1,1,0,[0. 0.],[2 1],1.0,1,0.6,0.7,0.30000000000000004,[0. 0.]
624,0.0,625,1,False,0.0,313.0,2.0,1,0,1,[0. 0.],[2 1],1.0,1,0.6,0.7,0.30000000000000004,[0. 0.]
625,2.0,626,0,False,0.0,313.0,0.0,1,1,0,[0. 0.],[2 1],0.0,1,0.6,0.7,0.30000000000000004,[0. 0.]
626,0.0,627,1,False,0.0,314.0,1.0,1,0,1,[0. 0.],[2 1],0.0,1,0.6,0.7,0.30000000000000004,[0. 0.]
627,1.0,628,0,False,0.0,314.0,0.0,1,1,0,[1. 1.],[2 1],0.0,1,0.6,0.7,0.30000000000000004,[0. 0.]
628,0.0,629,1,False,0.0,315.0,1.0,1,0,1,[1. 1.],[2 1],0.0,1,0.6,0.7,0.30000000000000004,[0. 0.]
629,1.0,630,0,False,1.0,315.0,0.0,1,1,0,[0. 1.],[2 1],0.0,1,0.6,0.7,0.30000000000000004,[0. 0.]
630,0.0,631,1,False,0.0,316.0,1.0,1,0,1,[0. 1.],[2 1],0.0,1,0.6,0.7,0.30000000000000004,[0. 0.]
631,1.0,632,0,False,1.0,316.0,0.0,1,1,0,[0. 1.],[2 1],1.0,1,0.6,0.7,0.30000000000000004,[0. 0.]
632,0.0,633,1,False,0.0,317.0,2.0,1,0,1,[0. 1.],[2 1],1.0,1,0.6,0.7,0.30000000000000004,[0. 0.]
633,2.0,634,0,False,1.0,317.0,0.0,1,1,0,[1. 1.],[2 1],1.0,1,0.6,0.7,0.30000000000000004,[0. 0.]
634,0.0,635,1,False,0.0,318.0,2.0,1,0,1,[1. 1.],[2 1],1.0,1,0.6,0.7,0.30000000000000004,[0. 0.]
635,2.0,636,0,False,1.0,318.0,0.0,1,1,0,[0. 1.],[2 1],0.0,1,0.6,0.7,0.30000000000000004,[0. 0.]
636,0.0,637,1,False,0.0,319.0,1.0,1,0,1,[0. 1.],[2 1],0.0,1,0.6,0.7,0.30000000000000004,[0. 0.]
637,1.0,638,0,False,1.0,319.0,0.0,1,1,0,[0. 1.],[2 1],,1,0.6,0.7,0.30000000000000004,[0. 0.]
638,0.0,639,1,False,0.0,320.0,2.0,1,0,1,[0. 1.],[2 1],,1,0.6,0.7,0.30000000000000004,[0. 0.]
639,2.0,640,0,False,1.0,320.0,0.0,1,1,0,[0. 0.],[2 1],,1,0.6,0.7,0.30000000000000004,[0. 0.]
640,0.0,641,1,False,0.0,321.0,2.0,1,0,1,[0. 0.],[2 1],,1,0.6,0.7,0.30000000000000004,[0. 0.]
641,2.0,642,0,False,0.0,321.0,0.0,1,1,0,[1. 0.],[2 1],1.0,1,0.6,0.7,0.30000000000000004,[0. 0.]
642,0.0,643,1,False,0.0,322.0,2.0,1,0,1,[1. 0.],[2 1],1.0,1,0.6,0.7,0.30000000000000004,[0. 0.]
643,2.0,644,0,False,0.0,322.0,0.0,1,1,0,[0. 0.],[2 1],0.0,1,0.6,0.7,0.30000000000000004,[0. 0.]
644,0.0,645,1,False,0.0,323.0,1.0,1,0,1,[0. 0.],[2 1],0.0,1,0.6,0.7,0.30000000000000004,[0. 0.]
645,1.0,646,0,False,0.0,323.0,0.0,1,1,0,[0. 1.],[2 1],0.0,1,0.6,0.7,0.30000000000000004,[0. 0.]
646,0.0,647,1,False,0.0,324.0,1.0,1,0,1,[0. 1.],[2 1],0.0,1,0.6,0.7,0.30000000000000004,[0. 0.]
647,1.0,648,0,False,1.0,324.0,0.0,1,1,0,[1. 1.],[2 1],1.0,1,0.6,0.7,0.30000000000000004,[0. 0.]
648,0.0,649,1,False,0.0,325.0,2.0,1,0,1,[1. 1.],[2 1],1.0,1,0.6,0.7,0.30000000000000004,[0. 0.]
649,2.0,650,0,False,1.0,325.0,0.0,1,1,0,[1. 1.],[2 1],,0,0.6,0.7,0.30000000000000004,[0. 0.]
650,0.0,651,1,False,0.0,326.0,2.0,1,0,1,[1. 1.],[2 1],,0,0.6,0.7,0.30000000000000004,[0. 0.]
651,2.0,652,0,False,1.0,326.0,0.0,1,1,0,[0. 0.],[2 1],1.0,0,0.6,0.7,0.30000000000000004,[0. 0.]
652,0.0,653,1,False,0.0,327.0,2.0,1,0,1,[0. 0.],[2 1],1.0,0,0.6,0.7,0.30000000000000004,[0. 0.]
653,2.0,654,0,False,0.0,327.0,0.0,1,1,0,[0. 1.],[2 1],0.0,0,0.6,0.7,0.30000000000000004,[0. 0.]
654,0.0,655,1,False,0.0,328.0,1.0,1,0,1,[0. 1.],[2 1],0.0,0,0.6,0.7,0.30000000000000004,[0. 0.]
655,1.0,656,0,False,1.0,328.0,0.0,1,1,0,[1. 0.],[2 1],1.0,0,0.6,0.7,0.30000000000000004,[0. 0.]
656,0.0,657,1,False,0.0,329.0,2.0,1,0,1,[1. 0.],[2 1],1.0,0,0.6,0.7,0.30000000000000004,[0. 0.]
657,2.0,658,0,False,0.0,329.0,0.0,1,1,0,[0. 0.],[2 1],,0,0.6,0.7,0.30000000000000004,[0. 0.]
658,0.0,659,1,False,0.0,330.0,2.0,1,0,1,[0. 0.],[2 1],,0,0.6,0.7,0.30000000000000004,[0. 0.]
659,2.0,660,0,False,0.0,330.0,0.0,1,1,0,[1. 0.],[2 1],,0,0.6,0.7,0.30000000000000004,[0. 0.]
660,0.0,661,1,False,0.0,331.0,2.0,1,0,1,[1. 0.],[2 1],,0,0.6,0.7,0.30000000000000004,[0. 0.]
661,2.0,662,0,False,0.0,331.0,0.0,1,1,0,[1. 0.],[2 1],1.0,0,0.6,0.7,0.30000000000000004,[0. 0.]
662,0.0,663,1,False,0.0,332.0,2.0,1,0,1,[1. 0.],[2 1],1.0,0,0.6,0.7,0.30000000000000004,[0. 0.]
663,2.0,664,0,False,0.0,332.0,0.0,1,1,0,[1. 1.],[2 1],,0,0.6,0.7,0.30000000000000004,[0. 0.]
664,0.0,665,1,False,0.0,333.0,2.0,1,0,1,[1. 1.],[2 1],,0,0.6,0.7,0.30000000000000004,[0. 0.]
665,2.0,666,0,False,1.0,333.0,0.0,1,1,0,[0. 0.],[2 1],1.0,0,0.6,0.7,0.30000000000000004,[0. 0.]
666,0.0,667,1,False,0.0,334.0,2.0,1,0,1,[0. 0.],[2 1],1.0,0,0.6,0.7,0.30000000000000004,[0. 0.]
667,2.0,668,0,False,0.0,334.0,0.0,1,1,0,[1. 0.],[2 1],0.0,0,0.6,0.7,0.30000000000000004,[0. 0.]
668,0.0,669,1,False,0.0,335.0,1.0,1,0,1,[1. 0.],[2 1],0.0,0,0.6,0.7,0.30000000000000004,[0. 0.]
669,1.0,670,0,False,0.0,335.0,0.0,1,1,0,[1. 0.],[2 1],1.0,0,0.6,0.7,0.30000000000000004,[0. 0.]
670,0.0,671,1,False,0.0,336.0,2.0,1,0,2,[1. 0.],[2 1],1.0,0,0.6,0.7,0.30000000000000004,[0. 0.]
671,2.0,672,0,False,1.0,336.0,0.0,1,1,0,[1. 1.],[2 1],0.0,0,0.6,0.7,0.30000000000000004,[0. 0.]
672,0.0,673,1,False,0.0,337.0,1.0,1,0,2,[1. 1.],[2 1],0.0,0,0.6,0.7,0.30000000000000004,[0. 0.]
673,1.0,674,0,False,1.0,337.0,0.0,1,1,0,[0. 1.],[2 1],0.0,0,0.6,0.7,0.30000000000000004,[0. 0.]
674,0.0,675,1,False,0.0,338.0,1.0,1,0,2,[0. 1.],[2 1],0.0,0,0.6,0.7,0.30000000000000004,[0. 0.]
675,1.0,676,0,False,0.0,338.0,0.0,1,1,0,[1. 1.],[2 1],0.0,0,0.6,0.7,0.30000000000000004,[0. 0.]
676,0.0,677,1,False,0.0,339.0,1.0,1,0,2,[1. 1.],[2 1],0.0,0,0.6,0.7,0.30000000000000004,[0. 0.]
677,1.0,678,0,False,1.0,339.0,0.0,1,1,0,[1. 0.],[2 1],,0,0.6,0.7,0.30000000000000004,[0. 0.]
678,0.0,679,1,False,0.0,340.0,1.0,1,0,2,[1. 0.],[2 1],,0,0.6,0.7,0.30000000000000004,[0. 0.]
679,1.0,680,0,False,1.0,340.0,0.0,1,1,0,[1. 0.],[2 1],0.0,0,0.6,0.7,0.30000000000000004,[0. 0.]
680,0.0,681,1,False,0.0,341.0,1.0,1,0,2,[1. 0.],[2 1],0.0,0,0.6,0.7,0.30000000000000004,[0. 0.]
681,1.0,682,0,False,1.0,341.0,0.0,1,1,0,[0. 0.],[2 1],1.0,0,0.6,0.7,0.30000000000000004,[0. 0.]
682,0.0,683,1,False,0.0,342.0,2.0,1,0,2,[0. 0.],[2 1],1.0,0,0.6,0.7,0.30000000000000004,[0. 0.]
683,2.0,684,0,False,0.0,342.0,0.0,1,1,0,[1. 0.],[2 1],1.0,0,0.6,0.7,0.30000000000000004,[0. 0.]
684,0.0,685,1,False,0.0,343.0,2.0,1,0,2,[1. 0.],[2 1],1.0,0,0.6,0.7,0.30000000000000004,[0. 0.]
685,2.0,686,0,False,1.0,343.0,0.0,1,1,0,[1. 0.],[2 1],,1,0.6,0.7,0.30000000000000004,[0. 0.]
686,0.0,687,1,False,0.0,344.0,1.0,1,0,2,[1. 0.],[2 1],,1,0.6,0.7,0.30000000000000004,[0. 0.]
687,1.0,688,0,False,1.0,344.0,0.0,1,1,0,[1. 1.],[2 1],1.0,1,0.6,0.7,0.30000000000000004,[0. 0.]
688,0.0,689,1,False,0.0,345.0,2.0,1,0,2,[1. 1.],[2 1],1.0,1,0.6,0.7,0.30000000000000004,[0. 0.]
689,2.0,690,0,False,1.0,345.0,0.0,1,1,0,[0. 0.],[2 1],,1,0.6,0.7,0.30000000000000004,[0. 0.]
690,0.0,691,1,False,0.0,346.0,1.0,1,0,2,[0. 0.],[2 1],,1,0.6,0.7,0.30000000000000004,[0. 0.]
691,1.0,692,0,False,0.0,346.0,0.0,1,1,0,[0. 0.],[2 1],0.0,0,0.6,0.7,0.30000000000000004,[0. 0.]
692,0.0,693,1,False,0.0,347.0,1.0,1,0,2,[0. 0.],[2 1],0.0,0,0.6,0.7,0.30000000000000004,[0. 0.]
693,1.0,694,0,False,0.0,347.0,0.0,1,1,0,[1. 0.],[2 1],1.0,0,0.6,0.7,0.30000000000000004,[0. 0.]
694,0.0,695,1,False,0.0,348.0,2.0,1,0,1,[1. 0.],[2 1],1.0,0,0.6,0.7,0.30000000000000004,[0. 0.]
695,2.0,696,0,False,0.0,348.0,0.0,1,1,0,[1. 1.],[2 1],,0,0.6,0.7,0.30000000000000004,[0. 0.]
696,0.0,697,1,False,0.0,349.0,2.0,1,0,1,[1. 1.],[2 1],,0,0.6,0.7,0.30000000000000004,[0. 0.]
697,2.0,698,0,False,1.0,349.0,0.0,1,1,0,[0. 0.],[2 1],1.0,0,0.6,0.7,0.30000000000000004,[0. 0.]
698,0.0,699,1,False,0.0,350.0,2.0,1,0,1,[0. 0.],[2 1],1.0,0,0.6,0.7,0.30000000000000004,[0. 0.]
699,2.0,700,0,False,0.0,350.0,0.0,1,1,0,[1. 0.],[2 1],1.0,0,0.6,0.7,0.30000000000000004,[0. 0.]
700,0.0,701,1,False,0.0,351.0,2.0,1,0,1,[1. 0.],[2 1],1.0,0,0.6,0.7,0.30000000000000004,[0. 0.]
701,2.0,702,0,False,0.0,351.0,0.0,1,1,0,[0. 0.],[2 1],1.0,0,0.6,0.7,0.30000000000000004,[0. 0.]
702,0.0,703,1,False,0.0,352.0,2.0,1,0,1,[0. 0.],[2 1],1.0,0,0.6,0.7,0.30000000000000004,[0. 0.]
703,2.0,704,0,False,0.0,352.0,0.0,1,1,0,[0. 0.],[2 1],,0,0.6,0.7,0.30000000000000004,[0. 0.]
704,0.0,705,1,False,0.0,353.0,2.0,1,0,1,[0. 0.],[2 1],,0,0.6,0.7,0.30000000000000004,[0. 0.]
705,2.0,706,0,False,0.0,353.0,0.0,1,1,0,[1. 0.],[2 1],0.0,0,0.6,0.7,0.30000000000000004,[0. 0.]
706,0.0,707,1,False,0.0,354.0,1.0,1,0,2,[1. 0.],[2 1],0.0,0,0.6,0.7,0.30000000000000004,[0. 0.]
707,1.0,708,0,False,1.0,354.0,0.0,1,1,0,[0. 1.],[2 1],0.0,0,0.6,0.7,0.30000000000000004,[0. 0.]
708,0.0,709,1,False,0.0,355.0,1.0,1,0,2,[0. 1.],[2 1],0.0,0,0.6,0.7,0.30000000000000004,[0. 0.]
709,1.0,710,0,False,0.0,355.0,0.0,1,1,0,[0. 1.],[2 1],,0,0.6,0.7,0.30000000000000004,[0. 0.]
710,0.0,711,1,False,0.0,356.0,1.0,1,0,2,[0. 1.],[2 1],,0,0.6,0.7,0.30000000000000004,[0. 0.]
711,1.0,712,0,False,0.0,356.0,0.0,1,1,0,[1. 0.],[2 1],0.0,0,0.6,0.7,0.30000000000000004,[0. 0.]
712,0.0,713,1,False,0.0,357.0,1.0,1,0,1,[1. 0.],[2 1],0.0,0,0.6,0.7,0.30000000000000004,[0. 0.]
713,1.0,714,0,False,0.0,357.0,0.0,1,1,0,[1. 1.],[2 1],0.0,0,0.6,0.7,0.30000000000000004,[0. 0.]
714,0.0,715,1,False,0.0,358.0,1.0,1,0,2,[1. 1.],[2 1],0.0,0,0.6,0.7,0.30000000000000004,[0. 0.]
715,1.0,716,0,False,1.0,358.0,0.0,1,1,0,[1. 0.],[2 1],0.0,0,0.6,0.7,0.30000000000000004,[0. 0.]
716,0.0,717,1,False,0.0,359.0,1.0,1,0,2,[1. 0.],[2 1],0.0,0,0.6,0.7,0.30000000000000004,[0. 0.]
717,1.0,718,0,False,1.0,359.0,0.0,1,1,0,[0. 0.],[2 1],1.0,0,0.6,0.7,0.30000000000000004,[0. 0.]
718,0.0,719,1,False,0.0,360.0,2.0,1,0,2,[0. 0.],[2 1],1.0,0,0.6,0.7,0.30000000000000004,[0. 0.]
719,2.0,720,0,False,0.0,360.0,0.0,1,1,0,[1. 0.],[2 1],,1,0.6,0.7,0.30000000000000004,[0. 0.]
720,0.0,721,1,False,0.0,361.0,1.0,1,0,2,[1. 0.],[2 1],,1,0.6,0.7,0.30000000000000004,[0. 0.]
721,1.0,722,0,False,1.0,361.0,0.0,1,1,0,[0. 0.],[2 1],,1,0.6,0.7,0.30000000000000004,[0. 0.]
722,0.0,723,1,False,0.0,362.0,1.0,1,0,2,[0. 0.],[2 1],,1,0.6,0.7,0.30000000000000004,[0. 0.]
723,1.0,724,0,False,0.0,362.0,0.0,1,1,0,[0. 1.],[2 1],1.0,1,0.6,0.7,0.30000000000000004,[0. 0.]
724,0.0,725,1,False,0.0,363.0,2.0,1,0,2,[0. 1.],[2 1],1.0,1,0.6,0.7,0.30000000000000004,[0. 0.]
725,2.0,726,0,False,0.0,363.0,0.0,1,1,0,[1. 1.],[2 1],,1,0.6,0.7,0.30000000000000004,[0. 0.]
726,0.0,727,1,False,0.0,364.0,2.0,1,0,1,[1. 1.],[2 1],,1,0.6,0.7,0.30000000000000004,[0. 0.]
727,2.0,728,0,False,1.0,364.0,0.0,1,1,0,[0. 1.],[2 1],0.0,1,0.6,0.7,0.30000000000000004,[0. 0.]
728,0.0,729,1,False,0.0,365.0,1.0,1,0,1,[0. 1.],[2 1],0.0,1,0.6,0.7,0.30000000000000004,[0. 0.]
729,1.0,730,0,False,1.0,365.0,0.0,1,1,0,[1. 0.],[2 1],1.0,1,0.6,0.7,0.30000000000000004,[0. 0.]
730,0.0,731,1,False,0.0,366.0,2.0,1,0,1,[1. 0.],[2 1],1.0,1,0.6,0.7,0.30000000000000004,[0. 0.]
731,2.0,732,0,False,0.0,366.0,0.0,1,1,0,[0. 1.],[2 1],0.0,1,0.6,0.7,0.30000000000000004,[0. 0.]
732,0.0,733,1,False,0.0,367.0,1.0,1,0,1,[0. 1.],[2 1],0.0,1,0.6,0.7,0.30000000000000004,[0. 0.]
733,1.0,734,0,False,1.0,367.0,0.0,1,1,0,[0. 1.],[2 1],0.0,1,0.6,0.7,0.30000000000000004,[0. 0.]
734,0.0,735,1,False,0.0,368.0,1.0,1,0,1,[0. 1.],[2 1],0.0,1,0.6,0.7,0.30000000000000004,[0. 0.]
735,1.0,736,0,False,1.0,368.0,0.0,1,1,0,[0. 1.],[2 1],0.0,1,0.6,0.7,0.30000000000000004,[0. 0.]
736,0.0,737,1,False,0.0,369.0,1.0,1,0,1,[0. 1.],[2 1],0.0,1,0.6,0.7,0.30000000000000004,[0. 0.]
737,1.0,738,0,False,1.0,369.0,0.0,1,1,0,[1. 1.],[2 1],1.0,1,0.6,0.7,0.30000000000000004,[0. 0.]
738,0.0,739,1,False,0.0,370.0,2.0,1,0,1,[1. 1.],[2 1],1.0,1,0.6,0.7,0.30000000000000004,[0. 0.]
739,2.0,740,0,False,1.0,370.0,0.0,1,1,0,[0. 0.],[2 1],,1,0.6,0.7,0.30000000000000004,[0. 0.]
740,0.0,741,1,False,0.0,371.0,2.0,1,0,1,[0. 0.],[2 1],,1,0.6,0.7,0.30000000000000004,[0. 0.]
741,2.0,742,0,False,0.0,371.0,0.0,1,1,0,[0. 1.],[2 1],0.0,1,0.6,0.7,0.30000000000000004,[0. 0.]
742,0.0,743,1,False,0.0,372.0,1.0,1,0,1,[0. 1.],[2 1],0.0,1,0.6,0.7,0.30000000000000004,[0. 0.]
743,1.0,744,0,False,1.0,372.0,0.0,1,1,0,[1. 1.],[2 1],,1,0.6,0.7,0.30000000000000004,[0. 0.]
744,0.0,745,1,False,0.0,373.0,2.0,1,0,1,[1. 1.],[2 1],,1,0.6,0.7,0.30000000000000004,[0. 0.]
745,2.0,746,0,False,1.0,373.0,0.0,1,1,0,[0. 1.],[2 1],0.0,1,0.6,0.7,0.30000000000000004,[0. 0.]
746,0.0,747,1,False,0.0,374.0,1.0,1,0,1,[0. 1.],[2 1],0.0,1,0.6,0.7,0.30000000000000004,[0. 0.]
747,1.0,748,0,False,1.0,374.0,0.0,1,1,0,[0. 1.],[2 1],0.0,1,0.6,0.7,0.30000000000000004,[0. 0.]
748,0.0,749,1,False,0.0,375.0,1.0,1,0,1,[0. 1.],[2 1],0.0,1,0.6,0.7,0.30000000000000004,[0. 0.]
749,1.0,750,0,False,1.0,375.0,0.0,1,1,0,[1. 1.],[2 1],1.0,1,0.6,0.7,0.30000000000000004,[0. 0.]
750,0.0,751,1,False,0.0,376.0,2.0,1,0,1,[1. 1.],[2 1],1.0,1,0.6,0.7,0.30000000000000004,[0. 0.]
751,2.0,752,0,False,1.0,376.0,0.0,1,1,0,[0. 1.],[2 1],,1,0.6,0.7,0.30000000000000004,[0. 0.]
752,0.0,753,1,False,0.0,377.0,2.0,1,0,1,[0. 1.],[2 1],,1,0.6,0.7,0.30000000000000004,[0. 0.]
753,2.0,754,0,False,1.0,377.0,0.0,1,1,0,[1. 1.],[2 1],,1,0.6,0.7,0.30000000000000004,[0. 0.]
754,0.0,755,1,False,0.0,378.0,2.0,1,0,1,[1. 1.],[2 1],,1,0.6,0.7,0.30000000000000004,[0. 0.]
755,2.0,756,0,False,1.0,378.0,0.0,1,1,0,[1. 1.],[2 1],1.0,1,0.6,0.7,0.30000000000000004,[0. 0.]
756,0.0,757,1,False,0.0,379.0,2.0,1,0,1,[1. 1.],[2 1],1.0,1,0.6,0.7,0.30000000000000004,[0. 0.]
757,2.0,758,0,False,1.0,379.0,0.0,1,1,0,[1. 1.],[2 1],0.0,1,0.6,0.7,0.30000000000000004,[0. 0.]
758,0.0,759,1,False,0.0,380.0,1.0,1,0,1,[1. 1.],[2 1],0.0,1,0.6,0.7,0.30000000000000004,[0. 0.]
759,1.0,760,0,False,1.0,380.0,0.0,1,1,0,[0. 1.],[2 1],1.0,1,0.6,0.7,0.30000000000000004,[0. 0.]
760,0.0,761,1,False,0.0,381.0,2.0,1,0,1,[0. 1.],[2 1],1.0,1,0.6,0.7,0.30000000000000004,[0. 0.]
761,2.0,762,0,False,1.0,381.0,0.0,1,1,0,[0. 0.],[2 1],,1,0.6,0.7,0.30000000000000004,[0. 0.]
762,0.0,763,1,False,0.0,382.0,2.0,1,0,1,[0. 0.],[2 1],,1,0.6,0.7,0.30000000000000004,[0. 0.]
763,2.0,764,0,False,0.0,382.0,0.0,1,1,0,[0. 1.],[2 1],0.0,0,0.6,0.7,0.30000000000000004,[0. 0.]
764,0.0,765,1,False,0.0,383.0,1.0,1,0,1,[0. 1.],[2 1],0.0,0,0.6,0.7,0.30000000000000004,[0. 0.]
765,1.0,766,0,False,1.0,383.0,0.0,1,1,0,[1. 0.],[2 1],1.0,0,0.6,0.7,0.30000000000000004,[0. 0.]
766,0.0,767,1,False,0.0,384.0,2.0,1,0,1,[1. 0.],[2 1],1.0,0,0.6,0.7,0.30000000000000004,[0. 0.]
767,2.0,768,0,False,0.0,384.0,0.0,1,1,0,[1. 0.],[2 1],1.0,0,0.6,0.7,0.30000000000000004,[0. 0.]
768,0.0,769,1,False,0.0,385.0,2.0,1,0,1,[1. 0.],[2 1],1.0,0,0.6,0.7,0.30000000000000004,[0. 0.]
769,2.0,770,0,False,0.0,385.0,0.0,1,1,0,[1. 0.],[2 1],1.0,0,0.6,0.7,0.30000000000000004,[0. 0.]
770,0.0,771,1,False,0.0,386.0,2.0,1,0,1,[1. 0.],[2 1],1.0,0,0.6,0.7,0.30000000000000004,[0. 0.]
771,2.0,772,0,False,0.0,386.0,0.0,1,1,0,[0. 0.],[2 1],0.0,0,0.6,0.7,0.30000000000000004,[0. 0.]
772,0.0,773,1,False,0.0,387.0,1.0,1,0,1,[0. 0.],[2 1],0.0,0,0.6,0.7,0.30000000000000004,[0. 0.]
773,1.0,774,0,False,0.0,387.0,0.0,1,1,0,[1. 1.],[2 1],1.0,0,0.6,0.7,0.30000000000000004,[0. 0.]
774,0.0,775,1,False,0.0,388.0,2.0,1,0,2,[1. 1.],[2 1],1.0,0,0.6,0.7,0.30000000000000004,[0. 0.]
775,2.0,776,0,False,1.0,388.0,0.0,1,1,0,[1. 0.],[2 1],,0,0.6,0.7,0.30000000000000004,[0. 0.]
776,0.0,777,1,False,0.0,389.0,1.0,1,0,2,[1. 0.],[2 1],,0,0.6,0.7,0.30000000000000004,[0. 0.]
777,1.0,778,0,False,1.0,389.0,0.0,1,1,0,[1. 0.],[2 1],1.0,0,0.6,0.7,0.30000000000000004,[0. 0.]
778,0.0,779,1,False,0.0,390.0,2.0,1,0,2,[1. 0.],[2 1],1.0,0,0.6,0.7,0.30000000000000004,[0. 0.]
779,2.0,780,0,False,1.0,390.0,0.0,1,1,0,[0. 0.],[2 1],,0,0.6,0.7,0.30000000000000004,[0. 0.]
780,0.0,781,1,False,0.0,391.0,1.0,1,0,2,[0. 0.],[2 1],,0,0.6,0.7,0.30000000000000004,[0. 0.]
781,1.0,782,0,False,0.0,391.0,0.0,1,1,0,[1. 1.],[2 1],,0,0.6,0.7,0.30000000000000004,[0. 0.]
782,0.0,783,1,False,0.0,392.0,1.0,1,0,2,[1. 1.],[2 1],,0,0.6,0.7,0.30000000000000004,[0. 0.]
783,1.0,784,0,False,1.0,392.0,0.0,1,1,0,[1. 0.],[2 1],0.0,0,0.6,0.7,0.30000000000000004,[0. 0.]
784,0.0,785,1,False,0.0,393.0,1.0,1,0,2,[1. 0.],[2 1],0.0,0,0.6,0.7,0.30000000000000004,[0. 0.]
785,1.0,786,0,False,1.0,393.0,0.0,1,1,0,[0. 0.],[2 1],,0,0.6,0.7,0.30000000000000004,[0. 0.]
786,0.0,787,1,False,0.0,394.0,1.0,1,0,2,[0. 0.],[2 1],,0,0.6,0.7,0.30000000000000004,[0. 0.]
787,1.0,788,0,False,0.0,394.0,0.0,1,1,0,[1. 0.],[2 1],1.0,0,0.6,0.7,0.30000000000000004,[0. 0.]
788,0.0,789,1,False,0.0,395.0,2.0,1,0,2,[1. 0.],[2 1],1.0,0,0.6,0.7,0.30000000000000004,[0. 0.]
789,2.0,790,0,False,1.0,395.0,0.0,1,1,0,[1. 0.],[2 1],1.0,0,0.6,0.7,0.30000000000000004,[0. 0.]
790,0.0,791,1,False,0.0,396.0,2.0,1,0,2,[1. 0.],[2 1],1.0,0,0.6,0.7,0.30000000000000004,[0. 0.]
791,2.0,792,0,False,1.0,396.0,0.0,1,1,0,[0. 0.],[2 1],0.0,0,0.6,0.7,0.30000000000000004,[0. 0.]
792,0.0,793,1,False,0.0,397.0,1.0,1,0,2,[0. 0.],[2 1],0.0,0,0.6,0.7,0.30000000000000004,[0. 0.]
793,1.0,794,0,False,0.0,397.0,0.0,1,1,0,[1. 0.],[2 1],1.0,0,0.6,0.7,0.30000000000000004,[0. 0.]
794,0.0,795,1,False,0.0,398.0,2.0,1,0,2,[1. 0.],[2 1],1.0,0,0.6,0.7,0.30000000000000004,[0. 0.]
795,2.0,796,0,False,1.0,398.0,0.0,1,1,0,[0. 0.],[2 1],0.0,0,0.6,0.7,0.30000000000000004,[0. 0.]
796,0.0,797,1,False,0.0,399.0,1.0,1,0,2,[0. 0.],[2 1],0.0,0,0.6,0.7,0.30000000000000004,[0. 0.]
797,1.0,798,0,False,0.0,399.0,0.0,1,1,0,[1. 0.],[2 1],0.0,0,0.6,0.7,0.30000000000000004,[0. 0.]
798,0.0,799,1,False,0.0,400.0,1.0,1,0,2,[1. 0.],[2 1],0.0,0,0.6,0.7,0.30000000000000004,[0. 0.]
799,1.0,800,0,False,1.0,400.0,0.0,1,1,0,[1. 0.],[2 1],,0,0.6,0.7,0.30000000000000004,[0. 0.]
800,0.0,801,1,False,0.0,401.0,1.0,1,0,2,[1. 0.],[2 1],,0,0.6,0.7,0.30000000000000004,[0. 0.]
801,1.0,802,0,False,1.0,401.0,0.0,1,1,0,[1. 0.],[2 1],,0,0.6,0.7,0.30000000000000004,[0. 0.]
802,0.0,803,1,False,0.0,402.0,1.0,1,0,2,[1. 0.],[2 1],,0,0.6,0.7,0.30000000000000004,[0. 0.]
803,1.0,804,0,False,1.0,402.0,0.0,1,1,0,[1. 0.],[2 1],1.0,0,0.6,0.7,0.30000000000000004,[0. 0.]
804,0.0,805,1,False,0.0,403.0,2.0,1,0,2,[1. 0.],[2 1],1.0,0,0.6,0.7,0.30000000000000004,[0. 0.]
805,2.0,806,0,False,1.0,403.0,0.0,1,1,0,[0. 1.],[2 1],0.0,0,0.6,0.7,0.30000000000000004,[0. 0.]
806,0.0,807,1,False,0.0,404.0,1.0,1,0,2,[0. 1.],[2 1],0.0,0,0.6,0.7,0.30000000000000004,[0. 0.]
807,1.0,808,0,False,0.0,404.0,0.0,1,1,0,[1. 0.],[2 1],1.0,0,0.6,0.7,0.30000000000000004,[0. 0.]
808,0.0,809,1,False,0.0,405.0,2.0,1,0,2,[1. 0.],[2 1],1.0,0,0.6,0.7,0.30000000000000004,[0. 0.]
809,2.0,810,0,False,1.0,405.0,0.0,1,1,0,[1. 0.],[2 1],,0,0.6,0.7,0.30000000000000004,[0. 0.]
810,0.0,811,1,False,0.0,406.0,1.0,1,0,2,[1. 0.],[2 1],,0,0.6,0.7,0.30000000000000004,[0. 0.]
811,1.0,812,0,False,1.0,406.0,0.0,1,1,0,[1. 1.],[2 1],0.0,0,0.6,0.7,0.30000000000000004,[0. 0.]
812,0.0,813,1,False,0.0,407.0,1.0,1,0,2,[1. 1.],[2 1],0.0,0,0.6,0.7,0.30000000000000004,[0. 0.]
813,1.0,814,0,False,1.0,407.0,0.0,1,1,0,[1. 0.],[2 1],1.0,0,0.6,0.7,0.30000000000000004,[0. 0.]
814,0.0,815,1,False,0.0,408.0,2.0,1,0,2,[1. 0.],[2 1],1.0,0,0.6,0.7,0.30000000000000004,[0. 0.]
815,2.0,816,0,False,1.0,408.0,0.0,1,1,0,[1. 1.],[2 1],0.0,0,0.6,0.7,0.30000000000000004,[0. 0.]
816,0.0,817,1,False,0.0,409.0,1.0,1,0,2,[1. 1.],[2 1],0.0,0,0.6,0.7,0.30000000000000004,[0. 0.]
817,1.0,818,0,False,1.0,409.0,0.0,1,1,0,[1. 0.],[2 1],,0,0.6,0.7,0.30000000000000004,[0. 0.]
818,0.0,819,1,False,0.0,410.0,1.0,1,0,2,[1. 0.],[2 1],,0,0.6,0.7,0.30000000000000004,[0. 0.]
819,1.0,820,0,False,1.0,410.0,0.0,1,1,0,[1. 0.],[2 1],,0,0.6,0.7,0.30000000000000004,[0. 0.]
820,0.0,821,1,False,0.0,411.0,1.0,1,0,2,[1. 0.],[2 1],,0,0.6,0.7,0.30000000000000004,[0. 0.]
821,1.0,822,0,False,1.0,411.0,0.0,1,1,0,[1. 0.],[2 1],0.0,0,0.6,0.7,0.30000000000000004,[0. 0.]
822,0.0,823,1,False,0.0,412.0,1.0,1,0,2,[1. 0.],[2 1],0.0,0,0.6,0.7,0.30000000000000004,[0. 0.]
823,1.0,824,0,False,1.0,412.0,0.0,1,1,0,[1. 0.],[2 1],,0,0.6,0.7,0.30000000000000004,[0. 0.]
824,0.0,825,1,False,0.0,413.0,1.0,1,0,2,[1. 0.],[2 1],,0,0.6,0.7,0.30000000000000004,[0. 0.]
825,1.0,826,0,False,1.0,413.0,0.0,1,1,0,[1. 0.],[2 1],1.0,0,0.6,0.7,0.30000000000000004,[0. 0.]
826,0.0,827,1,False,0.0,414.0,2.0,1,0,2,[1. 0.],[2 1],1.0,0,0.6,0.7,0.30000000000000004,[0. 0.]
827,2.0,828,0,False,1.0,414.0,0.0,1,1,0,[1. 0.],[2 1],1.0,0,0.6,0.7,0.30000000000000004,[0. 0.]
828,0.0,829,1,False,0.0,415.0,2.0,1,0,2,[1. 0.],[2 1],1.0,0,0.6,0.7,0.30000000000000004,[0. 0.]
829,2.0,830,0,False,1.0,415.0,0.0,1,1,0,[0. 1.],[2 1],1.0,0,0.6,0.7,0.30000000000000004,[0. 0.]
830,0.0,831,1,False,0.0,416.0,2.0,1,0,2,[0. 1.],[2 1],1.0,0,0.6,0.7,0.30000000000000004,[0. 0.]
831,2.0,832,0,False,0.0,416.0,0.0,1,1,0,[1. 0.],[2 1],,0,0.6,0.7,0.30000000000000004,[0. 0.]
832,0.0,833,1,False,0.0,417.0,1.0,1,0,2,[1. 0.],[2 1],,0,0.6,0.7,0.30000000000000004,[0. 0.]
833,1.0,834,0,False,1.0,417.0,0.0,1,1,0,[0. 0.],[2 1],,0,0.6,0.7,0.30000000000000004,[0. 0.]
834,0.0,835,1,False,0.0,418.0,1.0,1,0,2,[0. 0.],[2 1],,0,0.6,0.7,0.30000000000000004,[0. 0.]
835,1.0,836,0,False,0.0,418.0,0.0,1,1,0,[1. 0.],[2 1],,0,0.6,0.7,0.30000000000000004,[0. 0.]
836,0.0,837,1,False,0.0,419.0,1.0,1,0,2,[1. 0.],[2 1],,0,0.6,0.7,0.30000000000000004,[0. 0.]
837,1.0,838,0,False,1.0,419.0,0.0,1,1,0,[1. 0.],[2 1],1.0,0,0.6,0.7,0.30000000000000004,[0. 0.]
838,0.0,839,1,False,0.0,420.0,2.0,1,0,2,[1. 0.],[2 1],1.0,0,0.6,0.7,0.30000000000000004,[0. 0.]
839,2.0,840,0,False,1.0,420.0,0.0,1,1,0,[1. 0.],[2 1],0.0,0,0.6,0.7,0.30000000000000004,[0. 0.]
840,0.0,841,1,False,0.0,421.0,1.0,1,0,2,[1. 0.],[2 1],0.0,0,0.6,0.7,0.30000000000000004,[0. 0.]
841,1.0,842,0,False,1.0,421.0,0.0,1,1,0,[1. 0.],[2 1],0.0,0,0.6,0.7,0.30000000000000004,[0. 0.]
842,0.0,843,1,False,0.0,422.0,1.0,1,0,2,[1. 0.],[2 1],0.0,0,0.6,0.7,0.30000000000000004,[0. 0.]
843,1.0,844,0,False,1.0,422.0,0.0,1,1,0,[1. 0.],[2 1],0.0,0,0.6,0.7,0.30000000000000004,[0. 0.]
844,0.0,845,1,False,0.0,423.0,1.0,1,0,2,[1. 0.],[2 1],0.0,0,0.6,0.7,0.30000000000000004,[0. 0.]
845,1.0,846,0,False,1.0,423.0,0.0,1,1,0,[0. 1.],[2 1],,0,0.6,0.7,0.30000000000000004,[0. 0.]
846,0.0,847,1,False,0.0,424.0,1.0,1,0,2,[0. 1.],[2 1],,0,0.6,0.7,0.30000000000000004,[0. 0.]
847,1.0,848,0,False,0.0,424.0,0.0,1,1,0,[0. 0.],[2 1],,0,0.6,0.7,0.30000000000000004,[0. 0.]
848,0.0,849,1,False,0.0,425.0,1.0,1,0,2,[0. 0.],[2 1],,0,0.6,0.7,0.30000000000000004,[0. 0.]
849,1.0,850,0,False,0.0,425.0,0.0,1,1,0,[1. 0.],[2 1],,0,0.6,0.7,0.30000000000000004,[0. 0.]
850,0.0,851,1,False,0.0,426.0,1.0,1,0,2,[1. 0.],[2 1],,0,0.6,0.7,0.30000000000000004,[0. 0.]
851,1.0,852,0,False,1.0,426.0,0.0,1,1,0,[1. 0.],[2 1],,0,0.6,0.7,0.30000000000000004,[0. 0.]
852,0.0,853,1,False,0.0,427.0,1.0,1,0,2,[1. 0.],[2 1],,0,0.6,0.7,0.30000000000000004,[0. 0.]
853,1.0,854,0,False,1.0,427.0,0.0,1,1,0,[1. 0.],[1 2],,0,0.6,0.7,0.30000000000000004,[0. 0.]
854,0.0,855,1,False,0.0,428.0,2.0,1,0,2,[1. 0.],[1 2],,0,0.6,0.7,0.30000000000000004,[0. 0.]
855,2.0,856,0,False,0.0,428.0,0.0,1,1,0,[0. 1.],[1 2],0.0,0,0.6,0.7,0.30000000000000004,[0. 0.]
856,0.0,857,1,False,0.0,429.0,1.0,1,0,2,[0. 1.],[1 2],0.0,0,0.6,0.7,0.30000000000000004,[0. 0.]
857,1.0,858,0,False,1.0,429.0,0.0,1,1,0,[1. 1.],[1 2],1.0,0,0.6,0.7,0.30000000000000004,[0. 0.]
858,0.0,859,1,False,0.0,430.0,2.0,1,0,2,[1. 1.],[1 2],1.0,0,0.6,0.7,0.30000000000000004,[0. 0.]
859,2.0,860,0,False,1.0,430.0,0.0,1,1,0,[1. 1.],[1 2],,0,0.6,0.7,0.30000000000000004,[0. 0.]
860,0.0,861,1,False,0.0,431.0,2.0,1,0,2,[1. 1.],[1 2],,0,0.6,0.7,0.30000000000000004,[0. 0.]
861,2.0,862,0,False,1.0,431.0,0.0,1,1,0,[1. 0.],[1 2],0.0,0,0.6,0.7,0.30000000000000004,[0. 0.]
862,0.0,863,1,False,0.0,432.0,1.0,1,0,2,[1. 0.],[1 2],0.0,0,0.6,0.7,0.30000000000000004,[0. 0.]
863,1.0,864,0,False,0.0,432.0,0.0,1,1,0,[1. 0.],[1 2],,0,0.6,0.7,0.30000000000000004,[0. 0.]
864,0.0,865,1,False,0.0,433.0,2.0,1,0,2,[1. 0.],[1 2],,0,0.6,0.7,0.30000000000000004,[0. 0.]
865,2.0,866,0,False,0.0,433.0,0.0,1,1,0,[1. 0.],[1 2],1.0,0,0.6,0.7,0.30000000000000004,[0. 0.]
866,0.0,867,1,False,0.0,434.0,2.0,1,0,1,[1. 0.],[1 2],1.0,0,0.6,0.7,0.30000000000000004,[0. 0.]
867,2.0,868,0,False,1.0,434.0,0.0,1,1,0,[1. 1.],[1 2],0.0,0,0.6,0.7,0.30000000000000004,[0. 0.]
868,0.0,869,1,False,0.0,435.0,1.0,1,0,1,[1. 1.],[1 2],0.0,0,0.6,0.7,0.30000000000000004,[0. 0.]
869,1.0,870,0,False,1.0,435.0,0.0,1,1,0,[0. 0.],[1 2],,0,0.6,0.7,0.30000000000000004,[0. 0.]
870,0.0,871,1,False,0.0,436.0,1.0,1,0,1,[0. 0.],[1 2],,0,0.6,0.7,0.30000000000000004,[0. 0.]
871,1.0,872,0,False,0.0,436.0,0.0,1,1,0,[1. 0.],[1 2],1.0,0,0.6,0.7,0.30000000000000004,[0. 0.]
872,0.0,873,1,False,0.0,437.0,2.0,1,0,1,[1. 0.],[1 2],1.0,0,0.6,0.7,0.30000000000000004,[0. 0.]
873,2.0,874,0,False,1.0,437.0,0.0,1,1,0,[1. 0.],[1 2],,0,0.6,0.7,0.30000000000000004,[0. 0.]
874,0.0,875,1,False,0.0,438.0,1.0,1,0,1,[1. 0.],[1 2],,0,0.6,0.7,0.30000000000000004,[0. 0.]
875,1.0,876,0,False,1.0,438.0,0.0,1,1,0,[1. 0.],[1 2],0.0,0,0.6,0.7,0.30000000000000004,[0. 0.]
876,0.0,877,1,False,0.0,439.0,1.0,1,0,1,[1. 0.],[1 2],0.0,0,0.6,0.7,0.30000000000000004,[0. 0.]
877,1.0,878,0,False,1.0,439.0,0.0,1,1,0,[0. 0.],[1 2],0.0,0,0.6,0.7,0.30000000000000004,[0. 0.]
878,0.0,879,1,False,0.0,440.0,1.0,1,0,1,[0. 0.],[1 2],0.0,0,0.6,0.7,0.30000000000000004,[0. 0.]
879,1.0,880,0,False,0.0,440.0,0.0,1,1,0,[0. 0.],[1 2],0.0,0,0.6,0.7,0.30000000000000004,[0. 0.]
880,0.0,881,1,False,0.0,441.0,1.0,1,0,1,[0. 0.],[1 2],0.0,0,0.6,0.7,0.30000000000000004,[0. 0.]
881,1.0,882,0,False,0.0,441.0,0.0,1,1,0,[1. 0.],[1 2],0.0,0,0.6,0.7,0.30000000000000004,[0. 0.]
882,0.0,883,1,False,0.0,442.0,1.0,1,0,1,[1. 0.],[1 2],0.0,0,0.6,0.7,0.30000000000000004,[0. 0.]
883,1.0,884,0,False,1.0,442.0,0.0,1,1,0,[1. 0.],[1 2],,0,0.6,0.7,0.30000000000000004,[0. 0.]
884,0.0,885,1,False,0.0,443.0,1.0,1,0,1,[1. 0.],[1 2],,0,0.6,0.7,0.30000000000000004,[0. 0.]
885,1.0,886,0,False,1.0,443.0,0.0,1,1,0,[1. 0.],[1 2],0.0,0,0.6,0.7,0.30000000000000004,[0. 0.]
886,0.0,887,1,False,0.0,444.0,1.0,1,0,1,[1. 0.],[1 2],0.0,0,0.6,0.7,0.30000000000000004,[0. 0.]
887,1.0,888,0,False,1.0,444.0,0.0,1,1,0,[1. 0.],[1 2],0.0,0,0.6,0.7,0.30000000000000004,[0. 0.]
888,0.0,889,1,False,0.0,445.0,1.0,1,0,1,[1. 0.],[1 2],0.0,0,0.6,0.7,0.30000000000000004,[0. 0.]
889,1.0,890,0,False,1.0,445.0,0.0,1,1,0,[1. 0.],[1 2],0.0,0,0.6,0.7,0.30000000000000004,[0. 0.]
890,0.0,891,1,False,0.0,446.0,1.0,1,0,1,[1. 0.],[1 2],0.0,0,0.6,0.7,0.30000000000000004,[0. 0.]
891,1.0,892,0,False,1.0,446.0,0.0,1,1,0,[1. 0.],[1 2],,0,0.6,0.7,0.30000000000000004,[0. 0.]
892,0.0,893,1,False,0.0,447.0,1.0,1,0,1,[1. 0.],[1 2],,0,0.6,0.7,0.30000000000000004,[0. 0.]
893,1.0,894,0,False,1.0,447.0,0.0,1,1,0,[0. 0.],[1 2],0.0,0,0.6,0.7,0.30000000000000004,[0. 0.]
894,0.0,895,1,False,0.0,448.0,1.0,1,0,1,[0. 0.],[1 2],0.0,0,0.6,0.7,0.30000000000000004,[0. 0.]
895,1.0,896,0,False,0.0,448.0,0.0,1,1,0,[1. 0.],[1 2],,0,0.6,0.7,0.30000000000000004,[0. 0.]
896,0.0,897,1,False,0.0,449.0,1.0,1,0,1,[1. 0.],[1 2],,0,0.6,0.7,0.30000000000000004,[0. 0.]
897,1.0,898,0,False,1.0,449.0,0.0,1,1,0,[1. 1.],[1 2],1.0,0,0.6,0.7,0.30000000000000004,[0. 0.]
898,0.0,899,1,False,0.0,450.0,2.0,1,0,1,[1. 1.],[1 2],1.0,0,0.6,0.7,0.30000000000000004,[0. 0.]
899,2.0,900,0,False,1.0,450.0,0.0,1,1,0,[1. 1.],[1 2],,0,0.6,0.7,0.30000000000000004,[0. 0.]
900,0.0,901,1,False,0.0,451.0,1.0,1,0,1,[1. 1.],[1 2],,0,0.6,0.7,0.30000000000000004,[0. 0.]
901,1.0,902,0,False,1.0,451.0,0.0,1,1,0,[1. 0.],[1 2],0.0,0,0.6,0.7,0.30000000000000004,[0. 0.]
902,0.0,903,1,False,0.0,452.0,1.0,1,0,1,[1. 0.],[1 2],0.0,0,0.6,0.7,0.30000000000000004,[0. 0.]
903,1.0,904,0,False,1.0,452.0,0.0,1,1,0,[1. 0.],[1 2],0.0,0,0.6,0.7,0.30000000000000004,[0. 0.]
904,0.0,905,1,False,0.0,453.0,1.0,1,0,1,[1. 0.],[1 2],0.0,0,0.6,0.7,0.30000000000000004,[0. 0.]
905,1.0,906,0,False,1.0,453.0,0.0,1,1,0,[0. 0.],[1 2],,0,0.6,0.7,0.30000000000000004,[0. 0.]
906,0.0,907,1,False,0.0,454.0,1.0,1,0,1,[0. 0.],[1 2],,0,0.6,0.7,0.30000000000000004,[0. 0.]
907,1.0,908,0,False,0.0,454.0,0.0,1,1,0,[1. 0.],[1 2],,0,0.6,0.7,0.30000000000000004,[0. 0.]
908,0.0,909,1,False,0.0,455.0,1.0,1,0,1,[1. 0.],[1 2],,0,0.6,0.7,0.30000000000000004,[0. 0.]
909,1.0,910,0,False,1.0,455.0,0.0,1,1,0,[1. 0.],[1 2],1.0,0,0.6,0.7,0.30000000000000004,[0. 0.]
910,0.0,911,1,False,0.0,456.0,2.0,1,0,1,[1. 0.],[1 2],1.0,0,0.6,0.7,0.30000000000000004,[0. 0.]
911,2.0,912,0,False,1.0,456.0,0.0,1,1,0,[0. 0.],[1 2],0.0,0,0.6,0.7,0.30000000000000004,[0. 0.]
912,0.0,913,1,False,0.0,457.0,1.0,1,0,1,[0. 0.],[1 2],0.0,0,0.6,0.7,0.30000000000000004,[0. 0.]
913,1.0,914,0,False,0.0,457.0,0.0,1,1,0,[0. 0.],[1 2],0.0,0,0.6,0.7,0.30000000000000004,[0. 0.]
914,0.0,915,1,False,0.0,458.0,1.0,1,0,1,[0. 0.],[1 2],0.0,0,0.6,0.7,0.30000000000000004,[0. 0.]
915,1.0,916,0,False,0.0,458.0,0.0,1,1,0,[1. 0.],[1 2],0.0,0,0.6,0.7,0.30000000000000004,[0. 0.]
916,0.0,917,1,False,0.0,459.0,1.0,1,0,1,[1. 0.],[1 2],0.0,0,0.6,0.7,0.30000000000000004,[0. 0.]
917,1.0,918,0,False,1.0,459.0,0.0,1,1,0,[1. 1.],[1 2],1.0,0,0.6,0.7,0.30000000000000004,[0. 0.]
918,0.0,919,1,False,0.0,460.0,2.0,1,0,1,[1. 1.],[1 2],1.0,0,0.6,0.7,0.30000000000000004,[0. 0.]
919,2.0,920,0,False,1.0,460.0,0.0,1,1,0,[0. 0.],[1 2],,0,0.6,0.7,0.30000000000000004,[0. 0.]
920,0.0,921,1,False,0.0,461.0,1.0,1,0,1,[0. 0.],[1 2],,0,0.6,0.7,0.30000000000000004,[0. 0.]
921,1.0,922,0,False,0.0,461.0,0.0,1,1,0,[1. 0.],[1 2],0.0,0,0.6,0.7,0.30000000000000004,[0. 0.]
922,0.0,923,1,False,0.0,462.0,1.0,1,0,1,[1. 0.],[1 2],0.0,0,0.6,0.7,0.30000000000000004,[0. 0.]
923,1.0,924,0,False,1.0,462.0,0.0,1,1,0,[1. 0.],[1 2],,0,0.6,0.7,0.30000000000000004,[0. 0.]
924,0.0,925,1,False,0.0,463.0,1.0,1,0,1,[1. 0.],[1 2],,0,0.6,0.7,0.30000000000000004,[0. 0.]
925,1.0,926,0,False,1.0,463.0,0.0,1,1,0,[0. 0.],[1 2],,0,0.6,0.7,0.30000000000000004,[0. 0.]
926,0.0,927,1,False,0.0,464.0,1.0,1,0,1,[0. 0.],[1 2],,0,0.6,0.7,0.30000000000000004,[0. 0.]
927,1.0,928,0,False,0.0,464.0,0.0,1,1,0,[1. 0.],[1 2],1.0,0,0.6,0.7,0.30000000000000004,[0. 0.]
928,0.0,929,1,False,0.0,465.0,2.0,1,0,1,[1. 0.],[1 2],1.0,0,0.6,0.7,0.30000000000000004,[0. 0.]
929,2.0,930,0,False,1.0,465.0,0.0,1,1,0,[1. 1.],[1 2],1.0,0,0.6,0.7,0.30000000000000004,[0. 0.]
930,0.0,931,1,False,0.0,466.0,2.0,1,0,1,[1. 1.],[1 2],1.0,0,0.6,0.7,0.30000000000000004,[0. 0.]
931,2.0,932,0,False,1.0,466.0,0.0,1,1,0,[1. 0.],[1 2],,0,0.6,0.7,0.30000000000000004,[0. 0.]
932,0.0,933,1,False,0.0,467.0,1.0,1,0,1,[1. 0.],[1 2],,0,0.6,0.7,0.30000000000000004,[0. 0.]
933,1.0,934,0,False,1.0,467.0,0.0,1,1,0,[1. 0.],[1 2],0.0,0,0.6,0.7,0.30000000000000004,[0. 0.]
934,0.0,935,1,False,0.0,468.0,1.0,1,0,1,[1. 0.],[1 2],0.0,0,0.6,0.7,0.30000000000000004,[0. 0.]
935,1.0,936,0,False,1.0,468.0,0.0,1,1,0,[1. 1.],[2 1],1.0,0,0.6,0.7,0.30000000000000004,[0. 0.]
936,0.0,937,1,False,0.0,469.0,2.0,1,0,1,[1. 1.],[2 1],1.0,0,0.6,0.7,0.30000000000000004,[0. 0.]
937,2.0,938,0,False,1.0,469.0,0.0,1,1,0,[1. 0.],[2 1],1.0,0,0.6,0.7,0.30000000000000004,[0. 0.]
938,0.0,939,1,False,0.0,470.0,2.0,1,0,1,[1. 0.],[2 1],1.0,0,0.6,0.7,0.30000000000000004,[0. 0.]
939,2.0,940,0,False,0.0,470.0,0.0,1,1,0,[0. 1.],[2 1],0.0,0,0.6,0.7,0.30000000000000004,[0. 0.]
940,0.0,941,1,False,0.0,471.0,1.0,1,0,1,[0. 1.],[2 1],0.0,0,0.6,0.7,0.30000000000000004,[0. 0.]
941,1.0,942,0,False,1.0,471.0,0.0,1,1,0,[1. 0.],[2 1],0.0,0,0.6,0.7,0.30000000000000004,[0. 0.]
942,0.0,943,1,False,0.0,472.0,1.0,1,0,1,[1. 0.],[2 1],0.0,0,0.6,0.7,0.30000000000000004,[0. 0.]
943,1.0,944,0,False,0.0,472.0,0.0,1,1,0,[1. 0.],[2 1],1.0,0,0.6,0.7,0.30000000000000004,[0. 0.]
944,0.0,945,1,False,0.0,473.0,2.0,1,0,1,[1. 0.],[2 1],1.0,0,0.6,0.7,0.30000000000000004,[0. 0.]
945,2.0,946,0,False,0.0,473.0,0.0,1,1,0,[1. 0.],[2 1],0.0,0,0.6,0.7,0.30000000000000004,[0. 0.]
946,0.0,947,1,False,0.0,474.0,1.0,1,0,2,[1. 0.],[2 1],0.0,0,0.6,0.7,0.30000000000000004,[0. 0.]
947,1.0,948,0,False,1.0,474.0,0.0,1,1,0,[0. 0.],[2 1],,0,0.6,0.7,0.30000000000000004,[0. 0.]
948,0.0,949,1,False,0.0,475.0,1.0,1,0,2,[0. 0.],[2 1],,0,0.6,0.7,0.30000000000000004,[0. 0.]
949,1.0,950,0,False,0.0,475.0,0.0,1,1,0,[1. 1.],[2 1],1.0,0,0.6,0.7,0.30000000000000004,[0. 0.]
950,0.0,951,1,False,0.0,476.0,2.0,1,0,2,[1. 1.],[2 1],1.0,0,0.6,0.7,0.30000000000000004,[0. 0.]
951,2.0,952,0,False,1.0,476.0,0.0,1,1,0,[0. 0.],[2 1],0.0,0,0.6,0.7,0.30000000000000004,[0. 0.]
952,0.0,953,1,False,0.0,477.0,1.0,1,0,2,[0. 0.],[2 1],0.0,0,0.6,0.7,0.30000000000000004,[0. 0.]
953,1.0,954,0,False,0.0,477.0,0.0,1,1,0,[0. 0.],[2 1],0.0,0,0.6,0.7,0.30000000000000004,[0. 0.]
954,0.0,955,1,False,0.0,478.0,1.0,1,0,2,[0. 0.],[2 1],0.0,0,0.6,0.7,0.30000000000000004,[0. 0.]
955,1.0,956,0,False,0.0,478.0,0.0,1,1,0,[0. 1.],[2 1],1.0,0,0.6,0.7,0.30000000000000004,[0. 0.]
956,0.0,957,1,False,0.0,479.0,2.0,1,0,1,[0. 1.],[2 1],1.0,0,0.6,0.7,0.30000000000000004,[0. 0.]
957,2.0,958,0,False,1.0,479.0,0.0,1,1,0,[0. 0.],[2 1],1.0,0,0.6,0.7,0.30000000000000004,[0. 0.]
958,0.0,959,1,False,0.0,480.0,2.0,1,0,1,[0. 0.],[2 1],1.0,0,0.6,0.7,0.30000000000000004,[0. 0.]
959,2.0,960,0,False,0.0,480.0,0.0,1,1,0,[1. 0.],[2 1],,0,0.6,0.7,0.30000000000000004,[0. 0.]
960,0.0,961,1,False,0.0,481.0,2.0,1,0,1,[1. 0.],[2 1],,0,0.6,0.7,0.30000000000000004,[0. 0.]
961,2.0,962,0,False,0.0,481.0,0.0,1,1,0,[1. 0.],[2 1],0.0,0,0.6,0.7,0.30000000000000004,[0. 0.]
962,0.0,963,1,False,0.0,482.0,1.0,1,0,2,[1. 0.],[2 1],0.0,0,0.6,0.7,0.30000000000000004,[0. 0.]
963,1.0,964,0,False,1.0,482.0,0.0,1,1,0,[1. 1.],[2 1],,0,0.6,0.7,0.30000000000000004,[0. 0.]
964,0.0,965,1,False,0.0,483.0,1.0,1,0,2,[1. 1.],[2 1],,0,0.6,0.7,0.30000000000000004,[0. 0.]
965,1.0,966,0,False,1.0,483.0,0.0,1,1,0,[1. 0.],[2 1],,0,0.6,0.7,0.30000000000000004,[0. 0.]
966,0.0,967,1,False,0.0,484.0,1.0,1,0,2,[1. 0.],[2 1],,0,0.6,0.7,0.30000000000000004,[0. 0.]
967,1.0,968,0,False,1.0,484.0,0.0,1,1,0,[1. 0.],[2 1],0.0,0,0.6,0.7,0.30000000000000004,[0. 0.]
968,0.0,969,1,False,0.0,485.0,1.0,1,0,2,[1. 0.],[2 1],0.0,0,0.6,0.7,0.30000000000000004,[0. 0.]
969,1.0,970,0,False,1.0,485.0,0.0,1,1,0,[1. 0.],[2 1],0.0,0,0.6,0.7,0.30000000000000004,[0. 0.]
970,0.0,971,1,False,0.0,486.0,1.0,1,0,2,[1. 0.],[2 1],0.0,0,0.6,0.7,0.30000000000000004,[0. 0.]
971,1.0,972,0,False,1.0,486.0,0.0,1,1,0,[1. 1.],[2 1],,0,0.6,0.7,0.30000000000000004,[0. 0.]
972,0.0,973,1,False,0.0,487.0,1.0,1,0,2,[1. 1.],[2 1],,0,0.6,0.7,0.30000000000000004,[0. 0.]
973,1.0,974,0,False,1.0,487.0,0.0,1,1,0,[0. 0.],[2 1],1.0,0,0.6,0.7,0.30000000000000004,[0. 0.]
974,0.0,975,1,False,0.0,488.0,2.0,1,0,2,[0. 0.],[2 1],1.0,0,0.6,0.7,0.30000000000000004,[0. 0.]
975,2.0,976,0,False,0.0,488.0,0.0,1,1,0,[1. 0.],[2 1],0.0,0,0.6,0.7,0.30000000000000004,[0. 0.]
976,0.0,977,1,False,0.0,489.0,1.0,1,0,2,[1. 0.],[2 1],0.0,0,0.6,0.7,0.30000000000000004,[0. 0.]
977,1.0,978,0,False,1.0,489.0,0.0,1,1,0,[0. 0.],[2 1],,0,0.6,0.7,0.30000000000000004,[0. 0.]
978,0.0,979,1,False,0.0,490.0,1.0,1,0,2,[0. 0.],[2 1],,0,0.6,0.7,0.30000000000000004,[0. 0.]
979,1.0,980,0,False,0.0,490.0,0.0,1,1,0,[0. 0.],[2 1],1.0,0,0.6,0.7,0.30000000000000004,[0. 0.]
980,0.0,981,1,False,0.0,491.0,2.0,1,0,2,[0. 0.],[2 1],1.0,0,0.6,0.7,0.30000000000000004,[0. 0.]
981,2.0,982,0,False,0.0,491.0,0.0,1,1,0,[1. 0.],[2 1],,0,0.6,0.7,0.30000000000000004,[0. 0.]
982,0.0,983,1,False,0.0,492.0,2.0,1,0,1,[1. 0.],[2 1],,0,0.6,0.7,0.30000000000000004,[0. 0.]
983,2.0,984,0,False,0.0,492.0,0.0,1,1,0,[1. 0.],[2 1],0.0,0,0.6,0.7,0.30000000000000004,[0. 0.]
984,0.0,985,1,False,0.0,493.0,1.0,1,0,2,[1. 0.],[2 1],0.0,0,0.6,0.7,0.30000000000000004,[0. 0.]
985,1.0,986,0,False,1.0,493.0,0.0,1,1,0,[1. 0.],[2 1],,0,0.6,0.7,0.30000000000000004,[0. 0.]
986,0.0,987,1,False,0.0,494.0,1.0,1,0,2,[1. 0.],[2 1],,0,0.6,0.7,0.30000000000000004,[0. 0.]
987,1.0,988,0,False,1.0,494.0,0.0,1,1,0,[1. 1.],[2 1],,0,0.6,0.7,0.30000000000000004,[0. 0.]
988,0.0,989,1,False,0.0,495.0,1.0,1,0,2,[1. 1.],[2 1],,0,0.6,0.7,0.30000000000000004,[0. 0.]
989,1.0,990,0,False,1.0,495.0,0.0,1,1,0,[0. 0.],[1 2],,0,0.6,0.7,0.30000000000000004,[0. 0.]
990,0.0,991,1,False,0.0,496.0,2.0,1,0,2,[0. 0.],[1 2],,0,0.6,0.7,0.30000000000000004,[0. 0.]
991,2.0,992,0,False,0.0,496.0,0.0,1,1,0,[1. 0.],[1 2],1.0,0,0.6,0.7,0.30000000000000004,[0. 0.]
992,0.0,993,1,False,0.0,497.0,2.0,1,0,2,[1. 0.],[1 2],1.0,0,0.6,0.7,0.30000000000000004,[0. 0.]
993,2.0,994,0,False,0.0,497.0,0.0,1,1,0,[0. 1.],[1 2],,0,0.6,0.7,0.30000000000000004,[0. 0.]
994,0.0,995,1,False,0.0,498.0,1.0,1,0,1,[0. 1.],[1 2],,0,0.6,0.7,0.30000000000000004,[0. 0.]
995,1.0,996,0,False,0.0,498.0,0.0,1,1,0,[1. 0.],[1 2],0.0,0,0.6,0.7,0.30000000000000004,[0. 0.]
996,0.0,997,1,False,0.0,499.0,1.0,1,0,1,[1. 0.],[1 2],0.0,0,0.6,0.7,0.30000000000000004,[0. 0.]
997,1.0,998,0,False,1.0,499.0,0.0,1,1,0,[0. 1.],[1 2],1.0,1,0.6,0.7,0.30000000000000004,[0. 0.]
998,0.0,999,1,False,0.0,500.0,2.0,1,0,1,[0. 1.],[1 2],1.0,1,0.6,0.7,0.30000000000000004,[0. 0.]
999,2.0,1000,0,False,0.0,500.0,0.0,1,1,0,[0. 1.],[1 2],1.0,1,0.6,0.7,0.30000000000000004,[0. 0.]
1000,0.0,1001,1,False,0.0,501.0,2.0,1,0,1,[0. 1.],[1 2],1.0,1,0.6,0.7,0.30000000000000004,[0. 0.]
1001,2.0,1002,0,False,0.0,501.0,0.0,1,1,0,[0. 1.],[1 2],0.0,1,0.6,0.7,0.30000000000000004,[0. 0.]
1002,0.0,1003,1,False,0.0,502.0,1.0,1,0,2,[0. 1.],[1 2],0.0,1,0.6,0.7,0.30000000000000004,[0. 0.]
1003,1.0,1004,0,False,1.0,502.0,0.0,1,1,0,[1. 0.],[1 2],,1,0.6,0.7,0.30000000000000004,[0. 0.]
1004,0.0,1005,1,False,0.0,503.0,2.0,1,0,2,[1. 0.],[1 2],,1,0.6,0.7,0.30000000000000004,[0. 0.]
1005,2.0,1006,0,False,0.0,503.0,0.0,1,1,0,[0. 1.],[1 2],1.0,1,0.6,0.7,0.30000000000000004,[0. 0.]
1006,0.0,1007,1,False,0.0,504.0,2.0,1,0,1,[0. 1.],[1 2],1.0,1,0.6,0.7,0.30000000000000004,[0. 0.]
1007,2.0,1008,0,False,0.0,504.0,0.0,1,1,0,[1. 0.],[1 2],0.0,1,0.6,0.7,0.30000000000000004,[0. 0.]
1008,0.0,1009,1,False,0.0,505.0,1.0,1,0,2,[1. 0.],[1 2],0.0,1,0.6,0.7,0.30000000000000004,[0. 0.]
1009,1.0,1010,0,False,0.0,505.0,0.0,1,1,0,[0. 1.],[1 2],,1,0.6,0.7,0.30000000000000004,[0. 0.]
1010,0.0,1011,1,False,0.0,506.0,1.0,1,0,1,[0. 1.],[1 2],,1,0.6,0.7,0.30000000000000004,[0. 0.]
1011,1.0,1012,0,False,0.0,506.0,0.0,1,1,0,[1. 1.],[1 2],0.0,1,0.6,0.7,0.30000000000000004,[0. 0.]
1012,0.0,1013,1,False,0.0,507.0,1.0,1,0,1,[1. 1.],[1 2],0.0,1,0.6,0.7,0.30000000000000004,[0. 0.]
1013,1.0,1014,0,False,1.0,507.0,0.0,1,1,0,[0. 1.],[1 2],,1,0.6,0.7,0.30000000000000004,[0. 0.]
1014,0.0,1015,1,False,0.0,508.0,1.0,1,0,1,[0. 1.],[1 2],,1,0.6,0.7,0.30000000000000004,[0. 0.]
1015,1.0,1016,0,False,0.0,508.0,0.0,1,1,0,[1. 1.],[1 2],0.0,1,0.6,0.7,0.30000000000000004,[0. 0.]
1016,0.0,1017,1,False,0.0,509.0,1.0,1,0,1,[1. 1.],[1 2],0.0,1,0.6,0.7,0.30000000000000004,[0. 0.]
1017,1.0,1018,0,False,1.0,509.0,0.0,1,1,0,[0. 1.],[1 2],,1,0.6,0.7,0.30000000000000004,[0. 0.]
1018,0.0,1019,1,False,0.0,510.0,1.0,1,0,1,[0. 1.],[1 2],,1,0.6,0.7,0.30000000000000004,[0. 0.]
1019,1.0,1020,0,False,0.0,510.0,0.0,1,1,0,[0. 1.],[1 2],0.0,1,0.6,0.7,0.30000000000000004,[0. 0.]
1020,0.0,1021,1,False,0.0,511.0,1.0,1,0,1,[0. 1.],[1 2],0.0,1,0.6,0.7,0.30000000000000004,[0. 0.]
1021,1.0,1022,0,False,0.0,511.0,0.0,1,1,0,[1. 1.],[1 2],0.0,1,0.6,0.7,0.30000000000000004,[0. 0.]
1022,0.0,1023,1,False,0.0,512.0,1.0,1,0,1,[1. 1.],[1 2],0.0,1,0.6,0.7,0.30000000000000004,[0. 0.]
1023,1.0,1024,0,False,1.0,512.0,0.0,1,1,0,[0. 1.],[1 2],,1,0.6,0.7,0.30000000000000004,[0. 0.]
1024,0.0,1025,1,False,0.0,513.0,1.0,1,0,1,[0. 1.],[1 2],,1,0.6,0.7,0.30000000000000004,[0. 0.]
1025,1.0,1026,0,False,0.0,513.0,0.0,1,1,0,[1. 0.],[1 2],1.0,1,0.6,0.7,0.30000000000000004,[0. 0.]
1026,0.0,1027,1,False,0.0,514.0,2.0,1,0,1,[1. 0.],[1 2],1.0,1,0.6,0.7,0.30000000000000004,[0. 0.]
1027,2.0,1028,0,False,1.0,514.0,0.0,1,1,0,[1. 1.],[1 2],,1,0.6,0.7,0.30000000000000004,[0. 0.]
1028,0.0,1029,1,False,0.0,515.0,1.0,1,0,1,[1. 1.],[1 2],,1,0.6,0.7,0.30000000000000004,[0. 0.]
1029,1.0,1030,0,False,1.0,515.0,0.0,1,1,0,[0. 1.],[1 2],,1,0.6,0.7,0.30000000000000004,[0. 0.]
1030,0.0,1031,1,False,0.0,516.0,1.0,1,0,1,[0. 1.],[1 2],,1,0.6,0.7,0.30000000000000004,[0. 0.]
1031,1.0,1032,0,False,0.0,516.0,0.0,1,1,0,[1. 1.],[1 2],0.0,1,0.6,0.7,0.30000000000000004,[0. 0.]
1032,0.0,1033,1,False,0.0,517.0,1.0,1,0,1,[1. 1.],[1 2],0.0,1,0.6,0.7,0.30000000000000004,[0. 0.]
1033,1.0,1034,0,False,1.0,517.0,0.0,1,1,0,[1. 1.],[1 2],,1,0.6,0.7,0.30000000000000004,[0. 0.]
1034,0.0,1035,1,False,0.0,518.0,1.0,1,0,1,[1. 1.],[1 2],,1,0.6,0.7,0.30000000000000004,[0. 0.]
1035,1.0,1036,0,False,1.0,518.0,0.0,1,1,0,[0. 1.],[1 2],,1,0.6,0.7,0.30000000000000004,[0. 0.]
1036,0.0,1037,1,False,0.0,519.0,1.0,1,0,1,[0. 1.],[1 2],,1,0.6,0.7,0.30000000000000004,[0. 0.]
1037,1.0,1038,0,False,0.0,519.0,0.0,1,1,0,[0. 1.],[1 2],1.0,1,0.6,0.7,0.30000000000000004,[0. 0.]
1038,0.0,1039,1,False,0.0,520.0,2.0,1,0,1,[0. 1.],[1 2],1.0,1,0.6,0.7,0.30000000000000004,[0. 0.]
1039,2.0,1040,0,False,0.0,520.0,0.0,1,1,0,[1. 1.],[1 2],0.0,1,0.6,0.7,0.30000000000000004,[0. 0.]
1040,0.0,1041,1,False,0.0,521.0,1.0,1,0,1,[1. 1.],[1 2],0.0,1,0.6,0.7,0.30000000000000004,[0. 0.]
1041,1.0,1042,0,False,1.0,521.0,0.0,1,1,0,[0. 1.],[1 2],0.0,1,0.6,0.7,0.30000000000000004,[0. 0.]
1042,0.0,1043,1,False,0.0,522.0,1.0,1,0,1,[0. 1.],[1 2],0.0,1,0.6,0.7,0.30000000000000004,[0. 0.]
1043,1.0,1044,0,False,0.0,522.0,0.0,1,1,0,[0. 0.],[1 2],1.0,1,0.6,0.7,0.30000000000000004,[0. 0.]
1044,0.0,1045,1,False,0.0,523.0,2.0,1,0,1,[0. 0.],[1 2],1.0,1,0.6,0.7,0.30000000000000004,[0. 0.]
1045,2.0,1046,0,False,0.0,523.0,0.0,1,1,0,[0. 0.],[1 2],1.0,1,0.6,0.7,0.30000000000000004,[0. 0.]
1046,0.0,1047,1,False,0.0,524.0,2.0,1,0,2,[0. 0.],[1 2],1.0,1,0.6,0.7,0.30000000000000004,[0. 0.]
1047,2.0,1048,0,False,0.0,524.0,0.0,1,1,0,[0. 1.],[2 1],0.0,1,0.6,0.7,0.30000000000000004,[0. 0.]
1048,0.0,1049,1,False,0.0,525.0,1.0,1,0,1,[0. 1.],[2 1],0.0,1,0.6,0.7,0.30000000000000004,[0. 0.]
1049,1.0,1050,0,False,1.0,525.0,0.0,1,1,0,[1. 1.],[2 1],,1,0.6,0.7,0.30000000000000004,[0. 0.]
1050,0.0,1051,1,False,0.0,526.0,2.0,1,0,1,[1. 1.],[2 1],,1,0.6,0.7,0.30000000000000004,[0. 0.]
1051,2.0,1052,0,False,1.0,526.0,0.0,1,1,0,[0. 0.],[2 1],,1,0.6,0.7,0.30000000000000004,[0. 0.]
1052,0.0,1053,1,False,0.0,527.0,2.0,1,0,1,[0. 0.],[2 1],,1,0.6,0.7,0.30000000000000004,[0. 0.]
1053,2.0,1054,0,False,0.0,527.0,0.0,1,1,0,[0. 1.],[2 1],0.0,1,0.6,0.7,0.30000000000000004,[0. 0.]
1054,0.0,1055,1,False,0.0,528.0,1.0,1,0,1,[0. 1.],[2 1],0.0,1,0.6,0.7,0.30000000000000004,[0. 0.]
1055,1.0,1056,0,False,1.0,528.0,0.0,1,1,0,[0. 1.],[2 1],,1,0.6,0.7,0.30000000000000004,[0. 0.]
1056,0.0,1057,1,False,0.0,529.0,2.0,1,0,1,[0. 1.],[2 1],,1,0.6,0.7,0.30000000000000004,[0. 0.]
1057,2.0,1058,0,False,1.0,529.0,0.0,1,1,0,[0. 0.],[2 1],1.0,1,0.6,0.7,0.30000000000000004,[0. 0.]
1058,0.0,1059,1,False,0.0,530.0,2.0,1,0,1,[0. 0.],[2 1],1.0,1,0.6,0.7,0.30000000000000004,[0. 0.]
1059,2.0,1060,0,False,0.0,530.0,0.0,1,1,0,[0. 1.],[2 1],1.0,1,0.6,0.7,0.30000000000000004,[0. 0.]
1060,0.0,1061,1,False,0.0,531.0,2.0,1,0,1,[0. 1.],[2 1],1.0,1,0.6,0.7,0.30000000000000004,[0. 0.]
1061,2.0,1062,0,False,1.0,531.0,0.0,1,1,0,[1. 0.],[2 1],,0,0.6,0.7,0.30000000000000004,[0. 0.]
1062,0.0,1063,1,False,0.0,532.0,2.0,1,0,1,[1. 0.],[2 1],,0,0.6,0.7,0.30000000000000004,[0. 0.]
1063,2.0,1064,0,False,0.0,532.0,0.0,1,1,0,[1. 1.],[2 1],0.0,0,0.6,0.7,0.30000000000000004,[0. 0.]
1064,0.0,1065,1,False,0.0,533.0,1.0,1,0,1,[1. 1.],[2 1],0.0,0,0.6,0.7,0.30000000000000004,[0. 0.]
1065,1.0,1066,0,False,1.0,533.0,0.0,1,1,0,[1. 0.],[2 1],,0,0.6,0.7,0.30000000000000004,[0. 0.]
1066,0.0,1067,1,False,0.0,534.0,2.0,1,0,1,[1. 0.],[2 1],,0,0.6,0.7,0.30000000000000004,[0. 0.]
1067,2.0,1068,0,False,0.0,534.0,0.0,1,1,0,[1. 0.],[2 1],,0,0.6,0.7,0.30000000000000004,[0. 0.]
1068,0.0,1069,1,False,0.0,535.0,2.0,1,0,1,[1. 0.],[2 1],,0,0.6,0.7,0.30000000000000004,[0. 0.]
1069,2.0,1070,0,False,0.0,535.0,0.0,1,1,0,[0. 0.],[2 1],0.0,0,0.6,0.7,0.30000000000000004,[0. 0.]
1070,0.0,1071,1,False,0.0,536.0,1.0,1,0,2,[0. 0.],[2 1],0.0,0,0.6,0.7,0.30000000000000004,[0. 0.]
1071,1.0,1072,0,False,0.0,536.0,0.0,1,1,0,[1. 0.],[2 1],0.0,0,0.6,0.7,0.30000000000000004,[0. 0.]
1072,0.0,1073,1,False,0.0,537.0,1.0,1,0,1,[1. 0.],[2 1],0.0,0,0.6,0.7,0.30000000000000004,[0. 0.]
1073,1.0,1074,0,False,0.0,537.0,0.0,1,1,0,[0. 1.],[2 1],1.0,0,0.6,0.7,0.30000000000000004,[0. 0.]
1074,0.0,1075,1,False,0.0,538.0,2.0,1,0,2,[0. 1.],[2 1],1.0,0,0.6,0.7,0.30000000000000004,[0. 0.]
1075,2.0,1076,0,False,0.0,538.0,0.0,1,1,0,[1. 1.],[2 1],,0,0.6,0.7,0.30000000000000004,[0. 0.]
1076,0.0,1077,1,False,0.0,539.0,2.0,1,0,1,[1. 1.],[2 1],,0,0.6,0.7,0.30000000000000004,[0. 0.]
1077,2.0,1078,0,False,1.0,539.0,0.0,1,1,0,[0. 1.],[2 1],1.0,0,0.6,0.7,0.30000000000000004,[0. 0.]
1078,0.0,1079,1,False,0.0,540.0,2.0,1,0,1,[0. 1.],[2 1],1.0,0,0.6,0.7,0.30000000000000004,[0. 0.]
1079,2.0,1080,0,False,1.0,540.0,0.0,1,1,0,[1. 0.],[2 1],,0,0.6,0.7,0.30000000000000004,[0. 0.]
1080,0.0,1081,1,False,0.0,541.0,2.0,1,0,1,[1. 0.],[2 1],,0,0.6,0.7,0.30000000000000004,[0. 0.]
1081,2.0,1082,0,False,0.0,541.0,0.0,1,1,0,[1. 0.],[2 1],,0,0.6,0.7,0.30000000000000004,[0. 0.]
1082,0.0,1083,1,False,0.0,542.0,2.0,1,0,1,[1. 0.],[2 1],,0,0.6,0.7,0.30000000000000004,[0. 0.]
1083,2.0,1084,0,False,0.0,542.0,0.0,1,1,0,[0. 0.],[2 1],0.0,0,0.6,0.7,0.30000000000000004,[0. 0.]
1084,0.0,1085,1,False,0.0,543.0,1.0,1,0,1,[0. 0.],[2 1],0.0,0,0.6,0.7,0.30000000000000004,[0. 0.]
1085,1.0,1086,0,False,0.0,543.0,0.0,1,1,0,[1. 1.],[2 1],1.0,0,0.6,0.7,0.30000000000000004,[0. 0.]
1086,0.0,1087,1,False,0.0,544.0,2.0,1,0,1,[1. 1.],[2 1],1.0,0,0.6,0.7,0.30000000000000004,[0. 0.]
1087,2.0,1088,0,False,1.0,544.0,0.0,1,1,0,[1. 0.],[2 1],0.0,0,0.6,0.7,0.30000000000000004,[0. 0.]
1088,0.0,1089,1,False,0.0,545.0,1.0,1,0,1,[1. 0.],[2 1],0.0,0,0.6,0.7,0.30000000000000004,[0. 0.]
1089,1.0,1090,0,False,0.0,545.0,0.0,1,1,0,[1. 1.],[2 1],1.0,0,0.6,0.7,0.30000000000000004,[0. 0.]
1090,0.0,1091,1,False,0.0,546.0,2.0,1,0,1,[1. 1.],[2 1],1.0,0,0.6,0.7,0.30000000000000004,[0. 0.]
1091,2.0,1092,0,False,1.0,546.0,0.0,1,1,0,[1. 0.],[2 1],,0,0.6,0.7,0.30000000000000004,[0. 0.]
1092,0.0,1093,1,False,0.0,547.0,2.0,1,0,1,[1. 0.],[2 1],,0,0.6,0.7,0.30000000000000004,[0. 0.]
1093,2.0,1094,0,False,0.0,547.0,0.0,1,1,0,[0. 0.],[2 1],0.0,0,0.6,0.7,0.30000000000000004,[0. 0.]
1094,0.0,1095,1,False,0.0,548.0,1.0,1,0,1,[0. 0.],[2 1],0.0,0,0.6,0.7,0.30000000000000004,[0. 0.]
1095,1.0,1096,0,False,0.0,548.0,0.0,1,1,0,[1. 0.],[2 1],1.0,0,0.6,0.7,0.30000000000000004,[0. 0.]
1096,0.0,1097,1,False,0.0,549.0,2.0,1,0,1,[1. 0.],[2 1],1.0,0,0.6,0.7,0.30000000000000004,[0. 0.]
1097,2.0,1098,0,False,0.0,549.0,0.0,1,1,0,[1. 0.],[2 1],0.0,0,0.6,0.7,0.30000000000000004,[0. 0.]
1098,0.0,1099,1,False,0.0,550.0,1.0,1,0,2,[1. 0.],[2 1],0.0,0,0.6,0.7,0.30000000000000004,[0. 0.]
1099,1.0,1100,0,False,1.0,550.0,0.0,1,1,0,[1. 0.],[2 1],0.0,0,0.6,0.7,0.30000000000000004,[0. 0.]
1100,0.0,1101,1,False,0.0,551.0,1.0,1,0,2,[1. 0.],[2 1],0.0,0,0.6,0.7,0.30000000000000004,[0. 0.]
1101,1.0,1102,0,False,1.0,551.0,0.0,1,1,0,[0. 1.],[2 1],1.0,0,0.6,0.7,0.30000000000000004,[0. 0.]
1102,0.0,1103,1,False,0.0,552.0,2.0,1,0,2,[0. 1.],[2 1],1.0,0,0.6,0.7,0.30000000000000004,[0. 0.]
1103,2.0,1104,0,False,0.0,552.0,0.0,1,1,0,[0. 0.],[2 1],,0,0.6,0.7,0.30000000000000004,[0. 0.]
1104,0.0,1105,1,False,0.0,553.0,1.0,1,0,2,[0. 0.],[2 1],,0,0.6,0.7,0.30000000000000004,[0. 0.]
1105,1.0,1106,0,False,0.0,553.0,0.0,1,1,0,[1. 0.],[2 1],0.0,0,0.6,0.7,0.30000000000000004,[0. 0.]
1106,0.0,1107,1,False,0.0,554.0,1.0,1,0,1,[1. 0.],[2 1],0.0,0,0.6,0.7,0.30000000000000004,[0. 0.]
1107,1.0,1108,0,False,0.0,554.0,0.0,1,1,0,[0. 0.],[2 1],1.0,0,0.6,0.7,0.30000000000000004,[0. 0.]
1108,0.0,1109,1,False,0.0,555.0,2.0,1,0,2,[0. 0.],[2 1],1.0,0,0.6,0.7,0.30000000000000004,[0. 0.]
1109,2.0,1110,0,False,0.0,555.0,0.0,1,1,0,[1. 1.],[2 1],1.0,0,0.6,0.7,0.30000000000000004,[0. 0.]
1110,0.0,1111,1,False,0.0,556.0,2.0,1,0,1,[1. 1.],[2 1],1.0,0,0.6,0.7,0.30000000000000004,[0. 0.]
1111,2.0,1112,0,False,1.0,556.0,0.0,1,1,0,[1. 0.],[2 1],0.0,0,0.6,0.7,0.30000000000000004,[0. 0.]
1112,0.0,1113,1,False,0.0,557.0,1.0,1,0,1,[1. 0.],[2 1],0.0,0,0.6,0.7,0.30000000000000004,[0. 0.]
1113,1.0,1114,0,False,0.0,557.0,0.0,1,1,0,[1. 0.],[2 1],,0,0.6,0.7,0.30000000000000004,[0. 0.]
1114,0.0,1115,1,False,0.0,558.0,2.0,1,0,1,[1. 0.],[2 1],,0,0.6,0.7,0.30000000000000004,[0. 0.]
1115,2.0,1116,0,False,0.0,558.0,0.0,1,1,0,[1. 0.],[2 1],0.0,0,0.6,0.7,0.30000000000000004,[0. 0.]
1116,0.0,1117,1,False,0.0,559.0,1.0,1,0,1,[1. 0.],[2 1],0.0,0,0.6,0.7,0.30000000000000004,[0. 0.]
1117,1.0,1118,0,False,0.0,559.0,0.0,1,1,0,[1. 1.],[2 1],,0,0.6,0.7,0.30000000000000004,[0. 0.]
1118,0.0,1119,1,False,0.0,560.0,1.0,1,0,2,[1. 1.],[2 1],,0,0.6,0.7,0.30000000000000004,[0. 0.]
1119,1.0,1120,0,False,1.0,560.0,0.0,1,1,0,[1. 0.],[2 1],1.0,0,0.6,0.7,0.30000000000000004,[0. 0.]
1120,0.0,1121,1,False,0.0,561.0,2.0,1,0,2,[1. 0.],[2 1],1.0,0,0.6,0.7,0.30000000000000004,[0. 0.]
1121,2.0,1122,0,False,1.0,561.0,0.0,1,1,0,[1. 0.],[2 1],0.0,0,0.6,0.7,0.30000000000000004,[0. 0.]
1122,0.0,1123,1,False,0.0,562.0,1.0,1,0,2,[1. 0.],[2 1],0.0,0,0.6,0.7,0.30000000000000004,[0. 0.]
1123,1.0,1124,0,False,1.0,562.0,0.0,1,1,0,[1. 0.],[2 1],,0,0.6,0.7,0.30000000000000004,[0. 0.]
1124,0.0,1125,1,False,0.0,563.0,1.0,1,0,2,[1. 0.],[2 1],,0,0.6,0.7,0.30000000000000004,[0. 0.]
1125,1.0,1126,0,False,1.0,563.0,0.0,1,1,0,[1. 0.],[2 1],,0,0.6,0.7,0.30000000000000004,[0. 0.]
1126,0.0,1127,1,False,0.0,564.0,1.0,1,0,2,[1. 0.],[2 1],,0,0.6,0.7,0.30000000000000004,[0. 0.]
1127,1.0,1128,0,False,1.0,564.0,0.0,1,1,0,[1. 0.],[2 1],,0,0.6,0.7,0.30000000000000004,[0. 0.]
1128,0.0,1129,1,False,0.0,565.0,1.0,1,0,2,[1. 0.],[2 1],,0,0.6,0.7,0.30000000000000004,[0. 0.]
1129,1.0,1130,0,False,1.0,565.0,0.0,1,1,0,[1. 0.],[2 1],1.0,0,0.6,0.7,0.30000000000000004,[0. 0.]
1130,0.0,1131,1,False,0.0,566.0,2.0,1,0,2,[1. 0.],[2 1],1.0,0,0.6,0.7,0.30000000000000004,[0. 0.]
1131,2.0,1132,0,False,1.0,566.0,0.0,1,1,0,[0. 0.],[2 1],1.0,0,0.6,0.7,0.30000000000000004,[0. 0.]
1132,0.0,1133,1,False,0.0,567.0,2.0,1,0,2,[0. 0.],[2 1],1.0,0,0.6,0.7,0.30000000000000004,[0. 0.]
1133,2.0,1134,0,False,0.0,567.0,0.0,1,1,0,[0. 0.],[2 1],,0,0.6,0.7,0.30000000000000004,[0. 0.]
1134,0.0,1135,1,False,0.0,568.0,1.0,1,0,2,[0. 0.],[2 1],,0,0.6,0.7,0.30000000000000004,[0. 0.]
1135,1.0,1136,0,False,0.0,568.0,0.0,1,1,0,[0. 0.],[2 1],,0,0.6,0.7,0.30000000000000004,[0. 0.]
1136,0.0,1137,1,False,0.0,569.0,1.0,1,0,2,[0. 0.],[2 1],,0,0.6,0.7,0.30000000000000004,[0. 0.]
1137,1.0,1138,0,False,0.0,569.0,0.0,1,1,0,[0. 0.],[1 2],0.0,0,0.6,0.7,0.30000000000000004,[0. 0.]
1138,0.0,1139,1,False,0.0,570.0,1.0,1,0,1,[0. 0.],[1 2],0.0,0,0.6,0.7,0.30000000000000004,[0. 0.]
1139,1.0,1140,0,False,0.0,570.0,0.0,1,1,0,[1. 1.],[1 2],1.0,0,0.6,0.7,0.30000000000000004,[0. 0.]
1140,0.0,1141,1,False,0.0,571.0,2.0,1,0,2,[1. 1.],[1 2],1.0,0,0.6,0.7,0.30000000000000004,[0. 0.]
1141,2.0,1142,0,False,1.0,571.0,0.0,1,1,0,[1. 1.],[1 2],,0,0.6,0.7,0.30000000000000004,[0. 0.]
1142,0.0,1143,1,False,0.0,572.0,2.0,1,0,2,[1. 1.],[1 2],,0,0.6,0.7,0.30000000000000004,[0. 0.]
1143,2.0,1144,0,False,1.0,572.0,0.0,1,1,0,[1. 0.],[1 2],,0,0.6,0.7,0.30000000000000004,[0. 0.]
1144,0.0,1145,1,False,0.0,573.0,2.0,1,0,2,[1. 0.],[1 2],,0,0.6,0.7,0.30000000000000004,[0. 0.]
1145,2.0,1146,0,False,0.0,573.0,0.0,1,1,0,[1. 0.],[1 2],1.0,0,0.6,0.7,0.30000000000000004,[0. 0.]
1146,0.0,1147,1,False,0.0,574.0,2.0,1,0,2,[1. 0.],[1 2],1.0,0,0.6,0.7,0.30000000000000004,[0. 0.]
1147,2.0,1148,0,False,0.0,574.0,0.0,1,1,0,[1. 1.],[1 2],0.0,0,0.6,0.7,0.30000000000000004,[0. 0.]
1148,0.0,1149,1,False,0.0,575.0,1.0,1,0,1,[1. 1.],[1 2],0.0,0,0.6,0.7,0.30000000000000004,[0. 0.]
1149,1.0,1150,0,False,1.0,575.0,0.0,1,1,0,[0. 1.],[1 2],0.0,0,0.6,0.7,0.30000000000000004,[0. 0.]
1150,0.0,1151,1,False,0.0,576.0,1.0,1,0,1,[0. 1.],[1 2],0.0,0,0.6,0.7,0.30000000000000004,[0. 0.]
1151,1.0,1152,0,False,0.0,576.0,0.0,1,1,0,[0. 0.],[1 2],,0,0.6,0.7,0.30000000000000004,[0. 0.]
1152,0.0,1153,1,False,0.0,577.0,1.0,1,0,1,[0. 0.],[1 2],,0,0.6,0.7,0.30000000000000004,[0. 0.]
1153,1.0,1154,0,False,0.0,577.0,0.0,1,1,0,[1. 0.],[1 2],,0,0.6,0.7,0.30000000000000004,[0. 0.]
1154,0.0,1155,1,False,0.0,578.0,2.0,1,0,2,[1. 0.],[1 2],,0,0.6,0.7,0.30000000000000004,[0. 0.]
1155,2.0,1156,0,False,0.0,578.0,0.0,1,1,0,[1. 0.],[1 2],0.0,0,0.6,0.7,0.30000000000000004,[0. 0.]
1156,0.0,1157,1,False,0.0,579.0,1.0,1,0,1,[1. 0.],[1 2],0.0,0,0.6,0.7,0.30000000000000004,[0. 0.]
1157,1.0,1158,0,False,1.0,579.0,0.0,1,1,0,[0. 1.],[1 2],0.0,0,0.6,0.7,0.30000000000000004,[0. 0.]
1158,0.0,1159,1,False,0.0,580.0,1.0,1,0,1,[0. 1.],[1 2],0.0,0,0.6,0.7,0.30000000000000004,[0. 0.]
1159,1.0,1160,0,False,0.0,580.0,0.0,1,1,0,[1. 1.],[1 2],1.0,0,0.6,0.7,0.30000000000000004,[0. 0.]
1160,0.0,1161,1,False,0.0,581.0,2.0,1,0,1,[1. 1.],[1 2],1.0,0,0.6,0.7,0.30000000000000004,[0. 0.]
1161,2.0,1162,0,False,1.0,581.0,0.0,1,1,0,[1. 0.],[1 2],,0,0.6,0.7,0.30000000000000004,[0. 0.]
1162,0.0,1163,1,False,0.0,582.0,1.0,1,0,1,[1. 0.],[1 2],,0,0.6,0.7,0.30000000000000004,[0. 0.]
1163,1.0,1164,0,False,1.0,582.0,0.0,1,1,0,[0. 0.],[1 2],0.0,0,0.6,0.7,0.30000000000000004,[0. 0.]
1164,0.0,1165,1,False,0.0,583.0,1.0,1,0,1,[0. 0.],[1 2],0.0,0,0.6,0.7,0.30000000000000004,[0. 0.]
1165,1.0,1166,0,False,0.0,583.0,0.0,1,1,0,[1. 1.],[1 2],1.0,0,0.6,0.7,0.30000000000000004,[0. 0.]
1166,0.0,1167,1,False,0.0,584.0,2.0,1,0,1,[1. 1.],[1 2],1.0,0,0.6,0.7,0.30000000000000004,[0. 0.]
1167,2.0,1168,0,False,1.0,584.0,0.0,1,1,0,[0. 0.],[1 2],,0,0.6,0.7,0.30000000000000004,[0. 0.]
1168,0.0,1169,1,False,0.0,585.0,1.0,1,0,1,[0. 0.],[1 2],,0,0.6,0.7,0.30000000000000004,[0. 0.]
1169,1.0,1170,0,False,0.0,585.0,0.0,1,1,0,[1. 1.],[1 2],1.0,0,0.6,0.7,0.30000000000000004,[0. 0.]
1170,0.0,1171,1,False,0.0,586.0,2.0,1,0,1,[1. 1.],[1 2],1.0,0,0.6,0.7,0.30000000000000004,[0. 0.]
1171,2.0,1172,0,False,1.0,586.0,0.0,1,1,0,[1. 0.],[1 2],,0,0.6,0.7,0.30000000000000004,[0. 0.]
1172,0.0,1173,1,False,0.0,587.0,1.0,1,0,1,[1. 0.],[1 2],,0,0.6,0.7,0.30000000000000004,[0. 0.]
1173,1.0,1174,0,False,1.0,587.0,0.0,1,1,0,[1. 0.],[1 2],,0,0.6,0.7,0.30000000000000004,[0. 0.]
1174,0.0,1175,1,False,0.0,588.0,1.0,1,0,1,[1. 0.],[1 2],,0,0.6,0.7,0.30000000000000004,[0. 0.]
1175,1.0,1176,0,False,1.0,588.0,0.0,1,1,0,[1. 0.],[1 2],,0,0.6,0.7,0.30000000000000004,[0. 0.]
1176,0.0,1177,1,False,0.0,589.0,1.0,1,0,1,[1. 0.],[1 2],,0,0.6,0.7,0.30000000000000004,[0. 0.]
1177,1.0,1178,0,False,1.0,589.0,0.0,1,1,0,[1. 0.],[1 2],,0,0.6,0.7,0.30000000000000004,[0. 0.]
1178,0.0,1179,1,False,0.0,590.0,1.0,1,0,1,[1. 0.],[1 2],,0,0.6,0.7,0.30000000000000004,[0. 0.]
1179,1.0,1180,0,False,1.0,590.0,0.0,1,1,0,[1. 1.],[1 2],,0,0.6,0.7,0.30000000000000004,[0. 0.]
1180,0.0,1181,1,False,0.0,591.0,1.0,1,0,1,[1. 1.],[1 2],,0,0.6,0.7,0.30000000000000004,[0. 0.]
1181,1.0,1182,0,False,1.0,591.0,0.0,1,1,0,[0. 1.],[1 2],0.0,0,0.6,0.7,0.30000000000000004,[0. 0.]
1182,0.0,1183,1,False,0.0,592.0,1.0,1,0,1,[0. 1.],[1 2],0.0,0,0.6,0.7,0.30000000000000004,[0. 0.]
1183,1.0,1184,0,False,0.0,592.0,0.0,1,1,0,[1. 1.],[1 2],1.0,0,0.6,0.7,0.30000000000000004,[0. 0.]
1184,0.0,1185,1,False,0.0,593.0,2.0,1,0,1,[1. 1.],[1 2],1.0,0,0.6,0.7,0.30000000000000004,[0. 0.]
1185,2.0,1186,0,False,1.0,593.0,0.0,1,1,0,[0. 1.],[1 2],1.0,1,0.6,0.7,0.30000000000000004,[0. 0.]
1186,0.0,1187,1,False,0.0,594.0,2.0,1,0,1,[0. 1.],[1 2],1.0,1,0.6,0.7,0.30000000000000004,[0. 0.]
1187,2.0,1188,0,False,0.0,594.0,0.0,1,1,0,[1. 1.],[1 2],1.0,1,0.6,0.7,0.30000000000000004,[0. 0.]
1188,0.0,1189,1,False,0.0,595.0,2.0,1,0,1,[1. 1.],[1 2],1.0,1,0.6,0.7,0.30000000000000004,[0. 0.]
1189,2.0,1190,0,False,1.0,595.0,0.0,1,1,0,[0. 1.],[1 2],0.0,1,0.6,0.7,0.30000000000000004,[0. 0.]
1190,0.0,1191,1,False,0.0,596.0,1.0,1,0,1,[0. 1.],[1 2],0.0,1,0.6,0.7,0.30000000000000004,[0. 0.]
1191,1.0,1192,0,False,0.0,596.0,0.0,1,1,0,[0. 1.],[1 2],1.0,1,0.6,0.7,0.30000000000000004,[0. 0.]
1192,0.0,1193,1,False,0.0,597.0,2.0,1,0,1,[0. 1.],[1 2],1.0,1,0.6,0.7,0.30000000000000004,[0. 0.]
1193,2.0,1194,0,False,0.0,597.0,0.0,1,1,0,[0. 0.],[1 2],0.0,1,0.6,0.7,0.30000000000000004,[0. 0.]
1194,0.0,1195,1,False,0.0,598.0,1.0,1,0,2,[0. 0.],[1 2],0.0,1,0.6,0.7,0.30000000000000004,[0. 0.]
1195,1.0,1196,0,False,0.0,598.0,0.0,1,1,0,[1. 1.],[1 2],,1,0.6,0.7,0.30000000000000004,[0. 0.]
1196,0.0,1197,1,False,0.0,599.0,2.0,1,0,2,[1. 1.],[1 2],,1,0.6,0.7,0.30000000000000004,[0. 0.]
1197,2.0,1198,0,False,1.0,599.0,0.0,1,1,0,[1. 1.],[1 2],1.0,1,0.6,0.7,0.30000000000000004,[0. 0.]
1198,0.0,1199,1,False,0.0,600.0,2.0,1,0,2,[1. 1.],[1 2],1.0,1,0.6,0.7,0.30000000000000004,[0. 0.]
1199,2.0,1200,0,False,1.0,600.0,0.0,1,1,0,[1. 1.],[2 1],0.0,1,0.6,0.7,0.30000000000000004,[0. 0.]
1200,0.0,1201,1,False,0.0,601.0,1.0,1,0,2,[1. 1.],[2 1],0.0,1,0.6,0.7,0.30000000000000004,[0. 0.]
1201,1.0,1202,0,False,1.0,601.0,0.0,1,1,0,[1. 0.],[2 1],,1,0.6,0.7,0.30000000000000004,[0. 0.]
1202,0.0,1203,1,False,0.0,602.0,1.0,1,0,2,[1. 0.],[2 1],,1,0.6,0.7,0.30000000000000004,[0. 0.]
1203,1.0,1204,0,False,1.0,602.0,0.0,1,1,0,[0. 1.],[2 1],0.0,1,0.6,0.7,0.30000000000000004,[0. 0.]
1204,0.0,1205,1,False,0.0,603.0,1.0,1,0,2,[0. 1.],[2 1],0.0,1,0.6,0.7,0.30000000000000004,[0. 0.]
1205,1.0,1206,0,False,0.0,603.0,0.0,1,1,0,[0. 0.],[2 1],,1,0.6,0.7,0.30000000000000004,[0. 0.]
1206,0.0,1207,1,False,0.0,604.0,1.0,1,0,2,[0. 0.],[2 1],,1,0.6,0.7,0.30000000000000004,[0. 0.]
1207,1.0,1208,0,False,0.0,604.0,0.0,1,1,0,[0. 1.],[2 1],0.0,1,0.6,0.7,0.30000000000000004,[0. 0.]
1208,0.0,1209,1,False,0.0,605.0,1.0,1,0,1,[0. 1.],[2 1],0.0,1,0.6,0.7,0.30000000000000004,[0. 0.]
1209,1.0,1210,0,False,1.0,605.0,0.0,1,1,0,[0. 1.],[2 1],0.0,1,0.6,0.7,0.30000000000000004,[0. 0.]
1210,0.0,1211,1,False,0.0,606.0,1.0,1,0,1,[0. 1.],[2 1],0.0,1,0.6,0.7,0.30000000000000004,[0. 0.]
1211,1.0,1212,0,False,1.0,606.0,0.0,1,1,0,[1. 0.],[2 1],1.0,1,0.6,0.7,0.30000000000000004,[0. 0.]
1212,0.0,1213,1,False,0.0,607.0,2.0,1,0,1,[1. 0.],[2 1],1.0,1,0.6,0.7,0.30000000000000004,[0. 0.]
1213,2.0,1214,0,False,0.0,607.0,0.0,1,1,0,[0. 0.],[2 1],,1,0.6,0.7,0.30000000000000004,[0. 0.]
1214,0.0,1215,1,False,0.0,608.0,2.0,1,0,1,[0. 0.],[2 1],,1,0.6,0.7,0.30000000000000004,[0. 0.]
1215,2.0,1216,0,False,0.0,608.0,0.0,1,1,0,[0. 1.],[2 1],,1,0.6,0.7,0.30000000000000004,[0. 0.]
1216,0.0,1217,1,False,0.0,609.0,2.0,1,0,1,[0. 1.],[2 1],,1,0.6,0.7,0.30000000000000004,[0. 0.]
1217,2.0,1218,0,False,1.0,609.0,0.0,1,1,0,[0. 0.],[2 1],,1,0.6,0.7,0.30000000000000004,[0. 0.]
1218,0.0,1219,1,False,0.0,610.0,2.0,1,0,1,[0. 0.],[2 1],,1,0.6,0.7,0.30000000000000004,[0. 0.]
1219,2.0,1220,0,False,0.0,610.0,0.0,1,1,0,[0. 1.],[2 1],,1,0.6,0.7,0.30000000000000004,[0. 0.]
1220,0.0,1221,1,False,0.0,611.0,1.0,1,0,2,[0. 1.],[2 1],,1,0.6,0.7,0.30000000000000004,[0. 0.]
1221,1.0,1222,0,False,0.0,611.0,0.0,1,1,0,[0. 0.],[2 1],1.0,1,0.6,0.7,0.30000000000000004,[0. 0.]
1222,0.0,1223,1,False,0.0,612.0,2.0,1,0,1,[0. 0.],[2 1],1.0,1,0.6,0.7,0.30000000000000004,[0. 0.]
1223,2.0,1224,0,False,0.0,612.0,0.0,1,1,0,[0. 1.],[2 1],1.0,1,0.6,0.7,0.30000000000000004,[0. 0.]
1224,0.0,1225,1,False,0.0,613.0,2.0,1,0,2,[0. 1.],[2 1],1.0,1,0.6,0.7,0.30000000000000004,[0. 0.]
1225,2.0,1226,0,False,0.0,613.0,0.0,1,1,0,[0. 0.],[2 1],0.0,1,0.6,0.7,0.30000000000000004,[0. 0.]
1226,0.0,1227,1,False,0.0,614.0,1.0,1,0,1,[0. 0.],[2 1],0.0,1,0.6,0.7,0.30000000000000004,[0. 0.]
1227,1.0,1228,0,False,0.0,614.0,0.0,1,1,0,[1. 1.],[2 1],,1,0.6,0.7,0.30000000000000004,[0. 0.]
1228,0.0,1229,1,False,0.0,615.0,2.0,1,0,1,[1. 1.],[2 1],,1,0.6,0.7,0.30000000000000004,[0. 0.]
1229,2.0,1230,0,False,1.0,615.0,0.0,1,1,0,[0. 1.],[2 1],,1,0.6,0.7,0.30000000000000004,[0. 0.]
1230,0.0,1231,1,False,0.0,616.0,2.0,1,0,1,[0. 1.],[2 1],,1,0.6,0.7,0.30000000000000004,[0. 0.]
1231,2.0,1232,0,False,1.0,616.0,0.0,1,1,0,[0. 1.],[2 1],1.0,1,0.6,0.7,0.30000000000000004,[0. 0.]
1232,0.0,1233,1,False,0.0,617.0,2.0,1,0,1,[0. 1.],[2 1],1.0,1,0.6,0.7,0.30000000000000004,[0. 0.]
1233,2.0,1234,0,False,1.0,617.0,0.0,1,1,0,[0. 0.],[2 1],1.0,1,0.6,0.7,0.30000000000000004,[0. 0.]
1234,0.0,1235,1,False,0.0,618.0,2.0,1,0,1,[0. 0.],[2 1],1.0,1,0.6,0.7,0.30000000000000004,[0. 0.]
1235,2.0,1236,0,False,0.0,618.0,0.0,1,1,0,[1. 0.],[2 1],,1,0.6,0.7,0.30000000000000004,[0. 0.]
1236,0.0,1237,1,False,0.0,619.0,2.0,1,0,1,[1. 0.],[2 1],,1,0.6,0.7,0.30000000000000004,[0. 0.]
1237,2.0,1238,0,False,0.0,619.0,0.0,1,1,0,[0. 1.],[2 1],1.0,1,0.6,0.7,0.30000000000000004,[0. 0.]
1238,0.0,1239,1,False,0.0,620.0,2.0,1,0,1,[0. 1.],[2 1],1.0,1,0.6,0.7,0.30000000000000004,[0. 0.]
1239,2.0,1240,0,False,1.0,620.0,0.0,1,1,0,[0. 0.],[2 1],,1,0.6,0.7,0.30000000000000004,[0. 0.]
1240,0.0,1241,1,False,0.0,621.0,2.0,1,0,1,[0. 0.],[2 1],,1,0.6,0.7,0.30000000000000004,[0. 0.]
1241,2.0,1242,0,False,0.0,621.0,0.0,1,1,0,[0. 1.],[2 1],1.0,1,0.6,0.7,0.30000000000000004,[0. 0.]
1242,0.0,1243,1,False,0.0,622.0,2.0,1,0,1,[0. 1.],[2 1],1.0,1,0.6,0.7,0.30000000000000004,[0. 0.]
1243,2.0,1244,0,False,1.0,622.0,0.0,1,1,0,[0. 1.],[2 1],,1,0.6,0.7,0.30000000000000004,[0. 0.]
1244,0.0,1245,1,False,0.0,623.0,2.0,1,0,1,[0. 1.],[2 1],,1,0.6,0.7,0.30000000000000004,[0. 0.]
1245,2.0,1246,0,False,1.0,623.0,0.0,1,1,0,[1. 1.],[2 1],,1,0.6,0.7,0.30000000000000004,[0. 0.]
1246,0.0,1247,1,False,0.0,624.0,2.0,1,0,1,[1. 1.],[2 1],,1,0.6,0.7,0.30000000000000004,[0. 0.]
1247,2.0,1248,0,False,1.0,624.0,0.0,1,1,0,[0. 0.],[2 1],1.0,1,0.6,0.7,0.30000000000000004,[0. 0.]
1248,0.0,1249,1,False,0.0,625.0,2.0,1,0,1,[0. 0.],[2 1],1.0,1,0.6,0.7,0.30000000000000004,[0. 0.]
1249,2.0,1250,0,False,0.0,625.0,0.0,1,1,0,[1. 1.],[2 1],1.0,1,0.6,0.7,0.30000000000000004,[0. 0.]
1250,0.0,1251,1,False,0.0,626.0,2.0,1,0,1,[1. 1.],[2 1],1.0,1,0.6,0.7,0.30000000000000004,[0. 0.]
1251,2.0,1252,0,False,1.0,626.0,0.0,1,1,0,[0. 1.],[2 1],0.0,1,0.6,0.7,0.30000000000000004,[0. 0.]
1252,0.0,1253,1,False,0.0,627.0,1.0,1,0,1,[0. 1.],[2 1],0.0,1,0.6,0.7,0.30000000000000004,[0. 0.]
1253,1.0,1254,0,False,1.0,627.0,0.0,1,1,0,[0. 1.],[2 1],0.0,1,0.6,0.7,0.30000000000000004,[0. 0.]
1254,0.0,1255,1,False,0.0,628.0,1.0,1,0,1,[0. 1.],[2 1],0.0,1,0.6,0.7,0.30000000000000004,[0. 0.]
1255,1.0,1256,0,False,1.0,628.0,0.0,1,1,0,[0. 1.],[2 1],0.0,1,0.6,0.7,0.30000000000000004,[0. 0.]
1256,0.0,1257,1,False,0.0,629.0,1.0,1,0,1,[0. 1.],[2 1],0.0,1,0.6,0.7,0.30000000000000004,[0. 0.]
1257,1.0,1258,0,False,1.0,629.0,0.0,1,1,0,[1. 1.],[2 1],0.0,0,0.6,0.7,0.30000000000000004,[0. 0.]
1258,0.0,1259,1,False,0.0,630.0,1.0,1,0,1,[1. 1.],[2 1],0.0,0,0.6,0.7,0.30000000000000004,[0. 0.]
1259,1.0,1260,0,False,1.0,630.0,0.0,1,1,0,[1. 0.],[2 1],1.0,0,0.6,0.7,0.30000000000000004,[0. 0.]
1260,0.0,1261,1,False,0.0,631.0,2.0,1,0,1,[1. 0.],[2 1],1.0,0,0.6,0.7,0.30000000000000004,[0. 0.]
1261,2.0,1262,0,False,0.0,631.0,0.0,1,1,0,[0. 0.],[2 1],1.0,0,0.6,0.7,0.30000000000000004,[0. 0.]
1262,0.0,1263,1,False,0.0,632.0,2.0,1,0,1,[0. 0.],[2 1],1.0,0,0.6,0.7,0.30000000000000004,[0. 0.]
1263,2.0,1264,0,False,0.0,632.0,0.0,1,1,0,[1. 0.],[2 1],1.0,0,0.6,0.7,0.30000000000000004,[0. 0.]
1264,0.0,1265,1,False,0.0,633.0,2.0,1,0,1,[1. 0.],[2 1],1.0,0,0.6,0.7,0.30000000000000004,[0. 0.]
1265,2.0,1266,0,False,0.0,633.0,0.0,1,1,0,[1. 0.],[2 1],0.0,0,0.6,0.7,0.30000000000000004,[0. 0.]
1266,0.0,1267,1,False,0.0,634.0,1.0,1,0,1,[1. 0.],[2 1],0.0,0,0.6,0.7,0.30000000000000004,[0. 0.]
1267,1.0,1268,0,False,0.0,634.0,0.0,1,1,0,[0. 0.],[2 1],,0,0.6,0.7,0.30000000000000004,[0. 0.]
1268,0.0,1269,1,False,0.0,635.0,1.0,1,0,2,[0. 0.],[2 1],,0,0.6,0.7,0.30000000000000004,[0. 0.]
1269,1.0,1270,0,False,0.0,635.0,0.0,1,1,0,[1. 1.],[2 1],,0,0.6,0.7,0.30000000000000004,[0. 0.]
1270,0.0,1271,1,False,0.0,636.0,2.0,1,0,1,[1. 1.],[2 1],,0,0.6,0.7,0.30000000000000004,[0. 0.]
1271,2.0,1272,0,False,1.0,636.0,0.0,1,1,0,[1. 0.],[2 1],,0,0.6,0.7,0.30000000000000004,[0. 0.]
1272,0.0,1273,1,False,0.0,637.0,2.0,1,0,1,[1. 0.],[2 1],,0,0.6,0.7,0.30000000000000004,[0. 0.]
1273,2.0,1274,0,False,0.0,637.0,0.0,1,1,0,[1. 1.],[2 1],0.0,0,0.6,0.7,0.30000000000000004,[0. 0.]
1274,0.0,1275,1,False,0.0,638.0,1.0,1,0,1,[1. 1.],[2 1],0.0,0,0.6,0.7,0.30000000000000004,[0. 0.]
1275,1.0,1276,0,False,1.0,638.0,0.0,1,1,0,[1. 1.],[2 1],1.0,0,0.6,0.7,0.30000000000000004,[0. 0.]
1276,0.0,1277,1,False,0.0,639.0,2.0,1,0,1,[1. 1.],[2 1],1.0,0,0.6,0.7,0.30000000000000004,[0. 0.]
1277,2.0,1278,0,False,1.0,639.0,0.0,1,1,0,[1. 0.],[2 1],0.0,0,0.6,0.7,0.30000000000000004,[0. 0.]
1278,0.0,1279,1,False,0.0,640.0,1.0,1,0,1,[1. 0.],[2 1],0.0,0,0.6,0.7,0.30000000000000004,[0. 0.]
1279,1.0,1280,0,False,0.0,640.0,0.0,1,1,0,[1. 1.],[2 1],,0,0.6,0.7,0.30000000000000004,[0. 0.]
1280,0.0,1281,1,False,0.0,641.0,2.0,1,0,1,[1. 1.],[2 1],,0,0.6,0.7,0.30000000000000004,[0. 0.]
1281,2.0,1282,0,False,1.0,641.0,0.0,1,1,0,[1. 0.],[2 1],1.0,0,0.6,0.7,0.30000000000000004,[0. 0.]
1282,0.0,1283,1,False,0.0,642.0,2.0,1,0,1,[1. 0.],[2 1],1.0,0,0.6,0.7,0.30000000000000004,[0. 0.]
1283,2.0,1284,0,False,0.0,642.0,0.0,1,1,0,[1. 0.],[2 1],1.0,0,0.6,0.7,0.30000000000000004,[0. 0.]
1284,0.0,1285,1,False,0.0,643.0,2.0,1,0,1,[1. 0.],[2 1],1.0,0,0.6,0.7,0.30000000000000004,[0. 0.]
1285,2.0,1286,0,False,0.0,643.0,0.0,1,1,0,[1. 1.],[2 1],1.0,0,0.6,0.7,0.30000000000000004,[0. 0.]
1286,0.0,1287,1,False,0.0,644.0,2.0,1,0,1,[1. 1.],[2 1],1.0,0,0.6,0.7,0.30000000000000004,[0. 0.]
1287,2.0,1288,0,False,1.0,644.0,0.0,1,1,0,[1. 0.],[2 1],1.0,0,0.6,0.7,0.30000000000000004,[0. 0.]
1288,0.0,1289,1,False,0.0,645.0,2.0,1,0,1,[1. 0.],[2 1],1.0,0,0.6,0.7,0.30000000000000004,[0. 0.]
1289,2.0,1290,0,False,0.0,645.0,0.0,1,1,0,[0. 0.],[2 1],0.0,0,0.6,0.7,0.30000000000000004,[0. 0.]
1290,0.0,1291,1,False,0.0,646.0,1.0,1,0,1,[0. 0.],[2 1],0.0,0,0.6,0.7,0.30000000000000004,[0. 0.]
1291,1.0,1292,0,False,0.0,646.0,0.0,1,1,0,[1. 0.],[2 1],1.0,0,0.6,0.7,0.30000000000000004,[0. 0.]
1292,0.0,1293,1,False,0.0,647.0,2.0,1,0,1,[1. 0.],[2 1],1.0,0,0.6,0.7,0.30000000000000004,[0. 0.]
1293,2.0,1294,0,False,0.0,647.0,0.0,1,1,0,[1. 1.],[2 1],0.0,0,0.6,0.7,0.30000000000000004,[0. 0.]
1294,0.0,1295,1,False,0.0,648.0,1.0,1,0,2,[1. 1.],[2 1],0.0,0,0.6,0.7,0.30000000000000004,[0. 0.]
1295,1.0,1296,0,False,1.0,648.0,0.0,1,1,0,[0. 0.],[2 1],,0,0.6,0.7,0.30000000000000004,[0. 0.]
1296,0.0,1297,1,False,0.0,649.0,1.0,1,0,2,[0. 0.],[2 1],,0,0.6,0.7,0.30000000000000004,[0. 0.]
1297,1.0,1298,0,False,0.0,649.0,0.0,1,1,0,[0. 0.],[2 1],1.0,0,0.6,0.7,0.30000000000000004,[0. 0.]
1298,0.0,1299,1,False,0.0,650.0,2.0,1,0,2,[0. 0.],[2 1],1.0,0,0.6,0.7,0.30000000000000004,[0. 0.]
1299,2.0,1300,0,False,0.0,650.0,0.0,1,1,0,[1. 0.],[2 1],,0,0.6,0.7,0.30000000000000004,[0. 0.]
1300,0.0,1301,1,False,0.0,651.0,2.0,1,0,1,[1. 0.],[2 1],,0,0.6,0.7,0.30000000000000004,[0. 0.]
1301,2.0,1302,0,False,0.0,651.0,0.0,1,1,0,[0. 0.],[2 1],1.0,0,0.6,0.7,0.30000000000000004,[0. 0.]
1302,0.0,1303,1,False,0.0,652.0,2.0,1,0,2,[0. 0.],[2 1],1.0,0,0.6,0.7,0.30000000000000004,[0. 0.]
1303,2.0,1304,0,False,0.0,652.0,0.0,1,1,0,[0. 1.],[2 1],,0,0.6,0.7,0.30000000000000004,[0. 0.]
1304,0.0,1305,1,False,0.0,653.0,2.0,1,0,1,[0. 1.],[2 1],,0,0.6,0.7,0.30000000000000004,[0. 0.]
1305,2.0,1306,0,False,1.0,653.0,0.0,1,1,0,[0. 0.],[2 1],1.0,0,0.6,0.7,0.30000000000000004,[0. 0.]
1306,0.0,1307,1,False,0.0,654.0,2.0,1,0,1,[0. 0.],[2 1],1.0,0,0.6,0.7,0.30000000000000004,[0. 0.]
1307,2.0,1308,0,False,0.0,654.0,0.0,1,1,0,[1. 1.],[2 1],,0,0.6,0.7,0.30000000000000004,[0. 0.]
1308,0.0,1309,1,False,0.0,655.0,2.0,1,0,1,[1. 1.],[2 1],,0,0.6,0.7,0.30000000000000004,[0. 0.]
1309,2.0,1310,0,False,1.0,655.0,0.0,1,1,0,[0. 1.],[2 1],0.0,0,0.6,0.7,0.30000000000000004,[0. 0.]
1310,0.0,1311,1,False,0.0,656.0,1.0,1,0,1,[0. 1.],[2 1],0.0,0,0.6,0.7,0.30000000000000004,[0. 0.]
1311,1.0,1312,0,False,1.0,656.0,0.0,1,1,0,[0. 1.],[2 1],,0,0.6,0.7,0.30000000000000004,[0. 0.]
1312,0.0,1313,1,False,0.0,657.0,2.0,1,0,1,[0. 1.],[2 1],,0,0.6,0.7,0.30000000000000004,[0. 0.]
1313,2.0,1314,0,False,1.0,657.0,0.0,1,1,0,[1. 0.],[2 1],,0,0.6,0.7,0.30000000000000004,[0. 0.]
1314,0.0,1315,1,False,0.0,658.0,2.0,1,0,1,[1. 0.],[2 1],,0,0.6,0.7,0.30000000000000004,[0. 0.]
1315,2.0,1316,0,False,0.0,658.0,0.0,1,1,0,[0. 0.],[2 1],0.0,0,0.6,0.7,0.30000000000000004,[0. 0.]
1316,0.0,1317,1,False,0.0,659.0,1.0,1,0,1,[0. 0.],[2 1],0.0,0,0.6,0.7,0.30000000000000004,[0. 0.]
1317,1.0,1318,0,False,0.0,659.0,0.0,1,1,0,[1. 0.],[2 1],0.0,0,0.6,0.7,0.30000000000000004,[0. 0.]
1318,0.0,1319,1,False,0.0,660.0,1.0,1,0,1,[1. 0.],[2 1],0.0,0,0.6,0.7,0.30000000000000004,[0. 0.]
1319,1.0,1320,0,False,0.0,660.0,0.0,1,1,0,[1. 1.],[2 1],1.0,0,0.6,0.7,0.30000000000000004,[0. 0.]
1320,0.0,1321,1,False,0.0,661.0,2.0,1,0,2,[1. 1.],[2 1],1.0,0,0.6,0.7,0.30000000000000004,[0. 0.]
1321,2.0,1322,0,False,1.0,661.0,0.0,1,1,0,[0. 0.],[2 1],1.0,0,0.6,0.7,0.30000000000000004,[0. 0.]
1322,0.0,1323,1,False,0.0,662.0,2.0,1,0,2,[0. 0.],[2 1],1.0,0,0.6,0.7,0.30000000000000004,[0. 0.]
1323,2.0,1324,0,False,0.0,662.0,0.0,1,1,0,[1. 1.],[2 1],0.0,0,0.6,0.7,0.30000000000000004,[0. 0.]
1324,0.0,1325,1,False,0.0,663.0,1.0,1,0,2,[1. 1.],[2 1],0.0,0,0.6,0.7,0.30000000000000004,[0. 0.]
1325,1.0,1326,0,False,1.0,663.0,0.0,1,1,0,[1. 0.],[2 1],,0,0.6,0.7,0.30000000000000004,[0. 0.]
1326,0.0,1327,1,False,0.0,664.0,1.0,1,0,2,[1. 0.],[2 1],,0,0.6,0.7,0.30000000000000004,[0. 0.]
1327,1.0,1328,0,False,1.0,664.0,0.0,1,1,0,[1. 0.],[2 1],1.0,0,0.6,0.7,0.30000000000000004,[0. 0.]
1328,0.0,1329,1,False,0.0,665.0,2.0,1,0,2,[1. 0.],[2 1],1.0,0,0.6,0.7,0.30000000000000004,[0. 0.]
1329,2.0,1330,0,False,1.0,665.0,0.0,1,1,0,[1. 0.],[2 1],1.0,0,0.6,0.7,0.30000000000000004,[0. 0.]
1330,0.0,1331,1,False,0.0,666.0,2.0,1,0,2,[1. 0.],[2 1],1.0,0,0.6,0.7,0.30000000000000004,[0. 0.]
1331,2.0,1332,0,False,1.0,666.0,0.0,1,1,0,[1. 0.],[2 1],,0,0.6,0.7,0.30000000000000004,[0. 0.]
1332,0.0,1333,1,False,0.0,667.0,1.0,1,0,2,[1. 0.],[2 1],,0,0.6,0.7,0.30000000000000004,[0. 0.]
1333,1.0,1334,0,False,1.0,667.0,0.0,1,1,0,[1. 0.],[2 1],1.0,0,0.6,0.7,0.30000000000000004,[0. 0.]
1334,0.0,1335,1,False,0.0,668.0,2.0,1,0,2,[1. 0.],[2 1],1.0,0,0.6,0.7,0.30000000000000004,[0. 0.]
1335,2.0,1336,0,False,1.0,668.0,0.0,1,1,0,[0. 0.],[2 1],1.0,0,0.6,0.7,0.30000000000000004,[0. 0.]
1336,0.0,1337,1,False,0.0,669.0,2.0,1,0,2,[0. 0.],[2 1],1.0,0,0.6,0.7,0.30000000000000004,[0. 0.]
1337,2.0,1338,0,False,0.0,669.0,0.0,1,1,0,[1. 0.],[2 1],,0,0.6,0.7,0.30000000000000004,[0. 0.]
1338,0.0,1339,1,False,0.0,670.0,1.0,1,0,2,[1. 0.],[2 1],,0,0.6,0.7,0.30000000000000004,[0. 0.]
1339,1.0,1340,0,False,1.0,670.0,0.0,1,1,0,[1. 1.],[2 1],1.0,0,0.6,0.7,0.30000000000000004,[0. 0.]
1340,0.0,1341,1,False,0.0,671.0,2.0,1,0,2,[1. 1.],[2 1],1.0,0,0.6,0.7,0.30000000000000004,[0. 0.]
1341,2.0,1342,0,False,1.0,671.0,0.0,1,1,0,[1. 1.],[2 1],,0,0.6,0.7,0.30000000000000004,[0. 0.]
1342,0.0,1343,1,False,0.0,672.0,1.0,1,0,2,[1. 1.],[2 1],,0,0.6,0.7,0.30000000000000004,[0. 0.]
1343,1.0,1344,0,False,1.0,672.0,0.0,1,1,0,[1. 1.],[2 1],1.0,0,0.6,0.7,0.30000000000000004,[0. 0.]
1344,0.0,1345,1,False,0.0,673.0,2.0,1,0,2,[1. 1.],[2 1],1.0,0,0.6,0.7,0.30000000000000004,[0. 0.]
1345,2.0,1346,0,False,1.0,673.0,0.0,1,1,0,[1. 0.],[2 1],0.0,0,0.6,0.7,0.30000000000000004,[0. 0.]
1346,0.0,1347,1,False,0.0,674.0,1.0,1,0,2,[1. 0.],[2 1],0.0,0,0.6,0.7,0.30000000000000004,[0. 0.]
1347,1.0,1348,0,False,1.0,674.0,0.0,1,1,0,[0. 0.],[2 1],,0,0.6,0.7,0.30000000000000004,[0. 0.]
1348,0.0,1349,1,False,0.0,675.0,1.0,1,0,2,[0. 0.],[2 1],,0,0.6,0.7,0.30000000000000004,[0. 0.]
1349,1.0,1350,0,False,0.0,675.0,0.0,1,1,0,[1. 0.],[2 1],0.0,0,0.6,0.7,0.30000000000000004,[0. 0.]
1350,0.0,1351,1,False,0.0,676.0,1.0,1,0,2,[1. 0.],[2 1],0.0,0,0.6,0.7,0.30000000000000004,[0. 0.]
1351,1.0,1352,0,False,1.0,676.0,0.0,1,1,0,[1. 0.],[2 1],,0,0.6,0.7,0.30000000000000004,[0. 0.]
1352,0.0,1353,1,False,0.0,677.0,1.0,1,0,2,[1. 0.],[2 1],,0,0.6,0.7,0.30000000000000004,[0. 0.]
1353,1.0,1354,0,False,1.0,677.0,0.0,1,1,0,[0. 1.],[2 1],0.0,0,0.6,0.7,0.30000000000000004,[0. 0.]
1354,0.0,1355,1,False,0.0,678.0,1.0,1,0,2,[0. 1.],[2 1],0.0,0,0.6,0.7,0.30000000000000004,[0. 0.]
1355,1.0,1356,0,False,0.0,678.0,0.0,1,1,0,[1. 0.],[2 1],1.0,0,0.6,0.7,0.30000000000000004,[0. 0.]
1356,0.0,1357,1,False,0.0,679.0,2.0,1,0,2,[1. 0.],[2 1],1.0,0,0.6,0.7,0.30000000000000004,[0. 0.]
1357,2.0,1358,0,False,1.0,679.0,0.0,1,1,0,[1. 0.],[2 1],1.0,0,0.6,0.7,0.30000000000000004,[0. 0.]
1358,0.0,1359,1,False,0.0,680.0,2.0,1,0,2,[1. 0.],[2 1],1.0,0,0.6,0.7,0.30000000000000004,[0. 0.]
1359,2.0,1360,0,False,1.0,680.0,0.0,1,1,0,[0. 1.],[2 1],0.0,0,0.6,0.7,0.30000000000000004,[0. 0.]
1360,0.0,1361,1,False,0.0,681.0,1.0,1,0,2,[0. 1.],[2 1],0.0,0,0.6,0.7,0.30000000000000004,[0. 0.]
1361,1.0,1362,0,False,0.0,681.0,0.0,1,1,0,[1. 0.],[2 1],,0,0.6,0.7,0.30000000000000004,[0. 0.]
1362,0.0,1363,1,False,0.0,682.0,1.0,1,0,2,[1. 0.],[2 1],,0,0.6,0.7,0.30000000000000004,[0. 0.]
1363,1.0,1364,0,False,1.0,682.0,0.0,1,1,0,[1. 0.],[2 1],0.0,0,0.6,0.7,0.30000000000000004,[0. 0.]
1364,0.0,1365,1,False,0.0,683.0,1.0,1,0,2,[1. 0.],[2 1],0.0,0,0.6,0.7,0.30000000000000004,[0. 0.]
1365,1.0,1366,0,False,1.0,683.0,0.0,1,1,0,[1. 0.],[2 1],,0,0.6,0.7,0.30000000000000004,[0. 0.]
1366,0.0,1367,1,False,0.0,684.0,1.0,1,0,2,[1. 0.],[2 1],,0,0.6,0.7,0.30000000000000004,[0. 0.]
1367,1.0,1368,0,False,1.0,684.0,0.0,1,1,0,[0. 0.],[2 1],1.0,0,0.6,0.7,0.30000000000000004,[0. 0.]
1368,0.0,1369,1,False,0.0,685.0,2.0,1,0,2,[0. 0.],[2 1],1.0,0,0.6,0.7,0.30000000000000004,[0. 0.]
1369,2.0,1370,0,False,0.0,685.0,0.0,1,1,0,[1. 0.],[2 1],0.0,0,0.6,0.7,0.30000000000000004,[0. 0.]
1370,0.0,1371,1,False,0.0,686.0,1.0,1,0,2,[1. 0.],[2 1],0.0,0,0.6,0.7,0.30000000000000004,[0. 0.]
1371,1.0,1372,0,False,1.0,686.0,0.0,1,1,0,[1. 1.],[2 1],0.0,0,0.6,0.7,0.30000000000000004,[0. 0.]
1372,0.0,1373,1,False,0.0,687.0,1.0,1,0,2,[1. 1.],[2 1],0.0,0,0.6,0.7,0.30000000000000004,[0. 0.]
1373,1.0,1374,0,False,1.0,687.0,0.0,1,1,0,[1. 0.],[2 1],,0,0.6,0.7,0.30000000000000004,[0. 0.]
1374,0.0,1375,1,False,0.0,688.0,1.0,1,0,2,[1. 0.],[2 1],,0,0.6,0.7,0.30000000000000004,[0. 0.]
1375,1.0,1376,0,False,1.0,688.0,0.0,1,1,0,[1. 0.],[2 1],0.0,0,0.6,0.7,0.30000000000000004,[0. 0.]
1376,0.0,1377,1,False,0.0,689.0,1.0,1,0,2,[1. 0.],[2 1],0.0,0,0.6,0.7,0.30000000000000004,[0. 0.]
1377,1.0,1378,0,False,1.0,689.0,0.0,1,1,0,[1. 1.],[2 1],0.0,0,0.6,0.7,0.30000000000000004,[0. 0.]
1378,0.0,1379,1,False,0.0,690.0,1.0,1,0,2,[1. 1.],[2 1],0.0,0,0.6,0.7,0.30000000000000004,[0. 0.]
1379,1.0,1380,0,False,1.0,690.0,0.0,1,1,0,[1. 1.],[2 1],0.0,0,0.6,0.7,0.30000000000000004,[0. 0.]
1380,0.0,1381,1,False,0.0,691.0,1.0,1,0,2,[1. 1.],[2 1],0.0,0,0.6,0.7,0.30000000000000004,[0. 0.]
1381,1.0,1382,0,False,1.0,691.0,0.0,1,1,0,[1. 0.],[2 1],,0,0.6,0.7,0.30000000000000004,[0. 0.]
1382,0.0,1383,1,False,0.0,692.0,1.0,1,0,2,[1. 0.],[2 1],,0,0.6,0.7,0.30000000000000004,[0. 0.]
1383,1.0,1384,0,False,1.0,692.0,0.0,1,1,0,[0. 0.],[2 1],0.0,0,0.6,0.7,0.30000000000000004,[0. 0.]
1384,0.0,1385,1,False,0.0,693.0,1.0,1,0,2,[0. 0.],[2 1],0.0,0,0.6,0.7,0.30000000000000004,[0. 0.]
1385,1.0,1386,0,False,0.0,693.0,0.0,1,1,0,[0. 0.],[2 1],,0,0.6,0.7,0.30000000000000004,[0. 0.]
1386,0.0,1387,1,False,0.0,694.0,1.0,1,0,2,[0. 0.],[2 1],,0,0.6,0.7,0.30000000000000004,[0. 0.]
1387,1.0,1388,0,False,0.0,694.0,0.0,1,1,0,[0. 1.],[1 2],0.0,0,0.6,0.7,0.30000000000000004,[0. 0.]
1388,0.0,1389,1,False,0.0,695.0,1.0,1,0,2,[0. 1.],[1 2],0.0,0,0.6,0.7,0.30000000000000004,[0. 0.]
1389,1.0,1390,0,False,1.0,695.0,0.0,1,1,0,[1. 0.],[1 2],0.0,0,0.6,0.7,0.30000000000000004,[0. 0.]
1390,0.0,1391,1,False,0.0,696.0,1.0,1,0,2,[1. 0.],[1 2],0.0,0,0.6,0.7,0.30000000000000004,[0. 0.]
1391,1.0,1392,0,False,0.0,696.0,0.0,1,1,0,[0. 0.],[1 2],,0,0.6,0.7,0.30000000000000004,[0. 0.]
1392,0.0,1393,1,False,0.0,697.0,2.0,1,0,2,[0. 0.],[1 2],,0,0.6,0.7,0.30000000000000004,[0. 0.]
1393,2.0,1394,0,False,0.0,697.0,0.0,1,1,0,[0. 0.],[1 2],0.0,0,0.6,0.7,0.30000000000000004,[0. 0.]
1394,0.0,1395,1,False,0.0,698.0,1.0,1,0,1,[0. 0.],[1 2],0.0,0,0.6,0.7,0.30000000000000004,[0. 0.]
1395,1.0,1396,0,False,0.0,698.0,0.0,1,1,0,[1. 0.],[1 2],1.0,0,0.6,0.7,0.30000000000000004,[0. 0.]
1396,0.0,1397,1,False,0.0,699.0,2.0,1,0,2,[1. 0.],[1 2],1.0,0,0.6,0.7,0.30000000000000004,[0. 0.]
1397,2.0,1398,0,False,0.0,699.0,0.0,1,1,0,[1. 0.],[1 2],,0,0.6,0.7,0.30000000000000004,[0. 0.]
1398,0.0,1399,1,False,0.0,700.0,1.0,1,0,1,[1. 0.],[1 2],,0,0.6,0.7,0.30000000000000004,[0. 0.]
1399,1.0,1400,0,False,1.0,700.0,0.0,1,1,0,[1. 0.],[1 2],0.0,0,0.6,0.7,0.30000000000000004,[0. 0.]
1400,0.0,1401,1,False,0.0,701.0,1.0,1,0,1,[1. 0.],[1 2],0.0,0,0.6,0.7,0.30000000000000004,[0. 0.]
1401,1.0,1402,0,False,1.0,701.0,0.0,1,1,0,[1. 0.],[1 2],,0,0.6,0.7,0.30000000000000004,[0. 0.]
1402,0.0,1403,1,False,0.0,702.0,1.0,1,0,1,[1. 0.],[1 2],,0,0.6,0.7,0.30000000000000004,[0. 0.]
1403,1.0,1404,0,False,1.0,702.0,0.0,1,1,0,[1. 0.],[1 2],0.0,0,0.6,0.7,0.30000000000000004,[0. 0.]
1404,0.0,1405,1,False,0.0,703.0,1.0,1,0,1,[1. 0.],[1 2],0.0,0,0.6,0.7,0.30000000000000004,[0. 0.]
1405,1.0,1406,0,False,1.0,703.0,0.0,1,1,0,[1. 0.],[1 2],0.0,0,0.6,0.7,0.30000000000000004,[0. 0.]
1406,0.0,1407,1,False,0.0,704.0,1.0,1,0,1,[1. 0.],[1 2],0.0,0,0.6,0.7,0.30000000000000004,[0. 0.]
1407,1.0,1408,0,False,1.0,704.0,0.0,1,1,0,[0. 0.],[1 2],0.0,0,0.6,0.7,0.30000000000000004,[0. 0.]
1408,0.0,1409,1,False,0.0,705.0,1.0,1,0,1,[0. 0.],[1 2],0.0,0,0.6,0.7,0.30000000000000004,[0. 0.]
1409,1.0,1410,0,False,0.0,705.0,0.0,1,1,0,[0. 0.],[1 2],0.0,0,0.6,0.7,0.30000000000000004,[0. 0.]
1410,0.0,1411,1,False,0.0,706.0,1.0,1,0,1,[0. 0.],[1 2],0.0,0,0.6,0.7,0.30000000000000004,[0. 0.]
1411,1.0,1412,0,False,0.0,706.0,0.0,1,1,0,[1. 0.],[1 2],1.0,0,0.6,0.7,0.30000000000000004,[0. 0.]
1412,0.0,1413,1,False,0.0,707.0,2.0,1,0,1,[1. 0.],[1 2],1.0,0,0.6,0.7,0.30000000000000004,[0. 0.]
1413,2.0,1414,0,False,1.0,707.0,0.0,1,1,0,[0. 0.],[1 2],0.0,0,0.6,0.7,0.30000000000000004,[0. 0.]
1414,0.0,1415,1,False,0.0,708.0,1.0,1,0,1,[0. 0.],[1 2],0.0,0,0.6,0.7,0.30000000000000004,[0. 0.]
1415,1.0,1416,0,False,0.0,708.0,0.0,1,1,0,[1. 1.],[1 2],0.0,0,0.6,0.7,0.30000000000000004,[0. 0.]
1416,0.0,1417,1,False,0.0,709.0,1.0,1,0,1,[1. 1.],[1 2],0.0,0,0.6,0.7,0.30000000000000004,[0. 0.]
1417,1.0,1418,0,False,1.0,709.0,0.0,1,1,0,[1. 0.],[1 2],,0,0.6,0.7,0.30000000000000004,[0. 0.]
1418,0.0,1419,1,False,0.0,710.0,1.0,1,0,1,[1. 0.],[1 2],,0,0.6,0.7,0.30000000000000004,[0. 0.]
1419,1.0,1420,0,False,1.0,710.0,0.0,1,1,0,[1. 0.],[1 2],1.0,0,0.6,0.7,0.30000000000000004,[0. 0.]
1420,0.0,1421,1,False,0.0,711.0,2.0,1,0,1,[1. 0.],[1 2],1.0,0,0.6,0.7,0.30000000000000004,[0. 0.]
1421,2.0,1422,0,False,1.0,711.0,0.0,1,1,0,[0. 0.],[1 2],0.0,0,0.6,0.7,0.30000000000000004,[0. 0.]
1422,0.0,1423,1,False,0.0,712.0,1.0,1,0,1,[0. 0.],[1 2],0.0,0,0.6,0.7,0.30000000000000004,[0. 0.]
1423,1.0,1424,0,False,0.0,712.0,0.0,1,1,0,[0. 1.],[1 2],,0,0.6,0.7,0.30000000000000004,[0. 0.]
1424,0.0,1425,1,False,0.0,713.0,1.0,1,0,1,[0. 1.],[1 2],,0,0.6,0.7,0.30000000000000004,[0. 0.]
1425,1.0,1426,0,False,0.0,713.0,0.0,1,1,0,[1. 0.],[1 2],,0,0.6,0.7,0.30000000000000004,[0. 0.]
1426,0.0,1427,1,False,0.0,714.0,1.0,1,0,1,[1. 0.],[1 2],,0,0.6,0.7,0.30000000000000004,[0. 0.]
1427,1.0,1428,0,False,1.0,714.0,0.0,1,1,0,[1. 0.],[1 2],,0,0.6,0.7,0.30000000000000004,[0. 0.]
1428,0.0,1429,1,False,0.0,715.0,1.0,1,0,1,[1. 0.],[1 2],,0,0.6,0.7,0.30000000000000004,[0. 0.]
1429,1.0,1430,0,False,1.0,715.0,0.0,1,1,0,[1. 0.],[1 2],0.0,0,0.6,0.7,0.30000000000000004,[0. 0.]
1430,0.0,1431,1,False,0.0,716.0,1.0,1,0,1,[1. 0.],[1 2],0.0,0,0.6,0.7,0.30000000000000004,[0. 0.]
1431,1.0,1432,0,False,1.0,716.0,0.0,1,1,0,[1. 0.],[1 2],0.0,0,0.6,0.7,0.30000000000000004,[0. 0.]
1432,0.0,1433,1,False,0.0,717.0,1.0,1,0,1,[1. 0.],[1 2],0.0,0,0.6,0.7,0.30000000000000004,[0. 0.]
1433,1.0,1434,0,False,1.0,717.0,0.0,1,1,0,[0. 0.],[1 2],1.0,0,0.6,0.7,0.30000000000000004,[0. 0.]
1434,0.0,1435,1,False,0.0,718.0,2.0,1,0,1,[0. 0.],[1 2],1.0,0,0.6,0.7,0.30000000000000004,[0. 0.]
1435,2.0,1436,0,False,0.0,718.0,0.0,1,1,0,[1. 0.],[1 2],0.0,0,0.6,0.7,0.30000000000000004,[0. 0.]
1436,0.0,1437,1,False,0.0,719.0,1.0,1,0,1,[1. 0.],[1 2],0.0,0,0.6,0.7,0.30000000000000004,[0. 0.]
1437,1.0,1438,0,False,1.0,719.0,0.0,1,1,0,[0. 0.],[1 2],,0,0.6,0.7,0.30000000000000004,[0. 0.]
1438,0.0,1439,1,False,0.0,720.0,1.0,1,0,1,[0. 0.],[1 2],,0,0.6,0.7,0.30000000000000004,[0. 0.]
1439,1.0,1440,0,False,0.0,720.0,0.0,1,1,0,[1. 0.],[1 2],,0,0.6,0.7,0.30000000000000004,[0. 0.]
1440,0.0,1441,1,False,0.0,721.0,1.0,1,0,1,[1. 0.],[1 2],,0,0.6,0.7,0.30000000000000004,[0. 0.]
1441,1.0,1442,0,False,1.0,721.0,0.0,1,1,0,[1. 0.],[1 2],1.0,0,0.6,0.7,0.30000000000000004,[0. 0.]
1442,0.0,1443,1,False,0.0,722.0,2.0,1,0,1,[1. 0.],[1 2],1.0,0,0.6,0.7,0.30000000000000004,[0. 0.]
1443,2.0,1444,0,False,1.0,722.0,0.0,1,1,0,[1. 0.],[1 2],1.0,0,0.6,0.7,0.30000000000000004,[0. 0.]
1444,0.0,1445,1,False,0.0,723.0,2.0,1,0,1,[1. 0.],[1 2],1.0,0,0.6,0.7,0.30000000000000004,[0. 0.]
1445,2.0,1446,0,False,1.0,723.0,0.0,1,1,0,[0. 0.],[1 2],0.0,1,0.6,0.7,0.30000000000000004,[0. 0.]
1446,0.0,1447,1,False,0.0,724.0,1.0,1,0,1,[0. 0.],[1 2],0.0,1,0.6,0.7,0.30000000000000004,[0. 0.]
1447,1.0,1448,0,False,0.0,724.0,0.0,1,1,0,[0. 1.],[1 2],,1,0.6,0.7,0.30000000000000004,[0. 0.]
1448,0.0,1449,1,False,0.0,725.0,1.0,1,0,1,[0. 1.],[1 2],,1,0.6,0.7,0.30000000000000004,[0. 0.]
1449,1.0,1450,0,False,0.0,725.0,0.0,1,1,0,[1. 1.],[1 2],,1,0.6,0.7,0.30000000000000004,[0. 0.]
1450,0.0,1451,1,False,0.0,726.0,1.0,1,0,1,[1. 1.],[1 2],,1,0.6,0.7,0.30000000000000004,[0. 0.]
1451,1.0,1452,0,False,1.0,726.0,0.0,1,1,0,[1. 1.],[1 2],,1,0.6,0.7,0.30000000000000004,[0. 0.]
1452,0.0,1453,1,False,0.0,727.0,1.0,1,0,1,[1. 1.],[1 2],,1,0.6,0.7,0.30000000000000004,[0. 0.]
1453,1.0,1454,0,False,1.0,727.0,0.0,1,1,0,[0. 0.],[1 2],1.0,1,0.6,0.7,0.30000000000000004,[0. 0.]
1454,0.0,1455,1,False,0.0,728.0,2.0,1,0,1,[0. 0.],[1 2],1.0,1,0.6,0.7,0.30000000000000004,[0. 0.]
1455,2.0,1456,0,False,0.0,728.0,0.0,1,1,0,[0. 0.],[1 2],,1,0.6,0.7,0.30000000000000004,[0. 0.]
1456,0.0,1457,1,False,0.0,729.0,1.0,1,0,1,[0. 0.],[1 2],,1,0.6,0.7,0.30000000000000004,[0. 0.]
1457,1.0,1458,0,False,0.0,729.0,0.0,1,1,0,[0. 1.],[1 2],,1,0.6,0.7,0.30000000000000004,[0. 0.]
1458,0.0,1459,1,False,0.0,730.0,1.0,1,0,1,[0. 1.],[1 2],,1,0.6,0.7,0.30000000000000004,[0. 0.]
1459,1.0,1460,0,False,0.0,730.0,0.0,1,1,0,[0. 1.],[1 2],,1,0.6,0.7,0.30000000000000004,[0. 0.]
1460,0.0,1461,1,False,0.0,731.0,1.0,1,0,1,[0. 1.],[1 2],,1,0.6,0.7,0.30000000000000004,[0. 0.]
1461,1.0,1462,0,False,0.0,731.0,0.0,1,1,0,[1. 0.],[1 2],0.0,1,0.6,0.7,0.30000000000000004,[0. 0.]
1462,0.0,1463,1,False,0.0,732.0,1.0,1,0,2,[1. 0.],[1 2],0.0,1,0.6,0.7,0.30000000000000004,[0. 0.]
1463,1.0,1464,0,False,0.0,732.0,0.0,1,1,0,[0. 1.],[1 2],,1,0.6,0.7,0.30000000000000004,[0. 0.]
1464,0.0,1465,1,False,0.0,733.0,1.0,1,0,1,[0. 1.],[1 2],,1,0.6,0.7,0.30000000000000004,[0. 0.]
1465,1.0,1466,0,False,0.0,733.0,0.0,1,1,0,[1. 1.],[1 2],0.0,1,0.6,0.7,0.30000000000000004,[0. 0.]
1466,0.0,1467,1,False,0.0,734.0,1.0,1,0,1,[1. 1.],[1 2],0.0,1,0.6,0.7,0.30000000000000004,[0. 0.]
1467,1.0,1468,0,False,1.0,734.0,0.0,1,1,0,[0. 1.],[1 2],,1,0.6,0.7,0.30000000000000004,[0. 0.]
1468,0.0,1469,1,False,0.0,735.0,1.0,1,0,1,[0. 1.],[1 2],,1,0.6,0.7,0.30000000000000004,[0. 0.]
1469,1.0,1470,0,False,0.0,735.0,0.0,1,1,0,[1. 1.],[1 2],,1,0.6,0.7,0.30000000000000004,[0. 0.]
1470,0.0,1471,1,False,0.0,736.0,1.0,1,0,1,[1. 1.],[1 2],,1,0.6,0.7,0.30000000000000004,[0. 0.]
1471,1.0,1472,0,False,1.0,736.0,0.0,1,1,0,[0. 0.],[1 2],,1,0.6,0.7,0.30000000000000004,[0. 0.]
1472,0.0,1473,1,False,0.0,737.0,1.0,1,0,1,[0. 0.],[1 2],,1,0.6,0.7,0.30000000000000004,[0. 0.]
1473,1.0,1474,0,False,0.0,737.0,0.0,1,1,0,[1. 0.],[1 2],,1,0.6,0.7,0.30000000000000004,[0. 0.]
1474,0.0,1475,1,False,0.0,738.0,1.0,1,0,1,[1. 0.],[1 2],,1,0.6,0.7,0.30000000000000004,[0. 0.]
1475,1.0,1476,0,False,1.0,738.0,0.0,1,1,0,[0. 0.],[1 2],,1,0.6,0.7,0.30000000000000004,[0. 0.]
1476,0.0,1477,1,False,0.0,739.0,1.0,1,0,1,[0. 0.],[1 2],,1,0.6,0.7,0.30000000000000004,[0. 0.]
1477,1.0,1478,0,False,0.0,739.0,0.0,1,1,0,[0. 1.],[1 2],0.0,1,0.6,0.7,0.30000000000000004,[0. 0.]
1478,0.0,1479,1,False,0.0,740.0,1.0,1,0,1,[0. 1.],[1 2],0.0,1,0.6,0.7,0.30000000000000004,[0. 0.]
1479,1.0,1480,0,False,0.0,740.0,0.0,1,1,0,[0. 1.],[1 2],1.0,1,0.6,0.7,0.30000000000000004,[0. 0.]
1480,0.0,1481,1,False,0.0,741.0,2.0,1,0,1,[0. 1.],[1 2],1.0,1,0.6,0.7,0.30000000000000004,[0. 0.]
1481,2.0,1482,0,False,0.0,741.0,0.0,1,1,0,[0. 0.],[1 2],1.0,1,0.6,0.7,0.30000000000000004,[0. 0.]
1482,0.0,1483,1,False,0.0,742.0,2.0,1,0,2,[0. 0.],[1 2],1.0,1,0.6,0.7,0.30000000000000004,[0. 0.]
1483,2.0,1484,0,False,0.0,742.0,0.0,1,1,0,[1. 1.],[1 2],0.0,1,0.6,0.7,0.30000000000000004,[0. 0.]
1484,0.0,1485,1,False,0.0,743.0,1.0,1,0,1,[1. 1.],[1 2],0.0,1,0.6,0.7,0.30000000000000004,[0. 0.]
1485,1.0,1486,0,False,1.0,743.0,0.0,1,1,0,[1. 1.],[1 2],,1,0.6,0.7,0.30000000000000004,[0. 0.]
1486,0.0,1487,1,False,0.0,744.0,1.0,1,0,1,[1. 1.],[1 2],,1,0.6,0.7,0.30000000000000004,[0. 0.]
1487,1.0,1488,0,False,1.0,744.0,0.0,1,1,0,[0. 1.],[1 2],1.0,1,0.6,0.7,0.30000000000000004,[0. 0.]
1488,0.0,1489,1,False,0.0,745.0,2.0,1,0,1,[0. 1.],[1 2],1.0,1,0.6,0.7,0.30000000000000004,[0. 0.]
1489,2.0,1490,0,False,0.0,745.0,0.0,1,1,0,[1. 1.],[1 2],0.0,1,0.6,0.7,0.30000000000000004,[0. 0.]
1490,0.0,1491,1,False,0.0,746.0,1.0,1,0,1,[1. 1.],[1 2],0.0,1,0.6,0.7,0.30000000000000004,[0. 0.]
1491,1.0,1492,0,False,1.0,746.0,0.0,1,1,0,[1. 0.],[1 2],0.0,1,0.6,0.7,0.30000000000000004,[0. 0.]
1492,0.0,1493,1,False,0.0,747.0,1.0,1,0,1,[1. 0.],[1 2],0.0,1,0.6,0.7,0.30000000000000004,[0. 0.]
1493,1.0,1494,0,False,1.0,747.0,0.0,1,1,0,[1. 0.],[1 2],,1,0.6,0.7,0.30000000000000004,[0. 0.]
1494,0.0,1495,1,False,0.0,748.0,1.0,1,0,1,[1. 0.],[1 2],,1,0.6,0.7,0.30000000000000004,[0. 0.]
1495,1.0,1496,0,False,1.0,748.0,0.0,1,1,0,[1. 1.],[1 2],,1,0.6,0.7,0.30000000000000004,[0. 0.]
1496,0.0,1497,1,False,0.0,749.0,1.0,1,0,1,[1. 1.],[1 2],,1,0.6,0.7,0.30000000000000004,[0. 0.]
1497,1.0,1498,0,False,1.0,749.0,0.0,1,1,0,[0. 1.],[1 2],0.0,1,0.6,0.7,0.30000000000000004,[0. 0.]
1498,0.0,1499,1,False,0.0,750.0,1.0,1,0,1,[0. 1.],[1 2],0.0,1,0.6,0.7,0.30000000000000004,[0. 0.]
1499,1.0,1500,0,False,0.0,750.0,0.0,1,1,0,[1. 0.],[1 2],0.0,1,0.6,0.7,0.30000000000000004,[0. 0.]
1500,0.0,1501,1,False,0.0,751.0,1.0,1,0,1,[1. 0.],[1 2],0.0,1,0.6,0.7,0.30000000000000004,[0. 0.]
1501,1.0,1502,0,False,1.0,751.0,0.0,1,1,0,[1. 1.],[1 2],0.0,1,0.6,0.7,0.30000000000000004,[0. 0.]
1502,0.0,1503,1,False,0.0,752.0,1.0,1,0,1,[1. 1.],[1 2],0.0,1,0.6,0.7,0.30000000000000004,[0. 0.]
1503,1.0,1504,0,False,1.0,752.0,0.0,1,1,0,[0. 1.],[1 2],0.0,1,0.6,0.7,0.30000000000000004,[0. 0.]
1504,0.0,1505,1,False,0.0,753.0,1.0,1,0,1,[0. 1.],[1 2],0.0,1,0.6,0.7,0.30000000000000004,[0. 0.]
1505,1.0,1506,0,False,0.0,753.0,0.0,1,1,0,[0. 1.],[1 2],,1,0.6,0.7,0.30000000000000004,[0. 0.]
1506,0.0,1507,1,False,0.0,754.0,1.0,1,0,1,[0. 1.],[1 2],,1,0.6,0.7,0.30000000000000004,[0. 0.]
1507,1.0,1508,0,False,0.0,754.0,0.0,1,1,0,[1. 1.],[1 2],,1,0.6,0.7,0.30000000000000004,[0. 0.]
1508,0.0,1509,1,False,0.0,755.0,1.0,1,0,1,[1. 1.],[1 2],,1,0.6,0.7,0.30000000000000004,[0. 0.]
1509,1.0,1510,0,False,1.0,755.0,0.0,1,1,0,[0. 0.],[1 2],,1,0.6,0.7,0.30000000000000004,[0. 0.]
1510,0.0,1511,1,False,0.0,756.0,1.0,1,0,1,[0. 0.],[1 2],,1,0.6,0.7,0.30000000000000004,[0. 0.]
1511,1.0,1512,0,False,0.0,756.0,0.0,1,1,0,[0. 0.],[1 2],1.0,1,0.6,0.7,0.30000000000000004,[0. 0.]
1512,0.0,1513,1,False,0.0,757.0,2.0,1,0,1,[0. 0.],[1 2],1.0,1,0.6,0.7,0.30000000000000004,[0. 0.]
1513,2.0,1514,0,False,0.0,757.0,0.0,1,1,0,[0. 1.],[1 2],0.0,1,0.6,0.7,0.30000000000000004,[0. 0.]
1514,0.0,1515,1,False,0.0,758.0,1.0,1,0,2,[0. 1.],[1 2],0.0,1,0.6,0.7,0.30000000000000004,[0. 0.]
1515,1.0,1516,0,False,1.0,758.0,0.0,1,1,0,[0. 1.],[1 2],,1,0.6,0.7,0.30000000000000004,[0. 0.]
1516,0.0,1517,1,False,0.0,759.0,2.0,1,0,2,[0. 1.],[1 2],,1,0.6,0.7,0.30000000000000004,[0. 0.]
1517,2.0,1518,0,False,1.0,759.0,0.0,1,1,0,[0. 1.],[1 2],,1,0.6,0.7,0.30000000000000004,[0. 0.]
1518,0.0,1519,1,False,0.0,760.0,2.0,1,0,2,[0. 1.],[1 2],,1,0.6,0.7,0.30000000000000004,[0. 0.]
1519,2.0,1520,0,False,1.0,760.0,0.0,1,1,0,[0. 1.],[1 2],0.0,1,0.6,0.7,0.30000000000000004,[0. 0.]
1520,0.0,1521,1,False,0.0,761.0,1.0,1,0,2,[0. 1.],[1 2],0.0,1,0.6,0.7,0.30000000000000004,[0. 0.]
1521,1.0,1522,0,False,1.0,761.0,0.0,1,1,0,[1. 1.],[1 2],1.0,1,0.6,0.7,0.30000000000000004,[0. 0.]
1522,0.0,1523,1,False,0.0,762.0,2.0,1,0,2,[1. 1.],[1 2],1.0,1,0.6,0.7,0.30000000000000004,[0. 0.]
1523,2.0,1524,0,False,1.0,762.0,0.0,1,1,0,[0. 0.],[1 2],1.0,1,0.6,0.7,0.30000000000000004,[0. 0.]
1524,0.0,1525,1,False,0.0,763.0,2.0,1,0,2,[0. 0.],[1 2],1.0,1,0.6,0.7,0.30000000000000004,[0. 0.]
1525,2.0,1526,0,False,0.0,763.0,0.0,1,1,0,[0. 0.],[1 2],0.0,1,0.6,0.7,0.30000000000000004,[0. 0.]
1526,0.0,1527,1,False,0.0,764.0,1.0,1,0,2,[0. 0.],[1 2],0.0,1,0.6,0.7,0.30000000000000004,[0. 0.]
1527,1.0,1528,0,False,0.0,764.0,0.0,1,1,0,[1. 1.],[1 2],0.0,1,0.6,0.7,0.30000000000000004,[0. 0.]
1528,0.0,1529,1,False,0.0,765.0,1.0,1,0,1,[1. 1.],[1 2],0.0,1,0.6,0.7,0.30000000000000004,[0. 0.]
1529,1.0,1530,0,False,1.0,765.0,0.0,1,1,0,[0. 0.],[1 2],,1,0.6,0.7,0.30000000000000004,[0. 0.]
1530,0.0,1531,1,False,0.0,766.0,1.0,1,0,1,[0. 0.],[1 2],,1,0.6,0.7,0.30000000000000004,[0. 0.]
1531,1.0,1532,0,False,0.0,766.0,0.0,1,1,0,[0. 0.],[1 2],0.0,1,0.6,0.7,0.30000000000000004,[0. 0.]
1532,0.0,1533,1,False,0.0,767.0,1.0,1,0,1,[0. 0.],[1 2],0.0,1,0.6,0.7,0.30000000000000004,[0. 0.]
1533,1.0,1534,0,False,0.0,767.0,0.0,1,1,0,[1. 0.],[1 2],,1,0.6,0.7,0.30000000000000004,[0. 0.]
1534,0.0,1535,1,False,0.0,768.0,1.0,1,0,1,[1. 0.],[1 2],,1,0.6,0.7,0.30000000000000004,[0. 0.]
1535,1.0,1536,0,False,1.0,768.0,0.0,1,1,0,[0. 1.],[1 2],0.0,1,0.6,0.7,0.30000000000000004,[0. 0.]
1536,0.0,1537,1,False,0.0,769.0,1.0,1,0,1,[0. 1.],[1 2],0.0,1,0.6,0.7,0.30000000000000004,[0. 0.]
1537,1.0,1538,0,False,0.0,769.0,0.0,1,1,0,[0. 0.],[1 2],0.0,1,0.6,0.7,0.30000000000000004,[0. 0.]
1538,0.0,1539,1,False,0.0,770.0,1.0,1,0,1,[0. 0.],[1 2],0.0,1,0.6,0.7,0.30000000000000004,[0. 0.]
1539,1.0,1540,0,False,0.0,770.0,0.0,1,1,0,[0. 1.],[1 2],1.0,1,0.6,0.7,0.30000000000000004,[0. 0.]
1540,0.0,1541,1,False,0.0,771.0,2.0,1,0,1,[0. 1.],[1 2],1.0,1,0.6,0.7,0.30000000000000004,[0. 0.]
1541,2.0,1542,0,False,0.0,771.0,0.0,1,1,0,[1. 0.],[1 2],,1,0.6,0.7,0.30000000000000004,[0. 0.]
1542,0.0,1543,1,False,0.0,772.0,2.0,1,0,2,[1. 0.],[1 2],,1,0.6,0.7,0.30000000000000004,[0. 0.]
1543,2.0,1544,0,False,0.0,772.0,0.0,1,1,0,[0. 1.],[1 2],,1,0.6,0.7,0.30000000000000004,[0. 0.]
1544,0.0,1545,1,False,0.0,773.0,1.0,1,0,1,[0. 1.],[1 2],,1,0.6,0.7,0.30000000000000004,[0. 0.]
1545,1.0,1546,0,False,0.0,773.0,0.0,1,1,0,[0. 1.],[1 2],0.0,1,0.6,0.7,0.30000000000000004,[0. 0.]
1546,0.0,1547,1,False,0.0,774.0,1.0,1,0,1,[0. 1.],[1 2],0.0,1,0.6,0.7,0.30000000000000004,[0. 0.]
1547,1.0,1548,0,False,0.0,774.0,0.0,1,1,0,[0. 1.],[1 2],,1,0.6,0.7,0.30000000000000004,[0. 0.]
1548,0.0,1549,1,False,0.0,775.0,1.0,1,0,1,[0. 1.],[1 2],,1,0.6,0.7,0.30000000000000004,[0. 0.]
1549,1.0,1550,0,False,0.0,775.0,0.0,1,1,0,[0. 0.],[1 2],1.0,1,0.6,0.7,0.30000000000000004,[0. 0.]
1550,0.0,1551,1,False,0.0,776.0,2.0,1,0,2,[0. 0.],[1 2],1.0,1,0.6,0.7,0.30000000000000004,[0. 0.]
1551,2.0,1552,0,False,0.0,776.0,0.0,1,1,0,[0. 0.],[1 2],0.0,1,0.6,0.7,0.30000000000000004,[0. 0.]
1552,0.0,1553,1,False,0.0,777.0,1.0,1,0,1,[0. 0.],[1 2],0.0,1,0.6,0.7,0.30000000000000004,[0. 0.]
1553,1.0,1554,0,False,0.0,777.0,0.0,1,1,0,[1. 1.],[1 2],0.0,0,0.6,0.7,0.30000000000000004,[0. 0.]
1554,0.0,1555,1,False,0.0,778.0,1.0,1,0,1,[1. 1.],[1 2],0.0,0,0.6,0.7,0.30000000000000004,[0. 0.]
1555,1.0,1556,0,False,1.0,778.0,0.0,1,1,0,[1. 0.],[1 2],1.0,0,0.6,0.7,0.30000000000000004,[0. 0.]
1556,0.0,1557,1,False,0.0,779.0,2.0,1,0,1,[1. 0.],[1 2],1.0,0,0.6,0.7,0.30000000000000004,[0. 0.]
1557,2.0,1558,0,False,1.0,779.0,0.0,1,1,0,[0. 1.],[1 2],0.0,0,0.6,0.7,0.30000000000000004,[0. 0.]
1558,0.0,1559,1,False,0.0,780.0,1.0,1,0,1,[0. 1.],[1 2],0.0,0,0.6,0.7,0.30000000000000004,[0. 0.]
1559,1.0,1560,0,False,0.0,780.0,0.0,1,1,0,[0. 1.],[1 2],,0,0.6,0.7,0.30000000000000004,[0. 0.]
1560,0.0,1561,1,False,0.0,781.0,1.0,1,0,1,[0. 1.],[1 2],,0,0.6,0.7,0.30000000000000004,[0. 0.]
1561,1.0,1562,0,False,0.0,781.0,0.0,1,1,0,[1. 0.],[1 2],0.0,0,0.6,0.7,0.30000000000000004,[0. 0.]
1562,0.0,1563,1,False,0.0,782.0,1.0,1,0,1,[1. 0.],[1 2],0.0,0,0.6,0.7,0.30000000000000004,[0. 0.]
1563,1.0,1564,0,False,1.0,782.0,0.0,1,1,0,[1. 0.],[1 2],1.0,0,0.6,0.7,0.30000000000000004,[0. 0.]
1564,0.0,1565,1,False,0.0,783.0,2.0,1,0,1,[1. 0.],[1 2],1.0,0,0.6,0.7,0.30000000000000004,[0. 0.]
1565,2.0,1566,0,False,1.0,783.0,0.0,1,1,0,[1. 0.],[1 2],,0,0.6,0.7,0.30000000000000004,[0. 0.]
1566,0.0,1567,1,False,0.0,784.0,1.0,1,0,1,[1. 0.],[1 2],,0,0.6,0.7,0.30000000000000004,[0. 0.]
1567,1.0,1568,0,False,1.0,784.0,0.0,1,1,0,[1. 0.],[1 2],0.0,0,0.6,0.7,0.30000000000000004,[0. 0.]
1568,0.0,1569,1,False,0.0,785.0,1.0,1,0,1,[1. 0.],[1 2],0.0,0,0.6,0.7,0.30000000000000004,[0. 0.]
1569,1.0,1570,0,False,1.0,785.0,0.0,1,1,0,[0. 0.],[1 2],0.0,0,0.6,0.7,0.30000000000000004,[0. 0.]
1570,0.0,1571,1,False,0.0,786.0,1.0,1,0,1,[0. 0.],[1 2],0.0,0,0.6,0.7,0.30000000000000004,[0. 0.]
1571,1.0,1572,0,False,0.0,786.0,0.0,1,1,0,[1. 0.],[1 2],0.0,0,0.6,0.7,0.30000000000000004,[0. 0.]
1572,0.0,1573,1,False,0.0,787.0,1.0,1,0,1,[1. 0.],[1 2],0.0,0,0.6,0.7,0.30000000000000004,[0. 0.]
1573,1.0,1574,0,False,1.0,787.0,0.0,1,1,0,[1. 1.],[1 2],0.0,0,0.6,0.7,0.30000000000000004,[0. 0.]
1574,0.0,1575,1,False,0.0,788.0,1.0,1,0,1,[1. 1.],[1 2],0.0,0,0.6,0.7,0.30000000000000004,[0. 0.]
1575,1.0,1576,0,False,1.0,788.0,0.0,1,1,0,[1. 0.],[1 2],,0,0.6,0.7,0.30000000000000004,[0. 0.]
1576,0.0,1577,1,False,0.0,789.0,1.0,1,0,1,[1. 0.],[1 2],,0,0.6,0.7,0.30000000000000004,[0. 0.]
1577,1.0,1578,0,False,1.0,789.0,0.0,1,1,0,[1. 1.],[1 2],1.0,0,0.6,0.7,0.30000000000000004,[0. 0.]
1578,0.0,1579,1,False,0.0,790.0,2.0,1,0,1,[1. 1.],[1 2],1.0,0,0.6,0.7,0.30000000000000004,[0. 0.]
1579,2.0,1580,0,False,1.0,790.0,0.0,1,1,0,[1. 0.],[1 2],1.0,0,0.6,0.7,0.30000000000000004,[0. 0.]
1580,0.0,1581,1,False,0.0,791.0,2.0,1,0,1,[1. 0.],[1 2],1.0,0,0.6,0.7,0.30000000000000004,[0. 0.]
1581,2.0,1582,0,False,1.0,791.0,0.0,1,1,0,[1. 0.],[1 2],0.0,0,0.6,0.7,0.30000000000000004,[0. 0.]
1582,0.0,1583,1,False,0.0,792.0,1.0,1,0,1,[1. 0.],[1 2],0.0,0,0.6,0.7,0.30000000000000004,[0. 0.]
1583,1.0,1584,0,False,1.0,792.0,0.0,1,1,0,[1. 0.],[1 2],0.0,0,0.6,0.7,0.30000000000000004,[0. 0.]
1584,0.0,1585,1,False,0.0,793.0,1.0,1,0,1,[1. 0.],[1 2],0.0,0,0.6,0.7,0.30000000000000004,[0. 0.]
1585,1.0,1586,0,False,1.0,793.0,0.0,1,1,0,[1. 1.],[1 2],,0,0.6,0.7,0.30000000000000004,[0. 0.]
1586,0.0,1587,1,False,0.0,794.0,1.0,1,0,1,[1. 1.],[1 2],,0,0.6,0.7,0.30000000000000004,[0. 0.]
1587,1.0,1588,0,False,1.0,794.0,0.0,1,1,0,[1. 0.],[1 2],,0,0.6,0.7,0.30000000000000004,[0. 0.]
1588,0.0,1589,1,False,0.0,795.0,1.0,1,0,1,[1. 0.],[1 2],,0,0.6,0.7,0.30000000000000004,[0. 0.]
1589,1.0,1590,0,False,1.0,795.0,0.0,1,1,0,[0. 0.],[1 2],,0,0.6,0.7,0.30000000000000004,[0. 0.]
1590,0.0,1591,1,False,0.0,796.0,1.0,1,0,1,[0. 0.],[1 2],,0,0.6,0.7,0.30000000000000004,[0. 0.]
1591,1.0,1592,0,False,0.0,796.0,0.0,1,1,0,[0. 0.],[1 2],0.0,0,0.6,0.7,0.30000000000000004,[0. 0.]
1592,0.0,1593,1,False,0.0,797.0,1.0,1,0,1,[0. 0.],[1 2],0.0,0,0.6,0.7,0.30000000000000004,[0. 0.]
1593,1.0,1594,0,False,0.0,797.0,0.0,1,1,0,[1. 0.],[1 2],,0,0.6,0.7,0.30000000000000004,[0. 0.]
1594,0.0,1595,1,False,0.0,798.0,1.0,1,0,1,[1. 0.],[1 2],,0,0.6,0.7,0.30000000000000004,[0. 0.]
1595,1.0,1596,0,False,1.0,798.0,0.0,1,1,0,[0. 0.],[1 2],,0,0.6,0.7,0.30000000000000004,[0. 0.]
1596,0.0,1597,1,False,0.0,799.0,1.0,1,0,1,[0. 0.],[1 2],,0,0.6,0.7,0.30000000000000004,[0. 0.]
1597,1.0,1598,0,False,0.0,799.0,0.0,1,1,0,[0. 1.],[1 2],,0,0.6,0.7,0.30000000000000004,[0. 0.]
1598,0.0,1599,1,False,0.0,800.0,1.0,1,0,1,[0. 1.],[1 2],,0,0.6,0.7,0.30000000000000004,[0. 0.]
1599,1.0,1600,0,False,0.0,800.0,0.0,1,1,0,[1. 0.],[1 2],,0,0.6,0.7,0.30000000000000004,[0. 0.]
1600,0.0,1601,1,False,0.0,801.0,1.0,1,0,1,[1. 0.],[1 2],,0,0.6,0.7,0.30000000000000004,[0. 0.]
1601,1.0,1602,0,False,1.0,801.0,0.0,1,1,0,[1. 0.],[1 2],0.0,0,0.6,0.7,0.30000000000000004,[0. 0.]
1602,0.0,1603,1,False,0.0,802.0,1.0,1,0,1,[1. 0.],[1 2],0.0,0,0.6,0.7,0.30000000000000004,[0. 0.]
1603,1.0,1604,0,False,1.0,802.0,0.0,1,1,0,[1. 0.],[1 2],0.0,0,0.6,0.7,0.30000000000000004,[0. 0.]
1604,0.0,1605,1,False,0.0,803.0,1.0,1,0,1,[1. 0.],[1 2],0.0,0,0.6,0.7,0.30000000000000004,[0. 0.]
1605,1.0,1606,0,False,1.0,803.0,0.0,1,1,0,[1. 1.],[1 2],,0,0.6,0.7,0.30000000000000004,[0. 0.]
1606,0.0,1607,1,False,0.0,804.0,1.0,1,0,1,[1. 1.],[1 2],,0,0.6,0.7,0.30000000000000004,[0. 0.]
1607,1.0,1608,0,False,1.0,804.0,0.0,1,1,0,[1. 1.],[1 2],0.0,0,0.6,0.7,0.30000000000000004,[0. 0.]
1608,0.0,1609,1,False,0.0,805.0,1.0,1,0,1,[1. 1.],[1 2],0.0,0,0.6,0.7,0.30000000000000004,[0. 0.]
1609,1.0,1610,0,False,1.0,805.0,0.0,1,1,0,[1. 1.],[1 2],,0,0.6,0.7,0.30000000000000004,[0. 0.]
1610,0.0,1611,1,False,0.0,806.0,1.0,1,0,1,[1. 1.],[1 2],,0,0.6,0.7,0.30000000000000004,[0. 0.]
1611,1.0,1612,0,False,1.0,806.0,0.0,1,1,0,[1. 1.],[1 2],,0,0.6,0.7,0.30000000000000004,[0. 0.]
1612,0.0,1613,1,False,0.0,807.0,1.0,1,0,1,[1. 1.],[1 2],,0,0.6,0.7,0.30000000000000004,[0. 0.]
1613,1.0,1614,0,False,1.0,807.0,0.0,1,1,0,[0. 0.],[1 2],0.0,0,0.6,0.7,0.30000000000000004,[0. 0.]
1614,0.0,1615,1,False,0.0,808.0,1.0,1,0,1,[0. 0.],[1 2],0.0,0,0.6,0.7,0.30000000000000004,[0. 0.]
1615,1.0,1616,0,False,0.0,808.0,0.0,1,1,0,[0. 0.],[1 2],1.0,0,0.6,0.7,0.30000000000000004,[0. 0.]
1616,0.0,1617,1,False,0.0,809.0,2.0,1,0,1,[0. 0.],[1 2],1.0,0,0.6,0.7,0.30000000000000004,[0. 0.]
1617,2.0,1618,0,False,0.0,809.0,0.0,1,1,0,[1. 0.],[1 2],0.0,0,0.6,0.7,0.30000000000000004,[0. 0.]
1618,0.0,1619,1,False,0.0,810.0,1.0,1,0,1,[1. 0.],[1 2],0.0,0,0.6,0.7,0.30000000000000004,[0. 0.]
1619,1.0,1620,0,False,1.0,810.0,0.0,1,1,0,[0. 0.],[1 2],,1,0.6,0.7,0.30000000000000004,[0. 0.]
1620,0.0,1621,1,False,0.0,811.0,1.0,1,0,1,[0. 0.],[1 2],,1,0.6,0.7,0.30000000000000004,[0. 0.]
1621,1.0,1622,0,False,0.0,811.0,0.0,1,1,0,[0. 0.],[1 2],,1,0.6,0.7,0.30000000000000004,[0. 0.]
1622,0.0,1623,1,False,0.0,812.0,1.0,1,0,1,[0. 0.],[1 2],,1,0.6,0.7,0.30000000000000004,[0. 0.]
1623,1.0,1624,0,False,0.0,812.0,0.0,1,1,0,[0. 0.],[1 2],0.0,1,0.6,0.7,0.30000000000000004,[0. 0.]
1624,0.0,1625,1,False,0.0,813.0,1.0,1,0,1,[0. 0.],[1 2],0.0,1,0.6,0.7,0.30000000000000004,[0. 0.]
1625,1.0,1626,0,False,0.0,813.0,0.0,1,1,0,[0. 1.],[1 2],,1,0.6,0.7,0.30000000000000004,[0. 0.]
1626,0.0,1627,1,False,0.0,814.0,2.0,1,0,2,[0. 1.],[1 2],,1,0.6,0.7,0.30000000000000004,[0. 0.]
1627,2.0,1628,0,False,1.0,814.0,0.0,1,1,0,[1. 0.],[1 2],0.0,1,0.6,0.7,0.30000000000000004,[0. 0.]
1628,0.0,1629,1,False,0.0,815.0,1.0,1,0,2,[1. 0.],[1 2],0.0,1,0.6,0.7,0.30000000000000004,[0. 0.]
1629,1.0,1630,0,False,0.0,815.0,0.0,1,1,0,[1. 1.],[1 2],0.0,1,0.6,0.7,0.30000000000000004,[0. 0.]
1630,0.0,1631,1,False,0.0,816.0,1.0,1,0,2,[1. 1.],[1 2],0.0,1,0.6,0.7,0.30000000000000004,[0. 0.]
1631,1.0,1632,0,False,1.0,816.0,0.0,1,1,0,[0. 1.],[1 2],,1,0.6,0.7,0.30000000000000004,[0. 0.]
1632,0.0,1633,1,False,0.0,817.0,2.0,1,0,2,[0. 1.],[1 2],,1,0.6,0.7,0.30000000000000004,[0. 0.]
1633,2.0,1634,0,False,1.0,817.0,0.0,1,1,0,[0. 1.],[1 2],,1,0.6,0.7,0.30000000000000004,[0. 0.]
1634,0.0,1635,1,False,0.0,818.0,2.0,1,0,2,[0. 1.],[1 2],,1,0.6,0.7,0.30000000000000004,[0. 0.]
1635,2.0,1636,0,False,1.0,818.0,0.0,1,1,0,[1. 0.],[1 2],0.0,1,0.6,0.7,0.30000000000000004,[0. 0.]
1636,0.0,1637,1,False,0.0,819.0,1.0,1,0,2,[1. 0.],[1 2],0.0,1,0.6,0.7,0.30000000000000004,[0. 0.]
1637,1.0,1638,0,False,0.0,819.0,0.0,1,1,0,[0. 0.],[1 2],1.0,1,0.6,0.7,0.30000000000000004,[0. 0.]
1638,0.0,1639,1,False,0.0,820.0,2.0,1,0,2,[0. 0.],[1 2],1.0,1,0.6,0.7,0.30000000000000004,[0. 0.]
1639,2.0,1640,0,False,0.0,820.0,0.0,1,1,0,[1. 1.],[1 2],1.0,1,0.6,0.7,0.30000000000000004,[0. 0.]
1640,0.0,1641,1,False,0.0,821.0,2.0,1,0,1,[1. 1.],[1 2],1.0,1,0.6,0.7,0.30000000000000004,[0. 0.]
1641,2.0,1642,0,False,1.0,821.0,0.0,1,1,0,[0. 1.],[1 2],0.0,1,0.6,0.7,0.30000000000000004,[0. 0.]
1642,0.0,1643,1,False,0.0,822.0,1.0,1,0,1,[0. 1.],[1 2],0.0,1,0.6,0.7,0.30000000000000004,[0. 0.]
1643,1.0,1644,0,False,0.0,822.0,0.0,1,1,0,[0. 1.],[1 2],0.0,1,0.6,0.7,0.30000000000000004,[0. 0.]
1644,0.0,1645,1,False,0.0,823.0,1.0,1,0,1,[0. 1.],[1 2],0.0,1,0.6,0.7,0.30000000000000004,[0. 0.]
1645,1.0,1646,0,False,0.0,823.0,0.0,1,1,0,[0. 0.],[1 2],,1,0.6,0.7,0.30000000000000004,[0. 0.]
1646,0.0,1647,1,False,0.0,824.0,1.0,1,0,1,[0. 0.],[1 2],,1,0.6,0.7,0.30000000000000004,[0. 0.]
1647,1.0,1648,0,False,0.0,824.0,0.0,1,1,0,[0. 1.],[1 2],1.0,1,0.6,0.7,0.30000000000000004,[0. 0.]
1648,0.0,1649,1,False,0.0,825.0,2.0,1,0,2,[0. 1.],[1 2],1.0,1,0.6,0.7,0.30000000000000004,[0. 0.]
1649,2.0,1650,0,False,1.0,825.0,0.0,1,1,0,[0. 1.],[1 2],1.0,1,0.6,0.7,0.30000000000000004,[0. 0.]
1650,0.0,1651,1,False,0.0,826.0,2.0,1,0,2,[0. 1.],[1 2],1.0,1,0.6,0.7,0.30000000000000004,[0. 0.]
1651,2.0,1652,0,False,1.0,826.0,0.0,1,1,0,[0. 1.],[1 2],,1,0.6,0.7,0.30000000000000004,[0. 0.]
1652,0.0,1653,1,False,0.0,827.0,2.0,1,0,2,[0. 1.],[1 2],,1,0.6,0.7,0.30000000000000004,[0. 0.]
1653,2.0,1654,0,False,1.0,827.0,0.0,1,1,0,[1. 0.],[1 2],,1,0.6,0.7,0.30000000000000004,[0. 0.]
1654,0.0,1655,1,False,0.0,828.0,2.0,1,0,2,[1. 0.],[1 2],,1,0.6,0.7,0.30000000000000004,[0. 0.]
1655,2.0,1656,0,False,0.0,828.0,0.0,1,1,0,[1. 1.],[1 2],1.0,1,0.6,0.7,0.30000000000000004,[0. 0.]
1656,0.0,1657,1,False,0.0,829.0,2.0,1,0,2,[1. 1.],[1 2],1.0,1,0.6,0.7,0.30000000000000004,[0. 0.]
1657,2.0,1658,0,False,1.0,829.0,0.0,1,1,0,[0. 1.],[1 2],,1,0.6,0.7,0.30000000000000004,[0. 0.]
1658,0.0,1659,1,False,0.0,830.0,2.0,1,0,2,[0. 1.],[1 2],,1,0.6,0.7,0.30000000000000004,[0. 0.]
1659,2.0,1660,0,False,1.0,830.0,0.0,1,1,0,[1. 1.],[1 2],1.0,1,0.6,0.7,0.30000000000000004,[0. 0.]
1660,0.0,1661,1,False,0.0,831.0,2.0,1,0,2,[1. 1.],[1 2],1.0,1,0.6,0.7,0.30000000000000004,[0. 0.]
1661,2.0,1662,0,False,1.0,831.0,0.0,1,1,0,[0. 0.],[1 2],1.0,1,0.6,0.7,0.30000000000000004,[0. 0.]
1662,0.0,1663,1,False,0.0,832.0,2.0,1,0,2,[0. 0.],[1 2],1.0,1,0.6,0.7,0.30000000000000004,[0. 0.]
1663,2.0,1664,0,False,0.0,832.0,0.0,1,1,0,[1. 1.],[1 2],0.0,1,0.6,0.7,0.30000000000000004,[0. 0.]
1664,0.0,1665,1,False,0.0,833.0,1.0,1,0,2,[1. 1.],[1 2],0.0,1,0.6,0.7,0.30000000000000004,[0. 0.]
1665,1.0,1666,0,False,1.0,833.0,0.0,1,1,0,[0. 1.],[1 2],1.0,1,0.6,0.7,0.30000000000000004,[0. 0.]
1666,0.0,1667,1,False,0.0,834.0,2.0,1,0,2,[0. 1.],[1 2],1.0,1,0.6,0.7,0.30000000000000004,[0. 0.]
1667,2.0,1668,0,False,1.0,834.0,0.0,1,1,0,[0. 1.],[2 1],0.0,1,0.6,0.7,0.30000000000000004,[0. 0.]
1668,0.0,1669,1,False,0.0,835.0,1.0,1,0,2,[0. 1.],[2 1],0.0,1,0.6,0.7,0.30000000000000004,[0. 0.]
1669,1.0,1670,0,False,0.0,835.0,0.0,1,1,0,[0. 1.],[2 1],,1,0.6,0.7,0.30000000000000004,[0. 0.]
1670,0.0,1671,1,False,0.0,836.0,1.0,1,0,2,[0. 1.],[2 1],,1,0.6,0.7,0.30000000000000004,[0. 0.]
1671,1.0,1672,0,False,0.0,836.0,0.0,1,1,0,[1. 0.],[2 1],1.0,1,0.6,0.7,0.30000000000000004,[0. 0.]
1672,0.0,1673,1,False,0.0,837.0,2.0,1,0,1,[1. 0.],[2 1],1.0,1,0.6,0.7,0.30000000000000004,[0. 0.]
1673,2.0,1674,0,False,0.0,837.0,0.0,1,1,0,[0. 0.],[2 1],,1,0.6,0.7,0.30000000000000004,[0. 0.]
1674,0.0,1675,1,False,0.0,838.0,2.0,1,0,1,[0. 0.],[2 1],,1,0.6,0.7,0.30000000000000004,[0. 0.]
1675,2.0,1676,0,False,0.0,838.0,0.0,1,1,0,[0. 1.],[2 1],0.0,1,0.6,0.7,0.30000000000000004,[0. 0.]
1676,0.0,1677,1,False,0.0,839.0,1.0,1,0,2,[0. 1.],[2 1],0.0,1,0.6,0.7,0.30000000000000004,[0. 0.]
1677,1.0,1678,0,False,0.0,839.0,0.0,1,1,0,[1. 1.],[2 1],,1,0.6,0.7,0.30000000000000004,[0. 0.]
1678,0.0,1679,1,False,0.0,840.0,2.0,1,0,1,[1. 1.],[2 1],,1,0.6,0.7,0.30000000000000004,[0. 0.]
1679,2.0,1680,0,False,1.0,840.0,0.0,1,1,0,[0. 0.],[2 1],1.0,1,0.6,0.7,0.30000000000000004,[0. 0.]
1680,0.0,1681,1,False,0.0,841.0,2.0,1,0,1,[0. 0.],[2 1],1.0,1,0.6,0.7,0.30000000000000004,[0. 0.]
1681,2.0,1682,0,False,0.0,841.0,0.0,1,1,0,[1. 0.],[2 1],0.0,1,0.6,0.7,0.30000000000000004,[0. 0.]
1682,0.0,1683,1,False,0.0,842.0,1.0,1,0,1,[1. 0.],[2 1],0.0,1,0.6,0.7,0.30000000000000004,[0. 0.]
1683,1.0,1684,0,False,0.0,842.0,0.0,1,1,0,[0. 0.],[2 1],,1,0.6,0.7,0.30000000000000004,[0. 0.]
1684,0.0,1685,1,False,0.0,843.0,2.0,1,0,1,[0. 0.],[2 1],,1,0.6,0.7,0.30000000000000004,[0. 0.]
1685,2.0,1686,0,False,0.0,843.0,0.0,1,1,0,[0. 0.],[2 1],1.0,1,0.6,0.7,0.30000000000000004,[0. 0.]
1686,0.0,1687,1,False,0.0,844.0,2.0,1,0,2,[0. 0.],[2 1],1.0,1,0.6,0.7,0.30000000000000004,[0. 0.]
1687,2.0,1688,0,False,0.0,844.0,0.0,1,1,0,[0. 1.],[2 1],,1,0.6,0.7,0.30000000000000004,[0. 0.]
1688,0.0,1689,1,False,0.0,845.0,2.0,1,0,1,[0. 1.],[2 1],,1,0.6,0.7,0.30000000000000004,[0. 0.]
1689,2.0,1690,0,False,1.0,845.0,0.0,1,1,0,[0. 1.],[2 1],,1,0.6,0.7,0.30000000000000004,[0. 0.]
1690,0.0,1691,1,False,0.0,846.0,2.0,1,0,1,[0. 1.],[2 1],,1,0.6,0.7,0.30000000000000004,[0. 0.]
1691,2.0,1692,0,False,1.0,846.0,0.0,1,1,0,[1. 1.],[2 1],,1,0.6,0.7,0.30000000000000004,[0. 0.]
1692,0.0,1693,1,False,0.0,847.0,2.0,1,0,1,[1. 1.],[2 1],,1,0.6,0.7,0.30000000000000004,[0. 0.]
1693,2.0,1694,0,False,1.0,847.0,0.0,1,1,0,[0. 1.],[2 1],1.0,1,0.6,0.7,0.30000000000000004,[0. 0.]
1694,0.0,1695,1,False,0.0,848.0,2.0,1,0,1,[0. 1.],[2 1],1.0,1,0.6,0.7,0.30000000000000004,[0. 0.]
1695,2.0,1696,0,False,1.0,848.0,0.0,1,1,0,[0. 1.],[2 1],1.0,1,0.6,0.7,0.30000000000000004,[0. 0.]
1696,0.0,1697,1,False,0.0,849.0,2.0,1,0,1,[0. 1.],[2 1],1.0,1,0.6,0.7,0.30000000000000004,[0. 0.]
1697,2.0,1698,0,False,1.0,849.0,0.0,1,1,0,[1. 1.],[2 1],,1,0.6,0.7,0.30000000000000004,[0. 0.]
1698,0.0,1699,1,False,0.0,850.0,2.0,1,0,1,[1. 1.],[2 1],,1,0.6,0.7,0.30000000000000004,[0. 0.]
1699,2.0,1700,0,False,1.0,850.0,0.0,1,1,0,[0. 1.],[2 1],,1,0.6,0.7,0.30000000000000004,[0. 0.]
1700,0.0,1701,1,False,0.0,851.0,2.0,1,0,1,[0. 1.],[2 1],,1,0.6,0.7,0.30000000000000004,[0. 0.]
1701,2.0,1702,0,False,1.0,851.0,0.0,1,1,0,[0. 1.],[2 1],1.0,1,0.6,0.7,0.30000000000000004,[0. 0.]
1702,0.0,1703,1,False,0.0,852.0,2.0,1,0,1,[0. 1.],[2 1],1.0,1,0.6,0.7,0.30000000000000004,[0. 0.]
1703,2.0,1704,0,False,1.0,852.0,0.0,1,1,0,[0. 1.],[2 1],,1,0.6,0.7,0.30000000000000004,[0. 0.]
1704,0.0,1705,1,False,0.0,853.0,2.0,1,0,1,[0. 1.],[2 1],,1,0.6,0.7,0.30000000000000004,[0. 0.]
1705,2.0,1706,0,False,1.0,853.0,0.0,1,1,0,[1. 1.],[2 1],0.0,1,0.6,0.7,0.30000000000000004,[0. 0.]
1706,0.0,1707,1,False,0.0,854.0,1.0,1,0,1,[1. 1.],[2 1],0.0,1,0.6,0.7,0.30000000000000004,[0. 0.]
1707,1.0,1708,0,False,1.0,854.0,0.0,1,1,0,[1. 1.],[2 1],,1,0.6,0.7,0.30000000000000004,[0. 0.]
1708,0.0,1709,1,False,0.0,855.0,2.0,1,0,1,[1. 1.],[2 1],,1,0.6,0.7,0.30000000000000004,[0. 0.]
1709,2.0,1710,0,False,1.0,855.0,0.0,1,1,0,[1. 1.],[2 1],1.0,1,0.6,0.7,0.30000000000000004,[0. 0.]
1710,0.0,1711,1,False,0.0,856.0,2.0,1,0,1,[1. 1.],[2 1],1.0,1,0.6,0.7,0.30000000000000004,[0. 0.]
1711,2.0,1712,0,False,1.0,856.0,0.0,1,1,0,[0. 1.],[2 1],1.0,1,0.6,0.7,0.30000000000000004,[0. 0.]
1712,0.0,1713,1,False,0.0,857.0,2.0,1,0,1,[0. 1.],[2 1],1.0,1,0.6,0.7,0.30000000000000004,[0. 0.]
1713,2.0,1714,0,False,1.0,857.0,0.0,1,1,0,[0. 1.],[2 1],0.0,1,0.6,0.7,0.30000000000000004,[0. 0.]
1714,0.0,1715,1,False,0.0,858.0,1.0,1,0,1,[0. 1.],[2 1],0.0,1,0.6,0.7,0.30000000000000004,[0. 0.]
1715,1.0,1716,0,False,1.0,858.0,0.0,1,1,0,[0. 1.],[2 1],0.0,1,0.6,0.7,0.30000000000000004,[0. 0.]
1716,0.0,1717,1,False,0.0,859.0,1.0,1,0,1,[0. 1.],[2 1],0.0,1,0.6,0.7,0.30000000000000004,[0. 0.]
1717,1.0,1718,0,False,1.0,859.0,0.0,1,1,0,[1. 0.],[2 1],1.0,0,0.6,0.7,0.30000000000000004,[0. 0.]
1718,0.0,1719,1,False,0.0,860.0,2.0,1,0,1,[1. 0.],[2 1],1.0,0,0.6,0.7,0.30000000000000004,[0. 0.]
1719,2.0,1720,0,False,0.0,860.0,0.0,1,1,0,[1. 1.],[2 1],1.0,0,0.6,0.7,0.30000000000000004,[0. 0.]
1720,0.0,1721,1,False,0.0,861.0,2.0,1,0,1,[1. 1.],[2 1],1.0,0,0.6,0.7,0.30000000000000004,[0. 0.]
1721,2.0,1722,0,False,1.0,861.0,0.0,1,1,0,[1. 0.],[2 1],,0,0.6,0.7,0.30000000000000004,[0. 0.]
1722,0.0,1723,1,False,0.0,862.0,2.0,1,0,1,[1. 0.],[2 1],,0,0.6,0.7,0.30000000000000004,[0. 0.]
1723,2.0,1724,0,False,0.0,862.0,0.0,1,1,0,[1. 0.],[2 1],1.0,0,0.6,0.7,0.30000000000000004,[0. 0.]
1724,0.0,1725,1,False,0.0,863.0,2.0,1,0,1,[1. 0.],[2 1],1.0,0,0.6,0.7,0.30000000000000004,[0. 0.]
1725,2.0,1726,0,False,0.0,863.0,0.0,1,1,0,[0. 0.],[2 1],,0,0.6,0.7,0.30000000000000004,[0. 0.]
1726,0.0,1727,1,False,0.0,864.0,2.0,1,0,1,[0. 0.],[2 1],,0,0.6,0.7,0.30000000000000004,[0. 0.]
1727,2.0,1728,0,False,0.0,864.0,0.0,1,1,0,[1. 0.],[2 1],,0,0.6,0.7,0.30000000000000004,[0. 0.]
1728,0.0,1729,1,False,0.0,865.0,2.0,1,0,1,[1. 0.],[2 1],,0,0.6,0.7,0.30000000000000004,[0. 0.]
1729,2.0,1730,0,False,0.0,865.0,0.0,1,1,0,[0. 1.],[2 1],,0,0.6,0.7,0.30000000000000004,[0. 0.]
1730,0.0,1731,1,False,0.0,866.0,2.0,1,0,1,[0. 1.],[2 1],,0,0.6,0.7,0.30000000000000004,[0. 0.]
1731,2.0,1732,0,False,1.0,866.0,0.0,1,1,0,[0. 1.],[2 1],,0,0.6,0.7,0.30000000000000004,[0. 0.]
1732,0.0,1733,1,False,0.0,867.0,2.0,1,0,1,[0. 1.],[2 1],,0,0.6,0.7,0.30000000000000004,[0. 0.]
1733,2.0,1734,0,False,1.0,867.0,0.0,1,1,0,[0. 1.],[2 1],,0,0.6,0.7,0.30000000000000004,[0. 0.]
1734,0.0,1735,1,False,0.0,868.0,2.0,1,0,1,[0. 1.],[2 1],,0,0.6,0.7,0.30000000000000004,[0. 0.]
1735,2.0,1736,0,False,1.0,868.0,0.0,1,1,0,[1. 0.],[2 1],1.0,0,0.6,0.7,0.30000000000000004,[0. 0.]
1736,0.0,1737,1,False,0.0,869.0,2.0,1,0,1,[1. 0.],[2 1],1.0,0,0.6,0.7,0.30000000000000004,[0. 0.]
1737,2.0,1738,0,False,0.0,869.0,0.0,1,1,0,[0. 1.],[2 1],1.0,0,0.6,0.7,0.30000000000000004,[0. 0.]
1738,0.0,1739,1,False,0.0,870.0,2.0,1,0,1,[0. 1.],[2 1],1.0,0,0.6,0.7,0.30000000000000004,[0. 0.]
1739,2.0,1740,0,False,1.0,870.0,0.0,1,1,0,[1. 1.],[2 1],0.0,0,0.6,0.7,0.30000000000000004,[0. 0.]
1740,0.0,1741,1,False,0.0,871.0,1.0,1,0,1,[1. 1.],[2 1],0.0,0,0.6,0.7,0.30000000000000004,[0. 0.]
1741,1.0,1742,0,False,1.0,871.0,0.0,1,1,0,[1. 1.],[2 1],,0,0.6,0.7,0.30000000000000004,[0. 0.]
1742,0.0,1743,1,False,0.0,872.0,2.0,1,0,1,[1. 1.],[2 1],,0,0.6,0.7,0.30000000000000004,[0. 0.]
1743,2.0,1744,0,False,1.0,872.0,0.0,1,1,0,[0. 0.],[2 1],0.0,0,0.6,0.7,0.30000000000000004,[0. 0.]
1744,0.0,1745,1,False,0.0,873.0,1.0,1,0,1,[0. 0.],[2 1],0.0,0,0.6,0.7,0.30000000000000004,[0. 0.]
1745,1.0,1746,0,False,0.0,873.0,0.0,1,1,0,[0. 0.],[2 1],,0,0.6,0.7,0.30000000000000004,[0. 0.]
1746,0.0,1747,1,False,0.0,874.0,2.0,1,0,1,[0. 0.],[2 1],,0,0.6,0.7,0.30000000000000004,[0. 0.]
1747,2.0,1748,0,False,0.0,874.0,0.0,1,1,0,[1. 0.],[2 1],1.0,0,0.6,0.7,0.30000000000000004,[0. 0.]
1748,0.0,1749,1,False,0.0,875.0,2.0,1,0,1,[1. 0.],[2 1],1.0,0,0.6,0.7,0.30000000000000004,[0. 0.]
1749,2.0,1750,0,False,0.0,875.0,0.0,1,1,0,[0. 0.],[2 1],0.0,0,0.6,0.7,0.30000000000000004,[0. 0.]
1750,0.0,1751,1,False,0.0,876.0,1.0,1,0,1,[0. 0.],[2 1],0.0,0,0.6,0.7,0.30000000000000004,[0. 0.]
1751,1.0,1752,0,False,0.0,876.0,0.0,1,1,0,[0. 0.],[2 1],0.0,0,0.6,0.7,0.30000000000000004,[0. 0.]
1752,0.0,1753,1,False,0.0,877.0,1.0,1,0,2,[0. 0.],[2 1],0.0,0,0.6,0.7,0.30000000000000004,[0. 0.]
1753,1.0,1754,0,False,0.0,877.0,0.0,1,1,0,[1. 1.],[2 1],,0,0.6,0.7,0.30000000000000004,[0. 0.]
1754,0.0,1755,1,False,0.0,878.0,2.0,1,0,1,[1. 1.],[2 1],,0,0.6,0.7,0.30000000000000004,[0. 0.]
1755,2.0,1756,0,False,1.0,878.0,0.0,1,1,0,[1. 1.],[2 1],1.0,0,0.6,0.7,0.30000000000000004,[0. 0.]
1756,0.0,1757,1,False,0.0,879.0,2.0,1,0,1,[1. 1.],[2 1],1.0,0,0.6,0.7,0.30000000000000004,[0. 0.]
1757,2.0,1758,0,False,1.0,879.0,0.0,1,1,0,[1. 0.],[2 1],1.0,0,0.6,0.7,0.30000000000000004,[0. 0.]
1758,0.0,1759,1,False,0.0,880.0,2.0,1,0,1,[1. 0.],[2 1],1.0,0,0.6,0.7,0.30000000000000004,[0. 0.]
1759,2.0,1760,0,False,0.0,880.0,0.0,1,1,0,[1. 0.],[2 1],,0,0.6,0.7,0.30000000000000004,[0. 0.]
1760,0.0,1761,1,False,0.0,881.0,2.0,1,0,1,[1. 0.],[2 1],,0,0.6,0.7,0.30000000000000004,[0. 0.]
1761,2.0,1762,0,False,0.0,881.0,0.0,1,1,0,[1. 0.],[2 1],,0,0.6,0.7,0.30000000000000004,[0. 0.]
1762,0.0,1763,1,False,0.0,882.0,2.0,1,0,1,[1. 0.],[2 1],,0,0.6,0.7,0.30000000000000004,[0. 0.]
1763,2.0,1764,0,False,0.0,882.0,0.0,1,1,0,[1. 0.],[2 1],,0,0.6,0.7,0.30000000000000004,[0. 0.]
1764,0.0,1765,1,False,0.0,883.0,2.0,1,0,1,[1. 0.],[2 1],,0,0.6,0.7,0.30000000000000004,[0. 0.]
1765,2.0,1766,0,False,0.0,883.0,0.0,1,1,0,[0. 0.],[2 1],1.0,0,0.6,0.7,0.30000000000000004,[0. 0.]
1766,0.0,1767,1,False,0.0,884.0,2.0,1,0,1,[0. 0.],[2 1],1.0,0,0.6,0.7,0.30000000000000004,[0. 0.]
1767,2.0,1768,0,False,0.0,884.0,0.0,1,1,0,[1. 0.],[2 1],1.0,0,0.6,0.7,0.30000000000000004,[0. 0.]
1768,0.0,1769,1,False,0.0,885.0,2.0,1,0,2,[1. 0.],[2 1],1.0,0,0.6,0.7,0.30000000000000004,[0. 0.]
1769,2.0,1770,0,False,1.0,885.0,0.0,1,1,0,[0. 0.],[2 1],,0,0.6,0.7,0.30000000000000004,[0. 0.]
1770,0.0,1771,1,False,0.0,886.0,1.0,1,0,2,[0. 0.],[2 1],,0,0.6,0.7,0.30000000000000004,[0. 0.]
1771,1.0,1772,0,False,0.0,886.0,0.0,1,1,0,[0. 1.],[2 1],0.0,0,0.6,0.7,0.30000000000000004,[0. 0.]
1772,0.0,1773,1,False,0.0,887.0,1.0,1,0,2,[0. 1.],[2 1],0.0,0,0.6,0.7,0.30000000000000004,[0. 0.]
1773,1.0,1774,0,False,0.0,887.0,0.0,1,1,0,[1. 0.],[2 1],,0,0.6,0.7,0.30000000000000004,[0. 0.]
1774,0.0,1775,1,False,0.0,888.0,2.0,1,0,1,[1. 0.],[2 1],,0,0.6,0.7,0.30000000000000004,[0. 0.]
1775,2.0,1776,0,False,0.0,888.0,0.0,1,1,0,[1. 0.],[2 1],,0,0.6,0.7,0.30000000000000004,[0. 0.]
1776,0.0,1777,1,False,0.0,889.0,2.0,1,0,1,[1. 0.],[2 1],,0,0.6,0.7,0.30000000000000004,[0. 0.]
1777,2.0,1778,0,False,0.0,889.0,0.0,1,1,0,[1. 0.],[2 1],0.0,0,0.6,0.7,0.30000000000000004,[0. 0.]
1778,0.0,1779,1,False,0.0,890.0,1.0,1,0,2,[1. 0.],[2 1],0.0,0,0.6,0.7,0.30000000000000004,[0. 0.]
1779,1.0,1780,0,False,1.0,890.0,0.0,1,1,0,[0. 0.],[2 1],1.0,0,0.6,0.7,0.30000000000000004,[0. 0.]
1780,0.0,1781,1,False,0.0,891.0,2.0,1,0,2,[0. 0.],[2 1],1.0,0,0.6,0.7,0.30000000000000004,[0. 0.]
1781,2.0,1782,0,False,0.0,891.0,0.0,1,1,0,[1. 0.],[2 1],0.0,0,0.6,0.7,0.30000000000000004,[0. 0.]
1782,0.0,1783,1,False,0.0,892.0,1.0,1,0,2,[1. 0.],[2 1],0.0,0,0.6,0.7,0.30000000000000004,[0. 0.]
1783,1.0,1784,0,False,1.0,892.0,0.0,1,1,0,[1. 0.],[2 1],,0,0.6,0.7,0.30000000000000004,[0. 0.]
1784,0.0,1785,1,False,0.0,893.0,1.0,1,0,2,[1. 0.],[2 1],,0,0.6,0.7,0.30000000000000004,[0. 0.]
1785,1.0,1786,0,False,1.0,893.0,0.0,1,1,0,[1. 1.],[2 1],0.0,0,0.6,0.7,0.30000000000000004,[0. 0.]
1786,0.0,1787,1,False,0.0,894.0,1.0,1,0,2,[1. 1.],[2 1],0.0,0,0.6,0.7,0.30000000000000004,[0. 0.]
1787,1.0,1788,0,False,1.0,894.0,0.0,1,1,0,[0. 1.],[2 1],1.0,0,0.6,0.7,0.30000000000000004,[0. 0.]
1788,0.0,1789,1,False,0.0,895.0,2.0,1,0,2,[0. 1.],[2 1],1.0,0,0.6,0.7,0.30000000000000004,[0. 0.]
1789,2.0,1790,0,False,0.0,895.0,0.0,1,1,0,[1. 1.],[2 1],1.0,0,0.6,0.7,0.30000000000000004,[0. 0.]
1790,0.0,1791,1,False,0.0,896.0,2.0,1,0,2,[1. 1.],[2 1],1.0,0,0.6,0.7,0.30000000000000004,[0. 0.]
1791,2.0,1792,0,False,1.0,896.0,0.0,1,1,0,[1. 0.],[2 1],,0,0.6,0.7,0.30000000000000004,[0. 0.]
1792,0.0,1793,1,False,0.0,897.0,1.0,1,0,2,[1. 0.],[2 1],,0,0.6,0.7,0.30000000000000004,[0. 0.]
1793,1.0,1794,0,False,1.0,897.0,0.0,1,1,0,[1. 0.],[2 1],0.0,0,0.6,0.7,0.30000000000000004,[0. 0.]
1794,0.0,1795,1,False,0.0,898.0,1.0,1,0,2,[1. 0.],[2 1],0.0,0,0.6,0.7,0.30000000000000004,[0. 0.]
1795,1.0,1796,0,False,1.0,898.0,0.0,1,1,0,[1. 0.],[2 1],0.0,0,0.6,0.7,0.30000000000000004,[0. 0.]
1796,0.0,1797,1,False,0.0,899.0,1.0,1,0,2,[1. 0.],[2 1],0.0,0,0.6,0.7,0.30000000000000004,[0. 0.]
1797,1.0,1798,0,False,1.0,899.0,0.0,1,1,0,[1. 0.],[2 1],,0,0.6,0.7,0.30000000000000004,[0. 0.]
1798,0.0,1799,1,False,0.0,900.0,1.0,1,0,2,[1. 0.],[2 1],,0,0.6,0.7,0.30000000000000004,[0. 0.]
1799,1.0,1800,0,False,1.0,900.0,0.0,1,1,0,[1. 0.],[2 1],,0,0.6,0.7,0.30000000000000004,[0. 0.]
1800,0.0,1801,1,False,0.0,901.0,1.0,1,0,2,[1. 0.],[2 1],,0,0.6,0.7,0.30000000000000004,[0. 0.]
1801,1.0,1802,0,False,1.0,901.0,0.0,1,1,0,[1. 1.],[2 1],,0,0.6,0.7,0.30000000000000004,[0. 0.]
1802,0.0,1803,1,False,0.0,902.0,1.0,1,0,2,[1. 1.],[2 1],,0,0.6,0.7,0.30000000000000004,[0. 0.]
1803,1.0,1804,0,False,1.0,902.0,0.0,1,1,0,[1. 0.],[2 1],0.0,0,0.6,0.7,0.30000000000000004,[0. 0.]
1804,0.0,1805,1,False,0.0,903.0,1.0,1,0,2,[1. 0.],[2 1],0.0,0,0.6,0.7,0.30000000000000004,[0. 0.]
1805,1.0,1806,0,False,1.0,903.0,0.0,1,1,0,[0. 0.],[2 1],1.0,0,0.6,0.7,0.30000000000000004,[0. 0.]
1806,0.0,1807,1,False,0.0,904.0,2.0,1,0,2,[0. 0.],[2 1],1.0,0,0.6,0.7,0.30000000000000004,[0. 0.]
1807,2.0,1808,0,False,0.0,904.0,0.0,1,1,0,[1. 0.],[2 1],0.0,0,0.6,0.7,0.30000000000000004,[0. 0.]
1808,0.0,1809,1,False,0.0,905.0,1.0,1,0,2,[1. 0.],[2 1],0.0,0,0.6,0.7,0.30000000000000004,[0. 0.]
1809,1.0,1810,0,False,1.0,905.0,0.0,1,1,0,[0. 0.],[2 1],1.0,0,0.6,0.7,0.30000000000000004,[0. 0.]
1810,0.0,1811,1,False,0.0,906.0,2.0,1,0,2,[0. 0.],[2 1],1.0,0,0.6,0.7,0.30000000000000004,[0. 0.]
1811,2.0,1812,0,False,0.0,906.0,0.0,1,1,0,[0. 1.],[2 1],1.0,1,0.6,0.7,0.30000000000000004,[0. 0.]
1812,0.0,1813,1,False,0.0,907.0,2.0,1,0,2,[0. 1.],[2 1],1.0,1,0.6,0.7,0.30000000000000004,[0. 0.]
1813,2.0,1814,0,False,0.0,907.0,0.0,1,1,0,[0. 0.],[2 1],0.0,1,0.6,0.7,0.30000000000000004,[0. 0.]
1814,0.0,1815,1,False,0.0,908.0,1.0,1,0,1,[0. 0.],[2 1],0.0,1,0.6,0.7,0.30000000000000004,[0. 0.]
1815,1.0,1816,0,False,0.0,908.0,0.0,1,1,0,[0. 1.],[2 1],,1,0.6,0.7,0.30000000000000004,[0. 0.]
1816,0.0,1817,1,False,0.0,909.0,2.0,1,0,1,[0. 1.],[2 1],,1,0.6,0.7,0.30000000000000004,[0. 0.]
1817,2.0,1818,0,False,1.0,909.0,0.0,1,1,0,[0. 1.],[2 1],1.0,1,0.6,0.7,0.30000000000000004,[0. 0.]
1818,0.0,1819,1,False,0.0,910.0,2.0,1,0,1,[0. 1.],[2 1],1.0,1,0.6,0.7,0.30000000000000004,[0. 0.]
1819,2.0,1820,0,False,1.0,910.0,0.0,1,1,0,[0. 1.],[2 1],1.0,1,0.6,0.7,0.30000000000000004,[0. 0.]
1820,0.0,1821,1,False,0.0,911.0,2.0,1,0,1,[0. 1.],[2 1],1.0,1,0.6,0.7,0.30000000000000004,[0. 0.]
1821,2.0,1822,0,False,1.0,911.0,0.0,1,1,0,[0. 1.],[2 1],,1,0.6,0.7,0.30000000000000004,[0. 0.]
1822,0.0,1823,1,False,0.0,912.0,2.0,1,0,1,[0. 1.],[2 1],,1,0.6,0.7,0.30000000000000004,[0. 0.]
1823,2.0,1824,0,False,1.0,912.0,0.0,1,1,0,[1. 0.],[2 1],,1,0.6,0.7,0.30000000000000004,[0. 0.]
1824,0.0,1825,1,False,0.0,913.0,2.0,1,0,1,[1. 0.],[2 1],,1,0.6,0.7,0.30000000000000004,[0. 0.]
1825,2.0,1826,0,False,0.0,913.0,0.0,1,1,0,[1. 1.],[2 1],,1,0.6,0.7,0.30000000000000004,[0. 0.]
1826,0.0,1827,1,False,0.0,914.0,2.0,1,0,1,[1. 1.],[2 1],,1,0.6,0.7,0.30000000000000004,[0. 0.]
1827,2.0,1828,0,False,1.0,914.0,0.0,1,1,0,[1. 0.],[2 1],,1,0.6,0.7,0.30000000000000004,[0. 0.]
1828,0.0,1829,1,False,0.0,915.0,2.0,1,0,1,[1. 0.],[2 1],,1,0.6,0.7,0.30000000000000004,[0. 0.]
1829,2.0,1830,0,False,0.0,915.0,0.0,1,1,0,[0. 1.],[2 1],1.0,1,0.6,0.7,0.30000000000000004,[0. 0.]
1830,0.0,1831,1,False,0.0,916.0,2.0,1,0,1,[0. 1.],[2 1],1.0,1,0.6,0.7,0.30000000000000004,[0. 0.]
1831,2.0,1832,0,False,1.0,916.0,0.0,1,1,0,[0. 1.],[2 1],1.0,1,0.6,0.7,0.30000000000000004,[0. 0.]
1832,0.0,1833,1,False,0.0,917.0,2.0,1,0,1,[0. 1.],[2 1],1.0,1,0.6,0.7,0.30000000000000004,[0. 0.]
1833,2.0,1834,0,False,1.0,917.0,0.0,1,1,0,[0. 1.],[2 1],0.0,1,0.6,0.7,0.30000000000000004,[0. 0.]
1834,0.0,1835,1,False,0.0,918.0,1.0,1,0,1,[0. 1.],[2 1],0.0,1,0.6,0.7,0.30000000000000004,[0. 0.]
1835,1.0,1836,0,False,1.0,918.0,0.0,1,1,0,[1. 1.],[2 1],0.0,1,0.6,0.7,0.30000000000000004,[0. 0.]
1836,0.0,1837,1,False,0.0,919.0,1.0,1,0,1,[1. 1.],[2 1],0.0,1,0.6,0.7,0.30000000000000004,[0. 0.]
1837,1.0,1838,0,False,1.0,919.0,0.0,1,1,0,[1. 1.],[2 1],,1,0.6,0.7,0.30000000000000004,[0. 0.]
1838,0.0,1839,1,False,0.0,920.0,2.0,1,0,1,[1. 1.],[2 1],,1,0.6,0.7,0.30000000000000004,[0. 0.]
1839,2.0,1840,0,False,1.0,920.0,0.0,1,1,0,[0. 1.],[2 1],,1,0.6,0.7,0.30000000000000004,[0. 0.]
1840,0.0,1841,1,False,0.0,921.0,2.0,1,0,1,[0. 1.],[2 1],,1,0.6,0.7,0.30000000000000004,[0. 0.]
1841,2.0,1842,0,False,1.0,921.0,0.0,1,1,0,[0. 1.],[2 1],0.0,1,0.6,0.7,0.30000000000000004,[0. 0.]
1842,0.0,1843,1,False,0.0,922.0,1.0,1,0,1,[0. 1.],[2 1],0.0,1,0.6,0.7,0.30000000000000004,[0. 0.]
1843,1.0,1844,0,False,1.0,922.0,0.0,1,1,0,[1. 0.],[2 1],1.0,1,0.6,0.7,0.30000000000000004,[0. 0.]
1844,0.0,1845,1,False,0.0,923.0,2.0,1,0,1,[1. 0.],[2 1],1.0,1,0.6,0.7,0.30000000000000004,[0. 0.]
1845,2.0,1846,0,False,0.0,923.0,0.0,1,1,0,[0. 1.],[2 1],1.0,1,0.6,0.7,0.30000000000000004,[0. 0.]
1846,0.0,1847,1,False,0.0,924.0,2.0,1,0,1,[0. 1.],[2 1],1.0,1,0.6,0.7,0.30000000000000004,[0. 0.]
1847,2.0,1848,0,False,1.0,924.0,0.0,1,1,0,[1. 1.],[2 1],,1,0.6,0.7,0.30000000000000004,[0. 0.]
1848,0.0,1849,1,False,0.0,925.0,2.0,1,0,1,[1. 1.],[2 1],,1,0.6,0.7,0.30000000000000004,[0. 0.]
1849,2.0,1850,0,False,1.0,925.0,0.0,1,1,0,[0. 1.],[2 1],1.0,1,0.6,0.7,0.30000000000000004,[0. 0.]
1850,0.0,1851,1,False,0.0,926.0,2.0,1,0,1,[0. 1.],[2 1],1.0,1,0.6,0.7,0.30000000000000004,[0. 0.]
1851,2.0,1852,0,False,1.0,926.0,0.0,1,1,0,[1. 0.],[2 1],0.0,1,0.6,0.7,0.30000000000000004,[0. 0.]
1852,0.0,1853,1,False,0.0,927.0,1.0,1,0,1,[1. 0.],[2 1],0.0,1,0.6,0.7,0.30000000000000004,[0. 0.]
1853,1.0,1854,0,False,0.0,927.0,0.0,1,1,0,[0. 1.],[2 1],1.0,1,0.6,0.7,0.30000000000000004,[0. 0.]
1854,0.0,1855,1,False,0.0,928.0,2.0,1,0,1,[0. 1.],[2 1],1.0,1,0.6,0.7,0.30000000000000004,[0. 0.]
1855,2.0,1856,0,False,1.0,928.0,0.0,1,1,0,[0. 1.],[2 1],1.0,1,0.6,0.7,0.30000000000000004,[0. 0.]
1856,0.0,1857,1,False,0.0,929.0,2.0,1,0,1,[0. 1.],[2 1],1.0,1,0.6,0.7,0.30000000000000004,[0. 0.]
1857,2.0,1858,0,False,1.0,929.0,0.0,1,1,0,[0. 1.],[2 1],1.0,1,0.6,0.7,0.30000000000000004,[0. 0.]
1858,0.0,1859,1,False,0.0,930.0,2.0,1,0,1,[0. 1.],[2 1],1.0,1,0.6,0.7,0.30000000000000004,[0. 0.]
1859,2.0,1860,0,False,1.0,930.0,0.0,1,1,0,[1. 1.],[2 1],,1,0.6,0.7,0.30000000000000004,[0. 0.]
1860,0.0,1861,1,False,0.0,931.0,2.0,1,0,1,[1. 1.],[2 1],,1,0.6,0.7,0.30000000000000004,[0. 0.]
1861,2.0,1862,0,False,1.0,931.0,0.0,1,1,0,[0. 1.],[2 1],0.0,1,0.6,0.7,0.30000000000000004,[0. 0.]
1862,0.0,1863,1,False,0.0,932.0,1.0,1,0,1,[0. 1.],[2 1],0.0,1,0.6,0.7,0.30000000000000004,[0. 0.]
1863,1.0,1864,0,False,1.0,932.0,0.0,1,1,0,[0. 1.],[2 1],,1,0.6,0.7,0.30000000000000004,[0. 0.]
1864,0.0,1865,1,False,0.0,933.0,2.0,1,0,1,[0. 1.],[2 1],,1,0.6,0.7,0.30000000000000004,[0. 0.]
1865,2.0,1866,0,False,1.0,933.0,0.0,1,1,0,[1. 1.],[2 1],,1,0.6,0.7,0.30000000000000004,[0. 0.]
1866,0.0,1867,1,False,0.0,934.0,2.0,1,0,1,[1. 1.],[2 1],,1,0.6,0.7,0.30000000000000004,[0. 0.]
1867,2.0,1868,0,False,1.0,934.0,0.0,1,1,0,[1. 0.],[2 1],1.0,1,0.6,0.7,0.30000000000000004,[0. 0.]
1868,0.0,1869,1,False,0.0,935.0,2.0,1,0,1,[1. 0.],[2 1],1.0,1,0.6,0.7,0.30000000000000004,[0. 0.]
1869,2.0,1870,0,False,0.0,935.0,0.0,1,1,0,[0. 0.],[2 1],0.0,1,0.6,0.7,0.30000000000000004,[0. 0.]
1870,0.0,1871,1,False,0.0,936.0,1.0,1,0,1,[0. 0.],[2 1],0.0,1,0.6,0.7,0.30000000000000004,[0. 0.]
1871,1.0,1872,0,False,0.0,936.0,0.0,1,1,0,[0. 1.],[2 1],,1,0.6,0.7,0.30000000000000004,[0. 0.]
1872,0.0,1873,1,False,0.0,937.0,2.0,1,0,1,[0. 1.],[2 1],,1,0.6,0.7,0.30000000000000004,[0. 0.]
1873,2.0,1874,0,False,1.0,937.0,0.0,1,1,0,[0. 1.],[2 1],1.0,1,0.6,0.7,0.30000000000000004,[0. 0.]
1874,0.0,1875,1,False,0.0,938.0,2.0,1,0,1,[0. 1.],[2 1],1.0,1,0.6,0.7,0.30000000000000004,[0. 0.]
1875,2.0,1876,0,False,1.0,938.0,0.0,1,1,0,[0. 1.],[2 1],0.0,1,0.6,0.7,0.30000000000000004,[0. 0.]
1876,0.0,1877,1,False,0.0,939.0,1.0,1,0,1,[0. 1.],[2 1],0.0,1,0.6,0.7,0.30000000000000004,[0. 0.]
1877,1.0,1878,0,False,1.0,939.0,0.0,1,1,0,[1. 1.],[2 1],0.0,1,0.6,0.7,0.30000000000000004,[0. 0.]
1878,0.0,1879,1,False,0.0,940.0,1.0,1,0,1,[1. 1.],[2 1],0.0,1,0.6,0.7,0.30000000000000004,[0. 0.]
1879,1.0,1880,0,False,1.0,940.0,0.0,1,1,0,[0. 0.],[2 1],,1,0.6,0.7,0.30000000000000004,[0. 0.]
1880,0.0,1881,1,False,0.0,941.0,2.0,1,0,1,[0. 0.],[2 1],,1,0.6,0.7,0.30000000000000004,[0. 0.]
1881,2.0,1882,0,False,0.0,941.0,0.0,1,1,0,[0. 0.],[2 1],1.0,1,0.6,0.7,0.30000000000000004,[0. 0.]
1882,0.0,1883,1,False,0.0,942.0,2.0,1,0,1,[0. 0.],[2 1],1.0,1,0.6,0.7,0.30000000000000004,[0. 0.]
1883,2.0,1884,0,False,0.0,942.0,0.0,1,1,0,[0. 1.],[2 1],1.0,1,0.6,0.7,0.30000000000000004,[0. 0.]
1884,0.0,1885,1,False,0.0,943.0,2.0,1,0,1,[0. 1.],[2 1],1.0,1,0.6,0.7,0.30000000000000004,[0. 0.]
1885,2.0,1886,0,False,1.0,943.0,0.0,1,1,0,[0. 1.],[2 1],1.0,1,0.6,0.7,0.30000000000000004,[0. 0.]
1886,0.0,1887,1,False,0.0,944.0,2.0,1,0,1,[0. 1.],[2 1],1.0,1,0.6,0.7,0.30000000000000004,[0. 0.]
1887,2.0,1888,0,False,1.0,944.0,0.0,1,1,0,[0. 0.],[2 1],,1,0.6,0.7,0.30000000000000004,[0. 0.]
1888,0.0,1889,1,False,0.0,945.0,2.0,1,0,1,[0. 0.],[2 1],,1,0.6,0.7,0.30000000000000004,[0. 0.]
1889,2.0,1890,0,False,0.0,945.0,0.0,1,1,0,[0. 1.],[2 1],0.0,0,0.6,0.7,0.30000000000000004,[0. 0.]
1890,0.0,1891,1,False,0.0,946.0,1.0,1,0,1,[0. 1.],[2 1],0.0,0,0.6,0.7,0.30000000000000004,[0. 0.]
1891,1.0,1892,0,False,1.0,946.0,0.0,1,1,0,[1. 0.],[2 1],0.0,0,0.6,0.7,0.30000000000000004,[0. 0.]
1892,0.0,1893,1,False,0.0,947.0,1.0,1,0,1,[1. 0.],[2 1],0.0,0,0.6,0.7,0.30000000000000004,[0. 0.]
1893,1.0,1894,0,False,0.0,947.0,0.0,1,1,0,[1. 0.],[2 1],,0,0.6,0.7,0.30000000000000004,[0. 0.]
1894,0.0,1895,1,False,0.0,948.0,2.0,1,0,1,[1. 0.],[2 1],,0,0.6,0.7,0.30000000000000004,[0. 0.]
1895,2.0,1896,0,False,0.0,948.0,0.0,1,1,0,[0. 0.],[2 1],1.0,0,0.6,0.7,0.30000000000000004,[0. 0.]
1896,0.0,1897,1,False,0.0,949.0,2.0,1,0,1,[0. 0.],[2 1],1.0,0,0.6,0.7,0.30000000000000004,[0. 0.]
1897,2.0,1898,0,False,0.0,949.0,0.0,1,1,0,[0. 1.],[2 1],0.0,0,0.6,0.7,0.30000000000000004,[0. 0.]
1898,0.0,1899,1,False,0.0,950.0,1.0,1,0,2,[0. 1.],[2 1],0.0,0,0.6,0.7,0.30000000000000004,[0. 0.]
1899,1.0,1900,0,False,0.0,950.0,0.0,1,1,0,[0. 0.],[2 1],,0,0.6,0.7,0.30000000000000004,[0. 0.]
1900,0.0,1901,1,False,0.0,951.0,2.0,1,0,1,[0. 0.],[2 1],,0,0.6,0.7,0.30000000000000004,[0. 0.]
1901,2.0,1902,0,False,0.0,951.0,0.0,1,1,0,[0. 0.],[2 1],0.0,0,0.6,0.7,0.30000000000000004,[0. 0.]
1902,0.0,1903,1,False,0.0,952.0,1.0,1,0,1,[0. 0.],[2 1],0.0,0,0.6,0.7,0.30000000000000004,[0. 0.]
1903,1.0,1904,0,False,0.0,952.0,0.0,1,1,0,[0. 0.],[2 1],1.0,0,0.6,0.7,0.30000000000000004,[0. 0.]
1904,0.0,1905,1,False,0.0,953.0,2.0,1,0,2,[0. 0.],[2 1],1.0,0,0.6,0.7,0.30000000000000004,[0. 0.]
1905,2.0,1906,0,False,0.0,953.0,0.0,1,1,0,[1. 0.],[2 1],1.0,0,0.6,0.7,0.30000000000000004,[0. 0.]
1906,0.0,1907,1,False,0.0,954.0,2.0,1,0,1,[1. 0.],[2 1],1.0,0,0.6,0.7,0.30000000000000004,[0. 0.]
1907,2.0,1908,0,False,0.0,954.0,0.0,1,1,0,[1. 0.],[2 1],1.0,0,0.6,0.7,0.30000000000000004,[0. 0.]
1908,0.0,1909,1,False,0.0,955.0,2.0,1,0,1,[1. 0.],[2 1],1.0,0,0.6,0.7,0.30000000000000004,[0. 0.]
1909,2.0,1910,0,False,0.0,955.0,0.0,1,1,0,[0. 1.],[2 1],,0,0.6,0.7,0.30000000000000004,[0. 0.]
1910,0.0,1911,1,False,0.0,956.0,2.0,1,0,1,[0. 1.],[2 1],,0,0.6,0.7,0.30000000000000004,[0. 0.]
1911,2.0,1912,0,False,1.0,956.0,0.0,1,1,0,[1. 1.],[2 1],1.0,0,0.6,0.7,0.30000000000000004,[0. 0.]
1912,0.0,1913,1,False,0.0,957.0,2.0,1,0,1,[1. 1.],[2 1],1.0,0,0.6,0.7,0.30000000000000004,[0. 0.]
1913,2.0,1914,0,False,1.0,957.0,0.0,1,1,0,[1. 1.],[2 1],1.0,0,0.6,0.7,0.30000000000000004,[0. 0.]
1914,0.0,1915,1,False,0.0,958.0,2.0,1,0,1,[1. 1.],[2 1],1.0,0,0.6,0.7,0.30000000000000004,[0. 0.]
1915,2.0,1916,0,False,1.0,958.0,0.0,1,1,0,[0. 1.],[2 1],,0,0.6,0.7,0.30000000000000004,[0. 0.]
1916,0.0,1917,1,False,0.0,959.0,2.0,1,0,1,[0. 1.],[2 1],,0,0.6,0.7,0.30000000000000004,[0. 0.]
1917,2.0,1918,0,False,1.0,959.0,0.0,1,1,0,[1. 0.],[2 1],0.0,0,0.6,0.7,0.30000000000000004,[0. 0.]
1918,0.0,1919,1,False,0.0,960.0,1.0,1,0,1,[1. 0.],[2 1],0.0,0,0.6,0.7,0.30000000000000004,[0. 0.]
1919,1.0,1920,0,False,0.0,960.0,0.0,1,1,0,[1. 0.],[2 1],,0,0.6,0.7,0.30000000000000004,[0. 0.]
1920,0.0,1921,1,False,0.0,961.0,2.0,1,0,1,[1. 0.],[2 1],,0,0.6,0.7,0.30000000000000004,[0. 0.]
1921,2.0,1922,0,False,0.0,961.0,0.0,1,1,0,[1. 0.],[2 1],1.0,0,0.6,0.7,0.30000000000000004,[0. 0.]
1922,0.0,1923,1,False,0.0,962.0,2.0,1,0,1,[1. 0.],[2 1],1.0,0,0.6,0.7,0.30000000000000004,[0. 0.]
1923,2.0,1924,0,False,0.0,962.0,0.0,1,1,0,[1. 0.],[2 1],,0,0.6,0.7,0.30000000000000004,[0. 0.]
1924,0.0,1925,1,False,0.0,963.0,2.0,1,0,1,[1. 0.],[2 1],,0,0.6,0.7,0.30000000000000004,[0. 0.]
1925,2.0,1926,0,False,0.0,963.0,0.0,1,1,0,[1. 0.],[2 1],,0,0.6,0.7,0.30000000000000004,[0. 0.]
1926,0.0,1927,1,False,0.0,964.0,2.0,1,0,1,[1. 0.],[2 1],,0,0.6,0.7,0.30000000000000004,[0. 0.]
1927,2.0,1928,0,False,0.0,964.0,0.0,1,1,0,[1. 0.],[2 1],0.0,0,0.6,0.7,0.30000000000000004,[0. 0.]
1928,0.0,1929,1,False,0.0,965.0,1.0,1,0,2,[1. 0.],[2 1],0.0,0,0.6,0.7,0.30000000000000004,[0. 0.]
1929,1.0,1930,0,False,1.0,965.0,0.0,1,1,0,[1. 0.],[2 1],0.0,0,0.6,0.7,0.30000000000000004,[0. 0.]
1930,0.0,1931,1,False,0.0,966.0,1.0,1,0,2,[1. 0.],[2 1],0.0,0,0.6,0.7,0.30000000000000004,[0. 0.]
1931,1.0,1932,0,False,1.0,966.0,0.0,1,1,0,[0. 0.],[2 1],,0,0.6,0.7,0.30000000000000004,[0. 0.]
1932,0.0,1933,1,False,0.0,967.0,1.0,1,0,2,[0. 0.],[2 1],,0,0.6,0.7,0.30000000000000004,[0. 0.]
1933,1.0,1934,0,False,0.0,967.0,0.0,1,1,0,[1. 0.],[2 1],0.0,0,0.6,0.7,0.30000000000000004,[0. 0.]
1934,0.0,1935,1,False,0.0,968.0,1.0,1,0,2,[1. 0.],[2 1],0.0,0,0.6,0.7,0.30000000000000004,[0. 0.]
1935,1.0,1936,0,False,1.0,968.0,0.0,1,1,0,[1. 0.],[2 1],,0,0.6,0.7,0.30000000000000004,[0. 0.]
1936,0.0,1937,1,False,0.0,969.0,1.0,1,0,2,[1. 0.],[2 1],,0,0.6,0.7,0.30000000000000004,[0. 0.]
1937,1.0,1938,0,False,1.0,969.0,0.0,1,1,0,[1. 0.],[2 1],1.0,0,0.6,0.7,0.30000000000000004,[0. 0.]
1938,0.0,1939,1,False,0.0,970.0,2.0,1,0,2,[1. 0.],[2 1],1.0,0,0.6,0.7,0.30000000000000004,[0. 0.]
1939,2.0,1940,0,False,1.0,970.0,0.0,1,1,0,[0. 1.],[2 1],,1,0.6,0.7,0.30000000000000004,[0. 0.]
1940,0.0,1941,1,False,0.0,971.0,1.0,1,0,2,[0. 1.],[2 1],,1,0.6,0.7,0.30000000000000004,[0. 0.]
1941,1.0,1942,0,False,0.0,971.0,0.0,1,1,0,[0. 1.],[2 1],0.0,1,0.6,0.7,0.30000000000000004,[0. 0.]
1942,0.0,1943,1,False,0.0,972.0,1.0,1,0,2,[0. 1.],[2 1],0.0,1,0.6,0.7,0.30000000000000004,[0. 0.]
1943,1.0,1944,0,False,0.0,972.0,0.0,1,1,0,[1. 1.],[2 1],,0,0.6,0.7,0.30000000000000004,[0. 0.]
1944,0.0,1945,1,False,0.0,973.0,2.0,1,0,1,[1. 1.],[2 1],,0,0.6,0.7,0.30000000000000004,[0. 0.]
1945,2.0,1946,0,False,1.0,973.0,0.0,1,1,0,[0. 0.],[2 1],,0,0.6,0.7,0.30000000000000004,[0. 0.]
1946,0.0,1947,1,False,0.0,974.0,2.0,1,0,1,[0. 0.],[2 1],,0,0.6,0.7,0.30000000000000004,[0. 0.]
1947,2.0,1948,0,False,0.0,974.0,0.0,1,1,0,[1. 0.],[2 1],,0,0.6,0.7,0.30000000000000004,[0. 0.]
1948,0.0,1949,1,False,0.0,975.0,2.0,1,0,1,[1. 0.],[2 1],,0,0.6,0.7,0.30000000000000004,[0. 0.]
1949,2.0,1950,0,False,0.0,975.0,0.0,1,1,0,[0. 0.],[2 1],,0,0.6,0.7,0.30000000000000004,[0. 0.]
1950,0.0,1951,1,False,0.0,976.0,2.0,1,0,1,[0. 0.],[2 1],,0,0.6,0.7,0.30000000000000004,[0. 0.]
1951,2.0,1952,0,False,0.0,976.0,0.0,1,1,0,[1. 0.],[2 1],0.0,0,0.6,0.7,0.30000000000000004,[0. 0.]
1952,0.0,1953,1,False,0.0,977.0,1.0,1,0,1,[1. 0.],[2 1],0.0,0,0.6,0.7,0.30000000000000004,[0. 0.]
1953,1.0,1954,0,False,0.0,977.0,0.0,1,1,0,[1. 0.],[2 1],1.0,0,0.6,0.7,0.30000000000000004,[0. 0.]
1954,0.0,1955,1,False,0.0,978.0,2.0,1,0,2,[1. 0.],[2 1],1.0,0,0.6,0.7,0.30000000000000004,[0. 0.]
1955,2.0,1956,0,False,1.0,978.0,0.0,1,1,0,[1. 0.],[2 1],1.0,0,0.6,0.7,0.30000000000000004,[0. 0.]
1956,0.0,1957,1,False,0.0,979.0,2.0,1,0,2,[1. 0.],[2 1],1.0,0,0.6,0.7,0.30000000000000004,[0. 0.]
1957,2.0,1958,0,False,1.0,979.0,0.0,1,1,0,[1. 0.],[2 1],,0,0.6,0.7,0.30000000000000004,[0. 0.]
1958,0.0,1959,1,False,0.0,980.0,1.0,1,0,2,[1. 0.],[2 1],,0,0.6,0.7,0.30000000000000004,[0. 0.]
1959,1.0,1960,0,False,1.0,980.0,0.0,1,1,0,[1. 1.],[2 1],0.0,0,0.6,0.7,0.30000000000000004,[0. 0.]
1960,0.0,1961,1,False,0.0,981.0,1.0,1,0,2,[1. 1.],[2 1],0.0,0,0.6,0.7,0.30000000000000004,[0. 0.]
1961,1.0,1962,0,False,1.0,981.0,0.0,1,1,0,[0. 0.],[2 1],,0,0.6,0.7,0.30000000000000004,[0. 0.]
1962,0.0,1963,1,False,0.0,982.0,1.0,1,0,2,[0. 0.],[2 1],,0,0.6,0.7,0.30000000000000004,[0. 0.]
1963,1.0,1964,0,False,0.0,982.0,0.0,1,1,0,[1. 0.],[2 1],1.0,0,0.6,0.7,0.30000000000000004,[0. 0.]
1964,0.0,1965,1,False,0.0,983.0,2.0,1,0,2,[1. 0.],[2 1],1.0,0,0.6,0.7,0.30000000000000004,[0. 0.]
1965,2.0,1966,0,False,1.0,983.0,0.0,1,1,0,[1. 1.],[2 1],0.0,0,0.6,0.7,0.30000000000000004,[0. 0.]
1966,0.0,1967,1,False,0.0,984.0,1.0,1,0,2,[1. 1.],[2 1],0.0,0,0.6,0.7,0.30000000000000004,[0. 0.]
1967,1.0,1968,0,False,1.0,984.0,0.0,1,1,0,[1. 0.],[2 1],,0,0.6,0.7,0.30000000000000004,[0. 0.]
1968,0.0,1969,1,False,0.0,985.0,1.0,1,0,2,[1. 0.],[2 1],,0,0.6,0.7,0.30000000000000004,[0. 0.]
1969,1.0,1970,0,False,1.0,985.0,0.0,1,1,0,[1. 1.],[2 1],1.0,0,0.6,0.7,0.30000000000000004,[0. 0.]
1970,0.0,1971,1,False,0.0,986.0,2.0,1,0,2,[1. 1.],[2 1],1.0,0,0.6,0.7,0.30000000000000004,[0. 0.]
1971,2.0,1972,0,False,1.0,986.0,0.0,1,1,0,[1. 0.],[2 1],0.0,0,0.6,0.7,0.30000000000000004,[0. 0.]
1972,0.0,1973,1,False,0.0,987.0,1.0,1,0,2,[1. 0.],[2 1],0.0,0,0.6,0.7,0.30000000000000004,[0. 0.]
1973,1.0,1974,0,False,1.0,987.0,0.0,1,1,0,[1. 0.],[2 1],0.0,0,0.6,0.7,0.30000000000000004,[0. 0.]
1974,0.0,1975,1,False,0.0,988.0,1.0,1,0,2,[1. 0.],[2 1],0.0,0,0.6,0.7,0.30000000000000004,[0. 0.]
1975,1.0,1976,0,False,1.0,988.0,0.0,1,1,0,[0. 1.],[2 1],1.0,1,0.6,0.7,0.30000000000000004,[0. 0.]
1976,0.0,1977,1,False,0.0,989.0,2.0,1,0,2,[0. 1.],[2 1],1.0,1,0.6,0.7,0.30000000000000004,[0. 0.]
1977,2.0,1978,0,False,0.0,989.0,0.0,1,1,0,[0. 1.],[2 1],0.0,1,0.6,0.7,0.30000000000000004,[0. 0.]
1978,0.0,1979,1,False,0.0,990.0,1.0,1,0,2,[0. 1.],[2 1],0.0,1,0.6,0.7,0.30000000000000004,[0. 0.]
1979,1.0,1980,0,False,0.0,990.0,0.0,1,1,0,[0. 0.],[2 1],,1,0.6,0.7,0.30000000000000004,[0. 0.]
1980,0.0,1981,1,False,0.0,991.0,1.0,1,0,2,[0. 0.],[2 1],,1,0.6,0.7,0.30000000000000004,[0. 0.]
1981,1.0,1982,0,False,0.0,991.0,0.0,1,1,0,[0. 1.],[2 1],1.0,1,0.6,0.7,0.30000000000000004,[0. 0.]
1982,0.0,1983,1,False,0.0,992.0,2.0,1,0,2,[0. 1.],[2 1],1.0,1,0.6,0.7,0.30000000000000004,[0. 0.]
1983,2.0,1984,0,False,0.0,992.0,0.0,1,1,0,[0. 0.],[2 1],1.0,1,0.6,0.7,0.30000000000000004,[0. 0.]
1984,0.0,1985,1,False,0.0,993.0,2.0,1,0,1,[0. 0.],[2 1],1.0,1,0.6,0.7,0.30000000000000004,[0. 0.]
1985,2.0,1986,0,False,0.0,993.0,0.0,1,1,0,[0. 1.],[2 1],0.0,1,0.6,0.7,0.30000000000000004,[0. 0.]
1986,0.0,1987,1,False,0.0,994.0,1.0,1,0,1,[0. 1.],[2 1],0.0,1,0.6,0.7,0.30000000000000004,[0. 0.]
1987,1.0,1988,0,False,1.0,994.0,0.0,1,1,0,[0. 1.],[2 1],,1,0.6,0.7,0.30000000000000004,[0. 0.]
1988,0.0,1989,1,False,0.0,995.0,2.0,1,0,1,[0. 1.],[2 1],,1,0.6,0.7,0.30000000000000004,[0. 0.]
1989,2.0,1990,0,False,1.0,995.0,0.0,1,1,0,[0. 1.],[2 1],0.0,1,0.6,0.7,0.30000000000000004,[0. 0.]
1990,0.0,1991,1,False,0.0,996.0,1.0,1,0,1,[0. 1.],[2 1],0.0,1,0.6,0.7,0.30000000000000004,[0. 0.]
1991,1.0,1992,0,False,1.0,996.0,0.0,1,1,0,[0. 0.],[2 1],,1,0.6,0.7,0.30000000000000004,[0. 0.]
1992,0.0,1993,1,False,0.0,997.0,2.0,1,0,1,[0. 0.],[2 1],,1,0.6,0.7,0.30000000000000004,[0. 0.]
1993,2.0,1994,0,False,0.0,997.0,0.0,1,1,0,[1. 1.],[2 1],,1,0.6,0.7,0.30000000000000004,[0. 0.]
1994,0.0,1995,1,False,0.0,998.0,2.0,1,0,1,[1. 1.],[2 1],,1,0.6,0.7,0.30000000000000004,[0. 0.]
1995,2.0,1996,0,False,1.0,998.0,0.0,1,1,0,[0. 1.],[2 1],0.0,1,0.6,0.7,0.30000000000000004,[0. 0.]
1996,0.0,1997,1,False,0.0,999.0,1.0,1,0,1,[0. 1.],[2 1],0.0,1,0.6,0.7,0.30000000000000004,[0. 0.]
1997,1.0,1998,0,False,1.0,999.0,0.0,1,1,0,[0. 1.],[2 1],0.0,1,0.6,0.7,0.30000000000000004,[0. 0.]
1998,0.0,1999,1,False,0.0,1000.0,1.0,1,0,1,[0. 1.],[2 1],0.0,1,0.6,0.7,0.30000000000000004,[0. 0.]
1999,1.0,2000,0,True,1.0,1000.0,0.0,1,1,0,[0. 1.],[2 1],,1,0.6,0.7,0.30000000000000004,[0. 0.]
0,0.0,1,1,False,0.0,1.0,2.0,1,0,1,[1. 0.],[1 2],1.0,1,0.6,0.7,0.30000000000000004,[1. 1.]
1,2.0,2,0,False,1.0,1.0,0.0,1,1,0,[0. 1.],[1 2],,1,0.6,0.7,0.30000000000000004,[1. 1.]
2,0.0,3,1,False,0.0,2.0,1.0,1,0,1,[0. 1.],[1 2],,1,0.6,0.7,0.30000000000000004,[1. 1.]
3,1.0,4,0,False,0.0,2.0,0.0,1,1,0,[0. 1.],[1 2],1.0,1,0.6,0.7,0.30000000000000004,[1. 1.]
4,0.0,5,1,False,0.0,3.0,2.0,1,0,1,[0. 1.],[1 2],1.0,1,0.6,0.7,0.30000000000000004,[1. 1.]
5,2.0,6,0,False,0.0,3.0,0.0,1,1,0,[0. 0.],[1 2],0.0,1,0.6,0.7,0.30000000000000004,[1. 1.]
6,0.0,7,1,False,0.0,4.0,1.0,1,0,2,[0. 0.],[1 2],0.0,1,0.6,0.7,0.30000000000000004,[1. 1.]
7,1.0,8,0,False,0.0,4.0,0.0,1,1,0,[1. 1.],[2 1],,1,0.6,0.7,0.30000000000000004,[1. 1.]
8,0.0,9,1,False,0.0,5.0,2.0,1,0,1,[1. 1.],[2 1],,1,0.6,0.7,0.30000000000000004,[1. 1.]
9,2.0,10,0,False,1.0,5.0,0.0,1,1,0,[1. 0.],[2 1],1.0,1,0.6,0.7,0.30000000000000004,[1. 1.]
10,0.0,11,1,False,0.0,6.0,2.0,1,0,1,[1. 0.],[2 1],1.0,1,0.6,0.7,0.30000000000000004,[1. 1.]
11,2.0,12,0,False,0.0,6.0,0.0,1,1,0,[0. 1.],[2 1],1.0,1,0.6,0.7,0.30000000000000004,[1. 1.]
12,0.0,13,1,False,0.0,7.0,2.0,1,0,1,[0. 1.],[2 1],1.0,1,0.6,0.7,0.30000000000000004,[1. 1.]
13,2.0,14,0,False,1.0,7.0,0.0,1,1,0,[1. 1.],[2 1],0.0,1,0.6,0.7,0.30000000000000004,[1. 1.]
14,0.0,15,1,False,0.0,8.0,1.0,1,0,1,[1. 1.],[2 1],0.0,1,0.6,0.7,0.30000000000000004,[1. 1.]
15,1.0,16,0,False,1.0,8.0,0.0,1,1,0,[0. 0.],[2 1],0.0,1,0.6,0.7,0.30000000000000004,[1. 1.]
16,0.0,17,1,False,0.0,9.0,1.0,1,0,1,[0. 0.],[2 1],0.0,1,0.6,0.7,0.30000000000000004,[1. 1.]
17,1.0,18,0,False,0.0,9.0,0.0,1,1,0,[0. 1.],[2 1],0.0,1,0.6,0.7,0.30000000000000004,[1. 1.]
18,0.0,19,1,False,0.0,10.0,1.0,1,0,1,[0. 1.],[2 1],0.0,1,0.6,0.7,0.30000000000000004,[1. 1.]
19,1.0,20,0,False,1.0,10.0,0.0,1,1,0,[0. 1.],[2 1],,1,0.6,0.7,0.30000000000000004,[1. 1.]
20,0.0,21,1,False,0.0,11.0,2.0,1,0,1,[0. 1.],[2 1],,1,0.6,0.7,0.30000000000000004,[1. 1.]
21,2.0,22,0,False,1.0,11.0,0.0,1,1,0,[1. 0.],[2 1],1.0,1,0.6,0.7,0.30000000000000004,[1. 1.]
22,0.0,23,1,False,0.0,12.0,2.0,1,0,1,[1. 0.],[2 1],1.0,1,0.6,0.7,0.30000000000000004,[1. 1.]
23,2.0,24,0,False,0.0,12.0,0.0,1,1,0,[0. 0.],[2 1],0.0,1,0.6,0.7,0.30000000000000004,[1. 1.]
24,0.0,25,1,False,0.0,13.0,1.0,1,0,1,[0. 0.],[2 1],0.0,1,0.6,0.7,0.30000000000000004,[1. 1.]
25,1.0,26,0,False,0.0,13.0,0.0,1,1,0,[1. 1.],[2 1],,1,0.6,0.7,0.30000000000000004,[1. 1.]
26,0.0,27,1,False,0.0,14.0,2.0,1,0,1,[1. 1.],[2 1],,1,0.6,0.7,0.30000000000000004,[1. 1.]
27,2.0,28,0,False,1.0,14.0,0.0,1,1,0,[0. 1.],[2 1],1.0,1,0.6,0.7,0.30000000000000004,[1. 1.]
28,0.0,29,1,False,0.0,15.0,2.0,1,0,1,[0. 1.],[2 1],1.0,1,0.6,0.7,0.30000000000000004,[1. 1.]
29,2.0,30,0,False,1.0,15.0,0.0,1,1,0,[0. 0.],[2 1],1.0,1,0.6,0.7,0.30000000000000004,[1. 1.]
30,0.0,31,1,False,0.0,16.0,2.0,1,0,1,[0. 0.],[2 1],1.0,1,0.6,0.7,0.30000000000000004,[1. 1.]
31,2.0,32,0,False,0.0,16.0,0.0,1,1,0,[0. 0.],[2 1],,1,0.6,0.7,0.30000000000000004,[1. 1.]
32,0.0,33,1,False,0.0,17.0,2.0,1,0,1,[0. 0.],[2 1],,1,0.6,0.7,0.30000000000000004,[1. 1.]
33,2.0,34,0,False,0.0,17.0,0.0,1,1,0,[0. 1.],[2 1],0.0,1,0.6,0.7,0.30000000000000004,[1. 1.]
34,0.0,35,1,False,0.0,18.0,1.0,1,0,1,[0. 1.],[2 1],0.0,1,0.6,0.7,0.30000000000000004,[1. 1.]
35,1.0,36,0,False,1.0,18.0,0.0,1,1,0,[1. 1.],[2 1],0.0,1,0.6,0.7,0.30000000000000004,[1. 1.]
36,0.0,37,1,False,0.0,19.0,1.0,1,0,1,[1. 1.],[2 1],0.0,1,0.6,0.7,0.30000000000000004,[1. 1.]
37,1.0,38,0,False,1.0,19.0,0.0,1,1,0,[0. 1.],[2 1],0.0,1,0.6,0.7,0.30000000000000004,[1. 1.]
38,0.0,39,1,False,0.0,20.0,1.0,1,0,1,[0. 1.],[2 1],0.0,1,0.6,0.7,0.30000000000000004,[1. 1.]
39,1.0,40,0,False,1.0,20.0,0.0,1,1,0,[0. 0.],[2 1],,1,0.6,0.7,0.30000000000000004,[1. 1.]
40,0.0,41,1,False,0.0,21.0,2.0,1,0,1,[0. 0.],[2 1],,1,0.6,0.7,0.30000000000000004,[1. 1.]
41,2.0,42,0,False,0.0,21.0,0.0,1,1,0,[1. 1.],[2 1],0.0,1,0.6,0.7,0.30000000000000004,[1. 1.]
42,0.0,43,1,False,0.0,22.0,1.0,1,0,1,[1. 1.],[2 1],0.0,1,0.6,0.7,0.30000000000000004,[1. 1.]
43,1.0,44,0,False,1.0,22.0,0.0,1,1,0,[0. 1.],[2 1],1.0,1,0.6,0.7,0.30000000000000004,[1. 1.]
44,0.0,45,1,False,0.0,23.0,2.0,1,0,1,[0. 1.],[2 1],1.0,1,0.6,0.7,0.30000000000000004,[1. 1.]
45,2.0,46,0,False,1.0,23.0,0.0,1,1,0,[1. 1.],[2 1],0.0,1,0.6,0.7,0.30000000000000004,[1. 1.]
46,0.0,47,1,False,0.0,24.0,1.0,1,0,1,[1. 1.],[2 1],0.0,1,0.6,0.7,0.30000000000000004,[1. 1.]
47,1.0,48,0,False,1.0,24.0,0.0,1,1,0,[1. 1.],[2 1],,1,0.6,0.7,0.30000000000000004,[1. 1.]
48,0.0,49,1,False,0.0,25.0,2.0,1,0,1,[1. 1.],[2 1],,1,0.6,0.7,0.30000000000000004,[1. 1.]
49,2.0,50,0,False,1.0,25.0,0.0,1,1,0,[0. 0.],[2 1],0.0,1,0.6,0.7,0.30000000000000004,[1. 1.]
50,0.0,51,1,False,0.0,26.0,1.0,1,0,1,[0. 0.],[2 1],0.0,1,0.6,0.7,0.30000000000000004,[1. 1.]
51,1.0,52,0,False,0.0,26.0,0.0,1,1,0,[0. 1.],[2 1],1.0,1,0.6,0.7,0.30000000000000004,[1. 1.]
52,0.0,53,1,False,0.0,27.0,2.0,1,0,1,[0. 1.],[2 1],1.0,1,0.6,0.7,0.30000000000000004,[1. 1.]
53,2.0,54,0,False,1.0,27.0,0.0,1,1,0,[0. 1.],[2 1],1.0,1,0.6,0.7,0.30000000000000004,[1. 1.]
54,0.0,55,1,False,0.0,28.0,2.0,1,0,1,[0. 1.],[2 1],1.0,1,0.6,0.7,0.30000000000000004,[1. 1.]
55,2.0,56,0,False,1.0,28.0,0.0,1,1,0,[1. 1.],[2 1],,1,0.6,0.7,0.30000000000000004,[1. 1.]
56,0.0,57,1,False,0.0,29.0,2.0,1,0,1,[1. 1.],[2 1],,1,0.6,0.7,0.30000000000000004,[1. 1.]
57,2.0,58,0,False,1.0,29.0,0.0,1,1,0,[0. 1.],[2 1],,1,0.6,0.7,0.30000000000000004,[1. 1.]
58,0.0,59,1,False,0.0,30.0,2.0,1,0,1,[0. 1.],[2 1],,1,0.6,0.7,0.30000000000000004,[1. 1.]
59,2.0,60,0,False,1.0,30.0,0.0,1,1,0,[1. 0.],[2 1],,1,0.6,0.7,0.30000000000000004,[1. 1.]
60,0.0,61,1,False,0.0,31.0,2.0,1,0,1,[1. 0.],[2 1],,1,0.6,0.7,0.30000000000000004,[1. 1.]
61,2.0,62,0,False,0.0,31.0,0.0,1,1,0,[0. 1.],[2 1],0.0,1,0.6,0.7,0.30000000000000004,[1. 1.]
62,0.0,63,1,False,0.0,32.0,1.0,1,0,1,[0. 1.],[2 1],0.0,1,0.6,0.7,0.30000000000000004,[1. 1.]
63,1.0,64,0,False,1.0,32.0,0.0,1,1,0,[0. 1.],[2 1],0.0,1,0.6,0.7,0.30000000000000004,[1. 1.]
64,0.0,65,1,False,0.0,33.0,1.0,1,0,1,[0. 1.],[2 1],0.0,1,0.6,0.7,0.30000000000000004,[1. 1.]
65,1.0,66,0,False,1.0,33.0,0.0,1,1,0,[0. 1.],[2 1],,1,0.6,0.7,0.30000000000000004,[1. 1.]
66,0.0,67,1,False,0.0,34.0,2.0,1,0,1,[0. 1.],[2 1],,1,0.6,0.7,0.30000000000000004,[1. 1.]
67,2.0,68,0,False,1.0,34.0,0.0,1,1,0,[1. 1.],[2 1],0.0,1,0.6,0.7,0.30000000000000004,[1. 1.]
68,0.0,69,1,False,0.0,35.0,1.0,1,0,1,[1. 1.],[2 1],0.0,1,0.6,0.7,0.30000000000000004,[1. 1.]
69,1.0,70,0,False,1.0,35.0,0.0,1,1,0,[1. 1.],[2 1],0.0,1,0.6,0.7,0.30000000000000004,[1. 1.]
70,0.0,71,1,False,0.0,36.0,1.0,1,0,1,[1. 1.],[2 1],0.0,1,0.6,0.7,0.30000000000000004,[1. 1.]
71,1.0,72,0,False,1.0,36.0,0.0,1,1,0,[0. 1.],[2 1],1.0,1,0.6,0.7,0.30000000000000004,[1. 1.]
72,0.0,73,1,False,0.0,37.0,2.0,1,0,1,[0. 1.],[2 1],1.0,1,0.6,0.7,0.30000000000000004,[1. 1.]
73,2.0,74,0,False,1.0,37.0,0.0,1,1,0,[0. 1.],[2 1],1.0,1,0.6,0.7,0.30000000000000004,[1. 1.]
74,0.0,75,1,False,0.0,38.0,2.0,1,0,1,[0. 1.],[2 1],1.0,1,0.6,0.7,0.30000000000000004,[1. 1.]
75,2.0,76,0,False,1.0,38.0,0.0,1,1,0,[0. 1.],[2 1],0.0,1,0.6,0.7,0.30000000000000004,[1. 1.]
76,0.0,77,1,False,0.0,39.0,1.0,1,0,1,[0. 1.],[2 1],0.0,1,0.6,0.7,0.30000000000000004,[1. 1.]
77,1.0,78,0,False,1.0,39.0,0.0,1,1,0,[0. 1.],[2 1],,1,0.6,0.7,0.30000000000000004,[1. 1.]
78,0.0,79,1,False,0.0,40.0,2.0,1,0,1,[0. 1.],[2 1],,1,0.6,0.7,0.30000000000000004,[1. 1.]
79,2.0,80,0,False,1.0,40.0,0.0,1,1,0,[1. 0.],[2 1],0.0,1,0.6,0.7,0.30000000000000004,[1. 1.]
80,0.0,81,1,False,0.0,41.0,1.0,1,0,1,[1. 0.],[2 1],0.0,1,0.6,0.7,0.30000000000000004,[1. 1.]
81,1.0,82,0,False,0.0,41.0,0.0,1,1,0,[0. 1.],[2 1],0.0,1,0.6,0.7,0.30000000000000004,[1. 1.]
82,0.0,83,1,False,0.0,42.0,1.0,1,0,1,[0. 1.],[2 1],0.0,1,0.6,0.7,0.30000000000000004,[1. 1.]
83,1.0,84,0,False,1.0,42.0,0.0,1,1,0,[0. 1.],[2 1],0.0,1,0.6,0.7,0.30000000000000004,[1. 1.]
84,0.0,85,1,False,0.0,43.0,1.0,1,0,1,[0. 1.],[2 1],0.0,1,0.6,0.7,0.30000000000000004,[1. 1.]
85,1.0,86,0,False,1.0,43.0,0.0,1,1,0,[0. 0.],[2 1],1.0,1,0.6,0.7,0.30000000000000004,[1. 1.]
86,0.0,87,1,False,0.0,44.0,2.0,1,0,1,[0. 0.],[2 1],1.0,1,0.6,0.7,0.30000000000000004,[1. 1.]
87,2.0,88,0,False,0.0,44.0,0.0,1,1,0,[1. 0.],[2 1],1.0,1,0.6,0.7,0.30000000000000004,[1. 1.]
88,0.0,89,1,False,0.0,45.0,2.0,1,0,1,[1. 0.],[2 1],1.0,1,0.6,0.7,0.30000000000000004,[1. 1.]
89,2.0,90,0,False,0.0,45.0,0.0,1,1,0,[0. 1.],[2 1],,1,0.6,0.7,0.30000000000000004,[1. 1.]
90,0.0,91,1,False,0.0,46.0,2.0,1,0,1,[0. 1.],[2 1],,1,0.6,0.7,0.30000000000000004,[1. 1.]
91,2.0,92,0,False,1.0,46.0,0.0,1,1,0,[0. 1.],[2 1],,1,0.6,0.7,0.30000000000000004,[1. 1.]
92,0.0,93,1,False,0.0,47.0,2.0,1,0,1,[0. 1.],[2 1],,1,0.6,0.7,0.30000000000000004,[1. 1.]
93,2.0,94,0,False,1.0,47.0,0.0,1,1,0,[0. 1.],[2 1],1.0,1,0.6,0.7,0.30000000000000004,[1. 1.]
94,0.0,95,1,False,0.0,48.0,2.0,1,0,1,[0. 1.],[2 1],1.0,1,0.6,0.7,0.30000000000000004,[1. 1.]
95,2.0,96,0,False,1.0,48.0,0.0,1,1,0,[1. 1.],[2 1],0.0,1,0.6,0.7,0.30000000000000004,[1. 1.]
96,0.0,97,1,False,0.0,49.0,1.0,1,0,1,[1. 1.],[2 1],0.0,1,0.6,0.7,0.30000000000000004,[1. 1.]
97,1.0,98,0,False,1.0,49.0,0.0,1,1,0,[1. 1.],[2 1],0.0,1,0.6,0.7,0.30000000000000004,[1. 1.]
98,0.0,99,1,False,0.0,50.0,1.0,1,0,1,[1. 1.],[2 1],0.0,1,0.6,0.7,0.30000000000000004,[1. 1.]
99,1.0,100,0,False,1.0,50.0,0.0,1,1,0,[0. 1.],[2 1],0.0,1,0.6,0.7,0.30000000000000004,[1. 1.]
100,0.0,101,1,False,0.0,51.0,1.0,1,0,1,[0. 1.],[2 1],0.0,1,0.6,0.7,0.30000000000000004,[1. 1.]
101,1.0,102,0,False,1.0,51.0,0.0,1,1,0,[1. 1.],[2 1],,1,0.6,0.7,0.30000000000000004,[1. 1.]
102,0.0,103,1,False,0.0,52.0,2.0,1,0,1,[1. 1.],[2 1],,1,0.6,0.7,0.30000000000000004,[1. 1.]
103,2.0,104,0,False,1.0,52.0,0.0,1,1,0,[0. 0.],[2 1],1.0,1,0.6,0.7,0.30000000000000004,[1. 1.]
104,0.0,105,1,False,0.0,53.0,2.0,1,0,1,[0. 0.],[2 1],1.0,1,0.6,0.7,0.30000000000000004,[1. 1.]
105,2.0,106,0,False,0.0,53.0,0.0,1,1,0,[0. 0.],[2 1],,1,0.6,0.7,0.30000000000000004,[1. 1.]
106,0.0,107,1,False,0.0,54.0,2.0,1,0,1,[0. 0.],[2 1],,1,0.6,0.7,0.30000000000000004,[1. 1.]
107,2.0,108,0,False,0.0,54.0,0.0,1,1,0,[0. 0.],[2 1],0.0,1,0.6,0.7,0.30000000000000004,[1. 1.]
108,0.0,109,1,False,0.0,55.0,1.0,1,0,1,[0. 0.],[2 1],0.0,1,0.6,0.7,0.30000000000000004,[1. 1.]
109,1.0,110,0,False,0.0,55.0,0.0,1,1,0,[1. 1.],[2 1],0.0,1,0.6,0.7,0.30000000000000004,[1. 1.]
110,0.0,111,1,False,0.0,56.0,1.0,1,0,2,[1. 1.],[2 1],0.0,1,0.6,0.7,0.30000000000000004,[1. 1.]
111,1.0,112,0,False,1.0,56.0,0.0,1,1,0,[0. 0.],[2 1],1.0,1,0.6,0.7,0.30000000000000004,[1. 1.]
112,0.0,113,1,False,0.0,57.0,2.0,1,0,2,[0. 0.],[2 1],1.0,1,0.6,0.7,0.30000000000000004,[1. 1.]
113,2.0,114,0,False,0.0,57.0,0.0,1,1,0,[1. 1.],[2 1],,1,0.6,0.7,0.30000000000000004,[1. 1.]
114,0.0,115,1,False,0.0,58.0,1.0,1,0,2,[1. 1.],[2 1],,1,0.6,0.7,0.30000000000000004,[1. 1.]
115,1.0,116,0,False,1.0,58.0,0.0,1,1,0,[0. 1.],[2 1],1.0,1,0.6,0.7,0.30000000000000004,[1. 1.]
116,0.0,117,1,False,0.0,59.0,2.0,1,0,2,[0. 1.],[2 1],1.0,1,0.6,0.7,0.30000000000000004,[1. 1.]
117,2.0,118,0,False,0.0,59.0,0.0,1,1,0,[1. 1.],[2 1],0.0,1,0.6,0.7,0.30000000000000004,[1. 1.]
118,0.0,119,1,False,0.0,60.0,1.0,1,0,2,[1. 1.],[2 1],0.0,1,0.6,0.7,0.30000000000000004,[1. 1.]
119,1.0,120,0,False,1.0,60.0,0.0,1,1,0,[0. 1.],[2 1],,1,0.6,0.7,0.30000000000000004,[1. 1.]
120,0.0,121,1,False,0.0,61.0,1.0,1,0,2,[0. 1.],[2 1],,1,0.6,0.7,0.30000000000000004,[1. 1.]
121,1.0,122,0,False,0.0,61.0,0.0,1,1,0,[1. 1.],[2 1],,1,0.6,0.7,0.30000000000000004,[1. 1.]
122,0.0,123,1,False,0.0,62.0,1.0,1,0,2,[1. 1.],[2 1],,1,0.6,0.7,0.30000000000000004,[1. 1.]
123,1.0,124,0,False,1.0,62.0,0.0,1,1,0,[1. 1.],[2 1],,1,0.6,0.7,0.30000000000000004,[1. 1.]
124,0.0,125,1,False,0.0,63.0,1.0,1,0,2,[1. 1.],[2 1],,1,0.6,0.7,0.30000000000000004,[1. 1.]
125,1.0,126,0,False,1.0,63.0,0.0,1,1,0,[1. 1.],[2 1],0.0,1,0.6,0.7,0.30000000000000004,[1. 1.]
126,0.0,127,1,False,0.0,64.0,1.0,1,0,2,[1. 1.],[2 1],0.0,1,0.6,0.7,0.30000000000000004,[1. 1.]
127,1.0,128,0,False,1.0,64.0,0.0,1,1,0,[0. 1.],[2 1],1.0,1,0.6,0.7,0.30000000000000004,[1. 1.]
128,0.0,129,1,False,0.0,65.0,2.0,1,0,2,[0. 1.],[2 1],1.0,1,0.6,0.7,0.30000000000000004,[1. 1.]
129,2.0,130,0,False,0.0,65.0,0.0,1,1,0,[1. 1.],[2 1],0.0,1,0.6,0.7,0.30000000000000004,[1. 1.]
130,0.0,131,1,False,0.0,66.0,1.0,1,0,2,[1. 1.],[2 1],0.0,1,0.6,0.7,0.30000000000000004,[1. 1.]
131,1.0,132,0,False,1.0,66.0,0.0,1,1,0,[0. 1.],[2 1],,1,0.6,0.7,0.30000000000000004,[1. 1.]
132,0.0,133,1,False,0.0,67.0,1.0,1,0,2,[0. 1.],[2 1],,1,0.6,0.7,0.30000000000000004,[1. 1.]
133,1.0,134,0,False,0.0,67.0,0.0,1,1,0,[0. 1.],[2 1],0.0,1,0.6,0.7,0.30000000000000004,[1. 1.]
134,0.0,135,1,False,0.0,68.0,1.0,1,0,2,[0. 1.],[2 1],0.0,1,0.6,0.7,0.30000000000000004,[1. 1.]
135,1.0,136,0,False,0.0,68.0,0.0,1,1,0,[1. 1.],[2 1],1.0,1,0.6,0.7,0.30000000000000004,[1. 1.]
136,0.0,137,1,False,0.0,69.0,2.0,1,0,1,[1. 1.],[2 1],1.0,1,0.6,0.7,0.30000000000000004,[1. 1.]
137,2.0,138,0,False,1.0,69.0,0.0,1,1,0,[0. 1.],[2 1],1.0,1,0.6,0.7,0.30000000000000004,[1. 1.]
138,0.0,139,1,False,0.0,70.0,2.0,1,0,1,[0. 1.],[2 1],1.0,1,0.6,0.7,0.30000000000000004,[1. 1.]
139,2.0,140,0,False,1.0,70.0,0.0,1,1,0,[0. 1.],[2 1],0.0,1,0.6,0.7,0.30000000000000004,[1. 1.]
140,0.0,141,1,False,0.0,71.0,1.0,1,0,1,[0. 1.],[2 1],0.0,1,0.6,0.7,0.30000000000000004,[1. 1.]
141,1.0,142,0,False,1.0,71.0,0.0,1,1,0,[0. 0.],[2 1],0.0,1,0.6,0.7,0.30000000000000004,[1. 1.]
142,0.0,143,1,False,0.0,72.0,1.0,1,0,1,[0. 0.],[2 1],0.0,1,0.6,0.7,0.30000000000000004,[1. 1.]
143,1.0,144,0,False,0.0,72.0,0.0,1,1,0,[0. 0.],[2 1],0.0,1,0.6,0.7,0.30000000000000004,[1. 1.]
144,0.0,145,1,False,0.0,73.0,1.0,1,0,1,[0. 0.],[2 1],0.0,1,0.6,0.7,0.30000000000000004,[1. 1.]
145,1.0,146,0,False,0.0,73.0,0.0,1,1,0,[1. 0.],[2 1],,1,0.6,0.7,0.30000000000000004,[1. 1.]
146,0.0,147,1,False,0.0,74.0,2.0,1,0,1,[1. 0.],[2 1],,1,0.6,0.7,0.30000000000000004,[1. 1.]
147,2.0,148,0,False,0.0,74.0,0.0,1,1,0,[0. 0.],[2 1],,1,0.6,0.7,0.30000000000000004,[1. 1.]
148,0.0,149,1,False,0.0,75.0,1.0,1,0,2,[0. 0.],[2 1],,1,0.6,0.7,0.30000000000000004,[1. 1.]
149,1.0,150,0,False,0.0,75.0,0.0,1,1,0,[0. 0.],[2 1],,1,0.6,0.7,0.30000000000000004,[1. 1.]
150,0.0,151,1,False,0.0,76.0,2.0,1,0,1,[0. 0.],[2 1],,1,0.6,0.7,0.30000000000000004,[1. 1.]
151,2.0,152,0,False,0.0,76.0,0.0,1,1,0,[0. 0.],[2 1],,1,0.6,0.7,0.30000000000000004,[1. 1.]
152,0.0,153,1,False,0.0,77.0,2.0,1,0,1,[0. 0.],[2 1],,1,0.6,0.7,0.30000000000000004,[1. 1.]
153,2.0,154,0,False,0.0,77.0,0.0,1,1,0,[0. 1.],[2 1],0.0,1,0.6,0.7,0.30000000000000004,[1. 1.]
154,0.0,155,1,False,0.0,78.0,1.0,1,0,1,[0. 1.],[2 1],0.0,1,0.6,0.7,0.30000000000000004,[1. 1.]
155,1.0,156,0,False,1.0,78.0,0.0,1,1,0,[0. 1.],[2 1],0.0,1,0.6,0.7,0.30000000000000004,[1. 1.]
156,0.0,157,1,False,0.0,79.0,1.0,1,0,1,[0. 1.],[2 1],0.0,1,0.6,0.7,0.30000000000000004,[1. 1.]
157,1.0,158,0,False,1.0,79.0,0.0,1,1,0,[0. 1.],[2 1],1.0,1,0.6,0.7,0.30000000000000004,[1. 1.]
158,0.0,159,1,False,0.0,80.0,2.0,1,0,1,[0. 1.],[2 1],1.0,1,0.6,0.7,0.30000000000000004,[1. 1.]
159,2.0,160,0,False,1.0,80.0,0.0,1,1,0,[0. 1.],[2 1],1.0,1,0.6,0.7,0.30000000000000004,[1. 1.]
160,0.0,161,1,False,0.0,81.0,2.0,1,0,1,[0. 1.],[2 1],1.0,1,0.6,0.7,0.30000000000000004,[1. 1.]
161,2.0,162,0,False,1.0,81.0,0.0,1,1,0,[1. 1.],[2 1],,1,0.6,0.7,0.30000000000000004,[1. 1.]
162,0.0,163,1,False,0.0,82.0,2.0,1,0,1,[1. 1.],[2 1],,1,0.6,0.7,0.30000000000000004,[1. 1.]
163,2.0,164,0,False,1.0,82.0,0.0,1,1,0,[1. 0.],[2 1],0.0,1,0.6,0.7,0.30000000000000004,[1. 1.]
164,0.0,165,1,False,0.0,83.0,1.0,1,0,1,[1. 0.],[2 1],0.0,1,0.6,0.7,0.30000000000000004,[1. 1.]
165,1.0,166,0,False,0.0,83.0,0.0,1,1,0,[1. 1.],[2 1],0.0,1,0.6,0.7,0.30000000000000004,[1. 1.]
166,0.0,167,1,False,0.0,84.0,1.0,1,0,1,[1. 1.],[2 1],0.0,1,0.6,0.7,0.30000000000000004,[1. 1.]
167,1.0,168,0,False,1.0,84.0,0.0,1,1,0,[1. 0.],[2 1],0.0,1,0.6,0.7,0.30000000000000004,[1. 1.]
168,0.0,169,1,False,0.0,85.0,1.0,1,0,1,[1. 0.],[2 1],0.0,1,0.6,0.7,0.30000000000000004,[1. 1.]
169,1.0,170,0,False,0.0,85.0,0.0,1,1,0,[0. 1.],[2 1],,1,0.6,0.7,0.30000000000000004,[1. 1.]
170,0.0,171,1,False,0.0,86.0,2.0,1,0,1,[0. 1.],[2 1],,1,0.6,0.7,0.30000000000000004,[1. 1.]
171,2.0,172,0,False,1.0,86.0,0.0,1,1,0,[0. 1.],[2 1],0.0,1,0.6,0.7,0.30000000000000004,[1. 1.]
172,0.0,173,1,False,0.0,87.0,1.0,1,0,1,[0. 1.],[2 1],0.0,1,0.6,0.7,0.30000000000000004,[1. 1.]
173,1.0,174,0,False,1.0,87.0,0.0,1,1,0,[1. 1.],[2 1],0.0,1,0.6,0.7,0.30000000000000004,[1. 1.]
174,0.0,175,1,False,0.0,88.0,1.0,1,0,1,[1. 1.],[2 1],0.0,1,0.6,0.7,0.30000000000000004,[1. 1.]
175,1.0,176,0,False,1.0,88.0,0.0,1,1,0,[0. 1.],[2 1],1.0,1,0.6,0.7,0.30000000000000004,[1. 1.]
176,0.0,177,1,False,0.0,89.0,2.0,1,0,1,[0. 1.],[2 1],1.0,1,0.6,0.7,0.30000000000000004,[1. 1.]
177,2.0,178,0,False,1.0,89.0,0.0,1,1,0,[0. 1.],[2 1],,1,0.6,0.7,0.30000000000000004,[1. 1.]
178,0.0,179,1,False,0.0,90.0,2.0,1,0,1,[0. 1.],[2 1],,1,0.6,0.7,0.30000000000000004,[1. 1.]
179,2.0,180,0,False,1.0,90.0,0.0,1,1,0,[0. 0.],[2 1],1.0,1,0.6,0.7,0.30000000000000004,[1. 1.]
180,0.0,181,1,False,0.0,91.0,2.0,1,0,1,[0. 0.],[2 1],1.0,1,0.6,0.7,0.30000000000000004,[1. 1.]
181,2.0,182,0,False,0.0,91.0,0.0,1,1,0,[0. 1.],[2 1],0.0,1,0.6,0.7,0.30000000000000004,[1. 1.]
182,0.0,183,1,False,0.0,92.0,1.0,1,0,1,[0. 1.],[2 1],0.0,1,0.6,0.7,0.30000000000000004,[1. 1.]
183,1.0,184,0,False,1.0,92.0,0.0,1,1,0,[0. 1.],[2 1],,1,0.6,0.7,0.30000000000000004,[1. 1.]
184,0.0,185,1,False,0.0,93.0,2.0,1,0,1,[0. 1.],[2 1],,1,0.6,0.7,0.30000000000000004,[1. 1.]
185,2.0,186,0,False,1.0,93.0,0.0,1,1,0,[0. 0.],[2 1],,1,0.6,0.7,0.30000000000000004,[1. 1.]
186,0.0,187,1,False,0.0,94.0,2.0,1,0,1,[0. 0.],[2 1],,1,0.6,0.7,0.30000000000000004,[1. 1.]
187,2.0,188,0,False,0.0,94.0,0.0,1,1,0,[0. 1.],[2 1],0.0,1,0.6,0.7,0.30000000000000004,[1. 1.]
188,0.0,189,1,False,0.0,95.0,1.0,1,0,1,[0. 1.],[2 1],0.0,1,0.6,0.7,0.30000000000000004,[1. 1.]
189,1.0,190,0,False,1.0,95.0,0.0,1,1,0,[0. 1.],[2 1],,1,0.6,0.7,0.30000000000000004,[1. 1.]
190,0.0,191,1,False,0.0,96.0,2.0,1,0,1,[0. 1.],[2 1],,1,0.6,0.7,0.30000000000000004,[1. 1.]
191,2.0,192,0,False,1.0,96.0,0.0,1,1,0,[0. 0.],[2 1],1.0,1,0.6,0.7,0.30000000000000004,[1. 1.]
192,0.0,193,1,False,0.0,97.0,2.0,1,0,1,[0. 0.],[2 1],1.0,1,0.6,0.7,0.30000000000000004,[1. 1.]
193,2.0,194,0,False,0.0,97.0,0.0,1,1,0,[0. 1.],[2 1],1.0,1,0.6,0.7,0.30000000000000004,[1. 1.]
194,0.0,195,1,False,0.0,98.0,2.0,1,0,1,[0. 1.],[2 1],1.0,1,0.6,0.7,0.30000000000000004,[1. 1.]
195,2.0,196,0,False,1.0,98.0,0.0,1,1,0,[0. 1.],[2 1],,1,0.6,0.7,0.30000000000000004,[1. 1.]
196,0.0,197,1,False,0.0,99.0,2.0,1,0,1,[0. 1.],[2 1],,1,0.6,0.7,0.30000000000000004,[1. 1.]
197,2.0,198,0,False,1.0,99.0,0.0,1,1,0,[0. 1.],[2 1],1.0,1,0.6,0.7,0.30000000000000004,[1. 1.]
198,0.0,199,1,False,0.0,100.0,2.0,1,0,1,[0. 1.],[2 1],1.0,1,0.6,0.7,0.30000000000000004,[1. 1.]
199,2.0,200,0,False,1.0,100.0,0.0,1,1,0,[0. 1.],[2 1],1.0,1,0.6,0.7,0.30000000000000004,[1. 1.]
200,0.0,201,1,False,0.0,101.0,2.0,1,0,1,[0. 1.],[2 1],1.0,1,0.6,0.7,0.30000000000000004,[1. 1.]
201,2.0,202,0,False,1.0,101.0,0.0,1,1,0,[0. 1.],[2 1],,1,0.6,0.7,0.30000000000000004,[1. 1.]
202,0.0,203,1,False,0.0,102.0,2.0,1,0,1,[0. 1.],[2 1],,1,0.6,0.7,0.30000000000000004,[1. 1.]
203,2.0,204,0,False,1.0,102.0,0.0,1,1,0,[1. 0.],[2 1],1.0,1,0.6,0.7,0.30000000000000004,[1. 1.]
204,0.0,205,1,False,0.0,103.0,2.0,1,0,1,[1. 0.],[2 1],1.0,1,0.6,0.7,0.30000000000000004,[1. 1.]
205,2.0,206,0,False,0.0,103.0,0.0,1,1,0,[0. 1.],[2 1],,1,0.6,0.7,0.30000000000000004,[1. 1.]
206,0.0,207,1,False,0.0,104.0,2.0,1,0,1,[0. 1.],[2 1],,1,0.6,0.7,0.30000000000000004,[1. 1.]
207,2.0,208,0,False,1.0,104.0,0.0,1,1,0,[1. 0.],[2 1],1.0,1,0.6,0.7,0.30000000000000004,[1. 1.]
208,0.0,209,1,False,0.0,105.0,2.0,1,0,1,[1. 0.],[2 1],1.0,1,0.6,0.7,0.30000000000000004,[1. 1.]
209,2.0,210,0,False,0.0,105.0,0.0,1,1,0,[0. 1.],[2 1],,1,0.6,0.7,0.30000000000000004,[1. 1.]
210,0.0,211,1,False,0.0,106.0,2.0,1,0,1,[0. 1.],[2 1],,1,0.6,0.7,0.30000000000000004,[1. 1.]
211,2.0,212,0,False,1.0,106.0,0.0,1,1,0,[1. 1.],[2 1],1.0,1,0.6,0.7,0.30000000000000004,[1. 1.]
212,0.0,213,1,False,0.0,107.0,2.0,1,0,1,[1. 1.],[2 1],1.0,1,0.6,0.7,0.30000000000000004,[1. 1.]
213,2.0,214,0,False,1.0,107.0,0.0,1,1,0,[0. 1.],[2 1],1.0,1,0.6,0.7,0.30000000000000004,[1. 1.]
214,0.0,215,1,False,0.0,108.0,2.0,1,0,1,[0. 1.],[2 1],1.0,1,0.6,0.7,0.30000000000000004,[1. 1.]
215,2.0,216,0,False,1.0,108.0,0.0,1,1,0,[0. 1.],[2 1],0.0,1,0.6,0.7,0.30000000000000004,[1. 1.]
216,0.0,217,1,False,0.0,109.0,1.0,1,0,1,[0. 1.],[2 1],0.0,1,0.6,0.7,0.30000000000000004,[1. 1.]
217,1.0,218,0,False,1.0,109.0,0.0,1,1,0,[1. 0.],[1 2],0.0,1,0.6,0.7,0.30000000000000004,[1. 1.]
218,0.0,219,1,False,0.0,110.0,1.0,1,0,1,[1. 0.],[1 2],0.0,1,0.6,0.7,0.30000000000000004,[1. 1.]
219,1.0,220,0,False,1.0,110.0,0.0,1,1,0,[1. 1.],[1 2],1.0,1,0.6,0.7,0.30000000000000004,[1. 1.]
220,0.0,221,1,False,0.0,111.0,2.0,1,0,1,[1. 1.],[1 2],1.0,1,0.6,0.7,0.30000000000000004,[1. 1.]
221,2.0,222,0,False,1.0,111.0,0.0,1,1,0,[0. 0.],[1 2],0.0,1,0.6,0.7,0.30000000000000004,[1. 1.]
222,0.0,223,1,False,0.0,112.0,1.0,1,0,1,[0. 0.],[1 2],0.0,1,0.6,0.7,0.30000000000000004,[1. 1.]
223,1.0,224,0,False,0.0,112.0,0.0,1,1,0,[1. 0.],[1 2],0.0,1,0.6,0.7,0.30000000000000004,[1. 1.]
224,0.0,225,1,False,0.0,113.0,1.0,1,0,1,[1. 0.],[1 2],0.0,1,0.6,0.7,0.30000000000000004,[1. 1.]
225,1.0,226,0,False,1.0,113.0,0.0,1,1,0,[0. 1.],[1 2],1.0,1,0.6,0.7,0.30000000000000004,[1. 1.]
226,0.0,227,1,False,0.0,114.0,2.0,1,0,1,[0. 1.],[1 2],1.0,1,0.6,0.7,0.30000000000000004,[1. 1.]
227,2.0,228,0,False,0.0,114.0,0.0,1,1,0,[0. 1.],[1 2],0.0,1,0.6,0.7,0.30000000000000004,[1. 1.]
228,0.0,229,1,False,0.0,115.0,1.0,1,0,1,[0. 1.],[1 2],0.0,1,0.6,0.7,0.30000000000000004,[1. 1.]
229,1.0,230,0,False,0.0,115.0,0.0,1,1,0,[1. 0.],[1 2],,1,0.6,0.7,0.30000000000000004,[1. 1.]
230,0.0,231,1,False,0.0,116.0,1.0,1,0,1,[1. 0.],[1 2],,1,0.6,0.7,0.30000000000000004,[1. 1.]
231,1.0,232,0,False,1.0,116.0,0.0,1,1,0,[0. 1.],[1 2],,1,0.6,0.7,0.30000000000000004,[1. 1.]
232,0.0,233,1,False,0.0,117.0,1.0,1,0,1,[0. 1.],[1 2],,1,0.6,0.7,0.30000000000000004,[1. 1.]
233,1.0,234,0,False,0.0,117.0,0.0,1,1,0,[0. 0.],[1 2],1.0,1,0.6,0.7,0.30000000000000004,[1. 1.]
234,0.0,235,1,False,0.0,118.0,2.0,1,0,1,[0. 0.],[1 2],1.0,1,0.6,0.7,0.30000000000000004,[1. 1.]
235,2.0,236,0,False,0.0,118.0,0.0,1,1,0,[0. 0.],[1 2],0.0,1,0.6,0.7,0.30000000000000004,[1. 1.]
236,0.0,237,1,False,0.0,119.0,1.0,1,0,1,[0. 0.],[1 2],0.0,1,0.6,0.7,0.30000000000000004,[1. 1.]
237,1.0,238,0,False,0.0,119.0,0.0,1,1,0,[0. 1.],[1 2],1.0,1,0.6,0.7,0.30000000000000004,[1. 1.]
238,0.0,239,1,False,0.0,120.0,2.0,1,0,2,[0. 1.],[1 2],1.0,1,0.6,0.7,0.30000000000000004,[1. 1.]
239,2.0,240,0,False,1.0,120.0,0.0,1,1,0,[0. 1.],[1 2],,1,0.6,0.7,0.30000000000000004,[1. 1.]
240,0.0,241,1,False,0.0,121.0,2.0,1,0,2,[0. 1.],[1 2],,1,0.6,0.7,0.30000000000000004,[1. 1.]
241,2.0,242,0,False,1.0,121.0,0.0,1,1,0,[0. 1.],[1 2],,1,0.6,0.7,0.30000000000000004,[1. 1.]
242,0.0,243,1,False,0.0,122.0,2.0,1,0,2,[0. 1.],[1 2],,1,0.6,0.7,0.30000000000000004,[1. 1.]
243,2.0,244,0,False,1.0,122.0,0.0,1,1,0,[0. 1.],[1 2],,1,0.6,0.7,0.30000000000000004,[1. 1.]
244,0.0,245,1,False,0.0,123.0,2.0,1,0,2,[0. 1.],[1 2],,1,0.6,0.7,0.30000000000000004,[1. 1.]
245,2.0,246,0,False,1.0,123.0,0.0,1,1,0,[1. 1.],[1 2],1.0,1,0.6,0.7,0.30000000000000004,[1. 1.]
246,0.0,247,1,False,0.0,124.0,2.0,1,0,2,[1. 1.],[1 2],1.0,1,0.6,0.7,0.30000000000000004,[1. 1.]
247,2.0,248,0,False,1.0,124.0,0.0,1,1,0,[1. 0.],[1 2],0.0,1,0.6,0.7,0.30000000000000004,[1. 1.]
248,0.0,249,1,False,0.0,125.0,1.0,1,0,2,[1. 0.],[1 2],0.0,1,0.6,0.7,0.30000000000000004,[1. 1.]
249,1.0,250,0,False,0.0,125.0,0.0,1,1,0,[0. 1.],[1 2],0.0,1,0.6,0.7,0.30000000000000004,[1. 1.]
250,0.0,251,1,False,0.0,126.0,1.0,1,0,2,[0. 1.],[1 2],0.0,1,0.6,0.7,0.30000000000000004,[1. 1.]
251,1.0,252,0,False,1.0,126.0,0.0,1,1,0,[0. 1.],[1 2],,1,0.6,0.7,0.30000000000000004,[1. 1.]
252,0.0,253,1,False,0.0,127.0,2.0,1,0,2,[0. 1.],[1 2],,1,0.6,0.7,0.30000000000000004,[1. 1.]
253,2.0,254,0,False,1.0,127.0,0.0,1,1,0,[1. 1.],[1 2],,1,0.6,0.7,0.30000000000000004,[1. 1.]
254,0.0,255,1,False,0.0,128.0,2.0,1,0,2,[1. 1.],[1 2],,1,0.6,0.7,0.30000000000000004,[1. 1.]
255,2.0,256,0,False,1.0,128.0,0.0,1,1,0,[1. 0.],[1 2],1.0,0,0.6,0.7,0.30000000000000004,[1. 1.]
256,0.0,257,1,False,0.0,129.0,2.0,1,0,2,[1. 0.],[1 2],1.0,0,0.6,0.7,0.30000000000000004,[1. 1.]
257,2.0,258,0,False,0.0,129.0,0.0,1,1,0,[1. 0.],[1 2],,0,0.6,0.7,0.30000000000000004,[1. 1.]
258,0.0,259,1,False,0.0,130.0,2.0,1,0,2,[1. 0.],[1 2],,0,0.6,0.7,0.30000000000000004,[1. 1.]
259,2.0,260,0,False,0.0,130.0,0.0,1,1,0,[1. 0.],[1 2],1.0,0,0.6,0.7,0.30000000000000004,[1. 1.]
260,0.0,261,1,False,0.0,131.0,2.0,1,0,2,[1. 0.],[1 2],1.0,0,0.6,0.7,0.30000000000000004,[1. 1.]
261,2.0,262,0,False,0.0,131.0,0.0,1,1,0,[0. 0.],[1 2],0.0,0,0.6,0.7,0.30000000000000004,[1. 1.]
262,0.0,263,1,False,0.0,132.0,1.0,1,0,2,[0. 0.],[1 2],0.0,0,0.6,0.7,0.30000000000000004,[1. 1.]
263,1.0,264,0,False,0.0,132.0,0.0,1,1,0,[1. 0.],[1 2],0.0,0,0.6,0.7,0.30000000000000004,[1. 1.]
264,0.0,265,1,False,0.0,133.0,1.0,1,0,2,[1. 0.],[1 2],0.0,0,0.6,0.7,0.30000000000000004,[1. 1.]
265,1.0,266,0,False,0.0,133.0,0.0,1,1,0,[1. 0.],[1 2],1.0,0,0.6,0.7,0.30000000000000004,[1. 1.]
266,0.0,267,1,False,0.0,134.0,2.0,1,0,1,[1. 0.],[1 2],1.0,0,0.6,0.7,0.30000000000000004,[1. 1.]
267,2.0,268,0,False,1.0,134.0,0.0,1,1,0,[0. 0.],[1 2],1.0,0,0.6,0.7,0.30000000000000004,[1. 1.]
268,0.0,269,1,False,0.0,135.0,2.0,1,0,1,[0. 0.],[1 2],1.0,0,0.6,0.7,0.30000000000000004,[1. 1.]
269,2.0,270,0,False,0.0,135.0,0.0,1,1,0,[0. 0.],[1 2],,0,0.6,0.7,0.30000000000000004,[1. 1.]
270,0.0,271,1,False,0.0,136.0,1.0,1,0,1,[0. 0.],[1 2],,0,0.6,0.7,0.30000000000000004,[1. 1.]
271,1.0,272,0,False,0.0,136.0,0.0,1,1,0,[1. 1.],[1 2],0.0,0,0.6,0.7,0.30000000000000004,[1. 1.]
272,0.0,273,1,False,0.0,137.0,1.0,1,0,1,[1. 1.],[1 2],0.0,0,0.6,0.7,0.30000000000000004,[1. 1.]
273,1.0,274,0,False,1.0,137.0,0.0,1,1,0,[1. 1.],[1 2],,0,0.6,0.7,0.30000000000000004,[1. 1.]
274,0.0,275,1,False,0.0,138.0,1.0,1,0,1,[1. 1.],[1 2],,0,0.6,0.7,0.30000000000000004,[1. 1.]
275,1.0,276,0,False,1.0,138.0,0.0,1,1,0,[0. 1.],[1 2],1.0,0,0.6,0.7,0.30000000000000004,[1. 1.]
276,0.0,277,1,False,0.0,139.0,2.0,1,0,1,[0. 1.],[1 2],1.0,0,0.6,0.7,0.30000000000000004,[1. 1.]
277,2.0,278,0,False,0.0,139.0,0.0,1,1,0,[1. 0.],[1 2],,0,0.6,0.7,0.30000000000000004,[1. 1.]
278,0.0,279,1,False,0.0,140.0,1.0,1,0,1,[1. 0.],[1 2],,0,0.6,0.7,0.30000000000000004,[1. 1.]
279,1.0,280,0,False,1.0,140.0,0.0,1,1,0,[1. 0.],[1 2],0.0,0,0.6,0.7,0.30000000000000004,[1. 1.]
280,0.0,281,1,False,0.0,141.0,1.0,1,0,1,[1. 0.],[1 2],0.0,0,0.6,0.7,0.30000000000000004,[1. 1.]
281,1.0,282,0,False,1.0,141.0,0.0,1,1,0,[0. 0.],[1 2],,0,0.6,0.7,0.30000000000000004,[1. 1.]
282,0.0,283,1,False,0.0,142.0,1.0,1,0,1,[0. 0.],[1 2],,0,0.6,0.7,0.30000000000000004,[1. 1.]
283,1.0,284,0,False,0.0,142.0,0.0,1,1,0,[1. 1.],[1 2],0.0,0,0.6,0.7,0.30000000000000004,[1. 1.]
284,0.0,285,1,False,0.0,143.0,1.0,1,0,1,[1. 1.],[1 2],0.0,0,0.6,0.7,0.30000000000000004,[1. 1.]
285,1.0,286,0,False,1.0,143.0,0.0,1,1,0,[0. 0.],[1 2],1.0,0,0.6,0.7,0.30000000000000004,[1. 1.]
286,0.0,287,1,False,0.0,144.0,2.0,1,0,1,[0. 0.],[1 2],1.0,0,0.6,0.7,0.30000000000000004,[1. 1.]
287,2.0,288,0,False,0.0,144.0,0.0,1,1,0,[1. 1.],[1 2],1.0,0,0.6,0.7,0.30000000000000004,[1. 1.]
288,0.0,289,1,False,0.0,145.0,2.0,1,0,1,[1. 1.],[1 2],1.0,0,0.6,0.7,0.30000000000000004,[1. 1.]
289,2.0,290,0,False,1.0,145.0,0.0,1,1,0,[1. 0.],[1 2],0.0,0,0.6,0.7,0.30000000000000004,[1. 1.]
290,0.0,291,1,False,0.0,146.0,1.0,1,0,1,[1. 0.],[1 2],0.0,0,0.6,0.7,0.30000000000000004,[1. 1.]
291,1.0,292,0,False,1.0,146.0,0.0,1,1,0,[1. 0.],[1 2],0.0,0,0.6,0.7,0.30000000000000004,[1. 1.]
292,0.0,293,1,False,0.0,147.0,1.0,1,0,1,[1. 0.],[1 2],0.0,0,0.6,0.7,0.30000000000000004,[1. 1.]
293,1.0,294,0,False,1.0,147.0,0.0,1,1,0,[0. 1.],[1 2],,0,0.6,0.7,0.30000000000000004,[1. 1.]
294,0.0,295,1,False,0.0,148.0,1.0,1,0,1,[0. 1.],[1 2],,0,0.6,0.7,0.30000000000000004,[1. 1.]
295,1.0,296,0,False,0.0,148.0,0.0,1,1,0,[0. 0.],[1 2],1.0,1,0.6,0.7,0.30000000000000004,[1. 1.]
296,0.0,297,1,False,0.0,149.0,2.0,1,0,1,[0. 0.],[1 2],1.0,1,0.6,0.7,0.30000000000000004,[1. 1.]
297,2.0,298,0,False,0.0,149.0,0.0,1,1,0,[1. 1.],[1 2],0.0,1,0.6,0.7,0.30000000000000004,[1. 1.]
298,0.0,299,1,False,0.0,150.0,1.0,1,0,1,[1. 1.],[1 2],0.0,1,0.6,0.7,0.30000000000000004,[1. 1.]
299,1.0,300,0,False,1.0,150.0,0.0,1,1,0,[1. 1.],[1 2],1.0,1,0.6,0.7,0.30000000000000004,[1. 1.]
300,0.0,301,1,False,0.0,151.0,2.0,1,0,1,[1. 1.],[1 2],1.0,1,0.6,0.7,0.30000000000000004,[1. 1.]
301,2.0,302,0,False,1.0,151.0,0.0,1,1,0,[1. 0.],[1 2],1.0,0,0.6,0.7,0.30000000000000004,[1. 1.]
302,0.0,303,1,False,0.0,152.0,2.0,1,0,1,[1. 0.],[1 2],1.0,0,0.6,0.7,0.30000000000000004,[1. 1.]
303,2.0,304,0,False,1.0,152.0,0.0,1,1,0,[1. 0.],[1 2],1.0,0,0.6,0.7,0.30000000000000004,[1. 1.]
304,0.0,305,1,False,0.0,153.0,2.0,1,0,1,[1. 0.],[1 2],1.0,0,0.6,0.7,0.30000000000000004,[1. 1.]
305,2.0,306,0,False,1.0,153.0,0.0,1,1,0,[0. 0.],[1 2],1.0,0,0.6,0.7,0.30000000000000004,[1. 1.]
306,0.0,307,1,False,0.0,154.0,2.0,1,0,1,[0. 0.],[1 2],1.0,0,0.6,0.7,0.30000000000000004,[1. 1.]
307,2.0,308,0,False,0.0,154.0,0.0,1,1,0,[1. 0.],[1 2],1.0,0,0.6,0.7,0.30000000000000004,[1. 1.]
308,0.0,309,1,False,0.0,155.0,2.0,1,0,1,[1. 0.],[1 2],1.0,0,0.6,0.7,0.30000000000000004,[1. 1.]
309,2.0,310,0,False,1.0,155.0,0.0,1,1,0,[0. 0.],[1 2],0.0,0,0.6,0.7,0.30000000000000004,[1. 1.]
310,0.0,311,1,False,0.0,156.0,1.0,1,0,1,[0. 0.],[1 2],0.0,0,0.6,0.7,0.30000000000000004,[1. 1.]
311,1.0,312,0,False,0.0,156.0,0.0,1,1,0,[1. 0.],[1 2],0.0,0,0.6,0.7,0.30000000000000004,[1. 1.]
312,0.0,313,1,False,0.0,157.0,1.0,1,0,1,[1. 0.],[1 2],0.0,0,0.6,0.7,0.30000000000000004,[1. 1.]
313,1.0,314,0,False,1.0,157.0,0.0,1,1,0,[0. 1.],[1 2],,0,0.6,0.7,0.30000000000000004,[1. 1.]
314,0.0,315,1,False,0.0,158.0,1.0,1,0,1,[0. 1.],[1 2],,0,0.6,0.7,0.30000000000000004,[1. 1.]
315,1.0,316,0,False,0.0,158.0,0.0,1,1,0,[1. 1.],[1 2],1.0,0,0.6,0.7,0.30000000000000004,[1. 1.]
316,0.0,317,1,False,0.0,159.0,2.0,1,0,1,[1. 1.],[1 2],1.0,0,0.6,0.7,0.30000000000000004,[1. 1.]
317,2.0,318,0,False,1.0,159.0,0.0,1,1,0,[1. 0.],[1 2],0.0,0,0.6,0.7,0.30000000000000004,[1. 1.]
318,0.0,319,1,False,0.0,160.0,1.0,1,0,1,[1. 0.],[1 2],0.0,0,0.6,0.7,0.30000000000000004,[1. 1.]
319,1.0,320,0,False,1.0,160.0,0.0,1,1,0,[1. 0.],[1 2],0.0,0,0.6,0.7,0.30000000000000004,[1. 1.]
320,0.0,321,1,False,0.0,161.0,1.0,1,0,1,[1. 0.],[1 2],0.0,0,0.6,0.7,0.30000000000000004,[1. 1.]
321,1.0,322,0,False,1.0,161.0,0.0,1,1,0,[1. 0.],[1 2],0.0,0,0.6,0.7,0.30000000000000004,[1. 1.]
322,0.0,323,1,False,0.0,162.0,1.0,1,0,1,[1. 0.],[1 2],0.0,0,0.6,0.7,0.30000000000000004,[1. 1.]
323,1.0,324,0,False,1.0,162.0,0.0,1,1,0,[0. 1.],[1 2],,0,0.6,0.7,0.30000000000000004,[1. 1.]
324,0.0,325,1,False,0.0,163.0,1.0,1,0,1,[0. 1.],[1 2],,0,0.6,0.7,0.30000000000000004,[1. 1.]
325,1.0,326,0,False,0.0,163.0,0.0,1,1,0,[1. 1.],[1 2],,1,0.6,0.7,0.30000000000000004,[1. 1.]
326,0.0,327,1,False,0.0,164.0,1.0,1,0,1,[1. 1.],[1 2],,1,0.6,0.7,0.30000000000000004,[1. 1.]
327,1.0,328,0,False,1.0,164.0,0.0,1,1,0,[1. 0.],[1 2],0.0,1,0.6,0.7,0.30000000000000004,[1. 1.]
328,0.0,329,1,False,0.0,165.0,1.0,1,0,1,[1. 0.],[1 2],0.0,1,0.6,0.7,0.30000000000000004,[1. 1.]
329,1.0,330,0,False,1.0,165.0,0.0,1,1,0,[0. 1.],[1 2],,1,0.6,0.7,0.30000000000000004,[1. 1.]
330,0.0,331,1,False,0.0,166.0,1.0,1,0,1,[0. 1.],[1 2],,1,0.6,0.7,0.30000000000000004,[1. 1.]
331,1.0,332,0,False,0.0,166.0,0.0,1,1,0,[0. 0.],[1 2],,1,0.6,0.7,0.30000000000000004,[1. 1.]
332,0.0,333,1,False,0.0,167.0,1.0,1,0,1,[0. 0.],[1 2],,1,0.6,0.7,0.30000000000000004,[1. 1.]
333,1.0,334,0,False,0.0,167.0,0.0,1,1,0,[0. 0.],[1 2],,1,0.6,0.7,0.30000000000000004,[1. 1.]
334,0.0,335,1,False,0.0,168.0,2.0,1,0,2,[0. 0.],[1 2],,1,0.6,0.7,0.30000000000000004,[1. 1.]
335,2.0,336,0,False,0.0,168.0,0.0,1,1,0,[0. 1.],[1 2],,1,0.6,0.7,0.30000000000000004,[1. 1.]
336,0.0,337,1,False,0.0,169.0,1.0,1,0,1,[0. 1.],[1 2],,1,0.6,0.7,0.30000000000000004,[1. 1.]
337,1.0,338,0,False,0.0,169.0,0.0,1,1,0,[0. 1.],[1 2],0.0,1,0.6,0.7,0.30000000000000004,[1. 1.]
338,0.0,339,1,False,0.0,170.0,1.0,1,0,2,[0. 1.],[1 2],0.0,1,0.6,0.7,0.30000000000000004,[1. 1.]
339,1.0,340,0,False,1.0,170.0,0.0,1,1,0,[0. 1.],[2 1],0.0,1,0.6,0.7,0.30000000000000004,[1. 1.]
340,0.0,341,1,False,0.0,171.0,1.0,1,0,2,[0. 1.],[2 1],0.0,1,0.6,0.7,0.30000000000000004,[1. 1.]
341,1.0,342,0,False,0.0,171.0,0.0,1,1,0,[0. 1.],[2 1],1.0,1,0.6,0.7,0.30000000000000004,[1. 1.]
342,0.0,343,1,False,0.0,172.0,2.0,1,0,2,[0. 1.],[2 1],1.0,1,0.6,0.7,0.30000000000000004,[1. 1.]
343,2.0,344,0,False,0.0,172.0,0.0,1,1,0,[0. 1.],[2 1],1.0,1,0.6,0.7,0.30000000000000004,[1. 1.]
344,0.0,345,1,False,0.0,173.0,2.0,1,0,1,[0. 1.],[2 1],1.0,1,0.6,0.7,0.30000000000000004,[1. 1.]
345,2.0,346,0,False,1.0,173.0,0.0,1,1,0,[0. 0.],[2 1],0.0,1,0.6,0.7,0.30000000000000004,[1. 1.]
346,0.0,347,1,False,0.0,174.0,1.0,1,0,1,[0. 0.],[2 1],0.0,1,0.6,0.7,0.30000000000000004,[1. 1.]
347,1.0,348,0,False,0.0,174.0,0.0,1,1,0,[0. 0.],[2 1],1.0,1,0.6,0.7,0.30000000000000004,[1. 1.]
348,0.0,349,1,False,0.0,175.0,2.0,1,0,1,[0. 0.],[2 1],1.0,1,0.6,0.7,0.30000000000000004,[1. 1.]
349,2.0,350,0,False,0.0,175.0,0.0,1,1,0,[0. 0.],[2 1],1.0,1,0.6,0.7,0.30000000000000004,[1. 1.]
350,0.0,351,1,False,0.0,176.0,2.0,1,0,1,[0. 0.],[2 1],1.0,1,0.6,0.7,0.30000000000000004,[1. 1.]
351,2.0,352,0,False,0.0,176.0,0.0,1,1,0,[0. 1.],[2 1],1.0,1,0.6,0.7,0.30000000000000004,[1. 1.]
352,0.0,353,1,False,0.0,177.0,2.0,1,0,2,[0. 1.],[2 1],1.0,1,0.6,0.7,0.30000000000000004,[1. 1.]
353,2.0,354,0,False,0.0,177.0,0.0,1,1,0,[0. 1.],[2 1],,1,0.6,0.7,0.30000000000000004,[1. 1.]
354,0.0,355,1,False,0.0,178.0,2.0,1,0,1,[0. 1.],[2 1],,1,0.6,0.7,0.30000000000000004,[1. 1.]
355,2.0,356,0,False,1.0,178.0,0.0,1,1,0,[0. 1.],[2 1],1.0,1,0.6,0.7,0.30000000000000004,[1. 1.]
356,0.0,357,1,False,0.0,179.0,2.0,1,0,1,[0. 1.],[2 1],1.0,1,0.6,0.7,0.30000000000000004,[1. 1.]
357,2.0,358,0,False,1.0,179.0,0.0,1,1,0,[0. 1.],[2 1],0.0,1,0.6,0.7,0.30000000000000004,[1. 1.]
358,0.0,359,1,False,0.0,180.0,1.0,1,0,1,[0. 1.],[2 1],0.0,1,0.6,0.7,0.30000000000000004,[1. 1.]
359,1.0,360,0,False,1.0,180.0,0.0,1,1,0,[1. 1.],[2 1],0.0,1,0.6,0.7,0.30000000000000004,[1. 1.]
360,0.0,361,1,False,0.0,181.0,1.0,1,0,1,[1. 1.],[2 1],0.0,1,0.6,0.7,0.30000000000000004,[1. 1.]
361,1.0,362,0,False,1.0,181.0,0.0,1,1,0,[0. 1.],[2 1],,1,0.6,0.7,0.30000000000000004,[1. 1.]
362,0.0,363,1,False,0.0,182.0,2.0,1,0,1,[0. 1.],[2 1],,1,0.6,0.7,0.30000000000000004,[1. 1.]
363,2.0,364,0,False,1.0,182.0,0.0,1,1,0,[0. 0.],[2 1],,1,0.6,0.7,0.30000000000000004,[1. 1.]
364,0.0,365,1,False,0.0,183.0,2.0,1,0,1,[0. 0.],[2 1],,1,0.6,0.7,0.30000000000000004,[1. 1.]
365,2.0,366,0,False,0.0,183.0,0.0,1,1,0,[0. 0.],[2 1],,1,0.6,0.7,0.30000000000000004,[1. 1.]
366,0.0,367,1,False,0.0,184.0,2.0,1,0,1,[0. 0.],[2 1],,1,0.6,0.7,0.30000000000000004,[1. 1.]
367,2.0,368,0,False,0.0,184.0,0.0,1,1,0,[0. 1.],[2 1],1.0,1,0.6,0.7,0.30000000000000004,[1. 1.]
368,0.0,369,1,False,0.0,185.0,2.0,1,0,1,[0. 1.],[2 1],1.0,1,0.6,0.7,0.30000000000000004,[1. 1.]
369,2.0,370,0,False,1.0,185.0,0.0,1,1,0,[0. 0.],[2 1],,1,0.6,0.7,0.30000000000000004,[1. 1.]
370,0.0,371,1,False,0.0,186.0,2.0,1,0,1,[0. 0.],[2 1],,1,0.6,0.7,0.30000000000000004,[1. 1.]
371,2.0,372,0,False,0.0,186.0,0.0,1,1,0,[1. 1.],[2 1],,1,0.6,0.7,0.30000000000000004,[1. 1.]
372,0.0,373,1,False,0.0,187.0,2.0,1,0,1,[1. 1.],[2 1],,1,0.6,0.7,0.30000000000000004,[1. 1.]
373,2.0,374,0,False,1.0,187.0,0.0,1,1,0,[0. 1.],[2 1],0.0,1,0.6,0.7,0.30000000000000004,[1. 1.]
374,0.0,375,1,False,0.0,188.0,1.0,1,0,1,[0. 1.],[2 1],0.0,1,0.6,0.7,0.30000000000000004,[1. 1.]
375,1.0,376,0,False,1.0,188.0,0.0,1,1,0,[0. 1.],[2 1],0.0,1,0.6,0.7,0.30000000000000004,[1. 1.]
376,0.0,377,1,False,0.0,189.0,1.0,1,0,1,[0. 1.],[2 1],0.0,1,0.6,0.7,0.30000000000000004,[1. 1.]
377,1.0,378,0,False,1.0,189.0,0.0,1,1,0,[1. 0.],[2 1],1.0,1,0.6,0.7,0.30000000000000004,[1. 1.]
378,0.0,379,1,False,0.0,190.0,2.0,1,0,1,[1. 0.],[2 1],1.0,1,0.6,0.7,0.30000000000000004,[1. 1.]
379,2.0,380,0,False,0.0,190.0,0.0,1,1,0,[0. 0.],[2 1],0.0,1,0.6,0.7,0.30000000000000004,[1. 1.]
380,0.0,381,1,False,0.0,191.0,1.0,1,0,1,[0. 0.],[2 1],0.0,1,0.6,0.7,0.30000000000000004,[1. 1.]
381,1.0,382,0,False,0.0,191.0,0.0,1,1,0,[0. 1.],[2 1],1.0,1,0.6,0.7,0.30000000000000004,[1. 1.]
382,0.0,383,1,False,0.0,192.0,2.0,1,0,1,[0. 1.],[2 1],1.0,1,0.6,0.7,0.30000000000000004,[1. 1.]
383,2.0,384,0,False,1.0,192.0,0.0,1,1,0,[0. 1.],[2 1],,1,0.6,0.7,0.30000000000000004,[1. 1.]
384,0.0,385,1,False,0.0,193.0,2.0,1,0,1,[0. 1.],[2 1],,1,0.6,0.7,0.30000000000000004,[1. 1.]
385,2.0,386,0,False,1.0,193.0,0.0,1,1,0,[0. 1.],[2 1],,1,0.6,0.7,0.30000000000000004,[1. 1.]
386,0.0,387,1,False,0.0,194.0,2.0,1,0,1,[0. 1.],[2 1],,1,0.6,0.7,0.30000000000000004,[1. 1.]
387,2.0,388,0,False,1.0,194.0,0.0,1,1,0,[1. 0.],[2 1],,1,0.6,0.7,0.30000000000000004,[1. 1.]
388,0.0,389,1,False,0.0,195.0,2.0,1,0,1,[1. 0.],[2 1],,1,0.6,0.7,0.30000000000000004,[1. 1.]
389,2.0,390,0,False,0.0,195.0,0.0,1,1,0,[0. 1.],[2 1],0.0,1,0.6,0.7,0.30000000000000004,[1. 1.]
390,0.0,391,1,False,0.0,196.0,1.0,1,0,1,[0. 1.],[2 1],0.0,1,0.6,0.7,0.30000000000000004,[1. 1.]
391,1.0,392,0,False,1.0,196.0,0.0,1,1,0,[0. 1.],[2 1],,1,0.6,0.7,0.30000000000000004,[1. 1.]
392,0.0,393,1,False,0.0,197.0,2.0,1,0,1,[0. 1.],[2 1],,1,0.6,0.7,0.30000000000000004,[1. 1.]
393,2.0,394,0,False,1.0,197.0,0.0,1,1,0,[0. 1.],[2 1],,1,0.6,0.7,0.30000000000000004,[1. 1.]
394,0.0,395,1,False,0.0,198.0,2.0,1,0,1,[0. 1.],[2 1],,1,0.6,0.7,0.30000000000000004,[1. 1.]
395,2.0,396,0,False,1.0,198.0,0.0,1,1,0,[0. 1.],[2 1],1.0,1,0.6,0.7,0.30000000000000004,[1. 1.]
396,0.0,397,1,False,0.0,199.0,2.0,1,0,1,[0. 1.],[2 1],1.0,1,0.6,0.7,0.30000000000000004,[1. 1.]
397,2.0,398,0,False,1.0,199.0,0.0,1,1,0,[1. 0.],[2 1],0.0,1,0.6,0.7,0.30000000000000004,[1. 1.]
398,0.0,399,1,False,0.0,200.0,1.0,1,0,1,[1. 0.],[2 1],0.0,1,0.6,0.7,0.30000000000000004,[1. 1.]
399,1.0,400,0,False,0.0,200.0,0.0,1,1,0,[0. 1.],[2 1],0.0,1,0.6,0.7,0.30000000000000004,[1. 1.]
400,0.0,401,1,False,0.0,201.0,1.0,1,0,1,[0. 1.],[2 1],0.0,1,0.6,0.7,0.30000000000000004,[1. 1.]
401,1.0,402,0,False,1.0,201.0,0.0,1,1,0,[0. 1.],[2 1],0.0,1,0.6,0.7,0.30000000000000004,[1. 1.]
402,0.0,403,1,False,0.0,202.0,1.0,1,0,1,[0. 1.],[2 1],0.0,1,0.6,0.7,0.30000000000000004,[1. 1.]
403,1.0,404,0,False,1.0,202.0,0.0,1,1,0,[0. 0.],[2 1],,1,0.6,0.7,0.30000000000000004,[1. 1.]
404,0.0,405,1,False,0.0,203.0,2.0,1,0,1,[0. 0.],[2 1],,1,0.6,0.7,0.30000000000000004,[1. 1.]
405,2.0,406,0,False,0.0,203.0,0.0,1,1,0,[0. 1.],[2 1],1.0,1,0.6,0.7,0.30000000000000004,[1. 1.]
406,0.0,407,1,False,0.0,204.0,2.0,1,0,1,[0. 1.],[2 1],1.0,1,0.6,0.7,0.30000000000000004,[1. 1.]
407,2.0,408,0,False,1.0,204.0,0.0,1,1,0,[0. 1.],[2 1],,1,0.6,0.7,0.30000000000000004,[1. 1.]
408,0.0,409,1,False,0.0,205.0,2.0,1,0,1,[0. 1.],[2 1],,1,0.6,0.7,0.30000000000000004,[1. 1.]
409,2.0,410,0,False,1.0,205.0,0.0,1,1,0,[0. 0.],[2 1],,1,0.6,0.7,0.30000000000000004,[1. 1.]
410,0.0,411,1,False,0.0,206.0,2.0,1,0,1,[0. 0.],[2 1],,1,0.6,0.7,0.30000000000000004,[1. 1.]
411,2.0,412,0,False,0.0,206.0,0.0,1,1,0,[0. 1.],[2 1],1.0,1,0.6,0.7,0.30000000000000004,[1. 1.]
412,0.0,413,1,False,0.0,207.0,2.0,1,0,1,[0. 1.],[2 1],1.0,1,0.6,0.7,0.30000000000000004,[1. 1.]
413,2.0,414,0,False,1.0,207.0,0.0,1,1,0,[0. 1.],[2 1],,1,0.6,0.7,0.30000000000000004,[1. 1.]
414,0.0,415,1,False,0.0,208.0,2.0,1,0,1,[0. 1.],[2 1],,1,0.6,0.7,0.30000000000000004,[1. 1.]
415,2.0,416,0,False,1.0,208.0,0.0,1,1,0,[0. 0.],[2 1],1.0,1,0.6,0.7,0.30000000000000004,[1. 1.]
416,0.0,417,1,False,0.0,209.0,2.0,1,0,1,[0. 0.],[2 1],1.0,1,0.6,0.7,0.30000000000000004,[1. 1.]
417,2.0,418,0,False,0.0,209.0,0.0,1,1,0,[0. 0.],[2 1],,1,0.6,0.7,0.30000000000000004,[1. 1.]
418,0.0,419,1,False,0.0,210.0,2.0,1,0,1,[0. 0.],[2 1],,1,0.6,0.7,0.30000000000000004,[1. 1.]
419,2.0,420,0,False,0.0,210.0,0.0,1,1,0,[1. 1.],[2 1],,1,0.6,0.7,0.30000000000000004,[1. 1.]
420,0.0,421,1,False,0.0,211.0,2.0,1,0,1,[1. 1.],[2 1],,1,0.6,0.7,0.30000000000000004,[1. 1.]
421,2.0,422,0,False,1.0,211.0,0.0,1,1,0,[0. 1.],[2 1],0.0,1,0.6,0.7,0.30000000000000004,[1. 1.]
422,0.0,423,1,False,0.0,212.0,1.0,1,0,1,[0. 1.],[2 1],0.0,1,0.6,0.7,0.30000000000000004,[1. 1.]
423,1.0,424,0,False,1.0,212.0,0.0,1,1,0,[0. 1.],[2 1],,1,0.6,0.7,0.30000000000000004,[1. 1.]
424,0.0,425,1,False,0.0,213.0,2.0,1,0,1,[0. 1.],[2 1],,1,0.6,0.7,0.30000000000000004,[1. 1.]
425,2.0,426,0,False,1.0,213.0,0.0,1,1,0,[0. 1.],[2 1],1.0,1,0.6,0.7,0.30000000000000004,[1. 1.]
426,0.0,427,1,False,0.0,214.0,2.0,1,0,1,[0. 1.],[2 1],1.0,1,0.6,0.7,0.30000000000000004,[1. 1.]
427,2.0,428,0,False,1.0,214.0,0.0,1,1,0,[1. 1.],[2 1],1.0,1,0.6,0.7,0.30000000000000004,[1. 1.]
428,0.0,429,1,False,0.0,215.0,2.0,1,0,1,[1. 1.],[2 1],1.0,1,0.6,0.7,0.30000000000000004,[1. 1.]
429,2.0,430,0,False,1.0,215.0,0.0,1,1,0,[1. 0.],[2 1],0.0,1,0.6,0.7,0.30000000000000004,[1. 1.]
430,0.0,431,1,False,0.0,216.0,1.0,1,0,1,[1. 0.],[2 1],0.0,1,0.6,0.7,0.30000000000000004,[1. 1.]
431,1.0,432,0,False,0.0,216.0,0.0,1,1,0,[1. 1.],[2 1],0.0,1,0.6,0.7,0.30000000000000004,[1. 1.]
432,0.0,433,1,False,0.0,217.0,1.0,1,0,1,[1. 1.],[2 1],0.0,1,0.6,0.7,0.30000000000000004,[1. 1.]
433,1.0,434,0,False,1.0,217.0,0.0,1,1,0,[0. 1.],[2 1],,1,0.6,0.7,0.30000000000000004,[1. 1.]
434,0.0,435,1,False,0.0,218.0,2.0,1,0,1,[0. 1.],[2 1],,1,0.6,0.7,0.30000000000000004,[1. 1.]
435,2.0,436,0,False,1.0,218.0,0.0,1,1,0,[0. 1.],[2 1],1.0,1,0.6,0.7,0.30000000000000004,[1. 1.]
436,0.0,437,1,False,0.0,219.0,2.0,1,0,1,[0. 1.],[2 1],1.0,1,0.6,0.7,0.30000000000000004,[1. 1.]
437,2.0,438,0,False,1.0,219.0,0.0,1,1,0,[0. 0.],[2 1],1.0,1,0.6,0.7,0.30000000000000004,[1. 1.]
438,0.0,439,1,False,0.0,220.0,2.0,1,0,1,[0. 0.],[2 1],1.0,1,0.6,0.7,0.30000000000000004,[1. 1.]
439,2.0,440,0,False,0.0,220.0,0.0,1,1,0,[1. 0.],[2 1],,1,0.6,0.7,0.30000000000000004,[1. 1.]
440,0.0,441,1,False,0.0,221.0,2.0,1,0,1,[1. 0.],[2 1],,1,0.6,0.7,0.30000000000000004,[1. 1.]
441,2.0,442,0,False,0.0,221.0,0.0,1,1,0,[1. 0.],[2 1],0.0,1,0.6,0.7,0.30000000000000004,[1. 1.]
442,0.0,443,1,False,0.0,222.0,1.0,1,0,1,[1. 0.],[2 1],0.0,1,0.6,0.7,0.30000000000000004,[1. 1.]
443,1.0,444,0,False,0.0,222.0,0.0,1,1,0,[0. 1.],[2 1],1.0,1,0.6,0.7,0.30000000000000004,[1. 1.]
444,0.0,445,1,False,0.0,223.0,2.0,1,0,1,[0. 1.],[2 1],1.0,1,0.6,0.7,0.30000000000000004,[1. 1.]
445,2.0,446,0,False,1.0,223.0,0.0,1,1,0,[1. 1.],[2 1],0.0,1,0.6,0.7,0.30000000000000004,[1. 1.]
446,0.0,447,1,False,0.0,224.0,1.0,1,0,1,[1. 1.],[2 1],0.0,1,0.6,0.7,0.30000000000000004,[1. 1.]
447,1.0,448,0,False,1.0,224.0,0.0,1,1,0,[0. 0.],[1 2],0.0,1,0.6,0.7,0.30000000000000004,[1. 1.]
448,0.0,449,1,False,0.0,225.0,1.0,1,0,1,[0. 0.],[1 2],0.0,1,0.6,0.7,0.30000000000000004,[1. 1.]
449,1.0,450,0,False,0.0,225.0,0.0,1,1,0,[0. 0.],[1 2],0.0,1,0.6,0.7,0.30000000000000004,[1. 1.]
450,0.0,451,1,False,0.0,226.0,1.0,1,0,1,[0. 0.],[1 2],0.0,1,0.6,0.7,0.30000000000000004,[1. 1.]
451,1.0,452,0,False,0.0,226.0,0.0,1,1,0,[0. 0.],[1 2],1.0,1,0.6,0.7,0.30000000000000004,[1. 1.]
452,0.0,453,1,False,0.0,227.0,2.0,1,0,2,[0. 0.],[1 2],1.0,1,0.6,0.7,0.30000000000000004,[1. 1.]
453,2.0,454,0,False,0.0,227.0,0.0,1,1,0,[0. 1.],[1 2],,1,0.6,0.7,0.30000000000000004,[1. 1.]
454,0.0,455,1,False,0.0,228.0,1.0,1,0,1,[0. 1.],[1 2],,1,0.6,0.7,0.30000000000000004,[1. 1.]
455,1.0,456,0,False,0.0,228.0,0.0,1,1,0,[0. 1.],[1 2],0.0,1,0.6,0.7,0.30000000000000004,[1. 1.]
456,0.0,457,1,False,0.0,229.0,1.0,1,0,2,[0. 1.],[1 2],0.0,1,0.6,0.7,0.30000000000000004,[1. 1.]
457,1.0,458,0,False,1.0,229.0,0.0,1,1,0,[0. 0.],[1 2],0.0,1,0.6,0.7,0.30000000000000004,[1. 1.]
458,0.0,459,1,False,0.0,230.0,1.0,1,0,2,[0. 0.],[1 2],0.0,1,0.6,0.7,0.30000000000000004,[1. 1.]
459,1.0,460,0,False,0.0,230.0,0.0,1,1,0,[1. 1.],[1 2],,1,0.6,0.7,0.30000000000000004,[1. 1.]
460,0.0,461,1,False,0.0,231.0,2.0,1,0,2,[1. 1.],[1 2],,1,0.6,0.7,0.30000000000000004,[1. 1.]
461,2.0,462,0,False,1.0,231.0,0.0,1,1,0,[1. 1.],[1 2],,1,0.6,0.7,0.30000000000000004,[1. 1.]
462,0.0,463,1,False,0.0,232.0,2.0,1,0,2,[1. 1.],[1 2],,1,0.6,0.7,0.30000000000000004,[1. 1.]
463,2.0,464,0,False,1.0,232.0,0.0,1,1,0,[1. 1.],[1 2],0.0,0,0.6,0.7,0.30000000000000004,[1. 1.]
464,0.0,465,1,False,0.0,233.0,1.0,1,0,2,[1. 1.],[1 2],0.0,0,0.6,0.7,0.30000000000000004,[1. 1.]
465,1.0,466,0,False,1.0,233.0,0.0,1,1,0,[0. 0.],[1 2],0.0,0,0.6,0.7,0.30000000000000004,[1. 1.]
466,0.0,467,1,False,0.0,234.0,1.0,1,0,2,[0. 0.],[1 2],0.0,0,0.6,0.7,0.30000000000000004,[1. 1.]
467,1.0,468,0,False,0.0,234.0,0.0,1,1,0,[1. 0.],[1 2],1.0,0,0.6,0.7,0.30000000000000004,[1. 1.]
468,0.0,469,1,False,0.0,235.0,2.0,1,0,2,[1. 0.],[1 2],1.0,0,0.6,0.7,0.30000000000000004,[1. 1.]
469,2.0,470,0,False,0.0,235.0,0.0,1,1,0,[0. 1.],[1 2],,0,0.6,0.7,0.30000000000000004,[1. 1.]
470,0.0,471,1,False,0.0,236.0,2.0,1,0,2,[0. 1.],[1 2],,0,0.6,0.7,0.30000000000000004,[1. 1.]
471,2.0,472,0,False,1.0,236.0,0.0,1,1,0,[1. 0.],[1 2],0.0,0,0.6,0.7,0.30000000000000004,[1. 1.]
472,0.0,473,1,False,0.0,237.0,1.0,1,0,2,[1. 0.],[1 2],0.0,0,0.6,0.7,0.30000000000000004,[1. 1.]
473,1.0,474,0,False,0.0,237.0,0.0,1,1,0,[1. 0.],[1 2],,0,0.6,0.7,0.30000000000000004,[1. 1.]
474,0.0,475,1,False,0.0,238.0,2.0,1,0,2,[1. 0.],[1 2],,0,0.6,0.7,0.30000000000000004,[1. 1.]
475,2.0,476,0,False,0.0,238.0,0.0,1,1,0,[1. 0.],[1 2],1.0,0,0.6,0.7,0.30000000000000004,[1. 1.]
476,0.0,477,1,False,0.0,239.0,2.0,1,0,2,[1. 0.],[1 2],1.0,0,0.6,0.7,0.30000000000000004,[1. 1.]
477,2.0,478,0,False,0.0,239.0,0.0,1,1,0,[1. 0.],[1 2],1.0,0,0.6,0.7,0.30000000000000004,[1. 1.]
478,0.0,479,1,False,0.0,240.0,2.0,1,0,1,[1. 0.],[1 2],1.0,0,0.6,0.7,0.30000000000000004,[1. 1.]
479,2.0,480,0,False,1.0,240.0,0.0,1,1,0,[1. 0.],[1 2],,0,0.6,0.7,0.30000000000000004,[1. 1.]
480,0.0,481,1,False,0.0,241.0,1.0,1,0,1,[1. 0.],[1 2],,0,0.6,0.7,0.30000000000000004,[1. 1.]
481,1.0,482,0,False,1.0,241.0,0.0,1,1,0,[1. 0.],[2 1],1.0,0,0.6,0.7,0.30000000000000004,[1. 1.]
482,0.0,483,1,False,0.0,242.0,2.0,1,0,1,[1. 0.],[2 1],1.0,0,0.6,0.7,0.30000000000000004,[1. 1.]
483,2.0,484,0,False,0.0,242.0,0.0,1,1,0,[0. 0.],[2 1],,0,0.6,0.7,0.30000000000000004,[1. 1.]
484,0.0,485,1,False,0.0,243.0,2.0,1,0,1,[0. 0.],[2 1],,0,0.6,0.7,0.30000000000000004,[1. 1.]
485,2.0,486,0,False,0.0,243.0,0.0,1,1,0,[0. 1.],[2 1],0.0,0,0.6,0.7,0.30000000000000004,[1. 1.]
486,0.0,487,1,False,0.0,244.0,1.0,1,0,1,[0. 1.],[2 1],0.0,0,0.6,0.7,0.30000000000000004,[1. 1.]
487,1.0,488,0,False,1.0,244.0,0.0,1,1,0,[1. 1.],[2 1],1.0,0,0.6,0.7,0.30000000000000004,[1. 1.]
488,0.0,489,1,False,0.0,245.0,2.0,1,0,1,[1. 1.],[2 1],1.0,0,0.6,0.7,0.30000000000000004,[1. 1.]
489,2.0,490,0,False,1.0,245.0,0.0,1,1,0,[1. 0.],[2 1],1.0,0,0.6,0.7,0.30000000000000004,[1. 1.]
490,0.0,491,1,False,0.0,246.0,2.0,1,0,1,[1. 0.],[2 1],1.0,0,0.6,0.7,0.30000000000000004,[1. 1.]
491,2.0,492,0,False,0.0,246.0,0.0,1,1,0,[1. 1.],[2 1],0.0,0,0.6,0.7,0.30000000000000004,[1. 1.]
492,0.0,493,1,False,0.0,247.0,1.0,1,0,1,[1. 1.],[2 1],0.0,0,0.6,0.7,0.30000000000000004,[1. 1.]
493,1.0,494,0,False,1.0,247.0,0.0,1,1,0,[1. 0.],[2 1],1.0,0,0.6,0.7,0.30000000000000004,[1. 1.]
494,0.0,495,1,False,0.0,248.0,2.0,1,0,1,[1. 0.],[2 1],1.0,0,0.6,0.7,0.30000000000000004,[1. 1.]
495,2.0,496,0,False,0.0,248.0,0.0,1,1,0,[1. 0.],[2 1],1.0,0,0.6,0.7,0.30000000000000004,[1. 1.]
496,0.0,497,1,False,0.0,249.0,2.0,1,0,1,[1. 0.],[2 1],1.0,0,0.6,0.7,0.30000000000000004,[1. 1.]
497,2.0,498,0,False,0.0,249.0,0.0,1,1,0,[0. 0.],[2 1],0.0,0,0.6,0.7,0.30000000000000004,[1. 1.]
498,0.0,499,1,False,0.0,250.0,1.0,1,0,1,[0. 0.],[2 1],0.0,0,0.6,0.7,0.30000000000000004,[1. 1.]
499,1.0,500,0,False,0.0,250.0,0.0,1,1,0,[1. 0.],[2 1],0.0,0,0.6,0.7,0.30000000000000004,[1. 1.]
500,0.0,501,1,False,0.0,251.0,1.0,1,0,2,[1. 0.],[2 1],0.0,0,0.6,0.7,0.30000000000000004,[1. 1.]
501,1.0,502,0,False,1.0,251.0,0.0,1,1,0,[0. 0.],[2 1],1.0,0,0.6,0.7,0.30000000000000004,[1. 1.]
502,0.0,503,1,False,0.0,252.0,2.0,1,0,2,[0. 0.],[2 1],1.0,0,0.6,0.7,0.30000000000000004,[1. 1.]
503,2.0,504,0,False,0.0,252.0,0.0,1,1,0,[1. 1.],[2 1],0.0,0,0.6,0.7,0.30000000000000004,[1. 1.]
504,0.0,505,1,False,0.0,253.0,1.0,1,0,2,[1. 1.],[2 1],0.0,0,0.6,0.7,0.30000000000000004,[1. 1.]
505,1.0,506,0,False,1.0,253.0,0.0,1,1,0,[1. 1.],[2 1],1.0,0,0.6,0.7,0.30000000000000004,[1. 1.]
506,0.0,507,1,False,0.0,254.0,2.0,1,0,2,[1. 1.],[2 1],1.0,0,0.6,0.7,0.30000000000000004,[1. 1.]
507,2.0,508,0,False,1.0,254.0,0.0,1,1,0,[1. 1.],[2 1],0.0,0,0.6,0.7,0.30000000000000004,[1. 1.]
508,0.0,509,1,False,0.0,255.0,1.0,1,0,2,[1. 1.],[2 1],0.0,0,0.6,0.7,0.30000000000000004,[1. 1.]
509,1.0,510,0,False,1.0,255.0,0.0,1,1,0,[1. 0.],[2 1],0.0,0,0.6,0.7,0.30000000000000004,[1. 1.]
510,0.0,511,1,False,0.0,256.0,1.0,1,0,2,[1. 0.],[2 1],0.0,0,0.6,0.7,0.30000000000000004,[1. 1.]
511,1.0,512,0,False,1.0,256.0,0.0,1,1,0,[1. 1.],[2 1],0.0,0,0.6,0.7,0.30000000000000004,[1. 1.]
512,0.0,513,1,False,0.0,257.0,1.0,1,0,2,[1. 1.],[2 1],0.0,0,0.6,0.7,0.30000000000000004,[1. 1.]
513,1.0,514,0,False,1.0,257.0,0.0,1,1,0,[0. 1.],[1 2],1.0,1,0.6,0.7,0.30000000000000004,[1. 1.]
514,0.0,515,1,False,0.0,258.0,2.0,1,0,2,[0. 1.],[1 2],1.0,1,0.6,0.7,0.30000000000000004,[1. 1.]
515,2.0,516,0,False,1.0,258.0,0.0,1,1,0,[1. 1.],[1 2],0.0,1,0.6,0.7,0.30000000000000004,[1. 1.]
516,0.0,517,1,False,0.0,259.0,1.0,1,0,2,[1. 1.],[1 2],0.0,1,0.6,0.7,0.30000000000000004,[1. 1.]
517,1.0,518,0,False,1.0,259.0,0.0,1,1,0,[1. 1.],[1 2],1.0,1,0.6,0.7,0.30000000000000004,[1. 1.]
518,0.0,519,1,False,0.0,260.0,2.0,1,0,2,[1. 1.],[1 2],1.0,1,0.6,0.7,0.30000000000000004,[1. 1.]
519,2.0,520,0,False,1.0,260.0,0.0,1,1,0,[1. 0.],[1 2],1.0,1,0.6,0.7,0.30000000000000004,[1. 1.]
520,0.0,521,1,False,0.0,261.0,2.0,1,0,2,[1. 0.],[1 2],1.0,1,0.6,0.7,0.30000000000000004,[1. 1.]
521,2.0,522,0,False,0.0,261.0,0.0,1,1,0,[0. 0.],[1 2],1.0,1,0.6,0.7,0.30000000000000004,[1. 1.]
522,0.0,523,1,False,0.0,262.0,2.0,1,0,2,[0. 0.],[1 2],1.0,1,0.6,0.7,0.30000000000000004,[1. 1.]
523,2.0,524,0,False,0.0,262.0,0.0,1,1,0,[0. 0.],[1 2],1.0,1,0.6,0.7,0.30000000000000004,[1. 1.]
524,0.0,525,1,False,0.0,263.0,2.0,1,0,2,[0. 0.],[1 2],1.0,1,0.6,0.7,0.30000000000000004,[1. 1.]
525,2.0,526,0,False,0.0,263.0,0.0,1,1,0,[0. 1.],[1 2],,1,0.6,0.7,0.30000000000000004,[1. 1.]
526,0.0,527,1,False,0.0,264.0,1.0,1,0,1,[0. 1.],[1 2],,1,0.6,0.7,0.30000000000000004,[1. 1.]
527,1.0,528,0,False,0.0,264.0,0.0,1,1,0,[0. 1.],[1 2],1.0,1,0.6,0.7,0.30000000000000004,[1. 1.]
528,0.0,529,1,False,0.0,265.0,2.0,1,0,2,[0. 1.],[1 2],1.0,1,0.6,0.7,0.30000000000000004,[1. 1.]
529,2.0,530,0,False,1.0,265.0,0.0,1,1,0,[0. 0.],[1 2],,1,0.6,0.7,0.30000000000000004,[1. 1.]
530,0.0,531,1,False,0.0,266.0,2.0,1,0,2,[0. 0.],[1 2],,1,0.6,0.7,0.30000000000000004,[1. 1.]
531,2.0,532,0,False,0.0,266.0,0.0,1,1,0,[0. 1.],[1 2],0.0,1,0.6,0.7,0.30000000000000004,[1. 1.]
532,0.0,533,1,False,0.0,267.0,1.0,1,0,2,[0. 1.],[1 2],0.0,1,0.6,0.7,0.30000000000000004,[1. 1.]
533,1.0,534,0,False,1.0,267.0,0.0,1,1,0,[0. 1.],[1 2],1.0,1,0.6,0.7,0.30000000000000004,[1. 1.]
534,0.0,535,1,False,0.0,268.0,2.0,1,0,2,[0. 1.],[1 2],1.0,1,0.6,0.7,0.30000000000000004,[1. 1.]
535,2.0,536,0,False,1.0,268.0,0.0,1,1,0,[0. 0.],[1 2],0.0,1,0.6,0.7,0.30000000000000004,[1. 1.]
536,0.0,537,1,False,0.0,269.0,1.0,1,0,2,[0. 0.],[1 2],0.0,1,0.6,0.7,0.30000000000000004,[1. 1.]
537,1.0,538,0,False,0.0,269.0,0.0,1,1,0,[1. 0.],[2 1],,1,0.6,0.7,0.30000000000000004,[1. 1.]
538,0.0,539,1,False,0.0,270.0,1.0,1,0,2,[1. 0.],[2 1],,1,0.6,0.7,0.30000000000000004,[1. 1.]
539,1.0,540,0,False,1.0,270.0,0.0,1,1,0,[1. 1.],[2 1],,1,0.6,0.7,0.30000000000000004,[1. 1.]
540,0.0,541,1,False,0.0,271.0,1.0,1,0,2,[1. 1.],[2 1],,1,0.6,0.7,0.30000000000000004,[1. 1.]
541,1.0,542,0,False,1.0,271.0,0.0,1,1,0,[0. 0.],[2 1],1.0,1,0.6,0.7,0.30000000000000004,[1. 1.]
542,0.0,543,1,False,0.0,272.0,2.0,1,0,2,[0. 0.],[2 1],1.0,1,0.6,0.7,0.30000000000000004,[1. 1.]
543,2.0,544,0,False,0.0,272.0,0.0,1,1,0,[1. 0.],[2 1],,1,0.6,0.7,0.30000000000000004,[1. 1.]
544,0.0,545,1,False,0.0,273.0,1.0,1,0,2,[1. 0.],[2 1],,1,0.6,0.7,0.30000000000000004,[1. 1.]
545,1.0,546,0,False,1.0,273.0,0.0,1,1,0,[1. 1.],[2 1],0.0,1,0.6,0.7,0.30000000000000004,[1. 1.]
546,0.0,547,1,False,0.0,274.0,1.0,1,0,2,[1. 1.],[2 1],0.0,1,0.6,0.7,0.30000000000000004,[1. 1.]
547,1.0,548,0,False,1.0,274.0,0.0,1,1,0,[0. 1.],[2 1],0.0,1,0.6,0.7,0.30000000000000004,[1. 1.]
548,0.0,549,1,False,0.0,275.0,1.0,1,0,2,[0. 1.],[2 1],0.0,1,0.6,0.7,0.30000000000000004,[1. 1.]
549,1.0,550,0,False,0.0,275.0,0.0,1,1,0,[0. 0.],[2 1],0.0,1,0.6,0.7,0.30000000000000004,[1. 1.]
550,0.0,551,1,False,0.0,276.0,1.0,1,0,2,[0. 0.],[2 1],0.0,1,0.6,0.7,0.30000000000000004,[1. 1.]
551,1.0,552,0,False,0.0,276.0,0.0,1,1,0,[0. 0.],[2 1],1.0,1,0.6,0.7,0.30000000000000004,[1. 1.]
552,0.0,553,1,False,0.0,277.0,2.0,1,0,1,[0. 0.],[2 1],1.0,1,0.6,0.7,0.30000000000000004,[1. 1.]
553,2.0,554,0,False,0.0,277.0,0.0,1,1,0,[0. 1.],[2 1],1.0,1,0.6,0.7,0.30000000000000004,[1. 1.]
554,0.0,555,1,False,0.0,278.0,2.0,1,0,2,[0. 1.],[2 1],1.0,1,0.6,0.7,0.30000000000000004,[1. 1.]
555,2.0,556,0,False,0.0,278.0,0.0,1,1,0,[0. 1.],[2 1],1.0,1,0.6,0.7,0.30000000000000004,[1. 1.]
556,0.0,557,1,False,0.0,279.0,2.0,1,0,1,[0. 1.],[2 1],1.0,1,0.6,0.7,0.30000000000000004,[1. 1.]
557,2.0,558,0,False,1.0,279.0,0.0,1,1,0,[1. 1.],[2 1],1.0,1,0.6,0.7,0.30000000000000004,[1. 1.]
558,0.0,559,1,False,0.0,280.0,2.0,1,0,1,[1. 1.],[2 1],1.0,1,0.6,0.7,0.30000000000000004,[1. 1.]
559,2.0,560,0,False,1.0,280.0,0.0,1,1,0,[1. 1.],[2 1],,1,0.6,0.7,0.30000000000000004,[1. 1.]
560,0.0,561,1,False,0.0,281.0,2.0,1,0,1,[1. 1.],[2 1],,1,0.6,0.7,0.30000000000000004,[1. 1.]
561,2.0,562,0,False,1.0,281.0,0.0,1,1,0,[0. 1.],[2 1],,1,0.6,0.7,0.30000000000000004,[1. 1.]
562,0.0,563,1,False,0.0,282.0,2.0,1,0,1,[0. 1.],[2 1],,1,0.6,0.7,0.30000000000000004,[1. 1.]
563,2.0,564,0,False,1.0,282.0,0.0,1,1,0,[0. 1.],[2 1],1.0,1,0.6,0.7,0.30000000000000004,[1. 1.]
564,0.0,565,1,False,0.0,283.0,2.0,1,0,1,[0. 1.],[2 1],1.0,1,0.6,0.7,0.30000000000000004,[1. 1.]
565,2.0,566,0,False,1.0,283.0,0.0,1,1,0,[0. 1.],[2 1],1.0,1,0.6,0.7,0.30000000000000004,[1. 1.]
566,0.0,567,1,False,0.0,284.0,2.0,1,0,1,[0. 1.],[2 1],1.0,1,0.6,0.7,0.30000000000000004,[1. 1.]
567,2.0,568,0,False,1.0,284.0,0.0,1,1,0,[0. 1.],[1 2],,1,0.6,0.7,0.30000000000000004,[1. 1.]
568,0.0,569,1,False,0.0,285.0,1.0,1,0,1,[0. 1.],[1 2],,1,0.6,0.7,0.30000000000000004,[1. 1.]
569,1.0,570,0,False,0.0,285.0,0.0,1,1,0,[1. 0.],[1 2],1.0,1,0.6,0.7,0.30000000000000004,[1. 1.]
570,0.0,571,1,False,0.0,286.0,2.0,1,0,1,[1. 0.],[1 2],1.0,1,0.6,0.7,0.30000000000000004,[1. 1.]
571,2.0,572,0,False,1.0,286.0,0.0,1,1,0,[0. 1.],[1 2],,1,0.6,0.7,0.30000000000000004,[1. 1.]
572,0.0,573,1,False,0.0,287.0,1.0,1,0,1,[0. 1.],[1 2],,1,0.6,0.7,0.30000000000000004,[1. 1.]
573,1.0,574,0,False,0.0,287.0,0.0,1,1,0,[1. 1.],[1 2],,1,0.6,0.7,0.30000000000000004,[1. 1.]
574,0.0,575,1,False,0.0,288.0,1.0,1,0,1,[1. 1.],[1 2],,1,0.6,0.7,0.30000000000000004,[1. 1.]
575,1.0,576,0,False,1.0,288.0,0.0,1,1,0,[0. 0.],[1 2],0.0,1,0.6,0.7,0.30000000000000004,[1. 1.]
576,0.0,577,1,False,0.0,289.0,1.0,1,0,1,[0. 0.],[1 2],0.0,1,0.6,0.7,0.30000000000000004,[1. 1.]
577,1.0,578,0,False,0.0,289.0,0.0,1,1,0,[0. 1.],[1 2],,1,0.6,0.7,0.30000000000000004,[1. 1.]
578,0.0,579,1,False,0.0,290.0,1.0,1,0,1,[0. 1.],[1 2],,1,0.6,0.7,0.30000000000000004,[1. 1.]
579,1.0,580,0,False,0.0,290.0,0.0,1,1,0,[0. 1.],[1 2],,1,0.6,0.7,0.30000000000000004,[1. 1.]
580,0.0,581,1,False,0.0,291.0,2.0,1,0,2,[0. 1.],[1 2],,1,0.6,0.7,0.30000000000000004,[1. 1.]
581,2.0,582,0,False,1.0,291.0,0.0,1,1,0,[0. 0.],[1 2],1.0,1,0.6,0.7,0.30000000000000004,[1. 1.]
582,0.0,583,1,False,0.0,292.0,2.0,1,0,2,[0. 0.],[1 2],1.0,1,0.6,0.7,0.30000000000000004,[1. 1.]
583,2.0,584,0,False,0.0,292.0,0.0,1,1,0,[0. 1.],[1 2],,1,0.6,0.7,0.30000000000000004,[1. 1.]
584,0.0,585,1,False,0.0,293.0,2.0,1,0,2,[0. 1.],[1 2],,1,0.6,0.7,0.30000000000000004,[1. 1.]
585,2.0,586,0,False,1.0,293.0,0.0,1,1,0,[0. 1.],[1 2],0.0,1,0.6,0.7,0.30000000000000004,[1. 1.]
586,0.0,587,1,False,0.0,294.0,1.0,1,0,2,[0. 1.],[1 2],0.0,1,0.6,0.7,0.30000000000000004,[1. 1.]
587,1.0,588,0,False,1.0,294.0,0.0,1,1,0,[0. 1.],[1 2],1.0,1,0.6,0.7,0.30000000000000004,[1. 1.]
588,0.0,589,1,False,0.0,295.0,2.0,1,0,2,[0. 1.],[1 2],1.0,1,0.6,0.7,0.30000000000000004,[1. 1.]
589,2.0,590,0,False,1.0,295.0,0.0,1,1,0,[0. 0.],[1 2],0.0,1,0.6,0.7,0.30000000000000004,[1. 1.]
590,0.0,591,1,False,0.0,296.0,1.0,1,0,2,[0. 0.],[1 2],0.0,1,0.6,0.7,0.30000000000000004,[1. 1.]
591,1.0,592,0,False,0.0,296.0,0.0,1,1,0,[0. 1.],[1 2],0.0,1,0.6,0.7,0.30000000000000004,[1. 1.]
592,0.0,593,1,False,0.0,297.0,1.0,1,0,2,[0. 1.],[1 2],0.0,1,0.6,0.7,0.30000000000000004,[1. 1.]
593,1.0,594,0,False,1.0,297.0,0.0,1,1,0,[0. 1.],[1 2],1.0,1,0.6,0.7,0.30000000000000004,[1. 1.]
594,0.0,595,1,False,0.0,298.0,2.0,1,0,2,[0. 1.],[1 2],1.0,1,0.6,0.7,0.30000000000000004,[1. 1.]
595,2.0,596,0,False,1.0,298.0,0.0,1,1,0,[0. 0.],[1 2],0.0,1,0.6,0.7,0.30000000000000004,[1. 1.]
596,0.0,597,1,False,0.0,299.0,1.0,1,0,2,[0. 0.],[1 2],0.0,1,0.6,0.7,0.30000000000000004,[1. 1.]
597,1.0,598,0,False,0.0,299.0,0.0,1,1,0,[1. 1.],[1 2],,1,0.6,0.7,0.30000000000000004,[1. 1.]
598,0.0,599,1,False,0.0,300.0,2.0,1,0,2,[1. 1.],[1 2],,1,0.6,0.7,0.30000000000000004,[1. 1.]
599,2.0,600,0,False,1.0,300.0,0.0,1,1,0,[0. 1.],[1 2],,1,0.6,0.7,0.30000000000000004,[1. 1.]
600,0.0,601,1,False,0.0,301.0,2.0,1,0,2,[0. 1.],[1 2],,1,0.6,0.7,0.30000000000000004,[1. 1.]
601,2.0,602,0,False,1.0,301.0,0.0,1,1,0,[0. 1.],[1 2],1.0,1,0.6,0.7,0.30000000000000004,[1. 1.]
602,0.0,603,1,False,0.0,302.0,2.0,1,0,2,[0. 1.],[1 2],1.0,1,0.6,0.7,0.30000000000000004,[1. 1.]
603,2.0,604,0,False,1.0,302.0,0.0,1,1,0,[0. 1.],[1 2],,1,0.6,0.7,0.30000000000000004,[1. 1.]
604,0.0,605,1,False,0.0,303.0,2.0,1,0,2,[0. 1.],[1 2],,1,0.6,0.7,0.30000000000000004,[1. 1.]
605,2.0,606,0,False,1.0,303.0,0.0,1,1,0,[0. 1.],[1 2],,1,0.6,0.7,0.30000000000000004,[1. 1.]
606,0.0,607,1,False,0.0,304.0,2.0,1,0,2,[0. 1.],[1 2],,1,0.6,0.7,0.30000000000000004,[1. 1.]
607,2.0,608,0,False,1.0,304.0,0.0,1,1,0,[0. 1.],[1 2],1.0,1,0.6,0.7,0.30000000000000004,[1. 1.]
608,0.0,609,1,False,0.0,305.0,2.0,1,0,2,[0. 1.],[1 2],1.0,1,0.6,0.7,0.30000000000000004,[1. 1.]
609,2.0,610,0,False,1.0,305.0,0.0,1,1,0,[0. 0.],[1 2],0.0,1,0.6,0.7,0.30000000000000004,[1. 1.]
610,0.0,611,1,False,0.0,306.0,1.0,1,0,2,[0. 0.],[1 2],0.0,1,0.6,0.7,0.30000000000000004,[1. 1.]
611,1.0,612,0,False,0.0,306.0,0.0,1,1,0,[0. 1.],[1 2],0.0,1,0.6,0.7,0.30000000000000004,[1. 1.]
612,0.0,613,1,False,0.0,307.0,1.0,1,0,2,[0. 1.],[1 2],0.0,1,0.6,0.7,0.30000000000000004,[1. 1.]
613,1.0,614,0,False,1.0,307.0,0.0,1,1,0,[0. 0.],[1 2],,1,0.6,0.7,0.30000000000000004,[1. 1.]
614,0.0,615,1,False,0.0,308.0,2.0,1,0,2,[0. 0.],[1 2],,1,0.6,0.7,0.30000000000000004,[1. 1.]
615,2.0,616,0,False,0.0,308.0,0.0,1,1,0,[0. 0.],[1 2],0.0,1,0.6,0.7,0.30000000000000004,[1. 1.]
616,0.0,617,1,False,0.0,309.0,1.0,1,0,2,[0. 0.],[1 2],0.0,1,0.6,0.7,0.30000000000000004,[1. 1.]
617,1.0,618,0,False,0.0,309.0,0.0,1,1,0,[0. 0.],[1 2],,1,0.6,0.7,0.30000000000000004,[1. 1.]
618,0.0,619,1,False,0.0,310.0,2.0,1,0,2,[0. 0.],[1 2],,1,0.6,0.7,0.30000000000000004,[1. 1.]
619,2.0,620,0,False,0.0,310.0,0.0,1,1,0,[0. 0.],[1 2],,1,0.6,0.7,0.30000000000000004,[1. 1.]
620,0.0,621,1,False,0.0,311.0,2.0,1,0,2,[0. 0.],[1 2],,1,0.6,0.7,0.30000000000000004,[1. 1.]
621,2.0,622,0,False,0.0,311.0,0.0,1,1,0,[0. 1.],[1 2],,1,0.6,0.7,0.30000000000000004,[1. 1.]
622,0.0,623,1,False,0.0,312.0,1.0,1,0,1,[0. 1.],[1 2],,1,0.6,0.7,0.30000000000000004,[1. 1.]
623,1.0,624,0,False,0.0,312.0,0.0,1,1,0,[0. 1.],[1 2],,1,0.6,0.7,0.30000000000000004,[1. 1.]
624,0.0,625,1,False,0.0,313.0,2.0,1,0,2,[0. 1.],[1 2],,1,0.6,0.7,0.30000000000000004,[1. 1.]
625,2.0,626,0,False,1.0,313.0,0.0,1,1,0,[0. 1.],[1 2],1.0,1,0.6,0.7,0.30000000000000004,[1. 1.]
626,0.0,627,1,False,0.0,314.0,2.0,1,0,2,[0. 1.],[1 2],1.0,1,0.6,0.7,0.30000000000000004,[1. 1.]
627,2.0,628,0,False,1.0,314.0,0.0,1,1,0,[0. 1.],[1 2],0.0,1,0.6,0.7,0.30000000000000004,[1. 1.]
628,0.0,629,1,False,0.0,315.0,1.0,1,0,2,[0. 1.],[1 2],0.0,1,0.6,0.7,0.30000000000000004,[1. 1.]
629,1.0,630,0,False,1.0,315.0,0.0,1,1,0,[0. 0.],[1 2],0.0,1,0.6,0.7,0.30000000000000004,[1. 1.]
630,0.0,631,1,False,0.0,316.0,1.0,1,0,2,[0. 0.],[1 2],0.0,1,0.6,0.7,0.30000000000000004,[1. 1.]
631,1.0,632,0,False,0.0,316.0,0.0,1,1,0,[0. 1.],[1 2],1.0,1,0.6,0.7,0.30000000000000004,[1. 1.]
632,0.0,633,1,False,0.0,317.0,2.0,1,0,2,[0. 1.],[1 2],1.0,1,0.6,0.7,0.30000000000000004,[1. 1.]
633,2.0,634,0,False,1.0,317.0,0.0,1,1,0,[0. 1.],[1 2],0.0,1,0.6,0.7,0.30000000000000004,[1. 1.]
634,0.0,635,1,False,0.0,318.0,1.0,1,0,2,[0. 1.],[1 2],0.0,1,0.6,0.7,0.30000000000000004,[1. 1.]
635,1.0,636,0,False,1.0,318.0,0.0,1,1,0,[0. 1.],[1 2],0.0,1,0.6,0.7,0.30000000000000004,[1. 1.]
636,0.0,637,1,False,0.0,319.0,1.0,1,0,2,[0. 1.],[1 2],0.0,1,0.6,0.7,0.30000000000000004,[1. 1.]
637,1.0,638,0,False,1.0,319.0,0.0,1,1,0,[1. 1.],[1 2],,1,0.6,0.7,0.30000000000000004,[1. 1.]
638,0.0,639,1,False,0.0,320.0,2.0,1,0,2,[1. 1.],[1 2],,1,0.6,0.7,0.30000000000000004,[1. 1.]
639,2.0,640,0,False,1.0,320.0,0.0,1,1,0,[0. 0.],[1 2],0.0,1,0.6,0.7,0.30000000000000004,[1. 1.]
640,0.0,641,1,False,0.0,321.0,1.0,1,0,2,[0. 0.],[1 2],0.0,1,0.6,0.7,0.30000000000000004,[1. 1.]
641,1.0,642,0,False,0.0,321.0,0.0,1,1,0,[0. 1.],[1 2],0.0,1,0.6,0.7,0.30000000000000004,[1. 1.]
642,0.0,643,1,False,0.0,322.0,1.0,1,0,2,[0. 1.],[1 2],0.0,1,0.6,0.7,0.30000000000000004,[1. 1.]
643,1.0,644,0,False,1.0,322.0,0.0,1,1,0,[1. 0.],[1 2],0.0,1,0.6,0.7,0.30000000000000004,[1. 1.]
644,0.0,645,1,False,0.0,323.0,1.0,1,0,2,[1. 0.],[1 2],0.0,1,0.6,0.7,0.30000000000000004,[1. 1.]
645,1.0,646,0,False,0.0,323.0,0.0,1,1,0,[1. 1.],[1 2],,1,0.6,0.7,0.30000000000000004,[1. 1.]
646,0.0,647,1,False,0.0,324.0,2.0,1,0,2,[1. 1.],[1 2],,1,0.6,0.7,0.30000000000000004,[1. 1.]
647,2.0,648,0,False,1.0,324.0,0.0,1,1,0,[0. 0.],[1 2],0.0,1,0.6,0.7,0.30000000000000004,[1. 1.]
648,0.0,649,1,False,0.0,325.0,1.0,1,0,2,[0. 0.],[1 2],0.0,1,0.6,0.7,0.30000000000000004,[1. 1.]
649,1.0,650,0,False,0.0,325.0,0.0,1,1,0,[0. 1.],[1 2],0.0,1,0.6,0.7,0.30000000000000004,[1. 1.]
650,0.0,651,1,False,0.0,326.0,1.0,1,0,2,[0. 1.],[1 2],0.0,1,0.6,0.7,0.30000000000000004,[1. 1.]
651,1.0,652,0,False,1.0,326.0,0.0,1,1,0,[1. 1.],[1 2],0.0,1,0.6,0.7,0.30000000000000004,[1. 1.]
652,0.0,653,1,False,0.0,327.0,1.0,1,0,2,[1. 1.],[1 2],0.0,1,0.6,0.7,0.30000000000000004,[1. 1.]
653,1.0,654,0,False,1.0,327.0,0.0,1,1,0,[0. 1.],[1 2],,1,0.6,0.7,0.30000000000000004,[1. 1.]
654,0.0,655,1,False,0.0,328.0,2.0,1,0,2,[0. 1.],[1 2],,1,0.6,0.7,0.30000000000000004,[1. 1.]
655,2.0,656,0,False,1.0,328.0,0.0,1,1,0,[1. 1.],[1 2],1.0,1,0.6,0.7,0.30000000000000004,[1. 1.]
656,0.0,657,1,False,0.0,329.0,2.0,1,0,2,[1. 1.],[1 2],1.0,1,0.6,0.7,0.30000000000000004,[1. 1.]
657,2.0,658,0,False,1.0,329.0,0.0,1,1,0,[1. 1.],[1 2],1.0,1,0.6,0.7,0.30000000000000004,[1. 1.]
658,0.0,659,1,False,0.0,330.0,2.0,1,0,2,[1. 1.],[1 2],1.0,1,0.6,0.7,0.30000000000000004,[1. 1.]
659,2.0,660,0,False,1.0,330.0,0.0,1,1,0,[1. 1.],[1 2],,1,0.6,0.7,0.30000000000000004,[1. 1.]
660,0.0,661,1,False,0.0,331.0,2.0,1,0,2,[1. 1.],[1 2],,1,0.6,0.7,0.30000000000000004,[1. 1.]
661,2.0,662,0,False,1.0,331.0,0.0,1,1,0,[1. 0.],[1 2],0.0,0,0.6,0.7,0.30000000000000004,[1. 1.]
662,0.0,663,1,False,0.0,332.0,1.0,1,0,2,[1. 0.],[1 2],0.0,0,0.6,0.7,0.30000000000000004,[1. 1.]
663,1.0,664,0,False,0.0,332.0,0.0,1,1,0,[0. 1.],[1 2],,0,0.6,0.7,0.30000000000000004,[1. 1.]
664,0.0,665,1,False,0.0,333.0,2.0,1,0,2,[0. 1.],[1 2],,0,0.6,0.7,0.30000000000000004,[1. 1.]
665,2.0,666,0,False,1.0,333.0,0.0,1,1,0,[0. 1.],[1 2],0.0,0,0.6,0.7,0.30000000000000004,[1. 1.]
666,0.0,667,1,False,0.0,334.0,1.0,1,0,2,[0. 1.],[1 2],0.0,0,0.6,0.7,0.30000000000000004,[1. 1.]
667,1.0,668,0,False,1.0,334.0,0.0,1,1,0,[0. 0.],[1 2],0.0,0,0.6,0.7,0.30000000000000004,[1. 1.]
668,0.0,669,1,False,0.0,335.0,1.0,1,0,2,[0. 0.],[1 2],0.0,0,0.6,0.7,0.30000000000000004,[1. 1.]
669,1.0,670,0,False,0.0,335.0,0.0,1,1,0,[0. 0.],[1 2],1.0,0,0.6,0.7,0.30000000000000004,[1. 1.]
670,0.0,671,1,False,0.0,336.0,2.0,1,0,2,[0. 0.],[1 2],1.0,0,0.6,0.7,0.30000000000000004,[1. 1.]
671,2.0,672,0,False,0.0,336.0,0.0,1,1,0,[1. 0.],[1 2],1.0,0,0.6,0.7,0.30000000000000004,[1. 1.]
672,0.0,673,1,False,0.0,337.0,2.0,1,0,2,[1. 0.],[1 2],1.0,0,0.6,0.7,0.30000000000000004,[1. 1.]
673,2.0,674,0,False,0.0,337.0,0.0,1,1,0,[1. 0.],[1 2],1.0,0,0.6,0.7,0.30000000000000004,[1. 1.]
674,0.0,675,1,False,0.0,338.0,2.0,1,0,2,[1. 0.],[1 2],1.0,0,0.6,0.7,0.30000000000000004,[1. 1.]
675,2.0,676,0,False,0.0,338.0,0.0,1,1,0,[1. 0.],[1 2],1.0,0,0.6,0.7,0.30000000000000004,[1. 1.]
676,0.0,677,1,False,0.0,339.0,2.0,1,0,1,[1. 0.],[1 2],1.0,0,0.6,0.7,0.30000000000000004,[1. 1.]
677,2.0,678,0,False,1.0,339.0,0.0,1,1,0,[0. 0.],[1 2],1.0,0,0.6,0.7,0.30000000000000004,[1. 1.]
678,0.0,679,1,False,0.0,340.0,2.0,1,0,1,[0. 0.],[1 2],1.0,0,0.6,0.7,0.30000000000000004,[1. 1.]
679,2.0,680,0,False,0.0,340.0,0.0,1,1,0,[0. 1.],[1 2],,0,0.6,0.7,0.30000000000000004,[1. 1.]
680,0.0,681,1,False,0.0,341.0,1.0,1,0,1,[0. 1.],[1 2],,0,0.6,0.7,0.30000000000000004,[1. 1.]
681,1.0,682,0,False,0.0,341.0,0.0,1,1,0,[1. 0.],[1 2],,0,0.6,0.7,0.30000000000000004,[1. 1.]
682,0.0,683,1,False,0.0,342.0,1.0,1,0,1,[1. 0.],[1 2],,0,0.6,0.7,0.30000000000000004,[1. 1.]
683,1.0,684,0,False,1.0,342.0,0.0,1,1,0,[0. 0.],[1 2],1.0,0,0.6,0.7,0.30000000000000004,[1. 1.]
684,0.0,685,1,False,0.0,343.0,2.0,1,0,1,[0. 0.],[1 2],1.0,0,0.6,0.7,0.30000000000000004,[1. 1.]
685,2.0,686,0,False,0.0,343.0,0.0,1,1,0,[1. 0.],[1 2],1.0,0,0.6,0.7,0.30000000000000004,[1. 1.]
686,0.0,687,1,False,0.0,344.0,2.0,1,0,1,[1. 0.],[1 2],1.0,0,0.6,0.7,0.30000000000000004,[1. 1.]
687,2.0,688,0,False,1.0,344.0,0.0,1,1,0,[1. 1.],[1 2],1.0,0,0.6,0.7,0.30000000000000004,[1. 1.]
688,0.0,689,1,False,0.0,345.0,2.0,1,0,1,[1. 1.],[1 2],1.0,0,0.6,0.7,0.30000000000000004,[1. 1.]
689,2.0,690,0,False,1.0,345.0,0.0,1,1,0,[1. 1.],[1 2],0.0,0,0.6,0.7,0.30000000000000004,[1. 1.]
690,0.0,691,1,False,0.0,346.0,1.0,1,0,1,[1. 1.],[1 2],0.0,0,0.6,0.7,0.30000000000000004,[1. 1.]
691,1.0,692,0,False,1.0,346.0,0.0,1,1,0,[1. 0.],[1 2],,0,0.6,0.7,0.30000000000000004,[1. 1.]
692,0.0,693,1,False,0.0,347.0,1.0,1,0,1,[1. 0.],[1 2],,0,0.6,0.7,0.30000000000000004,[1. 1.]
693,1.0,694,0,False,1.0,347.0,0.0,1,1,0,[1. 0.],[1 2],1.0,0,0.6,0.7,0.30000000000000004,[1. 1.]
694,0.0,695,1,False,0.0,348.0,2.0,1,0,1,[1. 0.],[1 2],1.0,0,0.6,0.7,0.30000000000000004,[1. 1.]
695,2.0,696,0,False,1.0,348.0,0.0,1,1,0,[0. 0.],[1 2],0.0,0,0.6,0.7,0.30000000000000004,[1. 1.]
696,0.0,697,1,False,0.0,349.0,1.0,1,0,1,[0. 0.],[1 2],0.0,0,0.6,0.7,0.30000000000000004,[1. 1.]
697,1.0,698,0,False,0.0,349.0,0.0,1,1,0,[1. 0.],[1 2],0.0,0,0.6,0.7,0.30000000000000004,[1. 1.]
698,0.0,699,1,False,0.0,350.0,1.0,1,0,1,[1. 0.],[1 2],0.0,0,0.6,0.7,0.30000000000000004,[1. 1.]
699,1.0,700,0,False,1.0,350.0,0.0,1,1,0,[1. 0.],[1 2],,0,0.6,0.7,0.30000000000000004,[1. 1.]
700,0.0,701,1,False,0.0,351.0,1.0,1,0,1,[1. 0.],[1 2],,0,0.6,0.7,0.30000000000000004,[1. 1.]
701,1.0,702,0,False,1.0,351.0,0.0,1,1,0,[1. 0.],[1 2],0.0,0,0.6,0.7,0.30000000000000004,[1. 1.]
702,0.0,703,1,False,0.0,352.0,1.0,1,0,1,[1. 0.],[1 2],0.0,0,0.6,0.7,0.30000000000000004,[1. 1.]
703,1.0,704,0,False,1.0,352.0,0.0,1,1,0,[1. 0.],[1 2],0.0,0,0.6,0.7,0.30000000000000004,[1. 1.]
704,0.0,705,1,False,0.0,353.0,1.0,1,0,1,[1. 0.],[1 2],0.0,0,0.6,0.7,0.30000000000000004,[1. 1.]
705,1.0,706,0,False,1.0,353.0,0.0,1,1,0,[1. 0.],[1 2],,0,0.6,0.7,0.30000000000000004,[1. 1.]
706,0.0,707,1,False,0.0,354.0,1.0,1,0,1,[1. 0.],[1 2],,0,0.6,0.7,0.30000000000000004,[1. 1.]
707,1.0,708,0,False,1.0,354.0,0.0,1,1,0,[1. 0.],[1 2],,0,0.6,0.7,0.30000000000000004,[1. 1.]
708,0.0,709,1,False,0.0,355.0,1.0,1,0,1,[1. 0.],[1 2],,0,0.6,0.7,0.30000000000000004,[1. 1.]
709,1.0,710,0,False,1.0,355.0,0.0,1,1,0,[1. 1.],[1 2],1.0,1,0.6,0.7,0.30000000000000004,[1. 1.]
710,0.0,711,1,False,0.0,356.0,2.0,1,0,1,[1. 1.],[1 2],1.0,1,0.6,0.7,0.30000000000000004,[1. 1.]
711,2.0,712,0,False,1.0,356.0,0.0,1,1,0,[0. 1.],[1 2],,1,0.6,0.7,0.30000000000000004,[1. 1.]
712,0.0,713,1,False,0.0,357.0,1.0,1,0,1,[0. 1.],[1 2],,1,0.6,0.7,0.30000000000000004,[1. 1.]
713,1.0,714,0,False,0.0,357.0,0.0,1,1,0,[1. 0.],[1 2],,1,0.6,0.7,0.30000000000000004,[1. 1.]
714,0.0,715,1,False,0.0,358.0,1.0,1,0,1,[1. 0.],[1 2],,1,0.6,0.7,0.30000000000000004,[1. 1.]
715,1.0,716,0,False,1.0,358.0,0.0,1,1,0,[0. 1.],[1 2],1.0,1,0.6,0.7,0.30000000000000004,[1. 1.]
716,0.0,717,1,False,0.0,359.0,2.0,1,0,1,[0. 1.],[1 2],1.0,1,0.6,0.7,0.30000000000000004,[1. 1.]
717,2.0,718,0,False,0.0,359.0,0.0,1,1,0,[1. 1.],[1 2],0.0,1,0.6,0.7,0.30000000000000004,[1. 1.]
718,0.0,719,1,False,0.0,360.0,1.0,1,0,1,[1. 1.],[1 2],0.0,1,0.6,0.7,0.30000000000000004,[1. 1.]
719,1.0,720,0,False,1.0,360.0,0.0,1,1,0,[1. 0.],[1 2],1.0,1,0.6,0.7,0.30000000000000004,[1. 1.]
720,0.0,721,1,False,0.0,361.0,2.0,1,0,1,[1. 0.],[1 2],1.0,1,0.6,0.7,0.30000000000000004,[1. 1.]
721,2.0,722,0,False,1.0,361.0,0.0,1,1,0,[1. 0.],[1 2],,1,0.6,0.7,0.30000000000000004,[1. 1.]
722,0.0,723,1,False,0.0,362.0,1.0,1,0,1,[1. 0.],[1 2],,1,0.6,0.7,0.30000000000000004,[1. 1.]
723,1.0,724,0,False,1.0,362.0,0.0,1,1,0,[0. 1.],[1 2],0.0,1,0.6,0.7,0.30000000000000004,[1. 1.]
724,0.0,725,1,False,0.0,363.0,1.0,1,0,1,[0. 1.],[1 2],0.0,1,0.6,0.7,0.30000000000000004,[1. 1.]
725,1.0,726,0,False,0.0,363.0,0.0,1,1,0,[0. 1.],[1 2],,1,0.6,0.7,0.30000000000000004,[1. 1.]
726,0.0,727,1,False,0.0,364.0,1.0,1,0,1,[0. 1.],[1 2],,1,0.6,0.7,0.30000000000000004,[1. 1.]
727,1.0,728,0,False,0.0,364.0,0.0,1,1,0,[0. 1.],[1 2],,1,0.6,0.7,0.30000000000000004,[1. 1.]
728,0.0,729,1,False,0.0,365.0,1.0,1,0,1,[0. 1.],[1 2],,1,0.6,0.7,0.30000000000000004,[1. 1.]
729,1.0,730,0,False,0.0,365.0,0.0,1,1,0,[0. 1.],[1 2],0.0,1,0.6,0.7,0.30000000000000004,[1. 1.]
730,0.0,731,1,False,0.0,366.0,1.0,1,0,2,[0. 1.],[1 2],0.0,1,0.6,0.7,0.30000000000000004,[1. 1.]
731,1.0,732,0,False,1.0,366.0,0.0,1,1,0,[0. 0.],[1 2],,1,0.6,0.7,0.30000000000000004,[1. 1.]
732,0.0,733,1,False,0.0,367.0,2.0,1,0,2,[0. 0.],[1 2],,1,0.6,0.7,0.30000000000000004,[1. 1.]
733,2.0,734,0,False,0.0,367.0,0.0,1,1,0,[0. 1.],[1 2],1.0,1,0.6,0.7,0.30000000000000004,[1. 1.]
734,0.0,735,1,False,0.0,368.0,2.0,1,0,2,[0. 1.],[1 2],1.0,1,0.6,0.7,0.30000000000000004,[1. 1.]
735,2.0,736,0,False,1.0,368.0,0.0,1,1,0,[0. 1.],[1 2],1.0,1,0.6,0.7,0.30000000000000004,[1. 1.]
736,0.0,737,1,False,0.0,369.0,2.0,1,0,2,[0. 1.],[1 2],1.0,1,0.6,0.7,0.30000000000000004,[1. 1.]
737,2.0,738,0,False,1.0,369.0,0.0,1,1,0,[0. 0.],[1 2],0.0,1,0.6,0.7,0.30000000000000004,[1. 1.]
738,0.0,739,1,False,0.0,370.0,1.0,1,0,2,[0. 0.],[1 2],0.0,1,0.6,0.7,0.30000000000000004,[1. 1.]
739,1.0,740,0,False,0.0,370.0,0.0,1,1,0,[1. 1.],[1 2],0.0,1,0.6,0.7,0.30000000000000004,[1. 1.]
740,0.0,741,1,False,0.0,371.0,1.0,1,0,2,[1. 1.],[1 2],0.0,1,0.6,0.7,0.30000000000000004,[1. 1.]
741,1.0,742,0,False,1.0,371.0,0.0,1,1,0,[1. 1.],[1 2],0.0,1,0.6,0.7,0.30000000000000004,[1. 1.]
742,0.0,743,1,False,0.0,372.0,1.0,1,0,2,[1. 1.],[1 2],0.0,1,0.6,0.7,0.30000000000000004,[1. 1.]
743,1.0,744,0,False,1.0,372.0,0.0,1,1,0,[0. 0.],[1 2],1.0,1,0.6,0.7,0.30000000000000004,[1. 1.]
744,0.0,745,1,False,0.0,373.0,2.0,1,0,2,[0. 0.],[1 2],1.0,1,0.6,0.7,0.30000000000000004,[1. 1.]
745,2.0,746,0,False,0.0,373.0,0.0,1,1,0,[0. 1.],[1 2],1.0,1,0.6,0.7,0.30000000000000004,[1. 1.]
746,0.0,747,1,False,0.0,374.0,2.0,1,0,2,[0. 1.],[1 2],1.0,1,0.6,0.7,0.30000000000000004,[1. 1.]
747,2.0,748,0,False,1.0,374.0,0.0,1,1,0,[1. 1.],[2 1],1.0,1,0.6,0.7,0.30000000000000004,[1. 1.]
748,0.0,749,1,False,0.0,375.0,2.0,1,0,2,[1. 1.],[2 1],1.0,1,0.6,0.7,0.30000000000000004,[1. 1.]
749,2.0,750,0,False,1.0,375.0,0.0,1,1,0,[0. 1.],[2 1],1.0,1,0.6,0.7,0.30000000000000004,[1. 1.]
750,0.0,751,1,False,0.0,376.0,2.0,1,0,2,[0. 1.],[2 1],1.0,1,0.6,0.7,0.30000000000000004,[1. 1.]
751,2.0,752,0,False,0.0,376.0,0.0,1,1,0,[0. 1.],[2 1],,1,0.6,0.7,0.30000000000000004,[1. 1.]
752,0.0,753,1,False,0.0,377.0,1.0,1,0,2,[0. 1.],[2 1],,1,0.6,0.7,0.30000000000000004,[1. 1.]
753,1.0,754,0,False,0.0,377.0,0.0,1,1,0,[0. 1.],[2 1],1.0,1,0.6,0.7,0.30000000000000004,[1. 1.]
754,0.0,755,1,False,0.0,378.0,2.0,1,0,2,[0. 1.],[2 1],1.0,1,0.6,0.7,0.30000000000000004,[1. 1.]
755,2.0,756,0,False,0.0,378.0,0.0,1,1,0,[0. 1.],[2 1],0.0,1,0.6,0.7,0.30000000000000004,[1. 1.]
756,0.0,757,1,False,0.0,379.0,1.0,1,0,1,[0. 1.],[2 1],0.0,1,0.6,0.7,0.30000000000000004,[1. 1.]
757,1.0,758,0,False,1.0,379.0,0.0,1,1,0,[0. 0.],[2 1],0.0,1,0.6,0.7,0.30000000000000004,[1. 1.]
758,0.0,759,1,False,0.0,380.0,1.0,1,0,1,[0. 0.],[2 1],0.0,1,0.6,0.7,0.30000000000000004,[1. 1.]
759,1.0,760,0,False,0.0,380.0,0.0,1,1,0,[0. 1.],[2 1],,1,0.6,0.7,0.30000000000000004,[1. 1.]
760,0.0,761,1,False,0.0,381.0,2.0,1,0,1,[0. 1.],[2 1],,1,0.6,0.7,0.30000000000000004,[1. 1.]
761,2.0,762,0,False,1.0,381.0,0.0,1,1,0,[1. 1.],[1 2],1.0,1,0.6,0.7,0.30000000000000004,[1. 1.]
762,0.0,763,1,False,0.0,382.0,2.0,1,0,1,[1. 1.],[1 2],1.0,1,0.6,0.7,0.30000000000000004,[1. 1.]
763,2.0,764,0,False,1.0,382.0,0.0,1,1,0,[0. 1.],[1 2],,1,0.6,0.7,0.30000000000000004,[1. 1.]
764,0.0,765,1,False,0.0,383.0,1.0,1,0,1,[0. 1.],[1 2],,1,0.6,0.7,0.30000000000000004,[1. 1.]
765,1.0,766,0,False,0.0,383.0,0.0,1,1,0,[1. 1.],[2 1],1.0,1,0.6,0.7,0.30000000000000004,[1. 1.]
766,0.0,767,1,False,0.0,384.0,2.0,1,0,1,[1. 1.],[2 1],1.0,1,0.6,0.7,0.30000000000000004,[1. 1.]
767,2.0,768,0,False,1.0,384.0,0.0,1,1,0,[0. 1.],[2 1],,1,0.6,0.7,0.30000000000000004,[1. 1.]
768,0.0,769,1,False,0.0,385.0,2.0,1,0,1,[0. 1.],[2 1],,1,0.6,0.7,0.30000000000000004,[1. 1.]
769,2.0,770,0,False,1.0,385.0,0.0,1,1,0,[0. 1.],[2 1],0.0,1,0.6,0.7,0.30000000000000004,[1. 1.]
770,0.0,771,1,False,0.0,386.0,1.0,1,0,1,[0. 1.],[2 1],0.0,1,0.6,0.7,0.30000000000000004,[1. 1.]
771,1.0,772,0,False,1.0,386.0,0.0,1,1,0,[0. 1.],[2 1],0.0,1,0.6,0.7,0.30000000000000004,[1. 1.]
772,0.0,773,1,False,0.0,387.0,1.0,1,0,1,[0. 1.],[2 1],0.0,1,0.6,0.7,0.30000000000000004,[1. 1.]
773,1.0,774,0,False,1.0,387.0,0.0,1,1,0,[0. 1.],[2 1],,1,0.6,0.7,0.30000000000000004,[1. 1.]
774,0.0,775,1,False,0.0,388.0,2.0,1,0,1,[0. 1.],[2 1],,1,0.6,0.7,0.30000000000000004,[1. 1.]
775,2.0,776,0,False,1.0,388.0,0.0,1,1,0,[1. 1.],[2 1],0.0,1,0.6,0.7,0.30000000000000004,[1. 1.]
776,0.0,777,1,False,0.0,389.0,1.0,1,0,1,[1. 1.],[2 1],0.0,1,0.6,0.7,0.30000000000000004,[1. 1.]
777,1.0,778,0,False,1.0,389.0,0.0,1,1,0,[0. 1.],[2 1],1.0,1,0.6,0.7,0.30000000000000004,[1. 1.]
778,0.0,779,1,False,0.0,390.0,2.0,1,0,1,[0. 1.],[2 1],1.0,1,0.6,0.7,0.30000000000000004,[1. 1.]
779,2.0,780,0,False,1.0,390.0,0.0,1,1,0,[0. 1.],[2 1],0.0,1,0.6,0.7,0.30000000000000004,[1. 1.]
780,0.0,781,1,False,0.0,391.0,1.0,1,0,1,[0. 1.],[2 1],0.0,1,0.6,0.7,0.30000000000000004,[1. 1.]
781,1.0,782,0,False,1.0,391.0,0.0,1,1,0,[0. 0.],[2 1],0.0,1,0.6,0.7,0.30000000000000004,[1. 1.]
782,0.0,783,1,False,0.0,392.0,1.0,1,0,1,[0. 0.],[2 1],0.0,1,0.6,0.7,0.30000000000000004,[1. 1.]
783,1.0,784,0,False,0.0,392.0,0.0,1,1,0,[0. 0.],[2 1],0.0,1,0.6,0.7,0.30000000000000004,[1. 1.]
784,0.0,785,1,False,0.0,393.0,1.0,1,0,1,[0. 0.],[2 1],0.0,1,0.6,0.7,0.30000000000000004,[1. 1.]
785,1.0,786,0,False,0.0,393.0,0.0,1,1,0,[0. 1.],[2 1],,1,0.6,0.7,0.30000000000000004,[1. 1.]
786,0.0,787,1,False,0.0,394.0,1.0,1,0,2,[0. 1.],[2 1],,1,0.6,0.7,0.30000000000000004,[1. 1.]
787,1.0,788,0,False,0.0,394.0,0.0,1,1,0,[0. 1.],[2 1],,1,0.6,0.7,0.30000000000000004,[1. 1.]
788,0.0,789,1,False,0.0,395.0,2.0,1,0,1,[0. 1.],[2 1],,1,0.6,0.7,0.30000000000000004,[1. 1.]
789,2.0,790,0,False,1.0,395.0,0.0,1,1,0,[1. 1.],[2 1],1.0,1,0.6,0.7,0.30000000000000004,[1. 1.]
790,0.0,791,1,False,0.0,396.0,2.0,1,0,1,[1. 1.],[2 1],1.0,1,0.6,0.7,0.30000000000000004,[1. 1.]
791,2.0,792,0,False,1.0,396.0,0.0,1,1,0,[0. 1.],[2 1],0.0,1,0.6,0.7,0.30000000000000004,[1. 1.]
792,0.0,793,1,False,0.0,397.0,1.0,1,0,1,[0. 1.],[2 1],0.0,1,0.6,0.7,0.30000000000000004,[1. 1.]
793,1.0,794,0,False,1.0,397.0,0.0,1,1,0,[1. 1.],[2 1],,1,0.6,0.7,0.30000000000000004,[1. 1.]
794,0.0,795,1,False,0.0,398.0,2.0,1,0,1,[1. 1.],[2 1],,1,0.6,0.7,0.30000000000000004,[1. 1.]
795,2.0,796,0,False,1.0,398.0,0.0,1,1,0,[0. 0.],[2 1],1.0,1,0.6,0.7,0.30000000000000004,[1. 1.]
796,0.0,797,1,False,0.0,399.0,2.0,1,0,1,[0. 0.],[2 1],1.0,1,0.6,0.7,0.30000000000000004,[1. 1.]
797,2.0,798,0,False,0.0,399.0,0.0,1,1,0,[1. 1.],[2 1],,1,0.6,0.7,0.30000000000000004,[1. 1.]
798,0.0,799,1,False,0.0,400.0,2.0,1,0,1,[1. 1.],[2 1],,1,0.6,0.7,0.30000000000000004,[1. 1.]
799,2.0,800,0,False,1.0,400.0,0.0,1,1,0,[1. 0.],[2 1],1.0,1,0.6,0.7,0.30000000000000004,[1. 1.]
800,0.0,801,1,False,0.0,401.0,2.0,1,0,1,[1. 0.],[2 1],1.0,1,0.6,0.7,0.30000000000000004,[1. 1.]
801,2.0,802,0,False,0.0,401.0,0.0,1,1,0,[0. 1.],[2 1],,1,0.6,0.7,0.30000000000000004,[1. 1.]
802,0.0,803,1,False,0.0,402.0,2.0,1,0,1,[0. 1.],[2 1],,1,0.6,0.7,0.30000000000000004,[1. 1.]
803,2.0,804,0,False,1.0,402.0,0.0,1,1,0,[0. 1.],[2 1],,1,0.6,0.7,0.30000000000000004,[1. 1.]
804,0.0,805,1,False,0.0,403.0,2.0,1,0,1,[0. 1.],[2 1],,1,0.6,0.7,0.30000000000000004,[1. 1.]
805,2.0,806,0,False,1.0,403.0,0.0,1,1,0,[0. 0.],[2 1],1.0,1,0.6,0.7,0.30000000000000004,[1. 1.]
806,0.0,807,1,False,0.0,404.0,2.0,1,0,1,[0. 0.],[2 1],1.0,1,0.6,0.7,0.30000000000000004,[1. 1.]
807,2.0,808,0,False,0.0,404.0,0.0,1,1,0,[0. 1.],[2 1],,1,0.6,0.7,0.30000000000000004,[1. 1.]
808,0.0,809,1,False,0.0,405.0,2.0,1,0,1,[0. 1.],[2 1],,1,0.6,0.7,0.30000000000000004,[1. 1.]
809,2.0,810,0,False,1.0,405.0,0.0,1,1,0,[0. 1.],[2 1],0.0,1,0.6,0.7,0.30000000000000004,[1. 1.]
810,0.0,811,1,False,0.0,406.0,1.0,1,0,1,[0. 1.],[2 1],0.0,1,0.6,0.7,0.30000000000000004,[1. 1.]
811,1.0,812,0,False,1.0,406.0,0.0,1,1,0,[0. 0.],[2 1],0.0,1,0.6,0.7,0.30000000000000004,[1. 1.]
812,0.0,813,1,False,0.0,407.0,1.0,1,0,1,[0. 0.],[2 1],0.0,1,0.6,0.7,0.30000000000000004,[1. 1.]
813,1.0,814,0,False,0.0,407.0,0.0,1,1,0,[1. 1.],[2 1],1.0,1,0.6,0.7,0.30000000000000004,[1. 1.]
814,0.0,815,1,False,0.0,408.0,2.0,1,0,1,[1. 1.],[2 1],1.0,1,0.6,0.7,0.30000000000000004,[1. 1.]
815,2.0,816,0,False,1.0,408.0,0.0,1,1,0,[0. 1.],[2 1],1.0,1,0.6,0.7,0.30000000000000004,[1. 1.]
816,0.0,817,1,False,0.0,409.0,2.0,1,0,1,[0. 1.],[2 1],1.0,1,0.6,0.7,0.30000000000000004,[1. 1.]
817,2.0,818,0,False,1.0,409.0,0.0,1,1,0,[1. 1.],[2 1],1.0,1,0.6,0.7,0.30000000000000004,[1. 1.]
818,0.0,819,1,False,0.0,410.0,2.0,1,0,1,[1. 1.],[2 1],1.0,1,0.6,0.7,0.30000000000000004,[1. 1.]
819,2.0,820,0,False,1.0,410.0,0.0,1,1,0,[0. 1.],[2 1],0.0,1,0.6,0.7,0.30000000000000004,[1. 1.]
820,0.0,821,1,False,0.0,411.0,1.0,1,0,1,[0. 1.],[2 1],0.0,1,0.6,0.7,0.30000000000000004,[1. 1.]
821,1.0,822,0,False,1.0,411.0,0.0,1,1,0,[1. 1.],[2 1],,1,0.6,0.7,0.30000000000000004,[1. 1.]
822,0.0,823,1,False,0.0,412.0,2.0,1,0,1,[1. 1.],[2 1],,1,0.6,0.7,0.30000000000000004,[1. 1.]
823,2.0,824,0,False,1.0,412.0,0.0,1,1,0,[0. 1.],[2 1],0.0,1,0.6,0.7,0.30000000000000004,[1. 1.]
824,0.0,825,1,False,0.0,413.0,1.0,1,0,1,[0. 1.],[2 1],0.0,1,0.6,0.7,0.30000000000000004,[1. 1.]
825,1.0,826,0,False,1.0,413.0,0.0,1,1,0,[1. 0.],[2 1],0.0,1,0.6,0.7,0.30000000000000004,[1. 1.]
826,0.0,827,1,False,0.0,414.0,1.0,1,0,1,[1. 0.],[2 1],0.0,1,0.6,0.7,0.30000000000000004,[1. 1.]
827,1.0,828,0,False,0.0,414.0,0.0,1,1,0,[1. 1.],[2 1],,1,0.6,0.7,0.30000000000000004,[1. 1.]
828,0.0,829,1,False,0.0,415.0,2.0,1,0,1,[1. 1.],[2 1],,1,0.6,0.7,0.30000000000000004,[1. 1.]
829,2.0,830,0,False,1.0,415.0,0.0,1,1,0,[0. 1.],[2 1],1.0,1,0.6,0.7,0.30000000000000004,[1. 1.]
830,0.0,831,1,False,0.0,416.0,2.0,1,0,1,[0. 1.],[2 1],1.0,1,0.6,0.7,0.30000000000000004,[1. 1.]
831,2.0,832,0,False,1.0,416.0,0.0,1,1,0,[1. 1.],[2 1],,1,0.6,0.7,0.30000000000000004,[1. 1.]
832,0.0,833,1,False,0.0,417.0,2.0,1,0,1,[1. 1.],[2 1],,1,0.6,0.7,0.30000000000000004,[1. 1.]
833,2.0,834,0,False,1.0,417.0,0.0,1,1,0,[1. 1.],[2 1],,1,0.6,0.7,0.30000000000000004,[1. 1.]
834,0.0,835,1,False,0.0,418.0,2.0,1,0,1,[1. 1.],[2 1],,1,0.6,0.7,0.30000000000000004,[1. 1.]
835,2.0,836,0,False,1.0,418.0,0.0,1,1,0,[0. 1.],[2 1],1.0,1,0.6,0.7,0.30000000000000004,[1. 1.]
836,0.0,837,1,False,0.0,419.0,2.0,1,0,1,[0. 1.],[2 1],1.0,1,0.6,0.7,0.30000000000000004,[1. 1.]
837,2.0,838,0,False,1.0,419.0,0.0,1,1,0,[0. 1.],[2 1],0.0,1,0.6,0.7,0.30000000000000004,[1. 1.]
838,0.0,839,1,False,0.0,420.0,1.0,1,0,1,[0. 1.],[2 1],0.0,1,0.6,0.7,0.30000000000000004,[1. 1.]
839,1.0,840,0,False,1.0,420.0,0.0,1,1,0,[0. 1.],[2 1],1.0,1,0.6,0.7,0.30000000000000004,[1. 1.]
840,0.0,841,1,False,0.0,421.0,2.0,1,0,1,[0. 1.],[2 1],1.0,1,0.6,0.7,0.30000000000000004,[1. 1.]
841,2.0,842,0,False,1.0,421.0,0.0,1,1,0,[0. 1.],[2 1],,1,0.6,0.7,0.30000000000000004,[1. 1.]
842,0.0,843,1,False,0.0,422.0,2.0,1,0,1,[0. 1.],[2 1],,1,0.6,0.7,0.30000000000000004,[1. 1.]
843,2.0,844,0,False,1.0,422.0,0.0,1,1,0,[0. 1.],[2 1],0.0,1,0.6,0.7,0.30000000000000004,[1. 1.]
844,0.0,845,1,False,0.0,423.0,1.0,1,0,1,[0. 1.],[2 1],0.0,1,0.6,0.7,0.30000000000000004,[1. 1.]
845,1.0,846,0,False,1.0,423.0,0.0,1,1,0,[1. 1.],[2 1],,1,0.6,0.7,0.30000000000000004,[1. 1.]
846,0.0,847,1,False,0.0,424.0,2.0,1,0,1,[1. 1.],[2 1],,1,0.6,0.7,0.30000000000000004,[1. 1.]
847,2.0,848,0,False,1.0,424.0,0.0,1,1,0,[0. 0.],[2 1],1.0,1,0.6,0.7,0.30000000000000004,[1. 1.]
848,0.0,849,1,False,0.0,425.0,2.0,1,0,1,[0. 0.],[2 1],1.0,1,0.6,0.7,0.30000000000000004,[1. 1.]
849,2.0,850,0,False,0.0,425.0,0.0,1,1,0,[0. 1.],[2 1],0.0,1,0.6,0.7,0.30000000000000004,[1. 1.]
850,0.0,851,1,False,0.0,426.0,1.0,1,0,1,[0. 1.],[2 1],0.0,1,0.6,0.7,0.30000000000000004,[1. 1.]
851,1.0,852,0,False,1.0,426.0,0.0,1,1,0,[0. 1.],[2 1],,1,0.6,0.7,0.30000000000000004,[1. 1.]
852,0.0,853,1,False,0.0,427.0,2.0,1,0,1,[0. 1.],[2 1],,1,0.6,0.7,0.30000000000000004,[1. 1.]
853,2.0,854,0,False,1.0,427.0,0.0,1,1,0,[1. 1.],[2 1],1.0,1,0.6,0.7,0.30000000000000004,[1. 1.]
854,0.0,855,1,False,0.0,428.0,2.0,1,0,1,[1. 1.],[2 1],1.0,1,0.6,0.7,0.30000000000000004,[1. 1.]
855,2.0,856,0,False,1.0,428.0,0.0,1,1,0,[0. 1.],[2 1],1.0,1,0.6,0.7,0.30000000000000004,[1. 1.]
856,0.0,857,1,False,0.0,429.0,2.0,1,0,1,[0. 1.],[2 1],1.0,1,0.6,0.7,0.30000000000000004,[1. 1.]
857,2.0,858,0,False,1.0,429.0,0.0,1,1,0,[0. 1.],[2 1],1.0,1,0.6,0.7,0.30000000000000004,[1. 1.]
858,0.0,859,1,False,0.0,430.0,2.0,1,0,1,[0. 1.],[2 1],1.0,1,0.6,0.7,0.30000000000000004,[1. 1.]
859,2.0,860,0,False,1.0,430.0,0.0,1,1,0,[0. 1.],[2 1],,1,0.6,0.7,0.30000000000000004,[1. 1.]
860,0.0,861,1,False,0.0,431.0,2.0,1,0,1,[0. 1.],[2 1],,1,0.6,0.7,0.30000000000000004,[1. 1.]
861,2.0,862,0,False,1.0,431.0,0.0,1,1,0,[0. 1.],[2 1],,1,0.6,0.7,0.30000000000000004,[1. 1.]
862,0.0,863,1,False,0.0,432.0,2.0,1,0,1,[0. 1.],[2 1],,1,0.6,0.7,0.30000000000000004,[1. 1.]
863,2.0,864,0,False,1.0,432.0,0.0,1,1,0,[0. 0.],[2 1],1.0,1,0.6,0.7,0.30000000000000004,[1. 1.]
864,0.0,865,1,False,0.0,433.0,2.0,1,0,1,[0. 0.],[2 1],1.0,1,0.6,0.7,0.30000000000000004,[1. 1.]
865,2.0,866,0,False,0.0,433.0,0.0,1,1,0,[0. 1.],[2 1],1.0,1,0.6,0.7,0.30000000000000004,[1. 1.]
866,0.0,867,1,False,0.0,434.0,2.0,1,0,1,[0. 1.],[2 1],1.0,1,0.6,0.7,0.30000000000000004,[1. 1.]
867,2.0,868,0,False,1.0,434.0,0.0,1,1,0,[1. 0.],[2 1],,1,0.6,0.7,0.30000000000000004,[1. 1.]
868,0.0,869,1,False,0.0,435.0,2.0,1,0,1,[1. 0.],[2 1],,1,0.6,0.7,0.30000000000000004,[1. 1.]
869,2.0,870,0,False,0.0,435.0,0.0,1,1,0,[0. 1.],[2 1],,1,0.6,0.7,0.30000000000000004,[1. 1.]
870,0.0,871,1,False,0.0,436.0,2.0,1,0,1,[0. 1.],[2 1],,1,0.6,0.7,0.30000000000000004,[1. 1.]
871,2.0,872,0,False,1.0,436.0,0.0,1,1,0,[0. 1.],[2 1],0.0,1,0.6,0.7,0.30000000000000004,[1. 1.]
872,0.0,873,1,False,0.0,437.0,1.0,1,0,1,[0. 1.],[2 1],0.0,1,0.6,0.7,0.30000000000000004,[1. 1.]
873,1.0,874,0,False,1.0,437.0,0.0,1,1,0,[1. 0.],[2 1],0.0,1,0.6,0.7,0.30000000000000004,[1. 1.]
874,0.0,875,1,False,0.0,438.0,1.0,1,0,1,[1. 0.],[2 1],0.0,1,0.6,0.7,0.30000000000000004,[1. 1.]
875,1.0,876,0,False,0.0,438.0,0.0,1,1,0,[1. 0.],[2 1],,1,0.6,0.7,0.30000000000000004,[1. 1.]
876,0.0,877,1,False,0.0,439.0,2.0,1,0,1,[1. 0.],[2 1],,1,0.6,0.7,0.30000000000000004,[1. 1.]
877,2.0,878,0,False,0.0,439.0,0.0,1,1,0,[0. 1.],[2 1],,1,0.6,0.7,0.30000000000000004,[1. 1.]
878,0.0,879,1,False,0.0,440.0,2.0,1,0,1,[0. 1.],[2 1],,1,0.6,0.7,0.30000000000000004,[1. 1.]
879,2.0,880,0,False,1.0,440.0,0.0,1,1,0,[0. 1.],[2 1],1.0,1,0.6,0.7,0.30000000000000004,[1. 1.]
880,0.0,881,1,False,0.0,441.0,2.0,1,0,1,[0. 1.],[2 1],1.0,1,0.6,0.7,0.30000000000000004,[1. 1.]
881,2.0,882,0,False,1.0,441.0,0.0,1,1,0,[0. 1.],[2 1],,1,0.6,0.7,0.30000000000000004,[1. 1.]
882,0.0,883,1,False,0.0,442.0,2.0,1,0,1,[0. 1.],[2 1],,1,0.6,0.7,0.30000000000000004,[1. 1.]
883,2.0,884,0,False,1.0,442.0,0.0,1,1,0,[0. 1.],[2 1],0.0,1,0.6,0.7,0.30000000000000004,[1. 1.]
884,0.0,885,1,False,0.0,443.0,1.0,1,0,1,[0. 1.],[2 1],0.0,1,0.6,0.7,0.30000000000000004,[1. 1.]
885,1.0,886,0,False,1.0,443.0,0.0,1,1,0,[1. 1.],[2 1],0.0,1,0.6,0.7,0.30000000000000004,[1. 1.]
886,0.0,887,1,False,0.0,444.0,1.0,1,0,1,[1. 1.],[2 1],0.0,1,0.6,0.7,0.30000000000000004,[1. 1.]
887,1.0,888,0,False,1.0,444.0,0.0,1,1,0,[0. 1.],[2 1],,1,0.6,0.7,0.30000000000000004,[1. 1.]
888,0.0,889,1,False,0.0,445.0,2.0,1,0,1,[0. 1.],[2 1],,1,0.6,0.7,0.30000000000000004,[1. 1.]
889,2.0,890,0,False,1.0,445.0,0.0,1,1,0,[0. 0.],[2 1],,1,0.6,0.7,0.30000000000000004,[1. 1.]
890,0.0,891,1,False,0.0,446.0,2.0,1,0,1,[0. 0.],[2 1],,1,0.6,0.7,0.30000000000000004,[1. 1.]
891,2.0,892,0,False,0.0,446.0,0.0,1,1,0,[0. 0.],[2 1],,1,0.6,0.7,0.30000000000000004,[1. 1.]
892,0.0,893,1,False,0.0,447.0,2.0,1,0,1,[0. 0.],[2 1],,1,0.6,0.7,0.30000000000000004,[1. 1.]
893,2.0,894,0,False,0.0,447.0,0.0,1,1,0,[0. 0.],[2 1],,1,0.6,0.7,0.30000000000000004,[1. 1.]
894,0.0,895,1,False,0.0,448.0,2.0,1,0,1,[0. 0.],[2 1],,1,0.6,0.7,0.30000000000000004,[1. 1.]
895,2.0,896,0,False,0.0,448.0,0.0,1,1,0,[1. 1.],[2 1],,1,0.6,0.7,0.30000000000000004,[1. 1.]
896,0.0,897,1,False,0.0,449.0,2.0,1,0,1,[1. 1.],[2 1],,1,0.6,0.7,0.30000000000000004,[1. 1.]
897,2.0,898,0,False,1.0,449.0,0.0,1,1,0,[1. 0.],[2 1],1.0,1,0.6,0.7,0.30000000000000004,[1. 1.]
898,0.0,899,1,False,0.0,450.0,2.0,1,0,1,[1. 0.],[2 1],1.0,1,0.6,0.7,0.30000000000000004,[1. 1.]
899,2.0,900,0,False,0.0,450.0,0.0,1,1,0,[1. 0.],[2 1],1.0,1,0.6,0.7,0.30000000000000004,[1. 1.]
900,0.0,901,1,False,0.0,451.0,2.0,1,0,1,[1. 0.],[2 1],1.0,1,0.6,0.7,0.30000000000000004,[1. 1.]
901,2.0,902,0,False,0.0,451.0,0.0,1,1,0,[0. 1.],[2 1],0.0,1,0.6,0.7,0.30000000000000004,[1. 1.]
902,0.0,903,1,False,0.0,452.0,1.0,1,0,1,[0. 1.],[2 1],0.0,1,0.6,0.7,0.30000000000000004,[1. 1.]
903,1.0,904,0,False,1.0,452.0,0.0,1,1,0,[1. 1.],[2 1],,1,0.6,0.7,0.30000000000000004,[1. 1.]
904,0.0,905,1,False,0.0,453.0,2.0,1,0,1,[1. 1.],[2 1],,1,0.6,0.7,0.30000000000000004,[1. 1.]
905,2.0,906,0,False,1.0,453.0,0.0,1,1,0,[1. 0.],[2 1],,1,0.6,0.7,0.30000000000000004,[1. 1.]
906,0.0,907,1,False,0.0,454.0,2.0,1,0,1,[1. 0.],[2 1],,1,0.6,0.7,0.30000000000000004,[1. 1.]
907,2.0,908,0,False,0.0,454.0,0.0,1,1,0,[1. 0.],[2 1],,1,0.6,0.7,0.30000000000000004,[1. 1.]
908,0.0,909,1,False,0.0,455.0,2.0,1,0,1,[1. 0.],[2 1],,1,0.6,0.7,0.30000000000000004,[1. 1.]
909,2.0,910,0,False,0.0,455.0,0.0,1,1,0,[0. 1.],[2 1],0.0,1,0.6,0.7,0.30000000000000004,[1. 1.]
910,0.0,911,1,False,0.0,456.0,1.0,1,0,1,[0. 1.],[2 1],0.0,1,0.6,0.7,0.30000000000000004,[1. 1.]
911,1.0,912,0,False,1.0,456.0,0.0,1,1,0,[0. 1.],[2 1],0.0,1,0.6,0.7,0.30000000000000004,[1. 1.]
912,0.0,913,1,False,0.0,457.0,1.0,1,0,1,[0. 1.],[2 1],0.0,1,0.6,0.7,0.30000000000000004,[1. 1.]
913,1.0,914,0,False,1.0,457.0,0.0,1,1,0,[1. 1.],[2 1],,1,0.6,0.7,0.30000000000000004,[1. 1.]
914,0.0,915,1,False,0.0,458.0,2.0,1,0,1,[1. 1.],[2 1],,1,0.6,0.7,0.30000000000000004,[1. 1.]
915,2.0,916,0,False,1.0,458.0,0.0,1,1,0,[0. 1.],[2 1],,1,0.6,0.7,0.30000000000000004,[1. 1.]
916,0.0,917,1,False,0.0,459.0,2.0,1,0,1,[0. 1.],[2 1],,1,0.6,0.7,0.30000000000000004,[1. 1.]
917,2.0,918,0,False,1.0,459.0,0.0,1,1,0,[1. 1.],[2 1],,1,0.6,0.7,0.30000000000000004,[1. 1.]
918,0.0,919,1,False,0.0,460.0,2.0,1,0,1,[1. 1.],[2 1],,1,0.6,0.7,0.30000000000000004,[1. 1.]
919,2.0,920,0,False,1.0,460.0,0.0,1,1,0,[0. 0.],[2 1],,1,0.6,0.7,0.30000000000000004,[1. 1.]
920,0.0,921,1,False,0.0,461.0,2.0,1,0,1,[0. 0.],[2 1],,1,0.6,0.7,0.30000000000000004,[1. 1.]
921,2.0,922,0,False,0.0,461.0,0.0,1,1,0,[0. 0.],[2 1],,1,0.6,0.7,0.30000000000000004,[1. 1.]
922,0.0,923,1,False,0.0,462.0,2.0,1,0,1,[0. 0.],[2 1],,1,0.6,0.7,0.30000000000000004,[1. 1.]
923,2.0,924,0,False,0.0,462.0,0.0,1,1,0,[0. 1.],[2 1],0.0,1,0.6,0.7,0.30000000000000004,[1. 1.]
924,0.0,925,1,False,0.0,463.0,1.0,1,0,1,[0. 1.],[2 1],0.0,1,0.6,0.7,0.30000000000000004,[1. 1.]
925,1.0,926,0,False,1.0,463.0,0.0,1,1,0,[0. 0.],[2 1],,1,0.6,0.7,0.30000000000000004,[1. 1.]
926,0.0,927,1,False,0.0,464.0,2.0,1,0,1,[0. 0.],[2 1],,1,0.6,0.7,0.30000000000000004,[1. 1.]
927,2.0,928,0,False,0.0,464.0,0.0,1,1,0,[0. 0.],[2 1],1.0,1,0.6,0.7,0.30000000000000004,[1. 1.]
928,0.0,929,1,False,0.0,465.0,2.0,1,0,1,[0. 0.],[2 1],1.0,1,0.6,0.7,0.30000000000000004,[1. 1.]
929,2.0,930,0,False,0.0,465.0,0.0,1,1,0,[0. 1.],[2 1],0.0,1,0.6,0.7,0.30000000000000004,[1. 1.]
930,0.0,931,1,False,0.0,466.0,1.0,1,0,1,[0. 1.],[2 1],0.0,1,0.6,0.7,0.30000000000000004,[1. 1.]
931,1.0,932,0,False,1.0,466.0,0.0,1,1,0,[0. 1.],[2 1],,1,0.6,0.7,0.30000000000000004,[1. 1.]
932,0.0,933,1,False,0.0,467.0,2.0,1,0,1,[0. 1.],[2 1],,1,0.6,0.7,0.30000000000000004,[1. 1.]
933,2.0,934,0,False,1.0,467.0,0.0,1,1,0,[0. 1.],[2 1],0.0,1,0.6,0.7,0.30000000000000004,[1. 1.]
934,0.0,935,1,False,0.0,468.0,1.0,1,0,1,[0. 1.],[2 1],0.0,1,0.6,0.7,0.30000000000000004,[1. 1.]
935,1.0,936,0,False,1.0,468.0,0.0,1,1,0,[0. 0.],[2 1],,1,0.6,0.7,0.30000000000000004,[1. 1.]
936,0.0,937,1,False,0.0,469.0,2.0,1,0,1,[0. 0.],[2 1],,1,0.6,0.7,0.30000000000000004,[1. 1.]
937,2.0,938,0,False,0.0,469.0,0.0,1,1,0,[0. 0.],[2 1],1.0,1,0.6,0.7,0.30000000000000004,[1. 1.]
938,0.0,939,1,False,0.0,470.0,2.0,1,0,1,[0. 0.],[2 1],1.0,1,0.6,0.7,0.30000000000000004,[1. 1.]
939,2.0,940,0,False,0.0,470.0,0.0,1,1,0,[0. 1.],[2 1],0.0,1,0.6,0.7,0.30000000000000004,[1. 1.]
940,0.0,941,1,False,0.0,471.0,1.0,1,0,1,[0. 1.],[2 1],0.0,1,0.6,0.7,0.30000000000000004,[1. 1.]
941,1.0,942,0,False,1.0,471.0,0.0,1,1,0,[1. 1.],[2 1],,1,0.6,0.7,0.30000000000000004,[1. 1.]
942,0.0,943,1,False,0.0,472.0,2.0,1,0,1,[1. 1.],[2 1],,1,0.6,0.7,0.30000000000000004,[1. 1.]
943,2.0,944,0,False,1.0,472.0,0.0,1,1,0,[0. 1.],[2 1],,1,0.6,0.7,0.30000000000000004,[1. 1.]
944,0.0,945,1,False,0.0,473.0,2.0,1,0,1,[0. 1.],[2 1],,1,0.6,0.7,0.30000000000000004,[1. 1.]
945,2.0,946,0,False,1.0,473.0,0.0,1,1,0,[1. 0.],[2 1],,1,0.6,0.7,0.30000000000000004,[1. 1.]
946,0.0,947,1,False,0.0,474.0,2.0,1,0,1,[1. 0.],[2 1],,1,0.6,0.7,0.30000000000000004,[1. 1.]
947,2.0,948,0,False,0.0,474.0,0.0,1,1,0,[0. 1.],[2 1],0.0,1,0.6,0.7,0.30000000000000004,[1. 1.]
948,0.0,949,1,False,0.0,475.0,1.0,1,0,1,[0. 1.],[2 1],0.0,1,0.6,0.7,0.30000000000000004,[1. 1.]
949,1.0,950,0,False,1.0,475.0,0.0,1,1,0,[0. 1.],[1 2],,1,0.6,0.7,0.30000000000000004,[1. 1.]
950,0.0,951,1,False,0.0,476.0,1.0,1,0,1,[0. 1.],[1 2],,1,0.6,0.7,0.30000000000000004,[1. 1.]
951,1.0,952,0,False,0.0,476.0,0.0,1,1,0,[0. 1.],[1 2],,1,0.6,0.7,0.30000000000000004,[1. 1.]
952,0.0,953,1,False,0.0,477.0,1.0,1,0,1,[0. 1.],[1 2],,1,0.6,0.7,0.30000000000000004,[1. 1.]
953,1.0,954,0,False,0.0,477.0,0.0,1,1,0,[0. 1.],[1 2],1.0,1,0.6,0.7,0.30000000000000004,[1. 1.]
954,0.0,955,1,False,0.0,478.0,2.0,1,0,2,[0. 1.],[1 2],1.0,1,0.6,0.7,0.30000000000000004,[1. 1.]
955,2.0,956,0,False,1.0,478.0,0.0,1,1,0,[1. 1.],[1 2],0.0,1,0.6,0.7,0.30000000000000004,[1. 1.]
956,0.0,957,1,False,0.0,479.0,1.0,1,0,2,[1. 1.],[1 2],0.0,1,0.6,0.7,0.30000000000000004,[1. 1.]
957,1.0,958,0,False,1.0,479.0,0.0,1,1,0,[0. 0.],[1 2],0.0,0,0.6,0.7,0.30000000000000004,[1. 1.]
958,0.0,959,1,False,0.0,480.0,1.0,1,0,2,[0. 0.],[1 2],0.0,0,0.6,0.7,0.30000000000000004,[1. 1.]
959,1.0,960,0,False,0.0,480.0,0.0,1,1,0,[1. 1.],[1 2],1.0,0,0.6,0.7,0.30000000000000004,[1. 1.]
960,0.0,961,1,False,0.0,481.0,2.0,1,0,2,[1. 1.],[1 2],1.0,0,0.6,0.7,0.30000000000000004,[1. 1.]
961,2.0,962,0,False,1.0,481.0,0.0,1,1,0,[0. 0.],[1 2],0.0,0,0.6,0.7,0.30000000000000004,[1. 1.]
962,0.0,963,1,False,0.0,482.0,1.0,1,0,2,[0. 0.],[1 2],0.0,0,0.6,0.7,0.30000000000000004,[1. 1.]
963,1.0,964,0,False,0.0,482.0,0.0,1,1,0,[0. 0.],[1 2],0.0,0,0.6,0.7,0.30000000000000004,[1. 1.]
964,0.0,965,1,False,0.0,483.0,1.0,1,0,2,[0. 0.],[1 2],0.0,0,0.6,0.7,0.30000000000000004,[1. 1.]
965,1.0,966,0,False,0.0,483.0,0.0,1,1,0,[0. 0.],[1 2],0.0,0,0.6,0.7,0.30000000000000004,[1. 1.]
966,0.0,967,1,False,0.0,484.0,1.0,1,0,1,[0. 0.],[1 2],0.0,0,0.6,0.7,0.30000000000000004,[1. 1.]
967,1.0,968,0,False,0.0,484.0,0.0,1,1,0,[1. 0.],[1 2],,0,0.6,0.7,0.30000000000000004,[1. 1.]
968,0.0,969,1,False,0.0,485.0,2.0,1,0,2,[1. 0.],[1 2],,0,0.6,0.7,0.30000000000000004,[1. 1.]
969,2.0,970,0,False,0.0,485.0,0.0,1,1,0,[1. 0.],[1 2],,0,0.6,0.7,0.30000000000000004,[1. 1.]
970,0.0,971,1,False,0.0,486.0,1.0,1,0,1,[1. 0.],[1 2],,0,0.6,0.7,0.30000000000000004,[1. 1.]
971,1.0,972,0,False,1.0,486.0,0.0,1,1,0,[0. 0.],[1 2],0.0,0,0.6,0.7,0.30000000000000004,[1. 1.]
972,0.0,973,1,False,0.0,487.0,1.0,1,0,1,[0. 0.],[1 2],0.0,0,0.6,0.7,0.30000000000000004,[1. 1.]
973,1.0,974,0,False,0.0,487.0,0.0,1,1,0,[1. 0.],[1 2],,0,0.6,0.7,0.30000000000000004,[1. 1.]
974,0.0,975,1,False,0.0,488.0,1.0,1,0,1,[1. 0.],[1 2],,0,0.6,0.7,0.30000000000000004,[1. 1.]
975,1.0,976,0,False,1.0,488.0,0.0,1,1,0,[1. 0.],[1 2],0.0,0,0.6,0.7,0.30000000000000004,[1. 1.]
976,0.0,977,1,False,0.0,489.0,1.0,1,0,1,[1. 0.],[1 2],0.0,0,0.6,0.7,0.30000000000000004,[1. 1.]
977,1.0,978,0,False,1.0,489.0,0.0,1,1,0,[0. 0.],[1 2],,0,0.6,0.7,0.30000000000000004,[1. 1.]
978,0.0,979,1,False,0.0,490.0,1.0,1,0,1,[0. 0.],[1 2],,0,0.6,0.7,0.30000000000000004,[1. 1.]
979,1.0,980,0,False,0.0,490.0,0.0,1,1,0,[0. 0.],[1 2],1.0,0,0.6,0.7,0.30000000000000004,[1. 1.]
980,0.0,981,1,False,0.0,491.0,2.0,1,0,1,[0. 0.],[1 2],1.0,0,0.6,0.7,0.30000000000000004,[1. 1.]
981,2.0,982,0,False,0.0,491.0,0.0,1,1,0,[1. 0.],[1 2],,0,0.6,0.7,0.30000000000000004,[1. 1.]
982,0.0,983,1,False,0.0,492.0,2.0,1,0,2,[1. 0.],[1 2],,0,0.6,0.7,0.30000000000000004,[1. 1.]
983,2.0,984,0,False,0.0,492.0,0.0,1,1,0,[1. 1.],[1 2],0.0,0,0.6,0.7,0.30000000000000004,[1. 1.]
984,0.0,985,1,False,0.0,493.0,1.0,1,0,2,[1. 1.],[1 2],0.0,0,0.6,0.7,0.30000000000000004,[1. 1.]
985,1.0,986,0,False,1.0,493.0,0.0,1,1,0,[1. 0.],[1 2],0.0,0,0.6,0.7,0.30000000000000004,[1. 1.]
986,0.0,987,1,False,0.0,494.0,1.0,1,0,2,[1. 0.],[1 2],0.0,0,0.6,0.7,0.30000000000000004,[1. 1.]
987,1.0,988,0,False,0.0,494.0,0.0,1,1,0,[1. 1.],[1 2],,0,0.6,0.7,0.30000000000000004,[1. 1.]
988,0.0,989,1,False,0.0,495.0,1.0,1,0,1,[1. 1.],[1 2],,0,0.6,0.7,0.30000000000000004,[1. 1.]
989,1.0,990,0,False,1.0,495.0,0.0,1,1,0,[0. 1.],[1 2],1.0,0,0.6,0.7,0.30000000000000004,[1. 1.]
990,0.0,991,1,False,0.0,496.0,2.0,1,0,1,[0. 1.],[1 2],1.0,0,0.6,0.7,0.30000000000000004,[1. 1.]
991,2.0,992,0,False,0.0,496.0,0.0,1,1,0,[0. 0.],[1 2],0.0,0,0.6,0.7,0.30000000000000004,[1. 1.]
992,0.0,993,1,False,0.0,497.0,1.0,1,0,1,[0. 0.],[1 2],0.0,0,0.6,0.7,0.30000000000000004,[1. 1.]
993,1.0,994,0,False,0.0,497.0,0.0,1,1,0,[1. 0.],[1 2],1.0,0,0.6,0.7,0.30000000000000004,[1. 1.]
994,0.0,995,1,False,0.0,498.0,2.0,1,0,2,[1. 0.],[1 2],1.0,0,0.6,0.7,0.30000000000000004,[1. 1.]
995,2.0,996,0,False,0.0,498.0,0.0,1,1,0,[1. 0.],[1 2],,0,0.6,0.7,0.30000000000000004,[1. 1.]
996,0.0,997,1,False,0.0,499.0,1.0,1,0,1,[1. 0.],[1 2],,0,0.6,0.7,0.30000000000000004,[1. 1.]
997,1.0,998,0,False,1.0,499.0,0.0,1,1,0,[1. 1.],[1 2],1.0,0,0.6,0.7,0.30000000000000004,[1. 1.]
998,0.0,999,1,False,0.0,500.0,2.0,1,0,1,[1. 1.],[1 2],1.0,0,0.6,0.7,0.30000000000000004,[1. 1.]
999,2.0,1000,0,False,1.0,500.0,0.0,1,1,0,[0. 1.],[1 2],,0,0.6,0.7,0.30000000000000004,[1. 1.]
1000,0.0,1001,1,False,0.0,501.0,1.0,1,0,1,[0. 1.],[1 2],,0,0.6,0.7,0.30000000000000004,[1. 1.]
1001,1.0,1002,0,False,0.0,501.0,0.0,1,1,0,[1. 0.],[1 2],,0,0.6,0.7,0.30000000000000004,[1. 1.]
1002,0.0,1003,1,False,0.0,502.0,1.0,1,0,1,[1. 0.],[1 2],,0,0.6,0.7,0.30000000000000004,[1. 1.]
1003,1.0,1004,0,False,1.0,502.0,0.0,1,1,0,[1. 0.],[1 2],,0,0.6,0.7,0.30000000000000004,[1. 1.]
1004,0.0,1005,1,False,0.0,503.0,1.0,1,0,1,[1. 0.],[1 2],,0,0.6,0.7,0.30000000000000004,[1. 1.]
1005,1.0,1006,0,False,1.0,503.0,0.0,1,1,0,[0. 1.],[1 2],,1,0.6,0.7,0.30000000000000004,[1. 1.]
1006,0.0,1007,1,False,0.0,504.0,1.0,1,0,1,[0. 1.],[1 2],,1,0.6,0.7,0.30000000000000004,[1. 1.]
1007,1.0,1008,0,False,0.0,504.0,0.0,1,1,0,[0. 1.],[1 2],0.0,1,0.6,0.7,0.30000000000000004,[1. 1.]
1008,0.0,1009,1,False,0.0,505.0,1.0,1,0,1,[0. 1.],[1 2],0.0,1,0.6,0.7,0.30000000000000004,[1. 1.]
1009,1.0,1010,0,False,0.0,505.0,0.0,1,1,0,[0. 1.],[1 2],1.0,1,0.6,0.7,0.30000000000000004,[1. 1.]
1010,0.0,1011,1,False,0.0,506.0,2.0,1,0,2,[0. 1.],[1 2],1.0,1,0.6,0.7,0.30000000000000004,[1. 1.]
1011,2.0,1012,0,False,1.0,506.0,0.0,1,1,0,[0. 1.],[1 2],1.0,1,0.6,0.7,0.30000000000000004,[1. 1.]
1012,0.0,1013,1,False,0.0,507.0,2.0,1,0,2,[0. 1.],[1 2],1.0,1,0.6,0.7,0.30000000000000004,[1. 1.]
1013,2.0,1014,0,False,1.0,507.0,0.0,1,1,0,[0. 1.],[1 2],1.0,1,0.6,0.7,0.30000000000000004,[1. 1.]
1014,0.0,1015,1,False,0.0,508.0,2.0,1,0,2,[0. 1.],[1 2],1.0,1,0.6,0.7,0.30000000000000004,[1. 1.]
1015,2.0,1016,0,False,1.0,508.0,0.0,1,1,0,[0. 1.],[1 2],0.0,1,0.6,0.7,0.30000000000000004,[1. 1.]
1016,0.0,1017,1,False,0.0,509.0,1.0,1,0,2,[0. 1.],[1 2],0.0,1,0.6,0.7,0.30000000000000004,[1. 1.]
1017,1.0,1018,0,False,1.0,509.0,0.0,1,1,0,[1. 0.],[1 2],,1,0.6,0.7,0.30000000000000004,[1. 1.]
1018,0.0,1019,1,False,0.0,510.0,2.0,1,0,2,[1. 0.],[1 2],,1,0.6,0.7,0.30000000000000004,[1. 1.]
1019,2.0,1020,0,False,0.0,510.0,0.0,1,1,0,[1. 1.],[1 2],0.0,1,0.6,0.7,0.30000000000000004,[1. 1.]
1020,0.0,1021,1,False,0.0,511.0,1.0,1,0,2,[1. 1.],[1 2],0.0,1,0.6,0.7,0.30000000000000004,[1. 1.]
1021,1.0,1022,0,False,1.0,511.0,0.0,1,1,0,[1. 1.],[1 2],0.0,1,0.6,0.7,0.30000000000000004,[1. 1.]
1022,0.0,1023,1,False,0.0,512.0,1.0,1,0,2,[1. 1.],[1 2],0.0,1,0.6,0.7,0.30000000000000004,[1. 1.]
1023,1.0,1024,0,False,1.0,512.0,0.0,1,1,0,[0. 1.],[1 2],,1,0.6,0.7,0.30000000000000004,[1. 1.]
1024,0.0,1025,1,False,0.0,513.0,2.0,1,0,2,[0. 1.],[1 2],,1,0.6,0.7,0.30000000000000004,[1. 1.]
1025,2.0,1026,0,False,1.0,513.0,0.0,1,1,0,[1. 1.],[1 2],1.0,1,0.6,0.7,0.30000000000000004,[1. 1.]
1026,0.0,1027,1,False,0.0,514.0,2.0,1,0,2,[1. 1.],[1 2],1.0,1,0.6,0.7,0.30000000000000004,[1. 1.]
1027,2.0,1028,0,False,1.0,514.0,0.0,1,1,0,[1. 1.],[1 2],0.0,1,0.6,0.7,0.30000000000000004,[1. 1.]
1028,0.0,1029,1,False,0.0,515.0,1.0,1,0,2,[1. 1.],[1 2],0.0,1,0.6,0.7,0.30000000000000004,[1. 1.]
1029,1.0,1030,0,False,1.0,515.0,0.0,1,1,0,[1. 0.],[1 2],1.0,1,0.6,0.7,0.30000000000000004,[1. 1.]
1030,0.0,1031,1,False,0.0,516.0,2.0,1,0,2,[1. 0.],[1 2],1.0,1,0.6,0.7,0.30000000000000004,[1. 1.]
1031,2.0,1032,0,False,0.0,516.0,0.0,1,1,0,[1. 0.],[1 2],0.0,0,0.6,0.7,0.30000000000000004,[1. 1.]
1032,0.0,1033,1,False,0.0,517.0,1.0,1,0,2,[1. 0.],[1 2],0.0,0,0.6,0.7,0.30000000000000004,[1. 1.]
1033,1.0,1034,0,False,0.0,517.0,0.0,1,1,0,[0. 0.],[1 2],1.0,0,0.6,0.7,0.30000000000000004,[1. 1.]
1034,0.0,1035,1,False,0.0,518.0,2.0,1,0,2,[0. 0.],[1 2],1.0,0,0.6,0.7,0.30000000000000004,[1. 1.]
1035,2.0,1036,0,False,0.0,518.0,0.0,1,1,0,[0. 0.],[1 2],0.0,0,0.6,0.7,0.30000000000000004,[1. 1.]
1036,0.0,1037,1,False,0.0,519.0,1.0,1,0,2,[0. 0.],[1 2],0.0,0,0.6,0.7,0.30000000000000004,[1. 1.]
1037,1.0,1038,0,False,0.0,519.0,0.0,1,1,0,[0. 0.],[1 2],,0,0.6,0.7,0.30000000000000004,[1. 1.]
1038,0.0,1039,1,False,0.0,520.0,1.0,1,0,1,[0. 0.],[1 2],,0,0.6,0.7,0.30000000000000004,[1. 1.]
1039,1.0,1040,0,False,0.0,520.0,0.0,1,1,0,[0. 1.],[1 2],,0,0.6,0.7,0.30000000000000004,[1. 1.]
1040,0.0,1041,1,False,0.0,521.0,2.0,1,0,2,[0. 1.],[1 2],,0,0.6,0.7,0.30000000000000004,[1. 1.]
1041,2.0,1042,0,False,1.0,521.0,0.0,1,1,0,[0. 0.],[1 2],0.0,0,0.6,0.7,0.30000000000000004,[1. 1.]
1042,0.0,1043,1,False,0.0,522.0,1.0,1,0,2,[0. 0.],[1 2],0.0,0,0.6,0.7,0.30000000000000004,[1. 1.]
1043,1.0,1044,0,False,0.0,522.0,0.0,1,1,0,[1. 0.],[1 2],0.0,0,0.6,0.7,0.30000000000000004,[1. 1.]
1044,0.0,1045,1,False,0.0,523.0,1.0,1,0,2,[1. 0.],[1 2],0.0,0,0.6,0.7,0.30000000000000004,[1. 1.]
1045,1.0,1046,0,False,0.0,523.0,0.0,1,1,0,[1. 0.],[1 2],0.0,0,0.6,0.7,0.30000000000000004,[1. 1.]
1046,0.0,1047,1,False,0.0,524.0,1.0,1,0,1,[1. 0.],[1 2],0.0,0,0.6,0.7,0.30000000000000004,[1. 1.]
1047,1.0,1048,0,False,1.0,524.0,0.0,1,1,0,[1. 0.],[1 2],1.0,0,0.6,0.7,0.30000000000000004,[1. 1.]
1048,0.0,1049,1,False,0.0,525.0,2.0,1,0,1,[1. 0.],[1 2],1.0,0,0.6,0.7,0.30000000000000004,[1. 1.]
1049,2.0,1050,0,False,1.0,525.0,0.0,1,1,0,[1. 0.],[1 2],0.0,0,0.6,0.7,0.30000000000000004,[1. 1.]
1050,0.0,1051,1,False,0.0,526.0,1.0,1,0,1,[1. 0.],[1 2],0.0,0,0.6,0.7,0.30000000000000004,[1. 1.]
1051,1.0,1052,0,False,1.0,526.0,0.0,1,1,0,[1. 1.],[1 2],,0,0.6,0.7,0.30000000000000004,[1. 1.]
1052,0.0,1053,1,False,0.0,527.0,1.0,1,0,1,[1. 1.],[1 2],,0,0.6,0.7,0.30000000000000004,[1. 1.]
1053,1.0,1054,0,False,1.0,527.0,0.0,1,1,0,[1. 0.],[1 2],0.0,0,0.6,0.7,0.30000000000000004,[1. 1.]
1054,0.0,1055,1,False,0.0,528.0,1.0,1,0,1,[1. 0.],[1 2],0.0,0,0.6,0.7,0.30000000000000004,[1. 1.]
1055,1.0,1056,0,False,1.0,528.0,0.0,1,1,0,[1. 0.],[2 1],,0,0.6,0.7,0.30000000000000004,[1. 1.]
1056,0.0,1057,1,False,0.0,529.0,2.0,1,0,1,[1. 0.],[2 1],,0,0.6,0.7,0.30000000000000004,[1. 1.]
1057,2.0,1058,0,False,0.0,529.0,0.0,1,1,0,[1. 1.],[2 1],0.0,0,0.6,0.7,0.30000000000000004,[1. 1.]
1058,0.0,1059,1,False,0.0,530.0,1.0,1,0,1,[1. 1.],[2 1],0.0,0,0.6,0.7,0.30000000000000004,[1. 1.]
1059,1.0,1060,0,False,1.0,530.0,0.0,1,1,0,[1. 0.],[2 1],,0,0.6,0.7,0.30000000000000004,[1. 1.]
1060,0.0,1061,1,False,0.0,531.0,2.0,1,0,1,[1. 0.],[2 1],,0,0.6,0.7,0.30000000000000004,[1. 1.]
1061,2.0,1062,0,False,0.0,531.0,0.0,1,1,0,[0. 1.],[2 1],,0,0.6,0.7,0.30000000000000004,[1. 1.]
1062,0.0,1063,1,False,0.0,532.0,2.0,1,0,1,[0. 1.],[2 1],,0,0.6,0.7,0.30000000000000004,[1. 1.]
1063,2.0,1064,0,False,1.0,532.0,0.0,1,1,0,[1. 0.],[2 1],,0,0.6,0.7,0.30000000000000004,[1. 1.]
1064,0.0,1065,1,False,0.0,533.0,2.0,1,0,1,[1. 0.],[2 1],,0,0.6,0.7,0.30000000000000004,[1. 1.]
1065,2.0,1066,0,False,0.0,533.0,0.0,1,1,0,[1. 0.],[2 1],0.0,0,0.6,0.7,0.30000000000000004,[1. 1.]
1066,0.0,1067,1,False,0.0,534.0,1.0,1,0,1,[1. 0.],[2 1],0.0,0,0.6,0.7,0.30000000000000004,[1. 1.]
1067,1.0,1068,0,False,0.0,534.0,0.0,1,1,0,[0. 1.],[2 1],,0,0.6,0.7,0.30000000000000004,[1. 1.]
1068,0.0,1069,1,False,0.0,535.0,2.0,1,0,1,[0. 1.],[2 1],,0,0.6,0.7,0.30000000000000004,[1. 1.]
1069,2.0,1070,0,False,1.0,535.0,0.0,1,1,0,[0. 1.],[2 1],1.0,0,0.6,0.7,0.30000000000000004,[1. 1.]
1070,0.0,1071,1,False,0.0,536.0,2.0,1,0,1,[0. 1.],[2 1],1.0,0,0.6,0.7,0.30000000000000004,[1. 1.]
1071,2.0,1072,0,False,1.0,536.0,0.0,1,1,0,[1. 1.],[2 1],,0,0.6,0.7,0.30000000000000004,[1. 1.]
1072,0.0,1073,1,False,0.0,537.0,2.0,1,0,1,[1. 1.],[2 1],,0,0.6,0.7,0.30000000000000004,[1. 1.]
1073,2.0,1074,0,False,1.0,537.0,0.0,1,1,0,[0. 0.],[2 1],1.0,0,0.6,0.7,0.30000000000000004,[1. 1.]
1074,0.0,1075,1,False,0.0,538.0,2.0,1,0,1,[0. 0.],[2 1],1.0,0,0.6,0.7,0.30000000000000004,[1. 1.]
1075,2.0,1076,0,False,0.0,538.0,0.0,1,1,0,[0. 0.],[2 1],,0,0.6,0.7,0.30000000000000004,[1. 1.]
1076,0.0,1077,1,False,0.0,539.0,2.0,1,0,1,[0. 0.],[2 1],,0,0.6,0.7,0.30000000000000004,[1. 1.]
1077,2.0,1078,0,False,0.0,539.0,0.0,1,1,0,[0. 0.],[2 1],1.0,0,0.6,0.7,0.30000000000000004,[1. 1.]
1078,0.0,1079,1,False,0.0,540.0,2.0,1,0,1,[0. 0.],[2 1],1.0,0,0.6,0.7,0.30000000000000004,[1. 1.]
1079,2.0,1080,0,False,0.0,540.0,0.0,1,1,0,[1. 0.],[2 1],,0,0.6,0.7,0.30000000000000004,[1. 1.]
1080,0.0,1081,1,False,0.0,541.0,2.0,1,0,1,[1. 0.],[2 1],,0,0.6,0.7,0.30000000000000004,[1. 1.]
1081,2.0,1082,0,False,0.0,541.0,0.0,1,1,0,[1. 0.],[2 1],,0,0.6,0.7,0.30000000000000004,[1. 1.]
1082,0.0,1083,1,False,0.0,542.0,2.0,1,0,1,[1. 0.],[2 1],,0,0.6,0.7,0.30000000000000004,[1. 1.]
1083,2.0,1084,0,False,0.0,542.0,0.0,1,1,0,[1. 1.],[2 1],0.0,0,0.6,0.7,0.30000000000000004,[1. 1.]
1084,0.0,1085,1,False,0.0,543.0,1.0,1,0,1,[1. 1.],[2 1],0.0,0,0.6,0.7,0.30000000000000004,[1. 1.]
1085,1.0,1086,0,False,1.0,543.0,0.0,1,1,0,[1. 0.],[2 1],1.0,0,0.6,0.7,0.30000000000000004,[1. 1.]
1086,0.0,1087,1,False,0.0,544.0,2.0,1,0,1,[1. 0.],[2 1],1.0,0,0.6,0.7,0.30000000000000004,[1. 1.]
1087,2.0,1088,0,False,0.0,544.0,0.0,1,1,0,[1. 0.],[2 1],0.0,0,0.6,0.7,0.30000000000000004,[1. 1.]
1088,0.0,1089,1,False,0.0,545.0,1.0,1,0,1,[1. 0.],[2 1],0.0,0,0.6,0.7,0.30000000000000004,[1. 1.]
1089,1.0,1090,0,False,0.0,545.0,0.0,1,1,0,[1. 1.],[2 1],0.0,0,0.6,0.7,0.30000000000000004,[1. 1.]
1090,0.0,1091,1,False,0.0,546.0,1.0,1,0,1,[1. 1.],[2 1],0.0,0,0.6,0.7,0.30000000000000004,[1. 1.]
1091,1.0,1092,0,False,1.0,546.0,0.0,1,1,0,[1. 0.],[2 1],,0,0.6,0.7,0.30000000000000004,[1. 1.]
1092,0.0,1093,1,False,0.0,547.0,2.0,1,0,1,[1. 0.],[2 1],,0,0.6,0.7,0.30000000000000004,[1. 1.]
1093,2.0,1094,0,False,0.0,547.0,0.0,1,1,0,[0. 0.],[2 1],0.0,0,0.6,0.7,0.30000000000000004,[1. 1.]
1094,0.0,1095,1,False,0.0,548.0,1.0,1,0,1,[0. 0.],[2 1],0.0,0,0.6,0.7,0.30000000000000004,[1. 1.]
1095,1.0,1096,0,False,0.0,548.0,0.0,1,1,0,[1. 0.],[2 1],,0,0.6,0.7,0.30000000000000004,[1. 1.]
1096,0.0,1097,1,False,0.0,549.0,1.0,1,0,2,[1. 0.],[2 1],,0,0.6,0.7,0.30000000000000004,[1. 1.]
1097,1.0,1098,0,False,1.0,549.0,0.0,1,1,0,[1. 0.],[2 1],0.0,0,0.6,0.7,0.30000000000000004,[1. 1.]
1098,0.0,1099,1,False,0.0,550.0,1.0,1,0,2,[1. 0.],[2 1],0.0,0,0.6,0.7,0.30000000000000004,[1. 1.]
1099,1.0,1100,0,False,1.0,550.0,0.0,1,1,0,[0. 1.],[2 1],0.0,0,0.6,0.7,0.30000000000000004,[1. 1.]
1100,0.0,1101,1,False,0.0,551.0,1.0,1,0,2,[0. 1.],[2 1],0.0,0,0.6,0.7,0.30000000000000004,[1. 1.]
1101,1.0,1102,0,False,0.0,551.0,0.0,1,1,0,[1. 1.],[2 1],0.0,0,0.6,0.7,0.30000000000000004,[1. 1.]
1102,0.0,1103,1,False,0.0,552.0,1.0,1,0,2,[1. 1.],[2 1],0.0,0,0.6,0.7,0.30000000000000004,[1. 1.]
1103,1.0,1104,0,False,1.0,552.0,0.0,1,1,0,[1. 0.],[2 1],1.0,0,0.6,0.7,0.30000000000000004,[1. 1.]
1104,0.0,1105,1,False,0.0,553.0,2.0,1,0,2,[1. 0.],[2 1],1.0,0,0.6,0.7,0.30000000000000004,[1. 1.]
1105,2.0,1106,0,False,1.0,553.0,0.0,1,1,0,[0. 0.],[2 1],,0,0.6,0.7,0.30000000000000004,[1. 1.]
1106,0.0,1107,1,False,0.0,554.0,1.0,1,0,2,[0. 0.],[2 1],,0,0.6,0.7,0.30000000000000004,[1. 1.]
1107,1.0,1108,0,False,0.0,554.0,0.0,1,1,0,[1. 1.],[2 1],,0,0.6,0.7,0.30000000000000004,[1. 1.]
1108,0.0,1109,1,False,0.0,555.0,1.0,1,0,2,[1. 1.],[2 1],,0,0.6,0.7,0.30000000000000004,[1. 1.]
1109,1.0,1110,0,False,1.0,555.0,0.0,1,1,0,[0. 0.],[2 1],0.0,0,0.6,0.7,0.30000000000000004,[1. 1.]
1110,0.0,1111,1,False,0.0,556.0,1.0,1,0,2,[0. 0.],[2 1],0.0,0,0.6,0.7,0.30000000000000004,[1. 1.]
1111,1.0,1112,0,False,0.0,556.0,0.0,1,1,0,[1. 0.],[2 1],,0,0.6,0.7,0.30000000000000004,[1. 1.]
1112,0.0,1113,1,False,0.0,557.0,1.0,1,0,2,[1. 0.],[2 1],,0,0.6,0.7,0.30000000000000004,[1. 1.]
1113,1.0,1114,0,False,1.0,557.0,0.0,1,1,0,[1. 0.],[2 1],,0,0.6,0.7,0.30000000000000004,[1. 1.]
1114,0.0,1115,1,False,0.0,558.0,1.0,1,0,2,[1. 0.],[2 1],,0,0.6,0.7,0.30000000000000004,[1. 1.]
1115,1.0,1116,0,False,1.0,558.0,0.0,1,1,0,[1. 1.],[2 1],,0,0.6,0.7,0.30000000000000004,[1. 1.]
1116,0.0,1117,1,False,0.0,559.0,1.0,1,0,2,[1. 1.],[2 1],,0,0.6,0.7,0.30000000000000004,[1. 1.]
1117,1.0,1118,0,False,1.0,559.0,0.0,1,1,0,[1. 0.],[2 1],1.0,0,0.6,0.7,0.30000000000000004,[1. 1.]
1118,0.0,1119,1,False,0.0,560.0,2.0,1,0,2,[1. 0.],[2 1],1.0,0,0.6,0.7,0.30000000000000004,[1. 1.]
1119,2.0,1120,0,False,1.0,560.0,0.0,1,1,0,[1. 1.],[2 1],0.0,0,0.6,0.7,0.30000000000000004,[1. 1.]
1120,0.0,1121,1,False,0.0,561.0,1.0,1,0,2,[1. 1.],[2 1],0.0,0,0.6,0.7,0.30000000000000004,[1. 1.]
1121,1.0,1122,0,False,1.0,561.0,0.0,1,1,0,[1. 0.],[2 1],0.0,0,0.6,0.7,0.30000000000000004,[1. 1.]
1122,0.0,1123,1,False,0.0,562.0,1.0,1,0,2,[1. 0.],[2 1],0.0,0,0.6,0.7,0.30000000000000004,[1. 1.]
1123,1.0,1124,0,False,1.0,562.0,0.0,1,1,0,[1. 1.],[2 1],,1,0.6,0.7,0.30000000000000004,[1. 1.]
1124,0.0,1125,1,False,0.0,563.0,1.0,1,0,2,[1. 1.],[2 1],,1,0.6,0.7,0.30000000000000004,[1. 1.]
1125,1.0,1126,0,False,1.0,563.0,0.0,1,1,0,[0. 1.],[2 1],0.0,1,0.6,0.7,0.30000000000000004,[1. 1.]
1126,0.0,1127,1,False,0.0,564.0,1.0,1,0,2,[0. 1.],[2 1],0.0,1,0.6,0.7,0.30000000000000004,[1. 1.]
1127,1.0,1128,0,False,0.0,564.0,0.0,1,1,0,[0. 1.],[2 1],1.0,1,0.6,0.7,0.30000000000000004,[1. 1.]
1128,0.0,1129,1,False,0.0,565.0,2.0,1,0,2,[0. 1.],[2 1],1.0,1,0.6,0.7,0.30000000000000004,[1. 1.]
1129,2.0,1130,0,False,0.0,565.0,0.0,1,1,0,[1. 1.],[1 2],0.0,1,0.6,0.7,0.30000000000000004,[1. 1.]
1130,0.0,1131,1,False,0.0,566.0,1.0,1,0,2,[1. 1.],[1 2],0.0,1,0.6,0.7,0.30000000000000004,[1. 1.]
1131,1.0,1132,0,False,1.0,566.0,0.0,1,1,0,[1. 0.],[1 2],,1,0.6,0.7,0.30000000000000004,[1. 1.]
1132,0.0,1133,1,False,0.0,567.0,2.0,1,0,2,[1. 0.],[1 2],,1,0.6,0.7,0.30000000000000004,[1. 1.]
1133,2.0,1134,0,False,0.0,567.0,0.0,1,1,0,[0. 1.],[1 2],0.0,1,0.6,0.7,0.30000000000000004,[1. 1.]
1134,0.0,1135,1,False,0.0,568.0,1.0,1,0,1,[0. 1.],[1 2],0.0,1,0.6,0.7,0.30000000000000004,[1. 1.]
1135,1.0,1136,0,False,0.0,568.0,0.0,1,1,0,[0. 0.],[1 2],,1,0.6,0.7,0.30000000000000004,[1. 1.]
1136,0.0,1137,1,False,0.0,569.0,1.0,1,0,1,[0. 0.],[1 2],,1,0.6,0.7,0.30000000000000004,[1. 1.]
1137,1.0,1138,0,False,0.0,569.0,0.0,1,1,0,[0. 1.],[1 2],,1,0.6,0.7,0.30000000000000004,[1. 1.]
1138,0.0,1139,1,False,0.0,570.0,1.0,1,0,1,[0. 1.],[1 2],,1,0.6,0.7,0.30000000000000004,[1. 1.]
1139,1.0,1140,0,False,0.0,570.0,0.0,1,1,0,[0. 1.],[1 2],1.0,1,0.6,0.7,0.30000000000000004,[1. 1.]
1140,0.0,1141,1,False,0.0,571.0,2.0,1,0,2,[0. 1.],[1 2],1.0,1,0.6,0.7,0.30000000000000004,[1. 1.]
1141,2.0,1142,0,False,1.0,571.0,0.0,1,1,0,[1. 0.],[1 2],0.0,1,0.6,0.7,0.30000000000000004,[1. 1.]
1142,0.0,1143,1,False,0.0,572.0,1.0,1,0,2,[1. 0.],[1 2],0.0,1,0.6,0.7,0.30000000000000004,[1. 1.]
1143,1.0,1144,0,False,0.0,572.0,0.0,1,1,0,[0. 1.],[1 2],,1,0.6,0.7,0.30000000000000004,[1. 1.]
1144,0.0,1145,1,False,0.0,573.0,2.0,1,0,2,[0. 1.],[1 2],,1,0.6,0.7,0.30000000000000004,[1. 1.]
1145,2.0,1146,0,False,1.0,573.0,0.0,1,1,0,[0. 1.],[1 2],1.0,1,0.6,0.7,0.30000000000000004,[1. 1.]
1146,0.0,1147,1,False,0.0,574.0,2.0,1,0,2,[0. 1.],[1 2],1.0,1,0.6,0.7,0.30000000000000004,[1. 1.]
1147,2.0,1148,0,False,1.0,574.0,0.0,1,1,0,[0. 0.],[1 2],,1,0.6,0.7,0.30000000000000004,[1. 1.]
1148,0.0,1149,1,False,0.0,575.0,2.0,1,0,2,[0. 0.],[1 2],,1,0.6,0.7,0.30000000000000004,[1. 1.]
1149,2.0,1150,0,False,0.0,575.0,0.0,1,1,0,[1. 0.],[1 2],,1,0.6,0.7,0.30000000000000004,[1. 1.]
1150,0.0,1151,1,False,0.0,576.0,2.0,1,0,2,[1. 0.],[1 2],,1,0.6,0.7,0.30000000000000004,[1. 1.]
1151,2.0,1152,0,False,0.0,576.0,0.0,1,1,0,[1. 1.],[1 2],,1,0.6,0.7,0.30000000000000004,[1. 1.]
1152,0.0,1153,1,False,0.0,577.0,2.0,1,0,2,[1. 1.],[1 2],,1,0.6,0.7,0.30000000000000004,[1. 1.]
1153,2.0,1154,0,False,1.0,577.0,0.0,1,1,0,[1. 0.],[1 2],,1,0.6,0.7,0.30000000000000004,[1. 1.]
1154,0.0,1155,1,False,0.0,578.0,2.0,1,0,2,[1. 0.],[1 2],,1,0.6,0.7,0.30000000000000004,[1. 1.]
1155,2.0,1156,0,False,0.0,578.0,0.0,1,1,0,[0. 1.],[1 2],,1,0.6,0.7,0.30000000000000004,[1. 1.]
1156,0.0,1157,1,False,0.0,579.0,1.0,1,0,1,[0. 1.],[1 2],,1,0.6,0.7,0.30000000000000004,[1. 1.]
1157,1.0,1158,0,False,0.0,579.0,0.0,1,1,0,[1. 0.],[1 2],,1,0.6,0.7,0.30000000000000004,[1. 1.]
1158,0.0,1159,1,False,0.0,580.0,2.0,1,0,2,[1. 0.],[1 2],,1,0.6,0.7,0.30000000000000004,[1. 1.]
1159,2.0,1160,0,False,0.0,580.0,0.0,1,1,0,[0. 0.],[1 2],,1,0.6,0.7,0.30000000000000004,[1. 1.]
1160,0.0,1161,1,False,0.0,581.0,1.0,1,0,1,[0. 0.],[1 2],,1,0.6,0.7,0.30000000000000004,[1. 1.]
1161,1.0,1162,0,False,0.0,581.0,0.0,1,1,0,[0. 1.],[1 2],0.0,1,0.6,0.7,0.30000000000000004,[1. 1.]
1162,0.0,1163,1,False,0.0,582.0,1.0,1,0,2,[0. 1.],[1 2],0.0,1,0.6,0.7,0.30000000000000004,[1. 1.]
1163,1.0,1164,0,False,1.0,582.0,0.0,1,1,0,[1. 1.],[1 2],,1,0.6,0.7,0.30000000000000004,[1. 1.]
1164,0.0,1165,1,False,0.0,583.0,2.0,1,0,2,[1. 1.],[1 2],,1,0.6,0.7,0.30000000000000004,[1. 1.]
1165,2.0,1166,0,False,1.0,583.0,0.0,1,1,0,[0. 0.],[1 2],0.0,1,0.6,0.7,0.30000000000000004,[1. 1.]
1166,0.0,1167,1,False,0.0,584.0,1.0,1,0,2,[0. 0.],[1 2],0.0,1,0.6,0.7,0.30000000000000004,[1. 1.]
1167,1.0,1168,0,False,0.0,584.0,0.0,1,1,0,[0. 0.],[1 2],0.0,1,0.6,0.7,0.30000000000000004,[1. 1.]
1168,0.0,1169,1,False,0.0,585.0,1.0,1,0,2,[0. 0.],[1 2],0.0,1,0.6,0.7,0.30000000000000004,[1. 1.]
1169,1.0,1170,0,False,0.0,585.0,0.0,1,1,0,[1. 1.],[1 2],1.0,1,0.6,0.7,0.30000000000000004,[1. 1.]
1170,0.0,1171,1,False,0.0,586.0,2.0,1,0,1,[1. 1.],[1 2],1.0,1,0.6,0.7,0.30000000000000004,[1. 1.]
1171,2.0,1172,0,False,1.0,586.0,0.0,1,1,0,[0. 0.],[1 2],0.0,1,0.6,0.7,0.30000000000000004,[1. 1.]
1172,0.0,1173,1,False,0.0,587.0,1.0,1,0,1,[0. 0.],[1 2],0.0,1,0.6,0.7,0.30000000000000004,[1. 1.]
1173,1.0,1174,0,False,0.0,587.0,0.0,1,1,0,[1. 0.],[1 2],,1,0.6,0.7,0.30000000000000004,[1. 1.]
1174,0.0,1175,1,False,0.0,588.0,1.0,1,0,1,[1. 0.],[1 2],,1,0.6,0.7,0.30000000000000004,[1. 1.]
1175,1.0,1176,0,False,1.0,588.0,0.0,1,1,0,[1. 1.],[1 2],0.0,1,0.6,0.7,0.30000000000000004,[1. 1.]
1176,0.0,1177,1,False,0.0,589.0,1.0,1,0,1,[1. 1.],[1 2],0.0,1,0.6,0.7,0.30000000000000004,[1. 1.]
1177,1.0,1178,0,False,1.0,589.0,0.0,1,1,0,[0. 1.],[1 2],0.0,1,0.6,0.7,0.30000000000000004,[1. 1.]
1178,0.0,1179,1,False,0.0,590.0,1.0,1,0,1,[0. 1.],[1 2],0.0,1,0.6,0.7,0.30000000000000004,[1. 1.]
1179,1.0,1180,0,False,0.0,590.0,0.0,1,1,0,[0. 1.],[1 2],,1,0.6,0.7,0.30000000000000004,[1. 1.]
1180,0.0,1181,1,False,0.0,591.0,1.0,1,0,1,[0. 1.],[1 2],,1,0.6,0.7,0.30000000000000004,[1. 1.]
1181,1.0,1182,0,False,0.0,591.0,0.0,1,1,0,[0. 1.],[1 2],,1,0.6,0.7,0.30000000000000004,[1. 1.]
1182,0.0,1183,1,False,0.0,592.0,2.0,1,0,2,[0. 1.],[1 2],,1,0.6,0.7,0.30000000000000004,[1. 1.]
1183,2.0,1184,0,False,1.0,592.0,0.0,1,1,0,[0. 1.],[1 2],,1,0.6,0.7,0.30000000000000004,[1. 1.]
1184,0.0,1185,1,False,0.0,593.0,2.0,1,0,2,[0. 1.],[1 2],,1,0.6,0.7,0.30000000000000004,[1. 1.]
1185,2.0,1186,0,False,1.0,593.0,0.0,1,1,0,[1. 1.],[1 2],1.0,1,0.6,0.7,0.30000000000000004,[1. 1.]
1186,0.0,1187,1,False,0.0,594.0,2.0,1,0,2,[1. 1.],[1 2],1.0,1,0.6,0.7,0.30000000000000004,[1. 1.]
1187,2.0,1188,0,False,1.0,594.0,0.0,1,1,0,[1. 1.],[1 2],0.0,1,0.6,0.7,0.30000000000000004,[1. 1.]
1188,0.0,1189,1,False,0.0,595.0,1.0,1,0,2,[1. 1.],[1 2],0.0,1,0.6,0.7,0.30000000000000004,[1. 1.]
1189,1.0,1190,0,False,1.0,595.0,0.0,1,1,0,[0. 0.],[1 2],0.0,1,0.6,0.7,0.30000000000000004,[1. 1.]
1190,0.0,1191,1,False,0.0,596.0,1.0,1,0,2,[0. 0.],[1 2],0.0,1,0.6,0.7,0.30000000000000004,[1. 1.]
1191,1.0,1192,0,False,0.0,596.0,0.0,1,1,0,[0. 0.],[1 2],,1,0.6,0.7,0.30000000000000004,[1. 1.]
1192,0.0,1193,1,False,0.0,597.0,2.0,1,0,2,[0. 0.],[1 2],,1,0.6,0.7,0.30000000000000004,[1. 1.]
1193,2.0,1194,0,False,0.0,597.0,0.0,1,1,0,[0. 1.],[1 2],1.0,1,0.6,0.7,0.30000000000000004,[1. 1.]
1194,0.0,1195,1,False,0.0,598.0,2.0,1,0,2,[0. 1.],[1 2],1.0,1,0.6,0.7,0.30000000000000004,[1. 1.]
1195,2.0,1196,0,False,1.0,598.0,0.0,1,1,0,[1. 1.],[1 2],,1,0.6,0.7,0.30000000000000004,[1. 1.]
1196,0.0,1197,1,False,0.0,599.0,2.0,1,0,2,[1. 1.],[1 2],,1,0.6,0.7,0.30000000000000004,[1. 1.]
1197,2.0,1198,0,False,1.0,599.0,0.0,1,1,0,[1. 0.],[1 2],1.0,1,0.6,0.7,0.30000000000000004,[1. 1.]
1198,0.0,1199,1,False,0.0,600.0,2.0,1,0,2,[1. 0.],[1 2],1.0,1,0.6,0.7,0.30000000000000004,[1. 1.]
1199,2.0,1200,0,False,0.0,600.0,0.0,1,1,0,[0. 1.],[1 2],0.0,1,0.6,0.7,0.30000000000000004,[1. 1.]
1200,0.0,1201,1,False,0.0,601.0,1.0,1,0,2,[0. 1.],[1 2],0.0,1,0.6,0.7,0.30000000000000004,[1. 1.]
1201,1.0,1202,0,False,1.0,601.0,0.0,1,1,0,[1. 0.],[1 2],0.0,1,0.6,0.7,0.30000000000000004,[1. 1.]
1202,0.0,1203,1,False,0.0,602.0,1.0,1,0,2,[1. 0.],[1 2],0.0,1,0.6,0.7,0.30000000000000004,[1. 1.]
1203,1.0,1204,0,False,0.0,602.0,0.0,1,1,0,[0. 1.],[1 2],1.0,1,0.6,0.7,0.30000000000000004,[1. 1.]
1204,0.0,1205,1,False,0.0,603.0,2.0,1,0,2,[0. 1.],[1 2],1.0,1,0.6,0.7,0.30000000000000004,[1. 1.]
1205,2.0,1206,0,False,1.0,603.0,0.0,1,1,0,[0. 1.],[1 2],,1,0.6,0.7,0.30000000000000004,[1. 1.]
1206,0.0,1207,1,False,0.0,604.0,2.0,1,0,2,[0. 1.],[1 2],,1,0.6,0.7,0.30000000000000004,[1. 1.]
1207,2.0,1208,0,False,1.0,604.0,0.0,1,1,0,[0. 1.],[1 2],1.0,1,0.6,0.7,0.30000000000000004,[1. 1.]
1208,0.0,1209,1,False,0.0,605.0,2.0,1,0,2,[0. 1.],[1 2],1.0,1,0.6,0.7,0.30000000000000004,[1. 1.]
1209,2.0,1210,0,False,1.0,605.0,0.0,1,1,0,[0. 1.],[1 2],0.0,1,0.6,0.7,0.30000000000000004,[1. 1.]
1210,0.0,1211,1,False,0.0,606.0,1.0,1,0,2,[0. 1.],[1 2],0.0,1,0.6,0.7,0.30000000000000004,[1. 1.]
1211,1.0,1212,0,False,1.0,606.0,0.0,1,1,0,[0. 1.],[1 2],,1,0.6,0.7,0.30000000000000004,[1. 1.]
1212,0.0,1213,1,False,0.0,607.0,2.0,1,0,2,[0. 1.],[1 2],,1,0.6,0.7,0.30000000000000004,[1. 1.]
1213,2.0,1214,0,False,1.0,607.0,0.0,1,1,0,[1. 1.],[1 2],0.0,1,0.6,0.7,0.30000000000000004,[1. 1.]
1214,0.0,1215,1,False,0.0,608.0,1.0,1,0,2,[1. 1.],[1 2],0.0,1,0.6,0.7,0.30000000000000004,[1. 1.]
1215,1.0,1216,0,False,1.0,608.0,0.0,1,1,0,[0. 1.],[1 2],,1,0.6,0.7,0.30000000000000004,[1. 1.]
1216,0.0,1217,1,False,0.0,609.0,2.0,1,0,2,[0. 1.],[1 2],,1,0.6,0.7,0.30000000000000004,[1. 1.]
1217,2.0,1218,0,False,1.0,609.0,0.0,1,1,0,[0. 1.],[1 2],1.0,1,0.6,0.7,0.30000000000000004,[1. 1.]
1218,0.0,1219,1,False,0.0,610.0,2.0,1,0,2,[0. 1.],[1 2],1.0,1,0.6,0.7,0.30000000000000004,[1. 1.]
1219,2.0,1220,0,False,1.0,610.0,0.0,1,1,0,[0. 1.],[1 2],1.0,1,0.6,0.7,0.30000000000000004,[1. 1.]
1220,0.0,1221,1,False,0.0,611.0,2.0,1,0,2,[0. 1.],[1 2],1.0,1,0.6,0.7,0.30000000000000004,[1. 1.]
1221,2.0,1222,0,False,1.0,611.0,0.0,1,1,0,[0. 1.],[1 2],0.0,1,0.6,0.7,0.30000000000000004,[1. 1.]
1222,0.0,1223,1,False,0.0,612.0,1.0,1,0,2,[0. 1.],[1 2],0.0,1,0.6,0.7,0.30000000000000004,[1. 1.]
1223,1.0,1224,0,False,1.0,612.0,0.0,1,1,0,[0. 0.],[1 2],,1,0.6,0.7,0.30000000000000004,[1. 1.]
1224,0.0,1225,1,False,0.0,613.0,2.0,1,0,2,[0. 0.],[1 2],,1,0.6,0.7,0.30000000000000004,[1. 1.]
1225,2.0,1226,0,False,0.0,613.0,0.0,1,1,0,[0. 1.],[1 2],1.0,1,0.6,0.7,0.30000000000000004,[1. 1.]
1226,0.0,1227,1,False,0.0,614.0,2.0,1,0,2,[0. 1.],[1 2],1.0,1,0.6,0.7,0.30000000000000004,[1. 1.]
1227,2.0,1228,0,False,1.0,614.0,0.0,1,1,0,[0. 1.],[1 2],,1,0.6,0.7,0.30000000000000004,[1. 1.]
1228,0.0,1229,1,False,0.0,615.0,2.0,1,0,2,[0. 1.],[1 2],,1,0.6,0.7,0.30000000000000004,[1. 1.]
1229,2.0,1230,0,False,1.0,615.0,0.0,1,1,0,[0. 1.],[1 2],0.0,1,0.6,0.7,0.30000000000000004,[1. 1.]
1230,0.0,1231,1,False,0.0,616.0,1.0,1,0,2,[0. 1.],[1 2],0.0,1,0.6,0.7,0.30000000000000004,[1. 1.]
1231,1.0,1232,0,False,1.0,616.0,0.0,1,1,0,[0. 1.],[1 2],0.0,1,0.6,0.7,0.30000000000000004,[1. 1.]
1232,0.0,1233,1,False,0.0,617.0,1.0,1,0,2,[0. 1.],[1 2],0.0,1,0.6,0.7,0.30000000000000004,[1. 1.]
1233,1.0,1234,0,False,1.0,617.0,0.0,1,1,0,[0. 0.],[1 2],,1,0.6,0.7,0.30000000000000004,[1. 1.]
1234,0.0,1235,1,False,0.0,618.0,2.0,1,0,2,[0. 0.],[1 2],,1,0.6,0.7,0.30000000000000004,[1. 1.]
1235,2.0,1236,0,False,0.0,618.0,0.0,1,1,0,[0. 1.],[1 2],0.0,1,0.6,0.7,0.30000000000000004,[1. 1.]
1236,0.0,1237,1,False,0.0,619.0,1.0,1,0,2,[0. 1.],[1 2],0.0,1,0.6,0.7,0.30000000000000004,[1. 1.]
1237,1.0,1238,0,False,1.0,619.0,0.0,1,1,0,[0. 1.],[1 2],0.0,1,0.6,0.7,0.30000000000000004,[1. 1.]
1238,0.0,1239,1,False,0.0,620.0,1.0,1,0,2,[0. 1.],[1 2],0.0,1,0.6,0.7,0.30000000000000004,[1. 1.]
1239,1.0,1240,0,False,1.0,620.0,0.0,1,1,0,[0. 1.],[1 2],1.0,1,0.6,0.7,0.30000000000000004,[1. 1.]
1240,0.0,1241,1,False,0.0,621.0,2.0,1,0,2,[0. 1.],[1 2],1.0,1,0.6,0.7,0.30000000000000004,[1. 1.]
1241,2.0,1242,0,False,1.0,621.0,0.0,1,1,0,[1. 1.],[1 2],1.0,1,0.6,0.7,0.30000000000000004,[1. 1.]
1242,0.0,1243,1,False,0.0,622.0,2.0,1,0,2,[1. 1.],[1 2],1.0,1,0.6,0.7,0.30000000000000004,[1. 1.]
1243,2.0,1244,0,False,1.0,622.0,0.0,1,1,0,[0. 1.],[1 2],,1,0.6,0.7,0.30000000000000004,[1. 1.]
1244,0.0,1245,1,False,0.0,623.0,2.0,1,0,2,[0. 1.],[1 2],,1,0.6,0.7,0.30000000000000004,[1. 1.]
1245,2.0,1246,0,False,1.0,623.0,0.0,1,1,0,[1. 1.],[1 2],,1,0.6,0.7,0.30000000000000004,[1. 1.]
1246,0.0,1247,1,False,0.0,624.0,2.0,1,0,2,[1. 1.],[1 2],,1,0.6,0.7,0.30000000000000004,[1. 1.]
1247,2.0,1248,0,False,1.0,624.0,0.0,1,1,0,[0. 1.],[1 2],,1,0.6,0.7,0.30000000000000004,[1. 1.]
1248,0.0,1249,1,False,0.0,625.0,2.0,1,0,2,[0. 1.],[1 2],,1,0.6,0.7,0.30000000000000004,[1. 1.]
1249,2.0,1250,0,False,1.0,625.0,0.0,1,1,0,[0. 1.],[1 2],,1,0.6,0.7,0.30000000000000004,[1. 1.]
1250,0.0,1251,1,False,0.0,626.0,2.0,1,0,2,[0. 1.],[1 2],,1,0.6,0.7,0.30000000000000004,[1. 1.]
1251,2.0,1252,0,False,1.0,626.0,0.0,1,1,0,[1. 0.],[1 2],0.0,1,0.6,0.7,0.30000000000000004,[1. 1.]
1252,0.0,1253,1,False,0.0,627.0,1.0,1,0,2,[1. 0.],[1 2],0.0,1,0.6,0.7,0.30000000000000004,[1. 1.]
1253,1.0,1254,0,False,0.0,627.0,0.0,1,1,0,[1. 0.],[1 2],0.0,1,0.6,0.7,0.30000000000000004,[1. 1.]
1254,0.0,1255,1,False,0.0,628.0,1.0,1,0,2,[1. 0.],[1 2],0.0,1,0.6,0.7,0.30000000000000004,[1. 1.]
1255,1.0,1256,0,False,0.0,628.0,0.0,1,1,0,[1. 1.],[1 2],1.0,1,0.6,0.7,0.30000000000000004,[1. 1.]
1256,0.0,1257,1,False,0.0,629.0,2.0,1,0,2,[1. 1.],[1 2],1.0,1,0.6,0.7,0.30000000000000004,[1. 1.]
1257,2.0,1258,0,False,1.0,629.0,0.0,1,1,0,[0. 1.],[1 2],0.0,1,0.6,0.7,0.30000000000000004,[1. 1.]
1258,0.0,1259,1,False,0.0,630.0,1.0,1,0,2,[0. 1.],[1 2],0.0,1,0.6,0.7,0.30000000000000004,[1. 1.]
1259,1.0,1260,0,False,1.0,630.0,0.0,1,1,0,[1. 0.],[1 2],0.0,1,0.6,0.7,0.30000000000000004,[1. 1.]
1260,0.0,1261,1,False,0.0,631.0,1.0,1,0,2,[1. 0.],[1 2],0.0,1,0.6,0.7,0.30000000000000004,[1. 1.]
1261,1.0,1262,0,False,0.0,631.0,0.0,1,1,0,[1. 0.],[1 2],1.0,0,0.6,0.7,0.30000000000000004,[1. 1.]
1262,0.0,1263,1,False,0.0,632.0,2.0,1,0,2,[1. 0.],[1 2],1.0,0,0.6,0.7,0.30000000000000004,[1. 1.]
1263,2.0,1264,0,False,0.0,632.0,0.0,1,1,0,[0. 0.],[1 2],,0,0.6,0.7,0.30000000000000004,[1. 1.]
1264,0.0,1265,1,False,0.0,633.0,2.0,1,0,2,[0. 0.],[1 2],,0,0.6,0.7,0.30000000000000004,[1. 1.]
1265,2.0,1266,0,False,0.0,633.0,0.0,1,1,0,[1. 1.],[1 2],0.0,0,0.6,0.7,0.30000000000000004,[1. 1.]
1266,0.0,1267,1,False,0.0,634.0,1.0,1,0,1,[1. 1.],[1 2],0.0,0,0.6,0.7,0.30000000000000004,[1. 1.]
1267,1.0,1268,0,False,1.0,634.0,0.0,1,1,0,[1. 0.],[1 2],0.0,0,0.6,0.7,0.30000000000000004,[1. 1.]
1268,0.0,1269,1,False,0.0,635.0,1.0,1,0,1,[1. 0.],[1 2],0.0,0,0.6,0.7,0.30000000000000004,[1. 1.]
1269,1.0,1270,0,False,1.0,635.0,0.0,1,1,0,[0. 0.],[1 2],,0,0.6,0.7,0.30000000000000004,[1. 1.]
1270,0.0,1271,1,False,0.0,636.0,1.0,1,0,1,[0. 0.],[1 2],,0,0.6,0.7,0.30000000000000004,[1. 1.]
1271,1.0,1272,0,False,0.0,636.0,0.0,1,1,0,[1. 1.],[1 2],,0,0.6,0.7,0.30000000000000004,[1. 1.]
1272,0.0,1273,1,False,0.0,637.0,1.0,1,0,1,[1. 1.],[1 2],,0,0.6,0.7,0.30000000000000004,[1. 1.]
1273,1.0,1274,0,False,1.0,637.0,0.0,1,1,0,[1. 1.],[1 2],1.0,0,0.6,0.7,0.30000000000000004,[1. 1.]
1274,0.0,1275,1,False,0.0,638.0,2.0,1,0,1,[1. 1.],[1 2],1.0,0,0.6,0.7,0.30000000000000004,[1. 1.]
1275,2.0,1276,0,False,1.0,638.0,0.0,1,1,0,[1. 1.],[1 2],1.0,0,0.6,0.7,0.30000000000000004,[1. 1.]
1276,0.0,1277,1,False,0.0,639.0,2.0,1,0,1,[1. 1.],[1 2],1.0,0,0.6,0.7,0.30000000000000004,[1. 1.]
1277,2.0,1278,0,False,1.0,639.0,0.0,1,1,0,[0. 1.],[1 2],,0,0.6,0.7,0.30000000000000004,[1. 1.]
1278,0.0,1279,1,False,0.0,640.0,1.0,1,0,1,[0. 1.],[1 2],,0,0.6,0.7,0.30000000000000004,[1. 1.]
1279,1.0,1280,0,False,0.0,640.0,0.0,1,1,0,[1. 1.],[1 2],0.0,0,0.6,0.7,0.30000000000000004,[1. 1.]
1280,0.0,1281,1,False,0.0,641.0,1.0,1,0,1,[1. 1.],[1 2],0.0,0,0.6,0.7,0.30000000000000004,[1. 1.]
1281,1.0,1282,0,False,1.0,641.0,0.0,1,1,0,[1. 0.],[1 2],1.0,0,0.6,0.7,0.30000000000000004,[1. 1.]
1282,0.0,1283,1,False,0.0,642.0,2.0,1,0,1,[1. 0.],[1 2],1.0,0,0.6,0.7,0.30000000000000004,[1. 1.]
1283,2.0,1284,0,False,1.0,642.0,0.0,1,1,0,[1. 0.],[1 2],,0,0.6,0.7,0.30000000000000004,[1. 1.]
1284,0.0,1285,1,False,0.0,643.0,1.0,1,0,1,[1. 0.],[1 2],,0,0.6,0.7,0.30000000000000004,[1. 1.]
1285,1.0,1286,0,False,1.0,643.0,0.0,1,1,0,[0. 0.],[1 2],0.0,0,0.6,0.7,0.30000000000000004,[1. 1.]
1286,0.0,1287,1,False,0.0,644.0,1.0,1,0,1,[0. 0.],[1 2],0.0,0,0.6,0.7,0.30000000000000004,[1. 1.]
1287,1.0,1288,0,False,0.0,644.0,0.0,1,1,0,[0. 1.],[1 2],,0,0.6,0.7,0.30000000000000004,[1. 1.]
1288,0.0,1289,1,False,0.0,645.0,1.0,1,0,1,[0. 1.],[1 2],,0,0.6,0.7,0.30000000000000004,[1. 1.]
1289,1.0,1290,0,False,0.0,645.0,0.0,1,1,0,[1. 1.],[1 2],1.0,0,0.6,0.7,0.30000000000000004,[1. 1.]
1290,0.0,1291,1,False,0.0,646.0,2.0,1,0,2,[1. 1.],[1 2],1.0,0,0.6,0.7,0.30000000000000004,[1. 1.]
1291,2.0,1292,0,False,1.0,646.0,0.0,1,1,0,[1. 0.],[1 2],1.0,0,0.6,0.7,0.30000000000000004,[1. 1.]
1292,0.0,1293,1,False,0.0,647.0,2.0,1,0,2,[1. 0.],[1 2],1.0,0,0.6,0.7,0.30000000000000004,[1. 1.]
1293,2.0,1294,0,False,0.0,647.0,0.0,1,1,0,[1. 0.],[1 2],,0,0.6,0.7,0.30000000000000004,[1. 1.]
1294,0.0,1295,1,False,0.0,648.0,2.0,1,0,2,[1. 0.],[1 2],,0,0.6,0.7,0.30000000000000004,[1. 1.]
1295,2.0,1296,0,False,0.0,648.0,0.0,1,1,0,[1. 1.],[2 1],,0,0.6,0.7,0.30000000000000004,[1. 1.]
1296,0.0,1297,1,False,0.0,649.0,1.0,1,0,2,[1. 1.],[2 1],,0,0.6,0.7,0.30000000000000004,[1. 1.]
1297,1.0,1298,0,False,1.0,649.0,0.0,1,1,0,[1. 0.],[2 1],,0,0.6,0.7,0.30000000000000004,[1. 1.]
1298,0.0,1299,1,False,0.0,650.0,1.0,1,0,2,[1. 0.],[2 1],,0,0.6,0.7,0.30000000000000004,[1. 1.]
1299,1.0,1300,0,False,1.0,650.0,0.0,1,1,0,[0. 0.],[2 1],,0,0.6,0.7,0.30000000000000004,[1. 1.]
1300,0.0,1301,1,False,0.0,651.0,1.0,1,0,2,[0. 0.],[2 1],,0,0.6,0.7,0.30000000000000004,[1. 1.]
1301,1.0,1302,0,False,0.0,651.0,0.0,1,1,0,[0. 0.],[2 1],,0,0.6,0.7,0.30000000000000004,[1. 1.]
1302,0.0,1303,1,False,0.0,652.0,1.0,1,0,2,[0. 0.],[2 1],,0,0.6,0.7,0.30000000000000004,[1. 1.]
1303,1.0,1304,0,False,0.0,652.0,0.0,1,1,0,[0. 0.],[2 1],,0,0.6,0.7,0.30000000000000004,[1. 1.]
1304,0.0,1305,1,False,0.0,653.0,2.0,1,0,1,[0. 0.],[2 1],,0,0.6,0.7,0.30000000000000004,[1. 1.]
1305,2.0,1306,0,False,0.0,653.0,0.0,1,1,0,[0. 0.],[2 1],1.0,0,0.6,0.7,0.30000000000000004,[1. 1.]
1306,0.0,1307,1,False,0.0,654.0,2.0,1,0,1,[0. 0.],[2 1],1.0,0,0.6,0.7,0.30000000000000004,[1. 1.]
1307,2.0,1308,0,False,0.0,654.0,0.0,1,1,0,[1. 0.],[2 1],,0,0.6,0.7,0.30000000000000004,[1. 1.]
1308,0.0,1309,1,False,0.0,655.0,1.0,1,0,2,[1. 0.],[2 1],,0,0.6,0.7,0.30000000000000004,[1. 1.]
1309,1.0,1310,0,False,1.0,655.0,0.0,1,1,0,[0. 0.],[2 1],0.0,0,0.6,0.7,0.30000000000000004,[1. 1.]
1310,0.0,1311,1,False,0.0,656.0,1.0,1,0,2,[0. 0.],[2 1],0.0,0,0.6,0.7,0.30000000000000004,[1. 1.]
1311,1.0,1312,0,False,0.0,656.0,0.0,1,1,0,[1. 0.],[2 1],1.0,0,0.6,0.7,0.30000000000000004,[1. 1.]
1312,0.0,1313,1,False,0.0,657.0,2.0,1,0,2,[1. 0.],[2 1],1.0,0,0.6,0.7,0.30000000000000004,[1. 1.]
1313,2.0,1314,0,False,1.0,657.0,0.0,1,1,0,[1. 0.],[2 1],,0,0.6,0.7,0.30000000000000004,[1. 1.]
1314,0.0,1315,1,False,0.0,658.0,1.0,1,0,2,[1. 0.],[2 1],,0,0.6,0.7,0.30000000000000004,[1. 1.]
1315,1.0,1316,0,False,1.0,658.0,0.0,1,1,0,[1. 0.],[2 1],,0,0.6,0.7,0.30000000000000004,[1. 1.]
1316,0.0,1317,1,False,0.0,659.0,1.0,1,0,2,[1. 0.],[2 1],,0,0.6,0.7,0.30000000000000004,[1. 1.]
1317,1.0,1318,0,False,1.0,659.0,0.0,1,1,0,[1. 0.],[2 1],0.0,0,0.6,0.7,0.30000000000000004,[1. 1.]
1318,0.0,1319,1,False,0.0,660.0,1.0,1,0,2,[1. 0.],[2 1],0.0,0,0.6,0.7,0.30000000000000004,[1. 1.]
1319,1.0,1320,0,False,1.0,660.0,0.0,1,1,0,[1. 0.],[1 2],,0,0.6,0.7,0.30000000000000004,[1. 1.]
1320,0.0,1321,1,False,0.0,661.0,2.0,1,0,2,[1. 0.],[1 2],,0,0.6,0.7,0.30000000000000004,[1. 1.]
1321,2.0,1322,0,False,0.0,661.0,0.0,1,1,0,[1. 0.],[1 2],,0,0.6,0.7,0.30000000000000004,[1. 1.]
1322,0.0,1323,1,False,0.0,662.0,2.0,1,0,2,[1. 0.],[1 2],,0,0.6,0.7,0.30000000000000004,[1. 1.]
1323,2.0,1324,0,False,0.0,662.0,0.0,1,1,0,[1. 1.],[1 2],1.0,0,0.6,0.7,0.30000000000000004,[1. 1.]
1324,0.0,1325,1,False,0.0,663.0,2.0,1,0,2,[1. 1.],[1 2],1.0,0,0.6,0.7,0.30000000000000004,[1. 1.]
1325,2.0,1326,0,False,1.0,663.0,0.0,1,1,0,[1. 1.],[1 2],1.0,0,0.6,0.7,0.30000000000000004,[1. 1.]
1326,0.0,1327,1,False,0.0,664.0,2.0,1,0,2,[1. 1.],[1 2],1.0,0,0.6,0.7,0.30000000000000004,[1. 1.]
1327,2.0,1328,0,False,1.0,664.0,0.0,1,1,0,[0. 0.],[1 2],0.0,0,0.6,0.7,0.30000000000000004,[1. 1.]
1328,0.0,1329,1,False,0.0,665.0,1.0,1,0,2,[0. 0.],[1 2],0.0,0,0.6,0.7,0.30000000000000004,[1. 1.]
1329,1.0,1330,0,False,0.0,665.0,0.0,1,1,0,[1. 0.],[1 2],,0,0.6,0.7,0.30000000000000004,[1. 1.]
1330,0.0,1331,1,False,0.0,666.0,2.0,1,0,2,[1. 0.],[1 2],,0,0.6,0.7,0.30000000000000004,[1. 1.]
1331,2.0,1332,0,False,0.0,666.0,0.0,1,1,0,[0. 1.],[1 2],0.0,1,0.6,0.7,0.30000000000000004,[1. 1.]
1332,0.0,1333,1,False,0.0,667.0,1.0,1,0,2,[0. 1.],[1 2],0.0,1,0.6,0.7,0.30000000000000004,[1. 1.]
1333,1.0,1334,0,False,1.0,667.0,0.0,1,1,0,[0. 1.],[1 2],,1,0.6,0.7,0.30000000000000004,[1. 1.]
1334,0.0,1335,1,False,0.0,668.0,2.0,1,0,2,[0. 1.],[1 2],,1,0.6,0.7,0.30000000000000004,[1. 1.]
1335,2.0,1336,0,False,1.0,668.0,0.0,1,1,0,[0. 1.],[1 2],,1,0.6,0.7,0.30000000000000004,[1. 1.]
1336,0.0,1337,1,False,0.0,669.0,2.0,1,0,2,[0. 1.],[1 2],,1,0.6,0.7,0.30000000000000004,[1. 1.]
1337,2.0,1338,0,False,1.0,669.0,0.0,1,1,0,[1. 1.],[1 2],0.0,1,0.6,0.7,0.30000000000000004,[1. 1.]
1338,0.0,1339,1,False,0.0,670.0,1.0,1,0,2,[1. 1.],[1 2],0.0,1,0.6,0.7,0.30000000000000004,[1. 1.]
1339,1.0,1340,0,False,1.0,670.0,0.0,1,1,0,[1. 1.],[1 2],,1,0.6,0.7,0.30000000000000004,[1. 1.]
1340,0.0,1341,1,False,0.0,671.0,2.0,1,0,2,[1. 1.],[1 2],,1,0.6,0.7,0.30000000000000004,[1. 1.]
1341,2.0,1342,0,False,1.0,671.0,0.0,1,1,0,[1. 1.],[1 2],,1,0.6,0.7,0.30000000000000004,[1. 1.]
1342,0.0,1343,1,False,0.0,672.0,2.0,1,0,2,[1. 1.],[1 2],,1,0.6,0.7,0.30000000000000004,[1. 1.]
1343,2.0,1344,0,False,1.0,672.0,0.0,1,1,0,[0. 1.],[1 2],0.0,1,0.6,0.7,0.30000000000000004,[1. 1.]
1344,0.0,1345,1,False,0.0,673.0,1.0,1,0,2,[0. 1.],[1 2],0.0,1,0.6,0.7,0.30000000000000004,[1. 1.]
1345,1.0,1346,0,False,1.0,673.0,0.0,1,1,0,[0. 1.],[1 2],,1,0.6,0.7,0.30000000000000004,[1. 1.]
1346,0.0,1347,1,False,0.0,674.0,2.0,1,0,2,[0. 1.],[1 2],,1,0.6,0.7,0.30000000000000004,[1. 1.]
1347,2.0,1348,0,False,1.0,674.0,0.0,1,1,0,[0. 1.],[1 2],1.0,1,0.6,0.7,0.30000000000000004,[1. 1.]
1348,0.0,1349,1,False,0.0,675.0,2.0,1,0,2,[0. 1.],[1 2],1.0,1,0.6,0.7,0.30000000000000004,[1. 1.]
1349,2.0,1350,0,False,1.0,675.0,0.0,1,1,0,[1. 1.],[1 2],0.0,1,0.6,0.7,0.30000000000000004,[1. 1.]
1350,0.0,1351,1,False,0.0,676.0,1.0,1,0,2,[1. 1.],[1 2],0.0,1,0.6,0.7,0.30000000000000004,[1. 1.]
1351,1.0,1352,0,False,1.0,676.0,0.0,1,1,0,[1. 1.],[1 2],,1,0.6,0.7,0.30000000000000004,[1. 1.]
1352,0.0,1353,1,False,0.0,677.0,2.0,1,0,2,[1. 1.],[1 2],,1,0.6,0.7,0.30000000000000004,[1. 1.]
1353,2.0,1354,0,False,1.0,677.0,0.0,1,1,0,[0. 0.],[1 2],1.0,1,0.6,0.7,0.30000000000000004,[1. 1.]
1354,0.0,1355,1,False,0.0,678.0,2.0,1,0,2,[0. 0.],[1 2],1.0,1,0.6,0.7,0.30000000000000004,[1. 1.]
1355,2.0,1356,0,False,0.0,678.0,0.0,1,1,0,[1. 1.],[1 2],0.0,1,0.6,0.7,0.30000000000000004,[1. 1.]
1356,0.0,1357,1,False,0.0,679.0,1.0,1,0,2,[1. 1.],[1 2],0.0,1,0.6,0.7,0.30000000000000004,[1. 1.]
1357,1.0,1358,0,False,1.0,679.0,0.0,1,1,0,[1. 1.],[1 2],0.0,1,0.6,0.7,0.30000000000000004,[1. 1.]
1358,0.0,1359,1,False,0.0,680.0,1.0,1,0,2,[1. 1.],[1 2],0.0,1,0.6,0.7,0.30000000000000004,[1. 1.]
1359,1.0,1360,0,False,1.0,680.0,0.0,1,1,0,[1. 1.],[1 2],,1,0.6,0.7,0.30000000000000004,[1. 1.]
1360,0.0,1361,1,False,0.0,681.0,2.0,1,0,2,[1. 1.],[1 2],,1,0.6,0.7,0.30000000000000004,[1. 1.]
1361,2.0,1362,0,False,1.0,681.0,0.0,1,1,0,[0. 0.],[1 2],,1,0.6,0.7,0.30000000000000004,[1. 1.]
1362,0.0,1363,1,False,0.0,682.0,2.0,1,0,2,[0. 0.],[1 2],,1,0.6,0.7,0.30000000000000004,[1. 1.]
1363,2.0,1364,0,False,0.0,682.0,0.0,1,1,0,[0. 1.],[1 2],1.0,1,0.6,0.7,0.30000000000000004,[1. 1.]
1364,0.0,1365,1,False,0.0,683.0,2.0,1,0,2,[0. 1.],[1 2],1.0,1,0.6,0.7,0.30000000000000004,[1. 1.]
1365,2.0,1366,0,False,1.0,683.0,0.0,1,1,0,[0. 1.],[1 2],,1,0.6,0.7,0.30000000000000004,[1. 1.]
1366,0.0,1367,1,False,0.0,684.0,2.0,1,0,2,[0. 1.],[1 2],,1,0.6,0.7,0.30000000000000004,[1. 1.]
1367,2.0,1368,0,False,1.0,684.0,0.0,1,1,0,[0. 1.],[1 2],,1,0.6,0.7,0.30000000000000004,[1. 1.]
1368,0.0,1369,1,False,0.0,685.0,2.0,1,0,2,[0. 1.],[1 2],,1,0.6,0.7,0.30000000000000004,[1. 1.]
1369,2.0,1370,0,False,1.0,685.0,0.0,1,1,0,[1. 1.],[1 2],1.0,1,0.6,0.7,0.30000000000000004,[1. 1.]
1370,0.0,1371,1,False,0.0,686.0,2.0,1,0,2,[1. 1.],[1 2],1.0,1,0.6,0.7,0.30000000000000004,[1. 1.]
1371,2.0,1372,0,False,1.0,686.0,0.0,1,1,0,[1. 0.],[1 2],,1,0.6,0.7,0.30000000000000004,[1. 1.]
1372,0.0,1373,1,False,0.0,687.0,2.0,1,0,2,[1. 0.],[1 2],,1,0.6,0.7,0.30000000000000004,[1. 1.]
1373,2.0,1374,0,False,0.0,687.0,0.0,1,1,0,[1. 1.],[1 2],0.0,1,0.6,0.7,0.30000000000000004,[1. 1.]
1374,0.0,1375,1,False,0.0,688.0,1.0,1,0,2,[1. 1.],[1 2],0.0,1,0.6,0.7,0.30000000000000004,[1. 1.]
1375,1.0,1376,0,False,1.0,688.0,0.0,1,1,0,[0. 0.],[1 2],1.0,1,0.6,0.7,0.30000000000000004,[1. 1.]
1376,0.0,1377,1,False,0.0,689.0,2.0,1,0,2,[0. 0.],[1 2],1.0,1,0.6,0.7,0.30000000000000004,[1. 1.]
1377,2.0,1378,0,False,0.0,689.0,0.0,1,1,0,[0. 1.],[1 2],0.0,1,0.6,0.7,0.30000000000000004,[1. 1.]
1378,0.0,1379,1,False,0.0,690.0,1.0,1,0,2,[0. 1.],[1 2],0.0,1,0.6,0.7,0.30000000000000004,[1. 1.]
1379,1.0,1380,0,False,1.0,690.0,0.0,1,1,0,[0. 1.],[1 2],,1,0.6,0.7,0.30000000000000004,[1. 1.]
1380,0.0,1381,1,False,0.0,691.0,2.0,1,0,2,[0. 1.],[1 2],,1,0.6,0.7,0.30000000000000004,[1. 1.]
1381,2.0,1382,0,False,1.0,691.0,0.0,1,1,0,[0. 0.],[1 2],1.0,1,0.6,0.7,0.30000000000000004,[1. 1.]
1382,0.0,1383,1,False,0.0,692.0,2.0,1,0,2,[0. 0.],[1 2],1.0,1,0.6,0.7,0.30000000000000004,[1. 1.]
1383,2.0,1384,0,False,0.0,692.0,0.0,1,1,0,[1. 1.],[1 2],,1,0.6,0.7,0.30000000000000004,[1. 1.]
1384,0.0,1385,1,False,0.0,693.0,2.0,1,0,2,[1. 1.],[1 2],,1,0.6,0.7,0.30000000000000004,[1. 1.]
1385,2.0,1386,0,False,1.0,693.0,0.0,1,1,0,[0. 0.],[1 2],0.0,1,0.6,0.7,0.30000000000000004,[1. 1.]
1386,0.0,1387,1,False,0.0,694.0,1.0,1,0,2,[0. 0.],[1 2],0.0,1,0.6,0.7,0.30000000000000004,[1. 1.]
1387,1.0,1388,0,False,0.0,694.0,0.0,1,1,0,[0. 1.],[1 2],0.0,1,0.6,0.7,0.30000000000000004,[1. 1.]
1388,0.0,1389,1,False,0.0,695.0,1.0,1,0,2,[0. 1.],[1 2],0.0,1,0.6,0.7,0.30000000000000004,[1. 1.]
1389,1.0,1390,0,False,1.0,695.0,0.0,1,1,0,[0. 1.],[1 2],1.0,1,0.6,0.7,0.30000000000000004,[1. 1.]
1390,0.0,1391,1,False,0.0,696.0,2.0,1,0,2,[0. 1.],[1 2],1.0,1,0.6,0.7,0.30000000000000004,[1. 1.]
1391,2.0,1392,0,False,1.0,696.0,0.0,1,1,0,[0. 1.],[1 2],1.0,1,0.6,0.7,0.30000000000000004,[1. 1.]
1392,0.0,1393,1,False,0.0,697.0,2.0,1,0,2,[0. 1.],[1 2],1.0,1,0.6,0.7,0.30000000000000004,[1. 1.]
1393,2.0,1394,0,False,1.0,697.0,0.0,1,1,0,[0. 1.],[1 2],,1,0.6,0.7,0.30000000000000004,[1. 1.]
1394,0.0,1395,1,False,0.0,698.0,2.0,1,0,2,[0. 1.],[1 2],,1,0.6,0.7,0.30000000000000004,[1. 1.]
1395,2.0,1396,0,False,1.0,698.0,0.0,1,1,0,[0. 1.],[1 2],0.0,1,0.6,0.7,0.30000000000000004,[1. 1.]
1396,0.0,1397,1,False,0.0,699.0,1.0,1,0,2,[0. 1.],[1 2],0.0,1,0.6,0.7,0.30000000000000004,[1. 1.]
1397,1.0,1398,0,False,1.0,699.0,0.0,1,1,0,[1. 1.],[1 2],1.0,1,0.6,0.7,0.30000000000000004,[1. 1.]
1398,0.0,1399,1,False,0.0,700.0,2.0,1,0,2,[1. 1.],[1 2],1.0,1,0.6,0.7,0.30000000000000004,[1. 1.]
1399,2.0,1400,0,False,1.0,700.0,0.0,1,1,0,[1. 1.],[1 2],0.0,1,0.6,0.7,0.30000000000000004,[1. 1.]
1400,0.0,1401,1,False,0.0,701.0,1.0,1,0,2,[1. 1.],[1 2],0.0,1,0.6,0.7,0.30000000000000004,[1. 1.]
1401,1.0,1402,0,False,1.0,701.0,0.0,1,1,0,[0. 1.],[1 2],1.0,1,0.6,0.7,0.30000000000000004,[1. 1.]
1402,0.0,1403,1,False,0.0,702.0,2.0,1,0,2,[0. 1.],[1 2],1.0,1,0.6,0.7,0.30000000000000004,[1. 1.]
1403,2.0,1404,0,False,1.0,702.0,0.0,1,1,0,[0. 1.],[1 2],1.0,1,0.6,0.7,0.30000000000000004,[1. 1.]
1404,0.0,1405,1,False,0.0,703.0,2.0,1,0,2,[0. 1.],[1 2],1.0,1,0.6,0.7,0.30000000000000004,[1. 1.]
1405,2.0,1406,0,False,1.0,703.0,0.0,1,1,0,[0. 1.],[1 2],1.0,1,0.6,0.7,0.30000000000000004,[1. 1.]
1406,0.0,1407,1,False,0.0,704.0,2.0,1,0,2,[0. 1.],[1 2],1.0,1,0.6,0.7,0.30000000000000004,[1. 1.]
1407,2.0,1408,0,False,1.0,704.0,0.0,1,1,0,[0. 0.],[1 2],,1,0.6,0.7,0.30000000000000004,[1. 1.]
1408,0.0,1409,1,False,0.0,705.0,2.0,1,0,2,[0. 0.],[1 2],,1,0.6,0.7,0.30000000000000004,[1. 1.]
1409,2.0,1410,0,False,0.0,705.0,0.0,1,1,0,[0. 1.],[1 2],,1,0.6,0.7,0.30000000000000004,[1. 1.]
1410,0.0,1411,1,False,0.0,706.0,2.0,1,0,2,[0. 1.],[1 2],,1,0.6,0.7,0.30000000000000004,[1. 1.]
1411,2.0,1412,0,False,1.0,706.0,0.0,1,1,0,[1. 0.],[1 2],,1,0.6,0.7,0.30000000000000004,[1. 1.]
1412,0.0,1413,1,False,0.0,707.0,2.0,1,0,2,[1. 0.],[1 2],,1,0.6,0.7,0.30000000000000004,[1. 1.]
1413,2.0,1414,0,False,0.0,707.0,0.0,1,1,0,[0. 1.],[1 2],0.0,1,0.6,0.7,0.30000000000000004,[1. 1.]
1414,0.0,1415,1,False,0.0,708.0,1.0,1,0,2,[0. 1.],[1 2],0.0,1,0.6,0.7,0.30000000000000004,[1. 1.]
1415,1.0,1416,0,False,1.0,708.0,0.0,1,1,0,[0. 0.],[1 2],0.0,1,0.6,0.7,0.30000000000000004,[1. 1.]
1416,0.0,1417,1,False,0.0,709.0,1.0,1,0,2,[0. 0.],[1 2],0.0,1,0.6,0.7,0.30000000000000004,[1. 1.]
1417,1.0,1418,0,False,0.0,709.0,0.0,1,1,0,[1. 0.],[1 2],,1,0.6,0.7,0.30000000000000004,[1. 1.]
1418,0.0,1419,1,False,0.0,710.0,2.0,1,0,2,[1. 0.],[1 2],,1,0.6,0.7,0.30000000000000004,[1. 1.]
1419,2.0,1420,0,False,0.0,710.0,0.0,1,1,0,[1. 1.],[1 2],0.0,1,0.6,0.7,0.30000000000000004,[1. 1.]
1420,0.0,1421,1,False,0.0,711.0,1.0,1,0,2,[1. 1.],[1 2],0.0,1,0.6,0.7,0.30000000000000004,[1. 1.]
1421,1.0,1422,0,False,1.0,711.0,0.0,1,1,0,[0. 1.],[1 2],,1,0.6,0.7,0.30000000000000004,[1. 1.]
1422,0.0,1423,1,False,0.0,712.0,2.0,1,0,2,[0. 1.],[1 2],,1,0.6,0.7,0.30000000000000004,[1. 1.]
1423,2.0,1424,0,False,1.0,712.0,0.0,1,1,0,[1. 1.],[1 2],0.0,1,0.6,0.7,0.30000000000000004,[1. 1.]
1424,0.0,1425,1,False,0.0,713.0,1.0,1,0,2,[1. 1.],[1 2],0.0,1,0.6,0.7,0.30000000000000004,[1. 1.]
1425,1.0,1426,0,False,1.0,713.0,0.0,1,1,0,[0. 1.],[1 2],0.0,1,0.6,0.7,0.30000000000000004,[1. 1.]
1426,0.0,1427,1,False,0.0,714.0,1.0,1,0,2,[0. 1.],[1 2],0.0,1,0.6,0.7,0.30000000000000004,[1. 1.]
1427,1.0,1428,0,False,1.0,714.0,0.0,1,1,0,[0. 0.],[1 2],0.0,1,0.6,0.7,0.30000000000000004,[1. 1.]
1428,0.0,1429,1,False,0.0,715.0,1.0,1,0,2,[0. 0.],[1 2],0.0,1,0.6,0.7,0.30000000000000004,[1. 1.]
1429,1.0,1430,0,False,0.0,715.0,0.0,1,1,0,[0. 1.],[1 2],,1,0.6,0.7,0.30000000000000004,[1. 1.]
1430,0.0,1431,1,False,0.0,716.0,2.0,1,0,2,[0. 1.],[1 2],,1,0.6,0.7,0.30000000000000004,[1. 1.]
1431,2.0,1432,0,False,1.0,716.0,0.0,1,1,0,[0. 0.],[1 2],1.0,1,0.6,0.7,0.30000000000000004,[1. 1.]
1432,0.0,1433,1,False,0.0,717.0,2.0,1,0,2,[0. 0.],[1 2],1.0,1,0.6,0.7,0.30000000000000004,[1. 1.]
1433,2.0,1434,0,False,0.0,717.0,0.0,1,1,0,[1. 1.],[1 2],0.0,1,0.6,0.7,0.30000000000000004,[1. 1.]
1434,0.0,1435,1,False,0.0,718.0,1.0,1,0,2,[1. 1.],[1 2],0.0,1,0.6,0.7,0.30000000000000004,[1. 1.]
1435,1.0,1436,0,False,1.0,718.0,0.0,1,1,0,[1. 1.],[1 2],,1,0.6,0.7,0.30000000000000004,[1. 1.]
1436,0.0,1437,1,False,0.0,719.0,2.0,1,0,2,[1. 1.],[1 2],,1,0.6,0.7,0.30000000000000004,[1. 1.]
1437,2.0,1438,0,False,1.0,719.0,0.0,1,1,0,[0. 1.],[1 2],0.0,1,0.6,0.7,0.30000000000000004,[1. 1.]
1438,0.0,1439,1,False,0.0,720.0,1.0,1,0,2,[0. 1.],[1 2],0.0,1,0.6,0.7,0.30000000000000004,[1. 1.]
1439,1.0,1440,0,False,1.0,720.0,0.0,1,1,0,[1. 1.],[1 2],,1,0.6,0.7,0.30000000000000004,[1. 1.]
1440,0.0,1441,1,False,0.0,721.0,2.0,1,0,2,[1. 1.],[1 2],,1,0.6,0.7,0.30000000000000004,[1. 1.]
1441,2.0,1442,0,False,1.0,721.0,0.0,1,1,0,[1. 1.],[1 2],,1,0.6,0.7,0.30000000000000004,[1. 1.]
1442,0.0,1443,1,False,0.0,722.0,2.0,1,0,2,[1. 1.],[1 2],,1,0.6,0.7,0.30000000000000004,[1. 1.]
1443,2.0,1444,0,False,1.0,722.0,0.0,1,1,0,[0. 1.],[1 2],1.0,1,0.6,0.7,0.30000000000000004,[1. 1.]
1444,0.0,1445,1,False,0.0,723.0,2.0,1,0,2,[0. 1.],[1 2],1.0,1,0.6,0.7,0.30000000000000004,[1. 1.]
1445,2.0,1446,0,False,1.0,723.0,0.0,1,1,0,[1. 0.],[1 2],1.0,1,0.6,0.7,0.30000000000000004,[1. 1.]
1446,0.0,1447,1,False,0.0,724.0,2.0,1,0,2,[1. 0.],[1 2],1.0,1,0.6,0.7,0.30000000000000004,[1. 1.]
1447,2.0,1448,0,False,0.0,724.0,0.0,1,1,0,[0. 1.],[1 2],0.0,1,0.6,0.7,0.30000000000000004,[1. 1.]
1448,0.0,1449,1,False,0.0,725.0,1.0,1,0,2,[0. 1.],[1 2],0.0,1,0.6,0.7,0.30000000000000004,[1. 1.]
1449,1.0,1450,0,False,1.0,725.0,0.0,1,1,0,[0. 1.],[1 2],1.0,1,0.6,0.7,0.30000000000000004,[1. 1.]
1450,0.0,1451,1,False,0.0,726.0,2.0,1,0,2,[0. 1.],[1 2],1.0,1,0.6,0.7,0.30000000000000004,[1. 1.]
1451,2.0,1452,0,False,1.0,726.0,0.0,1,1,0,[0. 1.],[1 2],1.0,1,0.6,0.7,0.30000000000000004,[1. 1.]
1452,0.0,1453,1,False,0.0,727.0,2.0,1,0,2,[0. 1.],[1 2],1.0,1,0.6,0.7,0.30000000000000004,[1. 1.]
1453,2.0,1454,0,False,1.0,727.0,0.0,1,1,0,[0. 1.],[1 2],0.0,1,0.6,0.7,0.30000000000000004,[1. 1.]
1454,0.0,1455,1,False,0.0,728.0,1.0,1,0,2,[0. 1.],[1 2],0.0,1,0.6,0.7,0.30000000000000004,[1. 1.]
1455,1.0,1456,0,False,1.0,728.0,0.0,1,1,0,[0. 1.],[1 2],,1,0.6,0.7,0.30000000000000004,[1. 1.]
1456,0.0,1457,1,False,0.0,729.0,2.0,1,0,2,[0. 1.],[1 2],,1,0.6,0.7,0.30000000000000004,[1. 1.]
1457,2.0,1458,0,False,1.0,729.0,0.0,1,1,0,[1. 1.],[1 2],1.0,1,0.6,0.7,0.30000000000000004,[1. 1.]
1458,0.0,1459,1,False,0.0,730.0,2.0,1,0,2,[1. 1.],[1 2],1.0,1,0.6,0.7,0.30000000000000004,[1. 1.]
1459,2.0,1460,0,False,1.0,730.0,0.0,1,1,0,[0. 1.],[1 2],0.0,1,0.6,0.7,0.30000000000000004,[1. 1.]
1460,0.0,1461,1,False,0.0,731.0,1.0,1,0,2,[0. 1.],[1 2],0.0,1,0.6,0.7,0.30000000000000004,[1. 1.]
1461,1.0,1462,0,False,1.0,731.0,0.0,1,1,0,[1. 1.],[1 2],0.0,1,0.6,0.7,0.30000000000000004,[1. 1.]
1462,0.0,1463,1,False,0.0,732.0,1.0,1,0,2,[1. 1.],[1 2],0.0,1,0.6,0.7,0.30000000000000004,[1. 1.]
1463,1.0,1464,0,False,1.0,732.0,0.0,1,1,0,[0. 1.],[1 2],0.0,1,0.6,0.7,0.30000000000000004,[1. 1.]
1464,0.0,1465,1,False,0.0,733.0,1.0,1,0,2,[0. 1.],[1 2],0.0,1,0.6,0.7,0.30000000000000004,[1. 1.]
1465,1.0,1466,0,False,1.0,733.0,0.0,1,1,0,[0. 1.],[1 2],,1,0.6,0.7,0.30000000000000004,[1. 1.]
1466,0.0,1467,1,False,0.0,734.0,2.0,1,0,2,[0. 1.],[1 2],,1,0.6,0.7,0.30000000000000004,[1. 1.]
1467,2.0,1468,0,False,1.0,734.0,0.0,1,1,0,[0. 1.],[1 2],0.0,1,0.6,0.7,0.30000000000000004,[1. 1.]
1468,0.0,1469,1,False,0.0,735.0,1.0,1,0,2,[0. 1.],[1 2],0.0,1,0.6,0.7,0.30000000000000004,[1. 1.]
1469,1.0,1470,0,False,1.0,735.0,0.0,1,1,0,[1. 1.],[1 2],0.0,1,0.6,0.7,0.30000000000000004,[1. 1.]
1470,0.0,1471,1,False,0.0,736.0,1.0,1,0,2,[1. 1.],[1 2],0.0,1,0.6,0.7,0.30000000000000004,[1. 1.]
1471,1.0,1472,0,False,1.0,736.0,0.0,1,1,0,[1. 1.],[1 2],,1,0.6,0.7,0.30000000000000004,[1. 1.]
1472,0.0,1473,1,False,0.0,737.0,2.0,1,0,2,[1. 1.],[1 2],,1,0.6,0.7,0.30000000000000004,[1. 1.]
1473,2.0,1474,0,False,1.0,737.0,0.0,1,1,0,[0. 1.],[1 2],,1,0.6,0.7,0.30000000000000004,[1. 1.]
1474,0.0,1475,1,False,0.0,738.0,2.0,1,0,2,[0. 1.],[1 2],,1,0.6,0.7,0.30000000000000004,[1. 1.]
1475,2.0,1476,0,False,1.0,738.0,0.0,1,1,0,[0. 1.],[1 2],0.0,1,0.6,0.7,0.30000000000000004,[1. 1.]
1476,0.0,1477,1,False,0.0,739.0,1.0,1,0,2,[0. 1.],[1 2],0.0,1,0.6,0.7,0.30000000000000004,[1. 1.]
1477,1.0,1478,0,False,1.0,739.0,0.0,1,1,0,[1. 1.],[1 2],1.0,1,0.6,0.7,0.30000000000000004,[1. 1.]
1478,0.0,1479,1,False,0.0,740.0,2.0,1,0,2,[1. 1.],[1 2],1.0,1,0.6,0.7,0.30000000000000004,[1. 1.]
1479,2.0,1480,0,False,1.0,740.0,0.0,1,1,0,[0. 1.],[1 2],0.0,1,0.6,0.7,0.30000000000000004,[1. 1.]
1480,0.0,1481,1,False,0.0,741.0,1.0,1,0,2,[0. 1.],[1 2],0.0,1,0.6,0.7,0.30000000000000004,[1. 1.]
1481,1.0,1482,0,False,1.0,741.0,0.0,1,1,0,[0. 1.],[1 2],,1,0.6,0.7,0.30000000000000004,[1. 1.]
1482,0.0,1483,1,False,0.0,742.0,2.0,1,0,2,[0. 1.],[1 2],,1,0.6,0.7,0.30000000000000004,[1. 1.]
1483,2.0,1484,0,False,1.0,742.0,0.0,1,1,0,[0. 1.],[1 2],0.0,1,0.6,0.7,0.30000000000000004,[1. 1.]
1484,0.0,1485,1,False,0.0,743.0,1.0,1,0,2,[0. 1.],[1 2],0.0,1,0.6,0.7,0.30000000000000004,[1. 1.]
1485,1.0,1486,0,False,1.0,743.0,0.0,1,1,0,[0. 1.],[1 2],0.0,1,0.6,0.7,0.30000000000000004,[1. 1.]
1486,0.0,1487,1,False,0.0,744.0,1.0,1,0,2,[0. 1.],[1 2],0.0,1,0.6,0.7,0.30000000000000004,[1. 1.]
1487,1.0,1488,0,False,1.0,744.0,0.0,1,1,0,[0. 1.],[1 2],,1,0.6,0.7,0.30000000000000004,[1. 1.]
1488,0.0,1489,1,False,0.0,745.0,2.0,1,0,2,[0. 1.],[1 2],,1,0.6,0.7,0.30000000000000004,[1. 1.]
1489,2.0,1490,0,False,1.0,745.0,0.0,1,1,0,[1. 1.],[1 2],,1,0.6,0.7,0.30000000000000004,[1. 1.]
1490,0.0,1491,1,False,0.0,746.0,2.0,1,0,2,[1. 1.],[1 2],,1,0.6,0.7,0.30000000000000004,[1. 1.]
1491,2.0,1492,0,False,1.0,746.0,0.0,1,1,0,[0. 0.],[1 2],0.0,1,0.6,0.7,0.30000000000000004,[1. 1.]
1492,0.0,1493,1,False,0.0,747.0,1.0,1,0,2,[0. 0.],[1 2],0.0,1,0.6,0.7,0.30000000000000004,[1. 1.]
1493,1.0,1494,0,False,0.0,747.0,0.0,1,1,0,[0. 1.],[1 2],0.0,1,0.6,0.7,0.30000000000000004,[1. 1.]
1494,0.0,1495,1,False,0.0,748.0,1.0,1,0,2,[0. 1.],[1 2],0.0,1,0.6,0.7,0.30000000000000004,[1. 1.]
1495,1.0,1496,0,False,1.0,748.0,0.0,1,1,0,[0. 0.],[1 2],1.0,1,0.6,0.7,0.30000000000000004,[1. 1.]
1496,0.0,1497,1,False,0.0,749.0,2.0,1,0,2,[0. 0.],[1 2],1.0,1,0.6,0.7,0.30000000000000004,[1. 1.]
1497,2.0,1498,0,False,0.0,749.0,0.0,1,1,0,[0. 1.],[1 2],,1,0.6,0.7,0.30000000000000004,[1. 1.]
1498,0.0,1499,1,False,0.0,750.0,2.0,1,0,2,[0. 1.],[1 2],,1,0.6,0.7,0.30000000000000004,[1. 1.]
1499,2.0,1500,0,False,1.0,750.0,0.0,1,1,0,[0. 1.],[1 2],,1,0.6,0.7,0.30000000000000004,[1. 1.]
1500,0.0,1501,1,False,0.0,751.0,2.0,1,0,2,[0. 1.],[1 2],,1,0.6,0.7,0.30000000000000004,[1. 1.]
1501,2.0,1502,0,False,1.0,751.0,0.0,1,1,0,[1. 0.],[1 2],,1,0.6,0.7,0.30000000000000004,[1. 1.]
1502,0.0,1503,1,False,0.0,752.0,2.0,1,0,2,[1. 0.],[1 2],,1,0.6,0.7,0.30000000000000004,[1. 1.]
1503,2.0,1504,0,False,0.0,752.0,0.0,1,1,0,[0. 1.],[1 2],1.0,1,0.6,0.7,0.30000000000000004,[1. 1.]
1504,0.0,1505,1,False,0.0,753.0,2.0,1,0,2,[0. 1.],[1 2],1.0,1,0.6,0.7,0.30000000000000004,[1. 1.]
1505,2.0,1506,0,False,1.0,753.0,0.0,1,1,0,[0. 1.],[1 2],,1,0.6,0.7,0.30000000000000004,[1. 1.]
1506,0.0,1507,1,False,0.0,754.0,2.0,1,0,2,[0. 1.],[1 2],,1,0.6,0.7,0.30000000000000004,[1. 1.]
1507,2.0,1508,0,False,1.0,754.0,0.0,1,1,0,[0. 0.],[1 2],,1,0.6,0.7,0.30000000000000004,[1. 1.]
1508,0.0,1509,1,False,0.0,755.0,2.0,1,0,2,[0. 0.],[1 2],,1,0.6,0.7,0.30000000000000004,[1. 1.]
1509,2.0,1510,0,False,0.0,755.0,0.0,1,1,0,[0. 1.],[1 2],0.0,1,0.6,0.7,0.30000000000000004,[1. 1.]
1510,0.0,1511,1,False,0.0,756.0,1.0,1,0,2,[0. 1.],[1 2],0.0,1,0.6,0.7,0.30000000000000004,[1. 1.]
1511,1.0,1512,0,False,1.0,756.0,0.0,1,1,0,[0. 1.],[1 2],,1,0.6,0.7,0.30000000000000004,[1. 1.]
1512,0.0,1513,1,False,0.0,757.0,2.0,1,0,2,[0. 1.],[1 2],,1,0.6,0.7,0.30000000000000004,[1. 1.]
1513,2.0,1514,0,False,1.0,757.0,0.0,1,1,0,[1. 1.],[1 2],1.0,1,0.6,0.7,0.30000000000000004,[1. 1.]
1514,0.0,1515,1,False,0.0,758.0,2.0,1,0,2,[1. 1.],[1 2],1.0,1,0.6,0.7,0.30000000000000004,[1. 1.]
1515,2.0,1516,0,False,1.0,758.0,0.0,1,1,0,[0. 1.],[1 2],1.0,1,0.6,0.7,0.30000000000000004,[1. 1.]
1516,0.0,1517,1,False,0.0,759.0,2.0,1,0,2,[0. 1.],[1 2],1.0,1,0.6,0.7,0.30000000000000004,[1. 1.]
1517,2.0,1518,0,False,1.0,759.0,0.0,1,1,0,[0. 0.],[1 2],1.0,1,0.6,0.7,0.30000000000000004,[1. 1.]
1518,0.0,1519,1,False,0.0,760.0,2.0,1,0,2,[0. 0.],[1 2],1.0,1,0.6,0.7,0.30000000000000004,[1. 1.]
1519,2.0,1520,0,False,0.0,760.0,0.0,1,1,0,[1. 1.],[1 2],,1,0.6,0.7,0.30000000000000004,[1. 1.]
1520,0.0,1521,1,False,0.0,761.0,2.0,1,0,2,[1. 1.],[1 2],,1,0.6,0.7,0.30000000000000004,[1. 1.]
1521,2.0,1522,0,False,1.0,761.0,0.0,1,1,0,[1. 1.],[1 2],0.0,1,0.6,0.7,0.30000000000000004,[1. 1.]
1522,0.0,1523,1,False,0.0,762.0,1.0,1,0,2,[1. 1.],[1 2],0.0,1,0.6,0.7,0.30000000000000004,[1. 1.]
1523,1.0,1524,0,False,1.0,762.0,0.0,1,1,0,[0. 0.],[1 2],0.0,1,0.6,0.7,0.30000000000000004,[1. 1.]
1524,0.0,1525,1,False,0.0,763.0,1.0,1,0,2,[0. 0.],[1 2],0.0,1,0.6,0.7,0.30000000000000004,[1. 1.]
1525,1.0,1526,0,False,0.0,763.0,0.0,1,1,0,[0. 0.],[1 2],,1,0.6,0.7,0.30000000000000004,[1. 1.]
1526,0.0,1527,1,False,0.0,764.0,2.0,1,0,2,[0. 0.],[1 2],,1,0.6,0.7,0.30000000000000004,[1. 1.]
1527,2.0,1528,0,False,0.0,764.0,0.0,1,1,0,[1. 0.],[1 2],,1,0.6,0.7,0.30000000000000004,[1. 1.]
1528,0.0,1529,1,False,0.0,765.0,2.0,1,0,2,[1. 0.],[1 2],,1,0.6,0.7,0.30000000000000004,[1. 1.]
1529,2.0,1530,0,False,0.0,765.0,0.0,1,1,0,[0. 1.],[1 2],1.0,1,0.6,0.7,0.30000000000000004,[1. 1.]
1530,0.0,1531,1,False,0.0,766.0,2.0,1,0,2,[0. 1.],[1 2],1.0,1,0.6,0.7,0.30000000000000004,[1. 1.]
1531,2.0,1532,0,False,1.0,766.0,0.0,1,1,0,[0. 1.],[1 2],0.0,1,0.6,0.7,0.30000000000000004,[1. 1.]
1532,0.0,1533,1,False,0.0,767.0,1.0,1,0,2,[0. 1.],[1 2],0.0,1,0.6,0.7,0.30000000000000004,[1. 1.]
1533,1.0,1534,0,False,1.0,767.0,0.0,1,1,0,[1. 1.],[2 1],,1,0.6,0.7,0.30000000000000004,[1. 1.]
1534,0.0,1535,1,False,0.0,768.0,1.0,1,0,2,[1. 1.],[2 1],,1,0.6,0.7,0.30000000000000004,[1. 1.]
1535,1.0,1536,0,False,1.0,768.0,0.0,1,1,0,[0. 0.],[2 1],0.0,1,0.6,0.7,0.30000000000000004,[1. 1.]
1536,0.0,1537,1,False,0.0,769.0,1.0,1,0,2,[0. 0.],[2 1],0.0,1,0.6,0.7,0.30000000000000004,[1. 1.]
1537,1.0,1538,0,False,0.0,769.0,0.0,1,1,0,[1. 0.],[2 1],,1,0.6,0.7,0.30000000000000004,[1. 1.]
1538,0.0,1539,1,False,0.0,770.0,1.0,1,0,2,[1. 0.],[2 1],,1,0.6,0.7,0.30000000000000004,[1. 1.]
1539,1.0,1540,0,False,1.0,770.0,0.0,1,1,0,[0. 1.],[2 1],,1,0.6,0.7,0.30000000000000004,[1. 1.]
1540,0.0,1541,1,False,0.0,771.0,1.0,1,0,2,[0. 1.],[2 1],,1,0.6,0.7,0.30000000000000004,[1. 1.]
1541,1.0,1542,0,False,0.0,771.0,0.0,1,1,0,[0. 1.],[2 1],0.0,1,0.6,0.7,0.30000000000000004,[1. 1.]
1542,0.0,1543,1,False,0.0,772.0,1.0,1,0,2,[0. 1.],[2 1],0.0,1,0.6,0.7,0.30000000000000004,[1. 1.]
1543,1.0,1544,0,False,0.0,772.0,0.0,1,1,0,[1. 1.],[2 1],0.0,1,0.6,0.7,0.30000000000000004,[1. 1.]
1544,0.0,1545,1,False,0.0,773.0,1.0,1,0,1,[1. 1.],[2 1],0.0,1,0.6,0.7,0.30000000000000004,[1. 1.]
1545,1.0,1546,0,False,1.0,773.0,0.0,1,1,0,[0. 1.],[2 1],1.0,1,0.6,0.7,0.30000000000000004,[1. 1.]
1546,0.0,1547,1,False,0.0,774.0,2.0,1,0,1,[0. 1.],[2 1],1.0,1,0.6,0.7,0.30000000000000004,[1. 1.]
1547,2.0,1548,0,False,1.0,774.0,0.0,1,1,0,[1. 1.],[2 1],0.0,1,0.6,0.7,0.30000000000000004,[1. 1.]
1548,0.0,1549,1,False,0.0,775.0,1.0,1,0,1,[1. 1.],[2 1],0.0,1,0.6,0.7,0.30000000000000004,[1. 1.]
1549,1.0,1550,0,False,1.0,775.0,0.0,1,1,0,[0. 1.],[2 1],,1,0.6,0.7,0.30000000000000004,[1. 1.]
1550,0.0,1551,1,False,0.0,776.0,2.0,1,0,1,[0. 1.],[2 1],,1,0.6,0.7,0.30000000000000004,[1. 1.]
1551,2.0,1552,0,False,1.0,776.0,0.0,1,1,0,[1. 1.],[2 1],0.0,1,0.6,0.7,0.30000000000000004,[1. 1.]
1552,0.0,1553,1,False,0.0,777.0,1.0,1,0,1,[1. 1.],[2 1],0.0,1,0.6,0.7,0.30000000000000004,[1. 1.]
1553,1.0,1554,0,False,1.0,777.0,0.0,1,1,0,[0. 0.],[2 1],1.0,1,0.6,0.7,0.30000000000000004,[1. 1.]
1554,0.0,1555,1,False,0.0,778.0,2.0,1,0,1,[0. 0.],[2 1],1.0,1,0.6,0.7,0.30000000000000004,[1. 1.]
1555,2.0,1556,0,False,0.0,778.0,0.0,1,1,0,[1. 0.],[2 1],1.0,1,0.6,0.7,0.30000000000000004,[1. 1.]
1556,0.0,1557,1,False,0.0,779.0,2.0,1,0,1,[1. 0.],[2 1],1.0,1,0.6,0.7,0.30000000000000004,[1. 1.]
1557,2.0,1558,0,False,0.0,779.0,0.0,1,1,0,[0. 1.],[2 1],,1,0.6,0.7,0.30000000000000004,[1. 1.]
1558,0.0,1559,1,False,0.0,780.0,2.0,1,0,1,[0. 1.],[2 1],,1,0.6,0.7,0.30000000000000004,[1. 1.]
1559,2.0,1560,0,False,1.0,780.0,0.0,1,1,0,[0. 0.],[2 1],0.0,1,0.6,0.7,0.30000000000000004,[1. 1.]
1560,0.0,1561,1,False,0.0,781.0,1.0,1,0,1,[0. 0.],[2 1],0.0,1,0.6,0.7,0.30000000000000004,[1. 1.]
1561,1.0,1562,0,False,0.0,781.0,0.0,1,1,0,[0. 0.],[2 1],1.0,1,0.6,0.7,0.30000000000000004,[1. 1.]
1562,0.0,1563,1,False,0.0,782.0,2.0,1,0,1,[0. 0.],[2 1],1.0,1,0.6,0.7,0.30000000000000004,[1. 1.]
1563,2.0,1564,0,False,0.0,782.0,0.0,1,1,0,[1. 1.],[2 1],1.0,1,0.6,0.7,0.30000000000000004,[1. 1.]
1564,0.0,1565,1,False,0.0,783.0,2.0,1,0,1,[1. 1.],[2 1],1.0,1,0.6,0.7,0.30000000000000004,[1. 1.]
1565,2.0,1566,0,False,1.0,783.0,0.0,1,1,0,[1. 1.],[2 1],1.0,1,0.6,0.7,0.30000000000000004,[1. 1.]
1566,0.0,1567,1,False,0.0,784.0,2.0,1,0,1,[1. 1.],[2 1],1.0,1,0.6,0.7,0.30000000000000004,[1. 1.]
1567,2.0,1568,0,False,1.0,784.0,0.0,1,1,0,[0. 0.],[2 1],,1,0.6,0.7,0.30000000000000004,[1. 1.]
1568,0.0,1569,1,False,0.0,785.0,2.0,1,0,1,[0. 0.],[2 1],,1,0.6,0.7,0.30000000000000004,[1. 1.]
1569,2.0,1570,0,False,0.0,785.0,0.0,1,1,0,[0. 0.],[2 1],0.0,1,0.6,0.7,0.30000000000000004,[1. 1.]
1570,0.0,1571,1,False,0.0,786.0,1.0,1,0,1,[0. 0.],[2 1],0.0,1,0.6,0.7,0.30000000000000004,[1. 1.]
1571,1.0,1572,0,False,0.0,786.0,0.0,1,1,0,[0. 0.],[2 1],0.0,1,0.6,0.7,0.30000000000000004,[1. 1.]
1572,0.0,1573,1,False,0.0,787.0,1.0,1,0,1,[0. 0.],[2 1],0.0,1,0.6,0.7,0.30000000000000004,[1. 1.]
1573,1.0,1574,0,False,0.0,787.0,0.0,1,1,0,[0. 1.],[2 1],1.0,1,0.6,0.7,0.30000000000000004,[1. 1.]
1574,0.0,1575,1,False,0.0,788.0,2.0,1,0,2,[0. 1.],[2 1],1.0,1,0.6,0.7,0.30000000000000004,[1. 1.]
1575,2.0,1576,0,False,0.0,788.0,0.0,1,1,0,[0. 1.],[2 1],1.0,1,0.6,0.7,0.30000000000000004,[1. 1.]
1576,0.0,1577,1,False,0.0,789.0,2.0,1,0,2,[0. 1.],[2 1],1.0,1,0.6,0.7,0.30000000000000004,[1. 1.]
1577,2.0,1578,0,False,0.0,789.0,0.0,1,1,0,[1. 0.],[2 1],1.0,1,0.6,0.7,0.30000000000000004,[1. 1.]
1578,0.0,1579,1,False,0.0,790.0,2.0,1,0,1,[1. 0.],[2 1],1.0,1,0.6,0.7,0.30000000000000004,[1. 1.]
1579,2.0,1580,0,False,0.0,790.0,0.0,1,1,0,[0. 1.],[2 1],0.0,1,0.6,0.7,0.30000000000000004,[1. 1.]
1580,0.0,1581,1,False,0.0,791.0,1.0,1,0,1,[0. 1.],[2 1],0.0,1,0.6,0.7,0.30000000000000004,[1. 1.]
1581,1.0,1582,0,False,1.0,791.0,0.0,1,1,0,[0. 0.],[2 1],,1,0.6,0.7,0.30000000000000004,[1. 1.]
1582,0.0,1583,1,False,0.0,792.0,2.0,1,0,1,[0. 0.],[2 1],,1,0.6,0.7,0.30000000000000004,[1. 1.]
1583,2.0,1584,0,False,0.0,792.0,0.0,1,1,0,[1. 1.],[2 1],1.0,1,0.6,0.7,0.30000000000000004,[1. 1.]
1584,0.0,1585,1,False,0.0,793.0,2.0,1,0,1,[1. 1.],[2 1],1.0,1,0.6,0.7,0.30000000000000004,[1. 1.]
1585,2.0,1586,0,False,1.0,793.0,0.0,1,1,0,[0. 0.],[2 1],,1,0.6,0.7,0.30000000000000004,[1. 1.]
1586,0.0,1587,1,False,0.0,794.0,2.0,1,0,1,[0. 0.],[2 1],,1,0.6,0.7,0.30000000000000004,[1. 1.]
1587,2.0,1588,0,False,0.0,794.0,0.0,1,1,0,[0. 1.],[2 1],0.0,1,0.6,0.7,0.30000000000000004,[1. 1.]
1588,0.0,1589,1,False,0.0,795.0,1.0,1,0,1,[0. 1.],[2 1],0.0,1,0.6,0.7,0.30000000000000004,[1. 1.]
1589,1.0,1590,0,False,1.0,795.0,0.0,1,1,0,[0. 1.],[2 1],0.0,1,0.6,0.7,0.30000000000000004,[1. 1.]
1590,0.0,1591,1,False,0.0,796.0,1.0,1,0,1,[0. 1.],[2 1],0.0,1,0.6,0.7,0.30000000000000004,[1. 1.]
1591,1.0,1592,0,False,1.0,796.0,0.0,1,1,0,[0. 1.],[2 1],,1,0.6,0.7,0.30000000000000004,[1. 1.]
1592,0.0,1593,1,False,0.0,797.0,2.0,1,0,1,[0. 1.],[2 1],,1,0.6,0.7,0.30000000000000004,[1. 1.]
1593,2.0,1594,0,False,1.0,797.0,0.0,1,1,0,[1. 0.],[2 1],1.0,1,0.6,0.7,0.30000000000000004,[1. 1.]
1594,0.0,1595,1,False,0.0,798.0,2.0,1,0,1,[1. 0.],[2 1],1.0,1,0.6,0.7,0.30000000000000004,[1. 1.]
1595,2.0,1596,0,False,0.0,798.0,0.0,1,1,0,[1. 1.],[2 1],1.0,1,0.6,0.7,0.30000000000000004,[1. 1.]
1596,0.0,1597,1,False,0.0,799.0,2.0,1,0,1,[1. 1.],[2 1],1.0,1,0.6,0.7,0.30000000000000004,[1. 1.]
1597,2.0,1598,0,False,1.0,799.0,0.0,1,1,0,[0. 1.],[2 1],1.0,1,0.6,0.7,0.30000000000000004,[1. 1.]
1598,0.0,1599,1,False,0.0,800.0,2.0,1,0,1,[0. 1.],[2 1],1.0,1,0.6,0.7,0.30000000000000004,[1. 1.]
1599,2.0,1600,0,False,1.0,800.0,0.0,1,1,0,[0. 1.],[1 2],1.0,1,0.6,0.7,0.30000000000000004,[1. 1.]
1600,0.0,1601,1,False,0.0,801.0,2.0,1,0,1,[0. 1.],[1 2],1.0,1,0.6,0.7,0.30000000000000004,[1. 1.]
1601,2.0,1602,0,False,0.0,801.0,0.0,1,1,0,[0. 1.],[1 2],1.0,1,0.6,0.7,0.30000000000000004,[1. 1.]
1602,0.0,1603,1,False,0.0,802.0,2.0,1,0,1,[0. 1.],[1 2],1.0,1,0.6,0.7,0.30000000000000004,[1. 1.]
1603,2.0,1604,0,False,0.0,802.0,0.0,1,1,0,[1. 0.],[1 2],0.0,0,0.6,0.7,0.30000000000000004,[1. 1.]
1604,0.0,1605,1,False,0.0,803.0,1.0,1,0,1,[1. 0.],[1 2],0.0,0,0.6,0.7,0.30000000000000004,[1. 1.]
1605,1.0,1606,0,False,1.0,803.0,0.0,1,1,0,[1. 0.],[1 2],0.0,0,0.6,0.7,0.30000000000000004,[1. 1.]
1606,0.0,1607,1,False,0.0,804.0,1.0,1,0,1,[1. 0.],[1 2],0.0,0,0.6,0.7,0.30000000000000004,[1. 1.]
1607,1.0,1608,0,False,1.0,804.0,0.0,1,1,0,[0. 0.],[1 2],0.0,0,0.6,0.7,0.30000000000000004,[1. 1.]
1608,0.0,1609,1,False,0.0,805.0,1.0,1,0,1,[0. 0.],[1 2],0.0,0,0.6,0.7,0.30000000000000004,[1. 1.]
1609,1.0,1610,0,False,0.0,805.0,0.0,1,1,0,[1. 0.],[1 2],1.0,0,0.6,0.7,0.30000000000000004,[1. 1.]
1610,0.0,1611,1,False,0.0,806.0,2.0,1,0,1,[1. 0.],[1 2],1.0,0,0.6,0.7,0.30000000000000004,[1. 1.]
1611,2.0,1612,0,False,1.0,806.0,0.0,1,1,0,[1. 0.],[1 2],1.0,0,0.6,0.7,0.30000000000000004,[1. 1.]
1612,0.0,1613,1,False,0.0,807.0,2.0,1,0,1,[1. 0.],[1 2],1.0,0,0.6,0.7,0.30000000000000004,[1. 1.]
1613,2.0,1614,0,False,1.0,807.0,0.0,1,1,0,[0. 1.],[1 2],1.0,0,0.6,0.7,0.30000000000000004,[1. 1.]
1614,0.0,1615,1,False,0.0,808.0,2.0,1,0,1,[0. 1.],[1 2],1.0,0,0.6,0.7,0.30000000000000004,[1. 1.]
1615,2.0,1616,0,False,0.0,808.0,0.0,1,1,0,[1. 1.],[1 2],,0,0.6,0.7,0.30000000000000004,[1. 1.]
1616,0.0,1617,1,False,0.0,809.0,1.0,1,0,1,[1. 1.],[1 2],,0,0.6,0.7,0.30000000000000004,[1. 1.]
1617,1.0,1618,0,False,1.0,809.0,0.0,1,1,0,[1. 0.],[1 2],1.0,0,0.6,0.7,0.30000000000000004,[1. 1.]
1618,0.0,1619,1,False,0.0,810.0,2.0,1,0,1,[1. 0.],[1 2],1.0,0,0.6,0.7,0.30000000000000004,[1. 1.]
1619,2.0,1620,0,False,1.0,810.0,0.0,1,1,0,[0. 0.],[1 2],,0,0.6,0.7,0.30000000000000004,[1. 1.]
1620,0.0,1621,1,False,0.0,811.0,1.0,1,0,1,[0. 0.],[1 2],,0,0.6,0.7,0.30000000000000004,[1. 1.]
1621,1.0,1622,0,False,0.0,811.0,0.0,1,1,0,[1. 0.],[1 2],0.0,0,0.6,0.7,0.30000000000000004,[1. 1.]
1622,0.0,1623,1,False,0.0,812.0,1.0,1,0,1,[1. 0.],[1 2],0.0,0,0.6,0.7,0.30000000000000004,[1. 1.]
1623,1.0,1624,0,False,1.0,812.0,0.0,1,1,0,[1. 0.],[1 2],,0,0.6,0.7,0.30000000000000004,[1. 1.]
1624,0.0,1625,1,False,0.0,813.0,1.0,1,0,1,[1. 0.],[1 2],,0,0.6,0.7,0.30000000000000004,[1. 1.]
1625,1.0,1626,0,False,1.0,813.0,0.0,1,1,0,[0. 0.],[1 2],0.0,0,0.6,0.7,0.30000000000000004,[1. 1.]
1626,0.0,1627,1,False,0.0,814.0,1.0,1,0,1,[0. 0.],[1 2],0.0,0,0.6,0.7,0.30000000000000004,[1. 1.]
1627,1.0,1628,0,False,0.0,814.0,0.0,1,1,0,[1. 0.],[1 2],,0,0.6,0.7,0.30000000000000004,[1. 1.]
1628,0.0,1629,1,False,0.0,815.0,1.0,1,0,1,[1. 0.],[1 2],,0,0.6,0.7,0.30000000000000004,[1. 1.]
1629,1.0,1630,0,False,1.0,815.0,0.0,1,1,0,[0. 1.],[1 2],0.0,0,0.6,0.7,0.30000000000000004,[1. 1.]
1630,0.0,1631,1,False,0.0,816.0,1.0,1,0,1,[0. 1.],[1 2],0.0,0,0.6,0.7,0.30000000000000004,[1. 1.]
1631,1.0,1632,0,False,0.0,816.0,0.0,1,1,0,[1. 0.],[1 2],,0,0.6,0.7,0.30000000000000004,[1. 1.]
1632,0.0,1633,1,False,0.0,817.0,1.0,1,0,1,[1. 0.],[1 2],,0,0.6,0.7,0.30000000000000004,[1. 1.]
1633,1.0,1634,0,False,1.0,817.0,0.0,1,1,0,[1. 0.],[1 2],1.0,0,0.6,0.7,0.30000000000000004,[1. 1.]
1634,0.0,1635,1,False,0.0,818.0,2.0,1,0,1,[1. 0.],[1 2],1.0,0,0.6,0.7,0.30000000000000004,[1. 1.]
1635,2.0,1636,0,False,1.0,818.0,0.0,1,1,0,[1. 0.],[1 2],0.0,0,0.6,0.7,0.30000000000000004,[1. 1.]
1636,0.0,1637,1,False,0.0,819.0,1.0,1,0,1,[1. 0.],[1 2],0.0,0,0.6,0.7,0.30000000000000004,[1. 1.]
1637,1.0,1638,0,False,1.0,819.0,0.0,1,1,0,[1. 1.],[1 2],,0,0.6,0.7,0.30000000000000004,[1. 1.]
1638,0.0,1639,1,False,0.0,820.0,1.0,1,0,1,[1. 1.],[1 2],,0,0.6,0.7,0.30000000000000004,[1. 1.]
1639,1.0,1640,0,False,1.0,820.0,0.0,1,1,0,[1. 0.],[2 1],,0,0.6,0.7,0.30000000000000004,[1. 1.]
1640,0.0,1641,1,False,0.0,821.0,2.0,1,0,1,[1. 0.],[2 1],,0,0.6,0.7,0.30000000000000004,[1. 1.]
1641,2.0,1642,0,False,0.0,821.0,0.0,1,1,0,[0. 0.],[2 1],0.0,0,0.6,0.7,0.30000000000000004,[1. 1.]
1642,0.0,1643,1,False,0.0,822.0,1.0,1,0,1,[0. 0.],[2 1],0.0,0,0.6,0.7,0.30000000000000004,[1. 1.]
1643,1.0,1644,0,False,0.0,822.0,0.0,1,1,0,[1. 1.],[2 1],1.0,0,0.6,0.7,0.30000000000000004,[1. 1.]
1644,0.0,1645,1,False,0.0,823.0,2.0,1,0,1,[1. 1.],[2 1],1.0,0,0.6,0.7,0.30000000000000004,[1. 1.]
1645,2.0,1646,0,False,1.0,823.0,0.0,1,1,0,[1. 1.],[2 1],,0,0.6,0.7,0.30000000000000004,[1. 1.]
1646,0.0,1647,1,False,0.0,824.0,2.0,1,0,1,[1. 1.],[2 1],,0,0.6,0.7,0.30000000000000004,[1. 1.]
1647,2.0,1648,0,False,1.0,824.0,0.0,1,1,0,[1. 1.],[2 1],,0,0.6,0.7,0.30000000000000004,[1. 1.]
1648,0.0,1649,1,False,0.0,825.0,2.0,1,0,1,[1. 1.],[2 1],,0,0.6,0.7,0.30000000000000004,[1. 1.]
1649,2.0,1650,0,False,1.0,825.0,0.0,1,1,0,[1. 1.],[2 1],1.0,0,0.6,0.7,0.30000000000000004,[1. 1.]
1650,0.0,1651,1,False,0.0,826.0,2.0,1,0,1,[1. 1.],[2 1],1.0,0,0.6,0.7,0.30000000000000004,[1. 1.]
1651,2.0,1652,0,False,1.0,826.0,0.0,1,1,0,[1. 0.],[2 1],1.0,0,0.6,0.7,0.30000000000000004,[1. 1.]
1652,0.0,1653,1,False,0.0,827.0,2.0,1,0,1,[1. 0.],[2 1],1.0,0,0.6,0.7,0.30000000000000004,[1. 1.]
1653,2.0,1654,0,False,0.0,827.0,0.0,1,1,0,[0. 1.],[2 1],1.0,1,0.6,0.7,0.30000000000000004,[1. 1.]
1654,0.0,1655,1,False,0.0,828.0,2.0,1,0,1,[0. 1.],[2 1],1.0,1,0.6,0.7,0.30000000000000004,[1. 1.]
1655,2.0,1656,0,False,1.0,828.0,0.0,1,1,0,[0. 0.],[2 1],1.0,1,0.6,0.7,0.30000000000000004,[1. 1.]
1656,0.0,1657,1,False,0.0,829.0,2.0,1,0,1,[0. 0.],[2 1],1.0,1,0.6,0.7,0.30000000000000004,[1. 1.]
1657,2.0,1658,0,False,0.0,829.0,0.0,1,1,0,[0. 1.],[2 1],0.0,1,0.6,0.7,0.30000000000000004,[1. 1.]
1658,0.0,1659,1,False,0.0,830.0,1.0,1,0,1,[0. 1.],[2 1],0.0,1,0.6,0.7,0.30000000000000004,[1. 1.]
1659,1.0,1660,0,False,1.0,830.0,0.0,1,1,0,[1. 0.],[2 1],0.0,1,0.6,0.7,0.30000000000000004,[1. 1.]
1660,0.0,1661,1,False,0.0,831.0,1.0,1,0,1,[1. 0.],[2 1],0.0,1,0.6,0.7,0.30000000000000004,[1. 1.]
1661,1.0,1662,0,False,0.0,831.0,0.0,1,1,0,[1. 0.],[2 1],,1,0.6,0.7,0.30000000000000004,[1. 1.]
1662,0.0,1663,1,False,0.0,832.0,2.0,1,0,1,[1. 0.],[2 1],,1,0.6,0.7,0.30000000000000004,[1. 1.]
1663,2.0,1664,0,False,0.0,832.0,0.0,1,1,0,[0. 0.],[2 1],1.0,1,0.6,0.7,0.30000000000000004,[1. 1.]
1664,0.0,1665,1,False,0.0,833.0,2.0,1,0,1,[0. 0.],[2 1],1.0,1,0.6,0.7,0.30000000000000004,[1. 1.]
1665,2.0,1666,0,False,0.0,833.0,0.0,1,1,0,[0. 1.],[2 1],,1,0.6,0.7,0.30000000000000004,[1. 1.]
1666,0.0,1667,1,False,0.0,834.0,1.0,1,0,2,[0. 1.],[2 1],,1,0.6,0.7,0.30000000000000004,[1. 1.]
1667,1.0,1668,0,False,0.0,834.0,0.0,1,1,0,[1. 1.],[2 1],1.0,1,0.6,0.7,0.30000000000000004,[1. 1.]
1668,0.0,1669,1,False,0.0,835.0,2.0,1,0,1,[1. 1.],[2 1],1.0,1,0.6,0.7,0.30000000000000004,[1. 1.]
1669,2.0,1670,0,False,1.0,835.0,0.0,1,1,0,[1. 1.],[2 1],0.0,1,0.6,0.7,0.30000000000000004,[1. 1.]
1670,0.0,1671,1,False,0.0,836.0,1.0,1,0,1,[1. 1.],[2 1],0.0,1,0.6,0.7,0.30000000000000004,[1. 1.]
1671,1.0,1672,0,False,1.0,836.0,0.0,1,1,0,[0. 0.],[2 1],,1,0.6,0.7,0.30000000000000004,[1. 1.]
1672,0.0,1673,1,False,0.0,837.0,2.0,1,0,1,[0. 0.],[2 1],,1,0.6,0.7,0.30000000000000004,[1. 1.]
1673,2.0,1674,0,False,0.0,837.0,0.0,1,1,0,[1. 1.],[2 1],1.0,1,0.6,0.7,0.30000000000000004,[1. 1.]
1674,0.0,1675,1,False,0.0,838.0,2.0,1,0,1,[1. 1.],[2 1],1.0,1,0.6,0.7,0.30000000000000004,[1. 1.]
1675,2.0,1676,0,False,1.0,838.0,0.0,1,1,0,[0. 1.],[2 1],,1,0.6,0.7,0.30000000000000004,[1. 1.]
1676,0.0,1677,1,False,0.0,839.0,2.0,1,0,1,[0. 1.],[2 1],,1,0.6,0.7,0.30000000000000004,[1. 1.]
1677,2.0,1678,0,False,1.0,839.0,0.0,1,1,0,[0. 1.],[2 1],0.0,1,0.6,0.7,0.30000000000000004,[1. 1.]
1678,0.0,1679,1,False,0.0,840.0,1.0,1,0,1,[0. 1.],[2 1],0.0,1,0.6,0.7,0.30000000000000004,[1. 1.]
1679,1.0,1680,0,False,1.0,840.0,0.0,1,1,0,[0. 1.],[2 1],,1,0.6,0.7,0.30000000000000004,[1. 1.]
1680,0.0,1681,1,False,0.0,841.0,2.0,1,0,1,[0. 1.],[2 1],,1,0.6,0.7,0.30000000000000004,[1. 1.]
1681,2.0,1682,0,False,1.0,841.0,0.0,1,1,0,[0. 1.],[2 1],0.0,1,0.6,0.7,0.30000000000000004,[1. 1.]
1682,0.0,1683,1,False,0.0,842.0,1.0,1,0,1,[0. 1.],[2 1],0.0,1,0.6,0.7,0.30000000000000004,[1. 1.]
1683,1.0,1684,0,False,1.0,842.0,0.0,1,1,0,[0. 1.],[2 1],,1,0.6,0.7,0.30000000000000004,[1. 1.]
1684,0.0,1685,1,False,0.0,843.0,2.0,1,0,1,[0. 1.],[2 1],,1,0.6,0.7,0.30000000000000004,[1. 1.]
1685,2.0,1686,0,False,1.0,843.0,0.0,1,1,0,[0. 1.],[2 1],0.0,1,0.6,0.7,0.30000000000000004,[1. 1.]
1686,0.0,1687,1,False,0.0,844.0,1.0,1,0,1,[0. 1.],[2 1],0.0,1,0.6,0.7,0.30000000000000004,[1. 1.]
1687,1.0,1688,0,False,1.0,844.0,0.0,1,1,0,[0. 1.],[2 1],,1,0.6,0.7,0.30000000000000004,[1. 1.]
1688,0.0,1689,1,False,0.0,845.0,2.0,1,0,1,[0. 1.],[2 1],,1,0.6,0.7,0.30000000000000004,[1. 1.]
1689,2.0,1690,0,False,1.0,845.0,0.0,1,1,0,[0. 1.],[2 1],0.0,1,0.6,0.7,0.30000000000000004,[1. 1.]
1690,0.0,1691,1,False,0.0,846.0,1.0,1,0,1,[0. 1.],[2 1],0.0,1,0.6,0.7,0.30000000000000004,[1. 1.]
1691,1.0,1692,0,False,1.0,846.0,0.0,1,1,0,[0. 1.],[2 1],,1,0.6,0.7,0.30000000000000004,[1. 1.]
1692,0.0,1693,1,False,0.0,847.0,2.0,1,0,1,[0. 1.],[2 1],,1,0.6,0.7,0.30000000000000004,[1. 1.]
1693,2.0,1694,0,False,1.0,847.0,0.0,1,1,0,[1. 1.],[2 1],0.0,1,0.6,0.7,0.30000000000000004,[1. 1.]
1694,0.0,1695,1,False,0.0,848.0,1.0,1,0,1,[1. 1.],[2 1],0.0,1,0.6,0.7,0.30000000000000004,[1. 1.]
1695,1.0,1696,0,False,1.0,848.0,0.0,1,1,0,[1. 1.],[2 1],,1,0.6,0.7,0.30000000000000004,[1. 1.]
1696,0.0,1697,1,False,0.0,849.0,2.0,1,0,1,[1. 1.],[2 1],,1,0.6,0.7,0.30000000000000004,[1. 1.]
1697,2.0,1698,0,False,1.0,849.0,0.0,1,1,0,[0. 1.],[2 1],,1,0.6,0.7,0.30000000000000004,[1. 1.]
1698,0.0,1699,1,False,0.0,850.0,2.0,1,0,1,[0. 1.],[2 1],,1,0.6,0.7,0.30000000000000004,[1. 1.]
1699,2.0,1700,0,False,1.0,850.0,0.0,1,1,0,[1. 1.],[2 1],,1,0.6,0.7,0.30000000000000004,[1. 1.]
1700,0.0,1701,1,False,0.0,851.0,2.0,1,0,1,[1. 1.],[2 1],,1,0.6,0.7,0.30000000000000004,[1. 1.]
1701,2.0,1702,0,False,1.0,851.0,0.0,1,1,0,[0. 1.],[2 1],,1,0.6,0.7,0.30000000000000004,[1. 1.]
1702,0.0,1703,1,False,0.0,852.0,2.0,1,0,1,[0. 1.],[2 1],,1,0.6,0.7,0.30000000000000004,[1. 1.]
1703,2.0,1704,0,False,1.0,852.0,0.0,1,1,0,[1. 1.],[2 1],1.0,1,0.6,0.7,0.30000000000000004,[1. 1.]
1704,0.0,1705,1,False,0.0,853.0,2.0,1,0,1,[1. 1.],[2 1],1.0,1,0.6,0.7,0.30000000000000004,[1. 1.]
1705,2.0,1706,0,False,1.0,853.0,0.0,1,1,0,[0. 0.],[2 1],,1,0.6,0.7,0.30000000000000004,[1. 1.]
1706,0.0,1707,1,False,0.0,854.0,2.0,1,0,1,[0. 0.],[2 1],,1,0.6,0.7,0.30000000000000004,[1. 1.]
1707,2.0,1708,0,False,0.0,854.0,0.0,1,1,0,[1. 1.],[1 2],0.0,1,0.6,0.7,0.30000000000000004,[1. 1.]
1708,0.0,1709,1,False,0.0,855.0,1.0,1,0,1,[1. 1.],[1 2],0.0,1,0.6,0.7,0.30000000000000004,[1. 1.]
1709,1.0,1710,0,False,1.0,855.0,0.0,1,1,0,[1. 0.],[1 2],1.0,1,0.6,0.7,0.30000000000000004,[1. 1.]
1710,0.0,1711,1,False,0.0,856.0,2.0,1,0,1,[1. 0.],[1 2],1.0,1,0.6,0.7,0.30000000000000004,[1. 1.]
1711,2.0,1712,0,False,1.0,856.0,0.0,1,1,0,[1. 1.],[1 2],,1,0.6,0.7,0.30000000000000004,[1. 1.]
1712,0.0,1713,1,False,0.0,857.0,1.0,1,0,1,[1. 1.],[1 2],,1,0.6,0.7,0.30000000000000004,[1. 1.]
1713,1.0,1714,0,False,1.0,857.0,0.0,1,1,0,[1. 0.],[1 2],0.0,1,0.6,0.7,0.30000000000000004,[1. 1.]
1714,0.0,1715,1,False,0.0,858.0,1.0,1,0,1,[1. 0.],[1 2],0.0,1,0.6,0.7,0.30000000000000004,[1. 1.]
1715,1.0,1716,0,False,1.0,858.0,0.0,1,1,0,[1. 1.],[1 2],0.0,1,0.6,0.7,0.30000000000000004,[1. 1.]
1716,0.0,1717,1,False,0.0,859.0,1.0,1,0,1,[1. 1.],[1 2],0.0,1,0.6,0.7,0.30000000000000004,[1. 1.]
1717,1.0,1718,0,False,1.0,859.0,0.0,1,1,0,[0. 1.],[1 2],,1,0.6,0.7,0.30000000000000004,[1. 1.]
1718,0.0,1719,1,False,0.0,860.0,1.0,1,0,1,[0. 1.],[1 2],,1,0.6,0.7,0.30000000000000004,[1. 1.]
1719,1.0,1720,0,False,0.0,860.0,0.0,1,1,0,[0. 1.],[1 2],1.0,1,0.6,0.7,0.30000000000000004,[1. 1.]
1720,0.0,1721,1,False,0.0,861.0,2.0,1,0,1,[0. 1.],[1 2],1.0,1,0.6,0.7,0.30000000000000004,[1. 1.]
1721,2.0,1722,0,False,0.0,861.0,0.0,1,1,0,[0. 0.],[1 2],1.0,1,0.6,0.7,0.30000000000000004,[1. 1.]
1722,0.0,1723,1,False,0.0,862.0,2.0,1,0,1,[0. 0.],[1 2],1.0,1,0.6,0.7,0.30000000000000004,[1. 1.]
1723,2.0,1724,0,False,0.0,862.0,0.0,1,1,0,[0. 1.],[1 2],,1,0.6,0.7,0.30000000000000004,[1. 1.]
1724,0.0,1725,1,False,0.0,863.0,1.0,1,0,1,[0. 1.],[1 2],,1,0.6,0.7,0.30000000000000004,[1. 1.]
1725,1.0,1726,0,False,0.0,863.0,0.0,1,1,0,[0. 0.],[1 2],1.0,1,0.6,0.7,0.30000000000000004,[1. 1.]
1726,0.0,1727,1,False,0.0,864.0,2.0,1,0,2,[0. 0.],[1 2],1.0,1,0.6,0.7,0.30000000000000004,[1. 1.]
1727,2.0,1728,0,False,0.0,864.0,0.0,1,1,0,[1. 0.],[1 2],,1,0.6,0.7,0.30000000000000004,[1. 1.]
1728,0.0,1729,1,False,0.0,865.0,2.0,1,0,2,[1. 0.],[1 2],,1,0.6,0.7,0.30000000000000004,[1. 1.]
1729,2.0,1730,0,False,0.0,865.0,0.0,1,1,0,[0. 1.],[1 2],,1,0.6,0.7,0.30000000000000004,[1. 1.]
1730,0.0,1731,1,False,0.0,866.0,1.0,1,0,1,[0. 1.],[1 2],,1,0.6,0.7,0.30000000000000004,[1. 1.]
1731,1.0,1732,0,False,0.0,866.0,0.0,1,1,0,[0. 1.],[1 2],0.0,1,0.6,0.7,0.30000000000000004,[1. 1.]
1732,0.0,1733,1,False,0.0,867.0,1.0,1,0,2,[0. 1.],[1 2],0.0,1,0.6,0.7,0.30000000000000004,[1. 1.]
1733,1.0,1734,0,False,1.0,867.0,0.0,1,1,0,[0. 1.],[1 2],,1,0.6,0.7,0.30000000000000004,[1. 1.]
1734,0.0,1735,1,False,0.0,868.0,2.0,1,0,2,[0. 1.],[1 2],,1,0.6,0.7,0.30000000000000004,[1. 1.]
1735,2.0,1736,0,False,1.0,868.0,0.0,1,1,0,[0. 0.],[1 2],,1,0.6,0.7,0.30000000000000004,[1. 1.]
1736,0.0,1737,1,False,0.0,869.0,2.0,1,0,2,[0. 0.],[1 2],,1,0.6,0.7,0.30000000000000004,[1. 1.]
1737,2.0,1738,0,False,0.0,869.0,0.0,1,1,0,[1. 1.],[1 2],0.0,1,0.6,0.7,0.30000000000000004,[1. 1.]
1738,0.0,1739,1,False,0.0,870.0,1.0,1,0,2,[1. 1.],[1 2],0.0,1,0.6,0.7,0.30000000000000004,[1. 1.]
1739,1.0,1740,0,False,1.0,870.0,0.0,1,1,0,[1. 0.],[1 2],1.0,0,0.6,0.7,0.30000000000000004,[1. 1.]
1740,0.0,1741,1,False,0.0,871.0,2.0,1,0,2,[1. 0.],[1 2],1.0,0,0.6,0.7,0.30000000000000004,[1. 1.]
1741,2.0,1742,0,False,0.0,871.0,0.0,1,1,0,[1. 1.],[1 2],1.0,0,0.6,0.7,0.30000000000000004,[1. 1.]
1742,0.0,1743,1,False,0.0,872.0,2.0,1,0,2,[1. 1.],[1 2],1.0,0,0.6,0.7,0.30000000000000004,[1. 1.]
1743,2.0,1744,0,False,1.0,872.0,0.0,1,1,0,[1. 1.],[1 2],0.0,0,0.6,0.7,0.30000000000000004,[1. 1.]
1744,0.0,1745,1,False,0.0,873.0,1.0,1,0,2,[1. 1.],[1 2],0.0,0,0.6,0.7,0.30000000000000004,[1. 1.]
1745,1.0,1746,0,False,1.0,873.0,0.0,1,1,0,[1. 0.],[1 2],1.0,0,0.6,0.7,0.30000000000000004,[1. 1.]
1746,0.0,1747,1,False,0.0,874.0,2.0,1,0,2,[1. 0.],[1 2],1.0,0,0.6,0.7,0.30000000000000004,[1. 1.]
1747,2.0,1748,0,False,0.0,874.0,0.0,1,1,0,[1. 0.],[1 2],,0,0.6,0.7,0.30000000000000004,[1. 1.]
1748,0.0,1749,1,False,0.0,875.0,2.0,1,0,2,[1. 0.],[1 2],,0,0.6,0.7,0.30000000000000004,[1. 1.]
1749,2.0,1750,0,False,0.0,875.0,0.0,1,1,0,[0. 1.],[1 2],1.0,0,0.6,0.7,0.30000000000000004,[1. 1.]
1750,0.0,1751,1,False,0.0,876.0,2.0,1,0,2,[0. 1.],[1 2],1.0,0,0.6,0.7,0.30000000000000004,[1. 1.]
1751,2.0,1752,0,False,1.0,876.0,0.0,1,1,0,[0. 0.],[1 2],1.0,0,0.6,0.7,0.30000000000000004,[1. 1.]
1752,0.0,1753,1,False,0.0,877.0,2.0,1,0,2,[0. 0.],[1 2],1.0,0,0.6,0.7,0.30000000000000004,[1. 1.]
1753,2.0,1754,0,False,0.0,877.0,0.0,1,1,0,[0. 0.],[1 2],1.0,0,0.6,0.7,0.30000000000000004,[1. 1.]
1754,0.0,1755,1,False,0.0,878.0,2.0,1,0,2,[0. 0.],[1 2],1.0,0,0.6,0.7,0.30000000000000004,[1. 1.]
1755,2.0,1756,0,False,0.0,878.0,0.0,1,1,0,[1. 0.],[1 2],,0,0.6,0.7,0.30000000000000004,[1. 1.]
1756,0.0,1757,1,False,0.0,879.0,2.0,1,0,2,[1. 0.],[1 2],,0,0.6,0.7,0.30000000000000004,[1. 1.]
1757,2.0,1758,0,False,0.0,879.0,0.0,1,1,0,[1. 0.],[1 2],0.0,0,0.6,0.7,0.30000000000000004,[1. 1.]
1758,0.0,1759,1,False,0.0,880.0,1.0,1,0,2,[1. 0.],[1 2],0.0,0,0.6,0.7,0.30000000000000004,[1. 1.]
1759,1.0,1760,0,False,0.0,880.0,0.0,1,1,0,[1. 0.],[1 2],,0,0.6,0.7,0.30000000000000004,[1. 1.]
1760,0.0,1761,1,False,0.0,881.0,1.0,1,0,1,[1. 0.],[1 2],,0,0.6,0.7,0.30000000000000004,[1. 1.]
1761,1.0,1762,0,False,1.0,881.0,0.0,1,1,0,[1. 0.],[1 2],1.0,0,0.6,0.7,0.30000000000000004,[1. 1.]
1762,0.0,1763,1,False,0.0,882.0,2.0,1,0,1,[1. 0.],[1 2],1.0,0,0.6,0.7,0.30000000000000004,[1. 1.]
1763,2.0,1764,0,False,1.0,882.0,0.0,1,1,0,[1. 0.],[1 2],0.0,0,0.6,0.7,0.30000000000000004,[1. 1.]
1764,0.0,1765,1,False,0.0,883.0,1.0,1,0,1,[1. 0.],[1 2],0.0,0,0.6,0.7,0.30000000000000004,[1. 1.]
1765,1.0,1766,0,False,1.0,883.0,0.0,1,1,0,[1. 0.],[1 2],1.0,0,0.6,0.7,0.30000000000000004,[1. 1.]
1766,0.0,1767,1,False,0.0,884.0,2.0,1,0,1,[1. 0.],[1 2],1.0,0,0.6,0.7,0.30000000000000004,[1. 1.]
1767,2.0,1768,0,False,1.0,884.0,0.0,1,1,0,[1. 1.],[1 2],,0,0.6,0.7,0.30000000000000004,[1. 1.]
1768,0.0,1769,1,False,0.0,885.0,1.0,1,0,1,[1. 1.],[1 2],,0,0.6,0.7,0.30000000000000004,[1. 1.]
1769,1.0,1770,0,False,1.0,885.0,0.0,1,1,0,[1. 1.],[1 2],1.0,0,0.6,0.7,0.30000000000000004,[1. 1.]
1770,0.0,1771,1,False,0.0,886.0,2.0,1,0,1,[1. 1.],[1 2],1.0,0,0.6,0.7,0.30000000000000004,[1. 1.]
1771,2.0,1772,0,False,1.0,886.0,0.0,1,1,0,[0. 0.],[1 2],,0,0.6,0.7,0.30000000000000004,[1. 1.]
1772,0.0,1773,1,False,0.0,887.0,1.0,1,0,1,[0. 0.],[1 2],,0,0.6,0.7,0.30000000000000004,[1. 1.]
1773,1.0,1774,0,False,0.0,887.0,0.0,1,1,0,[1. 0.],[1 2],1.0,0,0.6,0.7,0.30000000000000004,[1. 1.]
1774,0.0,1775,1,False,0.0,888.0,2.0,1,0,1,[1. 0.],[1 2],1.0,0,0.6,0.7,0.30000000000000004,[1. 1.]
1775,2.0,1776,0,False,1.0,888.0,0.0,1,1,0,[0. 0.],[1 2],,0,0.6,0.7,0.30000000000000004,[1. 1.]
1776,0.0,1777,1,False,0.0,889.0,1.0,1,0,1,[0. 0.],[1 2],,0,0.6,0.7,0.30000000000000004,[1. 1.]
1777,1.0,1778,0,False,0.0,889.0,0.0,1,1,0,[1. 1.],[1 2],0.0,0,0.6,0.7,0.30000000000000004,[1. 1.]
1778,0.0,1779,1,False,0.0,890.0,1.0,1,0,1,[1. 1.],[1 2],0.0,0,0.6,0.7,0.30000000000000004,[1. 1.]
1779,1.0,1780,0,False,1.0,890.0,0.0,1,1,0,[1. 1.],[1 2],,0,0.6,0.7,0.30000000000000004,[1. 1.]
1780,0.0,1781,1,False,0.0,891.0,1.0,1,0,1,[1. 1.],[1 2],,0,0.6,0.7,0.30000000000000004,[1. 1.]
1781,1.0,1782,0,False,1.0,891.0,0.0,1,1,0,[0. 1.],[1 2],1.0,0,0.6,0.7,0.30000000000000004,[1. 1.]
1782,0.0,1783,1,False,0.0,892.0,2.0,1,0,1,[0. 1.],[1 2],1.0,0,0.6,0.7,0.30000000000000004,[1. 1.]
1783,2.0,1784,0,False,0.0,892.0,0.0,1,1,0,[1. 1.],[1 2],,0,0.6,0.7,0.30000000000000004,[1. 1.]
1784,0.0,1785,1,False,0.0,893.0,1.0,1,0,1,[1. 1.],[1 2],,0,0.6,0.7,0.30000000000000004,[1. 1.]
1785,1.0,1786,0,False,1.0,893.0,0.0,1,1,0,[1. 0.],[1 2],0.0,0,0.6,0.7,0.30000000000000004,[1. 1.]
1786,0.0,1787,1,False,0.0,894.0,1.0,1,0,1,[1. 0.],[1 2],0.0,0,0.6,0.7,0.30000000000000004,[1. 1.]
1787,1.0,1788,0,False,1.0,894.0,0.0,1,1,0,[1. 0.],[1 2],,0,0.6,0.7,0.30000000000000004,[1. 1.]
1788,0.0,1789,1,False,0.0,895.0,1.0,1,0,1,[1. 0.],[1 2],,0,0.6,0.7,0.30000000000000004,[1. 1.]
1789,1.0,1790,0,False,1.0,895.0,0.0,1,1,0,[1. 0.],[1 2],1.0,0,0.6,0.7,0.30000000000000004,[1. 1.]
1790,0.0,1791,1,False,0.0,896.0,2.0,1,0,1,[1. 0.],[1 2],1.0,0,0.6,0.7,0.30000000000000004,[1. 1.]
1791,2.0,1792,0,False,1.0,896.0,0.0,1,1,0,[1. 1.],[1 2],0.0,0,0.6,0.7,0.30000000000000004,[1. 1.]
1792,0.0,1793,1,False,0.0,897.0,1.0,1,0,1,[1. 1.],[1 2],0.0,0,0.6,0.7,0.30000000000000004,[1. 1.]
1793,1.0,1794,0,False,1.0,897.0,0.0,1,1,0,[0. 0.],[1 2],1.0,0,0.6,0.7,0.30000000000000004,[1. 1.]
1794,0.0,1795,1,False,0.0,898.0,2.0,1,0,1,[0. 0.],[1 2],1.0,0,0.6,0.7,0.30000000000000004,[1. 1.]
1795,2.0,1796,0,False,0.0,898.0,0.0,1,1,0,[1. 1.],[1 2],1.0,0,0.6,0.7,0.30000000000000004,[1. 1.]
1796,0.0,1797,1,False,0.0,899.0,2.0,1,0,1,[1. 1.],[1 2],1.0,0,0.6,0.7,0.30000000000000004,[1. 1.]
1797,2.0,1798,0,False,1.0,899.0,0.0,1,1,0,[1. 1.],[1 2],0.0,0,0.6,0.7,0.30000000000000004,[1. 1.]
1798,0.0,1799,1,False,0.0,900.0,1.0,1,0,1,[1. 1.],[1 2],0.0,0,0.6,0.7,0.30000000000000004,[1. 1.]
1799,1.0,1800,0,False,1.0,900.0,0.0,1,1,0,[0. 0.],[1 2],0.0,0,0.6,0.7,0.30000000000000004,[1. 1.]
1800,0.0,1801,1,False,0.0,901.0,1.0,1,0,1,[0. 0.],[1 2],0.0,0,0.6,0.7,0.30000000000000004,[1. 1.]
1801,1.0,1802,0,False,0.0,901.0,0.0,1,1,0,[0. 0.],[1 2],0.0,0,0.6,0.7,0.30000000000000004,[1. 1.]
1802,0.0,1803,1,False,0.0,902.0,1.0,1,0,1,[0. 0.],[1 2],0.0,0,0.6,0.7,0.30000000000000004,[1. 1.]
1803,1.0,1804,0,False,0.0,902.0,0.0,1,1,0,[1. 1.],[1 2],,0,0.6,0.7,0.30000000000000004,[1. 1.]
1804,0.0,1805,1,False,0.0,903.0,1.0,1,0,1,[1. 1.],[1 2],,0,0.6,0.7,0.30000000000000004,[1. 1.]
1805,1.0,1806,0,False,1.0,903.0,0.0,1,1,0,[0. 0.],[1 2],,0,0.6,0.7,0.30000000000000004,[1. 1.]
1806,0.0,1807,1,False,0.0,904.0,1.0,1,0,1,[0. 0.],[1 2],,0,0.6,0.7,0.30000000000000004,[1. 1.]
1807,1.0,1808,0,False,0.0,904.0,0.0,1,1,0,[1. 0.],[1 2],,0,0.6,0.7,0.30000000000000004,[1. 1.]
1808,0.0,1809,1,False,0.0,905.0,1.0,1,0,1,[1. 0.],[1 2],,0,0.6,0.7,0.30000000000000004,[1. 1.]
1809,1.0,1810,0,False,1.0,905.0,0.0,1,1,0,[1. 0.],[1 2],1.0,0,0.6,0.7,0.30000000000000004,[1. 1.]
1810,0.0,1811,1,False,0.0,906.0,2.0,1,0,1,[1. 0.],[1 2],1.0,0,0.6,0.7,0.30000000000000004,[1. 1.]
1811,2.0,1812,0,False,1.0,906.0,0.0,1,1,0,[1. 0.],[1 2],1.0,0,0.6,0.7,0.30000000000000004,[1. 1.]
1812,0.0,1813,1,False,0.0,907.0,2.0,1,0,1,[1. 0.],[1 2],1.0,0,0.6,0.7,0.30000000000000004,[1. 1.]
1813,2.0,1814,0,False,1.0,907.0,0.0,1,1,0,[0. 0.],[1 2],,0,0.6,0.7,0.30000000000000004,[1. 1.]
1814,0.0,1815,1,False,0.0,908.0,1.0,1,0,1,[0. 0.],[1 2],,0,0.6,0.7,0.30000000000000004,[1. 1.]
1815,1.0,1816,0,False,0.0,908.0,0.0,1,1,0,[1. 0.],[1 2],,0,0.6,0.7,0.30000000000000004,[1. 1.]
1816,0.0,1817,1,False,0.0,909.0,1.0,1,0,1,[1. 0.],[1 2],,0,0.6,0.7,0.30000000000000004,[1. 1.]
1817,1.0,1818,0,False,1.0,909.0,0.0,1,1,0,[0. 0.],[1 2],,0,0.6,0.7,0.30000000000000004,[1. 1.]
1818,0.0,1819,1,False,0.0,910.0,1.0,1,0,1,[0. 0.],[1 2],,0,0.6,0.7,0.30000000000000004,[1. 1.]
1819,1.0,1820,0,False,0.0,910.0,0.0,1,1,0,[1. 1.],[1 2],,0,0.6,0.7,0.30000000000000004,[1. 1.]
1820,0.0,1821,1,False,0.0,911.0,1.0,1,0,1,[1. 1.],[1 2],,0,0.6,0.7,0.30000000000000004,[1. 1.]
1821,1.0,1822,0,False,1.0,911.0,0.0,1,1,0,[1. 1.],[1 2],1.0,0,0.6,0.7,0.30000000000000004,[1. 1.]
1822,0.0,1823,1,False,0.0,912.0,2.0,1,0,1,[1. 1.],[1 2],1.0,0,0.6,0.7,0.30000000000000004,[1. 1.]
1823,2.0,1824,0,False,1.0,912.0,0.0,1,1,0,[1. 0.],[1 2],0.0,0,0.6,0.7,0.30000000000000004,[1. 1.]
1824,0.0,1825,1,False,0.0,913.0,1.0,1,0,1,[1. 0.],[1 2],0.0,0,0.6,0.7,0.30000000000000004,[1. 1.]
1825,1.0,1826,0,False,1.0,913.0,0.0,1,1,0,[0. 0.],[1 2],1.0,0,0.6,0.7,0.30000000000000004,[1. 1.]
1826,0.0,1827,1,False,0.0,914.0,2.0,1,0,1,[0. 0.],[1 2],1.0,0,0.6,0.7,0.30000000000000004,[1. 1.]
1827,2.0,1828,0,False,0.0,914.0,0.0,1,1,0,[1. 1.],[1 2],,0,0.6,0.7,0.30000000000000004,[1. 1.]
1828,0.0,1829,1,False,0.0,915.0,1.0,1,0,1,[1. 1.],[1 2],,0,0.6,0.7,0.30000000000000004,[1. 1.]
1829,1.0,1830,0,False,1.0,915.0,0.0,1,1,0,[1. 0.],[1 2],,0,0.6,0.7,0.30000000000000004,[1. 1.]
1830,0.0,1831,1,False,0.0,916.0,1.0,1,0,1,[1. 0.],[1 2],,0,0.6,0.7,0.30000000000000004,[1. 1.]
1831,1.0,1832,0,False,1.0,916.0,0.0,1,1,0,[0. 0.],[1 2],,0,0.6,0.7,0.30000000000000004,[1. 1.]
1832,0.0,1833,1,False,0.0,917.0,1.0,1,0,1,[0. 0.],[1 2],,0,0.6,0.7,0.30000000000000004,[1. 1.]
1833,1.0,1834,0,False,0.0,917.0,0.0,1,1,0,[1. 1.],[1 2],1.0,0,0.6,0.7,0.30000000000000004,[1. 1.]
1834,0.0,1835,1,False,0.0,918.0,2.0,1,0,1,[1. 1.],[1 2],1.0,0,0.6,0.7,0.30000000000000004,[1. 1.]
1835,2.0,1836,0,False,1.0,918.0,0.0,1,1,0,[1. 0.],[1 2],,0,0.6,0.7,0.30000000000000004,[1. 1.]
1836,0.0,1837,1,False,0.0,919.0,1.0,1,0,1,[1. 0.],[1 2],,0,0.6,0.7,0.30000000000000004,[1. 1.]
1837,1.0,1838,0,False,1.0,919.0,0.0,1,1,0,[0. 0.],[1 2],0.0,0,0.6,0.7,0.30000000000000004,[1. 1.]
1838,0.0,1839,1,False,0.0,920.0,1.0,1,0,1,[0. 0.],[1 2],0.0,0,0.6,0.7,0.30000000000000004,[1. 1.]
1839,1.0,1840,0,False,0.0,920.0,0.0,1,1,0,[1. 0.],[1 2],1.0,0,0.6,0.7,0.30000000000000004,[1. 1.]
1840,0.0,1841,1,False,0.0,921.0,2.0,1,0,1,[1. 0.],[1 2],1.0,0,0.6,0.7,0.30000000000000004,[1. 1.]
1841,2.0,1842,0,False,1.0,921.0,0.0,1,1,0,[1. 1.],[1 2],,0,0.6,0.7,0.30000000000000004,[1. 1.]
1842,0.0,1843,1,False,0.0,922.0,1.0,1,0,1,[1. 1.],[1 2],,0,0.6,0.7,0.30000000000000004,[1. 1.]
1843,1.0,1844,0,False,1.0,922.0,0.0,1,1,0,[1. 0.],[1 2],,0,0.6,0.7,0.30000000000000004,[1. 1.]
1844,0.0,1845,1,False,0.0,923.0,1.0,1,0,1,[1. 0.],[1 2],,0,0.6,0.7,0.30000000000000004,[1. 1.]
1845,1.0,1846,0,False,1.0,923.0,0.0,1,1,0,[1. 1.],[1 2],1.0,0,0.6,0.7,0.30000000000000004,[1. 1.]
1846,0.0,1847,1,False,0.0,924.0,2.0,1,0,1,[1. 1.],[1 2],1.0,0,0.6,0.7,0.30000000000000004,[1. 1.]
1847,2.0,1848,0,False,1.0,924.0,0.0,1,1,0,[0. 1.],[2 1],,0,0.6,0.7,0.30000000000000004,[1. 1.]
1848,0.0,1849,1,False,0.0,925.0,2.0,1,0,1,[0. 1.],[2 1],,0,0.6,0.7,0.30000000000000004,[1. 1.]
1849,2.0,1850,0,False,1.0,925.0,0.0,1,1,0,[1. 0.],[2 1],0.0,0,0.6,0.7,0.30000000000000004,[1. 1.]
1850,0.0,1851,1,False,0.0,926.0,1.0,1,0,1,[1. 0.],[2 1],0.0,0,0.6,0.7,0.30000000000000004,[1. 1.]
1851,1.0,1852,0,False,0.0,926.0,0.0,1,1,0,[1. 0.],[2 1],0.0,1,0.6,0.7,0.30000000000000004,[1. 1.]
1852,0.0,1853,1,False,0.0,927.0,1.0,1,0,1,[1. 0.],[2 1],0.0,1,0.6,0.7,0.30000000000000004,[1. 1.]
1853,1.0,1854,0,False,0.0,927.0,0.0,1,1,0,[0. 1.],[2 1],1.0,1,0.6,0.7,0.30000000000000004,[1. 1.]
1854,0.0,1855,1,False,0.0,928.0,2.0,1,0,2,[0. 1.],[2 1],1.0,1,0.6,0.7,0.30000000000000004,[1. 1.]
1855,2.0,1856,0,False,0.0,928.0,0.0,1,1,0,[0. 0.],[2 1],1.0,1,0.6,0.7,0.30000000000000004,[1. 1.]
1856,0.0,1857,1,False,0.0,929.0,2.0,1,0,1,[0. 0.],[2 1],1.0,1,0.6,0.7,0.30000000000000004,[1. 1.]
1857,2.0,1858,0,False,0.0,929.0,0.0,1,1,0,[1. 0.],[2 1],1.0,1,0.6,0.7,0.30000000000000004,[1. 1.]
1858,0.0,1859,1,False,0.0,930.0,2.0,1,0,2,[1. 0.],[2 1],1.0,1,0.6,0.7,0.30000000000000004,[1. 1.]
1859,2.0,1860,0,False,1.0,930.0,0.0,1,1,0,[1. 0.],[1 2],0.0,1,0.6,0.7,0.30000000000000004,[1. 1.]
1860,0.0,1861,1,False,0.0,931.0,1.0,1,0,2,[1. 0.],[1 2],0.0,1,0.6,0.7,0.30000000000000004,[1. 1.]
1861,1.0,1862,0,False,0.0,931.0,0.0,1,1,0,[0. 1.],[1 2],1.0,1,0.6,0.7,0.30000000000000004,[1. 1.]
1862,0.0,1863,1,False,0.0,932.0,2.0,1,0,2,[0. 1.],[1 2],1.0,1,0.6,0.7,0.30000000000000004,[1. 1.]
1863,2.0,1864,0,False,1.0,932.0,0.0,1,1,0,[1. 0.],[1 2],,1,0.6,0.7,0.30000000000000004,[1. 1.]
1864,0.0,1865,1,False,0.0,933.0,2.0,1,0,2,[1. 0.],[1 2],,1,0.6,0.7,0.30000000000000004,[1. 1.]
1865,2.0,1866,0,False,0.0,933.0,0.0,1,1,0,[0. 1.],[1 2],,1,0.6,0.7,0.30000000000000004,[1. 1.]
1866,0.0,1867,1,False,0.0,934.0,2.0,1,0,2,[0. 1.],[1 2],,1,0.6,0.7,0.30000000000000004,[1. 1.]
1867,2.0,1868,0,False,1.0,934.0,0.0,1,1,0,[0. 1.],[1 2],0.0,1,0.6,0.7,0.30000000000000004,[1. 1.]
1868,0.0,1869,1,False,0.0,935.0,1.0,1,0,2,[0. 1.],[1 2],0.0,1,0.6,0.7,0.30000000000000004,[1. 1.]
1869,1.0,1870,0,False,1.0,935.0,0.0,1,1,0,[1. 0.],[1 2],,1,0.6,0.7,0.30000000000000004,[1. 1.]
1870,0.0,1871,1,False,0.0,936.0,2.0,1,0,2,[1. 0.],[1 2],,1,0.6,0.7,0.30000000000000004,[1. 1.]
1871,2.0,1872,0,False,0.0,936.0,0.0,1,1,0,[0. 0.],[1 2],0.0,1,0.6,0.7,0.30000000000000004,[1. 1.]
1872,0.0,1873,1,False,0.0,937.0,1.0,1,0,2,[0. 0.],[1 2],0.0,1,0.6,0.7,0.30000000000000004,[1. 1.]
1873,1.0,1874,0,False,0.0,937.0,0.0,1,1,0,[1. 1.],[1 2],1.0,1,0.6,0.7,0.30000000000000004,[1. 1.]
1874,0.0,1875,1,False,0.0,938.0,2.0,1,0,2,[1. 1.],[1 2],1.0,1,0.6,0.7,0.30000000000000004,[1. 1.]
1875,2.0,1876,0,False,1.0,938.0,0.0,1,1,0,[1. 1.],[1 2],0.0,1,0.6,0.7,0.30000000000000004,[1. 1.]
1876,0.0,1877,1,False,0.0,939.0,1.0,1,0,2,[1. 1.],[1 2],0.0,1,0.6,0.7,0.30000000000000004,[1. 1.]
1877,1.0,1878,0,False,1.0,939.0,0.0,1,1,0,[0. 1.],[1 2],1.0,1,0.6,0.7,0.30000000000000004,[1. 1.]
1878,0.0,1879,1,False,0.0,940.0,2.0,1,0,2,[0. 1.],[1 2],1.0,1,0.6,0.7,0.30000000000000004,[1. 1.]
1879,2.0,1880,0,False,1.0,940.0,0.0,1,1,0,[0. 0.],[1 2],,1,0.6,0.7,0.30000000000000004,[1. 1.]
1880,0.0,1881,1,False,0.0,941.0,2.0,1,0,2,[0. 0.],[1 2],,1,0.6,0.7,0.30000000000000004,[1. 1.]
1881,2.0,1882,0,False,0.0,941.0,0.0,1,1,0,[1. 0.],[1 2],0.0,1,0.6,0.7,0.30000000000000004,[1. 1.]
1882,0.0,1883,1,False,0.0,942.0,1.0,1,0,2,[1. 0.],[1 2],0.0,1,0.6,0.7,0.30000000000000004,[1. 1.]
1883,1.0,1884,0,False,0.0,942.0,0.0,1,1,0,[0. 1.],[1 2],,1,0.6,0.7,0.30000000000000004,[1. 1.]
1884,0.0,1885,1,False,0.0,943.0,2.0,1,0,2,[0. 1.],[1 2],,1,0.6,0.7,0.30000000000000004,[1. 1.]
1885,2.0,1886,0,False,1.0,943.0,0.0,1,1,0,[1. 1.],[1 2],,1,0.6,0.7,0.30000000000000004,[1. 1.]
1886,0.0,1887,1,False,0.0,944.0,2.0,1,0,2,[1. 1.],[1 2],,1,0.6,0.7,0.30000000000000004,[1. 1.]
1887,2.0,1888,0,False,1.0,944.0,0.0,1,1,0,[1. 1.],[1 2],,1,0.6,0.7,0.30000000000000004,[1. 1.]
1888,0.0,1889,1,False,0.0,945.0,2.0,1,0,2,[1. 1.],[1 2],,1,0.6,0.7,0.30000000000000004,[1. 1.]
1889,2.0,1890,0,False,1.0,945.0,0.0,1,1,0,[0. 1.],[2 1],,1,0.6,0.7,0.30000000000000004,[1. 1.]
1890,0.0,1891,1,False,0.0,946.0,1.0,1,0,2,[0. 1.],[2 1],,1,0.6,0.7,0.30000000000000004,[1. 1.]
1891,1.0,1892,0,False,0.0,946.0,0.0,1,1,0,[0. 1.],[1 2],0.0,1,0.6,0.7,0.30000000000000004,[1. 1.]
1892,0.0,1893,1,False,0.0,947.0,1.0,1,0,2,[0. 1.],[1 2],0.0,1,0.6,0.7,0.30000000000000004,[1. 1.]
1893,1.0,1894,0,False,1.0,947.0,0.0,1,1,0,[0. 1.],[1 2],1.0,1,0.6,0.7,0.30000000000000004,[1. 1.]
1894,0.0,1895,1,False,0.0,948.0,2.0,1,0,2,[0. 1.],[1 2],1.0,1,0.6,0.7,0.30000000000000004,[1. 1.]
1895,2.0,1896,0,False,1.0,948.0,0.0,1,1,0,[0. 0.],[1 2],0.0,1,0.6,0.7,0.30000000000000004,[1. 1.]
1896,0.0,1897,1,False,0.0,949.0,1.0,1,0,2,[0. 0.],[1 2],0.0,1,0.6,0.7,0.30000000000000004,[1. 1.]
1897,1.0,1898,0,False,0.0,949.0,0.0,1,1,0,[0. 1.],[1 2],0.0,1,0.6,0.7,0.30000000000000004,[1. 1.]
1898,0.0,1899,1,False,0.0,950.0,1.0,1,0,2,[0. 1.],[1 2],0.0,1,0.6,0.7,0.30000000000000004,[1. 1.]
1899,1.0,1900,0,False,1.0,950.0,0.0,1,1,0,[0. 1.],[1 2],0.0,1,0.6,0.7,0.30000000000000004,[1. 1.]
1900,0.0,1901,1,False,0.0,951.0,1.0,1,0,2,[0. 1.],[1 2],0.0,1,0.6,0.7,0.30000000000000004,[1. 1.]
1901,1.0,1902,0,False,1.0,951.0,0.0,1,1,0,[0. 1.],[2 1],1.0,1,0.6,0.7,0.30000000000000004,[1. 1.]
1902,0.0,1903,1,False,0.0,952.0,2.0,1,0,2,[0. 1.],[2 1],1.0,1,0.6,0.7,0.30000000000000004,[1. 1.]
1903,2.0,1904,0,False,0.0,952.0,0.0,1,1,0,[0. 1.],[2 1],1.0,1,0.6,0.7,0.30000000000000004,[1. 1.]
1904,0.0,1905,1,False,0.0,953.0,2.0,1,0,2,[0. 1.],[2 1],1.0,1,0.6,0.7,0.30000000000000004,[1. 1.]
1905,2.0,1906,0,False,0.0,953.0,0.0,1,1,0,[0. 1.],[2 1],0.0,1,0.6,0.7,0.30000000000000004,[1. 1.]
1906,0.0,1907,1,False,0.0,954.0,1.0,1,0,2,[0. 1.],[2 1],0.0,1,0.6,0.7,0.30000000000000004,[1. 1.]
1907,1.0,1908,0,False,0.0,954.0,0.0,1,1,0,[1. 1.],[2 1],1.0,1,0.6,0.7,0.30000000000000004,[1. 1.]
1908,0.0,1909,1,False,0.0,955.0,2.0,1,0,1,[1. 1.],[2 1],1.0,1,0.6,0.7,0.30000000000000004,[1. 1.]
1909,2.0,1910,0,False,1.0,955.0,0.0,1,1,0,[0. 1.],[2 1],1.0,1,0.6,0.7,0.30000000000000004,[1. 1.]
1910,0.0,1911,1,False,0.0,956.0,2.0,1,0,1,[0. 1.],[2 1],1.0,1,0.6,0.7,0.30000000000000004,[1. 1.]
1911,2.0,1912,0,False,1.0,956.0,0.0,1,1,0,[0. 1.],[2 1],,1,0.6,0.7,0.30000000000000004,[1. 1.]
1912,0.0,1913,1,False,0.0,957.0,2.0,1,0,1,[0. 1.],[2 1],,1,0.6,0.7,0.30000000000000004,[1. 1.]
1913,2.0,1914,0,False,1.0,957.0,0.0,1,1,0,[0. 1.],[2 1],,1,0.6,0.7,0.30000000000000004,[1. 1.]
1914,0.0,1915,1,False,0.0,958.0,2.0,1,0,1,[0. 1.],[2 1],,1,0.6,0.7,0.30000000000000004,[1. 1.]
1915,2.0,1916,0,False,1.0,958.0,0.0,1,1,0,[1. 1.],[2 1],0.0,1,0.6,0.7,0.30000000000000004,[1. 1.]
1916,0.0,1917,1,False,0.0,959.0,1.0,1,0,1,[1. 1.],[2 1],0.0,1,0.6,0.7,0.30000000000000004,[1. 1.]
1917,1.0,1918,0,False,1.0,959.0,0.0,1,1,0,[0. 0.],[2 1],,1,0.6,0.7,0.30000000000000004,[1. 1.]
1918,0.0,1919,1,False,0.0,960.0,2.0,1,0,1,[0. 0.],[2 1],,1,0.6,0.7,0.30000000000000004,[1. 1.]
1919,2.0,1920,0,False,0.0,960.0,0.0,1,1,0,[1. 1.],[2 1],1.0,1,0.6,0.7,0.30000000000000004,[1. 1.]
1920,0.0,1921,1,False,0.0,961.0,2.0,1,0,1,[1. 1.],[2 1],1.0,1,0.6,0.7,0.30000000000000004,[1. 1.]
1921,2.0,1922,0,False,1.0,961.0,0.0,1,1,0,[0. 1.],[2 1],1.0,1,0.6,0.7,0.30000000000000004,[1. 1.]
1922,0.0,1923,1,False,0.0,962.0,2.0,1,0,1,[0. 1.],[2 1],1.0,1,0.6,0.7,0.30000000000000004,[1. 1.]
1923,2.0,1924,0,False,1.0,962.0,0.0,1,1,0,[0. 1.],[2 1],0.0,1,0.6,0.7,0.30000000000000004,[1. 1.]
1924,0.0,1925,1,False,0.0,963.0,1.0,1,0,1,[0. 1.],[2 1],0.0,1,0.6,0.7,0.30000000000000004,[1. 1.]
1925,1.0,1926,0,False,1.0,963.0,0.0,1,1,0,[1. 0.],[2 1],0.0,1,0.6,0.7,0.30000000000000004,[1. 1.]
1926,0.0,1927,1,False,0.0,964.0,1.0,1,0,1,[1. 0.],[2 1],0.0,1,0.6,0.7,0.30000000000000004,[1. 1.]
1927,1.0,1928,0,False,0.0,964.0,0.0,1,1,0,[0. 0.],[2 1],0.0,1,0.6,0.7,0.30000000000000004,[1. 1.]
1928,0.0,1929,1,False,0.0,965.0,1.0,1,0,1,[0. 0.],[2 1],0.0,1,0.6,0.7,0.30000000000000004,[1. 1.]
1929,1.0,1930,0,False,0.0,965.0,0.0,1,1,0,[0. 1.],[2 1],0.0,1,0.6,0.7,0.30000000000000004,[1. 1.]
1930,0.0,1931,1,False,0.0,966.0,1.0,1,0,2,[0. 1.],[2 1],0.0,1,0.6,0.7,0.30000000000000004,[1. 1.]
1931,1.0,1932,0,False,0.0,966.0,0.0,1,1,0,[0. 1.],[2 1],1.0,1,0.6,0.7,0.30000000000000004,[1. 1.]
1932,0.0,1933,1,False,0.0,967.0,2.0,1,0,1,[0. 1.],[2 1],1.0,1,0.6,0.7,0.30000000000000004,[1. 1.]
1933,2.0,1934,0,False,1.0,967.0,0.0,1,1,0,[1. 1.],[2 1],0.0,1,0.6,0.7,0.30000000000000004,[1. 1.]
1934,0.0,1935,1,False,0.0,968.0,1.0,1,0,1,[1. 1.],[2 1],0.0,1,0.6,0.7,0.30000000000000004,[1. 1.]
1935,1.0,1936,0,False,1.0,968.0,0.0,1,1,0,[0. 1.],[2 1],1.0,1,0.6,0.7,0.30000000000000004,[1. 1.]
1936,0.0,1937,1,False,0.0,969.0,2.0,1,0,1,[0. 1.],[2 1],1.0,1,0.6,0.7,0.30000000000000004,[1. 1.]
1937,2.0,1938,0,False,1.0,969.0,0.0,1,1,0,[0. 1.],[2 1],0.0,1,0.6,0.7,0.30000000000000004,[1. 1.]
1938,0.0,1939,1,False,0.0,970.0,1.0,1,0,1,[0. 1.],[2 1],0.0,1,0.6,0.7,0.30000000000000004,[1. 1.]
1939,1.0,1940,0,False,1.0,970.0,0.0,1,1,0,[0. 1.],[2 1],0.0,1,0.6,0.7,0.30000000000000004,[1. 1.]
1940,0.0,1941,1,False,0.0,971.0,1.0,1,0,1,[0. 1.],[2 1],0.0,1,0.6,0.7,0.30000000000000004,[1. 1.]
1941,1.0,1942,0,False,1.0,971.0,0.0,1,1,0,[1. 0.],[2 1],1.0,1,0.6,0.7,0.30000000000000004,[1. 1.]
1942,0.0,1943,1,False,0.0,972.0,2.0,1,0,1,[1. 0.],[2 1],1.0,1,0.6,0.7,0.30000000000000004,[1. 1.]
1943,2.0,1944,0,False,0.0,972.0,0.0,1,1,0,[0. 1.],[2 1],,1,0.6,0.7,0.30000000000000004,[1. 1.]
1944,0.0,1945,1,False,0.0,973.0,2.0,1,0,1,[0. 1.],[2 1],,1,0.6,0.7,0.30000000000000004,[1. 1.]
1945,2.0,1946,0,False,1.0,973.0,0.0,1,1,0,[0. 0.],[2 1],,1,0.6,0.7,0.30000000000000004,[1. 1.]
1946,0.0,1947,1,False,0.0,974.0,2.0,1,0,1,[0. 0.],[2 1],,1,0.6,0.7,0.30000000000000004,[1. 1.]
1947,2.0,1948,0,False,0.0,974.0,0.0,1,1,0,[0. 1.],[2 1],1.0,1,0.6,0.7,0.30000000000000004,[1. 1.]
1948,0.0,1949,1,False,0.0,975.0,2.0,1,0,1,[0. 1.],[2 1],1.0,1,0.6,0.7,0.30000000000000004,[1. 1.]
1949,2.0,1950,0,False,1.0,975.0,0.0,1,1,0,[0. 1.],[2 1],,1,0.6,0.7,0.30000000000000004,[1. 1.]
1950,0.0,1951,1,False,0.0,976.0,2.0,1,0,1,[0. 1.],[2 1],,1,0.6,0.7,0.30000000000000004,[1. 1.]
1951,2.0,1952,0,False,1.0,976.0,0.0,1,1,0,[0. 1.],[2 1],1.0,1,0.6,0.7,0.30000000000000004,[1. 1.]
1952,0.0,1953,1,False,0.0,977.0,2.0,1,0,1,[0. 1.],[2 1],1.0,1,0.6,0.7,0.30000000000000004,[1. 1.]
1953,2.0,1954,0,False,1.0,977.0,0.0,1,1,0,[0. 1.],[2 1],0.0,1,0.6,0.7,0.30000000000000004,[1. 1.]
1954,0.0,1955,1,False,0.0,978.0,1.0,1,0,1,[0. 1.],[2 1],0.0,1,0.6,0.7,0.30000000000000004,[1. 1.]
1955,1.0,1956,0,False,1.0,978.0,0.0,1,1,0,[1. 0.],[2 1],1.0,1,0.6,0.7,0.30000000000000004,[1. 1.]
1956,0.0,1957,1,False,0.0,979.0,2.0,1,0,1,[1. 0.],[2 1],1.0,1,0.6,0.7,0.30000000000000004,[1. 1.]
1957,2.0,1958,0,False,0.0,979.0,0.0,1,1,0,[1. 1.],[2 1],0.0,1,0.6,0.7,0.30000000000000004,[1. 1.]
1958,0.0,1959,1,False,0.0,980.0,1.0,1,0,1,[1. 1.],[2 1],0.0,1,0.6,0.7,0.30000000000000004,[1. 1.]
1959,1.0,1960,0,False,1.0,980.0,0.0,1,1,0,[1. 1.],[2 1],,1,0.6,0.7,0.30000000000000004,[1. 1.]
1960,0.0,1961,1,False,0.0,981.0,2.0,1,0,1,[1. 1.],[2 1],,1,0.6,0.7,0.30000000000000004,[1. 1.]
1961,2.0,1962,0,False,1.0,981.0,0.0,1,1,0,[1. 1.],[2 1],,1,0.6,0.7,0.30000000000000004,[1. 1.]
1962,0.0,1963,1,False,0.0,982.0,2.0,1,0,1,[1. 1.],[2 1],,1,0.6,0.7,0.30000000000000004,[1. 1.]
1963,2.0,1964,0,False,1.0,982.0,0.0,1,1,0,[0. 0.],[2 1],,1,0.6,0.7,0.30000000000000004,[1. 1.]
1964,0.0,1965,1,False,0.0,983.0,2.0,1,0,1,[0. 0.],[2 1],,1,0.6,0.7,0.30000000000000004,[1. 1.]
1965,2.0,1966,0,False,0.0,983.0,0.0,1,1,0,[0. 1.],[2 1],0.0,1,0.6,0.7,0.30000000000000004,[1. 1.]
1966,0.0,1967,1,False,0.0,984.0,1.0,1,0,1,[0. 1.],[2 1],0.0,1,0.6,0.7,0.30000000000000004,[1. 1.]
1967,1.0,1968,0,False,1.0,984.0,0.0,1,1,0,[1. 1.],[2 1],,1,0.6,0.7,0.30000000000000004,[1. 1.]
1968,0.0,1969,1,False,0.0,985.0,2.0,1,0,1,[1. 1.],[2 1],,1,0.6,0.7,0.30000000000000004,[1. 1.]
1969,2.0,1970,0,False,1.0,985.0,0.0,1,1,0,[0. 0.],[2 1],1.0,1,0.6,0.7,0.30000000000000004,[1. 1.]
1970,0.0,1971,1,False,0.0,986.0,2.0,1,0,1,[0. 0.],[2 1],1.0,1,0.6,0.7,0.30000000000000004,[1. 1.]
1971,2.0,1972,0,False,0.0,986.0,0.0,1,1,0,[0. 1.],[2 1],1.0,1,0.6,0.7,0.30000000000000004,[1. 1.]
1972,0.0,1973,1,False,0.0,987.0,2.0,1,0,1,[0. 1.],[2 1],1.0,1,0.6,0.7,0.30000000000000004,[1. 1.]
1973,2.0,1974,0,False,1.0,987.0,0.0,1,1,0,[1. 1.],[2 1],1.0,0,0.6,0.7,0.30000000000000004,[1. 1.]
1974,0.0,1975,1,False,0.0,988.0,2.0,1,0,1,[1. 1.],[2 1],1.0,0,0.6,0.7,0.30000000000000004,[1. 1.]
1975,2.0,1976,0,False,1.0,988.0,0.0,1,1,0,[1. 0.],[2 1],1.0,0,0.6,0.7,0.30000000000000004,[1. 1.]
1976,0.0,1977,1,False,0.0,989.0,2.0,1,0,1,[1. 0.],[2 1],1.0,0,0.6,0.7,0.30000000000000004,[1. 1.]
1977,2.0,1978,0,False,0.0,989.0,0.0,1,1,0,[1. 1.],[2 1],0.0,0,0.6,0.7,0.30000000000000004,[1. 1.]
1978,0.0,1979,1,False,0.0,990.0,1.0,1,0,1,[1. 1.],[2 1],0.0,0,0.6,0.7,0.30000000000000004,[1. 1.]
1979,1.0,1980,0,False,1.0,990.0,0.0,1,1,0,[1. 0.],[2 1],1.0,0,0.6,0.7,0.30000000000000004,[1. 1.]
1980,0.0,1981,1,False,0.0,991.0,2.0,1,0,1,[1. 0.],[2 1],1.0,0,0.6,0.7,0.30000000000000004,[1. 1.]
1981,2.0,1982,0,False,0.0,991.0,0.0,1,1,0,[1. 0.],[2 1],1.0,0,0.6,0.7,0.30000000000000004,[1. 1.]
1982,0.0,1983,1,False,0.0,992.0,2.0,1,0,1,[1. 0.],[2 1],1.0,0,0.6,0.7,0.30000000000000004,[1. 1.]
1983,2.0,1984,0,False,0.0,992.0,0.0,1,1,0,[0. 1.],[2 1],1.0,0,0.6,0.7,0.30000000000000004,[1. 1.]
1984,0.0,1985,1,False,0.0,993.0,2.0,1,0,1,[0. 1.],[2 1],1.0,0,0.6,0.7,0.30000000000000004,[1. 1.]
1985,2.0,1986,0,False,1.0,993.0,0.0,1,1,0,[0. 0.],[2 1],1.0,0,0.6,0.7,0.30000000000000004,[1. 1.]
1986,0.0,1987,1,False,0.0,994.0,2.0,1,0,1,[0. 0.],[2 1],1.0,0,0.6,0.7,0.30000000000000004,[1. 1.]
1987,2.0,1988,0,False,0.0,994.0,0.0,1,1,0,[0. 1.],[2 1],1.0,0,0.6,0.7,0.30000000000000004,[1. 1.]
1988,0.0,1989,1,False,0.0,995.0,2.0,1,0,1,[0. 1.],[2 1],1.0,0,0.6,0.7,0.30000000000000004,[1. 1.]
1989,2.0,1990,0,False,1.0,995.0,0.0,1,1,0,[1. 0.],[2 1],,0,0.6,0.7,0.30000000000000004,[1. 1.]
1990,0.0,1991,1,False,0.0,996.0,2.0,1,0,1,[1. 0.],[2 1],,0,0.6,0.7,0.30000000000000004,[1. 1.]
1991,2.0,1992,0,False,0.0,996.0,0.0,1,1,0,[1. 1.],[1 2],0.0,0,0.6,0.7,0.30000000000000004,[1. 1.]
1992,0.0,1993,1,False,0.0,997.0,1.0,1,0,1,[1. 1.],[1 2],0.0,0,0.6,0.7,0.30000000000000004,[1. 1.]
1993,1.0,1994,0,False,1.0,997.0,0.0,1,1,0,[0. 1.],[1 2],,0,0.6,0.7,0.30000000000000004,[1. 1.]
1994,0.0,1995,1,False,0.0,998.0,1.0,1,0,1,[0. 1.],[1 2],,0,0.6,0.7,0.30000000000000004,[1. 1.]
1995,1.0,1996,0,False,0.0,998.0,0.0,1,1,0,[1. 0.],[1 2],0.0,0,0.6,0.7,0.30000000000000004,[1. 1.]
1996,0.0,1997,1,False,0.0,999.0,1.0,1,0,1,[1. 0.],[1 2],0.0,0,0.6,0.7,0.30000000000000004,[1. 1.]
1997,1.0,1998,0,False,1.0,999.0,0.0,1,1,0,[1. 1.],[1 2],,0,0.6,0.7,0.30000000000000004,[1. 1.]
1998,0.0,1999,1,False,0.0,1000.0,1.0,1,0,1,[1. 1.],[1 2],,0,0.6,0.7,0.30000000000000004,[1. 1.]
1999,1.0,2000,0,True,1.0,1000.0,0.0,1,1,0,[0. 0.],[1 2],1.0,0,0.6,0.7,0.30000000000000004,[1. 1.]
0,0.0,1,1,False,0.0,1.0,2.0,1,0,1,[1. 0.],[2 1],1.0,0,0.6,0.7,0.30000000000000004,[1. 1.]
1,2.0,2,0,False,0.0,1.0,0.0,1,1,0,[1. 0.],[2 1],1.0,0,0.6,0.7,0.30000000000000004,[1. 1.]
2,0.0,3,1,False,0.0,2.0,2.0,1,0,2,[1. 0.],[2 1],1.0,0,0.6,0.7,0.30000000000000004,[1. 1.]
3,2.0,4,0,False,1.0,2.0,0.0,1,1,0,[1. 0.],[2 1],0.0,0,0.6,0.7,0.30000000000000004,[1. 1.]
4,0.0,5,1,False,0.0,3.0,1.0,1,0,2,[1. 0.],[2 1],0.0,0,0.6,0.7,0.30000000000000004,[1. 1.]
5,1.0,6,0,False,1.0,3.0,0.0,1,1,0,[1. 1.],[2 1],0.0,0,0.6,0.7,0.30000000000000004,[1. 1.]
6,0.0,7,1,False,0.0,4.0,1.0,1,0,2,[1. 1.],[2 1],0.0,0,0.6,0.7,0.30000000000000004,[1. 1.]
7,1.0,8,0,False,1.0,4.0,0.0,1,1,0,[1. 0.],[2 1],,0,0.6,0.7,0.30000000000000004,[1. 1.]
8,0.0,9,1,False,0.0,5.0,1.0,1,0,2,[1. 0.],[2 1],,0,0.6,0.7,0.30000000000000004,[1. 1.]
9,1.0,10,0,False,1.0,5.0,0.0,1,1,0,[0. 0.],[2 1],0.0,0,0.6,0.7,0.30000000000000004,[1. 1.]
10,0.0,11,1,False,0.0,6.0,1.0,1,0,2,[0. 0.],[2 1],0.0,0,0.6,0.7,0.30000000000000004,[1. 1.]
11,1.0,12,0,False,0.0,6.0,0.0,1,1,0,[0. 0.],[2 1],0.0,0,0.6,0.7,0.30000000000000004,[1. 1.]
12,0.0,13,1,False,0.0,7.0,1.0,1,0,2,[0. 0.],[2 1],0.0,0,0.6,0.7,0.30000000000000004,[1. 1.]
13,1.0,14,0,False,0.0,7.0,0.0,1,1,0,[1. 0.],[2 1],0.0,0,0.6,0.7,0.30000000000000004,[1. 1.]
14,0.0,15,1,False,0.0,8.0,1.0,1,0,1,[1. 0.],[2 1],0.0,0,0.6,0.7,0.30000000000000004,[1. 1.]
15,1.0,16,0,False,0.0,8.0,0.0,1,1,0,[1. 1.],[2 1],,0,0.6,0.7,0.30000000000000004,[1. 1.]
16,0.0,17,1,False,0.0,9.0,1.0,1,0,2,[1. 1.],[2 1],,0,0.6,0.7,0.30000000000000004,[1. 1.]
17,1.0,18,0,False,1.0,9.0,0.0,1,1,0,[0. 0.],[2 1],1.0,0,0.6,0.7,0.30000000000000004,[1. 1.]
18,0.0,19,1,False,0.0,10.0,2.0,1,0,2,[0. 0.],[2 1],1.0,0,0.6,0.7,0.30000000000000004,[1. 1.]
19,2.0,20,0,False,0.0,10.0,0.0,1,1,0,[0. 1.],[2 1],1.0,1,0.6,0.7,0.30000000000000004,[1. 1.]
20,0.0,21,1,False,0.0,11.0,2.0,1,0,1,[0. 1.],[2 1],1.0,1,0.6,0.7,0.30000000000000004,[1. 1.]
21,2.0,22,0,False,1.0,11.0,0.0,1,1,0,[0. 1.],[2 1],1.0,1,0.6,0.7,0.30000000000000004,[1. 1.]
22,0.0,23,1,False,0.0,12.0,2.0,1,0,1,[0. 1.],[2 1],1.0,1,0.6,0.7,0.30000000000000004,[1. 1.]
23,2.0,24,0,False,1.0,12.0,0.0,1,1,0,[0. 1.],[2 1],,1,0.6,0.7,0.30000000000000004,[1. 1.]
24,0.0,25,1,False,0.0,13.0,2.0,1,0,1,[0. 1.],[2 1],,1,0.6,0.7,0.30000000000000004,[1. 1.]
25,2.0,26,0,False,1.0,13.0,0.0,1,1,0,[0. 1.],[2 1],,1,0.6,0.7,0.30000000000000004,[1. 1.]
26,0.0,27,1,False,0.0,14.0,2.0,1,0,1,[0. 1.],[2 1],,1,0.6,0.7,0.30000000000000004,[1. 1.]
27,2.0,28,0,False,1.0,14.0,0.0,1,1,0,[0. 1.],[2 1],1.0,1,0.6,0.7,0.30000000000000004,[1. 1.]
28,0.0,29,1,False,0.0,15.0,2.0,1,0,1,[0. 1.],[2 1],1.0,1,0.6,0.7,0.30000000000000004,[1. 1.]
29,2.0,30,0,False,1.0,15.0,0.0,1,1,0,[1. 1.],[2 1],0.0,1,0.6,0.7,0.30000000000000004,[1. 1.]
30,0.0,31,1,False,0.0,16.0,1.0,1,0,1,[1. 1.],[2 1],0.0,1,0.6,0.7,0.30000000000000004,[1. 1.]
31,1.0,32,0,False,1.0,16.0,0.0,1,1,0,[0. 1.],[2 1],,1,0.6,0.7,0.30000000000000004,[1. 1.]
32,0.0,33,1,False,0.0,17.0,2.0,1,0,1,[0. 1.],[2 1],,1,0.6,0.7,0.30000000000000004,[1. 1.]
33,2.0,34,0,False,1.0,17.0,0.0,1,1,0,[1. 0.],[2 1],1.0,1,0.6,0.7,0.30000000000000004,[1. 1.]
34,0.0,35,1,False,0.0,18.0,2.0,1,0,1,[1. 0.],[2 1],1.0,1,0.6,0.7,0.30000000000000004,[1. 1.]
35,2.0,36,0,False,0.0,18.0,0.0,1,1,0,[0. 1.],[2 1],0.0,1,0.6,0.7,0.30000000000000004,[1. 1.]
36,0.0,37,1,False,0.0,19.0,1.0,1,0,1,[0. 1.],[2 1],0.0,1,0.6,0.7,0.30000000000000004,[1. 1.]
37,1.0,38,0,False,1.0,19.0,0.0,1,1,0,[0. 1.],[2 1],,1,0.6,0.7,0.30000000000000004,[1. 1.]
38,0.0,39,1,False,0.0,20.0,2.0,1,0,1,[0. 1.],[2 1],,1,0.6,0.7,0.30000000000000004,[1. 1.]
39,2.0,40,0,False,1.0,20.0,0.0,1,1,0,[1. 1.],[2 1],,1,0.6,0.7,0.30000000000000004,[1. 1.]
40,0.0,41,1,False,0.0,21.0,2.0,1,0,1,[1. 1.],[2 1],,1,0.6,0.7,0.30000000000000004,[1. 1.]
41,2.0,42,0,False,1.0,21.0,0.0,1,1,0,[0. 1.],[2 1],0.0,1,0.6,0.7,0.30000000000000004,[1. 1.]
42,0.0,43,1,False,0.0,22.0,1.0,1,0,1,[0. 1.],[2 1],0.0,1,0.6,0.7,0.30000000000000004,[1. 1.]
43,1.0,44,0,False,1.0,22.0,0.0,1,1,0,[0. 1.],[2 1],0.0,1,0.6,0.7,0.30000000000000004,[1. 1.]
44,0.0,45,1,False,0.0,23.0,1.0,1,0,1,[0. 1.],[2 1],0.0,1,0.6,0.7,0.30000000000000004,[1. 1.]
45,1.0,46,0,False,1.0,23.0,0.0,1,1,0,[0. 1.],[2 1],,1,0.6,0.7,0.30000000000000004,[1. 1.]
46,0.0,47,1,False,0.0,24.0,2.0,1,0,1,[0. 1.],[2 1],,1,0.6,0.7,0.30000000000000004,[1. 1.]
47,2.0,48,0,False,1.0,24.0,0.0,1,1,0,[1. 1.],[2 1],1.0,1,0.6,0.7,0.30000000000000004,[1. 1.]
48,0.0,49,1,False,0.0,25.0,2.0,1,0,1,[1. 1.],[2 1],1.0,1,0.6,0.7,0.30000000000000004,[1. 1.]
49,2.0,50,0,False,1.0,25.0,0.0,1,1,0,[0. 1.],[2 1],0.0,1,0.6,0.7,0.30000000000000004,[1. 1.]
50,0.0,51,1,False,0.0,26.0,1.0,1,0,1,[0. 1.],[2 1],0.0,1,0.6,0.7,0.30000000000000004,[1. 1.]
51,1.0,52,0,False,1.0,26.0,0.0,1,1,0,[0. 1.],[2 1],0.0,1,0.6,0.7,0.30000000000000004,[1. 1.]
52,0.0,53,1,False,0.0,27.0,1.0,1,0,1,[0. 1.],[2 1],0.0,1,0.6,0.7,0.30000000000000004,[1. 1.]
53,1.0,54,0,False,1.0,27.0,0.0,1,1,0,[0. 1.],[2 1],,1,0.6,0.7,0.30000000000000004,[1. 1.]
54,0.0,55,1,False,0.0,28.0,2.0,1,0,1,[0. 1.],[2 1],,1,0.6,0.7,0.30000000000000004,[1. 1.]
55,2.0,56,0,False,1.0,28.0,0.0,1,1,0,[0. 1.],[2 1],1.0,1,0.6,0.7,0.30000000000000004,[1. 1.]
56,0.0,57,1,False,0.0,29.0,2.0,1,0,1,[0. 1.],[2 1],1.0,1,0.6,0.7,0.30000000000000004,[1. 1.]
57,2.0,58,0,False,1.0,29.0,0.0,1,1,0,[0. 0.],[2 1],1.0,1,0.6,0.7,0.30000000000000004,[1. 1.]
58,0.0,59,1,False,0.0,30.0,2.0,1,0,1,[0. 0.],[2 1],1.0,1,0.6,0.7,0.30000000000000004,[1. 1.]
59,2.0,60,0,False,0.0,30.0,0.0,1,1,0,[0. 0.],[2 1],0.0,1,0.6,0.7,0.30000000000000004,[1. 1.]
60,0.0,61,1,False,0.0,31.0,1.0,1,0,1,[0. 0.],[2 1],0.0,1,0.6,0.7,0.30000000000000004,[1. 1.]
61,1.0,62,0,False,0.0,31.0,0.0,1,1,0,[1. 0.],[2 1],1.0,1,0.6,0.7,0.30000000000000004,[1. 1.]
62,0.0,63,1,False,0.0,32.0,2.0,1,0,1,[1. 0.],[2 1],1.0,1,0.6,0.7,0.30000000000000004,[1. 1.]
63,2.0,64,0,False,0.0,32.0,0.0,1,1,0,[0. 0.],[2 1],1.0,1,0.6,0.7,0.30000000000000004,[1. 1.]
64,0.0,65,1,False,0.0,33.0,2.0,1,0,2,[0. 0.],[2 1],1.0,1,0.6,0.7,0.30000000000000004,[1. 1.]
65,2.0,66,0,False,0.0,33.0,0.0,1,1,0,[0. 1.],[2 1],,1,0.6,0.7,0.30000000000000004,[1. 1.]
66,0.0,67,1,False,0.0,34.0,2.0,1,0,1,[0. 1.],[2 1],,1,0.6,0.7,0.30000000000000004,[1. 1.]
67,2.0,68,0,False,1.0,34.0,0.0,1,1,0,[1. 0.],[2 1],,1,0.6,0.7,0.30000000000000004,[1. 1.]
68,0.0,69,1,False,0.0,35.0,2.0,1,0,1,[1. 0.],[2 1],,1,0.6,0.7,0.30000000000000004,[1. 1.]
69,2.0,70,0,False,0.0,35.0,0.0,1,1,0,[0. 0.],[2 1],0.0,1,0.6,0.7,0.30000000000000004,[1. 1.]
70,0.0,71,1,False,0.0,36.0,1.0,1,0,1,[0. 0.],[2 1],0.0,1,0.6,0.7,0.30000000000000004,[1. 1.]
71,1.0,72,0,False,0.0,36.0,0.0,1,1,0,[0. 0.],[2 1],,1,0.6,0.7,0.30000000000000004,[1. 1.]
72,0.0,73,1,False,0.0,37.0,1.0,1,0,2,[0. 0.],[2 1],,1,0.6,0.7,0.30000000000000004,[1. 1.]
73,1.0,74,0,False,0.0,37.0,0.0,1,1,0,[1. 1.],[2 1],,1,0.6,0.7,0.30000000000000004,[1. 1.]
74,0.0,75,1,False,0.0,38.0,2.0,1,0,1,[1. 1.],[2 1],,1,0.6,0.7,0.30000000000000004,[1. 1.]
75,2.0,76,0,False,1.0,38.0,0.0,1,1,0,[0. 1.],[2 1],0.0,1,0.6,0.7,0.30000000000000004,[1. 1.]
76,0.0,77,1,False,0.0,39.0,1.0,1,0,1,[0. 1.],[2 1],0.0,1,0.6,0.7,0.30000000000000004,[1. 1.]
77,1.0,78,0,False,1.0,39.0,0.0,1,1,0,[1. 0.],[2 1],,1,0.6,0.7,0.30000000000000004,[1. 1.]
78,0.0,79,1,False,0.0,40.0,2.0,1,0,1,[1. 0.],[2 1],,1,0.6,0.7,0.30000000000000004,[1. 1.]
79,2.0,80,0,False,0.0,40.0,0.0,1,1,0,[0. 1.],[2 1],1.0,1,0.6,0.7,0.30000000000000004,[1. 1.]
80,0.0,81,1,False,0.0,41.0,2.0,1,0,1,[0. 1.],[2 1],1.0,1,0.6,0.7,0.30000000000000004,[1. 1.]
81,2.0,82,0,False,1.0,41.0,0.0,1,1,0,[1. 1.],[2 1],,1,0.6,0.7,0.30000000000000004,[1. 1.]
82,0.0,83,1,False,0.0,42.0,2.0,1,0,1,[1. 1.],[2 1],,1,0.6,0.7,0.30000000000000004,[1. 1.]
83,2.0,84,0,False,1.0,42.0,0.0,1,1,0,[0. 1.],[2 1],0.0,1,0.6,0.7,0.30000000000000004,[1. 1.]
84,0.0,85,1,False,0.0,43.0,1.0,1,0,1,[0. 1.],[2 1],0.0,1,0.6,0.7,0.30000000000000004,[1. 1.]
85,1.0,86,0,False,1.0,43.0,0.0,1,1,0,[0. 1.],[2 1],0.0,1,0.6,0.7,0.30000000000000004,[1. 1.]
86,0.0,87,1,False,0.0,44.0,1.0,1,0,1,[0. 1.],[2 1],0.0,1,0.6,0.7,0.30000000000000004,[1. 1.]
87,1.0,88,0,False,1.0,44.0,0.0,1,1,0,[0. 1.],[2 1],1.0,1,0.6,0.7,0.30000000000000004,[1. 1.]
88,0.0,89,1,False,0.0,45.0,2.0,1,0,1,[0. 1.],[2 1],1.0,1,0.6,0.7,0.30000000000000004,[1. 1.]
89,2.0,90,0,False,1.0,45.0,0.0,1,1,0,[0. 1.],[2 1],1.0,1,0.6,0.7,0.30000000000000004,[1. 1.]
90,0.0,91,1,False,0.0,46.0,2.0,1,0,1,[0. 1.],[2 1],1.0,1,0.6,0.7,0.30000000000000004,[1. 1.]
91,2.0,92,0,False,1.0,46.0,0.0,1,1,0,[1. 1.],[2 1],,1,0.6,0.7,0.30000000000000004,[1. 1.]
92,0.0,93,1,False,0.0,47.0,2.0,1,0,1,[1. 1.],[2 1],,1,0.6,0.7,0.30000000000000004,[1. 1.]
93,2.0,94,0,False,1.0,47.0,0.0,1,1,0,[1. 0.],[2 1],0.0,1,0.6,0.7,0.30000000000000004,[1. 1.]
94,0.0,95,1,False,0.0,48.0,1.0,1,0,1,[1. 0.],[2 1],0.0,1,0.6,0.7,0.30000000000000004,[1. 1.]
95,1.0,96,0,False,0.0,48.0,0.0,1,1,0,[0. 1.],[2 1],0.0,1,0.6,0.7,0.30000000000000004,[1. 1.]
96,0.0,97,1,False,0.0,49.0,1.0,1,0,1,[0. 1.],[2 1],0.0,1,0.6,0.7,0.30000000000000004,[1. 1.]
97,1.0,98,0,False,1.0,49.0,0.0,1,1,0,[1. 1.],[2 1],0.0,1,0.6,0.7,0.30000000000000004,[1. 1.]
98,0.0,99,1,False,0.0,50.0,1.0,1,0,1,[1. 1.],[2 1],0.0,1,0.6,0.7,0.30000000000000004,[1. 1.]
99,1.0,100,0,False,1.0,50.0,0.0,1,1,0,[0. 1.],[2 1],0.0,1,0.6,0.7,0.30000000000000004,[1. 1.]
100,0.0,101,1,False,0.0,51.0,1.0,1,0,1,[0. 1.],[2 1],0.0,1,0.6,0.7,0.30000000000000004,[1. 1.]
101,1.0,102,0,False,1.0,51.0,0.0,1,1,0,[1. 1.],[2 1],1.0,1,0.6,0.7,0.30000000000000004,[1. 1.]
102,0.0,103,1,False,0.0,52.0,2.0,1,0,1,[1. 1.],[2 1],1.0,1,0.6,0.7,0.30000000000000004,[1. 1.]
103,2.0,104,0,False,1.0,52.0,0.0,1,1,0,[0. 1.],[2 1],,1,0.6,0.7,0.30000000000000004,[1. 1.]
104,0.0,105,1,False,0.0,53.0,2.0,1,0,1,[0. 1.],[2 1],,1,0.6,0.7,0.30000000000000004,[1. 1.]
105,2.0,106,0,False,1.0,53.0,0.0,1,1,0,[0. 0.],[2 1],,1,0.6,0.7,0.30000000000000004,[1. 1.]
106,0.0,107,1,False,0.0,54.0,2.0,1,0,1,[0. 0.],[2 1],,1,0.6,0.7,0.30000000000000004,[1. 1.]
107,2.0,108,0,False,0.0,54.0,0.0,1,1,0,[0. 1.],[2 1],0.0,1,0.6,0.7,0.30000000000000004,[1. 1.]
108,0.0,109,1,False,0.0,55.0,1.0,1,0,1,[0. 1.],[2 1],0.0,1,0.6,0.7,0.30000000000000004,[1. 1.]
109,1.0,110,0,False,1.0,55.0,0.0,1,1,0,[0. 0.],[2 1],,1,0.6,0.7,0.30000000000000004,[1. 1.]
110,0.0,111,1,False,0.0,56.0,2.0,1,0,1,[0. 0.],[2 1],,1,0.6,0.7,0.30000000000000004,[1. 1.]
111,2.0,112,0,False,0.0,56.0,0.0,1,1,0,[0. 1.],[2 1],0.0,1,0.6,0.7,0.30000000000000004,[1. 1.]
112,0.0,113,1,False,0.0,57.0,1.0,1,0,1,[0. 1.],[2 1],0.0,1,0.6,0.7,0.30000000000000004,[1. 1.]
113,1.0,114,0,False,1.0,57.0,0.0,1,1,0,[0. 1.],[2 1],1.0,1,0.6,0.7,0.30000000000000004,[1. 1.]
114,0.0,115,1,False,0.0,58.0,2.0,1,0,1,[0. 1.],[2 1],1.0,1,0.6,0.7,0.30000000000000004,[1. 1.]
115,2.0,116,0,False,1.0,58.0,0.0,1,1,0,[0. 0.],[2 1],0.0,1,0.6,0.7,0.30000000000000004,[1. 1.]
116,0.0,117,1,False,0.0,59.0,1.0,1,0,1,[0. 0.],[2 1],0.0,1,0.6,0.7,0.30000000000000004,[1. 1.]
117,1.0,118,0,False,0.0,59.0,0.0,1,1,0,[0. 1.],[2 1],,1,0.6,0.7,0.30000000000000004,[1. 1.]
118,0.0,119,1,False,0.0,60.0,2.0,1,0,1,[0. 1.],[2 1],,1,0.6,0.7,0.30000000000000004,[1. 1.]
119,2.0,120,0,False,1.0,60.0,0.0,1,1,0,[1. 0.],[2 1],,1,0.6,0.7,0.30000000000000004,[1. 1.]
120,0.0,121,1,False,0.0,61.0,2.0,1,0,1,[1. 0.],[2 1],,1,0.6,0.7,0.30000000000000004,[1. 1.]
121,2.0,122,0,False,0.0,61.0,0.0,1,1,0,[1. 1.],[2 1],,1,0.6,0.7,0.30000000000000004,[1. 1.]
122,0.0,123,1,False,0.0,62.0,2.0,1,0,1,[1. 1.],[2 1],,1,0.6,0.7,0.30000000000000004,[1. 1.]
123,2.0,124,0,False,1.0,62.0,0.0,1,1,0,[0. 1.],[2 1],0.0,1,0.6,0.7,0.30000000000000004,[1. 1.]
124,0.0,125,1,False,0.0,63.0,1.0,1,0,1,[0. 1.],[2 1],0.0,1,0.6,0.7,0.30000000000000004,[1. 1.]
125,1.0,126,0,False,1.0,63.0,0.0,1,1,0,[0. 1.],[2 1],,1,0.6,0.7,0.30000000000000004,[1. 1.]
126,0.0,127,1,False,0.0,64.0,2.0,1,0,1,[0. 1.],[2 1],,1,0.6,0.7,0.30000000000000004,[1. 1.]
127,2.0,128,0,False,1.0,64.0,0.0,1,1,0,[0. 0.],[2 1],1.0,1,0.6,0.7,0.30000000000000004,[1. 1.]
128,0.0,129,1,False,0.0,65.0,2.0,1,0,1,[0. 0.],[2 1],1.0,1,0.6,0.7,0.30000000000000004,[1. 1.]
129,2.0,130,0,False,0.0,65.0,0.0,1,1,0,[0. 0.],[2 1],0.0,1,0.6,0.7,0.30000000000000004,[1. 1.]
130,0.0,131,1,False,0.0,66.0,1.0,1,0,1,[0. 0.],[2 1],0.0,1,0.6,0.7,0.30000000000000004,[1. 1.]
131,1.0,132,0,False,0.0,66.0,0.0,1,1,0,[0. 1.],[2 1],0.0,1,0.6,0.7,0.30000000000000004,[1. 1.]
132,0.0,133,1,False,0.0,67.0,1.0,1,0,1,[0. 1.],[2 1],0.0,1,0.6,0.7,0.30000000000000004,[1. 1.]
133,1.0,134,0,False,1.0,67.0,0.0,1,1,0,[0. 1.],[2 1],,1,0.6,0.7,0.30000000000000004,[1. 1.]
134,0.0,135,1,False,0.0,68.0,2.0,1,0,1,[0. 1.],[2 1],,1,0.6,0.7,0.30000000000000004,[1. 1.]
135,2.0,136,0,False,1.0,68.0,0.0,1,1,0,[0. 1.],[1 2],0.0,1,0.6,0.7,0.30000000000000004,[1. 1.]
136,0.0,137,1,False,0.0,69.0,1.0,1,0,1,[0. 1.],[1 2],0.0,1,0.6,0.7,0.30000000000000004,[1. 1.]
137,1.0,138,0,False,0.0,69.0,0.0,1,1,0,[0. 1.],[1 2],1.0,1,0.6,0.7,0.30000000000000004,[1. 1.]
138,0.0,139,1,False,0.0,70.0,2.0,1,0,1,[0. 1.],[1 2],1.0,1,0.6,0.7,0.30000000000000004,[1. 1.]
139,2.0,140,0,False,0.0,70.0,0.0,1,1,0,[0. 0.],[1 2],0.0,1,0.6,0.7,0.30000000000000004,[1. 1.]
140,0.0,141,1,False,0.0,71.0,1.0,1,0,1,[0. 0.],[1 2],0.0,1,0.6,0.7,0.30000000000000004,[1. 1.]
141,1.0,142,0,False,0.0,71.0,0.0,1,1,0,[0. 1.],[1 2],0.0,1,0.6,0.7,0.30000000000000004,[1. 1.]
142,0.0,143,1,False,0.0,72.0,1.0,1,0,2,[0. 1.],[1 2],0.0,1,0.6,0.7,0.30000000000000004,[1. 1.]
143,1.0,144,0,False,1.0,72.0,0.0,1,1,0,[1. 1.],[1 2],0.0,1,0.6,0.7,0.30000000000000004,[1. 1.]
144,0.0,145,1,False,0.0,73.0,1.0,1,0,2,[1. 1.],[1 2],0.0,1,0.6,0.7,0.30000000000000004,[1. 1.]
145,1.0,146,0,False,1.0,73.0,0.0,1,1,0,[0. 1.],[1 2],,1,0.6,0.7,0.30000000000000004,[1. 1.]
146,0.0,147,1,False,0.0,74.0,2.0,1,0,2,[0. 1.],[1 2],,1,0.6,0.7,0.30000000000000004,[1. 1.]
147,2.0,148,0,False,1.0,74.0,0.0,1,1,0,[0. 1.],[1 2],1.0,1,0.6,0.7,0.30000000000000004,[1. 1.]
148,0.0,149,1,False,0.0,75.0,2.0,1,0,2,[0. 1.],[1 2],1.0,1,0.6,0.7,0.30000000000000004,[1. 1.]
149,2.0,150,0,False,1.0,75.0,0.0,1,1,0,[0. 1.],[1 2],,1,0.6,0.7,0.30000000000000004,[1. 1.]
150,0.0,151,1,False,0.0,76.0,2.0,1,0,2,[0. 1.],[1 2],,1,0.6,0.7,0.30000000000000004,[1. 1.]
151,2.0,152,0,False,1.0,76.0,0.0,1,1,0,[0. 1.],[1 2],0.0,1,0.6,0.7,0.30000000000000004,[1. 1.]
152,0.0,153,1,False,0.0,77.0,1.0,1,0,2,[0. 1.],[1 2],0.0,1,0.6,0.7,0.30000000000000004,[1. 1.]
153,1.0,154,0,False,1.0,77.0,0.0,1,1,0,[0. 0.],[1 2],0.0,1,0.6,0.7,0.30000000000000004,[1. 1.]
154,0.0,155,1,False,0.0,78.0,1.0,1,0,2,[0. 0.],[1 2],0.0,1,0.6,0.7,0.30000000000000004,[1. 1.]
155,1.0,156,0,False,0.0,78.0,0.0,1,1,0,[0. 1.],[1 2],1.0,1,0.6,0.7,0.30000000000000004,[1. 1.]
156,0.0,157,1,False,0.0,79.0,2.0,1,0,2,[0. 1.],[1 2],1.0,1,0.6,0.7,0.30000000000000004,[1. 1.]
157,2.0,158,0,False,1.0,79.0,0.0,1,1,0,[0. 1.],[1 2],,1,0.6,0.7,0.30000000000000004,[1. 1.]
158,0.0,159,1,False,0.0,80.0,2.0,1,0,2,[0. 1.],[1 2],,1,0.6,0.7,0.30000000000000004,[1. 1.]
159,2.0,160,0,False,1.0,80.0,0.0,1,1,0,[0. 1.],[1 2],1.0,1,0.6,0.7,0.30000000000000004,[1. 1.]
160,0.0,161,1,False,0.0,81.0,2.0,1,0,2,[0. 1.],[1 2],1.0,1,0.6,0.7,0.30000000000000004,[1. 1.]
161,2.0,162,0,False,1.0,81.0,0.0,1,1,0,[0. 0.],[1 2],,1,0.6,0.7,0.30000000000000004,[1. 1.]
162,0.0,163,1,False,0.0,82.0,2.0,1,0,2,[0. 0.],[1 2],,1,0.6,0.7,0.30000000000000004,[1. 1.]
163,2.0,164,0,False,0.0,82.0,0.0,1,1,0,[1. 0.],[1 2],1.0,1,0.6,0.7,0.30000000000000004,[1. 1.]
164,0.0,165,1,False,0.0,83.0,2.0,1,0,2,[1. 0.],[1 2],1.0,1,0.6,0.7,0.30000000000000004,[1. 1.]
165,2.0,166,0,False,0.0,83.0,0.0,1,1,0,[1. 1.],[1 2],0.0,1,0.6,0.7,0.30000000000000004,[1. 1.]
166,0.0,167,1,False,0.0,84.0,1.0,1,0,2,[1. 1.],[1 2],0.0,1,0.6,0.7,0.30000000000000004,[1. 1.]
167,1.0,168,0,False,1.0,84.0,0.0,1,1,0,[1. 0.],[2 1],0.0,1,0.6,0.7,0.30000000000000004,[1. 1.]
168,0.0,169,1,False,0.0,85.0,1.0,1,0,2,[1. 0.],[2 1],0.0,1,0.6,0.7,0.30000000000000004,[1. 1.]
169,1.0,170,0,False,1.0,85.0,0.0,1,1,0,[1. 0.],[2 1],0.0,1,0.6,0.7,0.30000000000000004,[1. 1.]
170,0.0,171,1,False,0.0,86.0,1.0,1,0,2,[1. 0.],[2 1],0.0,1,0.6,0.7,0.30000000000000004,[1. 1.]
171,1.0,172,0,False,1.0,86.0,0.0,1,1,0,[0. 1.],[2 1],,1,0.6,0.7,0.30000000000000004,[1. 1.]
172,0.0,173,1,False,0.0,87.0,1.0,1,0,2,[0. 1.],[2 1],,1,0.6,0.7,0.30000000000000004,[1. 1.]
173,1.0,174,0,False,0.0,87.0,0.0,1,1,0,[0. 0.],[2 1],1.0,1,0.6,0.7,0.30000000000000004,[1. 1.]
174,0.0,175,1,False,0.0,88.0,2.0,1,0,2,[0. 0.],[2 1],1.0,1,0.6,0.7,0.30000000000000004,[1. 1.]
175,2.0,176,0,False,0.0,88.0,0.0,1,1,0,[0. 1.],[2 1],,1,0.6,0.7,0.30000000000000004,[1. 1.]
176,0.0,177,1,False,0.0,89.0,1.0,1,0,2,[0. 1.],[2 1],,1,0.6,0.7,0.30000000000000004,[1. 1.]
177,1.0,178,0,False,0.0,89.0,0.0,1,1,0,[0. 0.],[2 1],0.0,1,0.6,0.7,0.30000000000000004,[1. 1.]
178,0.0,179,1,False,0.0,90.0,1.0,1,0,1,[0. 0.],[2 1],0.0,1,0.6,0.7,0.30000000000000004,[1. 1.]
179,1.0,180,0,False,0.0,90.0,0.0,1,1,0,[0. 1.],[2 1],,1,0.6,0.7,0.30000000000000004,[1. 1.]
180,0.0,181,1,False,0.0,91.0,1.0,1,0,2,[0. 1.],[2 1],,1,0.6,0.7,0.30000000000000004,[1. 1.]
181,1.0,182,0,False,0.0,91.0,0.0,1,1,0,[1. 1.],[2 1],,1,0.6,0.7,0.30000000000000004,[1. 1.]
182,0.0,183,1,False,0.0,92.0,2.0,1,0,1,[1. 1.],[2 1],,1,0.6,0.7,0.30000000000000004,[1. 1.]
183,2.0,184,0,False,1.0,92.0,0.0,1,1,0,[0. 1.],[2 1],0.0,1,0.6,0.7,0.30000000000000004,[1. 1.]
184,0.0,185,1,False,0.0,93.0,1.0,1,0,1,[0. 1.],[2 1],0.0,1,0.6,0.7,0.30000000000000004,[1. 1.]
185,1.0,186,0,False,1.0,93.0,0.0,1,1,0,[0. 0.],[2 1],,1,0.6,0.7,0.30000000000000004,[1. 1.]
186,0.0,187,1,False,0.0,94.0,2.0,1,0,1,[0. 0.],[2 1],,1,0.6,0.7,0.30000000000000004,[1. 1.]
187,2.0,188,0,False,0.0,94.0,0.0,1,1,0,[0. 0.],[2 1],0.0,1,0.6,0.7,0.30000000000000004,[1. 1.]
188,0.0,189,1,False,0.0,95.0,1.0,1,0,1,[0. 0.],[2 1],0.0,1,0.6,0.7,0.30000000000000004,[1. 1.]
189,1.0,190,0,False,0.0,95.0,0.0,1,1,0,[0. 1.],[2 1],0.0,1,0.6,0.7,0.30000000000000004,[1. 1.]
190,0.0,191,1,False,0.0,96.0,1.0,1,0,1,[0. 1.],[2 1],0.0,1,0.6,0.7,0.30000000000000004,[1. 1.]
191,1.0,192,0,False,1.0,96.0,0.0,1,1,0,[0. 1.],[2 1],1.0,1,0.6,0.7,0.30000000000000004,[1. 1.]
192,0.0,193,1,False,0.0,97.0,2.0,1,0,1,[0. 1.],[2 1],1.0,1,0.6,0.7,0.30000000000000004,[1. 1.]
193,2.0,194,0,False,1.0,97.0,0.0,1,1,0,[0. 1.],[2 1],,1,0.6,0.7,0.30000000000000004,[1. 1.]
194,0.0,195,1,False,0.0,98.0,2.0,1,0,1,[0. 1.],[2 1],,1,0.6,0.7,0.30000000000000004,[1. 1.]
195,2.0,196,0,False,1.0,98.0,0.0,1,1,0,[0. 1.],[2 1],,1,0.6,0.7,0.30000000000000004,[1. 1.]
196,0.0,197,1,False,0.0,99.0,2.0,1,0,1,[0. 1.],[2 1],,1,0.6,0.7,0.30000000000000004,[1. 1.]
197,2.0,198,0,False,1.0,99.0,0.0,1,1,0,[0. 1.],[2 1],,1,0.6,0.7,0.30000000000000004,[1. 1.]
198,0.0,199,1,False,0.0,100.0,2.0,1,0,1,[0. 1.],[2 1],,1,0.6,0.7,0.30000000000000004,[1. 1.]
199,2.0,200,0,False,1.0,100.0,0.0,1,1,0,[0. 0.],[2 1],,1,0.6,0.7,0.30000000000000004,[1. 1.]
200,0.0,201,1,False,0.0,101.0,2.0,1,0,1,[0. 0.],[2 1],,1,0.6,0.7,0.30000000000000004,[1. 1.]
201,2.0,202,0,False,0.0,101.0,0.0,1,1,0,[0. 1.],[2 1],0.0,1,0.6,0.7,0.30000000000000004,[1. 1.]
202,0.0,203,1,False,0.0,102.0,1.0,1,0,1,[0. 1.],[2 1],0.0,1,0.6,0.7,0.30000000000000004,[1. 1.]
203,1.0,204,0,False,1.0,102.0,0.0,1,1,0,[1. 0.],[2 1],0.0,1,0.6,0.7,0.30000000000000004,[1. 1.]
204,0.0,205,1,False,0.0,103.0,1.0,1,0,1,[1. 0.],[2 1],0.0,1,0.6,0.7,0.30000000000000004,[1. 1.]
205,1.0,206,0,False,0.0,103.0,0.0,1,1,0,[0. 0.],[2 1],,1,0.6,0.7,0.30000000000000004,[1. 1.]
206,0.0,207,1,False,0.0,104.0,2.0,1,0,1,[0. 0.],[2 1],,1,0.6,0.7,0.30000000000000004,[1. 1.]
207,2.0,208,0,False,0.0,104.0,0.0,1,1,0,[0. 1.],[2 1],,1,0.6,0.7,0.30000000000000004,[1. 1.]
208,0.0,209,1,False,0.0,105.0,2.0,1,0,1,[0. 1.],[2 1],,1,0.6,0.7,0.30000000000000004,[1. 1.]
209,2.0,210,0,False,1.0,105.0,0.0,1,1,0,[0. 1.],[2 1],,1,0.6,0.7,0.30000000000000004,[1. 1.]
210,0.0,211,1,False,0.0,106.0,2.0,1,0,1,[0. 1.],[2 1],,1,0.6,0.7,0.30000000000000004,[1. 1.]
211,2.0,212,0,False,1.0,106.0,0.0,1,1,0,[1. 1.],[2 1],1.0,1,0.6,0.7,0.30000000000000004,[1. 1.]
212,0.0,213,1,False,0.0,107.0,2.0,1,0,1,[1. 1.],[2 1],1.0,1,0.6,0.7,0.30000000000000004,[1. 1.]
213,2.0,214,0,False,1.0,107.0,0.0,1,1,0,[0. 1.],[2 1],0.0,1,0.6,0.7,0.30000000000000004,[1. 1.]
214,0.0,215,1,False,0.0,108.0,1.0,1,0,1,[0. 1.],[2 1],0.0,1,0.6,0.7,0.30000000000000004,[1. 1.]
215,1.0,216,0,False,1.0,108.0,0.0,1,1,0,[0. 1.],[2 1],,1,0.6,0.7,0.30000000000000004,[1. 1.]
216,0.0,217,1,False,0.0,109.0,2.0,1,0,1,[0. 1.],[2 1],,1,0.6,0.7,0.30000000000000004,[1. 1.]
217,2.0,218,0,False,1.0,109.0,0.0,1,1,0,[0. 1.],[2 1],1.0,1,0.6,0.7,0.30000000000000004,[1. 1.]
218,0.0,219,1,False,0.0,110.0,2.0,1,0,1,[0. 1.],[2 1],1.0,1,0.6,0.7,0.30000000000000004,[1. 1.]
219,2.0,220,0,False,1.0,110.0,0.0,1,1,0,[0. 1.],[2 1],0.0,1,0.6,0.7,0.30000000000000004,[1. 1.]
220,0.0,221,1,False,0.0,111.0,1.0,1,0,1,[0. 1.],[2 1],0.0,1,0.6,0.7,0.30000000000000004,[1. 1.]
221,1.0,222,0,False,1.0,111.0,0.0,1,1,0,[1. 1.],[2 1],,1,0.6,0.7,0.30000000000000004,[1. 1.]
222,0.0,223,1,False,0.0,112.0,2.0,1,0,1,[1. 1.],[2 1],,1,0.6,0.7,0.30000000000000004,[1. 1.]
223,2.0,224,0,False,1.0,112.0,0.0,1,1,0,[0. 1.],[2 1],,1,0.6,0.7,0.30000000000000004,[1. 1.]
224,0.0,225,1,False,0.0,113.0,2.0,1,0,1,[0. 1.],[2 1],,1,0.6,0.7,0.30000000000000004,[1. 1.]
225,2.0,226,0,False,1.0,113.0,0.0,1,1,0,[0. 1.],[2 1],,1,0.6,0.7,0.30000000000000004,[1. 1.]
226,0.0,227,1,False,0.0,114.0,2.0,1,0,1,[0. 1.],[2 1],,1,0.6,0.7,0.30000000000000004,[1. 1.]
227,2.0,228,0,False,1.0,114.0,0.0,1,1,0,[1. 1.],[2 1],,1,0.6,0.7,0.30000000000000004,[1. 1.]
228,0.0,229,1,False,0.0,115.0,2.0,1,0,1,[1. 1.],[2 1],,1,0.6,0.7,0.30000000000000004,[1. 1.]
229,2.0,230,0,False,1.0,115.0,0.0,1,1,0,[0. 0.],[2 1],0.0,1,0.6,0.7,0.30000000000000004,[1. 1.]
230,0.0,231,1,False,0.0,116.0,1.0,1,0,1,[0. 0.],[2 1],0.0,1,0.6,0.7,0.30000000000000004,[1. 1.]
231,1.0,232,0,False,0.0,116.0,0.0,1,1,0,[1. 1.],[2 1],,1,0.6,0.7,0.30000000000000004,[1. 1.]
232,0.0,233,1,False,0.0,117.0,2.0,1,0,1,[1. 1.],[2 1],,1,0.6,0.7,0.30000000000000004,[1. 1.]
233,2.0,234,0,False,1.0,117.0,0.0,1,1,0,[0. 1.],[1 2],0.0,1,0.6,0.7,0.30000000000000004,[1. 1.]
234,0.0,235,1,False,0.0,118.0,1.0,1,0,1,[0. 1.],[1 2],0.0,1,0.6,0.7,0.30000000000000004,[1. 1.]
235,1.0,236,0,False,0.0,118.0,0.0,1,1,0,[0. 1.],[1 2],1.0,1,0.6,0.7,0.30000000000000004,[1. 1.]
236,0.0,237,1,False,0.0,119.0,2.0,1,0,1,[0. 1.],[1 2],1.0,1,0.6,0.7,0.30000000000000004,[1. 1.]
237,2.0,238,0,False,0.0,119.0,0.0,1,1,0,[0. 1.],[1 2],0.0,1,0.6,0.7,0.30000000000000004,[1. 1.]
238,0.0,239,1,False,0.0,120.0,1.0,1,0,1,[0. 1.],[1 2],0.0,1,0.6,0.7,0.30000000000000004,[1. 1.]
239,1.0,240,0,False,0.0,120.0,0.0,1,1,0,[0. 1.],[1 2],,1,0.6,0.7,0.30000000000000004,[1. 1.]
240,0.0,241,1,False,0.0,121.0,2.0,1,0,2,[0. 1.],[1 2],,1,0.6,0.7,0.30000000000000004,[1. 1.]
241,2.0,242,0,False,1.0,121.0,0.0,1,1,0,[0. 0.],[1 2],,1,0.6,0.7,0.30000000000000004,[1. 1.]
242,0.0,243,1,False,0.0,122.0,2.0,1,0,2,[0. 0.],[1 2],,1,0.6,0.7,0.30000000000000004,[1. 1.]
243,2.0,244,0,False,0.0,122.0,0.0,1,1,0,[0. 1.],[1 2],,1,0.6,0.7,0.30000000000000004,[1. 1.]
244,0.0,245,1,False,0.0,123.0,2.0,1,0,2,[0. 1.],[1 2],,1,0.6,0.7,0.30000000000000004,[1. 1.]
245,2.0,246,0,False,1.0,123.0,0.0,1,1,0,[0. 1.],[2 1],0.0,1,0.6,0.7,0.30000000000000004,[1. 1.]
246,0.0,247,1,False,0.0,124.0,1.0,1,0,2,[0. 1.],[2 1],0.0,1,0.6,0.7,0.30000000000000004,[1. 1.]
247,1.0,248,0,False,0.0,124.0,0.0,1,1,0,[0. 1.],[2 1],1.0,1,0.6,0.7,0.30000000000000004,[1. 1.]
248,0.0,249,1,False,0.0,125.0,2.0,1,0,2,[0. 1.],[2 1],1.0,1,0.6,0.7,0.30000000000000004,[1. 1.]
249,2.0,250,0,False,0.0,125.0,0.0,1,1,0,[1. 0.],[2 1],,1,0.6,0.7,0.30000000000000004,[1. 1.]
250,0.0,251,1,False,0.0,126.0,1.0,1,0,2,[1. 0.],[2 1],,1,0.6,0.7,0.30000000000000004,[1. 1.]
251,1.0,252,0,False,1.0,126.0,0.0,1,1,0,[0. 1.],[2 1],1.0,1,0.6,0.7,0.30000000000000004,[1. 1.]
252,0.0,253,1,False,0.0,127.0,2.0,1,0,2,[0. 1.],[2 1],1.0,1,0.6,0.7,0.30000000000000004,[1. 1.]
253,2.0,254,0,False,0.0,127.0,0.0,1,1,0,[0. 0.],[2 1],,1,0.6,0.7,0.30000000000000004,[1. 1.]
254,0.0,255,1,False,0.0,128.0,1.0,1,0,2,[0. 0.],[2 1],,1,0.6,0.7,0.30000000000000004,[1. 1.]
255,1.0,256,0,False,0.0,128.0,0.0,1,1,0,[0. 1.],[2 1],,1,0.6,0.7,0.30000000000000004,[1. 1.]
256,0.0,257,1,False,0.0,129.0,2.0,1,0,1,[0. 1.],[2 1],,1,0.6,0.7,0.30000000000000004,[1. 1.]
257,2.0,258,0,False,1.0,129.0,0.0,1,1,0,[0. 1.],[2 1],,1,0.6,0.7,0.30000000000000004,[1. 1.]
258,0.0,259,1,False,0.0,130.0,2.0,1,0,1,[0. 1.],[2 1],,1,0.6,0.7,0.30000000000000004,[1. 1.]
259,2.0,260,0,False,1.0,130.0,0.0,1,1,0,[1. 1.],[2 1],0.0,1,0.6,0.7,0.30000000000000004,[1. 1.]
260,0.0,261,1,False,0.0,131.0,1.0,1,0,1,[1. 1.],[2 1],0.0,1,0.6,0.7,0.30000000000000004,[1. 1.]
261,1.0,262,0,False,1.0,131.0,0.0,1,1,0,[0. 1.],[2 1],,1,0.6,0.7,0.30000000000000004,[1. 1.]
262,0.0,263,1,False,0.0,132.0,2.0,1,0,1,[0. 1.],[2 1],,1,0.6,0.7,0.30000000000000004,[1. 1.]
263,2.0,264,0,False,1.0,132.0,0.0,1,1,0,[1. 1.],[2 1],,1,0.6,0.7,0.30000000000000004,[1. 1.]
264,0.0,265,1,False,0.0,133.0,2.0,1,0,1,[1. 1.],[2 1],,1,0.6,0.7,0.30000000000000004,[1. 1.]
265,2.0,266,0,False,1.0,133.0,0.0,1,1,0,[0. 0.],[2 1],,1,0.6,0.7,0.30000000000000004,[1. 1.]
266,0.0,267,1,False,0.0,134.0,2.0,1,0,1,[0. 0.],[2 1],,1,0.6,0.7,0.30000000000000004,[1. 1.]
267,2.0,268,0,False,0.0,134.0,0.0,1,1,0,[1. 1.],[2 1],1.0,1,0.6,0.7,0.30000000000000004,[1. 1.]
268,0.0,269,1,False,0.0,135.0,2.0,1,0,1,[1. 1.],[2 1],1.0,1,0.6,0.7,0.30000000000000004,[1. 1.]
269,2.0,270,0,False,1.0,135.0,0.0,1,1,0,[0. 0.],[2 1],1.0,1,0.6,0.7,0.30000000000000004,[1. 1.]
270,0.0,271,1,False,0.0,136.0,2.0,1,0,1,[0. 0.],[2 1],1.0,1,0.6,0.7,0.30000000000000004,[1. 1.]
271,2.0,272,0,False,0.0,136.0,0.0,1,1,0,[0. 1.],[2 1],,1,0.6,0.7,0.30000000000000004,[1. 1.]
272,0.0,273,1,False,0.0,137.0,2.0,1,0,1,[0. 1.],[2 1],,1,0.6,0.7,0.30000000000000004,[1. 1.]
273,2.0,274,0,False,1.0,137.0,0.0,1,1,0,[0. 1.],[2 1],1.0,1,0.6,0.7,0.30000000000000004,[1. 1.]
274,0.0,275,1,False,0.0,138.0,2.0,1,0,1,[0. 1.],[2 1],1.0,1,0.6,0.7,0.30000000000000004,[1. 1.]
275,2.0,276,0,False,1.0,138.0,0.0,1,1,0,[0. 1.],[2 1],,1,0.6,0.7,0.30000000000000004,[1. 1.]
276,0.0,277,1,False,0.0,139.0,2.0,1,0,1,[0. 1.],[2 1],,1,0.6,0.7,0.30000000000000004,[1. 1.]
277,2.0,278,0,False,1.0,139.0,0.0,1,1,0,[0. 1.],[2 1],,1,0.6,0.7,0.30000000000000004,[1. 1.]
278,0.0,279,1,False,0.0,140.0,2.0,1,0,1,[0. 1.],[2 1],,1,0.6,0.7,0.30000000000000004,[1. 1.]
279,2.0,280,0,False,1.0,140.0,0.0,1,1,0,[0. 0.],[2 1],,1,0.6,0.7,0.30000000000000004,[1. 1.]
280,0.0,281,1,False,0.0,141.0,2.0,1,0,1,[0. 0.],[2 1],,1,0.6,0.7,0.30000000000000004,[1. 1.]
281,2.0,282,0,False,0.0,141.0,0.0,1,1,0,[0. 1.],[2 1],,1,0.6,0.7,0.30000000000000004,[1. 1.]
282,0.0,283,1,False,0.0,142.0,2.0,1,0,1,[0. 1.],[2 1],,1,0.6,0.7,0.30000000000000004,[1. 1.]
283,2.0,284,0,False,1.0,142.0,0.0,1,1,0,[0. 0.],[2 1],,1,0.6,0.7,0.30000000000000004,[1. 1.]
284,0.0,285,1,False,0.0,143.0,2.0,1,0,1,[0. 0.],[2 1],,1,0.6,0.7,0.30000000000000004,[1. 1.]
285,2.0,286,0,False,0.0,143.0,0.0,1,1,0,[0. 0.],[2 1],1.0,1,0.6,0.7,0.30000000000000004,[1. 1.]
286,0.0,287,1,False,0.0,144.0,2.0,1,0,1,[0. 0.],[2 1],1.0,1,0.6,0.7,0.30000000000000004,[1. 1.]
287,2.0,288,0,False,0.0,144.0,0.0,1,1,0,[0. 1.],[2 1],1.0,1,0.6,0.7,0.30000000000000004,[1. 1.]
288,0.0,289,1,False,0.0,145.0,2.0,1,0,1,[0. 1.],[2 1],1.0,1,0.6,0.7,0.30000000000000004,[1. 1.]
289,2.0,290,0,False,1.0,145.0,0.0,1,1,0,[0. 0.],[2 1],,0,0.6,0.7,0.30000000000000004,[1. 1.]
290,0.0,291,1,False,0.0,146.0,2.0,1,0,1,[0. 0.],[2 1],,0,0.6,0.7,0.30000000000000004,[1. 1.]
291,2.0,292,0,False,0.0,146.0,0.0,1,1,0,[1. 0.],[2 1],0.0,0,0.6,0.7,0.30000000000000004,[1. 1.]
292,0.0,293,1,False,0.0,147.0,1.0,1,0,1,[1. 0.],[2 1],0.0,0,0.6,0.7,0.30000000000000004,[1. 1.]
293,1.0,294,0,False,0.0,147.0,0.0,1,1,0,[0. 0.],[2 1],1.0,0,0.6,0.7,0.30000000000000004,[1. 1.]
294,0.0,295,1,False,0.0,148.0,2.0,1,0,1,[0. 0.],[2 1],1.0,0,0.6,0.7,0.30000000000000004,[1. 1.]
295,2.0,296,0,False,0.0,148.0,0.0,1,1,0,[1. 0.],[2 1],1.0,0,0.6,0.7,0.30000000000000004,[1. 1.]
296,0.0,297,1,False,0.0,149.0,2.0,1,0,1,[1. 0.],[2 1],1.0,0,0.6,0.7,0.30000000000000004,[1. 1.]
297,2.0,298,0,False,0.0,149.0,0.0,1,1,0,[1. 1.],[2 1],,0,0.6,0.7,0.30000000000000004,[1. 1.]
298,0.0,299,1,False,0.0,150.0,1.0,1,0,2,[1. 1.],[2 1],,0,0.6,0.7,0.30000000000000004,[1. 1.]
299,1.0,300,0,False,1.0,150.0,0.0,1,1,0,[1. 0.],[2 1],,0,0.6,0.7,0.30000000000000004,[1. 1.]
300,0.0,301,1,False,0.0,151.0,1.0,1,0,2,[1. 0.],[2 1],,0,0.6,0.7,0.30000000000000004,[1. 1.]
301,1.0,302,0,False,1.0,151.0,0.0,1,1,0,[0. 0.],[2 1],1.0,0,0.6,0.7,0.30000000000000004,[1. 1.]
302,0.0,303,1,False,0.0,152.0,2.0,1,0,2,[0. 0.],[2 1],1.0,0,0.6,0.7,0.30000000000000004,[1. 1.]
303,2.0,304,0,False,0.0,152.0,0.0,1,1,0,[0. 0.],[2 1],0.0,0,0.6,0.7,0.30000000000000004,[1. 1.]
304,0.0,305,1,False,0.0,153.0,1.0,1,0,2,[0. 0.],[2 1],0.0,0,0.6,0.7,0.30000000000000004,[1. 1.]
305,1.0,306,0,False,0.0,153.0,0.0,1,1,0,[0. 0.],[2 1],1.0,0,0.6,0.7,0.30000000000000004,[1. 1.]
306,0.0,307,1,False,0.0,154.0,2.0,1,0,1,[0. 0.],[2 1],1.0,0,0.6,0.7,0.30000000000000004,[1. 1.]
307,2.0,308,0,False,0.0,154.0,0.0,1,1,0,[1. 0.],[2 1],1.0,0,0.6,0.7,0.30000000000000004,[1. 1.]
308,0.0,309,1,False,0.0,155.0,2.0,1,0,2,[1. 0.],[2 1],1.0,0,0.6,0.7,0.30000000000000004,[1. 1.]
309,2.0,310,0,False,1.0,155.0,0.0,1,1,0,[0. 0.],[2 1],1.0,0,0.6,0.7,0.30000000000000004,[1. 1.]
310,0.0,311,1,False,0.0,156.0,2.0,1,0,2,[0. 0.],[2 1],1.0,0,0.6,0.7,0.30000000000000004,[1. 1.]
311,2.0,312,0,False,0.0,156.0,0.0,1,1,0,[1. 0.],[2 1],1.0,0,0.6,0.7,0.30000000000000004,[1. 1.]
312,0.0,313,1,False,0.0,157.0,2.0,1,0,2,[1. 0.],[2 1],1.0,0,0.6,0.7,0.30000000000000004,[1. 1.]
313,2.0,314,0,False,1.0,157.0,0.0,1,1,0,[1. 0.],[2 1],,0,0.6,0.7,0.30000000000000004,[1. 1.]
314,0.0,315,1,False,0.0,158.0,1.0,1,0,2,[1. 0.],[2 1],,0,0.6,0.7,0.30000000000000004,[1. 1.]
315,1.0,316,0,False,1.0,158.0,0.0,1,1,0,[0. 0.],[2 1],,0,0.6,0.7,0.30000000000000004,[1. 1.]
316,0.0,317,1,False,0.0,159.0,1.0,1,0,2,[0. 0.],[2 1],,0,0.6,0.7,0.30000000000000004,[1. 1.]
317,1.0,318,0,False,0.0,159.0,0.0,1,1,0,[1. 0.],[2 1],,0,0.6,0.7,0.30000000000000004,[1. 1.]
318,0.0,319,1,False,0.0,160.0,1.0,1,0,2,[1. 0.],[2 1],,0,0.6,0.7,0.30000000000000004,[1. 1.]
319,1.0,320,0,False,1.0,160.0,0.0,1,1,0,[0. 0.],[2 1],1.0,0,0.6,0.7,0.30000000000000004,[1. 1.]
320,0.0,321,1,False,0.0,161.0,2.0,1,0,2,[0. 0.],[2 1],1.0,0,0.6,0.7,0.30000000000000004,[1. 1.]
321,2.0,322,0,False,0.0,161.0,0.0,1,1,0,[1. 0.],[2 1],1.0,0,0.6,0.7,0.30000000000000004,[1. 1.]
322,0.0,323,1,False,0.0,162.0,2.0,1,0,2,[1. 0.],[2 1],1.0,0,0.6,0.7,0.30000000000000004,[1. 1.]
323,2.0,324,0,False,1.0,162.0,0.0,1,1,0,[1. 0.],[2 1],,0,0.6,0.7,0.30000000000000004,[1. 1.]
324,0.0,325,1,False,0.0,163.0,1.0,1,0,2,[1. 0.],[2 1],,0,0.6,0.7,0.30000000000000004,[1. 1.]
325,1.0,326,0,False,1.0,163.0,0.0,1,1,0,[1. 0.],[2 1],1.0,0,0.6,0.7,0.30000000000000004,[1. 1.]
326,0.0,327,1,False,0.0,164.0,2.0,1,0,2,[1. 0.],[2 1],1.0,0,0.6,0.7,0.30000000000000004,[1. 1.]
327,2.0,328,0,False,1.0,164.0,0.0,1,1,0,[1. 0.],[2 1],0.0,0,0.6,0.7,0.30000000000000004,[1. 1.]
328,0.0,329,1,False,0.0,165.0,1.0,1,0,2,[1. 0.],[2 1],0.0,0,0.6,0.7,0.30000000000000004,[1. 1.]
329,1.0,330,0,False,1.0,165.0,0.0,1,1,0,[0. 0.],[2 1],,0,0.6,0.7,0.30000000000000004,[1. 1.]
330,0.0,331,1,False,0.0,166.0,1.0,1,0,2,[0. 0.],[2 1],,0,0.6,0.7,0.30000000000000004,[1. 1.]
331,1.0,332,0,False,0.0,166.0,0.0,1,1,0,[0. 1.],[2 1],1.0,0,0.6,0.7,0.30000000000000004,[1. 1.]
332,0.0,333,1,False,0.0,167.0,2.0,1,0,2,[0. 1.],[2 1],1.0,0,0.6,0.7,0.30000000000000004,[1. 1.]
333,2.0,334,0,False,0.0,167.0,0.0,1,1,0,[1. 1.],[2 1],,0,0.6,0.7,0.30000000000000004,[1. 1.]
334,0.0,335,1,False,0.0,168.0,1.0,1,0,2,[1. 1.],[2 1],,0,0.6,0.7,0.30000000000000004,[1. 1.]
335,1.0,336,0,False,1.0,168.0,0.0,1,1,0,[0. 0.],[2 1],,0,0.6,0.7,0.30000000000000004,[1. 1.]
336,0.0,337,1,False,0.0,169.0,1.0,1,0,2,[0. 0.],[2 1],,0,0.6,0.7,0.30000000000000004,[1. 1.]
337,1.0,338,0,False,0.0,169.0,0.0,1,1,0,[0. 1.],[2 1],1.0,0,0.6,0.7,0.30000000000000004,[1. 1.]
338,0.0,339,1,False,0.0,170.0,2.0,1,0,2,[0. 1.],[2 1],1.0,0,0.6,0.7,0.30000000000000004,[1. 1.]
339,2.0,340,0,False,0.0,170.0,0.0,1,1,0,[1. 0.],[2 1],,0,0.6,0.7,0.30000000000000004,[1. 1.]
340,0.0,341,1,False,0.0,171.0,1.0,1,0,2,[1. 0.],[2 1],,0,0.6,0.7,0.30000000000000004,[1. 1.]
341,1.0,342,0,False,1.0,171.0,0.0,1,1,0,[1. 1.],[2 1],0.0,0,0.6,0.7,0.30000000000000004,[1. 1.]
342,0.0,343,1,False,0.0,172.0,1.0,1,0,2,[1. 1.],[2 1],0.0,0,0.6,0.7,0.30000000000000004,[1. 1.]
343,1.0,344,0,False,1.0,172.0,0.0,1,1,0,[0. 0.],[2 1],1.0,0,0.6,0.7,0.30000000000000004,[1. 1.]
344,0.0,345,1,False,0.0,173.0,2.0,1,0,2,[0. 0.],[2 1],1.0,0,0.6,0.7,0.30000000000000004,[1. 1.]
345,2.0,346,0,False,0.0,173.0,0.0,1,1,0,[1. 0.],[2 1],1.0,0,0.6,0.7,0.30000000000000004,[1. 1.]
346,0.0,347,1,False,0.0,174.0,2.0,1,0,2,[1. 0.],[2 1],1.0,0,0.6,0.7,0.30000000000000004,[1. 1.]
347,2.0,348,0,False,1.0,174.0,0.0,1,1,0,[0. 0.],[2 1],,0,0.6,0.7,0.30000000000000004,[1. 1.]
348,0.0,349,1,False,0.0,175.0,1.0,1,0,2,[0. 0.],[2 1],,0,0.6,0.7,0.30000000000000004,[1. 1.]
349,1.0,350,0,False,0.0,175.0,0.0,1,1,0,[1. 0.],[2 1],,0,0.6,0.7,0.30000000000000004,[1. 1.]
350,0.0,351,1,False,0.0,176.0,1.0,1,0,2,[1. 0.],[2 1],,0,0.6,0.7,0.30000000000000004,[1. 1.]
351,1.0,352,0,False,1.0,176.0,0.0,1,1,0,[0. 0.],[2 1],,0,0.6,0.7,0.30000000000000004,[1. 1.]
352,0.0,353,1,False,0.0,177.0,1.0,1,0,2,[0. 0.],[2 1],,0,0.6,0.7,0.30000000000000004,[1. 1.]
353,1.0,354,0,False,0.0,177.0,0.0,1,1,0,[1. 0.],[2 1],1.0,0,0.6,0.7,0.30000000000000004,[1. 1.]
354,0.0,355,1,False,0.0,178.0,2.0,1,0,2,[1. 0.],[2 1],1.0,0,0.6,0.7,0.30000000000000004,[1. 1.]
355,2.0,356,0,False,1.0,178.0,0.0,1,1,0,[0. 1.],[2 1],0.0,0,0.6,0.7,0.30000000000000004,[1. 1.]
356,0.0,357,1,False,0.0,179.0,1.0,1,0,2,[0. 1.],[2 1],0.0,0,0.6,0.7,0.30000000000000004,[1. 1.]
357,1.0,358,0,False,0.0,179.0,0.0,1,1,0,[1. 0.],[2 1],1.0,0,0.6,0.7,0.30000000000000004,[1. 1.]
358,0.0,359,1,False,0.0,180.0,2.0,1,0,2,[1. 0.],[2 1],1.0,0,0.6,0.7,0.30000000000000004,[1. 1.]
359,2.0,360,0,False,1.0,180.0,0.0,1,1,0,[0. 0.],[2 1],,0,0.6,0.7,0.30000000000000004,[1. 1.]
360,0.0,361,1,False,0.0,181.0,1.0,1,0,2,[0. 0.],[2 1],,0,0.6,0.7,0.30000000000000004,[1. 1.]
361,1.0,362,0,False,0.0,181.0,0.0,1,1,0,[0. 0.],[2 1],,0,0.6,0.7,0.30000000000000004,[1. 1.]
362,0.0,363,1,False,0.0,182.0,1.0,1,0,2,[0. 0.],[2 1],,0,0.6,0.7,0.30000000000000004,[1. 1.]
363,1.0,364,0,False,0.0,182.0,0.0,1,1,0,[0. 0.],[2 1],,0,0.6,0.7,0.30000000000000004,[1. 1.]
364,0.0,365,1,False,0.0,183.0,2.0,1,0,1,[0. 0.],[2 1],,0,0.6,0.7,0.30000000000000004,[1. 1.]
365,2.0,366,0,False,0.0,183.0,0.0,1,1,0,[0. 0.],[2 1],,0,0.6,0.7,0.30000000000000004,[1. 1.]
366,0.0,367,1,False,0.0,184.0,2.0,1,0,1,[0. 0.],[2 1],,0,0.6,0.7,0.30000000000000004,[1. 1.]
367,2.0,368,0,False,0.0,184.0,0.0,1,1,0,[1. 0.],[2 1],1.0,0,0.6,0.7,0.30000000000000004,[1. 1.]
368,0.0,369,1,False,0.0,185.0,2.0,1,0,1,[1. 0.],[2 1],1.0,0,0.6,0.7,0.30000000000000004,[1. 1.]
369,2.0,370,0,False,0.0,185.0,0.0,1,1,0,[1. 0.],[2 1],0.0,0,0.6,0.7,0.30000000000000004,[1. 1.]
370,0.0,371,1,False,0.0,186.0,1.0,1,0,2,[1. 0.],[2 1],0.0,0,0.6,0.7,0.30000000000000004,[1. 1.]
371,1.0,372,0,False,1.0,186.0,0.0,1,1,0,[1. 1.],[2 1],,0,0.6,0.7,0.30000000000000004,[1. 1.]
372,0.0,373,1,False,0.0,187.0,1.0,1,0,2,[1. 1.],[2 1],,0,0.6,0.7,0.30000000000000004,[1. 1.]
373,1.0,374,0,False,1.0,187.0,0.0,1,1,0,[1. 0.],[2 1],,0,0.6,0.7,0.30000000000000004,[1. 1.]
374,0.0,375,1,False,0.0,188.0,1.0,1,0,2,[1. 0.],[2 1],,0,0.6,0.7,0.30000000000000004,[1. 1.]
375,1.0,376,0,False,1.0,188.0,0.0,1,1,0,[1. 1.],[2 1],0.0,0,0.6,0.7,0.30000000000000004,[1. 1.]
376,0.0,377,1,False,0.0,189.0,1.0,1,0,2,[1. 1.],[2 1],0.0,0,0.6,0.7,0.30000000000000004,[1. 1.]
377,1.0,378,0,False,1.0,189.0,0.0,1,1,0,[1. 0.],[2 1],0.0,0,0.6,0.7,0.30000000000000004,[1. 1.]
378,0.0,379,1,False,0.0,190.0,1.0,1,0,2,[1. 0.],[2 1],0.0,0,0.6,0.7,0.30000000000000004,[1. 1.]
379,1.0,380,0,False,1.0,190.0,0.0,1,1,0,[0. 0.],[2 1],,0,0.6,0.7,0.30000000000000004,[1. 1.]
380,0.0,381,1,False,0.0,191.0,1.0,1,0,2,[0. 0.],[2 1],,0,0.6,0.7,0.30000000000000004,[1. 1.]
381,1.0,382,0,False,0.0,191.0,0.0,1,1,0,[0. 1.],[2 1],0.0,0,0.6,0.7,0.30000000000000004,[1. 1.]
382,0.0,383,1,False,0.0,192.0,1.0,1,0,2,[0. 1.],[2 1],0.0,0,0.6,0.7,0.30000000000000004,[1. 1.]
383,1.0,384,0,False,0.0,192.0,0.0,1,1,0,[1. 1.],[2 1],,0,0.6,0.7,0.30000000000000004,[1. 1.]
384,0.0,385,1,False,0.0,193.0,1.0,1,0,2,[1. 1.],[2 1],,0,0.6,0.7,0.30000000000000004,[1. 1.]
385,1.0,386,0,False,1.0,193.0,0.0,1,1,0,[1. 1.],[2 1],,0,0.6,0.7,0.30000000000000004,[1. 1.]
386,0.0,387,1,False,0.0,194.0,1.0,1,0,2,[1. 1.],[2 1],,0,0.6,0.7,0.30000000000000004,[1. 1.]
387,1.0,388,0,False,1.0,194.0,0.0,1,1,0,[1. 1.],[2 1],1.0,0,0.6,0.7,0.30000000000000004,[1. 1.]
388,0.0,389,1,False,0.0,195.0,2.0,1,0,2,[1. 1.],[2 1],1.0,0,0.6,0.7,0.30000000000000004,[1. 1.]
389,2.0,390,0,False,1.0,195.0,0.0,1,1,0,[1. 1.],[2 1],1.0,0,0.6,0.7,0.30000000000000004,[1. 1.]
390,0.0,391,1,False,0.0,196.0,2.0,1,0,2,[1. 1.],[2 1],1.0,0,0.6,0.7,0.30000000000000004,[1. 1.]
391,2.0,392,0,False,1.0,196.0,0.0,1,1,0,[1. 0.],[2 1],,0,0.6,0.7,0.30000000000000004,[1. 1.]
392,0.0,393,1,False,0.0,197.0,1.0,1,0,2,[1. 0.],[2 1],,0,0.6,0.7,0.30000000000000004,[1. 1.]
393,1.0,394,0,False,1.0,197.0,0.0,1,1,0,[1. 0.],[2 1],1.0,0,0.6,0.7,0.30000000000000004,[1. 1.]
394,0.0,395,1,False,0.0,198.0,2.0,1,0,2,[1. 0.],[2 1],1.0,0,0.6,0.7,0.30000000000000004,[1. 1.]
395,2.0,396,0,False,1.0,198.0,0.0,1,1,0,[1. 0.],[2 1],,0,0.6,0.7,0.30000000000000004,[1. 1.]
396,0.0,397,1,False,0.0,199.0,1.0,1,0,2,[1. 0.],[2 1],,0,0.6,0.7,0.30000000000000004,[1. 1.]
397,1.0,398,0,False,1.0,199.0,0.0,1,1,0,[1. 1.],[2 1],,0,0.6,0.7,0.30000000000000004,[1. 1.]
398,0.0,399,1,False,0.0,200.0,1.0,1,0,2,[1. 1.],[2 1],,0,0.6,0.7,0.30000000000000004,[1. 1.]
399,1.0,400,0,False,1.0,200.0,0.0,1,1,0,[0. 1.],[2 1],,1,0.6,0.7,0.30000000000000004,[1. 1.]
400,0.0,401,1,False,0.0,201.0,1.0,1,0,2,[0. 1.],[2 1],,1,0.6,0.7,0.30000000000000004,[1. 1.]
401,1.0,402,0,False,0.0,201.0,0.0,1,1,0,[0. 0.],[2 1],,1,0.6,0.7,0.30000000000000004,[1. 1.]
402,0.0,403,1,False,0.0,202.0,1.0,1,0,2,[0. 0.],[2 1],,1,0.6,0.7,0.30000000000000004,[1. 1.]
403,1.0,404,0,False,0.0,202.0,0.0,1,1,0,[1. 0.],[2 1],,1,0.6,0.7,0.30000000000000004,[1. 1.]
404,0.0,405,1,False,0.0,203.0,2.0,1,0,1,[1. 0.],[2 1],,1,0.6,0.7,0.30000000000000004,[1. 1.]
405,2.0,406,0,False,0.0,203.0,0.0,1,1,0,[1. 0.],[2 1],0.0,1,0.6,0.7,0.30000000000000004,[1. 1.]
406,0.0,407,1,False,0.0,204.0,1.0,1,0,2,[1. 0.],[2 1],0.0,1,0.6,0.7,0.30000000000000004,[1. 1.]
407,1.0,408,0,False,1.0,204.0,0.0,1,1,0,[0. 1.],[2 1],0.0,1,0.6,0.7,0.30000000000000004,[1. 1.]
408,0.0,409,1,False,0.0,205.0,1.0,1,0,2,[0. 1.],[2 1],0.0,1,0.6,0.7,0.30000000000000004,[1. 1.]
409,1.0,410,0,False,0.0,205.0,0.0,1,1,0,[0. 1.],[2 1],,1,0.6,0.7,0.30000000000000004,[1. 1.]
410,0.0,411,1,False,0.0,206.0,1.0,1,0,2,[0. 1.],[2 1],,1,0.6,0.7,0.30000000000000004,[1. 1.]
411,1.0,412,0,False,0.0,206.0,0.0,1,1,0,[0. 0.],[2 1],0.0,1,0.6,0.7,0.30000000000000004,[1. 1.]
412,0.0,413,1,False,0.0,207.0,1.0,1,0,1,[0. 0.],[2 1],0.0,1,0.6,0.7,0.30000000000000004,[1. 1.]
413,1.0,414,0,False,0.0,207.0,0.0,1,1,0,[0. 1.],[2 1],0.0,1,0.6,0.7,0.30000000000000004,[1. 1.]
414,0.0,415,1,False,0.0,208.0,1.0,1,0,2,[0. 1.],[2 1],0.0,1,0.6,0.7,0.30000000000000004,[1. 1.]
415,1.0,416,0,False,0.0,208.0,0.0,1,1,0,[0. 0.],[2 1],1.0,1,0.6,0.7,0.30000000000000004,[1. 1.]
416,0.0,417,1,False,0.0,209.0,2.0,1,0,1,[0. 0.],[2 1],1.0,1,0.6,0.7,0.30000000000000004,[1. 1.]
417,2.0,418,0,False,0.0,209.0,0.0,1,1,0,[0. 1.],[2 1],1.0,1,0.6,0.7,0.30000000000000004,[1. 1.]
418,0.0,419,1,False,0.0,210.0,2.0,1,0,1,[0. 1.],[2 1],1.0,1,0.6,0.7,0.30000000000000004,[1. 1.]
419,2.0,420,0,False,1.0,210.0,0.0,1,1,0,[0. 0.],[2 1],0.0,1,0.6,0.7,0.30000000000000004,[1. 1.]
420,0.0,421,1,False,0.0,211.0,1.0,1,0,1,[0. 0.],[2 1],0.0,1,0.6,0.7,0.30000000000000004,[1. 1.]
421,1.0,422,0,False,0.0,211.0,0.0,1,1,0,[0. 1.],[2 1],1.0,1,0.6,0.7,0.30000000000000004,[1. 1.]
422,0.0,423,1,False,0.0,212.0,2.0,1,0,1,[0. 1.],[2 1],1.0,1,0.6,0.7,0.30000000000000004,[1. 1.]
423,2.0,424,0,False,1.0,212.0,0.0,1,1,0,[0. 1.],[2 1],1.0,1,0.6,0.7,0.30000000000000004,[1. 1.]
424,0.0,425,1,False,0.0,213.0,2.0,1,0,1,[0. 1.],[2 1],1.0,1,0.6,0.7,0.30000000000000004,[1. 1.]
425,2.0,426,0,False,1.0,213.0,0.0,1,1,0,[0. 1.],[2 1],1.0,1,0.6,0.7,0.30000000000000004,[1. 1.]
426,0.0,427,1,False,0.0,214.0,2.0,1,0,1,[0. 1.],[2 1],1.0,1,0.6,0.7,0.30000000000000004,[1. 1.]
427,2.0,428,0,False,1.0,214.0,0.0,1,1,0,[0. 0.],[2 1],0.0,1,0.6,0.7,0.30000000000000004,[1. 1.]
428,0.0,429,1,False,0.0,215.0,1.0,1,0,1,[0. 0.],[2 1],0.0,1,0.6,0.7,0.30000000000000004,[1. 1.]
429,1.0,430,0,False,0.0,215.0,0.0,1,1,0,[1. 1.],[2 1],1.0,1,0.6,0.7,0.30000000000000004,[1. 1.]
430,0.0,431,1,False,0.0,216.0,2.0,1,0,1,[1. 1.],[2 1],1.0,1,0.6,0.7,0.30000000000000004,[1. 1.]
431,2.0,432,0,False,1.0,216.0,0.0,1,1,0,[0. 1.],[2 1],,1,0.6,0.7,0.30000000000000004,[1. 1.]
432,0.0,433,1,False,0.0,217.0,2.0,1,0,1,[0. 1.],[2 1],,1,0.6,0.7,0.30000000000000004,[1. 1.]
433,2.0,434,0,False,1.0,217.0,0.0,1,1,0,[0. 1.],[2 1],1.0,1,0.6,0.7,0.30000000000000004,[1. 1.]
434,0.0,435,1,False,0.0,218.0,2.0,1,0,1,[0. 1.],[2 1],1.0,1,0.6,0.7,0.30000000000000004,[1. 1.]
435,2.0,436,0,False,1.0,218.0,0.0,1,1,0,[1. 1.],[2 1],0.0,1,0.6,0.7,0.30000000000000004,[1. 1.]
436,0.0,437,1,False,0.0,219.0,1.0,1,0,1,[1. 1.],[2 1],0.0,1,0.6,0.7,0.30000000000000004,[1. 1.]
437,1.0,438,0,False,1.0,219.0,0.0,1,1,0,[1. 1.],[2 1],,1,0.6,0.7,0.30000000000000004,[1. 1.]
438,0.0,439,1,False,0.0,220.0,2.0,1,0,1,[1. 1.],[2 1],,1,0.6,0.7,0.30000000000000004,[1. 1.]
439,2.0,440,0,False,1.0,220.0,0.0,1,1,0,[0. 1.],[2 1],1.0,1,0.6,0.7,0.30000000000000004,[1. 1.]
440,0.0,441,1,False,0.0,221.0,2.0,1,0,1,[0. 1.],[2 1],1.0,1,0.6,0.7,0.30000000000000004,[1. 1.]
441,2.0,442,0,False,1.0,221.0,0.0,1,1,0,[0. 1.],[2 1],0.0,1,0.6,0.7,0.30000000000000004,[1. 1.]
442,0.0,443,1,False,0.0,222.0,1.0,1,0,1,[0. 1.],[2 1],0.0,1,0.6,0.7,0.30000000000000004,[1. 1.]
443,1.0,444,0,False,1.0,222.0,0.0,1,1,0,[0. 0.],[2 1],0.0,1,0.6,0.7,0.30000000000000004,[1. 1.]
444,0.0,445,1,False,0.0,223.0,1.0,1,0,1,[0. 0.],[2 1],0.0,1,0.6,0.7,0.30000000000000004,[1. 1.]
445,1.0,446,0,False,0.0,223.0,0.0,1,1,0,[1. 1.],[2 1],,1,0.6,0.7,0.30000000000000004,[1. 1.]
446,0.0,447,1,False,0.0,224.0,2.0,1,0,1,[1. 1.],[2 1],,1,0.6,0.7,0.30000000000000004,[1. 1.]
447,2.0,448,0,False,1.0,224.0,0.0,1,1,0,[0. 0.],[2 1],0.0,1,0.6,0.7,0.30000000000000004,[1. 1.]
448,0.0,449,1,False,0.0,225.0,1.0,1,0,1,[0. 0.],[2 1],0.0,1,0.6,0.7,0.30000000000000004,[1. 1.]
449,1.0,450,0,False,0.0,225.0,0.0,1,1,0,[0. 1.],[2 1],0.0,1,0.6,0.7,0.30000000000000004,[1. 1.]
450,0.0,451,1,False,0.0,226.0,1.0,1,0,1,[0. 1.],[2 1],0.0,1,0.6,0.7,0.30000000000000004,[1. 1.]
451,1.0,452,0,False,1.0,226.0,0.0,1,1,0,[0. 0.],[2 1],1.0,1,0.6,0.7,0.30000000000000004,[1. 1.]
452,0.0,453,1,False,0.0,227.0,2.0,1,0,1,[0. 0.],[2 1],1.0,1,0.6,0.7,0.30000000000000004,[1. 1.]
453,2.0,454,0,False,0.0,227.0,0.0,1,1,0,[1. 0.],[2 1],1.0,1,0.6,0.7,0.30000000000000004,[1. 1.]
454,0.0,455,1,False,0.0,228.0,2.0,1,0,1,[1. 0.],[2 1],1.0,1,0.6,0.7,0.30000000000000004,[1. 1.]
455,2.0,456,0,False,0.0,228.0,0.0,1,1,0,[0. 1.],[2 1],,1,0.6,0.7,0.30000000000000004,[1. 1.]
456,0.0,457,1,False,0.0,229.0,2.0,1,0,1,[0. 1.],[2 1],,1,0.6,0.7,0.30000000000000004,[1. 1.]
457,2.0,458,0,False,1.0,229.0,0.0,1,1,0,[1. 0.],[2 1],,0,0.6,0.7,0.30000000000000004,[1. 1.]
458,0.0,459,1,False,0.0,230.0,2.0,1,0,1,[1. 0.],[2 1],,0,0.6,0.7,0.30000000000000004,[1. 1.]
459,2.0,460,0,False,0.0,230.0,0.0,1,1,0,[1. 0.],[2 1],0.0,0,0.6,0.7,0.30000000000000004,[1. 1.]
460,0.0,461,1,False,0.0,231.0,1.0,1,0,1,[1. 0.],[2 1],0.0,0,0.6,0.7,0.30000000000000004,[1. 1.]
461,1.0,462,0,False,0.0,231.0,0.0,1,1,0,[1. 0.],[2 1],0.0,0,0.6,0.7,0.30000000000000004,[1. 1.]
462,0.0,463,1,False,0.0,232.0,1.0,1,0,1,[1. 0.],[2 1],0.0,0,0.6,0.7,0.30000000000000004,[1. 1.]
463,1.0,464,0,False,0.0,232.0,0.0,1,1,0,[0. 0.],[2 1],0.0,0,0.6,0.7,0.30000000000000004,[1. 1.]
464,0.0,465,1,False,0.0,233.0,1.0,1,0,2,[0. 0.],[2 1],0.0,0,0.6,0.7,0.30000000000000004,[1. 1.]
465,1.0,466,0,False,0.0,233.0,0.0,1,1,0,[0. 0.],[2 1],1.0,0,0.6,0.7,0.30000000000000004,[1. 1.]
466,0.0,467,1,False,0.0,234.0,2.0,1,0,1,[0. 0.],[2 1],1.0,0,0.6,0.7,0.30000000000000004,[1. 1.]
467,2.0,468,0,False,0.0,234.0,0.0,1,1,0,[1. 0.],[2 1],,0,0.6,0.7,0.30000000000000004,[1. 1.]
468,0.0,469,1,False,0.0,235.0,2.0,1,0,1,[1. 0.],[2 1],,0,0.6,0.7,0.30000000000000004,[1. 1.]
469,2.0,470,0,False,0.0,235.0,0.0,1,1,0,[1. 1.],[2 1],1.0,0,0.6,0.7,0.30000000000000004,[1. 1.]
470,0.0,471,1,False,0.0,236.0,2.0,1,0,1,[1. 1.],[2 1],1.0,0,0.6,0.7,0.30000000000000004,[1. 1.]
471,2.0,472,0,False,1.0,236.0,0.0,1,1,0,[0. 1.],[2 1],,0,0.6,0.7,0.30000000000000004,[1. 1.]
472,0.0,473,1,False,0.0,237.0,2.0,1,0,1,[0. 1.],[2 1],,0,0.6,0.7,0.30000000000000004,[1. 1.]
473,2.0,474,0,False,1.0,237.0,0.0,1,1,0,[1. 1.],[2 1],,0,0.6,0.7,0.30000000000000004,[1. 1.]
474,0.0,475,1,False,0.0,238.0,2.0,1,0,1,[1. 1.],[2 1],,0,0.6,0.7,0.30000000000000004,[1. 1.]
475,2.0,476,0,False,1.0,238.0,0.0,1,1,0,[1. 0.],[2 1],,0,0.6,0.7,0.30000000000000004,[1. 1.]
476,0.0,477,1,False,0.0,239.0,2.0,1,0,1,[1. 0.],[2 1],,0,0.6,0.7,0.30000000000000004,[1. 1.]
477,2.0,478,0,False,0.0,239.0,0.0,1,1,0,[0. 1.],[2 1],1.0,0,0.6,0.7,0.30000000000000004,[1. 1.]
478,0.0,479,1,False,0.0,240.0,2.0,1,0,1,[0. 1.],[2 1],1.0,0,0.6,0.7,0.30000000000000004,[1. 1.]
479,2.0,480,0,False,1.0,240.0,0.0,1,1,0,[1. 0.],[2 1],,0,0.6,0.7,0.30000000000000004,[1. 1.]
480,0.0,481,1,False,0.0,241.0,2.0,1,0,1,[1. 0.],[2 1],,0,0.6,0.7,0.30000000000000004,[1. 1.]
481,2.0,482,0,False,0.0,241.0,0.0,1,1,0,[1. 0.],[2 1],,0,0.6,0.7,0.30000000000000004,[1. 1.]
482,0.0,483,1,False,0.0,242.0,2.0,1,0,1,[1. 0.],[2 1],,0,0.6,0.7,0.30000000000000004,[1. 1.]
483,2.0,484,0,False,0.0,242.0,0.0,1,1,0,[0. 1.],[2 1],,0,0.6,0.7,0.30000000000000004,[1. 1.]
484,0.0,485,1,False,0.0,243.0,2.0,1,0,1,[0. 1.],[2 1],,0,0.6,0.7,0.30000000000000004,[1. 1.]
485,2.0,486,0,False,1.0,243.0,0.0,1,1,0,[1. 0.],[2 1],0.0,0,0.6,0.7,0.30000000000000004,[1. 1.]
486,0.0,487,1,False,0.0,244.0,1.0,1,0,1,[1. 0.],[2 1],0.0,0,0.6,0.7,0.30000000000000004,[1. 1.]
487,1.0,488,0,False,0.0,244.0,0.0,1,1,0,[1. 0.],[2 1],1.0,0,0.6,0.7,0.30000000000000004,[1. 1.]
488,0.0,489,1,False,0.0,245.0,2.0,1,0,1,[1. 0.],[2 1],1.0,0,0.6,0.7,0.30000000000000004,[1. 1.]
489,2.0,490,0,False,0.0,245.0,0.0,1,1,0,[1. 1.],[2 1],,0,0.6,0.7,0.30000000000000004,[1. 1.]
490,0.0,491,1,False,0.0,246.0,2.0,1,0,1,[1. 1.],[2 1],,0,0.6,0.7,0.30000000000000004,[1. 1.]
491,2.0,492,0,False,1.0,246.0,0.0,1,1,0,[0. 1.],[2 1],,1,0.6,0.7,0.30000000000000004,[1. 1.]
492,0.0,493,1,False,0.0,247.0,2.0,1,0,1,[0. 1.],[2 1],,1,0.6,0.7,0.30000000000000004,[1. 1.]
493,2.0,494,0,False,1.0,247.0,0.0,1,1,0,[1. 0.],[2 1],1.0,1,0.6,0.7,0.30000000000000004,[1. 1.]
494,0.0,495,1,False,0.0,248.0,2.0,1,0,1,[1. 0.],[2 1],1.0,1,0.6,0.7,0.30000000000000004,[1. 1.]
495,2.0,496,0,False,0.0,248.0,0.0,1,1,0,[0. 1.],[2 1],0.0,1,0.6,0.7,0.30000000000000004,[1. 1.]
496,0.0,497,1,False,0.0,249.0,1.0,1,0,1,[0. 1.],[2 1],0.0,1,0.6,0.7,0.30000000000000004,[1. 1.]
497,1.0,498,0,False,1.0,249.0,0.0,1,1,0,[1. 0.],[2 1],,1,0.6,0.7,0.30000000000000004,[1. 1.]
498,0.0,499,1,False,0.0,250.0,2.0,1,0,1,[1. 0.],[2 1],,1,0.6,0.7,0.30000000000000004,[1. 1.]
499,2.0,500,0,False,0.0,250.0,0.0,1,1,0,[1. 1.],[2 1],1.0,1,0.6,0.7,0.30000000000000004,[1. 1.]
500,0.0,501,1,False,0.0,251.0,2.0,1,0,1,[1. 1.],[2 1],1.0,1,0.6,0.7,0.30000000000000004,[1. 1.]
501,2.0,502,0,False,1.0,251.0,0.0,1,1,0,[0. 0.],[2 1],,1,0.6,0.7,0.30000000000000004,[1. 1.]
502,0.0,503,1,False,0.0,252.0,2.0,1,0,1,[0. 0.],[2 1],,1,0.6,0.7,0.30000000000000004,[1. 1.]
503,2.0,504,0,False,0.0,252.0,0.0,1,1,0,[0. 0.],[2 1],1.0,1,0.6,0.7,0.30000000000000004,[1. 1.]
504,0.0,505,1,False,0.0,253.0,2.0,1,0,1,[0. 0.],[2 1],1.0,1,0.6,0.7,0.30000000000000004,[1. 1.]
505,2.0,506,0,False,0.0,253.0,0.0,1,1,0,[0. 1.],[1 2],1.0,1,0.6,0.7,0.30000000000000004,[1. 1.]
506,0.0,507,1,False,0.0,254.0,2.0,1,0,1,[0. 1.],[1 2],1.0,1,0.6,0.7,0.30000000000000004,[1. 1.]
507,2.0,508,0,False,0.0,254.0,0.0,1,1,0,[0. 1.],[1 2],1.0,1,0.6,0.7,0.30000000000000004,[1. 1.]
508,0.0,509,1,False,0.0,255.0,2.0,1,0,1,[0. 1.],[1 2],1.0,1,0.6,0.7,0.30000000000000004,[1. 1.]
509,2.0,510,0,False,0.0,255.0,0.0,1,1,0,[0. 1.],[1 2],,1,0.6,0.7,0.30000000000000004,[1. 1.]
510,0.0,511,1,False,0.0,256.0,1.0,1,0,1,[0. 1.],[1 2],,1,0.6,0.7,0.30000000000000004,[1. 1.]
511,1.0,512,0,False,0.0,256.0,0.0,1,1,0,[0. 1.],[1 2],,1,0.6,0.7,0.30000000000000004,[1. 1.]
512,0.0,513,1,False,0.0,257.0,2.0,1,0,2,[0. 1.],[1 2],,1,0.6,0.7,0.30000000000000004,[1. 1.]
513,2.0,514,0,False,1.0,257.0,0.0,1,1,0,[0. 0.],[1 2],,1,0.6,0.7,0.30000000000000004,[1. 1.]
514,0.0,515,1,False,0.0,258.0,2.0,1,0,2,[0. 0.],[1 2],,1,0.6,0.7,0.30000000000000004,[1. 1.]
515,2.0,516,0,False,0.0,258.0,0.0,1,1,0,[1. 0.],[1 2],1.0,1,0.6,0.7,0.30000000000000004,[1. 1.]
516,0.0,517,1,False,0.0,259.0,2.0,1,0,2,[1. 0.],[1 2],1.0,1,0.6,0.7,0.30000000000000004,[1. 1.]
517,2.0,518,0,False,0.0,259.0,0.0,1,1,0,[0. 1.],[1 2],0.0,1,0.6,0.7,0.30000000000000004,[1. 1.]
518,0.0,519,1,False,0.0,260.0,1.0,1,0,2,[0. 1.],[1 2],0.0,1,0.6,0.7,0.30000000000000004,[1. 1.]
519,1.0,520,0,False,1.0,260.0,0.0,1,1,0,[1. 1.],[1 2],,1,0.6,0.7,0.30000000000000004,[1. 1.]
520,0.0,521,1,False,0.0,261.0,2.0,1,0,2,[1. 1.],[1 2],,1,0.6,0.7,0.30000000000000004,[1. 1.]
521,2.0,522,0,False,1.0,261.0,0.0,1,1,0,[1. 1.],[1 2],0.0,1,0.6,0.7,0.30000000000000004,[1. 1.]
522,0.0,523,1,False,0.0,262.0,1.0,1,0,2,[1. 1.],[1 2],0.0,1,0.6,0.7,0.30000000000000004,[1. 1.]
523,1.0,524,0,False,1.0,262.0,0.0,1,1,0,[0. 1.],[1 2],0.0,1,0.6,0.7,0.30000000000000004,[1. 1.]
524,0.0,525,1,False,0.0,263.0,1.0,1,0,2,[0. 1.],[1 2],0.0,1,0.6,0.7,0.30000000000000004,[1. 1.]
525,1.0,526,0,False,1.0,263.0,0.0,1,1,0,[0. 0.],[1 2],,1,0.6,0.7,0.30000000000000004,[1. 1.]
526,0.0,527,1,False,0.0,264.0,2.0,1,0,2,[0. 0.],[1 2],,1,0.6,0.7,0.30000000000000004,[1. 1.]
527,2.0,528,0,False,0.0,264.0,0.0,1,1,0,[0. 1.],[1 2],1.0,1,0.6,0.7,0.30000000000000004,[1. 1.]
528,0.0,529,1,False,0.0,265.0,2.0,1,0,2,[0. 1.],[1 2],1.0,1,0.6,0.7,0.30000000000000004,[1. 1.]
529,2.0,530,0,False,1.0,265.0,0.0,1,1,0,[0. 1.],[1 2],0.0,1,0.6,0.7,0.30000000000000004,[1. 1.]
530,0.0,531,1,False,0.0,266.0,1.0,1,0,2,[0. 1.],[1 2],0.0,1,0.6,0.7,0.30000000000000004,[1. 1.]
531,1.0,532,0,False,1.0,266.0,0.0,1,1,0,[0. 1.],[1 2],,1,0.6,0.7,0.30000000000000004,[1. 1.]
532,0.0,533,1,False,0.0,267.0,2.0,1,0,2,[0. 1.],[1 2],,1,0.6,0.7,0.30000000000000004,[1. 1.]
533,2.0,534,0,False,1.0,267.0,0.0,1,1,0,[0. 1.],[1 2],1.0,1,0.6,0.7,0.30000000000000004,[1. 1.]
534,0.0,535,1,False,0.0,268.0,2.0,1,0,2,[0. 1.],[1 2],1.0,1,0.6,0.7,0.30000000000000004,[1. 1.]
535,2.0,536,0,False,1.0,268.0,0.0,1,1,0,[0. 1.],[1 2],0.0,1,0.6,0.7,0.30000000000000004,[1. 1.]
536,0.0,537,1,False,0.0,269.0,1.0,1,0,2,[0. 1.],[1 2],0.0,1,0.6,0.7,0.30000000000000004,[1. 1.]
537,1.0,538,0,False,1.0,269.0,0.0,1,1,0,[0. 1.],[1 2],1.0,1,0.6,0.7,0.30000000000000004,[1. 1.]
538,0.0,539,1,False,0.0,270.0,2.0,1,0,2,[0. 1.],[1 2],1.0,1,0.6,0.7,0.30000000000000004,[1. 1.]
539,2.0,540,0,False,1.0,270.0,0.0,1,1,0,[0. 1.],[1 2],0.0,1,0.6,0.7,0.30000000000000004,[1. 1.]
540,0.0,541,1,False,0.0,271.0,1.0,1,0,2,[0. 1.],[1 2],0.0,1,0.6,0.7,0.30000000000000004,[1. 1.]
541,1.0,542,0,False,1.0,271.0,0.0,1,1,0,[0. 1.],[1 2],,1,0.6,0.7,0.30000000000000004,[1. 1.]
542,0.0,543,1,False,0.0,272.0,2.0,1,0,2,[0. 1.],[1 2],,1,0.6,0.7,0.30000000000000004,[1. 1.]
543,2.0,544,0,False,1.0,272.0,0.0,1,1,0,[0. 1.],[1 2],0.0,1,0.6,0.7,0.30000000000000004,[1. 1.]
544,0.0,545,1,False,0.0,273.0,1.0,1,0,2,[0. 1.],[1 2],0.0,1,0.6,0.7,0.30000000000000004,[1. 1.]
545,1.0,546,0,False,1.0,273.0,0.0,1,1,0,[0. 1.],[1 2],0.0,1,0.6,0.7,0.30000000000000004,[1. 1.]
546,0.0,547,1,False,0.0,274.0,1.0,1,0,2,[0. 1.],[1 2],0.0,1,0.6,0.7,0.30000000000000004,[1. 1.]
547,1.0,548,0,False,1.0,274.0,0.0,1,1,0,[0. 1.],[1 2],,0,0.6,0.7,0.30000000000000004,[1. 1.]
548,0.0,549,1,False,0.0,275.0,2.0,1,0,2,[0. 1.],[1 2],,0,0.6,0.7,0.30000000000000004,[1. 1.]
549,2.0,550,0,False,1.0,275.0,0.0,1,1,0,[1. 1.],[1 2],,0,0.6,0.7,0.30000000000000004,[1. 1.]
550,0.0,551,1,False,0.0,276.0,2.0,1,0,2,[1. 1.],[1 2],,0,0.6,0.7,0.30000000000000004,[1. 1.]
551,2.0,552,0,False,1.0,276.0,0.0,1,1,0,[1. 0.],[1 2],,0,0.6,0.7,0.30000000000000004,[1. 1.]
552,0.0,553,1,False,0.0,277.0,2.0,1,0,2,[1. 0.],[1 2],,0,0.6,0.7,0.30000000000000004,[1. 1.]
553,2.0,554,0,False,0.0,277.0,0.0,1,1,0,[1. 1.],[1 2],,0,0.6,0.7,0.30000000000000004,[1. 1.]
554,0.0,555,1,False,0.0,278.0,2.0,1,0,2,[1. 1.],[1 2],,0,0.6,0.7,0.30000000000000004,[1. 1.]
555,2.0,556,0,False,1.0,278.0,0.0,1,1,0,[0. 0.],[1 2],0.0,0,0.6,0.7,0.30000000000000004,[1. 1.]
556,0.0,557,1,False,0.0,279.0,1.0,1,0,2,[0. 0.],[1 2],0.0,0,0.6,0.7,0.30000000000000004,[1. 1.]
557,1.0,558,0,False,0.0,279.0,0.0,1,1,0,[1. 0.],[1 2],1.0,0,0.6,0.7,0.30000000000000004,[1. 1.]
558,0.0,559,1,False,0.0,280.0,2.0,1,0,2,[1. 0.],[1 2],1.0,0,0.6,0.7,0.30000000000000004,[1. 1.]
559,2.0,560,0,False,0.0,280.0,0.0,1,1,0,[0. 1.],[1 2],0.0,0,0.6,0.7,0.30000000000000004,[1. 1.]
560,0.0,561,1,False,0.0,281.0,1.0,1,0,2,[0. 1.],[1 2],0.0,0,0.6,0.7,0.30000000000000004,[1. 1.]
561,1.0,562,0,False,1.0,281.0,0.0,1,1,0,[1. 1.],[1 2],0.0,0,0.6,0.7,0.30000000000000004,[1. 1.]
562,0.0,563,1,False,0.0,282.0,1.0,1,0,2,[1. 1.],[1 2],0.0,0,0.6,0.7,0.30000000000000004,[1. 1.]
563,1.0,564,0,False,1.0,282.0,0.0,1,1,0,[1. 0.],[1 2],,0,0.6,0.7,0.30000000000000004,[1. 1.]
564,0.0,565,1,False,0.0,283.0,2.0,1,0,2,[1. 0.],[1 2],,0,0.6,0.7,0.30000000000000004,[1. 1.]
565,2.0,566,0,False,0.0,283.0,0.0,1,1,0,[1. 0.],[1 2],,0,0.6,0.7,0.30000000000000004,[1. 1.]
566,0.0,567,1,False,0.0,284.0,2.0,1,0,2,[1. 0.],[1 2],,0,0.6,0.7,0.30000000000000004,[1. 1.]
567,2.0,568,0,False,0.0,284.0,0.0,1,1,0,[0. 1.],[1 2],,0,0.6,0.7,0.30000000000000004,[1. 1.]
568,0.0,569,1,False,0.0,285.0,2.0,1,0,2,[0. 1.],[1 2],,0,0.6,0.7,0.30000000000000004,[1. 1.]
569,2.0,570,0,False,1.0,285.0,0.0,1,1,0,[0. 0.],[1 2],,0,0.6,0.7,0.30000000000000004,[1. 1.]
570,0.0,571,1,False,0.0,286.0,2.0,1,0,2,[0. 0.],[1 2],,0,0.6,0.7,0.30000000000000004,[1. 1.]
571,2.0,572,0,False,0.0,286.0,0.0,1,1,0,[0. 0.],[1 2],0.0,0,0.6,0.7,0.30000000000000004,[1. 1.]
572,0.0,573,1,False,0.0,287.0,1.0,1,0,2,[0. 0.],[1 2],0.0,0,0.6,0.7,0.30000000000000004,[1. 1.]
573,1.0,574,0,False,0.0,287.0,0.0,1,1,0,[1. 0.],[1 2],1.0,0,0.6,0.7,0.30000000000000004,[1. 1.]
574,0.0,575,1,False,0.0,288.0,2.0,1,0,2,[1. 0.],[1 2],1.0,0,0.6,0.7,0.30000000000000004,[1. 1.]
575,2.0,576,0,False,0.0,288.0,0.0,1,1,0,[1. 0.],[1 2],1.0,0,0.6,0.7,0.30000000000000004,[1. 1.]
576,0.0,577,1,False,0.0,289.0,2.0,1,0,2,[1. 0.],[1 2],1.0,0,0.6,0.7,0.30000000000000004,[1. 1.]
577,2.0,578,0,False,0.0,289.0,0.0,1,1,0,[1. 1.],[1 2],0.0,0,0.6,0.7,0.30000000000000004,[1. 1.]
578,0.0,579,1,False,0.0,290.0,1.0,1,0,1,[1. 1.],[1 2],0.0,0,0.6,0.7,0.30000000000000004,[1. 1.]
579,1.0,580,0,False,1.0,290.0,0.0,1,1,0,[1. 0.],[1 2],,0,0.6,0.7,0.30000000000000004,[1. 1.]
580,0.0,581,1,False,0.0,291.0,1.0,1,0,1,[1. 0.],[1 2],,0,0.6,0.7,0.30000000000000004,[1. 1.]
581,1.0,582,0,False,1.0,291.0,0.0,1,1,0,[0. 1.],[1 2],,0,0.6,0.7,0.30000000000000004,[1. 1.]
582,0.0,583,1,False,0.0,292.0,1.0,1,0,1,[0. 1.],[1 2],,0,0.6,0.7,0.30000000000000004,[1. 1.]
583,1.0,584,0,False,0.0,292.0,0.0,1,1,0,[1. 0.],[1 2],0.0,0,0.6,0.7,0.30000000000000004,[1. 1.]
584,0.0,585,1,False,0.0,293.0,1.0,1,0,1,[1. 0.],[1 2],0.0,0,0.6,0.7,0.30000000000000004,[1. 1.]
585,1.0,586,0,False,1.0,293.0,0.0,1,1,0,[1. 0.],[1 2],1.0,0,0.6,0.7,0.30000000000000004,[1. 1.]
586,0.0,587,1,False,0.0,294.0,2.0,1,0,1,[1. 0.],[1 2],1.0,0,0.6,0.7,0.30000000000000004,[1. 1.]
587,2.0,588,0,False,1.0,294.0,0.0,1,1,0,[1. 0.],[1 2],,0,0.6,0.7,0.30000000000000004,[1. 1.]
588,0.0,589,1,False,0.0,295.0,1.0,1,0,1,[1. 0.],[1 2],,0,0.6,0.7,0.30000000000000004,[1. 1.]
589,1.0,590,0,False,1.0,295.0,0.0,1,1,0,[1. 0.],[1 2],,0,0.6,0.7,0.30000000000000004,[1. 1.]
590,0.0,591,1,False,0.0,296.0,1.0,1,0,1,[1. 0.],[1 2],,0,0.6,0.7,0.30000000000000004,[1. 1.]
591,1.0,592,0,False,1.0,296.0,0.0,1,1,0,[1. 0.],[1 2],0.0,0,0.6,0.7,0.30000000000000004,[1. 1.]
592,0.0,593,1,False,0.0,297.0,1.0,1,0,1,[1. 0.],[1 2],0.0,0,0.6,0.7,0.30000000000000004,[1. 1.]
593,1.0,594,0,False,1.0,297.0,0.0,1,1,0,[0. 0.],[1 2],,0,0.6,0.7,0.30000000000000004,[1. 1.]
594,0.0,595,1,False,0.0,298.0,1.0,1,0,1,[0. 0.],[1 2],,0,0.6,0.7,0.30000000000000004,[1. 1.]
595,1.0,596,0,False,0.0,298.0,0.0,1,1,0,[1. 0.],[1 2],1.0,0,0.6,0.7,0.30000000000000004,[1. 1.]
596,0.0,597,1,False,0.0,299.0,2.0,1,0,1,[1. 0.],[1 2],1.0,0,0.6,0.7,0.30000000000000004,[1. 1.]
597,2.0,598,0,False,1.0,299.0,0.0,1,1,0,[1. 0.],[1 2],,0,0.6,0.7,0.30000000000000004,[1. 1.]
598,0.0,599,1,False,0.0,300.0,1.0,1,0,1,[1. 0.],[1 2],,0,0.6,0.7,0.30000000000000004,[1. 1.]
599,1.0,600,0,False,1.0,300.0,0.0,1,1,0,[1. 0.],[1 2],,0,0.6,0.7,0.30000000000000004,[1. 1.]
600,0.0,601,1,False,0.0,301.0,1.0,1,0,1,[1. 0.],[1 2],,0,0.6,0.7,0.30000000000000004,[1. 1.]
601,1.0,602,0,False,1.0,301.0,0.0,1,1,0,[1. 1.],[1 2],,0,0.6,0.7,0.30000000000000004,[1. 1.]
602,0.0,603,1,False,0.0,302.0,1.0,1,0,1,[1. 1.],[1 2],,0,0.6,0.7,0.30000000000000004,[1. 1.]
603,1.0,604,0,False,1.0,302.0,0.0,1,1,0,[0. 0.],[1 2],,0,0.6,0.7,0.30000000000000004,[1. 1.]
604,0.0,605,1,False,0.0,303.0,1.0,1,0,1,[0. 0.],[1 2],,0,0.6,0.7,0.30000000000000004,[1. 1.]
605,1.0,606,0,False,0.0,303.0,0.0,1,1,0,[1. 0.],[1 2],1.0,0,0.6,0.7,0.30000000000000004,[1. 1.]
606,0.0,607,1,False,0.0,304.0,2.0,1,0,1,[1. 0.],[1 2],1.0,0,0.6,0.7,0.30000000000000004,[1. 1.]
607,2.0,608,0,False,1.0,304.0,0.0,1,1,0,[0. 1.],[1 2],,0,0.6,0.7,0.30000000000000004,[1. 1.]
608,0.0,609,1,False,0.0,305.0,1.0,1,0,1,[0. 1.],[1 2],,0,0.6,0.7,0.30000000000000004,[1. 1.]
609,1.0,610,0,False,0.0,305.0,0.0,1,1,0,[0. 1.],[1 2],0.0,1,0.6,0.7,0.30000000000000004,[1. 1.]
610,0.0,611,1,False,0.0,306.0,1.0,1,0,1,[0. 1.],[1 2],0.0,1,0.6,0.7,0.30000000000000004,[1. 1.]
611,1.0,612,0,False,0.0,306.0,0.0,1,1,0,[0. 0.],[1 2],0.0,1,0.6,0.7,0.30000000000000004,[1. 1.]
612,0.0,613,1,False,0.0,307.0,1.0,1,0,1,[0. 0.],[1 2],0.0,1,0.6,0.7,0.30000000000000004,[1. 1.]
613,1.0,614,0,False,0.0,307.0,0.0,1,1,0,[1. 0.],[1 2],0.0,1,0.6,0.7,0.30000000000000004,[1. 1.]
614,0.0,615,1,False,0.0,308.0,1.0,1,0,2,[1. 0.],[1 2],0.0,1,0.6,0.7,0.30000000000000004,[1. 1.]
615,1.0,616,0,False,0.0,308.0,0.0,1,1,0,[1. 0.],[1 2],1.0,1,0.6,0.7,0.30000000000000004,[1. 1.]
616,0.0,617,1,False,0.0,309.0,2.0,1,0,1,[1. 0.],[1 2],1.0,1,0.6,0.7,0.30000000000000004,[1. 1.]
617,2.0,618,0,False,1.0,309.0,0.0,1,1,0,[0. 0.],[1 2],0.0,1,0.6,0.7,0.30000000000000004,[1. 1.]
618,0.0,619,1,False,0.0,310.0,1.0,1,0,1,[0. 0.],[1 2],0.0,1,0.6,0.7,0.30000000000000004,[1. 1.]
619,1.0,620,0,False,0.0,310.0,0.0,1,1,0,[0. 1.],[1 2],,1,0.6,0.7,0.30000000000000004,[1. 1.]
620,0.0,621,1,False,0.0,311.0,1.0,1,0,1,[0. 1.],[1 2],,1,0.6,0.7,0.30000000000000004,[1. 1.]
621,1.0,622,0,False,0.0,311.0,0.0,1,1,0,[0. 1.],[1 2],,1,0.6,0.7,0.30000000000000004,[1. 1.]
622,0.0,623,1,False,0.0,312.0,2.0,1,0,2,[0. 1.],[1 2],,1,0.6,0.7,0.30000000000000004,[1. 1.]
623,2.0,624,0,False,1.0,312.0,0.0,1,1,0,[0. 1.],[1 2],1.0,1,0.6,0.7,0.30000000000000004,[1. 1.]
624,0.0,625,1,False,0.0,313.0,2.0,1,0,2,[0. 1.],[1 2],1.0,1,0.6,0.7,0.30000000000000004,[1. 1.]
625,2.0,626,0,False,1.0,313.0,0.0,1,1,0,[1. 1.],[1 2],,1,0.6,0.7,0.30000000000000004,[1. 1.]
626,0.0,627,1,False,0.0,314.0,2.0,1,0,2,[1. 1.],[1 2],,1,0.6,0.7,0.30000000000000004,[1. 1.]
627,2.0,628,0,False,1.0,314.0,0.0,1,1,0,[1. 1.],[1 2],,1,0.6,0.7,0.30000000000000004,[1. 1.]
628,0.0,629,1,False,0.0,315.0,2.0,1,0,2,[1. 1.],[1 2],,1,0.6,0.7,0.30000000000000004,[1. 1.]
629,2.0,630,0,False,1.0,315.0,0.0,1,1,0,[0. 1.],[1 2],0.0,1,0.6,0.7,0.30000000000000004,[1. 1.]
630,0.0,631,1,False,0.0,316.0,1.0,1,0,2,[0. 1.],[1 2],0.0,1,0.6,0.7,0.30000000000000004,[1. 1.]
631,1.0,632,0,False,1.0,316.0,0.0,1,1,0,[0. 0.],[1 2],0.0,1,0.6,0.7,0.30000000000000004,[1. 1.]
632,0.0,633,1,False,0.0,317.0,1.0,1,0,2,[0. 0.],[1 2],0.0,1,0.6,0.7,0.30000000000000004,[1. 1.]
633,1.0,634,0,False,0.0,317.0,0.0,1,1,0,[1. 0.],[1 2],1.0,1,0.6,0.7,0.30000000000000004,[1. 1.]
634,0.0,635,1,False,0.0,318.0,2.0,1,0,2,[1. 0.],[1 2],1.0,1,0.6,0.7,0.30000000000000004,[1. 1.]
635,2.0,636,0,False,0.0,318.0,0.0,1,1,0,[1. 0.],[1 2],,1,0.6,0.7,0.30000000000000004,[1. 1.]
636,0.0,637,1,False,0.0,319.0,2.0,1,0,2,[1. 0.],[1 2],,1,0.6,0.7,0.30000000000000004,[1. 1.]
637,2.0,638,0,False,0.0,319.0,0.0,1,1,0,[0. 1.],[1 2],1.0,1,0.6,0.7,0.30000000000000004,[1. 1.]
638,0.0,639,1,False,0.0,320.0,2.0,1,0,2,[0. 1.],[1 2],1.0,1,0.6,0.7,0.30000000000000004,[1. 1.]
639,2.0,640,0,False,1.0,320.0,0.0,1,1,0,[0. 0.],[1 2],1.0,1,0.6,0.7,0.30000000000000004,[1. 1.]
640,0.0,641,1,False,0.0,321.0,2.0,1,0,2,[0. 0.],[1 2],1.0,1,0.6,0.7,0.30000000000000004,[1. 1.]
641,2.0,642,0,False,0.0,321.0,0.0,1,1,0,[0. 1.],[1 2],0.0,1,0.6,0.7,0.30000000000000004,[1. 1.]
642,0.0,643,1,False,0.0,322.0,1.0,1,0,2,[0. 1.],[1 2],0.0,1,0.6,0.7,0.30000000000000004,[1. 1.]
643,1.0,644,0,False,1.0,322.0,0.0,1,1,0,[0. 0.],[1 2],1.0,1,0.6,0.7,0.30000000000000004,[1. 1.]
644,0.0,645,1,False,0.0,323.0,2.0,1,0,2,[0. 0.],[1 2],1.0,1,0.6,0.7,0.30000000000000004,[1. 1.]
645,2.0,646,0,False,0.0,323.0,0.0,1,1,0,[0. 1.],[1 2],1.0,1,0.6,0.7,0.30000000000000004,[1. 1.]
646,0.0,647,1,False,0.0,324.0,2.0,1,0,2,[0. 1.],[1 2],1.0,1,0.6,0.7,0.30000000000000004,[1. 1.]
647,2.0,648,0,False,1.0,324.0,0.0,1,1,0,[1. 1.],[1 2],0.0,1,0.6,0.7,0.30000000000000004,[1. 1.]
648,0.0,649,1,False,0.0,325.0,1.0,1,0,2,[1. 1.],[1 2],0.0,1,0.6,0.7,0.30000000000000004,[1. 1.]
649,1.0,650,0,False,1.0,325.0,0.0,1,1,0,[1. 1.],[1 2],0.0,1,0.6,0.7,0.30000000000000004,[1. 1.]
650,0.0,651,1,False,0.0,326.0,1.0,1,0,2,[1. 1.],[1 2],0.0,1,0.6,0.7,0.30000000000000004,[1. 1.]
651,1.0,652,0,False,1.0,326.0,0.0,1,1,0,[0. 1.],[1 2],,1,0.6,0.7,0.30000000000000004,[1. 1.]
652,0.0,653,1,False,0.0,327.0,2.0,1,0,2,[0. 1.],[1 2],,1,0.6,0.7,0.30000000000000004,[1. 1.]
653,2.0,654,0,False,1.0,327.0,0.0,1,1,0,[1. 0.],[2 1],1.0,1,0.6,0.7,0.30000000000000004,[1. 1.]
654,0.0,655,1,False,0.0,328.0,2.0,1,0,2,[1. 0.],[2 1],1.0,1,0.6,0.7,0.30000000000000004,[1. 1.]
655,2.0,656,0,False,1.0,328.0,0.0,1,1,0,[1. 1.],[2 1],1.0,1,0.6,0.7,0.30000000000000004,[1. 1.]
656,0.0,657,1,False,0.0,329.0,2.0,1,0,2,[1. 1.],[2 1],1.0,1,0.6,0.7,0.30000000000000004,[1. 1.]
657,2.0,658,0,False,1.0,329.0,0.0,1,1,0,[0. 1.],[2 1],0.0,1,0.6,0.7,0.30000000000000004,[1. 1.]
658,0.0,659,1,False,0.0,330.0,1.0,1,0,2,[0. 1.],[2 1],0.0,1,0.6,0.7,0.30000000000000004,[1. 1.]
659,1.0,660,0,False,0.0,330.0,0.0,1,1,0,[0. 1.],[2 1],,1,0.6,0.7,0.30000000000000004,[1. 1.]
660,0.0,661,1,False,0.0,331.0,1.0,1,0,2,[0. 1.],[2 1],,1,0.6,0.7,0.30000000000000004,[1. 1.]
661,1.0,662,0,False,0.0,331.0,0.0,1,1,0,[0. 1.],[2 1],,1,0.6,0.7,0.30000000000000004,[1. 1.]
662,0.0,663,1,False,0.0,332.0,2.0,1,0,1,[0. 1.],[2 1],,1,0.6,0.7,0.30000000000000004,[1. 1.]
663,2.0,664,0,False,1.0,332.0,0.0,1,1,0,[0. 0.],[2 1],1.0,1,0.6,0.7,0.30000000000000004,[1. 1.]
664,0.0,665,1,False,0.0,333.0,2.0,1,0,1,[0. 0.],[2 1],1.0,1,0.6,0.7,0.30000000000000004,[1. 1.]
665,2.0,666,0,False,0.0,333.0,0.0,1,1,0,[0. 1.],[2 1],,1,0.6,0.7,0.30000000000000004,[1. 1.]
666,0.0,667,1,False,0.0,334.0,2.0,1,0,1,[0. 1.],[2 1],,1,0.6,0.7,0.30000000000000004,[1. 1.]
667,2.0,668,0,False,1.0,334.0,0.0,1,1,0,[0. 0.],[2 1],1.0,1,0.6,0.7,0.30000000000000004,[1. 1.]
668,0.0,669,1,False,0.0,335.0,2.0,1,0,1,[0. 0.],[2 1],1.0,1,0.6,0.7,0.30000000000000004,[1. 1.]
669,2.0,670,0,False,0.0,335.0,0.0,1,1,0,[1. 1.],[2 1],1.0,0,0.6,0.7,0.30000000000000004,[1. 1.]
670,0.0,671,1,False,0.0,336.0,2.0,1,0,1,[1. 1.],[2 1],1.0,0,0.6,0.7,0.30000000000000004,[1. 1.]
671,2.0,672,0,False,1.0,336.0,0.0,1,1,0,[1. 0.],[2 1],1.0,0,0.6,0.7,0.30000000000000004,[1. 1.]
672,0.0,673,1,False,0.0,337.0,2.0,1,0,1,[1. 0.],[2 1],1.0,0,0.6,0.7,0.30000000000000004,[1. 1.]
673,2.0,674,0,False,0.0,337.0,0.0,1,1,0,[0. 0.],[2 1],0.0,0,0.6,0.7,0.30000000000000004,[1. 1.]
674,0.0,675,1,False,0.0,338.0,1.0,1,0,1,[0. 0.],[2 1],0.0,0,0.6,0.7,0.30000000000000004,[1. 1.]
675,1.0,676,0,False,0.0,338.0,0.0,1,1,0,[1. 0.],[2 1],1.0,0,0.6,0.7,0.30000000000000004,[1. 1.]
676,0.0,677,1,False,0.0,339.0,2.0,1,0,1,[1. 0.],[2 1],1.0,0,0.6,0.7,0.30000000000000004,[1. 1.]
677,2.0,678,0,False,0.0,339.0,0.0,1,1,0,[1. 0.],[2 1],0.0,0,0.6,0.7,0.30000000000000004,[1. 1.]
678,0.0,679,1,False,0.0,340.0,1.0,1,0,2,[1. 0.],[2 1],0.0,0,0.6,0.7,0.30000000000000004,[1. 1.]
679,1.0,680,0,False,1.0,340.0,0.0,1,1,0,[1. 0.],[2 1],,0,0.6,0.7,0.30000000000000004,[1. 1.]
680,0.0,681,1,False,0.0,341.0,1.0,1,0,2,[1. 0.],[2 1],,0,0.6,0.7,0.30000000000000004,[1. 1.]
681,1.0,682,0,False,1.0,341.0,0.0,1,1,0,[1. 0.],[2 1],0.0,0,0.6,0.7,0.30000000000000004,[1. 1.]
682,0.0,683,1,False,0.0,342.0,1.0,1,0,2,[1. 0.],[2 1],0.0,0,0.6,0.7,0.30000000000000004,[1. 1.]
683,1.0,684,0,False,1.0,342.0,0.0,1,1,0,[1. 1.],[2 1],,0,0.6,0.7,0.30000000000000004,[1. 1.]
684,0.0,685,1,False,0.0,343.0,1.0,1,0,2,[1. 1.],[2 1],,0,0.6,0.7,0.30000000000000004,[1. 1.]
685,1.0,686,0,False,1.0,343.0,0.0,1,1,0,[1. 1.],[2 1],,0,0.6,0.7,0.30000000000000004,[1. 1.]
686,0.0,687,1,False,0.0,344.0,1.0,1,0,2,[1. 1.],[2 1],,0,0.6,0.7,0.30000000000000004,[1. 1.]
687,1.0,688,0,False,1.0,344.0,0.0,1,1,0,[0. 0.],[2 1],,0,0.6,0.7,0.30000000000000004,[1. 1.]
688,0.0,689,1,False,0.0,345.0,1.0,1,0,2,[0. 0.],[2 1],,0,0.6,0.7,0.30000000000000004,[1. 1.]
689,1.0,690,0,False,0.0,345.0,0.0,1,1,0,[1. 0.],[2 1],0.0,0,0.6,0.7,0.30000000000000004,[1. 1.]
690,0.0,691,1,False,0.0,346.0,1.0,1,0,2,[1. 0.],[2 1],0.0,0,0.6,0.7,0.30000000000000004,[1. 1.]
691,1.0,692,0,False,1.0,346.0,0.0,1,1,0,[1. 0.],[2 1],,0,0.6,0.7,0.30000000000000004,[1. 1.]
692,0.0,693,1,False,0.0,347.0,1.0,1,0,2,[1. 0.],[2 1],,0,0.6,0.7,0.30000000000000004,[1. 1.]
693,1.0,694,0,False,1.0,347.0,0.0,1,1,0,[1. 0.],[2 1],1.0,0,0.6,0.7,0.30000000000000004,[1. 1.]
694,0.0,695,1,False,0.0,348.0,2.0,1,0,2,[1. 0.],[2 1],1.0,0,0.6,0.7,0.30000000000000004,[1. 1.]
695,2.0,696,0,False,1.0,348.0,0.0,1,1,0,[1. 0.],[1 2],0.0,0,0.6,0.7,0.30000000000000004,[1. 1.]
696,0.0,697,1,False,0.0,349.0,1.0,1,0,2,[1. 0.],[1 2],0.0,0,0.6,0.7,0.30000000000000004,[1. 1.]
697,1.0,698,0,False,0.0,349.0,0.0,1,1,0,[1. 0.],[1 2],0.0,0,0.6,0.7,0.30000000000000004,[1. 1.]
698,0.0,699,1,False,0.0,350.0,1.0,1,0,2,[1. 0.],[1 2],0.0,0,0.6,0.7,0.30000000000000004,[1. 1.]
699,1.0,700,0,False,0.0,350.0,0.0,1,1,0,[0. 1.],[1 2],,1,0.6,0.7,0.30000000000000004,[1. 1.]
700,0.0,701,1,False,0.0,351.0,1.0,1,0,1,[0. 1.],[1 2],,1,0.6,0.7,0.30000000000000004,[1. 1.]
701,1.0,702,0,False,0.0,351.0,0.0,1,1,0,[0. 1.],[1 2],1.0,1,0.6,0.7,0.30000000000000004,[1. 1.]
702,0.0,703,1,False,0.0,352.0,2.0,1,0,2,[0. 1.],[1 2],1.0,1,0.6,0.7,0.30000000000000004,[1. 1.]
703,2.0,704,0,False,1.0,352.0,0.0,1,1,0,[0. 0.],[1 2],,1,0.6,0.7,0.30000000000000004,[1. 1.]
704,0.0,705,1,False,0.0,353.0,2.0,1,0,2,[0. 0.],[1 2],,1,0.6,0.7,0.30000000000000004,[1. 1.]
705,2.0,706,0,False,0.0,353.0,0.0,1,1,0,[0. 0.],[1 2],0.0,1,0.6,0.7,0.30000000000000004,[1. 1.]
706,0.0,707,1,False,0.0,354.0,1.0,1,0,2,[0. 0.],[1 2],0.0,1,0.6,0.7,0.30000000000000004,[1. 1.]
707,1.0,708,0,False,0.0,354.0,0.0,1,1,0,[0. 0.],[1 2],1.0,1,0.6,0.7,0.30000000000000004,[1. 1.]
708,0.0,709,1,False,0.0,355.0,2.0,1,0,2,[0. 0.],[1 2],1.0,1,0.6,0.7,0.30000000000000004,[1. 1.]
709,2.0,710,0,False,0.0,355.0,0.0,1,1,0,[1. 1.],[1 2],,1,0.6,0.7,0.30000000000000004,[1. 1.]
710,0.0,711,1,False,0.0,356.0,1.0,1,0,1,[1. 1.],[1 2],,1,0.6,0.7,0.30000000000000004,[1. 1.]
711,1.0,712,0,False,1.0,356.0,0.0,1,1,0,[0. 1.],[1 2],0.0,1,0.6,0.7,0.30000000000000004,[1. 1.]
712,0.0,713,1,False,0.0,357.0,1.0,1,0,1,[0. 1.],[1 2],0.0,1,0.6,0.7,0.30000000000000004,[1. 1.]
713,1.0,714,0,False,0.0,357.0,0.0,1,1,0,[0. 1.],[1 2],,1,0.6,0.7,0.30000000000000004,[1. 1.]
714,0.0,715,1,False,0.0,358.0,1.0,1,0,1,[0. 1.],[1 2],,1,0.6,0.7,0.30000000000000004,[1. 1.]
715,1.0,716,0,False,0.0,358.0,0.0,1,1,0,[1. 1.],[1 2],,1,0.6,0.7,0.30000000000000004,[1. 1.]
716,0.0,717,1,False,0.0,359.0,2.0,1,0,2,[1. 1.],[1 2],,1,0.6,0.7,0.30000000000000004,[1. 1.]
717,2.0,718,0,False,1.0,359.0,0.0,1,1,0,[0. 1.],[1 2],0.0,1,0.6,0.7,0.30000000000000004,[1. 1.]
718,0.0,719,1,False,0.0,360.0,1.0,1,0,2,[0. 1.],[1 2],0.0,1,0.6,0.7,0.30000000000000004,[1. 1.]
719,1.0,720,0,False,1.0,360.0,0.0,1,1,0,[0. 1.],[1 2],1.0,1,0.6,0.7,0.30000000000000004,[1. 1.]
720,0.0,721,1,False,0.0,361.0,2.0,1,0,2,[0. 1.],[1 2],1.0,1,0.6,0.7,0.30000000000000004,[1. 1.]
721,2.0,722,0,False,1.0,361.0,0.0,1,1,0,[0. 1.],[1 2],,1,0.6,0.7,0.30000000000000004,[1. 1.]
722,0.0,723,1,False,0.0,362.0,2.0,1,0,2,[0. 1.],[1 2],,1,0.6,0.7,0.30000000000000004,[1. 1.]
723,2.0,724,0,False,1.0,362.0,0.0,1,1,0,[1. 1.],[1 2],,1,0.6,0.7,0.30000000000000004,[1. 1.]
724,0.0,725,1,False,0.0,363.0,2.0,1,0,2,[1. 1.],[1 2],,1,0.6,0.7,0.30000000000000004,[1. 1.]
725,2.0,726,0,False,1.0,363.0,0.0,1,1,0,[0. 1.],[1 2],0.0,1,0.6,0.7,0.30000000000000004,[1. 1.]
726,0.0,727,1,False,0.0,364.0,1.0,1,0,2,[0. 1.],[1 2],0.0,1,0.6,0.7,0.30000000000000004,[1. 1.]
727,1.0,728,0,False,1.0,364.0,0.0,1,1,0,[0. 1.],[1 2],1.0,1,0.6,0.7,0.30000000000000004,[1. 1.]
728,0.0,729,1,False,0.0,365.0,2.0,1,0,2,[0. 1.],[1 2],1.0,1,0.6,0.7,0.30000000000000004,[1. 1.]
729,2.0,730,0,False,1.0,365.0,0.0,1,1,0,[1. 0.],[1 2],0.0,1,0.6,0.7,0.30000000000000004,[1. 1.]
730,0.0,731,1,False,0.0,366.0,1.0,1,0,2,[1. 0.],[1 2],0.0,1,0.6,0.7,0.30000000000000004,[1. 1.]
731,1.0,732,0,False,0.0,366.0,0.0,1,1,0,[0. 1.],[1 2],1.0,1,0.6,0.7,0.30000000000000004,[1. 1.]
732,0.0,733,1,False,0.0,367.0,2.0,1,0,2,[0. 1.],[1 2],1.0,1,0.6,0.7,0.30000000000000004,[1. 1.]
733,2.0,734,0,False,1.0,367.0,0.0,1,1,0,[0. 1.],[1 2],,1,0.6,0.7,0.30000000000000004,[1. 1.]
734,0.0,735,1,False,0.0,368.0,2.0,1,0,2,[0. 1.],[1 2],,1,0.6,0.7,0.30000000000000004,[1. 1.]
735,2.0,736,0,False,1.0,368.0,0.0,1,1,0,[1. 1.],[1 2],1.0,1,0.6,0.7,0.30000000000000004,[1. 1.]
736,0.0,737,1,False,0.0,369.0,2.0,1,0,2,[1. 1.],[1 2],1.0,1,0.6,0.7,0.30000000000000004,[1. 1.]
737,2.0,738,0,False,1.0,369.0,0.0,1,1,0,[0. 1.],[1 2],,1,0.6,0.7,0.30000000000000004,[1. 1.]
738,0.0,739,1,False,0.0,370.0,2.0,1,0,2,[0. 1.],[1 2],,1,0.6,0.7,0.30000000000000004,[1. 1.]
739,2.0,740,0,False,1.0,370.0,0.0,1,1,0,[0. 1.],[1 2],0.0,1,0.6,0.7,0.30000000000000004,[1. 1.]
740,0.0,741,1,False,0.0,371.0,1.0,1,0,2,[0. 1.],[1 2],0.0,1,0.6,0.7,0.30000000000000004,[1. 1.]
741,1.0,742,0,False,1.0,371.0,0.0,1,1,0,[1. 1.],[1 2],1.0,1,0.6,0.7,0.30000000000000004,[1. 1.]
742,0.0,743,1,False,0.0,372.0,2.0,1,0,2,[1. 1.],[1 2],1.0,1,0.6,0.7,0.30000000000000004,[1. 1.]
743,2.0,744,0,False,1.0,372.0,0.0,1,1,0,[0. 1.],[1 2],,1,0.6,0.7,0.30000000000000004,[1. 1.]
744,0.0,745,1,False,0.0,373.0,2.0,1,0,2,[0. 1.],[1 2],,1,0.6,0.7,0.30000000000000004,[1. 1.]
745,2.0,746,0,False,1.0,373.0,0.0,1,1,0,[0. 0.],[1 2],0.0,1,0.6,0.7,0.30000000000000004,[1. 1.]
746,0.0,747,1,False,0.0,374.0,1.0,1,0,2,[0. 0.],[1 2],0.0,1,0.6,0.7,0.30000000000000004,[1. 1.]
747,1.0,748,0,False,0.0,374.0,0.0,1,1,0,[0. 1.],[1 2],1.0,1,0.6,0.7,0.30000000000000004,[1. 1.]
748,0.0,749,1,False,0.0,375.0,2.0,1,0,2,[0. 1.],[1 2],1.0,1,0.6,0.7,0.30000000000000004,[1. 1.]
749,2.0,750,0,False,1.0,375.0,0.0,1,1,0,[0. 1.],[1 2],,1,0.6,0.7,0.30000000000000004,[1. 1.]
750,0.0,751,1,False,0.0,376.0,2.0,1,0,2,[0. 1.],[1 2],,1,0.6,0.7,0.30000000000000004,[1. 1.]
751,2.0,752,0,False,1.0,376.0,0.0,1,1,0,[0. 1.],[1 2],1.0,1,0.6,0.7,0.30000000000000004,[1. 1.]
752,0.0,753,1,False,0.0,377.0,2.0,1,0,2,[0. 1.],[1 2],1.0,1,0.6,0.7,0.30000000000000004,[1. 1.]
753,2.0,754,0,False,1.0,377.0,0.0,1,1,0,[0. 0.],[1 2],,1,0.6,0.7,0.30000000000000004,[1. 1.]
754,0.0,755,1,False,0.0,378.0,2.0,1,0,2,[0. 0.],[1 2],,1,0.6,0.7,0.30000000000000004,[1. 1.]
755,2.0,756,0,False,0.0,378.0,0.0,1,1,0,[1. 0.],[1 2],,1,0.6,0.7,0.30000000000000004,[1. 1.]
756,0.0,757,1,False,0.0,379.0,2.0,1,0,2,[1. 0.],[1 2],,1,0.6,0.7,0.30000000000000004,[1. 1.]
757,2.0,758,0,False,0.0,379.0,0.0,1,1,0,[1. 1.],[1 2],0.0,1,0.6,0.7,0.30000000000000004,[1. 1.]
758,0.0,759,1,False,0.0,380.0,1.0,1,0,2,[1. 1.],[1 2],0.0,1,0.6,0.7,0.30000000000000004,[1. 1.]
759,1.0,760,0,False,1.0,380.0,0.0,1,1,0,[1. 1.],[1 2],1.0,1,0.6,0.7,0.30000000000000004,[1. 1.]
760,0.0,761,1,False,0.0,381.0,2.0,1,0,2,[1. 1.],[1 2],1.0,1,0.6,0.7,0.30000000000000004,[1. 1.]
761,2.0,762,0,False,1.0,381.0,0.0,1,1,0,[0. 1.],[1 2],,1,0.6,0.7,0.30000000000000004,[1. 1.]
762,0.0,763,1,False,0.0,382.0,2.0,1,0,2,[0. 1.],[1 2],,1,0.6,0.7,0.30000000000000004,[1. 1.]
763,2.0,764,0,False,1.0,382.0,0.0,1,1,0,[1. 1.],[1 2],,1,0.6,0.7,0.30000000000000004,[1. 1.]
764,0.0,765,1,False,0.0,383.0,2.0,1,0,2,[1. 1.],[1 2],,1,0.6,0.7,0.30000000000000004,[1. 1.]
765,2.0,766,0,False,1.0,383.0,0.0,1,1,0,[0. 1.],[1 2],,1,0.6,0.7,0.30000000000000004,[1. 1.]
766,0.0,767,1,False,0.0,384.0,2.0,1,0,2,[0. 1.],[1 2],,1,0.6,0.7,0.30000000000000004,[1. 1.]
767,2.0,768,0,False,1.0,384.0,0.0,1,1,0,[0. 1.],[1 2],0.0,1,0.6,0.7,0.30000000000000004,[1. 1.]
768,0.0,769,1,False,0.0,385.0,1.0,1,0,2,[0. 1.],[1 2],0.0,1,0.6,0.7,0.30000000000000004,[1. 1.]
769,1.0,770,0,False,1.0,385.0,0.0,1,1,0,[1. 1.],[1 2],1.0,1,0.6,0.7,0.30000000000000004,[1. 1.]
770,0.0,771,1,False,0.0,386.0,2.0,1,0,2,[1. 1.],[1 2],1.0,1,0.6,0.7,0.30000000000000004,[1. 1.]
771,2.0,772,0,False,1.0,386.0,0.0,1,1,0,[1. 0.],[1 2],1.0,0,0.6,0.7,0.30000000000000004,[1. 1.]
772,0.0,773,1,False,0.0,387.0,2.0,1,0,2,[1. 0.],[1 2],1.0,0,0.6,0.7,0.30000000000000004,[1. 1.]
773,2.0,774,0,False,0.0,387.0,0.0,1,1,0,[1. 0.],[1 2],1.0,0,0.6,0.7,0.30000000000000004,[1. 1.]
774,0.0,775,1,False,0.0,388.0,2.0,1,0,2,[1. 0.],[1 2],1.0,0,0.6,0.7,0.30000000000000004,[1. 1.]
775,2.0,776,0,False,0.0,388.0,0.0,1,1,0,[1. 1.],[1 2],0.0,0,0.6,0.7,0.30000000000000004,[1. 1.]
776,0.0,777,1,False,0.0,389.0,1.0,1,0,2,[1. 1.],[1 2],0.0,0,0.6,0.7,0.30000000000000004,[1. 1.]
777,1.0,778,0,False,1.0,389.0,0.0,1,1,0,[1. 0.],[1 2],,0,0.6,0.7,0.30000000000000004,[1. 1.]
778,0.0,779,1,False,0.0,390.0,2.0,1,0,2,[1. 0.],[1 2],,0,0.6,0.7,0.30000000000000004,[1. 1.]
779,2.0,780,0,False,0.0,390.0,0.0,1,1,0,[0. 0.],[1 2],,0,0.6,0.7,0.30000000000000004,[1. 1.]
780,0.0,781,1,False,0.0,391.0,2.0,1,0,2,[0. 0.],[1 2],,0,0.6,0.7,0.30000000000000004,[1. 1.]
781,2.0,782,0,False,0.0,391.0,0.0,1,1,0,[0. 1.],[1 2],,0,0.6,0.7,0.30000000000000004,[1. 1.]
782,0.0,783,1,False,0.0,392.0,2.0,1,0,2,[0. 1.],[1 2],,0,0.6,0.7,0.30000000000000004,[1. 1.]
783,2.0,784,0,False,1.0,392.0,0.0,1,1,0,[0. 1.],[1 2],0.0,0,0.6,0.7,0.30000000000000004,[1. 1.]
784,0.0,785,1,False,0.0,393.0,1.0,1,0,2,[0. 1.],[1 2],0.0,0,0.6,0.7,0.30000000000000004,[1. 1.]
785,1.0,786,0,False,1.0,393.0,0.0,1,1,0,[1. 0.],[1 2],0.0,0,0.6,0.7,0.30000000000000004,[1. 1.]
786,0.0,787,1,False,0.0,394.0,1.0,1,0,2,[1. 0.],[1 2],0.0,0,0.6,0.7,0.30000000000000004,[1. 1.]
787,1.0,788,0,False,0.0,394.0,0.0,1,1,0,[0. 0.],[1 2],1.0,0,0.6,0.7,0.30000000000000004,[1. 1.]
788,0.0,789,1,False,0.0,395.0,2.0,1,0,2,[0. 0.],[1 2],1.0,0,0.6,0.7,0.30000000000000004,[1. 1.]
789,2.0,790,0,False,0.0,395.0,0.0,1,1,0,[0. 1.],[1 2],,0,0.6,0.7,0.30000000000000004,[1. 1.]
790,0.0,791,1,False,0.0,396.0,2.0,1,0,2,[0. 1.],[1 2],,0,0.6,0.7,0.30000000000000004,[1. 1.]
791,2.0,792,0,False,1.0,396.0,0.0,1,1,0,[1. 0.],[1 2],1.0,0,0.6,0.7,0.30000000000000004,[1. 1.]
792,0.0,793,1,False,0.0,397.0,2.0,1,0,2,[1. 0.],[1 2],1.0,0,0.6,0.7,0.30000000000000004,[1. 1.]
793,2.0,794,0,False,0.0,397.0,0.0,1,1,0,[1. 1.],[1 2],,0,0.6,0.7,0.30000000000000004,[1. 1.]
794,0.0,795,1,False,0.0,398.0,2.0,1,0,2,[1. 1.],[1 2],,0,0.6,0.7,0.30000000000000004,[1. 1.]
795,2.0,796,0,False,1.0,398.0,0.0,1,1,0,[1. 1.],[1 2],1.0,0,0.6,0.7,0.30000000000000004,[1. 1.]
796,0.0,797,1,False,0.0,399.0,2.0,1,0,2,[1. 1.],[1 2],1.0,0,0.6,0.7,0.30000000000000004,[1. 1.]
797,2.0,798,0,False,1.0,399.0,0.0,1,1,0,[0. 0.],[1 2],,0,0.6,0.7,0.30000000000000004,[1. 1.]
798,0.0,799,1,False,0.0,400.0,2.0,1,0,2,[0. 0.],[1 2],,0,0.6,0.7,0.30000000000000004,[1. 1.]
799,2.0,800,0,False,0.0,400.0,0.0,1,1,0,[0. 0.],[1 2],1.0,0,0.6,0.7,0.30000000000000004,[1. 1.]
800,0.0,801,1,False,0.0,401.0,2.0,1,0,2,[0. 0.],[1 2],1.0,0,0.6,0.7,0.30000000000000004,[1. 1.]
801,2.0,802,0,False,0.0,401.0,0.0,1,1,0,[1. 0.],[1 2],1.0,0,0.6,0.7,0.30000000000000004,[1. 1.]
802,0.0,803,1,False,0.0,402.0,2.0,1,0,2,[1. 0.],[1 2],1.0,0,0.6,0.7,0.30000000000000004,[1. 1.]
803,2.0,804,0,False,0.0,402.0,0.0,1,1,0,[1. 0.],[1 2],1.0,0,0.6,0.7,0.30000000000000004,[1. 1.]
804,0.0,805,1,False,0.0,403.0,2.0,1,0,2,[1. 0.],[1 2],1.0,0,0.6,0.7,0.30000000000000004,[1. 1.]
805,2.0,806,0,False,0.0,403.0,0.0,1,1,0,[1. 1.],[1 2],,0,0.6,0.7,0.30000000000000004,[1. 1.]
806,0.0,807,1,False,0.0,404.0,2.0,1,0,2,[1. 1.],[1 2],,0,0.6,0.7,0.30000000000000004,[1. 1.]
807,2.0,808,0,False,1.0,404.0,0.0,1,1,0,[1. 1.],[1 2],1.0,0,0.6,0.7,0.30000000000000004,[1. 1.]
808,0.0,809,1,False,0.0,405.0,2.0,1,0,2,[1. 1.],[1 2],1.0,0,0.6,0.7,0.30000000000000004,[1. 1.]
809,2.0,810,0,False,1.0,405.0,0.0,1,1,0,[1. 0.],[1 2],,0,0.6,0.7,0.30000000000000004,[1. 1.]
810,0.0,811,1,False,0.0,406.0,2.0,1,0,2,[1. 0.],[1 2],,0,0.6,0.7,0.30000000000000004,[1. 1.]
811,2.0,812,0,False,0.0,406.0,0.0,1,1,0,[1. 0.],[1 2],0.0,0,0.6,0.7,0.30000000000000004,[1. 1.]
812,0.0,813,1,False,0.0,407.0,1.0,1,0,2,[1. 0.],[1 2],0.0,0,0.6,0.7,0.30000000000000004,[1. 1.]
813,1.0,814,0,False,0.0,407.0,0.0,1,1,0,[1. 0.],[1 2],,0,0.6,0.7,0.30000000000000004,[1. 1.]
814,0.0,815,1,False,0.0,408.0,2.0,1,0,2,[1. 0.],[1 2],,0,0.6,0.7,0.30000000000000004,[1. 1.]
815,2.0,816,0,False,0.0,408.0,0.0,1,1,0,[1. 1.],[1 2],0.0,0,0.6,0.7,0.30000000000000004,[1. 1.]
816,0.0,817,1,False,0.0,409.0,1.0,1,0,2,[1. 1.],[1 2],0.0,0,0.6,0.7,0.30000000000000004,[1. 1.]
817,1.0,818,0,False,1.0,409.0,0.0,1,1,0,[1. 0.],[1 2],0.0,0,0.6,0.7,0.30000000000000004,[1. 1.]
818,0.0,819,1,False,0.0,410.0,1.0,1,0,2,[1. 0.],[1 2],0.0,0,0.6,0.7,0.30000000000000004,[1. 1.]
819,1.0,820,0,False,0.0,410.0,0.0,1,1,0,[0. 0.],[1 2],,0,0.6,0.7,0.30000000000000004,[1. 1.]
820,0.0,821,1,False,0.0,411.0,2.0,1,0,2,[0. 0.],[1 2],,0,0.6,0.7,0.30000000000000004,[1. 1.]
821,2.0,822,0,False,0.0,411.0,0.0,1,1,0,[1. 0.],[1 2],1.0,0,0.6,0.7,0.30000000000000004,[1. 1.]
822,0.0,823,1,False,0.0,412.0,2.0,1,0,2,[1. 0.],[1 2],1.0,0,0.6,0.7,0.30000000000000004,[1. 1.]
823,2.0,824,0,False,0.0,412.0,0.0,1,1,0,[1. 0.],[1 2],,0,0.6,0.7,0.30000000000000004,[1. 1.]
824,0.0,825,1,False,0.0,413.0,1.0,1,0,1,[1. 0.],[1 2],,0,0.6,0.7,0.30000000000000004,[1. 1.]
825,1.0,826,0,False,1.0,413.0,0.0,1,1,0,[1. 0.],[1 2],,0,0.6,0.7,0.30000000000000004,[1. 1.]
826,0.0,827,1,False,0.0,414.0,1.0,1,0,1,[1. 0.],[1 2],,0,0.6,0.7,0.30000000000000004,[1. 1.]
827,1.0,828,0,False,1.0,414.0,0.0,1,1,0,[1. 0.],[1 2],,0,0.6,0.7,0.30000000000000004,[1. 1.]
828,0.0,829,1,False,0.0,415.0,1.0,1,0,1,[1. 0.],[1 2],,0,0.6,0.7,0.30000000000000004,[1. 1.]
829,1.0,830,0,False,1.0,415.0,0.0,1,1,0,[1. 1.],[1 2],,0,0.6,0.7,0.30000000000000004,[1. 1.]
830,0.0,831,1,False,0.0,416.0,1.0,1,0,1,[1. 1.],[1 2],,0,0.6,0.7,0.30000000000000004,[1. 1.]
831,1.0,832,0,False,1.0,416.0,0.0,1,1,0,[1. 0.],[1 2],0.0,0,0.6,0.7,0.30000000000000004,[1. 1.]
832,0.0,833,1,False,0.0,417.0,1.0,1,0,1,[1. 0.],[1 2],0.0,0,0.6,0.7,0.30000000000000004,[1. 1.]
833,1.0,834,0,False,1.0,417.0,0.0,1,1,0,[1. 0.],[1 2],0.0,0,0.6,0.7,0.30000000000000004,[1. 1.]
834,0.0,835,1,False,0.0,418.0,1.0,1,0,1,[1. 0.],[1 2],0.0,0,0.6,0.7,0.30000000000000004,[1. 1.]
835,1.0,836,0,False,1.0,418.0,0.0,1,1,0,[0. 0.],[1 2],0.0,0,0.6,0.7,0.30000000000000004,[1. 1.]
836,0.0,837,1,False,0.0,419.0,1.0,1,0,1,[0. 0.],[1 2],0.0,0,0.6,0.7,0.30000000000000004,[1. 1.]
837,1.0,838,0,False,0.0,419.0,0.0,1,1,0,[0. 0.],[1 2],,0,0.6,0.7,0.30000000000000004,[1. 1.]
838,0.0,839,1,False,0.0,420.0,1.0,1,0,1,[0. 0.],[1 2],,0,0.6,0.7,0.30000000000000004,[1. 1.]
839,1.0,840,0,False,0.0,420.0,0.0,1,1,0,[1. 0.],[1 2],,0,0.6,0.7,0.30000000000000004,[1. 1.]
840,0.0,841,1,False,0.0,421.0,1.0,1,0,1,[1. 0.],[1 2],,0,0.6,0.7,0.30000000000000004,[1. 1.]
841,1.0,842,0,False,1.0,421.0,0.0,1,1,0,[0. 0.],[1 2],0.0,0,0.6,0.7,0.30000000000000004,[1. 1.]
842,0.0,843,1,False,0.0,422.0,1.0,1,0,1,[0. 0.],[1 2],0.0,0,0.6,0.7,0.30000000000000004,[1. 1.]
843,1.0,844,0,False,0.0,422.0,0.0,1,1,0,[0. 0.],[1 2],0.0,0,0.6,0.7,0.30000000000000004,[1. 1.]
844,0.0,845,1,False,0.0,423.0,1.0,1,0,1,[0. 0.],[1 2],0.0,0,0.6,0.7,0.30000000000000004,[1. 1.]
845,1.0,846,0,False,0.0,423.0,0.0,1,1,0,[1. 1.],[1 2],,0,0.6,0.7,0.30000000000000004,[1. 1.]
846,0.0,847,1,False,0.0,424.0,2.0,1,0,2,[1. 1.],[1 2],,0,0.6,0.7,0.30000000000000004,[1. 1.]
847,2.0,848,0,False,1.0,424.0,0.0,1,1,0,[1. 0.],[1 2],,0,0.6,0.7,0.30000000000000004,[1. 1.]
848,0.0,849,1,False,0.0,425.0,2.0,1,0,2,[1. 0.],[1 2],,0,0.6,0.7,0.30000000000000004,[1. 1.]
849,2.0,850,0,False,0.0,425.0,0.0,1,1,0,[1. 1.],[1 2],,0,0.6,0.7,0.30000000000000004,[1. 1.]
850,0.0,851,1,False,0.0,426.0,2.0,1,0,2,[1. 1.],[1 2],,0,0.6,0.7,0.30000000000000004,[1. 1.]
851,2.0,852,0,False,1.0,426.0,0.0,1,1,0,[0. 0.],[1 2],,0,0.6,0.7,0.30000000000000004,[1. 1.]
852,0.0,853,1,False,0.0,427.0,2.0,1,0,2,[0. 0.],[1 2],,0,0.6,0.7,0.30000000000000004,[1. 1.]
853,2.0,854,0,False,0.0,427.0,0.0,1,1,0,[0. 1.],[1 2],0.0,0,0.6,0.7,0.30000000000000004,[1. 1.]
854,0.0,855,1,False,0.0,428.0,1.0,1,0,2,[0. 1.],[1 2],0.0,0,0.6,0.7,0.30000000000000004,[1. 1.]
855,1.0,856,0,False,1.0,428.0,0.0,1,1,0,[0. 0.],[1 2],,0,0.6,0.7,0.30000000000000004,[1. 1.]
856,0.0,857,1,False,0.0,429.0,2.0,1,0,2,[0. 0.],[1 2],,0,0.6,0.7,0.30000000000000004,[1. 1.]
857,2.0,858,0,False,0.0,429.0,0.0,1,1,0,[1. 0.],[1 2],1.0,0,0.6,0.7,0.30000000000000004,[1. 1.]
858,0.0,859,1,False,0.0,430.0,2.0,1,0,2,[1. 0.],[1 2],1.0,0,0.6,0.7,0.30000000000000004,[1. 1.]
859,2.0,860,0,False,0.0,430.0,0.0,1,1,0,[1. 0.],[1 2],1.0,0,0.6,0.7,0.30000000000000004,[1. 1.]
860,0.0,861,1,False,0.0,431.0,2.0,1,0,2,[1. 0.],[1 2],1.0,0,0.6,0.7,0.30000000000000004,[1. 1.]
861,2.0,862,0,False,0.0,431.0,0.0,1,1,0,[1. 0.],[1 2],1.0,0,0.6,0.7,0.30000000000000004,[1. 1.]
862,0.0,863,1,False,0.0,432.0,2.0,1,0,2,[1. 0.],[1 2],1.0,0,0.6,0.7,0.30000000000000004,[1. 1.]
863,2.0,864,0,False,0.0,432.0,0.0,1,1,0,[1. 0.],[1 2],1.0,0,0.6,0.7,0.30000000000000004,[1. 1.]
864,0.0,865,1,False,0.0,433.0,2.0,1,0,1,[1. 0.],[1 2],1.0,0,0.6,0.7,0.30000000000000004,[1. 1.]
865,2.0,866,0,False,1.0,433.0,0.0,1,1,0,[0. 0.],[1 2],,0,0.6,0.7,0.30000000000000004,[1. 1.]
866,0.0,867,1,False,0.0,434.0,1.0,1,0,1,[0. 0.],[1 2],,0,0.6,0.7,0.30000000000000004,[1. 1.]
867,1.0,868,0,False,0.0,434.0,0.0,1,1,0,[0. 1.],[2 1],0.0,0,0.6,0.7,0.30000000000000004,[1. 1.]
868,0.0,869,1,False,0.0,435.0,1.0,1,0,1,[0. 1.],[2 1],0.0,0,0.6,0.7,0.30000000000000004,[1. 1.]
869,1.0,870,0,False,1.0,435.0,0.0,1,1,0,[1. 1.],[2 1],0.0,0,0.6,0.7,0.30000000000000004,[1. 1.]
870,0.0,871,1,False,0.0,436.0,1.0,1,0,1,[1. 1.],[2 1],0.0,0,0.6,0.7,0.30000000000000004,[1. 1.]
871,1.0,872,0,False,1.0,436.0,0.0,1,1,0,[1. 0.],[2 1],0.0,0,0.6,0.7,0.30000000000000004,[1. 1.]
872,0.0,873,1,False,0.0,437.0,1.0,1,0,1,[1. 0.],[2 1],0.0,0,0.6,0.7,0.30000000000000004,[1. 1.]
873,1.0,874,0,False,0.0,437.0,0.0,1,1,0,[0. 0.],[1 2],,0,0.6,0.7,0.30000000000000004,[1. 1.]
874,0.0,875,1,False,0.0,438.0,1.0,1,0,1,[0. 0.],[1 2],,0,0.6,0.7,0.30000000000000004,[1. 1.]
875,1.0,876,0,False,0.0,438.0,0.0,1,1,0,[0. 1.],[1 2],1.0,0,0.6,0.7,0.30000000000000004,[1. 1.]
876,0.0,877,1,False,0.0,439.0,2.0,1,0,2,[0. 1.],[1 2],1.0,0,0.6,0.7,0.30000000000000004,[1. 1.]
877,2.0,878,0,False,1.0,439.0,0.0,1,1,0,[1. 0.],[1 2],0.0,0,0.6,0.7,0.30000000000000004,[1. 1.]
878,0.0,879,1,False,0.0,440.0,1.0,1,0,2,[1. 0.],[1 2],0.0,0,0.6,0.7,0.30000000000000004,[1. 1.]
879,1.0,880,0,False,0.0,440.0,0.0,1,1,0,[1. 0.],[1 2],0.0,0,0.6,0.7,0.30000000000000004,[1. 1.]
880,0.0,881,1,False,0.0,441.0,1.0,1,0,2,[1. 0.],[1 2],0.0,0,0.6,0.7,0.30000000000000004,[1. 1.]
881,1.0,882,0,False,0.0,441.0,0.0,1,1,0,[1. 0.],[1 2],,0,0.6,0.7,0.30000000000000004,[1. 1.]
882,0.0,883,1,False,0.0,442.0,1.0,1,0,1,[1. 0.],[1 2],,0,0.6,0.7,0.30000000000000004,[1. 1.]
883,1.0,884,0,False,1.0,442.0,0.0,1,1,0,[1. 1.],[1 2],0.0,0,0.6,0.7,0.30000000000000004,[1. 1.]
884,0.0,885,1,False,0.0,443.0,1.0,1,0,1,[1. 1.],[1 2],0.0,0,0.6,0.7,0.30000000000000004,[1. 1.]
885,1.0,886,0,False,1.0,443.0,0.0,1,1,0,[0. 0.],[1 2],,0,0.6,0.7,0.30000000000000004,[1. 1.]
886,0.0,887,1,False,0.0,444.0,1.0,1,0,1,[0. 0.],[1 2],,0,0.6,0.7,0.30000000000000004,[1. 1.]
887,1.0,888,0,False,0.0,444.0,0.0,1,1,0,[1. 1.],[1 2],,0,0.6,0.7,0.30000000000000004,[1. 1.]
888,0.0,889,1,False,0.0,445.0,1.0,1,0,1,[1. 1.],[1 2],,0,0.6,0.7,0.30000000000000004,[1. 1.]
889,1.0,890,0,False,1.0,445.0,0.0,1,1,0,[0. 1.],[2 1],,0,0.6,0.7,0.30000000000000004,[1. 1.]
890,0.0,891,1,False,0.0,446.0,2.0,1,0,1,[0. 1.],[2 1],,0,0.6,0.7,0.30000000000000004,[1. 1.]
891,2.0,892,0,False,1.0,446.0,0.0,1,1,0,[1. 0.],[2 1],,0,0.6,0.7,0.30000000000000004,[1. 1.]
892,0.0,893,1,False,0.0,447.0,2.0,1,0,1,[1. 0.],[2 1],,0,0.6,0.7,0.30000000000000004,[1. 1.]
893,2.0,894,0,False,0.0,447.0,0.0,1,1,0,[1. 0.],[2 1],1.0,0,0.6,0.7,0.30000000000000004,[1. 1.]
894,0.0,895,1,False,0.0,448.0,2.0,1,0,1,[1. 0.],[2 1],1.0,0,0.6,0.7,0.30000000000000004,[1. 1.]
895,2.0,896,0,False,0.0,448.0,0.0,1,1,0,[0. 0.],[2 1],1.0,0,0.6,0.7,0.30000000000000004,[1. 1.]
896,0.0,897,1,False,0.0,449.0,2.0,1,0,1,[0. 0.],[2 1],1.0,0,0.6,0.7,0.30000000000000004,[1. 1.]
897,2.0,898,0,False,0.0,449.0,0.0,1,1,0,[1. 0.],[2 1],,0,0.6,0.7,0.30000000000000004,[1. 1.]
898,0.0,899,1,False,0.0,450.0,1.0,1,0,2,[1. 0.],[2 1],,0,0.6,0.7,0.30000000000000004,[1. 1.]
899,1.0,900,0,False,1.0,450.0,0.0,1,1,0,[1. 1.],[2 1],0.0,0,0.6,0.7,0.30000000000000004,[1. 1.]
900,0.0,901,1,False,0.0,451.0,1.0,1,0,2,[1. 1.],[2 1],0.0,0,0.6,0.7,0.30000000000000004,[1. 1.]
901,1.0,902,0,False,1.0,451.0,0.0,1,1,0,[1. 0.],[2 1],0.0,0,0.6,0.7,0.30000000000000004,[1. 1.]
902,0.0,903,1,False,0.0,452.0,1.0,1,0,2,[1. 0.],[2 1],0.0,0,0.6,0.7,0.30000000000000004,[1. 1.]
903,1.0,904,0,False,1.0,452.0,0.0,1,1,0,[0. 0.],[2 1],1.0,0,0.6,0.7,0.30000000000000004,[1. 1.]
904,0.0,905,1,False,0.0,453.0,2.0,1,0,2,[0. 0.],[2 1],1.0,0,0.6,0.7,0.30000000000000004,[1. 1.]
905,2.0,906,0,False,0.0,453.0,0.0,1,1,0,[0. 0.],[2 1],0.0,0,0.6,0.7,0.30000000000000004,[1. 1.]
906,0.0,907,1,False,0.0,454.0,1.0,1,0,2,[0. 0.],[2 1],0.0,0,0.6,0.7,0.30000000000000004,[1. 1.]
907,1.0,908,0,False,0.0,454.0,0.0,1,1,0,[1. 0.],[2 1],,0,0.6,0.7,0.30000000000000004,[1. 1.]
908,0.0,909,1,False,0.0,455.0,2.0,1,0,1,[1. 0.],[2 1],,0,0.6,0.7,0.30000000000000004,[1. 1.]
909,2.0,910,0,False,0.0,455.0,0.0,1,1,0,[1. 1.],[2 1],0.0,0,0.6,0.7,0.30000000000000004,[1. 1.]
910,0.0,911,1,False,0.0,456.0,1.0,1,0,2,[1. 1.],[2 1],0.0,0,0.6,0.7,0.30000000000000004,[1. 1.]
911,1.0,912,0,False,1.0,456.0,0.0,1,1,0,[1. 0.],[2 1],,0,0.6,0.7,0.30000000000000004,[1. 1.]
912,0.0,913,1,False,0.0,457.0,1.0,1,0,2,[1. 0.],[2 1],,0,0.6,0.7,0.30000000000000004,[1. 1.]
913,1.0,914,0,False,1.0,457.0,0.0,1,1,0,[1. 0.],[2 1],1.0,0,0.6,0.7,0.30000000000000004,[1. 1.]
914,0.0,915,1,False,0.0,458.0,2.0,1,0,2,[1. 0.],[2 1],1.0,0,0.6,0.7,0.30000000000000004,[1. 1.]
915,2.0,916,0,False,1.0,458.0,0.0,1,1,0,[1. 0.],[2 1],,0,0.6,0.7,0.30000000000000004,[1. 1.]
916,0.0,917,1,False,0.0,459.0,1.0,1,0,2,[1. 0.],[2 1],,0,0.6,0.7,0.30000000000000004,[1. 1.]
917,1.0,918,0,False,1.0,459.0,0.0,1,1,0,[1. 0.],[2 1],,0,0.6,0.7,0.30000000000000004,[1. 1.]
918,0.0,919,1,False,0.0,460.0,1.0,1,0,2,[1. 0.],[2 1],,0,0.6,0.7,0.30000000000000004,[1. 1.]
919,1.0,920,0,False,1.0,460.0,0.0,1,1,0,[1. 0.],[2 1],1.0,0,0.6,0.7,0.30000000000000004,[1. 1.]
920,0.0,921,1,False,0.0,461.0,2.0,1,0,2,[1. 0.],[2 1],1.0,0,0.6,0.7,0.30000000000000004,[1. 1.]
921,2.0,922,0,False,1.0,461.0,0.0,1,1,0,[1. 1.],[1 2],0.0,0,0.6,0.7,0.30000000000000004,[1. 1.]
922,0.0,923,1,False,0.0,462.0,1.0,1,0,2,[1. 1.],[1 2],0.0,0,0.6,0.7,0.30000000000000004,[1. 1.]
923,1.0,924,0,False,1.0,462.0,0.0,1,1,0,[0. 0.],[1 2],,0,0.6,0.7,0.30000000000000004,[1. 1.]
924,0.0,925,1,False,0.0,463.0,2.0,1,0,2,[0. 0.],[1 2],,0,0.6,0.7,0.30000000000000004,[1. 1.]
925,2.0,926,0,False,0.0,463.0,0.0,1,1,0,[1. 0.],[1 2],0.0,0,0.6,0.7,0.30000000000000004,[1. 1.]
926,0.0,927,1,False,0.0,464.0,1.0,1,0,2,[1. 0.],[1 2],0.0,0,0.6,0.7,0.30000000000000004,[1. 1.]
927,1.0,928,0,False,0.0,464.0,0.0,1,1,0,[1. 0.],[1 2],,0,0.6,0.7,0.30000000000000004,[1. 1.]
928,0.0,929,1,False,0.0,465.0,2.0,1,0,2,[1. 0.],[1 2],,0,0.6,0.7,0.30000000000000004,[1. 1.]
929,2.0,930,0,False,0.0,465.0,0.0,1,1,0,[0. 0.],[1 2],1.0,0,0.6,0.7,0.30000000000000004,[1. 1.]
930,0.0,931,1,False,0.0,466.0,2.0,1,0,1,[0. 0.],[1 2],1.0,0,0.6,0.7,0.30000000000000004,[1. 1.]
931,2.0,932,0,False,0.0,466.0,0.0,1,1,0,[0. 0.],[1 2],0.0,0,0.6,0.7,0.30000000000000004,[1. 1.]
932,0.0,933,1,False,0.0,467.0,1.0,1,0,1,[0. 0.],[1 2],0.0,0,0.6,0.7,0.30000000000000004,[1. 1.]
933,1.0,934,0,False,0.0,467.0,0.0,1,1,0,[1. 0.],[1 2],1.0,0,0.6,0.7,0.30000000000000004,[1. 1.]
934,0.0,935,1,False,0.0,468.0,2.0,1,0,2,[1. 0.],[1 2],1.0,0,0.6,0.7,0.30000000000000004,[1. 1.]
935,2.0,936,0,False,0.0,468.0,0.0,1,1,0,[1. 1.],[1 2],,0,0.6,0.7,0.30000000000000004,[1. 1.]
936,0.0,937,1,False,0.0,469.0,1.0,1,0,1,[1. 1.],[1 2],,0,0.6,0.7,0.30000000000000004,[1. 1.]
937,1.0,938,0,False,1.0,469.0,0.0,1,1,0,[0. 0.],[1 2],1.0,0,0.6,0.7,0.30000000000000004,[1. 1.]
938,0.0,939,1,False,0.0,470.0,2.0,1,0,1,[0. 0.],[1 2],1.0,0,0.6,0.7,0.30000000000000004,[1. 1.]
939,2.0,940,0,False,0.0,470.0,0.0,1,1,0,[0. 0.],[1 2],0.0,0,0.6,0.7,0.30000000000000004,[1. 1.]
940,0.0,941,1,False,0.0,471.0,1.0,1,0,1,[0. 0.],[1 2],0.0,0,0.6,0.7,0.30000000000000004,[1. 1.]
941,1.0,942,0,False,0.0,471.0,0.0,1,1,0,[0. 0.],[1 2],,0,0.6,0.7,0.30000000000000004,[1. 1.]
942,0.0,943,1,False,0.0,472.0,1.0,1,0,1,[0. 0.],[1 2],,0,0.6,0.7,0.30000000000000004,[1. 1.]
943,1.0,944,0,False,0.0,472.0,0.0,1,1,0,[1. 0.],[1 2],,0,0.6,0.7,0.30000000000000004,[1. 1.]
944,0.0,945,1,False,0.0,473.0,1.0,1,0,1,[1. 0.],[1 2],,0,0.6,0.7,0.30000000000000004,[1. 1.]
945,1.0,946,0,False,1.0,473.0,0.0,1,1,0,[1. 0.],[1 2],,0,0.6,0.7,0.30000000000000004,[1. 1.]
946,0.0,947,1,False,0.0,474.0,1.0,1,0,1,[1. 0.],[1 2],,0,0.6,0.7,0.30000000000000004,[1. 1.]
947,1.0,948,0,False,1.0,474.0,0.0,1,1,0,[0. 0.],[1 2],0.0,0,0.6,0.7,0.30000000000000004,[1. 1.]
948,0.0,949,1,False,0.0,475.0,1.0,1,0,1,[0. 0.],[1 2],0.0,0,0.6,0.7,0.30000000000000004,[1. 1.]
949,1.0,950,0,False,0.0,475.0,0.0,1,1,0,[1. 0.],[1 2],,0,0.6,0.7,0.30000000000000004,[1. 1.]
950,0.0,951,1,False,0.0,476.0,1.0,1,0,1,[1. 0.],[1 2],,0,0.6,0.7,0.30000000000000004,[1. 1.]
951,1.0,952,0,False,1.0,476.0,0.0,1,1,0,[1. 1.],[1 2],0.0,0,0.6,0.7,0.30000000000000004,[1. 1.]
952,0.0,953,1,False,0.0,477.0,1.0,1,0,1,[1. 1.],[1 2],0.0,0,0.6,0.7,0.30000000000000004,[1. 1.]
953,1.0,954,0,False,1.0,477.0,0.0,1,1,0,[0. 0.],[1 2],0.0,0,0.6,0.7,0.30000000000000004,[1. 1.]
954,0.0,955,1,False,0.0,478.0,1.0,1,0,1,[0. 0.],[1 2],0.0,0,0.6,0.7,0.30000000000000004,[1. 1.]
955,1.0,956,0,False,0.0,478.0,0.0,1,1,0,[0. 0.],[1 2],1.0,0,0.6,0.7,0.30000000000000004,[1. 1.]
956,0.0,957,1,False,0.0,479.0,2.0,1,0,1,[0. 0.],[1 2],1.0,0,0.6,0.7,0.30000000000000004,[1. 1.]
957,2.0,958,0,False,0.0,479.0,0.0,1,1,0,[1. 0.],[1 2],1.0,0,0.6,0.7,0.30000000000000004,[1. 1.]
958,0.0,959,1,False,0.0,480.0,2.0,1,0,1,[1. 0.],[1 2],1.0,0,0.6,0.7,0.30000000000000004,[1. 1.]
959,2.0,960,0,False,1.0,480.0,0.0,1,1,0,[1. 1.],[1 2],,0,0.6,0.7,0.30000000000000004,[1. 1.]
960,0.0,961,1,False,0.0,481.0,1.0,1,0,1,[1. 1.],[1 2],,0,0.6,0.7,0.30000000000000004,[1. 1.]
961,1.0,962,0,False,1.0,481.0,0.0,1,1,0,[1. 1.],[1 2],,0,0.6,0.7,0.30000000000000004,[1. 1.]
962,0.0,963,1,False,0.0,482.0,1.0,1,0,1,[1. 1.],[1 2],,0,0.6,0.7,0.30000000000000004,[1. 1.]
963,1.0,964,0,False,1.0,482.0,0.0,1,1,0,[1. 0.],[1 2],0.0,0,0.6,0.7,0.30000000000000004,[1. 1.]
964,0.0,965,1,False,0.0,483.0,1.0,1,0,1,[1. 0.],[1 2],0.0,0,0.6,0.7,0.30000000000000004,[1. 1.]
965,1.0,966,0,False,1.0,483.0,0.0,1,1,0,[1. 1.],[1 2],0.0,0,0.6,0.7,0.30000000000000004,[1. 1.]
966,0.0,967,1,False,0.0,484.0,1.0,1,0,1,[1. 1.],[1 2],0.0,0,0.6,0.7,0.30000000000000004,[1. 1.]
967,1.0,968,0,False,1.0,484.0,0.0,1,1,0,[1. 0.],[1 2],1.0,0,0.6,0.7,0.30000000000000004,[1. 1.]
968,0.0,969,1,False,0.0,485.0,2.0,1,0,1,[1. 0.],[1 2],1.0,0,0.6,0.7,0.30000000000000004,[1. 1.]
969,2.0,970,0,False,1.0,485.0,0.0,1,1,0,[0. 0.],[1 2],0.0,0,0.6,0.7,0.30000000000000004,[1. 1.]
970,0.0,971,1,False,0.0,486.0,1.0,1,0,1,[0. 0.],[1 2],0.0,0,0.6,0.7,0.30000000000000004,[1. 1.]
971,1.0,972,0,False,0.0,486.0,0.0,1,1,0,[1. 0.],[1 2],,0,0.6,0.7,0.30000000000000004,[1. 1.]
972,0.0,973,1,False,0.0,487.0,1.0,1,0,1,[1. 0.],[1 2],,0,0.6,0.7,0.30000000000000004,[1. 1.]
973,1.0,974,0,False,1.0,487.0,0.0,1,1,0,[0. 0.],[1 2],1.0,0,0.6,0.7,0.30000000000000004,[1. 1.]
974,0.0,975,1,False,0.0,488.0,2.0,1,0,1,[0. 0.],[1 2],1.0,0,0.6,0.7,0.30000000000000004,[1. 1.]
975,2.0,976,0,False,0.0,488.0,0.0,1,1,0,[0. 0.],[1 2],,0,0.6,0.7,0.30000000000000004,[1. 1.]
976,0.0,977,1,False,0.0,489.0,1.0,1,0,1,[0. 0.],[1 2],,0,0.6,0.7,0.30000000000000004,[1. 1.]
977,1.0,978,0,False,0.0,489.0,0.0,1,1,0,[1. 0.],[1 2],,0,0.6,0.7,0.30000000000000004,[1. 1.]
978,0.0,979,1,False,0.0,490.0,1.0,1,0,1,[1. 0.],[1 2],,0,0.6,0.7,0.30000000000000004,[1. 1.]
979,1.0,980,0,False,1.0,490.0,0.0,1,1,0,[1. 0.],[1 2],1.0,0,0.6,0.7,0.30000000000000004,[1. 1.]
980,0.0,981,1,False,0.0,491.0,2.0,1,0,1,[1. 0.],[1 2],1.0,0,0.6,0.7,0.30000000000000004,[1. 1.]
981,2.0,982,0,False,1.0,491.0,0.0,1,1,0,[1. 0.],[1 2],0.0,0,0.6,0.7,0.30000000000000004,[1. 1.]
982,0.0,983,1,False,0.0,492.0,1.0,1,0,1,[1. 0.],[1 2],0.0,0,0.6,0.7,0.30000000000000004,[1. 1.]
983,1.0,984,0,False,1.0,492.0,0.0,1,1,0,[1. 0.],[1 2],,0,0.6,0.7,0.30000000000000004,[1. 1.]
984,0.0,985,1,False,0.0,493.0,1.0,1,0,1,[1. 0.],[1 2],,0,0.6,0.7,0.30000000000000004,[1. 1.]
985,1.0,986,0,False,1.0,493.0,0.0,1,1,0,[1. 0.],[1 2],1.0,0,0.6,0.7,0.30000000000000004,[1. 1.]
986,0.0,987,1,False,0.0,494.0,2.0,1,0,1,[1. 0.],[1 2],1.0,0,0.6,0.7,0.30000000000000004,[1. 1.]
987,2.0,988,0,False,1.0,494.0,0.0,1,1,0,[0. 0.],[1 2],1.0,0,0.6,0.7,0.30000000000000004,[1. 1.]
988,0.0,989,1,False,0.0,495.0,2.0,1,0,1,[0. 0.],[1 2],1.0,0,0.6,0.7,0.30000000000000004,[1. 1.]
989,2.0,990,0,False,0.0,495.0,0.0,1,1,0,[1. 0.],[1 2],,0,0.6,0.7,0.30000000000000004,[1. 1.]
990,0.0,991,1,False,0.0,496.0,1.0,1,0,1,[1. 0.],[1 2],,0,0.6,0.7,0.30000000000000004,[1. 1.]
991,1.0,992,0,False,1.0,496.0,0.0,1,1,0,[0. 1.],[1 2],,0,0.6,0.7,0.30000000000000004,[1. 1.]
992,0.0,993,1,False,0.0,497.0,1.0,1,0,1,[0. 1.],[1 2],,0,0.6,0.7,0.30000000000000004,[1. 1.]
993,1.0,994,0,False,0.0,497.0,0.0,1,1,0,[1. 0.],[1 2],1.0,0,0.6,0.7,0.30000000000000004,[1. 1.]
994,0.0,995,1,False,0.0,498.0,2.0,1,0,1,[1. 0.],[1 2],1.0,0,0.6,0.7,0.30000000000000004,[1. 1.]
995,2.0,996,0,False,1.0,498.0,0.0,1,1,0,[1. 0.],[1 2],0.0,0,0.6,0.7,0.30000000000000004,[1. 1.]
996,0.0,997,1,False,0.0,499.0,1.0,1,0,1,[1. 0.],[1 2],0.0,0,0.6,0.7,0.30000000000000004,[1. 1.]
997,1.0,998,0,False,1.0,499.0,0.0,1,1,0,[1. 1.],[1 2],1.0,0,0.6,0.7,0.30000000000000004,[1. 1.]
998,0.0,999,1,False,0.0,500.0,2.0,1,0,1,[1. 1.],[1 2],1.0,0,0.6,0.7,0.30000000000000004,[1. 1.]
999,2.0,1000,0,False,1.0,500.0,0.0,1,1,0,[1. 1.],[1 2],,0,0.6,0.7,0.30000000000000004,[1. 1.]
1000,0.0,1001,1,False,0.0,501.0,1.0,1,0,1,[1. 1.],[1 2],,0,0.6,0.7,0.30000000000000004,[1. 1.]
1001,1.0,1002,0,False,1.0,501.0,0.0,1,1,0,[1. 1.],[1 2],,0,0.6,0.7,0.30000000000000004,[1. 1.]
1002,0.0,1003,1,False,0.0,502.0,1.0,1,0,1,[1. 1.],[1 2],,0,0.6,0.7,0.30000000000000004,[1. 1.]
1003,1.0,1004,0,False,1.0,502.0,0.0,1,1,0,[0. 1.],[1 2],0.0,0,0.6,0.7,0.30000000000000004,[1. 1.]
1004,0.0,1005,1,False,0.0,503.0,1.0,1,0,1,[0. 1.],[1 2],0.0,0,0.6,0.7,0.30000000000000004,[1. 1.]
1005,1.0,1006,0,False,0.0,503.0,0.0,1,1,0,[1. 1.],[1 2],,0,0.6,0.7,0.30000000000000004,[1. 1.]
1006,0.0,1007,1,False,0.0,504.0,1.0,1,0,1,[1. 1.],[1 2],,0,0.6,0.7,0.30000000000000004,[1. 1.]
1007,1.0,1008,0,False,1.0,504.0,0.0,1,1,0,[1. 0.],[1 2],1.0,0,0.6,0.7,0.30000000000000004,[1. 1.]
1008,0.0,1009,1,False,0.0,505.0,2.0,1,0,1,[1. 0.],[1 2],1.0,0,0.6,0.7,0.30000000000000004,[1. 1.]
1009,2.0,1010,0,False,1.0,505.0,0.0,1,1,0,[0. 0.],[1 2],0.0,0,0.6,0.7,0.30000000000000004,[1. 1.]
1010,0.0,1011,1,False,0.0,506.0,1.0,1,0,1,[0. 0.],[1 2],0.0,0,0.6,0.7,0.30000000000000004,[1. 1.]
1011,1.0,1012,0,False,0.0,506.0,0.0,1,1,0,[1. 0.],[1 2],,0,0.6,0.7,0.30000000000000004,[1. 1.]
1012,0.0,1013,1,False,0.0,507.0,1.0,1,0,1,[1. 0.],[1 2],,0,0.6,0.7,0.30000000000000004,[1. 1.]
1013,1.0,1014,0,False,1.0,507.0,0.0,1,1,0,[1. 0.],[1 2],0.0,0,0.6,0.7,0.30000000000000004,[1. 1.]
1014,0.0,1015,1,False,0.0,508.0,1.0,1,0,1,[1. 0.],[1 2],0.0,0,0.6,0.7,0.30000000000000004,[1. 1.]
1015,1.0,1016,0,False,1.0,508.0,0.0,1,1,0,[1. 0.],[1 2],1.0,0,0.6,0.7,0.30000000000000004,[1. 1.]
1016,0.0,1017,1,False,0.0,509.0,2.0,1,0,1,[1. 0.],[1 2],1.0,0,0.6,0.7,0.30000000000000004,[1. 1.]
1017,2.0,1018,0,False,1.0,509.0,0.0,1,1,0,[0. 0.],[1 2],0.0,0,0.6,0.7,0.30000000000000004,[1. 1.]
1018,0.0,1019,1,False,0.0,510.0,1.0,1,0,1,[0. 0.],[1 2],0.0,0,0.6,0.7,0.30000000000000004,[1. 1.]
1019,1.0,1020,0,False,0.0,510.0,0.0,1,1,0,[1. 0.],[1 2],0.0,0,0.6,0.7,0.30000000000000004,[1. 1.]
1020,0.0,1021,1,False,0.0,511.0,1.0,1,0,1,[1. 0.],[1 2],0.0,0,0.6,0.7,0.30000000000000004,[1. 1.]
1021,1.0,1022,0,False,1.0,511.0,0.0,1,1,0,[1. 0.],[1 2],,0,0.6,0.7,0.30000000000000004,[1. 1.]
1022,0.0,1023,1,False,0.0,512.0,1.0,1,0,1,[1. 0.],[1 2],,0,0.6,0.7,0.30000000000000004,[1. 1.]
1023,1.0,1024,0,False,1.0,512.0,0.0,1,1,0,[1. 0.],[1 2],,0,0.6,0.7,0.30000000000000004,[1. 1.]
1024,0.0,1025,1,False,0.0,513.0,1.0,1,0,1,[1. 0.],[1 2],,0,0.6,0.7,0.30000000000000004,[1. 1.]
1025,1.0,1026,0,False,1.0,513.0,0.0,1,1,0,[1. 1.],[1 2],1.0,0,0.6,0.7,0.30000000000000004,[1. 1.]
1026,0.0,1027,1,False,0.0,514.0,2.0,1,0,1,[1. 1.],[1 2],1.0,0,0.6,0.7,0.30000000000000004,[1. 1.]
1027,2.0,1028,0,False,1.0,514.0,0.0,1,1,0,[0. 0.],[1 2],,0,0.6,0.7,0.30000000000000004,[1. 1.]
1028,0.0,1029,1,False,0.0,515.0,1.0,1,0,1,[0. 0.],[1 2],,0,0.6,0.7,0.30000000000000004,[1. 1.]
1029,1.0,1030,0,False,0.0,515.0,0.0,1,1,0,[0. 1.],[1 2],1.0,0,0.6,0.7,0.30000000000000004,[1. 1.]
1030,0.0,1031,1,False,0.0,516.0,2.0,1,0,1,[0. 1.],[1 2],1.0,0,0.6,0.7,0.30000000000000004,[1. 1.]
1031,2.0,1032,0,False,0.0,516.0,0.0,1,1,0,[1. 0.],[1 2],0.0,0,0.6,0.7,0.30000000000000004,[1. 1.]
1032,0.0,1033,1,False,0.0,517.0,1.0,1,0,2,[1. 0.],[1 2],0.0,0,0.6,0.7,0.30000000000000004,[1. 1.]
1033,1.0,1034,0,False,0.0,517.0,0.0,1,1,0,[1. 0.],[1 2],1.0,0,0.6,0.7,0.30000000000000004,[1. 1.]
1034,0.0,1035,1,False,0.0,518.0,2.0,1,0,1,[1. 0.],[1 2],1.0,0,0.6,0.7,0.30000000000000004,[1. 1.]
1035,2.0,1036,0,False,1.0,518.0,0.0,1,1,0,[0. 0.],[1 2],,0,0.6,0.7,0.30000000000000004,[1. 1.]
1036,0.0,1037,1,False,0.0,519.0,1.0,1,0,1,[0. 0.],[1 2],,0,0.6,0.7,0.30000000000000004,[1. 1.]
1037,1.0,1038,0,False,0.0,519.0,0.0,1,1,0,[1. 0.],[1 2],,0,0.6,0.7,0.30000000000000004,[1. 1.]
1038,0.0,1039,1,False,0.0,520.0,1.0,1,0,1,[1. 0.],[1 2],,0,0.6,0.7,0.30000000000000004,[1. 1.]
1039,1.0,1040,0,False,1.0,520.0,0.0,1,1,0,[1. 0.],[1 2],0.0,0,0.6,0.7,0.30000000000000004,[1. 1.]
1040,0.0,1041,1,False,0.0,521.0,1.0,1,0,1,[1. 0.],[1 2],0.0,0,0.6,0.7,0.30000000000000004,[1. 1.]
1041,1.0,1042,0,False,1.0,521.0,0.0,1,1,0,[1. 1.],[1 2],1.0,0,0.6,0.7,0.30000000000000004,[1. 1.]
1042,0.0,1043,1,False,0.0,522.0,2.0,1,0,1,[1. 1.],[1 2],1.0,0,0.6,0.7,0.30000000000000004,[1. 1.]
1043,2.0,1044,0,False,1.0,522.0,0.0,1,1,0,[1. 0.],[1 2],,0,0.6,0.7,0.30000000000000004,[1. 1.]
1044,0.0,1045,1,False,0.0,523.0,1.0,1,0,1,[1. 0.],[1 2],,0,0.6,0.7,0.30000000000000004,[1. 1.]
1045,1.0,1046,0,False,1.0,523.0,0.0,1,1,0,[0. 0.],[1 2],1.0,0,0.6,0.7,0.30000000000000004,[1. 1.]
1046,0.0,1047,1,False,0.0,524.0,2.0,1,0,1,[0. 0.],[1 2],1.0,0,0.6,0.7,0.30000000000000004,[1. 1.]
1047,2.0,1048,0,False,0.0,524.0,0.0,1,1,0,[0. 0.],[1 2],,0,0.6,0.7,0.30000000000000004,[1. 1.]
1048,0.0,1049,1,False,0.0,525.0,1.0,1,0,1,[0. 0.],[1 2],,0,0.6,0.7,0.30000000000000004,[1. 1.]
1049,1.0,1050,0,False,0.0,525.0,0.0,1,1,0,[1. 0.],[1 2],0.0,0,0.6,0.7,0.30000000000000004,[1. 1.]
1050,0.0,1051,1,False,0.0,526.0,1.0,1,0,1,[1. 0.],[1 2],0.0,0,0.6,0.7,0.30000000000000004,[1. 1.]
1051,1.0,1052,0,False,1.0,526.0,0.0,1,1,0,[0. 0.],[1 2],1.0,0,0.6,0.7,0.30000000000000004,[1. 1.]
1052,0.0,1053,1,False,0.0,527.0,2.0,1,0,1,[0. 0.],[1 2],1.0,0,0.6,0.7,0.30000000000000004,[1. 1.]
1053,2.0,1054,0,False,0.0,527.0,0.0,1,1,0,[1. 0.],[1 2],0.0,0,0.6,0.7,0.30000000000000004,[1. 1.]
1054,0.0,1055,1,False,0.0,528.0,1.0,1,0,1,[1. 0.],[1 2],0.0,0,0.6,0.7,0.30000000000000004,[1. 1.]
1055,1.0,1056,0,False,1.0,528.0,0.0,1,1,0,[1. 1.],[1 2],,0,0.6,0.7,0.30000000000000004,[1. 1.]
1056,0.0,1057,1,False,0.0,529.0,1.0,1,0,1,[1. 1.],[1 2],,0,0.6,0.7,0.30000000000000004,[1. 1.]
1057,1.0,1058,0,False,1.0,529.0,0.0,1,1,0,[0. 0.],[1 2],1.0,0,0.6,0.7,0.30000000000000004,[1. 1.]
1058,0.0,1059,1,False,0.0,530.0,2.0,1,0,1,[0. 0.],[1 2],1.0,0,0.6,0.7,0.30000000000000004,[1. 1.]
1059,2.0,1060,0,False,0.0,530.0,0.0,1,1,0,[1. 1.],[1 2],0.0,0,0.6,0.7,0.30000000000000004,[1. 1.]
1060,0.0,1061,1,False,0.0,531.0,1.0,1,0,1,[1. 1.],[1 2],0.0,0,0.6,0.7,0.30000000000000004,[1. 1.]
1061,1.0,1062,0,False,1.0,531.0,0.0,1,1,0,[1. 0.],[1 2],,0,0.6,0.7,0.30000000000000004,[1. 1.]
1062,0.0,1063,1,False,0.0,532.0,1.0,1,0,1,[1. 0.],[1 2],,0,0.6,0.7,0.30000000000000004,[1. 1.]
1063,1.0,1064,0,False,1.0,532.0,0.0,1,1,0,[1. 0.],[2 1],0.0,0,0.6,0.7,0.30000000000000004,[1. 1.]
1064,0.0,1065,1,False,0.0,533.0,1.0,1,0,1,[1. 0.],[2 1],0.0,0,0.6,0.7,0.30000000000000004,[1. 1.]
1065,1.0,1066,0,False,0.0,533.0,0.0,1,1,0,[1. 1.],[2 1],,0,0.6,0.7,0.30000000000000004,[1. 1.]
1066,0.0,1067,1,False,0.0,534.0,2.0,1,0,1,[1. 1.],[2 1],,0,0.6,0.7,0.30000000000000004,[1. 1.]
1067,2.0,1068,0,False,1.0,534.0,0.0,1,1,0,[0. 0.],[2 1],0.0,0,0.6,0.7,0.30000000000000004,[1. 1.]
1068,0.0,1069,1,False,0.0,535.0,1.0,1,0,1,[0. 0.],[2 1],0.0,0,0.6,0.7,0.30000000000000004,[1. 1.]
1069,1.0,1070,0,False,0.0,535.0,0.0,1,1,0,[1. 0.],[2 1],,0,0.6,0.7,0.30000000000000004,[1. 1.]
1070,0.0,1071,1,False,0.0,536.0,2.0,1,0,1,[1. 0.],[2 1],,0,0.6,0.7,0.30000000000000004,[1. 1.]
1071,2.0,1072,0,False,0.0,536.0,0.0,1,1,0,[0. 1.],[2 1],,0,0.6,0.7,0.30000000000000004,[1. 1.]
1072,0.0,1073,1,False,0.0,537.0,1.0,1,0,2,[0. 1.],[2 1],,0,0.6,0.7,0.30000000000000004,[1. 1.]
1073,1.0,1074,0,False,0.0,537.0,0.0,1,1,0,[0. 0.],[2 1],0.0,0,0.6,0.7,0.30000000000000004,[1. 1.]
1074,0.0,1075,1,False,0.0,538.0,1.0,1,0,1,[0. 0.],[2 1],0.0,0,0.6,0.7,0.30000000000000004,[1. 1.]
1075,1.0,1076,0,False,0.0,538.0,0.0,1,1,0,[1. 0.],[2 1],,0,0.6,0.7,0.30000000000000004,[1. 1.]
1076,0.0,1077,1,False,0.0,539.0,1.0,1,0,2,[1. 0.],[2 1],,0,0.6,0.7,0.30000000000000004,[1. 1.]
1077,1.0,1078,0,False,1.0,539.0,0.0,1,1,0,[1. 1.],[2 1],0.0,0,0.6,0.7,0.30000000000000004,[1. 1.]
1078,0.0,1079,1,False,0.0,540.0,1.0,1,0,2,[1. 1.],[2 1],0.0,0,0.6,0.7,0.30000000000000004,[1. 1.]
1079,1.0,1080,0,False,1.0,540.0,0.0,1,1,0,[1. 0.],[2 1],,0,0.6,0.7,0.30000000000000004,[1. 1.]
1080,0.0,1081,1,False,0.0,541.0,1.0,1,0,2,[1. 0.],[2 1],,0,0.6,0.7,0.30000000000000004,[1. 1.]
1081,1.0,1082,0,False,1.0,541.0,0.0,1,1,0,[0. 1.],[2 1],1.0,0,0.6,0.7,0.30000000000000004,[1. 1.]
1082,0.0,1083,1,False,0.0,542.0,2.0,1,0,2,[0. 1.],[2 1],1.0,0,0.6,0.7,0.30000000000000004,[1. 1.]
1083,2.0,1084,0,False,0.0,542.0,0.0,1,1,0,[1. 1.],[2 1],,0,0.6,0.7,0.30000000000000004,[1. 1.]
1084,0.0,1085,1,False,0.0,543.0,1.0,1,0,2,[1. 1.],[2 1],,0,0.6,0.7,0.30000000000000004,[1. 1.]
1085,1.0,1086,0,False,1.0,543.0,0.0,1,1,0,[1. 0.],[2 1],1.0,0,0.6,0.7,0.30000000000000004,[1. 1.]
1086,0.0,1087,1,False,0.0,544.0,2.0,1,0,2,[1. 0.],[2 1],1.0,0,0.6,0.7,0.30000000000000004,[1. 1.]
1087,2.0,1088,0,False,1.0,544.0,0.0,1,1,0,[1. 0.],[2 1],0.0,0,0.6,0.7,0.30000000000000004,[1. 1.]
1088,0.0,1089,1,False,0.0,545.0,1.0,1,0,2,[1. 0.],[2 1],0.0,0,0.6,0.7,0.30000000000000004,[1. 1.]
1089,1.0,1090,0,False,1.0,545.0,0.0,1,1,0,[1. 1.],[2 1],1.0,0,0.6,0.7,0.30000000000000004,[1. 1.]
1090,0.0,1091,1,False,0.0,546.0,2.0,1,0,2,[1. 1.],[2 1],1.0,0,0.6,0.7,0.30000000000000004,[1. 1.]
1091,2.0,1092,0,False,1.0,546.0,0.0,1,1,0,[0. 1.],[2 1],,0,0.6,0.7,0.30000000000000004,[1. 1.]
1092,0.0,1093,1,False,0.0,547.0,1.0,1,0,2,[0. 1.],[2 1],,0,0.6,0.7,0.30000000000000004,[1. 1.]
1093,1.0,1094,0,False,0.0,547.0,0.0,1,1,0,[0. 1.],[2 1],0.0,0,0.6,0.7,0.30000000000000004,[1. 1.]
1094,0.0,1095,1,False,0.0,548.0,1.0,1,0,2,[0. 1.],[2 1],0.0,0,0.6,0.7,0.30000000000000004,[1. 1.]
1095,1.0,1096,0,False,0.0,548.0,0.0,1,1,0,[0. 0.],[2 1],0.0,0,0.6,0.7,0.30000000000000004,[1. 1.]
1096,0.0,1097,1,False,0.0,549.0,1.0,1,0,2,[0. 0.],[2 1],0.0,0,0.6,0.7,0.30000000000000004,[1. 1.]
1097,1.0,1098,0,False,0.0,549.0,0.0,1,1,0,[0. 1.],[2 1],,0,0.6,0.7,0.30000000000000004,[1. 1.]
1098,0.0,1099,1,False,0.0,550.0,1.0,1,0,2,[0. 1.],[2 1],,0,0.6,0.7,0.30000000000000004,[1. 1.]
1099,1.0,1100,0,False,0.0,550.0,0.0,1,1,0,[1. 1.],[2 1],,0,0.6,0.7,0.30000000000000004,[1. 1.]
1100,0.0,1101,1,False,0.0,551.0,2.0,1,0,1,[1. 1.],[2 1],,0,0.6,0.7,0.30000000000000004,[1. 1.]
1101,2.0,1102,0,False,1.0,551.0,0.0,1,1,0,[1. 0.],[2 1],0.0,0,0.6,0.7,0.30000000000000004,[1. 1.]
1102,0.0,1103,1,False,0.0,552.0,1.0,1,0,1,[1. 0.],[2 1],0.0,0,0.6,0.7,0.30000000000000004,[1. 1.]
1103,1.0,1104,0,False,0.0,552.0,0.0,1,1,0,[1. 0.],[2 1],1.0,0,0.6,0.7,0.30000000000000004,[1. 1.]
1104,0.0,1105,1,False,0.0,553.0,2.0,1,0,1,[1. 0.],[2 1],1.0,0,0.6,0.7,0.30000000000000004,[1. 1.]
1105,2.0,1106,0,False,0.0,553.0,0.0,1,1,0,[1. 1.],[2 1],1.0,0,0.6,0.7,0.30000000000000004,[1. 1.]
1106,0.0,1107,1,False,0.0,554.0,2.0,1,0,2,[1. 1.],[2 1],1.0,0,0.6,0.7,0.30000000000000004,[1. 1.]
1107,2.0,1108,0,False,1.0,554.0,0.0,1,1,0,[1. 0.],[2 1],,0,0.6,0.7,0.30000000000000004,[1. 1.]
1108,0.0,1109,1,False,0.0,555.0,1.0,1,0,2,[1. 0.],[2 1],,0,0.6,0.7,0.30000000000000004,[1. 1.]
1109,1.0,1110,0,False,1.0,555.0,0.0,1,1,0,[1. 1.],[2 1],1.0,0,0.6,0.7,0.30000000000000004,[1. 1.]
1110,0.0,1111,1,False,0.0,556.0,2.0,1,0,2,[1. 1.],[2 1],1.0,0,0.6,0.7,0.30000000000000004,[1. 1.]
1111,2.0,1112,0,False,1.0,556.0,0.0,1,1,0,[1. 1.],[2 1],,0,0.6,0.7,0.30000000000000004,[1. 1.]
1112,0.0,1113,1,False,0.0,557.0,1.0,1,0,2,[1. 1.],[2 1],,0,0.6,0.7,0.30000000000000004,[1. 1.]
1113,1.0,1114,0,False,1.0,557.0,0.0,1,1,0,[1. 0.],[2 1],,0,0.6,0.7,0.30000000000000004,[1. 1.]
1114,0.0,1115,1,False,0.0,558.0,1.0,1,0,2,[1. 0.],[2 1],,0,0.6,0.7,0.30000000000000004,[1. 1.]
1115,1.0,1116,0,False,1.0,558.0,0.0,1,1,0,[1. 0.],[2 1],0.0,0,0.6,0.7,0.30000000000000004,[1. 1.]
1116,0.0,1117,1,False,0.0,559.0,1.0,1,0,2,[1. 0.],[2 1],0.0,0,0.6,0.7,0.30000000000000004,[1. 1.]
1117,1.0,1118,0,False,1.0,559.0,0.0,1,1,0,[1. 0.],[2 1],1.0,0,0.6,0.7,0.30000000000000004,[1. 1.]
1118,0.0,1119,1,False,0.0,560.0,2.0,1,0,2,[1. 0.],[2 1],1.0,0,0.6,0.7,0.30000000000000004,[1. 1.]
1119,2.0,1120,0,False,1.0,560.0,0.0,1,1,0,[1. 0.],[2 1],,0,0.6,0.7,0.30000000000000004,[1. 1.]
1120,0.0,1121,1,False,0.0,561.0,1.0,1,0,2,[1. 0.],[2 1],,0,0.6,0.7,0.30000000000000004,[1. 1.]
1121,1.0,1122,0,False,1.0,561.0,0.0,1,1,0,[1. 0.],[2 1],0.0,0,0.6,0.7,0.30000000000000004,[1. 1.]
1122,0.0,1123,1,False,0.0,562.0,1.0,1,0,2,[1. 0.],[2 1],0.0,0,0.6,0.7,0.30000000000000004,[1. 1.]
1123,1.0,1124,0,False,1.0,562.0,0.0,1,1,0,[0. 0.],[2 1],1.0,0,0.6,0.7,0.30000000000000004,[1. 1.]
1124,0.0,1125,1,False,0.0,563.0,2.0,1,0,2,[0. 0.],[2 1],1.0,0,0.6,0.7,0.30000000000000004,[1. 1.]
1125,2.0,1126,0,False,0.0,563.0,0.0,1,1,0,[1. 0.],[2 1],0.0,0,0.6,0.7,0.30000000000000004,[1. 1.]
1126,0.0,1127,1,False,0.0,564.0,1.0,1,0,2,[1. 0.],[2 1],0.0,0,0.6,0.7,0.30000000000000004,[1. 1.]
1127,1.0,1128,0,False,1.0,564.0,0.0,1,1,0,[1. 0.],[2 1],,0,0.6,0.7,0.30000000000000004,[1. 1.]
1128,0.0,1129,1,False,0.0,565.0,1.0,1,0,2,[1. 0.],[2 1],,0,0.6,0.7,0.30000000000000004,[1. 1.]
1129,1.0,1130,0,False,1.0,565.0,0.0,1,1,0,[1. 1.],[2 1],,0,0.6,0.7,0.30000000000000004,[1. 1.]
1130,0.0,1131,1,False,0.0,566.0,1.0,1,0,2,[1. 1.],[2 1],,0,0.6,0.7,0.30000000000000004,[1. 1.]
1131,1.0,1132,0,False,1.0,566.0,0.0,1,1,0,[0. 0.],[2 1],,0,0.6,0.7,0.30000000000000004,[1. 1.]
1132,0.0,1133,1,False,0.0,567.0,1.0,1,0,2,[0. 0.],[2 1],,0,0.6,0.7,0.30000000000000004,[1. 1.]
1133,1.0,1134,0,False,0.0,567.0,0.0,1,1,0,[1. 0.],[2 1],,0,0.6,0.7,0.30000000000000004,[1. 1.]
1134,0.0,1135,1,False,0.0,568.0,1.0,1,0,2,[1. 0.],[2 1],,0,0.6,0.7,0.30000000000000004,[1. 1.]
1135,1.0,1136,0,False,1.0,568.0,0.0,1,1,0,[1. 0.],[2 1],,0,0.6,0.7,0.30000000000000004,[1. 1.]
1136,0.0,1137,1,False,0.0,569.0,1.0,1,0,2,[1. 0.],[2 1],,0,0.6,0.7,0.30000000000000004,[1. 1.]
1137,1.0,1138,0,False,1.0,569.0,0.0,1,1,0,[0. 0.],[2 1],,0,0.6,0.7,0.30000000000000004,[1. 1.]
1138,0.0,1139,1,False,0.0,570.0,1.0,1,0,2,[0. 0.],[2 1],,0,0.6,0.7,0.30000000000000004,[1. 1.]
1139,1.0,1140,0,False,0.0,570.0,0.0,1,1,0,[1. 0.],[2 1],1.0,0,0.6,0.7,0.30000000000000004,[1. 1.]
1140,0.0,1141,1,False,0.0,571.0,2.0,1,0,2,[1. 0.],[2 1],1.0,0,0.6,0.7,0.30000000000000004,[1. 1.]
1141,2.0,1142,0,False,1.0,571.0,0.0,1,1,0,[1. 0.],[2 1],0.0,0,0.6,0.7,0.30000000000000004,[1. 1.]
1142,0.0,1143,1,False,0.0,572.0,1.0,1,0,2,[1. 0.],[2 1],0.0,0,0.6,0.7,0.30000000000000004,[1. 1.]
1143,1.0,1144,0,False,1.0,572.0,0.0,1,1,0,[1. 0.],[2 1],1.0,0,0.6,0.7,0.30000000000000004,[1. 1.]
1144,0.0,1145,1,False,0.0,573.0,2.0,1,0,2,[1. 0.],[2 1],1.0,0,0.6,0.7,0.30000000000000004,[1. 1.]
1145,2.0,1146,0,False,1.0,573.0,0.0,1,1,0,[1. 0.],[2 1],1.0,0,0.6,0.7,0.30000000000000004,[1. 1.]
1146,0.0,1147,1,False,0.0,574.0,2.0,1,0,2,[1. 0.],[2 1],1.0,0,0.6,0.7,0.30000000000000004,[1. 1.]
1147,2.0,1148,0,False,1.0,574.0,0.0,1,1,0,[0. 1.],[2 1],,0,0.6,0.7,0.30000000000000004,[1. 1.]
1148,0.0,1149,1,False,0.0,575.0,1.0,1,0,2,[0. 1.],[2 1],,0,0.6,0.7,0.30000000000000004,[1. 1.]
1149,1.0,1150,0,False,0.0,575.0,0.0,1,1,0,[1. 0.],[2 1],0.0,0,0.6,0.7,0.30000000000000004,[1. 1.]
1150,0.0,1151,1,False,0.0,576.0,1.0,1,0,2,[1. 0.],[2 1],0.0,0,0.6,0.7,0.30000000000000004,[1. 1.]
1151,1.0,1152,0,False,1.0,576.0,0.0,1,1,0,[0. 0.],[2 1],1.0,0,0.6,0.7,0.30000000000000004,[1. 1.]
1152,0.0,1153,1,False,0.0,577.0,2.0,1,0,2,[0. 0.],[2 1],1.0,0,0.6,0.7,0.30000000000000004,[1. 1.]
1153,2.0,1154,0,False,0.0,577.0,0.0,1,1,0,[0. 1.],[2 1],0.0,0,0.6,0.7,0.30000000000000004,[1. 1.]
1154,0.0,1155,1,False,0.0,578.0,1.0,1,0,2,[0. 1.],[2 1],0.0,0,0.6,0.7,0.30000000000000004,[1. 1.]
1155,1.0,1156,0,False,0.0,578.0,0.0,1,1,0,[0. 1.],[2 1],1.0,0,0.6,0.7,0.30000000000000004,[1. 1.]
1156,0.0,1157,1,False,0.0,579.0,2.0,1,0,2,[0. 1.],[2 1],1.0,0,0.6,0.7,0.30000000000000004,[1. 1.]
1157,2.0,1158,0,False,0.0,579.0,0.0,1,1,0,[1. 0.],[2 1],,0,0.6,0.7,0.30000000000000004,[1. 1.]
1158,0.0,1159,1,False,0.0,580.0,2.0,1,0,1,[1. 0.],[2 1],,0,0.6,0.7,0.30000000000000004,[1. 1.]
1159,2.0,1160,0,False,0.0,580.0,0.0,1,1,0,[1. 1.],[2 1],,0,0.6,0.7,0.30000000000000004,[1. 1.]
1160,0.0,1161,1,False,0.0,581.0,2.0,1,0,1,[1. 1.],[2 1],,0,0.6,0.7,0.30000000000000004,[1. 1.]
1161,2.0,1162,0,False,1.0,581.0,0.0,1,1,0,[0. 0.],[2 1],1.0,0,0.6,0.7,0.30000000000000004,[1. 1.]
1162,0.0,1163,1,False,0.0,582.0,2.0,1,0,1,[0. 0.],[2 1],1.0,0,0.6,0.7,0.30000000000000004,[1. 1.]
1163,2.0,1164,0,False,0.0,582.0,0.0,1,1,0,[1. 1.],[2 1],0.0,0,0.6,0.7,0.30000000000000004,[1. 1.]
1164,0.0,1165,1,False,0.0,583.0,1.0,1,0,1,[1. 1.],[2 1],0.0,0,0.6,0.7,0.30000000000000004,[1. 1.]
1165,1.0,1166,0,False,1.0,583.0,0.0,1,1,0,[1. 1.],[2 1],1.0,0,0.6,0.7,0.30000000000000004,[1. 1.]
1166,0.0,1167,1,False,0.0,584.0,2.0,1,0,1,[1. 1.],[2 1],1.0,0,0.6,0.7,0.30000000000000004,[1. 1.]
1167,2.0,1168,0,False,1.0,584.0,0.0,1,1,0,[0. 1.],[2 1],0.0,0,0.6,0.7,0.30000000000000004,[1. 1.]
1168,0.0,1169,1,False,0.0,585.0,1.0,1,0,1,[0. 1.],[2 1],0.0,0,0.6,0.7,0.30000000000000004,[1. 1.]
1169,1.0,1170,0,False,1.0,585.0,0.0,1,1,0,[1. 0.],[2 1],,0,0.6,0.7,0.30000000000000004,[1. 1.]
1170,0.0,1171,1,False,0.0,586.0,2.0,1,0,1,[1. 0.],[2 1],,0,0.6,0.7,0.30000000000000004,[1. 1.]
1171,2.0,1172,0,False,0.0,586.0,0.0,1,1,0,[1. 0.],[2 1],,0,0.6,0.7,0.30000000000000004,[1. 1.]
1172,0.0,1173,1,False,0.0,587.0,2.0,1,0,1,[1. 0.],[2 1],,0,0.6,0.7,0.30000000000000004,[1. 1.]
1173,2.0,1174,0,False,0.0,587.0,0.0,1,1,0,[0. 0.],[2 1],0.0,0,0.6,0.7,0.30000000000000004,[1. 1.]
1174,0.0,1175,1,False,0.0,588.0,1.0,1,0,2,[0. 0.],[2 1],0.0,0,0.6,0.7,0.30000000000000004,[1. 1.]
1175,1.0,1176,0,False,0.0,588.0,0.0,1,1,0,[1. 0.],[1 2],1.0,0,0.6,0.7,0.30000000000000004,[1. 1.]
1176,0.0,1177,1,False,0.0,589.0,2.0,1,0,1,[1. 0.],[1 2],1.0,0,0.6,0.7,0.30000000000000004,[1. 1.]
1177,2.0,1178,0,False,1.0,589.0,0.0,1,1,0,[1. 0.],[1 2],0.0,0,0.6,0.7,0.30000000000000004,[1. 1.]
1178,0.0,1179,1,False,0.0,590.0,1.0,1,0,1,[1. 0.],[1 2],0.0,0,0.6,0.7,0.30000000000000004,[1. 1.]
1179,1.0,1180,0,False,1.0,590.0,0.0,1,1,0,[1. 1.],[1 2],0.0,0,0.6,0.7,0.30000000000000004,[1. 1.]
1180,0.0,1181,1,False,0.0,591.0,1.0,1,0,1,[1. 1.],[1 2],0.0,0,0.6,0.7,0.30000000000000004,[1. 1.]
1181,1.0,1182,0,False,1.0,591.0,0.0,1,1,0,[1. 0.],[1 2],,0,0.6,0.7,0.30000000000000004,[1. 1.]
1182,0.0,1183,1,False,0.0,592.0,1.0,1,0,1,[1. 0.],[1 2],,0,0.6,0.7,0.30000000000000004,[1. 1.]
1183,1.0,1184,0,False,1.0,592.0,0.0,1,1,0,[0. 0.],[1 2],,0,0.6,0.7,0.30000000000000004,[1. 1.]
1184,0.0,1185,1,False,0.0,593.0,1.0,1,0,1,[0. 0.],[1 2],,0,0.6,0.7,0.30000000000000004,[1. 1.]
1185,1.0,1186,0,False,0.0,593.0,0.0,1,1,0,[1. 1.],[1 2],0.0,0,0.6,0.7,0.30000000000000004,[1. 1.]
1186,0.0,1187,1,False,0.0,594.0,1.0,1,0,1,[1. 1.],[1 2],0.0,0,0.6,0.7,0.30000000000000004,[1. 1.]
1187,1.0,1188,0,False,1.0,594.0,0.0,1,1,0,[1. 0.],[1 2],0.0,0,0.6,0.7,0.30000000000000004,[1. 1.]
1188,0.0,1189,1,False,0.0,595.0,1.0,1,0,1,[1. 0.],[1 2],0.0,0,0.6,0.7,0.30000000000000004,[1. 1.]
1189,1.0,1190,0,False,1.0,595.0,0.0,1,1,0,[0. 1.],[1 2],,0,0.6,0.7,0.30000000000000004,[1. 1.]
1190,0.0,1191,1,False,0.0,596.0,1.0,1,0,1,[0. 1.],[1 2],,0,0.6,0.7,0.30000000000000004,[1. 1.]
1191,1.0,1192,0,False,0.0,596.0,0.0,1,1,0,[1. 0.],[1 2],0.0,0,0.6,0.7,0.30000000000000004,[1. 1.]
1192,0.0,1193,1,False,0.0,597.0,1.0,1,0,1,[1. 0.],[1 2],0.0,0,0.6,0.7,0.30000000000000004,[1. 1.]
1193,1.0,1194,0,False,1.0,597.0,0.0,1,1,0,[0. 1.],[1 2],1.0,1,0.6,0.7,0.30000000000000004,[1. 1.]
1194,0.0,1195,1,False,0.0,598.0,2.0,1,0,1,[0. 1.],[1 2],1.0,1,0.6,0.7,0.30000000000000004,[1. 1.]
1195,2.0,1196,0,False,0.0,598.0,0.0,1,1,0,[0. 1.],[1 2],0.0,1,0.6,0.7,0.30000000000000004,[1. 1.]
1196,0.0,1197,1,False,0.0,599.0,1.0,1,0,1,[0. 1.],[1 2],0.0,1,0.6,0.7,0.30000000000000004,[1. 1.]
1197,1.0,1198,0,False,0.0,599.0,0.0,1,1,0,[1. 1.],[1 2],0.0,1,0.6,0.7,0.30000000000000004,[1. 1.]
1198,0.0,1199,1,False,0.0,600.0,1.0,1,0,1,[1. 1.],[1 2],0.0,1,0.6,0.7,0.30000000000000004,[1. 1.]
1199,1.0,1200,0,False,1.0,600.0,0.0,1,1,0,[1. 0.],[1 2],1.0,1,0.6,0.7,0.30000000000000004,[1. 1.]
1200,0.0,1201,1,False,0.0,601.0,2.0,1,0,1,[1. 0.],[1 2],1.0,1,0.6,0.7,0.30000000000000004,[1. 1.]
1201,2.0,1202,0,False,1.0,601.0,0.0,1,1,0,[0. 1.],[1 2],0.0,1,0.6,0.7,0.30000000000000004,[1. 1.]
1202,0.0,1203,1,False,0.0,602.0,1.0,1,0,1,[0. 1.],[1 2],0.0,1,0.6,0.7,0.30000000000000004,[1. 1.]
1203,1.0,1204,0,False,0.0,602.0,0.0,1,1,0,[0. 1.],[1 2],1.0,1,0.6,0.7,0.30000000000000004,[1. 1.]
1204,0.0,1205,1,False,0.0,603.0,2.0,1,0,1,[0. 1.],[1 2],1.0,1,0.6,0.7,0.30000000000000004,[1. 1.]
1205,2.0,1206,0,False,0.0,603.0,0.0,1,1,0,[0. 0.],[1 2],0.0,1,0.6,0.7,0.30000000000000004,[1. 1.]
1206,0.0,1207,1,False,0.0,604.0,1.0,1,0,1,[0. 0.],[1 2],0.0,1,0.6,0.7,0.30000000000000004,[1. 1.]
1207,1.0,1208,0,False,0.0,604.0,0.0,1,1,0,[1. 0.],[1 2],1.0,1,0.6,0.7,0.30000000000000004,[1. 1.]
1208,0.0,1209,1,False,0.0,605.0,2.0,1,0,2,[1. 0.],[1 2],1.0,1,0.6,0.7,0.30000000000000004,[1. 1.]
1209,2.0,1210,0,False,0.0,605.0,0.0,1,1,0,[0. 0.],[1 2],0.0,0,0.6,0.7,0.30000000000000004,[1. 1.]
1210,0.0,1211,1,False,0.0,606.0,1.0,1,0,1,[0. 0.],[1 2],0.0,0,0.6,0.7,0.30000000000000004,[1. 1.]
1211,1.0,1212,0,False,0.0,606.0,0.0,1,1,0,[0. 0.],[1 2],,0,0.6,0.7,0.30000000000000004,[1. 1.]
1212,0.0,1213,1,False,0.0,607.0,1.0,1,0,1,[0. 0.],[1 2],,0,0.6,0.7,0.30000000000000004,[1. 1.]
1213,1.0,1214,0,False,0.0,607.0,0.0,1,1,0,[1. 0.],[1 2],,0,0.6,0.7,0.30000000000000004,[1. 1.]
1214,0.0,1215,1,False,0.0,608.0,1.0,1,0,1,[1. 0.],[1 2],,0,0.6,0.7,0.30000000000000004,[1. 1.]
1215,1.0,1216,0,False,1.0,608.0,0.0,1,1,0,[1. 0.],[1 2],,0,0.6,0.7,0.30000000000000004,[1. 1.]
1216,0.0,1217,1,False,0.0,609.0,1.0,1,0,1,[1. 0.],[1 2],,0,0.6,0.7,0.30000000000000004,[1. 1.]
1217,1.0,1218,0,False,1.0,609.0,0.0,1,1,0,[1. 1.],[1 2],,0,0.6,0.7,0.30000000000000004,[1. 1.]
1218,0.0,1219,1,False,0.0,610.0,1.0,1,0,1,[1. 1.],[1 2],,0,0.6,0.7,0.30000000000000004,[1. 1.]
1219,1.0,1220,0,False,1.0,610.0,0.0,1,1,0,[0. 1.],[1 2],0.0,1,0.6,0.7,0.30000000000000004,[1. 1.]
1220,0.0,1221,1,False,0.0,611.0,1.0,1,0,1,[0. 1.],[1 2],0.0,1,0.6,0.7,0.30000000000000004,[1. 1.]
1221,1.0,1222,0,False,0.0,611.0,0.0,1,1,0,[0. 0.],[1 2],1.0,1,0.6,0.7,0.30000000000000004,[1. 1.]
1222,0.0,1223,1,False,0.0,612.0,2.0,1,0,1,[0. 0.],[1 2],1.0,1,0.6,0.7,0.30000000000000004,[1. 1.]
1223,2.0,1224,0,False,0.0,612.0,0.0,1,1,0,[0. 0.],[1 2],,1,0.6,0.7,0.30000000000000004,[1. 1.]
1224,0.0,1225,1,False,0.0,613.0,2.0,1,0,2,[0. 0.],[1 2],,1,0.6,0.7,0.30000000000000004,[1. 1.]
1225,2.0,1226,0,False,0.0,613.0,0.0,1,1,0,[1. 1.],[1 2],0.0,1,0.6,0.7,0.30000000000000004,[1. 1.]
1226,0.0,1227,1,False,0.0,614.0,1.0,1,0,1,[1. 1.],[1 2],0.0,1,0.6,0.7,0.30000000000000004,[1. 1.]
1227,1.0,1228,0,False,1.0,614.0,0.0,1,1,0,[0. 1.],[1 2],1.0,1,0.6,0.7,0.30000000000000004,[1. 1.]
1228,0.0,1229,1,False,0.0,615.0,2.0,1,0,1,[0. 1.],[1 2],1.0,1,0.6,0.7,0.30000000000000004,[1. 1.]
1229,2.0,1230,0,False,0.0,615.0,0.0,1,1,0,[0. 0.],[1 2],0.0,1,0.6,0.7,0.30000000000000004,[1. 1.]
1230,0.0,1231,1,False,0.0,616.0,1.0,1,0,1,[0. 0.],[1 2],0.0,1,0.6,0.7,0.30000000000000004,[1. 1.]
1231,1.0,1232,0,False,0.0,616.0,0.0,1,1,0,[0. 1.],[1 2],1.0,1,0.6,0.7,0.30000000000000004,[1. 1.]
1232,0.0,1233,1,False,0.0,617.0,2.0,1,0,1,[0. 1.],[1 2],1.0,1,0.6,0.7,0.30000000000000004,[1. 1.]
1233,2.0,1234,0,False,0.0,617.0,0.0,1,1,0,[1. 1.],[1 2],,1,0.6,0.7,0.30000000000000004,[1. 1.]
1234,0.0,1235,1,False,0.0,618.0,2.0,1,0,2,[1. 1.],[1 2],,1,0.6,0.7,0.30000000000000004,[1. 1.]
1235,2.0,1236,0,False,1.0,618.0,0.0,1,1,0,[0. 0.],[1 2],,1,0.6,0.7,0.30000000000000004,[1. 1.]
1236,0.0,1237,1,False,0.0,619.0,2.0,1,0,2,[0. 0.],[1 2],,1,0.6,0.7,0.30000000000000004,[1. 1.]
1237,2.0,1238,0,False,0.0,619.0,0.0,1,1,0,[0. 1.],[1 2],1.0,1,0.6,0.7,0.30000000000000004,[1. 1.]
1238,0.0,1239,1,False,0.0,620.0,2.0,1,0,1,[0. 1.],[1 2],1.0,1,0.6,0.7,0.30000000000000004,[1. 1.]
1239,2.0,1240,0,False,0.0,620.0,0.0,1,1,0,[0. 0.],[1 2],,1,0.6,0.7,0.30000000000000004,[1. 1.]
1240,0.0,1241,1,False,0.0,621.0,2.0,1,0,2,[0. 0.],[1 2],,1,0.6,0.7,0.30000000000000004,[1. 1.]
1241,2.0,1242,0,False,0.0,621.0,0.0,1,1,0,[0. 1.],[1 2],0.0,1,0.6,0.7,0.30000000000000004,[1. 1.]
1242,0.0,1243,1,False,0.0,622.0,1.0,1,0,1,[0. 1.],[1 2],0.0,1,0.6,0.7,0.30000000000000004,[1. 1.]
1243,1.0,1244,0,False,0.0,622.0,0.0,1,1,0,[0. 0.],[1 2],1.0,1,0.6,0.7,0.30000000000000004,[1. 1.]
1244,0.0,1245,1,False,0.0,623.0,2.0,1,0,1,[0. 0.],[1 2],1.0,1,0.6,0.7,0.30000000000000004,[1. 1.]
1245,2.0,1246,0,False,0.0,623.0,0.0,1,1,0,[1. 1.],[1 2],0.0,1,0.6,0.7,0.30000000000000004,[1. 1.]
1246,0.0,1247,1,False,0.0,624.0,1.0,1,0,2,[1. 1.],[1 2],0.0,1,0.6,0.7,0.30000000000000004,[1. 1.]
1247,1.0,1248,0,False,1.0,624.0,0.0,1,1,0,[0. 0.],[1 2],,1,0.6,0.7,0.30000000000000004,[1. 1.]
1248,0.0,1249,1,False,0.0,625.0,2.0,1,0,2,[0. 0.],[1 2],,1,0.6,0.7,0.30000000000000004,[1. 1.]
1249,2.0,1250,0,False,0.0,625.0,0.0,1,1,0,[0. 1.],[1 2],0.0,1,0.6,0.7,0.30000000000000004,[1. 1.]
1250,0.0,1251,1,False,0.0,626.0,1.0,1,0,1,[0. 1.],[1 2],0.0,1,0.6,0.7,0.30000000000000004,[1. 1.]
1251,1.0,1252,0,False,0.0,626.0,0.0,1,1,0,[0. 1.],[1 2],0.0,1,0.6,0.7,0.30000000000000004,[1. 1.]
1252,0.0,1253,1,False,0.0,627.0,1.0,1,0,1,[0. 1.],[1 2],0.0,1,0.6,0.7,0.30000000000000004,[1. 1.]
1253,1.0,1254,0,False,0.0,627.0,0.0,1,1,0,[0. 1.],[1 2],,1,0.6,0.7,0.30000000000000004,[1. 1.]
1254,0.0,1255,1,False,0.0,628.0,2.0,1,0,2,[0. 1.],[1 2],,1,0.6,0.7,0.30000000000000004,[1. 1.]
1255,2.0,1256,0,False,1.0,628.0,0.0,1,1,0,[1. 1.],[1 2],,1,0.6,0.7,0.30000000000000004,[1. 1.]
1256,0.0,1257,1,False,0.0,629.0,2.0,1,0,2,[1. 1.],[1 2],,1,0.6,0.7,0.30000000000000004,[1. 1.]
1257,2.0,1258,0,False,1.0,629.0,0.0,1,1,0,[0. 1.],[1 2],0.0,1,0.6,0.7,0.30000000000000004,[1. 1.]
1258,0.0,1259,1,False,0.0,630.0,1.0,1,0,2,[0. 1.],[1 2],0.0,1,0.6,0.7,0.30000000000000004,[1. 1.]
1259,1.0,1260,0,False,1.0,630.0,0.0,1,1,0,[0. 1.],[1 2],1.0,1,0.6,0.7,0.30000000000000004,[1. 1.]
1260,0.0,1261,1,False,0.0,631.0,2.0,1,0,2,[0. 1.],[1 2],1.0,1,0.6,0.7,0.30000000000000004,[1. 1.]
1261,2.0,1262,0,False,1.0,631.0,0.0,1,1,0,[0. 1.],[1 2],,1,0.6,0.7,0.30000000000000004,[1. 1.]
1262,0.0,1263,1,False,0.0,632.0,2.0,1,0,2,[0. 1.],[1 2],,1,0.6,0.7,0.30000000000000004,[1. 1.]
1263,2.0,1264,0,False,1.0,632.0,0.0,1,1,0,[0. 1.],[1 2],0.0,1,0.6,0.7,0.30000000000000004,[1. 1.]
1264,0.0,1265,1,False,0.0,633.0,1.0,1,0,2,[0. 1.],[1 2],0.0,1,0.6,0.7,0.30000000000000004,[1. 1.]
1265,1.0,1266,0,False,1.0,633.0,0.0,1,1,0,[1. 1.],[1 2],0.0,1,0.6,0.7,0.30000000000000004,[1. 1.]
1266,0.0,1267,1,False,0.0,634.0,1.0,1,0,2,[1. 1.],[1 2],0.0,1,0.6,0.7,0.30000000000000004,[1. 1.]
1267,1.0,1268,0,False,1.0,634.0,0.0,1,1,0,[1. 1.],[1 2],1.0,1,0.6,0.7,0.30000000000000004,[1. 1.]
1268,0.0,1269,1,False,0.0,635.0,2.0,1,0,2,[1. 1.],[1 2],1.0,1,0.6,0.7,0.30000000000000004,[1. 1.]
1269,2.0,1270,0,False,1.0,635.0,0.0,1,1,0,[1. 1.],[1 2],,1,0.6,0.7,0.30000000000000004,[1. 1.]
1270,0.0,1271,1,False,0.0,636.0,2.0,1,0,2,[1. 1.],[1 2],,1,0.6,0.7,0.30000000000000004,[1. 1.]
1271,2.0,1272,0,False,1.0,636.0,0.0,1,1,0,[0. 0.],[1 2],0.0,1,0.6,0.7,0.30000000000000004,[1. 1.]
1272,0.0,1273,1,False,0.0,637.0,1.0,1,0,2,[0. 0.],[1 2],0.0,1,0.6,0.7,0.30000000000000004,[1. 1.]
1273,1.0,1274,0,False,0.0,637.0,0.0,1,1,0,[0. 1.],[1 2],1.0,1,0.6,0.7,0.30000000000000004,[1. 1.]
1274,0.0,1275,1,False,0.0,638.0,2.0,1,0,2,[0. 1.],[1 2],1.0,1,0.6,0.7,0.30000000000000004,[1. 1.]
1275,2.0,1276,0,False,1.0,638.0,0.0,1,1,0,[1. 1.],[1 2],,1,0.6,0.7,0.30000000000000004,[1. 1.]
1276,0.0,1277,1,False,0.0,639.0,2.0,1,0,2,[1. 1.],[1 2],,1,0.6,0.7,0.30000000000000004,[1. 1.]
1277,2.0,1278,0,False,1.0,639.0,0.0,1,1,0,[1. 1.],[1 2],,1,0.6,0.7,0.30000000000000004,[1. 1.]
1278,0.0,1279,1,False,0.0,640.0,2.0,1,0,2,[1. 1.],[1 2],,1,0.6,0.7,0.30000000000000004,[1. 1.]
1279,2.0,1280,0,False,1.0,640.0,0.0,1,1,0,[0. 0.],[1 2],,1,0.6,0.7,0.30000000000000004,[1. 1.]
1280,0.0,1281,1,False,0.0,641.0,2.0,1,0,2,[0. 0.],[1 2],,1,0.6,0.7,0.30000000000000004,[1. 1.]
1281,2.0,1282,0,False,0.0,641.0,0.0,1,1,0,[1. 1.],[1 2],0.0,1,0.6,0.7,0.30000000000000004,[1. 1.]
1282,0.0,1283,1,False,0.0,642.0,1.0,1,0,2,[1. 1.],[1 2],0.0,1,0.6,0.7,0.30000000000000004,[1. 1.]
1283,1.0,1284,0,False,1.0,642.0,0.0,1,1,0,[0. 0.],[1 2],,1,0.6,0.7,0.30000000000000004,[1. 1.]
1284,0.0,1285,1,False,0.0,643.0,2.0,1,0,2,[0. 0.],[1 2],,1,0.6,0.7,0.30000000000000004,[1. 1.]
1285,2.0,1286,0,False,0.0,643.0,0.0,1,1,0,[0. 1.],[1 2],,1,0.6,0.7,0.30000000000000004,[1. 1.]
1286,0.0,1287,1,False,0.0,644.0,2.0,1,0,2,[0. 1.],[1 2],,1,0.6,0.7,0.30000000000000004,[1. 1.]
1287,2.0,1288,0,False,1.0,644.0,0.0,1,1,0,[0. 0.],[1 2],0.0,1,0.6,0.7,0.30000000000000004,[1. 1.]
1288,0.0,1289,1,False,0.0,645.0,1.0,1,0,2,[0. 0.],[1 2],0.0,1,0.6,0.7,0.30000000000000004,[1. 1.]
1289,1.0,1290,0,False,0.0,645.0,0.0,1,1,0,[1. 1.],[1 2],,1,0.6,0.7,0.30000000000000004,[1. 1.]
1290,0.0,1291,1,False,0.0,646.0,2.0,1,0,2,[1. 1.],[1 2],,1,0.6,0.7,0.30000000000000004,[1. 1.]
1291,2.0,1292,0,False,1.0,646.0,0.0,1,1,0,[0. 1.],[1 2],,1,0.6,0.7,0.30000000000000004,[1. 1.]
1292,0.0,1293,1,False,0.0,647.0,2.0,1,0,2,[0. 1.],[1 2],,1,0.6,0.7,0.30000000000000004,[1. 1.]
1293,2.0,1294,0,False,1.0,647.0,0.0,1,1,0,[0. 1.],[1 2],,1,0.6,0.7,0.30000000000000004,[1. 1.]
1294,0.0,1295,1,False,0.0,648.0,2.0,1,0,2,[0. 1.],[1 2],,1,0.6,0.7,0.30000000000000004,[1. 1.]
1295,2.0,1296,0,False,1.0,648.0,0.0,1,1,0,[1. 0.],[1 2],,1,0.6,0.7,0.30000000000000004,[1. 1.]
1296,0.0,1297,1,False,0.0,649.0,2.0,1,0,2,[1. 0.],[1 2],,1,0.6,0.7,0.30000000000000004,[1. 1.]
1297,2.0,1298,0,False,0.0,649.0,0.0,1,1,0,[1. 0.],[1 2],1.0,1,0.6,0.7,0.30000000000000004,[1. 1.]
1298,0.0,1299,1,False,0.0,650.0,2.0,1,0,2,[1. 0.],[1 2],1.0,1,0.6,0.7,0.30000000000000004,[1. 1.]
1299,2.0,1300,0,False,0.0,650.0,0.0,1,1,0,[0. 1.],[1 2],1.0,1,0.6,0.7,0.30000000000000004,[1. 1.]
1300,0.0,1301,1,False,0.0,651.0,2.0,1,0,2,[0. 1.],[1 2],1.0,1,0.6,0.7,0.30000000000000004,[1. 1.]
1301,2.0,1302,0,False,1.0,651.0,0.0,1,1,0,[0. 1.],[1 2],1.0,1,0.6,0.7,0.30000000000000004,[1. 1.]
1302,0.0,1303,1,False,0.0,652.0,2.0,1,0,2,[0. 1.],[1 2],1.0,1,0.6,0.7,0.30000000000000004,[1. 1.]
1303,2.0,1304,0,False,1.0,652.0,0.0,1,1,0,[0. 0.],[1 2],1.0,1,0.6,0.7,0.30000000000000004,[1. 1.]
1304,0.0,1305,1,False,0.0,653.0,2.0,1,0,2,[0. 0.],[1 2],1.0,1,0.6,0.7,0.30000000000000004,[1. 1.]
1305,2.0,1306,0,False,0.0,653.0,0.0,1,1,0,[1. 1.],[1 2],,1,0.6,0.7,0.30000000000000004,[1. 1.]
1306,0.0,1307,1,False,0.0,654.0,2.0,1,0,2,[1. 1.],[1 2],,1,0.6,0.7,0.30000000000000004,[1. 1.]
1307,2.0,1308,0,False,1.0,654.0,0.0,1,1,0,[1. 1.],[1 2],0.0,1,0.6,0.7,0.30000000000000004,[1. 1.]
1308,0.0,1309,1,False,0.0,655.0,1.0,1,0,2,[1. 1.],[1 2],0.0,1,0.6,0.7,0.30000000000000004,[1. 1.]
1309,1.0,1310,0,False,1.0,655.0,0.0,1,1,0,[0. 1.],[1 2],0.0,1,0.6,0.7,0.30000000000000004,[1. 1.]
1310,0.0,1311,1,False,0.0,656.0,1.0,1,0,2,[0. 1.],[1 2],0.0,1,0.6,0.7,0.30000000000000004,[1. 1.]
1311,1.0,1312,0,False,1.0,656.0,0.0,1,1,0,[1. 0.],[1 2],0.0,1,0.6,0.7,0.30000000000000004,[1. 1.]
1312,0.0,1313,1,False,0.0,657.0,1.0,1,0,2,[1. 0.],[1 2],0.0,1,0.6,0.7,0.30000000000000004,[1. 1.]
1313,1.0,1314,0,False,0.0,657.0,0.0,1,1,0,[0. 1.],[1 2],0.0,1,0.6,0.7,0.30000000000000004,[1. 1.]
1314,0.0,1315,1,False,0.0,658.0,1.0,1,0,2,[0. 1.],[1 2],0.0,1,0.6,0.7,0.30000000000000004,[1. 1.]
1315,1.0,1316,0,False,1.0,658.0,0.0,1,1,0,[0. 1.],[1 2],0.0,1,0.6,0.7,0.30000000000000004,[1. 1.]
1316,0.0,1317,1,False,0.0,659.0,1.0,1,0,2,[0. 1.],[1 2],0.0,1,0.6,0.7,0.30000000000000004,[1. 1.]
1317,1.0,1318,0,False,1.0,659.0,0.0,1,1,0,[0. 0.],[1 2],,1,0.6,0.7,0.30000000000000004,[1. 1.]
1318,0.0,1319,1,False,0.0,660.0,2.0,1,0,2,[0. 0.],[1 2],,1,0.6,0.7,0.30000000000000004,[1. 1.]
1319,2.0,1320,0,False,0.0,660.0,0.0,1,1,0,[0. 0.],[1 2],1.0,1,0.6,0.7,0.30000000000000004,[1. 1.]
1320,0.0,1321,1,False,0.0,661.0,2.0,1,0,2,[0. 0.],[1 2],1.0,1,0.6,0.7,0.30000000000000004,[1. 1.]
1321,2.0,1322,0,False,0.0,661.0,0.0,1,1,0,[0. 1.],[1 2],1.0,1,0.6,0.7,0.30000000000000004,[1. 1.]
1322,0.0,1323,1,False,0.0,662.0,2.0,1,0,2,[0. 1.],[1 2],1.0,1,0.6,0.7,0.30000000000000004,[1. 1.]
1323,2.0,1324,0,False,1.0,662.0,0.0,1,1,0,[0. 1.],[1 2],1.0,1,0.6,0.7,0.30000000000000004,[1. 1.]
1324,0.0,1325,1,False,0.0,663.0,2.0,1,0,2,[0. 1.],[1 2],1.0,1,0.6,0.7,0.30000000000000004,[1. 1.]
1325,2.0,1326,0,False,1.0,663.0,0.0,1,1,0,[0. 0.],[1 2],,1,0.6,0.7,0.30000000000000004,[1. 1.]
1326,0.0,1327,1,False,0.0,664.0,2.0,1,0,2,[0. 0.],[1 2],,1,0.6,0.7,0.30000000000000004,[1. 1.]
1327,2.0,1328,0,False,0.0,664.0,0.0,1,1,0,[1. 0.],[1 2],1.0,0,0.6,0.7,0.30000000000000004,[1. 1.]
1328,0.0,1329,1,False,0.0,665.0,2.0,1,0,2,[1. 0.],[1 2],1.0,0,0.6,0.7,0.30000000000000004,[1. 1.]
1329,2.0,1330,0,False,0.0,665.0,0.0,1,1,0,[1. 0.],[1 2],0.0,0,0.6,0.7,0.30000000000000004,[1. 1.]
1330,0.0,1331,1,False,0.0,666.0,1.0,1,0,2,[1. 0.],[1 2],0.0,0,0.6,0.7,0.30000000000000004,[1. 1.]
1331,1.0,1332,0,False,0.0,666.0,0.0,1,1,0,[1. 0.],[1 2],1.0,0,0.6,0.7,0.30000000000000004,[1. 1.]
1332,0.0,1333,1,False,0.0,667.0,2.0,1,0,2,[1. 0.],[1 2],1.0,0,0.6,0.7,0.30000000000000004,[1. 1.]
1333,2.0,1334,0,False,0.0,667.0,0.0,1,1,0,[1. 0.],[1 2],,0,0.6,0.7,0.30000000000000004,[1. 1.]
1334,0.0,1335,1,False,0.0,668.0,2.0,1,0,2,[1. 0.],[1 2],,0,0.6,0.7,0.30000000000000004,[1. 1.]
1335,2.0,1336,0,False,0.0,668.0,0.0,1,1,0,[1. 1.],[1 2],0.0,0,0.6,0.7,0.30000000000000004,[1. 1.]
1336,0.0,1337,1,False,0.0,669.0,1.0,1,0,1,[1. 1.],[1 2],0.0,0,0.6,0.7,0.30000000000000004,[1. 1.]
1337,1.0,1338,0,False,1.0,669.0,0.0,1,1,0,[0. 0.],[1 2],0.0,0,0.6,0.7,0.30000000000000004,[1. 1.]
1338,0.0,1339,1,False,0.0,670.0,1.0,1,0,1,[0. 0.],[1 2],0.0,0,0.6,0.7,0.30000000000000004,[1. 1.]
1339,1.0,1340,0,False,0.0,670.0,0.0,1,1,0,[1. 0.],[1 2],1.0,0,0.6,0.7,0.30000000000000004,[1. 1.]
1340,0.0,1341,1,False,0.0,671.0,2.0,1,0,1,[1. 0.],[1 2],1.0,0,0.6,0.7,0.30000000000000004,[1. 1.]
1341,2.0,1342,0,False,1.0,671.0,0.0,1,1,0,[1. 1.],[1 2],1.0,0,0.6,0.7,0.30000000000000004,[1. 1.]
1342,0.0,1343,1,False,0.0,672.0,2.0,1,0,1,[1. 1.],[1 2],1.0,0,0.6,0.7,0.30000000000000004,[1. 1.]
1343,2.0,1344,0,False,1.0,672.0,0.0,1,1,0,[1. 1.],[2 1],,0,0.6,0.7,0.30000000000000004,[1. 1.]
1344,0.0,1345,1,False,0.0,673.0,2.0,1,0,1,[1. 1.],[2 1],,0,0.6,0.7,0.30000000000000004,[1. 1.]
1345,2.0,1346,0,False,1.0,673.0,0.0,1,1,0,[0. 0.],[2 1],0.0,0,0.6,0.7,0.30000000000000004,[1. 1.]
1346,0.0,1347,1,False,0.0,674.0,1.0,1,0,1,[0. 0.],[2 1],0.0,0,0.6,0.7,0.30000000000000004,[1. 1.]
1347,1.0,1348,0,False,0.0,674.0,0.0,1,1,0,[1. 0.],[2 1],0.0,0,0.6,0.7,0.30000000000000004,[1. 1.]
1348,0.0,1349,1,False,0.0,675.0,1.0,1,0,1,[1. 0.],[2 1],0.0,0,0.6,0.7,0.30000000000000004,[1. 1.]
1349,1.0,1350,0,False,0.0,675.0,0.0,1,1,0,[1. 0.],[2 1],,0,0.6,0.7,0.30000000000000004,[1. 1.]
1350,0.0,1351,1,False,0.0,676.0,2.0,1,0,1,[1. 0.],[2 1],,0,0.6,0.7,0.30000000000000004,[1. 1.]
1351,2.0,1352,0,False,0.0,676.0,0.0,1,1,0,[0. 1.],[2 1],1.0,0,0.6,0.7,0.30000000000000004,[1. 1.]
1352,0.0,1353,1,False,0.0,677.0,2.0,1,0,2,[0. 1.],[2 1],1.0,0,0.6,0.7,0.30000000000000004,[1. 1.]
1353,2.0,1354,0,False,0.0,677.0,0.0,1,1,0,[1. 0.],[2 1],1.0,0,0.6,0.7,0.30000000000000004,[1. 1.]
1354,0.0,1355,1,False,0.0,678.0,2.0,1,0,1,[1. 0.],[2 1],1.0,0,0.6,0.7,0.30000000000000004,[1. 1.]
1355,2.0,1356,0,False,0.0,678.0,0.0,1,1,0,[1. 0.],[2 1],1.0,0,0.6,0.7,0.30000000000000004,[1. 1.]
1356,0.0,1357,1,False,0.0,679.0,2.0,1,0,2,[1. 0.],[2 1],1.0,0,0.6,0.7,0.30000000000000004,[1. 1.]
1357,2.0,1358,0,False,1.0,679.0,0.0,1,1,0,[0. 0.],[2 1],,0,0.6,0.7,0.30000000000000004,[1. 1.]
1358,0.0,1359,1,False,0.0,680.0,1.0,1,0,2,[0. 0.],[2 1],,0,0.6,0.7,0.30000000000000004,[1. 1.]
1359,1.0,1360,0,False,0.0,680.0,0.0,1,1,0,[1. 0.],[2 1],,0,0.6,0.7,0.30000000000000004,[1. 1.]
1360,0.0,1361,1,False,0.0,681.0,1.0,1,0,2,[1. 0.],[2 1],,0,0.6,0.7,0.30000000000000004,[1. 1.]
1361,1.0,1362,0,False,1.0,681.0,0.0,1,1,0,[1. 0.],[2 1],0.0,0,0.6,0.7,0.30000000000000004,[1. 1.]
1362,0.0,1363,1,False,0.0,682.0,1.0,1,0,2,[1. 0.],[2 1],0.0,0,0.6,0.7,0.30000000000000004,[1. 1.]
1363,1.0,1364,0,False,1.0,682.0,0.0,1,1,0,[1. 0.],[2 1],1.0,0,0.6,0.7,0.30000000000000004,[1. 1.]
1364,0.0,1365,1,False,0.0,683.0,2.0,1,0,2,[1. 0.],[2 1],1.0,0,0.6,0.7,0.30000000000000004,[1. 1.]
1365,2.0,1366,0,False,1.0,683.0,0.0,1,1,0,[1. 1.],[2 1],0.0,0,0.6,0.7,0.30000000000000004,[1. 1.]
1366,0.0,1367,1,False,0.0,684.0,1.0,1,0,2,[1. 1.],[2 1],0.0,0,0.6,0.7,0.30000000000000004,[1. 1.]
1367,1.0,1368,0,False,1.0,684.0,0.0,1,1,0,[0. 0.],[2 1],,0,0.6,0.7,0.30000000000000004,[1. 1.]
1368,0.0,1369,1,False,0.0,685.0,1.0,1,0,2,[0. 0.],[2 1],,0,0.6,0.7,0.30000000000000004,[1. 1.]
1369,1.0,1370,0,False,0.0,685.0,0.0,1,1,0,[1. 1.],[2 1],1.0,0,0.6,0.7,0.30000000000000004,[1. 1.]
1370,0.0,1371,1,False,0.0,686.0,2.0,1,0,2,[1. 1.],[2 1],1.0,0,0.6,0.7,0.30000000000000004,[1. 1.]
1371,2.0,1372,0,False,1.0,686.0,0.0,1,1,0,[1. 0.],[2 1],1.0,0,0.6,0.7,0.30000000000000004,[1. 1.]
1372,0.0,1373,1,False,0.0,687.0,2.0,1,0,2,[1. 0.],[2 1],1.0,0,0.6,0.7,0.30000000000000004,[1. 1.]
1373,2.0,1374,0,False,1.0,687.0,0.0,1,1,0,[1. 0.],[2 1],0.0,0,0.6,0.7,0.30000000000000004,[1. 1.]
1374,0.0,1375,1,False,0.0,688.0,1.0,1,0,2,[1. 0.],[2 1],0.0,0,0.6,0.7,0.30000000000000004,[1. 1.]
1375,1.0,1376,0,False,1.0,688.0,0.0,1,1,0,[1. 0.],[2 1],1.0,0,0.6,0.7,0.30000000000000004,[1. 1.]
1376,0.0,1377,1,False,0.0,689.0,2.0,1,0,2,[1. 0.],[2 1],1.0,0,0.6,0.7,0.30000000000000004,[1. 1.]
1377,2.0,1378,0,False,1.0,689.0,0.0,1,1,0,[0. 1.],[2 1],,0,0.6,0.7,0.30000000000000004,[1. 1.]
1378,0.0,1379,1,False,0.0,690.0,1.0,1,0,2,[0. 1.],[2 1],,0,0.6,0.7,0.30000000000000004,[1. 1.]
1379,1.0,1380,0,False,0.0,690.0,0.0,1,1,0,[1. 1.],[2 1],1.0,0,0.6,0.7,0.30000000000000004,[1. 1.]
1380,0.0,1381,1,False,0.0,691.0,2.0,1,0,2,[1. 1.],[2 1],1.0,0,0.6,0.7,0.30000000000000004,[1. 1.]
1381,2.0,1382,0,False,1.0,691.0,0.0,1,1,0,[0. 0.],[2 1],,0,0.6,0.7,0.30000000000000004,[1. 1.]
1382,0.0,1383,1,False,0.0,692.0,1.0,1,0,2,[0. 0.],[2 1],,0,0.6,0.7,0.30000000000000004,[1. 1.]
1383,1.0,1384,0,False,0.0,692.0,0.0,1,1,0,[1. 0.],[2 1],0.0,0,0.6,0.7,0.30000000000000004,[1. 1.]
1384,0.0,1385,1,False,0.0,693.0,1.0,1,0,2,[1. 0.],[2 1],0.0,0,0.6,0.7,0.30000000000000004,[1. 1.]
1385,1.0,1386,0,False,1.0,693.0,0.0,1,1,0,[1. 1.],[2 1],1.0,0,0.6,0.7,0.30000000000000004,[1. 1.]
1386,0.0,1387,1,False,0.0,694.0,2.0,1,0,2,[1. 1.],[2 1],1.0,0,0.6,0.7,0.30000000000000004,[1. 1.]
1387,2.0,1388,0,False,1.0,694.0,0.0,1,1,0,[1. 1.],[2 1],,0,0.6,0.7,0.30000000000000004,[1. 1.]
1388,0.0,1389,1,False,0.0,695.0,1.0,1,0,2,[1. 1.],[2 1],,0,0.6,0.7,0.30000000000000004,[1. 1.]
1389,1.0,1390,0,False,1.0,695.0,0.0,1,1,0,[1. 1.],[2 1],,0,0.6,0.7,0.30000000000000004,[1. 1.]
1390,0.0,1391,1,False,0.0,696.0,1.0,1,0,2,[1. 1.],[2 1],,0,0.6,0.7,0.30000000000000004,[1. 1.]
1391,1.0,1392,0,False,1.0,696.0,0.0,1,1,0,[0. 0.],[2 1],1.0,0,0.6,0.7,0.30000000000000004,[1. 1.]
1392,0.0,1393,1,False,0.0,697.0,2.0,1,0,2,[0. 0.],[2 1],1.0,0,0.6,0.7,0.30000000000000004,[1. 1.]
1393,2.0,1394,0,False,0.0,697.0,0.0,1,1,0,[1. 0.],[2 1],0.0,0,0.6,0.7,0.30000000000000004,[1. 1.]
1394,0.0,1395,1,False,0.0,698.0,1.0,1,0,2,[1. 0.],[2 1],0.0,0,0.6,0.7,0.30000000000000004,[1. 1.]
1395,1.0,1396,0,False,1.0,698.0,0.0,1,1,0,[1. 1.],[2 1],0.0,0,0.6,0.7,0.30000000000000004,[1. 1.]
1396,0.0,1397,1,False,0.0,699.0,1.0,1,0,2,[1. 1.],[2 1],0.0,0,0.6,0.7,0.30000000000000004,[1. 1.]
1397,1.0,1398,0,False,1.0,699.0,0.0,1,1,0,[1. 0.],[2 1],1.0,0,0.6,0.7,0.30000000000000004,[1. 1.]
1398,0.0,1399,1,False,0.0,700.0,2.0,1,0,2,[1. 0.],[2 1],1.0,0,0.6,0.7,0.30000000000000004,[1. 1.]
1399,2.0,1400,0,False,1.0,700.0,0.0,1,1,0,[1. 0.],[2 1],0.0,0,0.6,0.7,0.30000000000000004,[1. 1.]
1400,0.0,1401,1,False,0.0,701.0,1.0,1,0,2,[1. 0.],[2 1],0.0,0,0.6,0.7,0.30000000000000004,[1. 1.]
1401,1.0,1402,0,False,1.0,701.0,0.0,1,1,0,[1. 1.],[2 1],,0,0.6,0.7,0.30000000000000004,[1. 1.]
1402,0.0,1403,1,False,0.0,702.0,1.0,1,0,2,[1. 1.],[2 1],,0,0.6,0.7,0.30000000000000004,[1. 1.]
1403,1.0,1404,0,False,1.0,702.0,0.0,1,1,0,[0. 1.],[2 1],1.0,0,0.6,0.7,0.30000000000000004,[1. 1.]
1404,0.0,1405,1,False,0.0,703.0,2.0,1,0,2,[0. 1.],[2 1],1.0,0,0.6,0.7,0.30000000000000004,[1. 1.]
1405,2.0,1406,0,False,0.0,703.0,0.0,1,1,0,[0. 0.],[2 1],,1,0.6,0.7,0.30000000000000004,[1. 1.]
1406,0.0,1407,1,False,0.0,704.0,1.0,1,0,2,[0. 0.],[2 1],,1,0.6,0.7,0.30000000000000004,[1. 1.]
1407,1.0,1408,0,False,0.0,704.0,0.0,1,1,0,[0. 0.],[2 1],,1,0.6,0.7,0.30000000000000004,[1. 1.]
1408,0.0,1409,1,False,0.0,705.0,1.0,1,0,2,[0. 0.],[2 1],,1,0.6,0.7,0.30000000000000004,[1. 1.]
1409,1.0,1410,0,False,0.0,705.0,0.0,1,1,0,[1. 0.],[2 1],,1,0.6,0.7,0.30000000000000004,[1. 1.]
1410,0.0,1411,1,False,0.0,706.0,2.0,1,0,1,[1. 0.],[2 1],,1,0.6,0.7,0.30000000000000004,[1. 1.]
1411,2.0,1412,0,False,0.0,706.0,0.0,1,1,0,[1. 1.],[2 1],1.0,0,0.6,0.7,0.30000000000000004,[1. 1.]
1412,0.0,1413,1,False,0.0,707.0,2.0,1,0,1,[1. 1.],[2 1],1.0,0,0.6,0.7,0.30000000000000004,[1. 1.]
1413,2.0,1414,0,False,1.0,707.0,0.0,1,1,0,[1. 1.],[2 1],0.0,0,0.6,0.7,0.30000000000000004,[1. 1.]
1414,0.0,1415,1,False,0.0,708.0,1.0,1,0,1,[1. 1.],[2 1],0.0,0,0.6,0.7,0.30000000000000004,[1. 1.]
1415,1.0,1416,0,False,1.0,708.0,0.0,1,1,0,[0. 1.],[2 1],,0,0.6,0.7,0.30000000000000004,[1. 1.]
1416,0.0,1417,1,False,0.0,709.0,2.0,1,0,1,[0. 1.],[2 1],,0,0.6,0.7,0.30000000000000004,[1. 1.]
1417,2.0,1418,0,False,1.0,709.0,0.0,1,1,0,[0. 0.],[2 1],0.0,0,0.6,0.7,0.30000000000000004,[1. 1.]
1418,0.0,1419,1,False,0.0,710.0,1.0,1,0,1,[0. 0.],[2 1],0.0,0,0.6,0.7,0.30000000000000004,[1. 1.]
1419,1.0,1420,0,False,0.0,710.0,0.0,1,1,0,[1. 0.],[2 1],1.0,0,0.6,0.7,0.30000000000000004,[1. 1.]
1420,0.0,1421,1,False,0.0,711.0,2.0,1,0,1,[1. 0.],[2 1],1.0,0,0.6,0.7,0.30000000000000004,[1. 1.]
1421,2.0,1422,0,False,0.0,711.0,0.0,1,1,0,[1. 1.],[2 1],1.0,0,0.6,0.7,0.30000000000000004,[1. 1.]
1422,0.0,1423,1,False,0.0,712.0,2.0,1,0,1,[1. 1.],[2 1],1.0,0,0.6,0.7,0.30000000000000004,[1. 1.]
1423,2.0,1424,0,False,1.0,712.0,0.0,1,1,0,[1. 0.],[2 1],,0,0.6,0.7,0.30000000000000004,[1. 1.]
1424,0.0,1425,1,False,0.0,713.0,2.0,1,0,1,[1. 0.],[2 1],,0,0.6,0.7,0.30000000000000004,[1. 1.]
1425,2.0,1426,0,False,0.0,713.0,0.0,1,1,0,[1. 0.],[2 1],,0,0.6,0.7,0.30000000000000004,[1. 1.]
1426,0.0,1427,1,False,0.0,714.0,2.0,1,0,1,[1. 0.],[2 1],,0,0.6,0.7,0.30000000000000004,[1. 1.]
1427,2.0,1428,0,False,0.0,714.0,0.0,1,1,0,[1. 1.],[2 1],1.0,0,0.6,0.7,0.30000000000000004,[1. 1.]
1428,0.0,1429,1,False,0.0,715.0,2.0,1,0,1,[1. 1.],[2 1],1.0,0,0.6,0.7,0.30000000000000004,[1. 1.]
1429,2.0,1430,0,False,1.0,715.0,0.0,1,1,0,[1. 1.],[2 1],,0,0.6,0.7,0.30000000000000004,[1. 1.]
1430,0.0,1431,1,False,0.0,716.0,2.0,1,0,1,[1. 1.],[2 1],,0,0.6,0.7,0.30000000000000004,[1. 1.]
1431,2.0,1432,0,False,1.0,716.0,0.0,1,1,0,[1. 0.],[2 1],,0,0.6,0.7,0.30000000000000004,[1. 1.]
1432,0.0,1433,1,False,0.0,717.0,2.0,1,0,1,[1. 0.],[2 1],,0,0.6,0.7,0.30000000000000004,[1. 1.]
1433,2.0,1434,0,False,0.0,717.0,0.0,1,1,0,[1. 0.],[2 1],1.0,0,0.6,0.7,0.30000000000000004,[1. 1.]
1434,0.0,1435,1,False,0.0,718.0,2.0,1,0,1,[1. 0.],[2 1],1.0,0,0.6,0.7,0.30000000000000004,[1. 1.]
1435,2.0,1436,0,False,0.0,718.0,0.0,1,1,0,[1. 0.],[2 1],,0,0.6,0.7,0.30000000000000004,[1. 1.]
1436,0.0,1437,1,False,0.0,719.0,2.0,1,0,1,[1. 0.],[2 1],,0,0.6,0.7,0.30000000000000004,[1. 1.]
1437,2.0,1438,0,False,0.0,719.0,0.0,1,1,0,[1. 0.],[2 1],,0,0.6,0.7,0.30000000000000004,[1. 1.]
1438,0.0,1439,1,False,0.0,720.0,2.0,1,0,1,[1. 0.],[2 1],,0,0.6,0.7,0.30000000000000004,[1. 1.]
1439,2.0,1440,0,False,0.0,720.0,0.0,1,1,0,[1. 1.],[2 1],0.0,0,0.6,0.7,0.30000000000000004,[1. 1.]
1440,0.0,1441,1,False,0.0,721.0,1.0,1,0,1,[1. 1.],[2 1],0.0,0,0.6,0.7,0.30000000000000004,[1. 1.]
1441,1.0,1442,0,False,1.0,721.0,0.0,1,1,0,[1. 1.],[2 1],,1,0.6,0.7,0.30000000000000004,[1. 1.]
1442,0.0,1443,1,False,0.0,722.0,2.0,1,0,1,[1. 1.],[2 1],,1,0.6,0.7,0.30000000000000004,[1. 1.]
1443,2.0,1444,0,False,1.0,722.0,0.0,1,1,0,[1. 1.],[2 1],1.0,1,0.6,0.7,0.30000000000000004,[1. 1.]
1444,0.0,1445,1,False,0.0,723.0,2.0,1,0,1,[1. 1.],[2 1],1.0,1,0.6,0.7,0.30000000000000004,[1. 1.]
1445,2.0,1446,0,False,1.0,723.0,0.0,1,1,0,[0. 1.],[2 1],1.0,1,0.6,0.7,0.30000000000000004,[1. 1.]
1446,0.0,1447,1,False,0.0,724.0,2.0,1,0,1,[0. 1.],[2 1],1.0,1,0.6,0.7,0.30000000000000004,[1. 1.]
1447,2.0,1448,0,False,1.0,724.0,0.0,1,1,0,[1. 1.],[2 1],1.0,1,0.6,0.7,0.30000000000000004,[1. 1.]
1448,0.0,1449,1,False,0.0,725.0,2.0,1,0,1,[1. 1.],[2 1],1.0,1,0.6,0.7,0.30000000000000004,[1. 1.]
1449,2.0,1450,0,False,1.0,725.0,0.0,1,1,0,[0. 1.],[2 1],1.0,1,0.6,0.7,0.30000000000000004,[1. 1.]
1450,0.0,1451,1,False,0.0,726.0,2.0,1,0,1,[0. 1.],[2 1],1.0,1,0.6,0.7,0.30000000000000004,[1. 1.]
1451,2.0,1452,0,False,1.0,726.0,0.0,1,1,0,[0. 1.],[2 1],,1,0.6,0.7,0.30000000000000004,[1. 1.]
1452,0.0,1453,1,False,0.0,727.0,2.0,1,0,1,[0. 1.],[2 1],,1,0.6,0.7,0.30000000000000004,[1. 1.]
1453,2.0,1454,0,False,1.0,727.0,0.0,1,1,0,[0. 0.],[2 1],,1,0.6,0.7,0.30000000000000004,[1. 1.]
1454,0.0,1455,1,False,0.0,728.0,2.0,1,0,1,[0. 0.],[2 1],,1,0.6,0.7,0.30000000000000004,[1. 1.]
1455,2.0,1456,0,False,0.0,728.0,0.0,1,1,0,[0. 1.],[2 1],1.0,1,0.6,0.7,0.30000000000000004,[1. 1.]
1456,0.0,1457,1,False,0.0,729.0,2.0,1,0,1,[0. 1.],[2 1],1.0,1,0.6,0.7,0.30000000000000004,[1. 1.]
1457,2.0,1458,0,False,1.0,729.0,0.0,1,1,0,[0. 1.],[2 1],,1,0.6,0.7,0.30000000000000004,[1. 1.]
1458,0.0,1459,1,False,0.0,730.0,2.0,1,0,1,[0. 1.],[2 1],,1,0.6,0.7,0.30000000000000004,[1. 1.]
1459,2.0,1460,0,False,1.0,730.0,0.0,1,1,0,[0. 0.],[2 1],0.0,1,0.6,0.7,0.30000000000000004,[1. 1.]
1460,0.0,1461,1,False,0.0,731.0,1.0,1,0,1,[0. 0.],[2 1],0.0,1,0.6,0.7,0.30000000000000004,[1. 1.]
1461,1.0,1462,0,False,0.0,731.0,0.0,1,1,0,[0. 1.],[2 1],0.0,1,0.6,0.7,0.30000000000000004,[1. 1.]
1462,0.0,1463,1,False,0.0,732.0,1.0,1,0,1,[0. 1.],[2 1],0.0,1,0.6,0.7,0.30000000000000004,[1. 1.]
1463,1.0,1464,0,False,1.0,732.0,0.0,1,1,0,[0. 1.],[2 1],1.0,1,0.6,0.7,0.30000000000000004,[1. 1.]
1464,0.0,1465,1,False,0.0,733.0,2.0,1,0,1,[0. 1.],[2 1],1.0,1,0.6,0.7,0.30000000000000004,[1. 1.]
1465,2.0,1466,0,False,1.0,733.0,0.0,1,1,0,[0. 1.],[2 1],1.0,1,0.6,0.7,0.30000000000000004,[1. 1.]
1466,0.0,1467,1,False,0.0,734.0,2.0,1,0,1,[0. 1.],[2 1],1.0,1,0.6,0.7,0.30000000000000004,[1. 1.]
1467,2.0,1468,0,False,1.0,734.0,0.0,1,1,0,[0. 1.],[2 1],1.0,1,0.6,0.7,0.30000000000000004,[1. 1.]
1468,0.0,1469,1,False,0.0,735.0,2.0,1,0,1,[0. 1.],[2 1],1.0,1,0.6,0.7,0.30000000000000004,[1. 1.]
1469,2.0,1470,0,False,1.0,735.0,0.0,1,1,0,[0. 1.],[2 1],0.0,1,0.6,0.7,0.30000000000000004,[1. 1.]
1470,0.0,1471,1,False,0.0,736.0,1.0,1,0,1,[0. 1.],[2 1],0.0,1,0.6,0.7,0.30000000000000004,[1. 1.]
1471,1.0,1472,0,False,1.0,736.0,0.0,1,1,0,[1. 0.],[2 1],,1,0.6,0.7,0.30000000000000004,[1. 1.]
1472,0.0,1473,1,False,0.0,737.0,2.0,1,0,1,[1. 0.],[2 1],,1,0.6,0.7,0.30000000000000004,[1. 1.]
1473,2.0,1474,0,False,0.0,737.0,0.0,1,1,0,[1. 1.],[2 1],1.0,1,0.6,0.7,0.30000000000000004,[1. 1.]
1474,0.0,1475,1,False,0.0,738.0,2.0,1,0,1,[1. 1.],[2 1],1.0,1,0.6,0.7,0.30000000000000004,[1. 1.]
1475,2.0,1476,0,False,1.0,738.0,0.0,1,1,0,[1. 1.],[2 1],1.0,1,0.6,0.7,0.30000000000000004,[1. 1.]
1476,0.0,1477,1,False,0.0,739.0,2.0,1,0,1,[1. 1.],[2 1],1.0,1,0.6,0.7,0.30000000000000004,[1. 1.]
1477,2.0,1478,0,False,1.0,739.0,0.0,1,1,0,[0. 1.],[2 1],1.0,1,0.6,0.7,0.30000000000000004,[1. 1.]
1478,0.0,1479,1,False,0.0,740.0,2.0,1,0,1,[0. 1.],[2 1],1.0,1,0.6,0.7,0.30000000000000004,[1. 1.]
1479,2.0,1480,0,False,1.0,740.0,0.0,1,1,0,[0. 0.],[2 1],0.0,1,0.6,0.7,0.30000000000000004,[1. 1.]
1480,0.0,1481,1,False,0.0,741.0,1.0,1,0,1,[0. 0.],[2 1],0.0,1,0.6,0.7,0.30000000000000004,[1. 1.]
1481,1.0,1482,0,False,0.0,741.0,0.0,1,1,0,[0. 1.],[2 1],,1,0.6,0.7,0.30000000000000004,[1. 1.]
1482,0.0,1483,1,False,0.0,742.0,2.0,1,0,1,[0. 1.],[2 1],,1,0.6,0.7,0.30000000000000004,[1. 1.]
1483,2.0,1484,0,False,1.0,742.0,0.0,1,1,0,[0. 0.],[2 1],,1,0.6,0.7,0.30000000000000004,[1. 1.]
1484,0.0,1485,1,False,0.0,743.0,2.0,1,0,1,[0. 0.],[2 1],,1,0.6,0.7,0.30000000000000004,[1. 1.]
1485,2.0,1486,0,False,0.0,743.0,0.0,1,1,0,[0. 0.],[2 1],0.0,1,0.6,0.7,0.30000000000000004,[1. 1.]
1486,0.0,1487,1,False,0.0,744.0,1.0,1,0,1,[0. 0.],[2 1],0.0,1,0.6,0.7,0.30000000000000004,[1. 1.]
1487,1.0,1488,0,False,0.0,744.0,0.0,1,1,0,[0. 1.],[2 1],0.0,1,0.6,0.7,0.30000000000000004,[1. 1.]
1488,0.0,1489,1,False,0.0,745.0,1.0,1,0,1,[0. 1.],[2 1],0.0,1,0.6,0.7,0.30000000000000004,[1. 1.]
1489,1.0,1490,0,False,1.0,745.0,0.0,1,1,0,[1. 1.],[2 1],,1,0.6,0.7,0.30000000000000004,[1. 1.]
1490,0.0,1491,1,False,0.0,746.0,2.0,1,0,1,[1. 1.],[2 1],,1,0.6,0.7,0.30000000000000004,[1. 1.]
1491,2.0,1492,0,False,1.0,746.0,0.0,1,1,0,[0. 1.],[2 1],,1,0.6,0.7,0.30000000000000004,[1. 1.]
1492,0.0,1493,1,False,0.0,747.0,2.0,1,0,1,[0. 1.],[2 1],,1,0.6,0.7,0.30000000000000004,[1. 1.]
1493,2.0,1494,0,False,1.0,747.0,0.0,1,1,0,[0. 1.],[2 1],,1,0.6,0.7,0.30000000000000004,[1. 1.]
1494,0.0,1495,1,False,0.0,748.0,2.0,1,0,1,[0. 1.],[2 1],,1,0.6,0.7,0.30000000000000004,[1. 1.]
1495,2.0,1496,0,False,1.0,748.0,0.0,1,1,0,[0. 0.],[2 1],1.0,1,0.6,0.7,0.30000000000000004,[1. 1.]
1496,0.0,1497,1,False,0.0,749.0,2.0,1,0,1,[0. 0.],[2 1],1.0,1,0.6,0.7,0.30000000000000004,[1. 1.]
1497,2.0,1498,0,False,0.0,749.0,0.0,1,1,0,[1. 1.],[2 1],1.0,1,0.6,0.7,0.30000000000000004,[1. 1.]
1498,0.0,1499,1,False,0.0,750.0,2.0,1,0,1,[1. 1.],[2 1],1.0,1,0.6,0.7,0.30000000000000004,[1. 1.]
1499,2.0,1500,0,False,1.0,750.0,0.0,1,1,0,[1. 1.],[2 1],0.0,1,0.6,0.7,0.30000000000000004,[1. 1.]
1500,0.0,1501,1,False,0.0,751.0,1.0,1,0,1,[1. 1.],[2 1],0.0,1,0.6,0.7,0.30000000000000004,[1. 1.]
1501,1.0,1502,0,False,1.0,751.0,0.0,1,1,0,[0. 0.],[2 1],,1,0.6,0.7,0.30000000000000004,[1. 1.]
1502,0.0,1503,1,False,0.0,752.0,2.0,1,0,1,[0. 0.],[2 1],,1,0.6,0.7,0.30000000000000004,[1. 1.]
1503,2.0,1504,0,False,0.0,752.0,0.0,1,1,0,[0. 1.],[1 2],1.0,1,0.6,0.7,0.30000000000000004,[1. 1.]
1504,0.0,1505,1,False,0.0,753.0,2.0,1,0,1,[0. 1.],[1 2],1.0,1,0.6,0.7,0.30000000000000004,[1. 1.]
1505,2.0,1506,0,False,0.0,753.0,0.0,1,1,0,[0. 1.],[1 2],,1,0.6,0.7,0.30000000000000004,[1. 1.]
1506,0.0,1507,1,False,0.0,754.0,1.0,1,0,1,[0. 1.],[1 2],,1,0.6,0.7,0.30000000000000004,[1. 1.]
1507,1.0,1508,0,False,0.0,754.0,0.0,1,1,0,[0. 1.],[1 2],1.0,1,0.6,0.7,0.30000000000000004,[1. 1.]
1508,0.0,1509,1,False,0.0,755.0,2.0,1,0,1,[0. 1.],[1 2],1.0,1,0.6,0.7,0.30000000000000004,[1. 1.]
1509,2.0,1510,0,False,0.0,755.0,0.0,1,1,0,[0. 1.],[1 2],1.0,1,0.6,0.7,0.30000000000000004,[1. 1.]
1510,0.0,1511,1,False,0.0,756.0,2.0,1,0,2,[0. 1.],[1 2],1.0,1,0.6,0.7,0.30000000000000004,[1. 1.]
1511,2.0,1512,0,False,1.0,756.0,0.0,1,1,0,[0. 1.],[1 2],0.0,1,0.6,0.7,0.30000000000000004,[1. 1.]
1512,0.0,1513,1,False,0.0,757.0,1.0,1,0,2,[0. 1.],[1 2],0.0,1,0.6,0.7,0.30000000000000004,[1. 1.]
1513,1.0,1514,0,False,1.0,757.0,0.0,1,1,0,[0. 1.],[1 2],,1,0.6,0.7,0.30000000000000004,[1. 1.]
1514,0.0,1515,1,False,0.0,758.0,2.0,1,0,2,[0. 1.],[1 2],,1,0.6,0.7,0.30000000000000004,[1. 1.]
1515,2.0,1516,0,False,1.0,758.0,0.0,1,1,0,[0. 1.],[1 2],0.0,1,0.6,0.7,0.30000000000000004,[1. 1.]
1516,0.0,1517,1,False,0.0,759.0,1.0,1,0,2,[0. 1.],[1 2],0.0,1,0.6,0.7,0.30000000000000004,[1. 1.]
1517,1.0,1518,0,False,1.0,759.0,0.0,1,1,0,[0. 1.],[1 2],1.0,1,0.6,0.7,0.30000000000000004,[1. 1.]
1518,0.0,1519,1,False,0.0,760.0,2.0,1,0,2,[0. 1.],[1 2],1.0,1,0.6,0.7,0.30000000000000004,[1. 1.]
1519,2.0,1520,0,False,1.0,760.0,0.0,1,1,0,[0. 0.],[1 2],,0,0.6,0.7,0.30000000000000004,[1. 1.]
1520,0.0,1521,1,False,0.0,761.0,2.0,1,0,2,[0. 0.],[1 2],,0,0.6,0.7,0.30000000000000004,[1. 1.]
1521,2.0,1522,0,False,0.0,761.0,0.0,1,1,0,[0. 1.],[1 2],1.0,0,0.6,0.7,0.30000000000000004,[1. 1.]
1522,0.0,1523,1,False,0.0,762.0,2.0,1,0,2,[0. 1.],[1 2],1.0,0,0.6,0.7,0.30000000000000004,[1. 1.]
1523,2.0,1524,0,False,1.0,762.0,0.0,1,1,0,[0. 0.],[1 2],1.0,0,0.6,0.7,0.30000000000000004,[1. 1.]
1524,0.0,1525,1,False,0.0,763.0,2.0,1,0,2,[0. 0.],[1 2],1.0,0,0.6,0.7,0.30000000000000004,[1. 1.]
1525,2.0,1526,0,False,0.0,763.0,0.0,1,1,0,[1. 1.],[1 2],1.0,0,0.6,0.7,0.30000000000000004,[1. 1.]
1526,0.0,1527,1,False,0.0,764.0,2.0,1,0,2,[1. 1.],[1 2],1.0,0,0.6,0.7,0.30000000000000004,[1. 1.]
1527,2.0,1528,0,False,1.0,764.0,0.0,1,1,0,[1. 1.],[1 2],,0,0.6,0.7,0.30000000000000004,[1. 1.]
1528,0.0,1529,1,False,0.0,765.0,2.0,1,0,2,[1. 1.],[1 2],,0,0.6,0.7,0.30000000000000004,[1. 1.]
1529,2.0,1530,0,False,1.0,765.0,0.0,1,1,0,[1. 0.],[1 2],0.0,0,0.6,0.7,0.30000000000000004,[1. 1.]
1530,0.0,1531,1,False,0.0,766.0,1.0,1,0,2,[1. 0.],[1 2],0.0,0,0.6,0.7,0.30000000000000004,[1. 1.]
1531,1.0,1532,0,False,0.0,766.0,0.0,1,1,0,[0. 1.],[1 2],0.0,0,0.6,0.7,0.30000000000000004,[1. 1.]
1532,0.0,1533,1,False,0.0,767.0,1.0,1,0,2,[0. 1.],[1 2],0.0,0,0.6,0.7,0.30000000000000004,[1. 1.]
1533,1.0,1534,0,False,1.0,767.0,0.0,1,1,0,[0. 1.],[1 2],0.0,0,0.6,0.7,0.30000000000000004,[1. 1.]
1534,0.0,1535,1,False,0.0,768.0,1.0,1,0,2,[0. 1.],[1 2],0.0,0,0.6,0.7,0.30000000000000004,[1. 1.]
1535,1.0,1536,0,False,1.0,768.0,0.0,1,1,0,[1. 0.],[1 2],,0,0.6,0.7,0.30000000000000004,[1. 1.]
1536,0.0,1537,1,False,0.0,769.0,2.0,1,0,2,[1. 0.],[1 2],,0,0.6,0.7,0.30000000000000004,[1. 1.]
1537,2.0,1538,0,False,0.0,769.0,0.0,1,1,0,[1. 0.],[1 2],1.0,0,0.6,0.7,0.30000000000000004,[1. 1.]
1538,0.0,1539,1,False,0.0,770.0,2.0,1,0,2,[1. 0.],[1 2],1.0,0,0.6,0.7,0.30000000000000004,[1. 1.]
1539,2.0,1540,0,False,0.0,770.0,0.0,1,1,0,[1. 1.],[1 2],0.0,0,0.6,0.7,0.30000000000000004,[1. 1.]
1540,0.0,1541,1,False,0.0,771.0,1.0,1,0,2,[1. 1.],[1 2],0.0,0,0.6,0.7,0.30000000000000004,[1. 1.]
1541,1.0,1542,0,False,1.0,771.0,0.0,1,1,0,[0. 0.],[1 2],1.0,0,0.6,0.7,0.30000000000000004,[1. 1.]
1542,0.0,1543,1,False,0.0,772.0,2.0,1,0,2,[0. 0.],[1 2],1.0,0,0.6,0.7,0.30000000000000004,[1. 1.]
1543,2.0,1544,0,False,0.0,772.0,0.0,1,1,0,[1. 0.],[1 2],0.0,0,0.6,0.7,0.30000000000000004,[1. 1.]
1544,0.0,1545,1,False,0.0,773.0,1.0,1,0,2,[1. 0.],[1 2],0.0,0,0.6,0.7,0.30000000000000004,[1. 1.]
1545,1.0,1546,0,False,0.0,773.0,0.0,1,1,0,[1. 0.],[1 2],,0,0.6,0.7,0.30000000000000004,[1. 1.]
1546,0.0,1547,1,False,0.0,774.0,2.0,1,0,2,[1. 0.],[1 2],,0,0.6,0.7,0.30000000000000004,[1. 1.]
1547,2.0,1548,0,False,0.0,774.0,0.0,1,1,0,[0. 0.],[1 2],0.0,0,0.6,0.7,0.30000000000000004,[1. 1.]
1548,0.0,1549,1,False,0.0,775.0,1.0,1,0,1,[0. 0.],[1 2],0.0,0,0.6,0.7,0.30000000000000004,[1. 1.]
1549,1.0,1550,0,False,0.0,775.0,0.0,1,1,0,[1. 1.],[1 2],,0,0.6,0.7,0.30000000000000004,[1. 1.]
1550,0.0,1551,1,False,0.0,776.0,2.0,1,0,2,[1. 1.],[1 2],,0,0.6,0.7,0.30000000000000004,[1. 1.]
1551,2.0,1552,0,False,1.0,776.0,0.0,1,1,0,[0. 0.],[1 2],0.0,0,0.6,0.7,0.30000000000000004,[1. 1.]
1552,0.0,1553,1,False,0.0,777.0,1.0,1,0,2,[0. 0.],[1 2],0.0,0,0.6,0.7,0.30000000000000004,[1. 1.]
1553,1.0,1554,0,False,0.0,777.0,0.0,1,1,0,[0. 1.],[1 2],0.0,0,0.6,0.7,0.30000000000000004,[1. 1.]
1554,0.0,1555,1,False,0.0,778.0,1.0,1,0,2,[0. 1.],[1 2],0.0,0,0.6,0.7,0.30000000000000004,[1. 1.]
1555,1.0,1556,0,False,1.0,778.0,0.0,1,1,0,[1. 0.],[1 2],,0,0.6,0.7,0.30000000000000004,[1. 1.]
1556,0.0,1557,1,False,0.0,779.0,2.0,1,0,2,[1. 0.],[1 2],,0,0.6,0.7,0.30000000000000004,[1. 1.]
1557,2.0,1558,0,False,0.0,779.0,0.0,1,1,0,[0. 1.],[1 2],,1,0.6,0.7,0.30000000000000004,[1. 1.]
1558,0.0,1559,1,False,0.0,780.0,2.0,1,0,2,[0. 1.],[1 2],,1,0.6,0.7,0.30000000000000004,[1. 1.]
1559,2.0,1560,0,False,1.0,780.0,0.0,1,1,0,[0. 1.],[1 2],0.0,1,0.6,0.7,0.30000000000000004,[1. 1.]
1560,0.0,1561,1,False,0.0,781.0,1.0,1,0,2,[0. 1.],[1 2],0.0,1,0.6,0.7,0.30000000000000004,[1. 1.]
1561,1.0,1562,0,False,1.0,781.0,0.0,1,1,0,[0. 0.],[1 2],,1,0.6,0.7,0.30000000000000004,[1. 1.]
1562,0.0,1563,1,False,0.0,782.0,2.0,1,0,2,[0. 0.],[1 2],,1,0.6,0.7,0.30000000000000004,[1. 1.]
1563,2.0,1564,0,False,0.0,782.0,0.0,1,1,0,[0. 1.],[1 2],1.0,1,0.6,0.7,0.30000000000000004,[1. 1.]
1564,0.0,1565,1,False,0.0,783.0,2.0,1,0,2,[0. 1.],[1 2],1.0,1,0.6,0.7,0.30000000000000004,[1. 1.]
1565,2.0,1566,0,False,1.0,783.0,0.0,1,1,0,[0. 1.],[1 2],,1,0.6,0.7,0.30000000000000004,[1. 1.]
1566,0.0,1567,1,False,0.0,784.0,2.0,1,0,2,[0. 1.],[1 2],,1,0.6,0.7,0.30000000000000004,[1. 1.]
1567,2.0,1568,0,False,1.0,784.0,0.0,1,1,0,[0. 1.],[1 2],0.0,1,0.6,0.7,0.30000000000000004,[1. 1.]
1568,0.0,1569,1,False,0.0,785.0,1.0,1,0,2,[0. 1.],[1 2],0.0,1,0.6,0.7,0.30000000000000004,[1. 1.]
1569,1.0,1570,0,False,1.0,785.0,0.0,1,1,0,[1. 1.],[1 2],,1,0.6,0.7,0.30000000000000004,[1. 1.]
1570,0.0,1571,1,False,0.0,786.0,2.0,1,0,2,[1. 1.],[1 2],,1,0.6,0.7,0.30000000000000004,[1. 1.]
1571,2.0,1572,0,False,1.0,786.0,0.0,1,1,0,[0. 0.],[1 2],1.0,1,0.6,0.7,0.30000000000000004,[1. 1.]
1572,0.0,1573,1,False,0.0,787.0,2.0,1,0,2,[0. 0.],[1 2],1.0,1,0.6,0.7,0.30000000000000004,[1. 1.]
1573,2.0,1574,0,False,0.0,787.0,0.0,1,1,0,[1. 1.],[1 2],,1,0.6,0.7,0.30000000000000004,[1. 1.]
1574,0.0,1575,1,False,0.0,788.0,2.0,1,0,2,[1. 1.],[1 2],,1,0.6,0.7,0.30000000000000004,[1. 1.]
1575,2.0,1576,0,False,1.0,788.0,0.0,1,1,0,[0. 1.],[1 2],0.0,1,0.6,0.7,0.30000000000000004,[1. 1.]
1576,0.0,1577,1,False,0.0,789.0,1.0,1,0,2,[0. 1.],[1 2],0.0,1,0.6,0.7,0.30000000000000004,[1. 1.]
1577,1.0,1578,0,False,1.0,789.0,0.0,1,1,0,[0. 1.],[1 2],1.0,1,0.6,0.7,0.30000000000000004,[1. 1.]
1578,0.0,1579,1,False,0.0,790.0,2.0,1,0,2,[0. 1.],[1 2],1.0,1,0.6,0.7,0.30000000000000004,[1. 1.]
1579,2.0,1580,0,False,1.0,790.0,0.0,1,1,0,[1. 0.],[1 2],,1,0.6,0.7,0.30000000000000004,[1. 1.]
1580,0.0,1581,1,False,0.0,791.0,2.0,1,0,2,[1. 0.],[1 2],,1,0.6,0.7,0.30000000000000004,[1. 1.]
1581,2.0,1582,0,False,0.0,791.0,0.0,1,1,0,[0. 0.],[1 2],0.0,1,0.6,0.7,0.30000000000000004,[1. 1.]
1582,0.0,1583,1,False,0.0,792.0,1.0,1,0,2,[0. 0.],[1 2],0.0,1,0.6,0.7,0.30000000000000004,[1. 1.]
1583,1.0,1584,0,False,0.0,792.0,0.0,1,1,0,[1. 0.],[1 2],,1,0.6,0.7,0.30000000000000004,[1. 1.]
1584,0.0,1585,1,False,0.0,793.0,2.0,1,0,2,[1. 0.],[1 2],,1,0.6,0.7,0.30000000000000004,[1. 1.]
1585,2.0,1586,0,False,0.0,793.0,0.0,1,1,0,[0. 0.],[1 2],0.0,1,0.6,0.7,0.30000000000000004,[1. 1.]
1586,0.0,1587,1,False,0.0,794.0,1.0,1,0,2,[0. 0.],[1 2],0.0,1,0.6,0.7,0.30000000000000004,[1. 1.]
1587,1.0,1588,0,False,0.0,794.0,0.0,1,1,0,[0. 1.],[1 2],0.0,1,0.6,0.7,0.30000000000000004,[1. 1.]
1588,0.0,1589,1,False,0.0,795.0,1.0,1,0,2,[0. 1.],[1 2],0.0,1,0.6,0.7,0.30000000000000004,[1. 1.]
1589,1.0,1590,0,False,1.0,795.0,0.0,1,1,0,[0. 1.],[1 2],1.0,1,0.6,0.7,0.30000000000000004,[1. 1.]
1590,0.0,1591,1,False,0.0,796.0,2.0,1,0,1,[0. 1.],[1 2],1.0,1,0.6,0.7,0.30000000000000004,[1. 1.]
1591,2.0,1592,0,False,0.0,796.0,0.0,1,1,0,[0. 1.],[1 2],,1,0.6,0.7,0.30000000000000004,[1. 1.]
1592,0.0,1593,1,False,0.0,797.0,2.0,1,0,2,[0. 1.],[1 2],,1,0.6,0.7,0.30000000000000004,[1. 1.]
1593,2.0,1594,0,False,1.0,797.0,0.0,1,1,0,[0. 0.],[1 2],1.0,1,0.6,0.7,0.30000000000000004,[1. 1.]
1594,0.0,1595,1,False,0.0,798.0,2.0,1,0,2,[0. 0.],[1 2],1.0,1,0.6,0.7,0.30000000000000004,[1. 1.]
1595,2.0,1596,0,False,0.0,798.0,0.0,1,1,0,[0. 1.],[1 2],0.0,1,0.6,0.7,0.30000000000000004,[1. 1.]
1596,0.0,1597,1,False,0.0,799.0,1.0,1,0,2,[0. 1.],[1 2],0.0,1,0.6,0.7,0.30000000000000004,[1. 1.]
1597,1.0,1598,0,False,1.0,799.0,0.0,1,1,0,[1. 1.],[1 2],,1,0.6,0.7,0.30000000000000004,[1. 1.]
1598,0.0,1599,1,False,0.0,800.0,2.0,1,0,2,[1. 1.],[1 2],,1,0.6,0.7,0.30000000000000004,[1. 1.]
1599,2.0,1600,0,False,1.0,800.0,0.0,1,1,0,[0. 1.],[1 2],1.0,1,0.6,0.7,0.30000000000000004,[1. 1.]
1600,0.0,1601,1,False,0.0,801.0,2.0,1,0,2,[0. 1.],[1 2],1.0,1,0.6,0.7,0.30000000000000004,[1. 1.]
1601,2.0,1602,0,False,1.0,801.0,0.0,1,1,0,[1. 0.],[1 2],0.0,1,0.6,0.7,0.30000000000000004,[1. 1.]
1602,0.0,1603,1,False,0.0,802.0,1.0,1,0,2,[1. 0.],[1 2],0.0,1,0.6,0.7,0.30000000000000004,[1. 1.]
1603,1.0,1604,0,False,0.0,802.0,0.0,1,1,0,[0. 1.],[1 2],1.0,1,0.6,0.7,0.30000000000000004,[1. 1.]
1604,0.0,1605,1,False,0.0,803.0,2.0,1,0,2,[0. 1.],[1 2],1.0,1,0.6,0.7,0.30000000000000004,[1. 1.]
1605,2.0,1606,0,False,1.0,803.0,0.0,1,1,0,[0. 1.],[1 2],0.0,1,0.6,0.7,0.30000000000000004,[1. 1.]
1606,0.0,1607,1,False,0.0,804.0,1.0,1,0,2,[0. 1.],[1 2],0.0,1,0.6,0.7,0.30000000000000004,[1. 1.]
1607,1.0,1608,0,False,1.0,804.0,0.0,1,1,0,[1. 1.],[1 2],0.0,1,0.6,0.7,0.30000000000000004,[1. 1.]
1608,0.0,1609,1,False,0.0,805.0,1.0,1,0,2,[1. 1.],[1 2],0.0,1,0.6,0.7,0.30000000000000004,[1. 1.]
1609,1.0,1610,0,False,1.0,805.0,0.0,1,1,0,[0. 1.],[1 2],1.0,1,0.6,0.7,0.30000000000000004,[1. 1.]
1610,0.0,1611,1,False,0.0,806.0,2.0,1,0,2,[0. 1.],[1 2],1.0,1,0.6,0.7,0.30000000000000004,[1. 1.]
1611,2.0,1612,0,False,1.0,806.0,0.0,1,1,0,[1. 1.],[1 2],,1,0.6,0.7,0.30000000000000004,[1. 1.]
1612,0.0,1613,1,False,0.0,807.0,2.0,1,0,2,[1. 1.],[1 2],,1,0.6,0.7,0.30000000000000004,[1. 1.]
1613,2.0,1614,0,False,1.0,807.0,0.0,1,1,0,[0. 0.],[1 2],0.0,1,0.6,0.7,0.30000000000000004,[1. 1.]
1614,0.0,1615,1,False,0.0,808.0,1.0,1,0,2,[0. 0.],[1 2],0.0,1,0.6,0.7,0.30000000000000004,[1. 1.]
1615,1.0,1616,0,False,0.0,808.0,0.0,1,1,0,[1. 1.],[1 2],1.0,1,0.6,0.7,0.30000000000000004,[1. 1.]
1616,0.0,1617,1,False,0.0,809.0,2.0,1,0,2,[1. 1.],[1 2],1.0,1,0.6,0.7,0.30000000000000004,[1. 1.]
1617,2.0,1618,0,False,1.0,809.0,0.0,1,1,0,[0. 0.],[1 2],1.0,1,0.6,0.7,0.30000000000000004,[1. 1.]
1618,0.0,1619,1,False,0.0,810.0,2.0,1,0,2,[0. 0.],[1 2],1.0,1,0.6,0.7,0.30000000000000004,[1. 1.]
1619,2.0,1620,0,False,0.0,810.0,0.0,1,1,0,[0. 1.],[1 2],0.0,1,0.6,0.7,0.30000000000000004,[1. 1.]
1620,0.0,1621,1,False,0.0,811.0,1.0,1,0,2,[0. 1.],[1 2],0.0,1,0.6,0.7,0.30000000000000004,[1. 1.]
1621,1.0,1622,0,False,1.0,811.0,0.0,1,1,0,[0. 1.],[1 2],,1,0.6,0.7,0.30000000000000004,[1. 1.]
1622,0.0,1623,1,False,0.0,812.0,2.0,1,0,2,[0. 1.],[1 2],,1,0.6,0.7,0.30000000000000004,[1. 1.]
1623,2.0,1624,0,False,1.0,812.0,0.0,1,1,0,[1. 1.],[1 2],,1,0.6,0.7,0.30000000000000004,[1. 1.]
1624,0.0,1625,1,False,0.0,813.0,2.0,1,0,2,[1. 1.],[1 2],,1,0.6,0.7,0.30000000000000004,[1. 1.]
1625,2.0,1626,0,False,1.0,813.0,0.0,1,1,0,[0. 1.],[1 2],0.0,1,0.6,0.7,0.30000000000000004,[1. 1.]
1626,0.0,1627,1,False,0.0,814.0,1.0,1,0,2,[0. 1.],[1 2],0.0,1,0.6,0.7,0.30000000000000004,[1. 1.]
1627,1.0,1628,0,False,1.0,814.0,0.0,1,1,0,[0. 1.],[1 2],0.0,1,0.6,0.7,0.30000000000000004,[1. 1.]
1628,0.0,1629,1,False,0.0,815.0,1.0,1,0,2,[0. 1.],[1 2],0.0,1,0.6,0.7,0.30000000000000004,[1. 1.]
1629,1.0,1630,0,False,1.0,815.0,0.0,1,1,0,[0. 1.],[1 2],0.0,1,0.6,0.7,0.30000000000000004,[1. 1.]
1630,0.0,1631,1,False,0.0,816.0,1.0,1,0,2,[0. 1.],[1 2],0.0,1,0.6,0.7,0.30000000000000004,[1. 1.]
1631,1.0,1632,0,False,1.0,816.0,0.0,1,1,0,[0. 1.],[1 2],0.0,1,0.6,0.7,0.30000000000000004,[1. 1.]
1632,0.0,1633,1,False,0.0,817.0,1.0,1,0,2,[0. 1.],[1 2],0.0,1,0.6,0.7,0.30000000000000004,[1. 1.]
1633,1.0,1634,0,False,1.0,817.0,0.0,1,1,0,[0. 0.],[1 2],0.0,1,0.6,0.7,0.30000000000000004,[1. 1.]
1634,0.0,1635,1,False,0.0,818.0,1.0,1,0,2,[0. 0.],[1 2],0.0,1,0.6,0.7,0.30000000000000004,[1. 1.]
1635,1.0,1636,0,False,0.0,818.0,0.0,1,1,0,[0. 1.],[1 2],0.0,1,0.6,0.7,0.30000000000000004,[1. 1.]
1636,0.0,1637,1,False,0.0,819.0,1.0,1,0,2,[0. 1.],[1 2],0.0,1,0.6,0.7,0.30000000000000004,[1. 1.]
1637,1.0,1638,0,False,1.0,819.0,0.0,1,1,0,[0. 0.],[1 2],1.0,1,0.6,0.7,0.30000000000000004,[1. 1.]
1638,0.0,1639,1,False,0.0,820.0,2.0,1,0,2,[0. 0.],[1 2],1.0,1,0.6,0.7,0.30000000000000004,[1. 1.]
1639,2.0,1640,0,False,0.0,820.0,0.0,1,1,0,[0. 0.],[1 2],1.0,1,0.6,0.7,0.30000000000000004,[1. 1.]
1640,0.0,1641,1,False,0.0,821.0,2.0,1,0,2,[0. 0.],[1 2],1.0,1,0.6,0.7,0.30000000000000004,[1. 1.]
1641,2.0,1642,0,False,0.0,821.0,0.0,1,1,0,[0. 1.],[1 2],0.0,1,0.6,0.7,0.30000000000000004,[1. 1.]
1642,0.0,1643,1,False,0.0,822.0,1.0,1,0,2,[0. 1.],[1 2],0.0,1,0.6,0.7,0.30000000000000004,[1. 1.]
1643,1.0,1644,0,False,1.0,822.0,0.0,1,1,0,[0. 1.],[1 2],,1,0.6,0.7,0.30000000000000004,[1. 1.]
1644,0.0,1645,1,False,0.0,823.0,2.0,1,0,2,[0. 1.],[1 2],,1,0.6,0.7,0.30000000000000004,[1. 1.]
1645,2.0,1646,0,False,1.0,823.0,0.0,1,1,0,[1. 1.],[1 2],1.0,1,0.6,0.7,0.30000000000000004,[1. 1.]
1646,0.0,1647,1,False,0.0,824.0,2.0,1,0,2,[1. 1.],[1 2],1.0,1,0.6,0.7,0.30000000000000004,[1. 1.]
1647,2.0,1648,0,False,1.0,824.0,0.0,1,1,0,[0. 1.],[1 2],,1,0.6,0.7,0.30000000000000004,[1. 1.]
1648,0.0,1649,1,False,0.0,825.0,2.0,1,0,2,[0. 1.],[1 2],,1,0.6,0.7,0.30000000000000004,[1. 1.]
1649,2.0,1650,0,False,1.0,825.0,0.0,1,1,0,[0. 1.],[1 2],0.0,1,0.6,0.7,0.30000000000000004,[1. 1.]
1650,0.0,1651,1,False,0.0,826.0,1.0,1,0,2,[0. 1.],[1 2],0.0,1,0.6,0.7,0.30000000000000004,[1. 1.]
1651,1.0,1652,0,False,1.0,826.0,0.0,1,1,0,[1. 1.],[1 2],,1,0.6,0.7,0.30000000000000004,[1. 1.]
1652,0.0,1653,1,False,0.0,827.0,2.0,1,0,2,[1. 1.],[1 2],,1,0.6,0.7,0.30000000000000004,[1. 1.]
1653,2.0,1654,0,False,1.0,827.0,0.0,1,1,0,[1. 0.],[1 2],1.0,1,0.6,0.7,0.30000000000000004,[1. 1.]
1654,0.0,1655,1,False,0.0,828.0,2.0,1,0,2,[1. 0.],[1 2],1.0,1,0.6,0.7,0.30000000000000004,[1. 1.]
1655,2.0,1656,0,False,0.0,828.0,0.0,1,1,0,[0. 1.],[1 2],1.0,1,0.6,0.7,0.30000000000000004,[1. 1.]
1656,0.0,1657,1,False,0.0,829.0,2.0,1,0,2,[0. 1.],[1 2],1.0,1,0.6,0.7,0.30000000000000004,[1. 1.]
1657,2.0,1658,0,False,1.0,829.0,0.0,1,1,0,[0. 1.],[1 2],1.0,1,0.6,0.7,0.30000000000000004,[1. 1.]
1658,0.0,1659,1,False,0.0,830.0,2.0,1,0,2,[0. 1.],[1 2],1.0,1,0.6,0.7,0.30000000000000004,[1. 1.]
1659,2.0,1660,0,False,1.0,830.0,0.0,1,1,0,[0. 1.],[1 2],0.0,1,0.6,0.7,0.30000000000000004,[1. 1.]
1660,0.0,1661,1,False,0.0,831.0,1.0,1,0,2,[0. 1.],[1 2],0.0,1,0.6,0.7,0.30000000000000004,[1. 1.]
1661,1.0,1662,0,False,1.0,831.0,0.0,1,1,0,[0. 1.],[1 2],,1,0.6,0.7,0.30000000000000004,[1. 1.]
1662,0.0,1663,1,False,0.0,832.0,2.0,1,0,2,[0. 1.],[1 2],,1,0.6,0.7,0.30000000000000004,[1. 1.]
1663,2.0,1664,0,False,1.0,832.0,0.0,1,1,0,[1. 1.],[1 2],,0,0.6,0.7,0.30000000000000004,[1. 1.]
1664,0.0,1665,1,False,0.0,833.0,2.0,1,0,2,[1. 1.],[1 2],,0,0.6,0.7,0.30000000000000004,[1. 1.]
1665,2.0,1666,0,False,1.0,833.0,0.0,1,1,0,[0. 1.],[1 2],,0,0.6,0.7,0.30000000000000004,[1. 1.]
1666,0.0,1667,1,False,0.0,834.0,2.0,1,0,2,[0. 1.],[1 2],,0,0.6,0.7,0.30000000000000004,[1. 1.]
1667,2.0,1668,0,False,1.0,834.0,0.0,1,1,0,[1. 1.],[1 2],1.0,0,0.6,0.7,0.30000000000000004,[1. 1.]
1668,0.0,1669,1,False,0.0,835.0,2.0,1,0,2,[1. 1.],[1 2],1.0,0,0.6,0.7,0.30000000000000004,[1. 1.]
1669,2.0,1670,0,False,1.0,835.0,0.0,1,1,0,[1. 0.],[1 2],0.0,0,0.6,0.7,0.30000000000000004,[1. 1.]
1670,0.0,1671,1,False,0.0,836.0,1.0,1,0,2,[1. 0.],[1 2],0.0,0,0.6,0.7,0.30000000000000004,[1. 1.]
1671,1.0,1672,0,False,0.0,836.0,0.0,1,1,0,[1. 0.],[1 2],0.0,0,0.6,0.7,0.30000000000000004,[1. 1.]
1672,0.0,1673,1,False,0.0,837.0,1.0,1,0,2,[1. 0.],[1 2],0.0,0,0.6,0.7,0.30000000000000004,[1. 1.]
1673,1.0,1674,0,False,0.0,837.0,0.0,1,1,0,[1. 0.],[1 2],0.0,0,0.6,0.7,0.30000000000000004,[1. 1.]
1674,0.0,1675,1,False,0.0,838.0,1.0,1,0,2,[1. 0.],[1 2],0.0,0,0.6,0.7,0.30000000000000004,[1. 1.]
1675,1.0,1676,0,False,0.0,838.0,0.0,1,1,0,[1. 1.],[1 2],1.0,0,0.6,0.7,0.30000000000000004,[1. 1.]
1676,0.0,1677,1,False,0.0,839.0,2.0,1,0,1,[1. 1.],[1 2],1.0,0,0.6,0.7,0.30000000000000004,[1. 1.]
1677,2.0,1678,0,False,1.0,839.0,0.0,1,1,0,[0. 0.],[1 2],,0,0.6,0.7,0.30000000000000004,[1. 1.]
1678,0.0,1679,1,False,0.0,840.0,1.0,1,0,1,[0. 0.],[1 2],,0,0.6,0.7,0.30000000000000004,[1. 1.]
1679,1.0,1680,0,False,0.0,840.0,0.0,1,1,0,[0. 0.],[1 2],0.0,0,0.6,0.7,0.30000000000000004,[1. 1.]
1680,0.0,1681,1,False,0.0,841.0,1.0,1,0,1,[0. 0.],[1 2],0.0,0,0.6,0.7,0.30000000000000004,[1. 1.]
1681,1.0,1682,0,False,0.0,841.0,0.0,1,1,0,[1. 1.],[1 2],1.0,0,0.6,0.7,0.30000000000000004,[1. 1.]
1682,0.0,1683,1,False,0.0,842.0,2.0,1,0,2,[1. 1.],[1 2],1.0,0,0.6,0.7,0.30000000000000004,[1. 1.]
1683,2.0,1684,0,False,1.0,842.0,0.0,1,1,0,[1. 1.],[1 2],1.0,0,0.6,0.7,0.30000000000000004,[1. 1.]
1684,0.0,1685,1,False,0.0,843.0,2.0,1,0,2,[1. 1.],[1 2],1.0,0,0.6,0.7,0.30000000000000004,[1. 1.]
1685,2.0,1686,0,False,1.0,843.0,0.0,1,1,0,[1. 0.],[1 2],1.0,0,0.6,0.7,0.30000000000000004,[1. 1.]
1686,0.0,1687,1,False,0.0,844.0,2.0,1,0,2,[1. 0.],[1 2],1.0,0,0.6,0.7,0.30000000000000004,[1. 1.]
1687,2.0,1688,0,False,0.0,844.0,0.0,1,1,0,[1. 0.],[1 2],1.0,0,0.6,0.7,0.30000000000000004,[1. 1.]
1688,0.0,1689,1,False,0.0,845.0,2.0,1,0,2,[1. 0.],[1 2],1.0,0,0.6,0.7,0.30000000000000004,[1. 1.]
1689,2.0,1690,0,False,0.0,845.0,0.0,1,1,0,[1. 1.],[1 2],1.0,1,0.6,0.7,0.30000000000000004,[1. 1.]
1690,0.0,1691,1,False,0.0,846.0,2.0,1,0,2,[1. 1.],[1 2],1.0,1,0.6,0.7,0.30000000000000004,[1. 1.]
1691,2.0,1692,0,False,1.0,846.0,0.0,1,1,0,[0. 0.],[1 2],,1,0.6,0.7,0.30000000000000004,[1. 1.]
1692,0.0,1693,1,False,0.0,847.0,2.0,1,0,2,[0. 0.],[1 2],,1,0.6,0.7,0.30000000000000004,[1. 1.]
1693,2.0,1694,0,False,0.0,847.0,0.0,1,1,0,[0. 0.],[1 2],0.0,1,0.6,0.7,0.30000000000000004,[1. 1.]
1694,0.0,1695,1,False,0.0,848.0,1.0,1,0,2,[0. 0.],[1 2],0.0,1,0.6,0.7,0.30000000000000004,[1. 1.]
1695,1.0,1696,0,False,0.0,848.0,0.0,1,1,0,[0. 1.],[1 2],0.0,1,0.6,0.7,0.30000000000000004,[1. 1.]
1696,0.0,1697,1,False,0.0,849.0,1.0,1,0,2,[0. 1.],[1 2],0.0,1,0.6,0.7,0.30000000000000004,[1. 1.]
1697,1.0,1698,0,False,1.0,849.0,0.0,1,1,0,[0. 1.],[1 2],,1,0.6,0.7,0.30000000000000004,[1. 1.]
1698,0.0,1699,1,False,0.0,850.0,2.0,1,0,2,[0. 1.],[1 2],,1,0.6,0.7,0.30000000000000004,[1. 1.]
1699,2.0,1700,0,False,1.0,850.0,0.0,1,1,0,[0. 1.],[1 2],0.0,1,0.6,0.7,0.30000000000000004,[1. 1.]
1700,0.0,1701,1,False,0.0,851.0,1.0,1,0,2,[0. 1.],[1 2],0.0,1,0.6,0.7,0.30000000000000004,[1. 1.]
1701,1.0,1702,0,False,1.0,851.0,0.0,1,1,0,[0. 0.],[1 2],0.0,1,0.6,0.7,0.30000000000000004,[1. 1.]
1702,0.0,1703,1,False,0.0,852.0,1.0,1,0,2,[0. 0.],[1 2],0.0,1,0.6,0.7,0.30000000000000004,[1. 1.]
1703,1.0,1704,0,False,0.0,852.0,0.0,1,1,0,[0. 1.],[1 2],,1,0.6,0.7,0.30000000000000004,[1. 1.]
1704,0.0,1705,1,False,0.0,853.0,2.0,1,0,2,[0. 1.],[1 2],,1,0.6,0.7,0.30000000000000004,[1. 1.]
1705,2.0,1706,0,False,1.0,853.0,0.0,1,1,0,[1. 1.],[1 2],,1,0.6,0.7,0.30000000000000004,[1. 1.]
1706,0.0,1707,1,False,0.0,854.0,2.0,1,0,2,[1. 1.],[1 2],,1,0.6,0.7,0.30000000000000004,[1. 1.]
1707,2.0,1708,0,False,1.0,854.0,0.0,1,1,0,[1. 1.],[1 2],1.0,1,0.6,0.7,0.30000000000000004,[1. 1.]
1708,0.0,1709,1,False,0.0,855.0,2.0,1,0,2,[1. 1.],[1 2],1.0,1,0.6,0.7,0.30000000000000004,[1. 1.]
1709,2.0,1710,0,False,1.0,855.0,0.0,1,1,0,[0. 0.],[1 2],1.0,1,0.6,0.7,0.30000000000000004,[1. 1.]
1710,0.0,1711,1,False,0.0,856.0,2.0,1,0,2,[0. 0.],[1 2],1.0,1,0.6,0.7,0.30000000000000004,[1. 1.]
1711,2.0,1712,0,False,0.0,856.0,0.0,1,1,0,[0. 0.],[1 2],1.0,1,0.6,0.7,0.30000000000000004,[1. 1.]
1712,0.0,1713,1,False,0.0,857.0,2.0,1,0,2,[0. 0.],[1 2],1.0,1,0.6,0.7,0.30000000000000004,[1. 1.]
1713,2.0,1714,0,False,0.0,857.0,0.0,1,1,0,[1. 1.],[1 2],,1,0.6,0.7,0.30000000000000004,[1. 1.]
1714,0.0,1715,1,False,0.0,858.0,2.0,1,0,2,[1. 1.],[1 2],,1,0.6,0.7,0.30000000000000004,[1. 1.]
1715,2.0,1716,0,False,1.0,858.0,0.0,1,1,0,[0. 1.],[1 2],1.0,1,0.6,0.7,0.30000000000000004,[1. 1.]
1716,0.0,1717,1,False,0.0,859.0,2.0,1,0,2,[0. 1.],[1 2],1.0,1,0.6,0.7,0.30000000000000004,[1. 1.]
1717,2.0,1718,0,False,1.0,859.0,0.0,1,1,0,[0. 1.],[1 2],,1,0.6,0.7,0.30000000000000004,[1. 1.]
1718,0.0,1719,1,False,0.0,860.0,2.0,1,0,2,[0. 1.],[1 2],,1,0.6,0.7,0.30000000000000004,[1. 1.]
1719,2.0,1720,0,False,1.0,860.0,0.0,1,1,0,[0. 1.],[1 2],0.0,1,0.6,0.7,0.30000000000000004,[1. 1.]
1720,0.0,1721,1,False,0.0,861.0,1.0,1,0,2,[0. 1.],[1 2],0.0,1,0.6,0.7,0.30000000000000004,[1. 1.]
1721,1.0,1722,0,False,1.0,861.0,0.0,1,1,0,[0. 0.],[1 2],,1,0.6,0.7,0.30000000000000004,[1. 1.]
1722,0.0,1723,1,False,0.0,862.0,2.0,1,0,2,[0. 0.],[1 2],,1,0.6,0.7,0.30000000000000004,[1. 1.]
1723,2.0,1724,0,False,0.0,862.0,0.0,1,1,0,[1. 0.],[1 2],1.0,1,0.6,0.7,0.30000000000000004,[1. 1.]
1724,0.0,1725,1,False,0.0,863.0,2.0,1,0,2,[1. 0.],[1 2],1.0,1,0.6,0.7,0.30000000000000004,[1. 1.]
1725,2.0,1726,0,False,0.0,863.0,0.0,1,1,0,[0. 0.],[1 2],0.0,1,0.6,0.7,0.30000000000000004,[1. 1.]
1726,0.0,1727,1,False,0.0,864.0,1.0,1,0,2,[0. 0.],[1 2],0.0,1,0.6,0.7,0.30000000000000004,[1. 1.]
1727,1.0,1728,0,False,0.0,864.0,0.0,1,1,0,[1. 1.],[1 2],1.0,1,0.6,0.7,0.30000000000000004,[1. 1.]
1728,0.0,1729,1,False,0.0,865.0,2.0,1,0,2,[1. 1.],[1 2],1.0,1,0.6,0.7,0.30000000000000004,[1. 1.]
1729,2.0,1730,0,False,1.0,865.0,0.0,1,1,0,[1. 0.],[1 2],,1,0.6,0.7,0.30000000000000004,[1. 1.]
1730,0.0,1731,1,False,0.0,866.0,2.0,1,0,2,[1. 0.],[1 2],,1,0.6,0.7,0.30000000000000004,[1. 1.]
1731,2.0,1732,0,False,0.0,866.0,0.0,1,1,0,[1. 1.],[1 2],0.0,1,0.6,0.7,0.30000000000000004,[1. 1.]
1732,0.0,1733,1,False,0.0,867.0,1.0,1,0,2,[1. 1.],[1 2],0.0,1,0.6,0.7,0.30000000000000004,[1. 1.]
1733,1.0,1734,0,False,1.0,867.0,0.0,1,1,0,[0. 1.],[1 2],,1,0.6,0.7,0.30000000000000004,[1. 1.]
1734,0.0,1735,1,False,0.0,868.0,2.0,1,0,2,[0. 1.],[1 2],,1,0.6,0.7,0.30000000000000004,[1. 1.]
1735,2.0,1736,0,False,1.0,868.0,0.0,1,1,0,[0. 1.],[1 2],,1,0.6,0.7,0.30000000000000004,[1. 1.]
1736,0.0,1737,1,False,0.0,869.0,2.0,1,0,2,[0. 1.],[1 2],,1,0.6,0.7,0.30000000000000004,[1. 1.]
1737,2.0,1738,0,False,1.0,869.0,0.0,1,1,0,[0. 1.],[1 2],,1,0.6,0.7,0.30000000000000004,[1. 1.]
1738,0.0,1739,1,False,0.0,870.0,2.0,1,0,2,[0. 1.],[1 2],,1,0.6,0.7,0.30000000000000004,[1. 1.]
1739,2.0,1740,0,False,1.0,870.0,0.0,1,1,0,[0. 1.],[1 2],1.0,1,0.6,0.7,0.30000000000000004,[1. 1.]
1740,0.0,1741,1,False,0.0,871.0,2.0,1,0,2,[0. 1.],[1 2],1.0,1,0.6,0.7,0.30000000000000004,[1. 1.]
1741,2.0,1742,0,False,1.0,871.0,0.0,1,1,0,[0. 1.],[1 2],,1,0.6,0.7,0.30000000000000004,[1. 1.]
1742,0.0,1743,1,False,0.0,872.0,2.0,1,0,2,[0. 1.],[1 2],,1,0.6,0.7,0.30000000000000004,[1. 1.]
1743,2.0,1744,0,False,1.0,872.0,0.0,1,1,0,[1. 1.],[1 2],1.0,1,0.6,0.7,0.30000000000000004,[1. 1.]
1744,0.0,1745,1,False,0.0,873.0,2.0,1,0,2,[1. 1.],[1 2],1.0,1,0.6,0.7,0.30000000000000004,[1. 1.]
1745,2.0,1746,0,False,1.0,873.0,0.0,1,1,0,[0. 1.],[1 2],,1,0.6,0.7,0.30000000000000004,[1. 1.]
1746,0.0,1747,1,False,0.0,874.0,2.0,1,0,2,[0. 1.],[1 2],,1,0.6,0.7,0.30000000000000004,[1. 1.]
1747,2.0,1748,0,False,1.0,874.0,0.0,1,1,0,[1. 1.],[1 2],0.0,1,0.6,0.7,0.30000000000000004,[1. 1.]
1748,0.0,1749,1,False,0.0,875.0,1.0,1,0,2,[1. 1.],[1 2],0.0,1,0.6,0.7,0.30000000000000004,[1. 1.]
1749,1.0,1750,0,False,1.0,875.0,0.0,1,1,0,[0. 0.],[1 2],0.0,1,0.6,0.7,0.30000000000000004,[1. 1.]
1750,0.0,1751,1,False,0.0,876.0,1.0,1,0,2,[0. 0.],[1 2],0.0,1,0.6,0.7,0.30000000000000004,[1. 1.]
1751,1.0,1752,0,False,0.0,876.0,0.0,1,1,0,[1. 1.],[1 2],,0,0.6,0.7,0.30000000000000004,[1. 1.]
1752,0.0,1753,1,False,0.0,877.0,2.0,1,0,2,[1. 1.],[1 2],,0,0.6,0.7,0.30000000000000004,[1. 1.]
1753,2.0,1754,0,False,1.0,877.0,0.0,1,1,0,[0. 1.],[1 2],0.0,0,0.6,0.7,0.30000000000000004,[1. 1.]
1754,0.0,1755,1,False,0.0,878.0,1.0,1,0,2,[0. 1.],[1 2],0.0,0,0.6,0.7,0.30000000000000004,[1. 1.]
1755,1.0,1756,0,False,1.0,878.0,0.0,1,1,0,[0. 0.],[1 2],,0,0.6,0.7,0.30000000000000004,[1. 1.]
1756,0.0,1757,1,False,0.0,879.0,2.0,1,0,2,[0. 0.],[1 2],,0,0.6,0.7,0.30000000000000004,[1. 1.]
1757,2.0,1758,0,False,0.0,879.0,0.0,1,1,0,[1. 1.],[1 2],,0,0.6,0.7,0.30000000000000004,[1. 1.]
1758,0.0,1759,1,False,0.0,880.0,2.0,1,0,2,[1. 1.],[1 2],,0,0.6,0.7,0.30000000000000004,[1. 1.]
1759,2.0,1760,0,False,1.0,880.0,0.0,1,1,0,[1. 1.],[1 2],1.0,0,0.6,0.7,0.30000000000000004,[1. 1.]
1760,0.0,1761,1,False,0.0,881.0,2.0,1,0,2,[1. 1.],[1 2],1.0,0,0.6,0.7,0.30000000000000004,[1. 1.]
1761,2.0,1762,0,False,1.0,881.0,0.0,1,1,0,[0. 1.],[1 2],,0,0.6,0.7,0.30000000000000004,[1. 1.]
1762,0.0,1763,1,False,0.0,882.0,2.0,1,0,2,[0. 1.],[1 2],,0,0.6,0.7,0.30000000000000004,[1. 1.]
1763,2.0,1764,0,False,1.0,882.0,0.0,1,1,0,[1. 0.],[1 2],1.0,0,0.6,0.7,0.30000000000000004,[1. 1.]
1764,0.0,1765,1,False,0.0,883.0,2.0,1,0,2,[1. 0.],[1 2],1.0,0,0.6,0.7,0.30000000000000004,[1. 1.]
1765,2.0,1766,0,False,0.0,883.0,0.0,1,1,0,[1. 0.],[1 2],,0,0.6,0.7,0.30000000000000004,[1. 1.]
1766,0.0,1767,1,False,0.0,884.0,2.0,1,0,2,[1. 0.],[1 2],,0,0.6,0.7,0.30000000000000004,[1. 1.]
1767,2.0,1768,0,False,0.0,884.0,0.0,1,1,0,[1. 0.],[1 2],,0,0.6,0.7,0.30000000000000004,[1. 1.]
1768,0.0,1769,1,False,0.0,885.0,2.0,1,0,2,[1. 0.],[1 2],,0,0.6,0.7,0.30000000000000004,[1. 1.]
1769,2.0,1770,0,False,0.0,885.0,0.0,1,1,0,[1. 1.],[1 2],1.0,0,0.6,0.7,0.30000000000000004,[1. 1.]
1770,0.0,1771,1,False,0.0,886.0,2.0,1,0,2,[1. 1.],[1 2],1.0,0,0.6,0.7,0.30000000000000004,[1. 1.]
1771,2.0,1772,0,False,1.0,886.0,0.0,1,1,0,[0. 0.],[1 2],0.0,0,0.6,0.7,0.30000000000000004,[1. 1.]
1772,0.0,1773,1,False,0.0,887.0,1.0,1,0,2,[0. 0.],[1 2],0.0,0,0.6,0.7,0.30000000000000004,[1. 1.]
1773,1.0,1774,0,False,0.0,887.0,0.0,1,1,0,[1. 0.],[1 2],,0,0.6,0.7,0.30000000000000004,[1. 1.]
1774,0.0,1775,1,False,0.0,888.0,2.0,1,0,2,[1. 0.],[1 2],,0,0.6,0.7,0.30000000000000004,[1. 1.]
1775,2.0,1776,0,False,0.0,888.0,0.0,1,1,0,[1. 0.],[1 2],1.0,0,0.6,0.7,0.30000000000000004,[1. 1.]
1776,0.0,1777,1,False,0.0,889.0,2.0,1,0,2,[1. 0.],[1 2],1.0,0,0.6,0.7,0.30000000000000004,[1. 1.]
1777,2.0,1778,0,False,0.0,889.0,0.0,1,1,0,[1. 1.],[1 2],,1,0.6,0.7,0.30000000000000004,[1. 1.]
1778,0.0,1779,1,False,0.0,890.0,2.0,1,0,2,[1. 1.],[1 2],,1,0.6,0.7,0.30000000000000004,[1. 1.]
1779,2.0,1780,0,False,1.0,890.0,0.0,1,1,0,[1. 1.],[1 2],1.0,1,0.6,0.7,0.30000000000000004,[1. 1.]
1780,0.0,1781,1,False,0.0,891.0,2.0,1,0,2,[1. 1.],[1 2],1.0,1,0.6,0.7,0.30000000000000004,[1. 1.]
1781,2.0,1782,0,False,1.0,891.0,0.0,1,1,0,[0. 1.],[1 2],0.0,1,0.6,0.7,0.30000000000000004,[1. 1.]
1782,0.0,1783,1,False,0.0,892.0,1.0,1,0,2,[0. 1.],[1 2],0.0,1,0.6,0.7,0.30000000000000004,[1. 1.]
1783,1.0,1784,0,False,1.0,892.0,0.0,1,1,0,[0. 1.],[1 2],1.0,1,0.6,0.7,0.30000000000000004,[1. 1.]
1784,0.0,1785,1,False,0.0,893.0,2.0,1,0,2,[0. 1.],[1 2],1.0,1,0.6,0.7,0.30000000000000004,[1. 1.]
1785,2.0,1786,0,False,1.0,893.0,0.0,1,1,0,[0. 1.],[1 2],1.0,1,0.6,0.7,0.30000000000000004,[1. 1.]
1786,0.0,1787,1,False,0.0,894.0,2.0,1,0,2,[0. 1.],[1 2],1.0,1,0.6,0.7,0.30000000000000004,[1. 1.]
1787,2.0,1788,0,False,1.0,894.0,0.0,1,1,0,[0. 1.],[2 1],,1,0.6,0.7,0.30000000000000004,[1. 1.]
1788,0.0,1789,1,False,0.0,895.0,1.0,1,0,2,[0. 1.],[2 1],,1,0.6,0.7,0.30000000000000004,[1. 1.]
1789,1.0,1790,0,False,0.0,895.0,0.0,1,1,0,[0. 1.],[2 1],1.0,1,0.6,0.7,0.30000000000000004,[1. 1.]
1790,0.0,1791,1,False,0.0,896.0,2.0,1,0,2,[0. 1.],[2 1],1.0,1,0.6,0.7,0.30000000000000004,[1. 1.]
1791,2.0,1792,0,False,0.0,896.0,0.0,1,1,0,[0. 1.],[2 1],1.0,1,0.6,0.7,0.30000000000000004,[1. 1.]
1792,0.0,1793,1,False,0.0,897.0,2.0,1,0,2,[0. 1.],[2 1],1.0,1,0.6,0.7,0.30000000000000004,[1. 1.]
1793,2.0,1794,0,False,0.0,897.0,0.0,1,1,0,[0. 1.],[2 1],1.0,1,0.6,0.7,0.30000000000000004,[1. 1.]
1794,0.0,1795,1,False,0.0,898.0,2.0,1,0,2,[0. 1.],[2 1],1.0,1,0.6,0.7,0.30000000000000004,[1. 1.]
1795,2.0,1796,0,False,0.0,898.0,0.0,1,1,0,[0. 0.],[2 1],1.0,1,0.6,0.7,0.30000000000000004,[1. 1.]
1796,0.0,1797,1,False,0.0,899.0,2.0,1,0,2,[0. 0.],[2 1],1.0,1,0.6,0.7,0.30000000000000004,[1. 1.]
1797,2.0,1798,0,False,0.0,899.0,0.0,1,1,0,[0. 1.],[2 1],0.0,1,0.6,0.7,0.30000000000000004,[1. 1.]
1798,0.0,1799,1,False,0.0,900.0,1.0,1,0,1,[0. 1.],[2 1],0.0,1,0.6,0.7,0.30000000000000004,[1. 1.]
1799,1.0,1800,0,False,1.0,900.0,0.0,1,1,0,[1. 0.],[2 1],,1,0.6,0.7,0.30000000000000004,[1. 1.]
1800,0.0,1801,1,False,0.0,901.0,2.0,1,0,1,[1. 0.],[2 1],,1,0.6,0.7,0.30000000000000004,[1. 1.]
1801,2.0,1802,0,False,0.0,901.0,0.0,1,1,0,[0. 0.],[2 1],,1,0.6,0.7,0.30000000000000004,[1. 1.]
1802,0.0,1803,1,False,0.0,902.0,2.0,1,0,1,[0. 0.],[2 1],,1,0.6,0.7,0.30000000000000004,[1. 1.]
1803,2.0,1804,0,False,0.0,902.0,0.0,1,1,0,[0. 1.],[2 1],,1,0.6,0.7,0.30000000000000004,[1. 1.]
1804,0.0,1805,1,False,0.0,903.0,2.0,1,0,1,[0. 1.],[2 1],,1,0.6,0.7,0.30000000000000004,[1. 1.]
1805,2.0,1806,0,False,1.0,903.0,0.0,1,1,0,[1. 1.],[2 1],,1,0.6,0.7,0.30000000000000004,[1. 1.]
1806,0.0,1807,1,False,0.0,904.0,2.0,1,0,1,[1. 1.],[2 1],,1,0.6,0.7,0.30000000000000004,[1. 1.]
1807,2.0,1808,0,False,1.0,904.0,0.0,1,1,0,[0. 0.],[2 1],0.0,1,0.6,0.7,0.30000000000000004,[1. 1.]
1808,0.0,1809,1,False,0.0,905.0,1.0,1,0,1,[0. 0.],[2 1],0.0,1,0.6,0.7,0.30000000000000004,[1. 1.]
1809,1.0,1810,0,False,0.0,905.0,0.0,1,1,0,[1. 0.],[2 1],1.0,1,0.6,0.7,0.30000000000000004,[1. 1.]
1810,0.0,1811,1,False,0.0,906.0,2.0,1,0,1,[1. 0.],[2 1],1.0,1,0.6,0.7,0.30000000000000004,[1. 1.]
1811,2.0,1812,0,False,0.0,906.0,0.0,1,1,0,[0. 1.],[2 1],1.0,1,0.6,0.7,0.30000000000000004,[1. 1.]
1812,0.0,1813,1,False,0.0,907.0,2.0,1,0,1,[0. 1.],[2 1],1.0,1,0.6,0.7,0.30000000000000004,[1. 1.]
1813,2.0,1814,0,False,1.0,907.0,0.0,1,1,0,[0. 0.],[2 1],,1,0.6,0.7,0.30000000000000004,[1. 1.]
1814,0.0,1815,1,False,0.0,908.0,2.0,1,0,1,[0. 0.],[2 1],,1,0.6,0.7,0.30000000000000004,[1. 1.]
1815,2.0,1816,0,False,0.0,908.0,0.0,1,1,0,[0. 1.],[2 1],1.0,1,0.6,0.7,0.30000000000000004,[1. 1.]
1816,0.0,1817,1,False,0.0,909.0,2.0,1,0,1,[0. 1.],[2 1],1.0,1,0.6,0.7,0.30000000000000004,[1. 1.]
1817,2.0,1818,0,False,1.0,909.0,0.0,1,1,0,[0. 1.],[2 1],1.0,1,0.6,0.7,0.30000000000000004,[1. 1.]
1818,0.0,1819,1,False,0.0,910.0,2.0,1,0,1,[0. 1.],[2 1],1.0,1,0.6,0.7,0.30000000000000004,[1. 1.]
1819,2.0,1820,0,False,1.0,910.0,0.0,1,1,0,[1. 1.],[2 1],0.0,1,0.6,0.7,0.30000000000000004,[1. 1.]
1820,0.0,1821,1,False,0.0,911.0,1.0,1,0,1,[1. 1.],[2 1],0.0,1,0.6,0.7,0.30000000000000004,[1. 1.]
1821,1.0,1822,0,False,1.0,911.0,0.0,1,1,0,[1. 0.],[2 1],1.0,1,0.6,0.7,0.30000000000000004,[1. 1.]
1822,0.0,1823,1,False,0.0,912.0,2.0,1,0,1,[1. 0.],[2 1],1.0,1,0.6,0.7,0.30000000000000004,[1. 1.]
1823,2.0,1824,0,False,0.0,912.0,0.0,1,1,0,[1. 1.],[2 1],,1,0.6,0.7,0.30000000000000004,[1. 1.]
1824,0.0,1825,1,False,0.0,913.0,2.0,1,0,1,[1. 1.],[2 1],,1,0.6,0.7,0.30000000000000004,[1. 1.]
1825,2.0,1826,0,False,1.0,913.0,0.0,1,1,0,[1. 1.],[2 1],1.0,1,0.6,0.7,0.30000000000000004,[1. 1.]
1826,0.0,1827,1,False,0.0,914.0,2.0,1,0,1,[1. 1.],[2 1],1.0,1,0.6,0.7,0.30000000000000004,[1. 1.]
1827,2.0,1828,0,False,1.0,914.0,0.0,1,1,0,[0. 1.],[2 1],,1,0.6,0.7,0.30000000000000004,[1. 1.]
1828,0.0,1829,1,False,0.0,915.0,2.0,1,0,1,[0. 1.],[2 1],,1,0.6,0.7,0.30000000000000004,[1. 1.]
1829,2.0,1830,0,False,1.0,915.0,0.0,1,1,0,[1. 1.],[2 1],,1,0.6,0.7,0.30000000000000004,[1. 1.]
1830,0.0,1831,1,False,0.0,916.0,2.0,1,0,1,[1. 1.],[2 1],,1,0.6,0.7,0.30000000000000004,[1. 1.]
1831,2.0,1832,0,False,1.0,916.0,0.0,1,1,0,[1. 0.],[2 1],,1,0.6,0.7,0.30000000000000004,[1. 1.]
1832,0.0,1833,1,False,0.0,917.0,2.0,1,0,1,[1. 0.],[2 1],,1,0.6,0.7,0.30000000000000004,[1. 1.]
1833,2.0,1834,0,False,0.0,917.0,0.0,1,1,0,[0. 1.],[2 1],0.0,1,0.6,0.7,0.30000000000000004,[1. 1.]
1834,0.0,1835,1,False,0.0,918.0,1.0,1,0,1,[0. 1.],[2 1],0.0,1,0.6,0.7,0.30000000000000004,[1. 1.]
1835,1.0,1836,0,False,1.0,918.0,0.0,1,1,0,[1. 0.],[2 1],1.0,1,0.6,0.7,0.30000000000000004,[1. 1.]
1836,0.0,1837,1,False,0.0,919.0,2.0,1,0,1,[1. 0.],[2 1],1.0,1,0.6,0.7,0.30000000000000004,[1. 1.]
1837,2.0,1838,0,False,0.0,919.0,0.0,1,1,0,[0. 1.],[2 1],0.0,1,0.6,0.7,0.30000000000000004,[1. 1.]
1838,0.0,1839,1,False,0.0,920.0,1.0,1,0,1,[0. 1.],[2 1],0.0,1,0.6,0.7,0.30000000000000004,[1. 1.]
1839,1.0,1840,0,False,1.0,920.0,0.0,1,1,0,[0. 1.],[2 1],0.0,1,0.6,0.7,0.30000000000000004,[1. 1.]
1840,0.0,1841,1,False,0.0,921.0,1.0,1,0,1,[0. 1.],[2 1],0.0,1,0.6,0.7,0.30000000000000004,[1. 1.]
1841,1.0,1842,0,False,1.0,921.0,0.0,1,1,0,[0. 1.],[2 1],1.0,1,0.6,0.7,0.30000000000000004,[1. 1.]
1842,0.0,1843,1,False,0.0,922.0,2.0,1,0,1,[0. 1.],[2 1],1.0,1,0.6,0.7,0.30000000000000004,[1. 1.]
1843,2.0,1844,0,False,1.0,922.0,0.0,1,1,0,[0. 0.],[2 1],,1,0.6,0.7,0.30000000000000004,[1. 1.]
1844,0.0,1845,1,False,0.0,923.0,2.0,1,0,1,[0. 0.],[2 1],,1,0.6,0.7,0.30000000000000004,[1. 1.]
1845,2.0,1846,0,False,0.0,923.0,0.0,1,1,0,[0. 1.],[2 1],1.0,1,0.6,0.7,0.30000000000000004,[1. 1.]
1846,0.0,1847,1,False,0.0,924.0,2.0,1,0,1,[0. 1.],[2 1],1.0,1,0.6,0.7,0.30000000000000004,[1. 1.]
1847,2.0,1848,0,False,1.0,924.0,0.0,1,1,0,[0. 1.],[2 1],0.0,1,0.6,0.7,0.30000000000000004,[1. 1.]
1848,0.0,1849,1,False,0.0,925.0,1.0,1,0,1,[0. 1.],[2 1],0.0,1,0.6,0.7,0.30000000000000004,[1. 1.]
1849,1.0,1850,0,False,1.0,925.0,0.0,1,1,0,[0. 0.],[2 1],1.0,1,0.6,0.7,0.30000000000000004,[1. 1.]
1850,0.0,1851,1,False,0.0,926.0,2.0,1,0,1,[0. 0.],[2 1],1.0,1,0.6,0.7,0.30000000000000004,[1. 1.]
1851,2.0,1852,0,False,0.0,926.0,0.0,1,1,0,[0. 0.],[2 1],,1,0.6,0.7,0.30000000000000004,[1. 1.]
1852,0.0,1853,1,False,0.0,927.0,2.0,1,0,1,[0. 0.],[2 1],,1,0.6,0.7,0.30000000000000004,[1. 1.]
1853,2.0,1854,0,False,0.0,927.0,0.0,1,1,0,[0. 1.],[2 1],0.0,1,0.6,0.7,0.30000000000000004,[1. 1.]
1854,0.0,1855,1,False,0.0,928.0,1.0,1,0,1,[0. 1.],[2 1],0.0,1,0.6,0.7,0.30000000000000004,[1. 1.]
1855,1.0,1856,0,False,1.0,928.0,0.0,1,1,0,[1. 1.],[2 1],1.0,1,0.6,0.7,0.30000000000000004,[1. 1.]
1856,0.0,1857,1,False,0.0,929.0,2.0,1,0,1,[1. 1.],[2 1],1.0,1,0.6,0.7,0.30000000000000004,[1. 1.]
1857,2.0,1858,0,False,1.0,929.0,0.0,1,1,0,[0. 1.],[2 1],,1,0.6,0.7,0.30000000000000004,[1. 1.]
1858,0.0,1859,1,False,0.0,930.0,2.0,1,0,1,[0. 1.],[2 1],,1,0.6,0.7,0.30000000000000004,[1. 1.]
1859,2.0,1860,0,False,1.0,930.0,0.0,1,1,0,[0. 1.],[2 1],,1,0.6,0.7,0.30000000000000004,[1. 1.]
1860,0.0,1861,1,False,0.0,931.0,2.0,1,0,1,[0. 1.],[2 1],,1,0.6,0.7,0.30000000000000004,[1. 1.]
1861,2.0,1862,0,False,1.0,931.0,0.0,1,1,0,[0. 1.],[2 1],,1,0.6,0.7,0.30000000000000004,[1. 1.]
1862,0.0,1863,1,False,0.0,932.0,2.0,1,0,1,[0. 1.],[2 1],,1,0.6,0.7,0.30000000000000004,[1. 1.]
1863,2.0,1864,0,False,1.0,932.0,0.0,1,1,0,[1. 1.],[2 1],0.0,1,0.6,0.7,0.30000000000000004,[1. 1.]
1864,0.0,1865,1,False,0.0,933.0,1.0,1,0,1,[1. 1.],[2 1],0.0,1,0.6,0.7,0.30000000000000004,[1. 1.]
1865,1.0,1866,0,False,1.0,933.0,0.0,1,1,0,[1. 0.],[2 1],,1,0.6,0.7,0.30000000000000004,[1. 1.]
1866,0.0,1867,1,False,0.0,934.0,2.0,1,0,1,[1. 0.],[2 1],,1,0.6,0.7,0.30000000000000004,[1. 1.]
1867,2.0,1868,0,False,0.0,934.0,0.0,1,1,0,[0. 1.],[2 1],,1,0.6,0.7,0.30000000000000004,[1. 1.]
1868,0.0,1869,1,False,0.0,935.0,2.0,1,0,1,[0. 1.],[2 1],,1,0.6,0.7,0.30000000000000004,[1. 1.]
1869,2.0,1870,0,False,1.0,935.0,0.0,1,1,0,[0. 1.],[1 2],1.0,1,0.6,0.7,0.30000000000000004,[1. 1.]
1870,0.0,1871,1,False,0.0,936.0,2.0,1,0,1,[0. 1.],[1 2],1.0,1,0.6,0.7,0.30000000000000004,[1. 1.]
1871,2.0,1872,0,False,0.0,936.0,0.0,1,1,0,[0. 0.],[1 2],,1,0.6,0.7,0.30000000000000004,[1. 1.]
1872,0.0,1873,1,False,0.0,937.0,1.0,1,0,1,[0. 0.],[1 2],,1,0.6,0.7,0.30000000000000004,[1. 1.]
1873,1.0,1874,0,False,0.0,937.0,0.0,1,1,0,[0. 0.],[1 2],,1,0.6,0.7,0.30000000000000004,[1. 1.]
1874,0.0,1875,1,False,0.0,938.0,1.0,1,0,1,[0. 0.],[1 2],,1,0.6,0.7,0.30000000000000004,[1. 1.]
1875,1.0,1876,0,False,0.0,938.0,0.0,1,1,0,[0. 1.],[1 2],0.0,1,0.6,0.7,0.30000000000000004,[1. 1.]
1876,0.0,1877,1,False,0.0,939.0,1.0,1,0,2,[0. 1.],[1 2],0.0,1,0.6,0.7,0.30000000000000004,[1. 1.]
1877,1.0,1878,0,False,1.0,939.0,0.0,1,1,0,[1. 1.],[1 2],,1,0.6,0.7,0.30000000000000004,[1. 1.]
1878,0.0,1879,1,False,0.0,940.0,2.0,1,0,2,[1. 1.],[1 2],,1,0.6,0.7,0.30000000000000004,[1. 1.]
1879,2.0,1880,0,False,1.0,940.0,0.0,1,1,0,[0. 0.],[1 2],,1,0.6,0.7,0.30000000000000004,[1. 1.]
1880,0.0,1881,1,False,0.0,941.0,2.0,1,0,2,[0. 0.],[1 2],,1,0.6,0.7,0.30000000000000004,[1. 1.]
1881,2.0,1882,0,False,0.0,941.0,0.0,1,1,0,[0. 0.],[1 2],,1,0.6,0.7,0.30000000000000004,[1. 1.]
1882,0.0,1883,1,False,0.0,942.0,2.0,1,0,2,[0. 0.],[1 2],,1,0.6,0.7,0.30000000000000004,[1. 1.]
1883,2.0,1884,0,False,0.0,942.0,0.0,1,1,0,[1. 1.],[1 2],,1,0.6,0.7,0.30000000000000004,[1. 1.]
1884,0.0,1885,1,False,0.0,943.0,2.0,1,0,2,[1. 1.],[1 2],,1,0.6,0.7,0.30000000000000004,[1. 1.]
1885,2.0,1886,0,False,1.0,943.0,0.0,1,1,0,[1. 0.],[1 2],1.0,1,0.6,0.7,0.30000000000000004,[1. 1.]
1886,0.0,1887,1,False,0.0,944.0,2.0,1,0,2,[1. 0.],[1 2],1.0,1,0.6,0.7,0.30000000000000004,[1. 1.]
1887,2.0,1888,0,False,0.0,944.0,0.0,1,1,0,[0. 1.],[1 2],0.0,1,0.6,0.7,0.30000000000000004,[1. 1.]
1888,0.0,1889,1,False,0.0,945.0,1.0,1,0,2,[0. 1.],[1 2],0.0,1,0.6,0.7,0.30000000000000004,[1. 1.]
1889,1.0,1890,0,False,1.0,945.0,0.0,1,1,0,[1. 0.],[1 2],0.0,1,0.6,0.7,0.30000000000000004,[1. 1.]
1890,0.0,1891,1,False,0.0,946.0,1.0,1,0,2,[1. 0.],[1 2],0.0,1,0.6,0.7,0.30000000000000004,[1. 1.]
1891,1.0,1892,0,False,0.0,946.0,0.0,1,1,0,[0. 1.],[1 2],1.0,1,0.6,0.7,0.30000000000000004,[1. 1.]
1892,0.0,1893,1,False,0.0,947.0,2.0,1,0,2,[0. 1.],[1 2],1.0,1,0.6,0.7,0.30000000000000004,[1. 1.]
1893,2.0,1894,0,False,1.0,947.0,0.0,1,1,0,[0. 1.],[1 2],,1,0.6,0.7,0.30000000000000004,[1. 1.]
1894,0.0,1895,1,False,0.0,948.0,2.0,1,0,2,[0. 1.],[1 2],,1,0.6,0.7,0.30000000000000004,[1. 1.]
1895,2.0,1896,0,False,1.0,948.0,0.0,1,1,0,[0. 1.],[1 2],0.0,1,0.6,0.7,0.30000000000000004,[1. 1.]
1896,0.0,1897,1,False,0.0,949.0,1.0,1,0,2,[0. 1.],[1 2],0.0,1,0.6,0.7,0.30000000000000004,[1. 1.]
1897,1.0,1898,0,False,1.0,949.0,0.0,1,1,0,[0. 1.],[1 2],1.0,1,0.6,0.7,0.30000000000000004,[1. 1.]
1898,0.0,1899,1,False,0.0,950.0,2.0,1,0,2,[0. 1.],[1 2],1.0,1,0.6,0.7,0.30000000000000004,[1. 1.]
1899,2.0,1900,0,False,1.0,950.0,0.0,1,1,0,[0. 1.],[1 2],1.0,1,0.6,0.7,0.30000000000000004,[1. 1.]
1900,0.0,1901,1,False,0.0,951.0,2.0,1,0,2,[0. 1.],[1 2],1.0,1,0.6,0.7,0.30000000000000004,[1. 1.]
1901,2.0,1902,0,False,1.0,951.0,0.0,1,1,0,[0. 0.],[1 2],1.0,1,0.6,0.7,0.30000000000000004,[1. 1.]
1902,0.0,1903,1,False,0.0,952.0,2.0,1,0,2,[0. 0.],[1 2],1.0,1,0.6,0.7,0.30000000000000004,[1. 1.]
1903,2.0,1904,0,False,0.0,952.0,0.0,1,1,0,[1. 1.],[1 2],,1,0.6,0.7,0.30000000000000004,[1. 1.]
1904,0.0,1905,1,False,0.0,953.0,2.0,1,0,2,[1. 1.],[1 2],,1,0.6,0.7,0.30000000000000004,[1. 1.]
1905,2.0,1906,0,False,1.0,953.0,0.0,1,1,0,[1. 1.],[1 2],,1,0.6,0.7,0.30000000000000004,[1. 1.]
1906,0.0,1907,1,False,0.0,954.0,2.0,1,0,2,[1. 1.],[1 2],,1,0.6,0.7,0.30000000000000004,[1. 1.]
1907,2.0,1908,0,False,1.0,954.0,0.0,1,1,0,[0. 0.],[1 2],0.0,1,0.6,0.7,0.30000000000000004,[1. 1.]
1908,0.0,1909,1,False,0.0,955.0,1.0,1,0,2,[0. 0.],[1 2],0.0,1,0.6,0.7,0.30000000000000004,[1. 1.]
1909,1.0,1910,0,False,0.0,955.0,0.0,1,1,0,[0. 1.],[2 1],0.0,1,0.6,0.7,0.30000000000000004,[1. 1.]
1910,0.0,1911,1,False,0.0,956.0,1.0,1,0,2,[0. 1.],[2 1],0.0,1,0.6,0.7,0.30000000000000004,[1. 1.]
1911,1.0,1912,0,False,0.0,956.0,0.0,1,1,0,[0. 1.],[2 1],,1,0.6,0.7,0.30000000000000004,[1. 1.]
1912,0.0,1913,1,False,0.0,957.0,1.0,1,0,2,[0. 1.],[2 1],,1,0.6,0.7,0.30000000000000004,[1. 1.]
1913,1.0,1914,0,False,0.0,957.0,0.0,1,1,0,[0. 1.],[2 1],,1,0.6,0.7,0.30000000000000004,[1. 1.]
1914,0.0,1915,1,False,0.0,958.0,2.0,1,0,1,[0. 1.],[2 1],,1,0.6,0.7,0.30000000000000004,[1. 1.]
1915,2.0,1916,0,False,1.0,958.0,0.0,1,1,0,[1. 1.],[2 1],0.0,1,0.6,0.7,0.30000000000000004,[1. 1.]
1916,0.0,1917,1,False,0.0,959.0,1.0,1,0,1,[1. 1.],[2 1],0.0,1,0.6,0.7,0.30000000000000004,[1. 1.]
1917,1.0,1918,0,False,1.0,959.0,0.0,1,1,0,[0. 1.],[2 1],0.0,1,0.6,0.7,0.30000000000000004,[1. 1.]
1918,0.0,1919,1,False,0.0,960.0,1.0,1,0,1,[0. 1.],[2 1],0.0,1,0.6,0.7,0.30000000000000004,[1. 1.]
1919,1.0,1920,0,False,1.0,960.0,0.0,1,1,0,[0. 1.],[2 1],,1,0.6,0.7,0.30000000000000004,[1. 1.]
1920,0.0,1921,1,False,0.0,961.0,2.0,1,0,1,[0. 1.],[2 1],,1,0.6,0.7,0.30000000000000004,[1. 1.]
1921,2.0,1922,0,False,1.0,961.0,0.0,1,1,0,[0. 1.],[2 1],1.0,1,0.6,0.7,0.30000000000000004,[1. 1.]
1922,0.0,1923,1,False,0.0,962.0,2.0,1,0,1,[0. 1.],[2 1],1.0,1,0.6,0.7,0.30000000000000004,[1. 1.]
1923,2.0,1924,0,False,1.0,962.0,0.0,1,1,0,[0. 0.],[2 1],1.0,1,0.6,0.7,0.30000000000000004,[1. 1.]
1924,0.0,1925,1,False,0.0,963.0,2.0,1,0,1,[0. 0.],[2 1],1.0,1,0.6,0.7,0.30000000000000004,[1. 1.]
1925,2.0,1926,0,False,0.0,963.0,0.0,1,1,0,[0. 1.],[2 1],,1,0.6,0.7,0.30000000000000004,[1. 1.]
1926,0.0,1927,1,False,0.0,964.0,2.0,1,0,1,[0. 1.],[2 1],,1,0.6,0.7,0.30000000000000004,[1. 1.]
1927,2.0,1928,0,False,1.0,964.0,0.0,1,1,0,[1. 1.],[2 1],1.0,1,0.6,0.7,0.30000000000000004,[1. 1.]
1928,0.0,1929,1,False,0.0,965.0,2.0,1,0,1,[1. 1.],[2 1],1.0,1,0.6,0.7,0.30000000000000004,[1. 1.]
1929,2.0,1930,0,False,1.0,965.0,0.0,1,1,0,[0. 1.],[2 1],,1,0.6,0.7,0.30000000000000004,[1. 1.]
1930,0.0,1931,1,False,0.0,966.0,2.0,1,0,1,[0. 1.],[2 1],,1,0.6,0.7,0.30000000000000004,[1. 1.]
1931,2.0,1932,0,False,1.0,966.0,0.0,1,1,0,[0. 1.],[2 1],1.0,1,0.6,0.7,0.30000000000000004,[1. 1.]
1932,0.0,1933,1,False,0.0,967.0,2.0,1,0,1,[0. 1.],[2 1],1.0,1,0.6,0.7,0.30000000000000004,[1. 1.]
1933,2.0,1934,0,False,1.0,967.0,0.0,1,1,0,[0. 1.],[2 1],,1,0.6,0.7,0.30000000000000004,[1. 1.]
1934,0.0,1935,1,False,0.0,968.0,2.0,1,0,1,[0. 1.],[2 1],,1,0.6,0.7,0.30000000000000004,[1. 1.]
1935,2.0,1936,0,False,1.0,968.0,0.0,1,1,0,[0. 1.],[2 1],0.0,1,0.6,0.7,0.30000000000000004,[1. 1.]
1936,0.0,1937,1,False,0.0,969.0,1.0,1,0,1,[0. 1.],[2 1],0.0,1,0.6,0.7,0.30000000000000004,[1. 1.]
1937,1.0,1938,0,False,1.0,969.0,0.0,1,1,0,[0. 1.],[2 1],1.0,1,0.6,0.7,0.30000000000000004,[1. 1.]
1938,0.0,1939,1,False,0.0,970.0,2.0,1,0,1,[0. 1.],[2 1],1.0,1,0.6,0.7,0.30000000000000004,[1. 1.]
1939,2.0,1940,0,False,1.0,970.0,0.0,1,1,0,[1. 1.],[2 1],,1,0.6,0.7,0.30000000000000004,[1. 1.]
1940,0.0,1941,1,False,0.0,971.0,2.0,1,0,1,[1. 1.],[2 1],,1,0.6,0.7,0.30000000000000004,[1. 1.]
1941,2.0,1942,0,False,1.0,971.0,0.0,1,1,0,[0. 1.],[2 1],,1,0.6,0.7,0.30000000000000004,[1. 1.]
1942,0.0,1943,1,False,0.0,972.0,2.0,1,0,1,[0. 1.],[2 1],,1,0.6,0.7,0.30000000000000004,[1. 1.]
1943,2.0,1944,0,False,1.0,972.0,0.0,1,1,0,[0. 1.],[2 1],0.0,1,0.6,0.7,0.30000000000000004,[1. 1.]
1944,0.0,1945,1,False,0.0,973.0,1.0,1,0,1,[0. 1.],[2 1],0.0,1,0.6,0.7,0.30000000000000004,[1. 1.]
1945,1.0,1946,0,False,1.0,973.0,0.0,1,1,0,[0. 0.],[2 1],1.0,1,0.6,0.7,0.30000000000000004,[1. 1.]
1946,0.0,1947,1,False,0.0,974.0,2.0,1,0,1,[0. 0.],[2 1],1.0,1,0.6,0.7,0.30000000000000004,[1. 1.]
1947,2.0,1948,0,False,0.0,974.0,0.0,1,1,0,[0. 0.],[2 1],1.0,1,0.6,0.7,0.30000000000000004,[1. 1.]
1948,0.0,1949,1,False,0.0,975.0,2.0,1,0,1,[0. 0.],[2 1],1.0,1,0.6,0.7,0.30000000000000004,[1. 1.]
1949,2.0,1950,0,False,0.0,975.0,0.0,1,1,0,[1. 1.],[2 1],1.0,1,0.6,0.7,0.30000000000000004,[1. 1.]
1950,0.0,1951,1,False,0.0,976.0,2.0,1,0,1,[1. 1.],[2 1],1.0,1,0.6,0.7,0.30000000000000004,[1. 1.]
1951,2.0,1952,0,False,1.0,976.0,0.0,1,1,0,[0. 1.],[2 1],0.0,1,0.6,0.7,0.30000000000000004,[1. 1.]
1952,0.0,1953,1,False,0.0,977.0,1.0,1,0,1,[0. 1.],[2 1],0.0,1,0.6,0.7,0.30000000000000004,[1. 1.]
1953,1.0,1954,0,False,1.0,977.0,0.0,1,1,0,[0. 1.],[2 1],0.0,1,0.6,0.7,0.30000000000000004,[1. 1.]
1954,0.0,1955,1,False,0.0,978.0,1.0,1,0,1,[0. 1.],[2 1],0.0,1,0.6,0.7,0.30000000000000004,[1. 1.]
1955,1.0,1956,0,False,1.0,978.0,0.0,1,1,0,[0. 1.],[2 1],0.0,1,0.6,0.7,0.30000000000000004,[1. 1.]
1956,0.0,1957,1,False,0.0,979.0,1.0,1,0,1,[0. 1.],[2 1],0.0,1,0.6,0.7,0.30000000000000004,[1. 1.]
1957,1.0,1958,0,False,1.0,979.0,0.0,1,1,0,[1. 1.],[2 1],0.0,1,0.6,0.7,0.30000000000000004,[1. 1.]
1958,0.0,1959,1,False,0.0,980.0,1.0,1,0,1,[1. 1.],[2 1],0.0,1,0.6,0.7,0.30000000000000004,[1. 1.]
1959,1.0,1960,0,False,1.0,980.0,0.0,1,1,0,[0. 1.],[2 1],,1,0.6,0.7,0.30000000000000004,[1. 1.]
1960,0.0,1961,1,False,0.0,981.0,2.0,1,0,1,[0. 1.],[2 1],,1,0.6,0.7,0.30000000000000004,[1. 1.]
1961,2.0,1962,0,False,1.0,981.0,0.0,1,1,0,[1. 1.],[2 1],1.0,1,0.6,0.7,0.30000000000000004,[1. 1.]
1962,0.0,1963,1,False,0.0,982.0,2.0,1,0,1,[1. 1.],[2 1],1.0,1,0.6,0.7,0.30000000000000004,[1. 1.]
1963,2.0,1964,0,False,1.0,982.0,0.0,1,1,0,[0. 0.],[2 1],,1,0.6,0.7,0.30000000000000004,[1. 1.]
1964,0.0,1965,1,False,0.0,983.0,2.0,1,0,1,[0. 0.],[2 1],,1,0.6,0.7,0.30000000000000004,[1. 1.]
1965,2.0,1966,0,False,0.0,983.0,0.0,1,1,0,[1. 1.],[2 1],,1,0.6,0.7,0.30000000000000004,[1. 1.]
1966,0.0,1967,1,False,0.0,984.0,2.0,1,0,1,[1. 1.],[2 1],,1,0.6,0.7,0.30000000000000004,[1. 1.]
1967,2.0,1968,0,False,1.0,984.0,0.0,1,1,0,[0. 1.],[2 1],,1,0.6,0.7,0.30000000000000004,[1. 1.]
1968,0.0,1969,1,False,0.0,985.0,2.0,1,0,1,[0. 1.],[2 1],,1,0.6,0.7,0.30000000000000004,[1. 1.]
1969,2.0,1970,0,False,1.0,985.0,0.0,1,1,0,[1. 0.],[2 1],,1,0.6,0.7,0.30000000000000004,[1. 1.]
1970,0.0,1971,1,False,0.0,986.0,2.0,1,0,1,[1. 0.],[2 1],,1,0.6,0.7,0.30000000000000004,[1. 1.]
1971,2.0,1972,0,False,0.0,986.0,0.0,1,1,0,[0. 1.],[2 1],0.0,1,0.6,0.7,0.30000000000000004,[1. 1.]
1972,0.0,1973,1,False,0.0,987.0,1.0,1,0,1,[0. 1.],[2 1],0.0,1,0.6,0.7,0.30000000000000004,[1. 1.]
1973,1.0,1974,0,False,1.0,987.0,0.0,1,1,0,[0. 1.],[2 1],,1,0.6,0.7,0.30000000000000004,[1. 1.]
1974,0.0,1975,1,False,0.0,988.0,2.0,1,0,1,[0. 1.],[2 1],,1,0.6,0.7,0.30000000000000004,[1. 1.]
1975,2.0,1976,0,False,1.0,988.0,0.0,1,1,0,[0. 1.],[2 1],0.0,1,0.6,0.7,0.30000000000000004,[1. 1.]
1976,0.0,1977,1,False,0.0,989.0,1.0,1,0,1,[0. 1.],[2 1],0.0,1,0.6,0.7,0.30000000000000004,[1. 1.]
1977,1.0,1978,0,False,1.0,989.0,0.0,1,1,0,[0. 1.],[2 1],,1,0.6,0.7,0.30000000000000004,[1. 1.]
1978,0.0,1979,1,False,0.0,990.0,2.0,1,0,1,[0. 1.],[2 1],,1,0.6,0.7,0.30000000000000004,[1. 1.]
1979,2.0,1980,0,False,1.0,990.0,0.0,1,1,0,[0. 1.],[2 1],0.0,1,0.6,0.7,0.30000000000000004,[1. 1.]
1980,0.0,1981,1,False,0.0,991.0,1.0,1,0,1,[0. 1.],[2 1],0.0,1,0.6,0.7,0.30000000000000004,[1. 1.]
1981,1.0,1982,0,False,1.0,991.0,0.0,1,1,0,[0. 0.],[2 1],1.0,1,0.6,0.7,0.30000000000000004,[1. 1.]
1982,0.0,1983,1,False,0.0,992.0,2.0,1,0,1,[0. 0.],[2 1],1.0,1,0.6,0.7,0.30000000000000004,[1. 1.]
1983,2.0,1984,0,False,0.0,992.0,0.0,1,1,0,[1. 1.],[2 1],,1,0.6,0.7,0.30000000000000004,[1. 1.]
1984,0.0,1985,1,False,0.0,993.0,2.0,1,0,1,[1. 1.],[2 1],,1,0.6,0.7,0.30000000000000004,[1. 1.]
1985,2.0,1986,0,False,1.0,993.0,0.0,1,1,0,[0. 1.],[2 1],0.0,1,0.6,0.7,0.30000000000000004,[1. 1.]
1986,0.0,1987,1,False,0.0,994.0,1.0,1,0,1,[0. 1.],[2 1],0.0,1,0.6,0.7,0.30000000000000004,[1. 1.]
1987,1.0,1988,0,False,1.0,994.0,0.0,1,1,0,[0. 1.],[2 1],1.0,1,0.6,0.7,0.30000000000000004,[1. 1.]
1988,0.0,1989,1,False,0.0,995.0,2.0,1,0,1,[0. 1.],[2 1],1.0,1,0.6,0.7,0.30000000000000004,[1. 1.]
1989,2.0,1990,0,False,1.0,995.0,0.0,1,1,0,[0. 1.],[2 1],1.0,1,0.6,0.7,0.30000000000000004,[1. 1.]
1990,0.0,1991,1,False,0.0,996.0,2.0,1,0,1,[0. 1.],[2 1],1.0,1,0.6,0.7,0.30000000000000004,[1. 1.]
1991,2.0,1992,0,False,1.0,996.0,0.0,1,1,0,[0. 1.],[1 2],1.0,1,0.6,0.7,0.30000000000000004,[1. 1.]
1992,0.0,1993,1,False,0.0,997.0,2.0,1,0,1,[0. 1.],[1 2],1.0,1,0.6,0.7,0.30000000000000004,[1. 1.]
1993,2.0,1994,0,False,0.0,997.0,0.0,1,1,0,[0. 1.],[1 2],,1,0.6,0.7,0.30000000000000004,[1. 1.]
1994,0.0,1995,1,False,0.0,998.0,1.0,1,0,1,[0. 1.],[1 2],,1,0.6,0.7,0.30000000000000004,[1. 1.]
1995,1.0,1996,0,False,0.0,998.0,0.0,1,1,0,[0. 0.],[1 2],1.0,1,0.6,0.7,0.30000000000000004,[1. 1.]
1996,0.0,1997,1,False,0.0,999.0,2.0,1,0,1,[0. 0.],[1 2],1.0,1,0.6,0.7,0.30000000000000004,[1. 1.]
1997,2.0,1998,0,False,0.0,999.0,0.0,1,1,0,[0. 0.],[1 2],1.0,1,0.6,0.7,0.30000000000000004,[1. 1.]
1998,0.0,1999,1,False,0.0,1000.0,2.0,1,0,1,[0. 0.],[1 2],1.0,1,0.6,0.7,0.30000000000000004,[1. 1.]
1999,2.0,2000,0,True,0.0,1000.0,0.0,1,1,0,[0. 0.],[1 2],1.0,1,0.6,0.7,0.30000000000000004,[1. 1.]
0,0.0,1,1,False,0.0,1.0,1.0,1,0,1,[0. 0.],[1 2],,1,0.6,0.7,0.30000000000000004,[0. 0.]
1,1.0,2,0,False,0.0,1.0,0.0,1,1,0,[0. 1.],[1 2],,1,0.6,0.7,0.30000000000000004,[0. 0.]
2,0.0,3,1,False,0.0,2.0,2.0,1,0,2,[0. 1.],[1 2],,1,0.6,0.7,0.30000000000000004,[0. 0.]
3,2.0,4,0,False,1.0,2.0,0.0,1,1,0,[0. 1.],[1 2],1.0,1,0.6,0.7,0.30000000000000004,[0. 0.]
4,0.0,5,1,False,0.0,3.0,2.0,1,0,2,[0. 1.],[1 2],1.0,1,0.6,0.7,0.30000000000000004,[0. 0.]
5,2.0,6,0,False,1.0,3.0,0.0,1,1,0,[0. 1.],[1 2],,1,0.6,0.7,0.30000000000000004,[0. 0.]
6,0.0,7,1,False,0.0,4.0,2.0,1,0,2,[0. 1.],[1 2],,1,0.6,0.7,0.30000000000000004,[0. 0.]
7,2.0,8,0,False,1.0,4.0,0.0,1,1,0,[0. 1.],[1 2],,1,0.6,0.7,0.30000000000000004,[0. 0.]
8,0.0,9,1,False,0.0,5.0,2.0,1,0,2,[0. 1.],[1 2],,1,0.6,0.7,0.30000000000000004,[0. 0.]
9,2.0,10,0,False,1.0,5.0,0.0,1,1,0,[1. 0.],[1 2],,0,0.6,0.7,0.30000000000000004,[0. 0.]
10,0.0,11,1,False,0.0,6.0,2.0,1,0,2,[1. 0.],[1 2],,0,0.6,0.7,0.30000000000000004,[0. 0.]
11,2.0,12,0,False,0.0,6.0,0.0,1,1,0,[1. 0.],[1 2],1.0,0,0.6,0.7,0.30000000000000004,[0. 0.]
12,0.0,13,1,False,0.0,7.0,2.0,1,0,2,[1. 0.],[1 2],1.0,0,0.6,0.7,0.30000000000000004,[0. 0.]
13,2.0,14,0,False,0.0,7.0,0.0,1,1,0,[0. 0.],[1 2],,0,0.6,0.7,0.30000000000000004,[0. 0.]
14,0.0,15,1,False,0.0,8.0,2.0,1,0,2,[0. 0.],[1 2],,0,0.6,0.7,0.30000000000000004,[0. 0.]
15,2.0,16,0,False,0.0,8.0,0.0,1,1,0,[1. 0.],[1 2],1.0,0,0.6,0.7,0.30000000000000004,[0. 0.]
16,0.0,17,1,False,0.0,9.0,2.0,1,0,2,[1. 0.],[1 2],1.0,0,0.6,0.7,0.30000000000000004,[0. 0.]
17,2.0,18,0,False,0.0,9.0,0.0,1,1,0,[0. 1.],[1 2],0.0,0,0.6,0.7,0.30000000000000004,[0. 0.]
18,0.0,19,1,False,0.0,10.0,1.0,1,0,2,[0. 1.],[1 2],0.0,0,0.6,0.7,0.30000000000000004,[0. 0.]
19,1.0,20,0,False,1.0,10.0,0.0,1,1,0,[0. 0.],[1 2],,0,0.6,0.7,0.30000000000000004,[0. 0.]
20,0.0,21,1,False,0.0,11.0,2.0,1,0,2,[0. 0.],[1 2],,0,0.6,0.7,0.30000000000000004,[0. 0.]
21,2.0,22,0,False,0.0,11.0,0.0,1,1,0,[0. 1.],[1 2],,0,0.6,0.7,0.30000000000000004,[0. 0.]
22,0.0,23,1,False,0.0,12.0,2.0,1,0,2,[0. 1.],[1 2],,0,0.6,0.7,0.30000000000000004,[0. 0.]
23,2.0,24,0,False,1.0,12.0,0.0,1,1,0,[1. 0.],[1 2],0.0,0,0.6,0.7,0.30000000000000004,[0. 0.]
24,0.0,25,1,False,0.0,13.0,1.0,1,0,2,[1. 0.],[1 2],0.0,0,0.6,0.7,0.30000000000000004,[0. 0.]
25,1.0,26,0,False,0.0,13.0,0.0,1,1,0,[1. 0.],[1 2],0.0,0,0.6,0.7,0.30000000000000004,[0. 0.]
26,0.0,27,1,False,0.0,14.0,1.0,1,0,2,[1. 0.],[1 2],0.0,0,0.6,0.7,0.30000000000000004,[0. 0.]
27,1.0,28,0,False,0.0,14.0,0.0,1,1,0,[1. 0.],[1 2],,0,0.6,0.7,0.30000000000000004,[0. 0.]
28,0.0,29,1,False,0.0,15.0,1.0,1,0,1,[1. 0.],[1 2],,0,0.6,0.7,0.30000000000000004,[0. 0.]
29,1.0,30,0,False,1.0,15.0,0.0,1,1,0,[0. 0.],[1 2],0.0,0,0.6,0.7,0.30000000000000004,[0. 0.]
30,0.0,31,1,False,0.0,16.0,1.0,1,0,1,[0. 0.],[1 2],0.0,0,0.6,0.7,0.30000000000000004,[0. 0.]
31,1.0,32,0,False,0.0,16.0,0.0,1,1,0,[1. 1.],[1 2],0.0,0,0.6,0.7,0.30000000000000004,[0. 0.]
32,0.0,33,1,False,0.0,17.0,1.0,1,0,1,[1. 1.],[1 2],0.0,0,0.6,0.7,0.30000000000000004,[0. 0.]
33,1.0,34,0,False,1.0,17.0,0.0,1,1,0,[1. 1.],[1 2],,0,0.6,0.7,0.30000000000000004,[0. 0.]
34,0.0,35,1,False,0.0,18.0,1.0,1,0,1,[1. 1.],[1 2],,0,0.6,0.7,0.30000000000000004,[0. 0.]
35,1.0,36,0,False,1.0,18.0,0.0,1,1,0,[0. 0.],[1 2],0.0,0,0.6,0.7,0.30000000000000004,[0. 0.]
36,0.0,37,1,False,0.0,19.0,1.0,1,0,1,[0. 0.],[1 2],0.0,0,0.6,0.7,0.30000000000000004,[0. 0.]
37,1.0,38,0,False,0.0,19.0,0.0,1,1,0,[1. 1.],[1 2],,0,0.6,0.7,0.30000000000000004,[0. 0.]
38,0.0,39,1,False,0.0,20.0,1.0,1,0,1,[1. 1.],[1 2],,0,0.6,0.7,0.30000000000000004,[0. 0.]
39,1.0,40,0,False,1.0,20.0,0.0,1,1,0,[0. 0.],[1 2],,0,0.6,0.7,0.30000000000000004,[0. 0.]
40,0.0,41,1,False,0.0,21.0,1.0,1,0,1,[0. 0.],[1 2],,0,0.6,0.7,0.30000000000000004,[0. 0.]
41,1.0,42,0,False,0.0,21.0,0.0,1,1,0,[1. 1.],[1 2],,0,0.6,0.7,0.30000000000000004,[0. 0.]
42,0.0,43,1,False,0.0,22.0,2.0,1,0,2,[1. 1.],[1 2],,0,0.6,0.7,0.30000000000000004,[0. 0.]
43,2.0,44,0,False,1.0,22.0,0.0,1,1,0,[1. 1.],[1 2],,0,0.6,0.7,0.30000000000000004,[0. 0.]
44,0.0,45,1,False,0.0,23.0,2.0,1,0,2,[1. 1.],[1 2],,0,0.6,0.7,0.30000000000000004,[0. 0.]
45,2.0,46,0,False,1.0,23.0,0.0,1,1,0,[0. 0.],[1 2],,0,0.6,0.7,0.30000000000000004,[0. 0.]
46,0.0,47,1,False,0.0,24.0,2.0,1,0,2,[0. 0.],[1 2],,0,0.6,0.7,0.30000000000000004,[0. 0.]
47,2.0,48,0,False,0.0,24.0,0.0,1,1,0,[1. 0.],[1 2],,0,0.6,0.7,0.30000000000000004,[0. 0.]
48,0.0,49,1,False,0.0,25.0,2.0,1,0,2,[1. 0.],[1 2],,0,0.6,0.7,0.30000000000000004,[0. 0.]
49,2.0,50,0,False,0.0,25.0,0.0,1,1,0,[0. 0.],[1 2],,0,0.6,0.7,0.30000000000000004,[0. 0.]
50,0.0,51,1,False,0.0,26.0,2.0,1,0,2,[0. 0.],[1 2],,0,0.6,0.7,0.30000000000000004,[0. 0.]
51,2.0,52,0,False,0.0,26.0,0.0,1,1,0,[1. 0.],[1 2],,0,0.6,0.7,0.30000000000000004,[0. 0.]
52,0.0,53,1,False,0.0,27.0,2.0,1,0,2,[1. 0.],[1 2],,0,0.6,0.7,0.30000000000000004,[0. 0.]
53,2.0,54,0,False,0.0,27.0,0.0,1,1,0,[1. 1.],[1 2],1.0,0,0.6,0.7,0.30000000000000004,[0. 0.]
54,0.0,55,1,False,0.0,28.0,2.0,1,0,1,[1. 1.],[1 2],1.0,0,0.6,0.7,0.30000000000000004,[0. 0.]
55,2.0,56,0,False,1.0,28.0,0.0,1,1,0,[1. 0.],[1 2],1.0,0,0.6,0.7,0.30000000000000004,[0. 0.]
56,0.0,57,1,False,0.0,29.0,2.0,1,0,1,[1. 0.],[1 2],1.0,0,0.6,0.7,0.30000000000000004,[0. 0.]
57,2.0,58,0,False,1.0,29.0,0.0,1,1,0,[1. 0.],[1 2],0.0,0,0.6,0.7,0.30000000000000004,[0. 0.]
58,0.0,59,1,False,0.0,30.0,1.0,1,0,1,[1. 0.],[1 2],0.0,0,0.6,0.7,0.30000000000000004,[0. 0.]
59,1.0,60,0,False,1.0,30.0,0.0,1,1,0,[1. 0.],[1 2],,0,0.6,0.7,0.30000000000000004,[0. 0.]
60,0.0,61,1,False,0.0,31.0,1.0,1,0,1,[1. 0.],[1 2],,0,0.6,0.7,0.30000000000000004,[0. 0.]
61,1.0,62,0,False,1.0,31.0,0.0,1,1,0,[0. 1.],[1 2],0.0,0,0.6,0.7,0.30000000000000004,[0. 0.]
62,0.0,63,1,False,0.0,32.0,1.0,1,0,1,[0. 1.],[1 2],0.0,0,0.6,0.7,0.30000000000000004,[0. 0.]
63,1.0,64,0,False,0.0,32.0,0.0,1,1,0,[1. 1.],[1 2],0.0,0,0.6,0.7,0.30000000000000004,[0. 0.]
64,0.0,65,1,False,0.0,33.0,1.0,1,0,1,[1. 1.],[1 2],0.0,0,0.6,0.7,0.30000000000000004,[0. 0.]
65,1.0,66,0,False,1.0,33.0,0.0,1,1,0,[1. 1.],[1 2],,0,0.6,0.7,0.30000000000000004,[0. 0.]
66,0.0,67,1,False,0.0,34.0,1.0,1,0,1,[1. 1.],[1 2],,0,0.6,0.7,0.30000000000000004,[0. 0.]
67,1.0,68,0,False,1.0,34.0,0.0,1,1,0,[1. 0.],[1 2],,0,0.6,0.7,0.30000000000000004,[0. 0.]
68,0.0,69,1,False,0.0,35.0,1.0,1,0,1,[1. 0.],[1 2],,0,0.6,0.7,0.30000000000000004,[0. 0.]
69,1.0,70,0,False,1.0,35.0,0.0,1,1,0,[1. 0.],[1 2],1.0,0,0.6,0.7,0.30000000000000004,[0. 0.]
70,0.0,71,1,False,0.0,36.0,2.0,1,0,1,[1. 0.],[1 2],1.0,0,0.6,0.7,0.30000000000000004,[0. 0.]
71,2.0,72,0,False,1.0,36.0,0.0,1,1,0,[1. 1.],[1 2],1.0,0,0.6,0.7,0.30000000000000004,[0. 0.]
72,0.0,73,1,False,0.0,37.0,2.0,1,0,1,[1. 1.],[1 2],1.0,0,0.6,0.7,0.30000000000000004,[0. 0.]
73,2.0,74,0,False,1.0,37.0,0.0,1,1,0,[1. 0.],[1 2],,0,0.6,0.7,0.30000000000000004,[0. 0.]
74,0.0,75,1,False,0.0,38.0,1.0,1,0,1,[1. 0.],[1 2],,0,0.6,0.7,0.30000000000000004,[0. 0.]
75,1.0,76,0,False,1.0,38.0,0.0,1,1,0,[1. 0.],[1 2],,0,0.6,0.7,0.30000000000000004,[0. 0.]
76,0.0,77,1,False,0.0,39.0,1.0,1,0,1,[1. 0.],[1 2],,0,0.6,0.7,0.30000000000000004,[0. 0.]
77,1.0,78,0,False,1.0,39.0,0.0,1,1,0,[1. 0.],[1 2],,1,0.6,0.7,0.30000000000000004,[0. 0.]
78,0.0,79,1,False,0.0,40.0,1.0,1,0,1,[1. 0.],[1 2],,1,0.6,0.7,0.30000000000000004,[0. 0.]
79,1.0,80,0,False,1.0,40.0,0.0,1,1,0,[0. 0.],[1 2],0.0,1,0.6,0.7,0.30000000000000004,[0. 0.]
80,0.0,81,1,False,0.0,41.0,1.0,1,0,1,[0. 0.],[1 2],0.0,1,0.6,0.7,0.30000000000000004,[0. 0.]
81,1.0,82,0,False,0.0,41.0,0.0,1,1,0,[0. 1.],[1 2],,1,0.6,0.7,0.30000000000000004,[0. 0.]
82,0.0,83,1,False,0.0,42.0,1.0,1,0,1,[0. 1.],[1 2],,1,0.6,0.7,0.30000000000000004,[0. 0.]
83,1.0,84,0,False,0.0,42.0,0.0,1,1,0,[0. 0.],[1 2],,1,0.6,0.7,0.30000000000000004,[0. 0.]
84,0.0,85,1,False,0.0,43.0,1.0,1,0,1,[0. 0.],[1 2],,1,0.6,0.7,0.30000000000000004,[0. 0.]
85,1.0,86,0,False,0.0,43.0,0.0,1,1,0,[1. 0.],[1 2],,1,0.6,0.7,0.30000000000000004,[0. 0.]
86,0.0,87,1,False,0.0,44.0,2.0,1,0,2,[1. 0.],[1 2],,1,0.6,0.7,0.30000000000000004,[0. 0.]
87,2.0,88,0,False,0.0,44.0,0.0,1,1,0,[0. 1.],[1 2],1.0,1,0.6,0.7,0.30000000000000004,[0. 0.]
88,0.0,89,1,False,0.0,45.0,2.0,1,0,1,[0. 1.],[1 2],1.0,1,0.6,0.7,0.30000000000000004,[0. 0.]
89,2.0,90,0,False,0.0,45.0,0.0,1,1,0,[0. 1.],[1 2],1.0,1,0.6,0.7,0.30000000000000004,[0. 0.]
90,0.0,91,1,False,0.0,46.0,2.0,1,0,2,[0. 1.],[1 2],1.0,1,0.6,0.7,0.30000000000000004,[0. 0.]
91,2.0,92,0,False,1.0,46.0,0.0,1,1,0,[0. 1.],[1 2],,1,0.6,0.7,0.30000000000000004,[0. 0.]
92,0.0,93,1,False,0.0,47.0,2.0,1,0,2,[0. 1.],[1 2],,1,0.6,0.7,0.30000000000000004,[0. 0.]
93,2.0,94,0,False,1.0,47.0,0.0,1,1,0,[0. 1.],[1 2],,1,0.6,0.7,0.30000000000000004,[0. 0.]
94,0.0,95,1,False,0.0,48.0,2.0,1,0,2,[0. 1.],[1 2],,1,0.6,0.7,0.30000000000000004,[0. 0.]
95,2.0,96,0,False,1.0,48.0,0.0,1,1,0,[1. 1.],[1 2],0.0,1,0.6,0.7,0.30000000000000004,[0. 0.]
96,0.0,97,1,False,0.0,49.0,1.0,1,0,2,[1. 1.],[1 2],0.0,1,0.6,0.7,0.30000000000000004,[0. 0.]
97,1.0,98,0,False,1.0,49.0,0.0,1,1,0,[0. 1.],[1 2],1.0,1,0.6,0.7,0.30000000000000004,[0. 0.]
98,0.0,99,1,False,0.0,50.0,2.0,1,0,2,[0. 1.],[1 2],1.0,1,0.6,0.7,0.30000000000000004,[0. 0.]
99,2.0,100,0,False,1.0,50.0,0.0,1,1,0,[0. 1.],[1 2],0.0,1,0.6,0.7,0.30000000000000004,[0. 0.]
100,0.0,101,1,False,0.0,51.0,1.0,1,0,2,[0. 1.],[1 2],0.0,1,0.6,0.7,0.30000000000000004,[0. 0.]
101,1.0,102,0,False,1.0,51.0,0.0,1,1,0,[0. 0.],[1 2],0.0,1,0.6,0.7,0.30000000000000004,[0. 0.]
102,0.0,103,1,False,0.0,52.0,1.0,1,0,2,[0. 0.],[1 2],0.0,1,0.6,0.7,0.30000000000000004,[0. 0.]
103,1.0,104,0,False,0.0,52.0,0.0,1,1,0,[1. 1.],[1 2],,1,0.6,0.7,0.30000000000000004,[0. 0.]
104,0.0,105,1,False,0.0,53.0,2.0,1,0,2,[1. 1.],[1 2],,1,0.6,0.7,0.30000000000000004,[0. 0.]
105,2.0,106,0,False,1.0,53.0,0.0,1,1,0,[1. 1.],[1 2],,0,0.6,0.7,0.30000000000000004,[0. 0.]
106,0.0,107,1,False,0.0,54.0,2.0,1,0,2,[1. 1.],[1 2],,0,0.6,0.7,0.30000000000000004,[0. 0.]
107,2.0,108,0,False,1.0,54.0,0.0,1,1,0,[1. 0.],[1 2],,0,0.6,0.7,0.30000000000000004,[0. 0.]
108,0.0,109,1,False,0.0,55.0,2.0,1,0,2,[1. 0.],[1 2],,0,0.6,0.7,0.30000000000000004,[0. 0.]
109,2.0,110,0,False,0.0,55.0,0.0,1,1,0,[1. 0.],[1 2],,0,0.6,0.7,0.30000000000000004,[0. 0.]
110,0.0,111,1,False,0.0,56.0,2.0,1,0,2,[1. 0.],[1 2],,0,0.6,0.7,0.30000000000000004,[0. 0.]
111,2.0,112,0,False,0.0,56.0,0.0,1,1,0,[1. 0.],[1 2],0.0,0,0.6,0.7,0.30000000000000004,[0. 0.]
112,0.0,113,1,False,0.0,57.0,1.0,1,0,2,[1. 0.],[1 2],0.0,0,0.6,0.7,0.30000000000000004,[0. 0.]
113,1.0,114,0,False,0.0,57.0,0.0,1,1,0,[1. 0.],[1 2],,0,0.6,0.7,0.30000000000000004,[0. 0.]
114,0.0,115,1,False,0.0,58.0,2.0,1,0,2,[1. 0.],[1 2],,0,0.6,0.7,0.30000000000000004,[0. 0.]
115,2.0,116,0,False,0.0,58.0,0.0,1,1,0,[1. 0.],[1 2],0.0,0,0.6,0.7,0.30000000000000004,[0. 0.]
116,0.0,117,1,False,0.0,59.0,1.0,1,0,2,[1. 0.],[1 2],0.0,0,0.6,0.7,0.30000000000000004,[0. 0.]
117,1.0,118,0,False,0.0,59.0,0.0,1,1,0,[1. 0.],[1 2],,0,0.6,0.7,0.30000000000000004,[0. 0.]
118,0.0,119,1,False,0.0,60.0,1.0,1,0,1,[1. 0.],[1 2],,0,0.6,0.7,0.30000000000000004,[0. 0.]
119,1.0,120,0,False,1.0,60.0,0.0,1,1,0,[0. 0.],[1 2],0.0,0,0.6,0.7,0.30000000000000004,[0. 0.]
120,0.0,121,1,False,0.0,61.0,1.0,1,0,1,[0. 0.],[1 2],0.0,0,0.6,0.7,0.30000000000000004,[0. 0.]
121,1.0,122,0,False,0.0,61.0,0.0,1,1,0,[1. 0.],[2 1],,0,0.6,0.7,0.30000000000000004,[0. 0.]
122,0.0,123,1,False,0.0,62.0,2.0,1,0,1,[1. 0.],[2 1],,0,0.6,0.7,0.30000000000000004,[0. 0.]
123,2.0,124,0,False,0.0,62.0,0.0,1,1,0,[1. 0.],[2 1],,0,0.6,0.7,0.30000000000000004,[0. 0.]
124,0.0,125,1,False,0.0,63.0,1.0,1,0,2,[1. 0.],[2 1],,0,0.6,0.7,0.30000000000000004,[0. 0.]
125,1.0,126,0,False,1.0,63.0,0.0,1,1,0,[1. 0.],[2 1],1.0,0,0.6,0.7,0.30000000000000004,[0. 0.]
126,0.0,127,1,False,0.0,64.0,2.0,1,0,2,[1. 0.],[2 1],1.0,0,0.6,0.7,0.30000000000000004,[0. 0.]
127,2.0,128,0,False,1.0,64.0,0.0,1,1,0,[1. 0.],[2 1],0.0,0,0.6,0.7,0.30000000000000004,[0. 0.]
128,0.0,129,1,False,0.0,65.0,1.0,1,0,2,[1. 0.],[2 1],0.0,0,0.6,0.7,0.30000000000000004,[0. 0.]
129,1.0,130,0,False,1.0,65.0,0.0,1,1,0,[0. 1.],[2 1],0.0,0,0.6,0.7,0.30000000000000004,[0. 0.]
130,0.0,131,1,False,0.0,66.0,1.0,1,0,2,[0. 1.],[2 1],0.0,0,0.6,0.7,0.30000000000000004,[0. 0.]
131,1.0,132,0,False,0.0,66.0,0.0,1,1,0,[1. 0.],[2 1],0.0,0,0.6,0.7,0.30000000000000004,[0. 0.]
132,0.0,133,1,False,0.0,67.0,1.0,1,0,2,[1. 0.],[2 1],0.0,0,0.6,0.7,0.30000000000000004,[0. 0.]
133,1.0,134,0,False,1.0,67.0,0.0,1,1,0,[0. 0.],[2 1],,0,0.6,0.7,0.30000000000000004,[0. 0.]
134,0.0,135,1,False,0.0,68.0,1.0,1,0,2,[0. 0.],[2 1],,0,0.6,0.7,0.30000000000000004,[0. 0.]
135,1.0,136,0,False,0.0,68.0,0.0,1,1,0,[1. 1.],[2 1],,0,0.6,0.7,0.30000000000000004,[0. 0.]
136,0.0,137,1,False,0.0,69.0,1.0,1,0,2,[1. 1.],[2 1],,0,0.6,0.7,0.30000000000000004,[0. 0.]
137,1.0,138,0,False,1.0,69.0,0.0,1,1,0,[1. 0.],[2 1],1.0,0,0.6,0.7,0.30000000000000004,[0. 0.]
138,0.0,139,1,False,0.0,70.0,2.0,1,0,2,[1. 0.],[2 1],1.0,0,0.6,0.7,0.30000000000000004,[0. 0.]
139,2.0,140,0,False,1.0,70.0,0.0,1,1,0,[0. 1.],[2 1],0.0,0,0.6,0.7,0.30000000000000004,[0. 0.]
140,0.0,141,1,False,0.0,71.0,1.0,1,0,2,[0. 1.],[2 1],0.0,0,0.6,0.7,0.30000000000000004,[0. 0.]
141,1.0,142,0,False,0.0,71.0,0.0,1,1,0,[1. 0.],[2 1],0.0,0,0.6,0.7,0.30000000000000004,[0. 0.]
142,0.0,143,1,False,0.0,72.0,1.0,1,0,2,[1. 0.],[2 1],0.0,0,0.6,0.7,0.30000000000000004,[0. 0.]
143,1.0,144,0,False,1.0,72.0,0.0,1,1,0,[0. 1.],[2 1],1.0,0,0.6,0.7,0.30000000000000004,[0. 0.]
144,0.0,145,1,False,0.0,73.0,2.0,1,0,2,[0. 1.],[2 1],1.0,0,0.6,0.7,0.30000000000000004,[0. 0.]
145,2.0,146,0,False,0.0,73.0,0.0,1,1,0,[1. 1.],[2 1],1.0,0,0.6,0.7,0.30000000000000004,[0. 0.]
146,0.0,147,1,False,0.0,74.0,2.0,1,0,2,[1. 1.],[2 1],1.0,0,0.6,0.7,0.30000000000000004,[0. 0.]
147,2.0,148,0,False,1.0,74.0,0.0,1,1,0,[0. 1.],[2 1],1.0,0,0.6,0.7,0.30000000000000004,[0. 0.]
148,0.0,149,1,False,0.0,75.0,2.0,1,0,2,[0. 1.],[2 1],1.0,0,0.6,0.7,0.30000000000000004,[0. 0.]
149,2.0,150,0,False,0.0,75.0,0.0,1,1,0,[1. 0.],[2 1],1.0,0,0.6,0.7,0.30000000000000004,[0. 0.]
150,0.0,151,1,False,0.0,76.0,2.0,1,0,2,[1. 0.],[2 1],1.0,0,0.6,0.7,0.30000000000000004,[0. 0.]
151,2.0,152,0,False,1.0,76.0,0.0,1,1,0,[0. 0.],[2 1],1.0,0,0.6,0.7,0.30000000000000004,[0. 0.]
152,0.0,153,1,False,0.0,77.0,2.0,1,0,2,[0. 0.],[2 1],1.0,0,0.6,0.7,0.30000000000000004,[0. 0.]
153,2.0,154,0,False,0.0,77.0,0.0,1,1,0,[1. 1.],[2 1],,0,0.6,0.7,0.30000000000000004,[0. 0.]
154,0.0,155,1,False,0.0,78.0,1.0,1,0,2,[1. 1.],[2 1],,0,0.6,0.7,0.30000000000000004,[0. 0.]
155,1.0,156,0,False,1.0,78.0,0.0,1,1,0,[0. 0.],[2 1],0.0,0,0.6,0.7,0.30000000000000004,[0. 0.]
156,0.0,157,1,False,0.0,79.0,1.0,1,0,2,[0. 0.],[2 1],0.0,0,0.6,0.7,0.30000000000000004,[0. 0.]
157,1.0,158,0,False,0.0,79.0,0.0,1,1,0,[0. 0.],[2 1],0.0,0,0.6,0.7,0.30000000000000004,[0. 0.]
158,0.0,159,1,False,0.0,80.0,1.0,1,0,2,[0. 0.],[2 1],0.0,0,0.6,0.7,0.30000000000000004,[0. 0.]
159,1.0,160,0,False,0.0,80.0,0.0,1,1,0,[1. 1.],[2 1],0.0,0,0.6,0.7,0.30000000000000004,[0. 0.]
160,0.0,161,1,False,0.0,81.0,1.0,1,0,1,[1. 1.],[2 1],0.0,0,0.6,0.7,0.30000000000000004,[0. 0.]
161,1.0,162,0,False,1.0,81.0,0.0,1,1,0,[1. 0.],[2 1],0.0,0,0.6,0.7,0.30000000000000004,[0. 0.]
162,0.0,163,1,False,0.0,82.0,1.0,1,0,1,[1. 0.],[2 1],0.0,0,0.6,0.7,0.30000000000000004,[0. 0.]
163,1.0,164,0,False,0.0,82.0,0.0,1,1,0,[0. 1.],[2 1],0.0,0,0.6,0.7,0.30000000000000004,[0. 0.]
164,0.0,165,1,False,0.0,83.0,1.0,1,0,1,[0. 1.],[2 1],0.0,0,0.6,0.7,0.30000000000000004,[0. 0.]
165,1.0,166,0,False,1.0,83.0,0.0,1,1,0,[1. 0.],[2 1],1.0,0,0.6,0.7,0.30000000000000004,[0. 0.]
166,0.0,167,1,False,0.0,84.0,2.0,1,0,1,[1. 0.],[2 1],1.0,0,0.6,0.7,0.30000000000000004,[0. 0.]
167,2.0,168,0,False,0.0,84.0,0.0,1,1,0,[1. 0.],[2 1],,0,0.6,0.7,0.30000000000000004,[0. 0.]
168,0.0,169,1,False,0.0,85.0,2.0,1,0,1,[1. 0.],[2 1],,0,0.6,0.7,0.30000000000000004,[0. 0.]
169,2.0,170,0,False,0.0,85.0,0.0,1,1,0,[0. 1.],[2 1],1.0,0,0.6,0.7,0.30000000000000004,[0. 0.]
170,0.0,171,1,False,0.0,86.0,2.0,1,0,1,[0. 1.],[2 1],1.0,0,0.6,0.7,0.30000000000000004,[0. 0.]
171,2.0,172,0,False,1.0,86.0,0.0,1,1,0,[1. 0.],[2 1],1.0,0,0.6,0.7,0.30000000000000004,[0. 0.]
172,0.0,173,1,False,0.0,87.0,2.0,1,0,1,[1. 0.],[2 1],1.0,0,0.6,0.7,0.30000000000000004,[0. 0.]
173,2.0,174,0,False,0.0,87.0,0.0,1,1,0,[1. 1.],[2 1],1.0,0,0.6,0.7,0.30000000000000004,[0. 0.]
174,0.0,175,1,False,0.0,88.0,2.0,1,0,1,[1. 1.],[2 1],1.0,0,0.6,0.7,0.30000000000000004,[0. 0.]
175,2.0,176,0,False,1.0,88.0,0.0,1,1,0,[1. 0.],[2 1],1.0,0,0.6,0.7,0.30000000000000004,[0. 0.]
176,0.0,177,1,False,0.0,89.0,2.0,1,0,1,[1. 0.],[2 1],1.0,0,0.6,0.7,0.30000000000000004,[0. 0.]
177,2.0,178,0,False,0.0,89.0,0.0,1,1,0,[1. 0.],[2 1],,0,0.6,0.7,0.30000000000000004,[0. 0.]
178,0.0,179,1,False,0.0,90.0,2.0,1,0,1,[1. 0.],[2 1],,0,0.6,0.7,0.30000000000000004,[0. 0.]
179,2.0,180,0,False,0.0,90.0,0.0,1,1,0,[1. 0.],[2 1],1.0,0,0.6,0.7,0.30000000000000004,[0. 0.]
180,0.0,181,1,False,0.0,91.0,2.0,1,0,1,[1. 0.],[2 1],1.0,0,0.6,0.7,0.30000000000000004,[0. 0.]
181,2.0,182,0,False,0.0,91.0,0.0,1,1,0,[0. 0.],[2 1],0.0,0,0.6,0.7,0.30000000000000004,[0. 0.]
182,0.0,183,1,False,0.0,92.0,1.0,1,0,1,[0. 0.],[2 1],0.0,0,0.6,0.7,0.30000000000000004,[0. 0.]
183,1.0,184,0,False,0.0,92.0,0.0,1,1,0,[0. 0.],[2 1],0.0,0,0.6,0.7,0.30000000000000004,[0. 0.]
184,0.0,185,1,False,0.0,93.0,1.0,1,0,2,[0. 0.],[2 1],0.0,0,0.6,0.7,0.30000000000000004,[0. 0.]
185,1.0,186,0,False,0.0,93.0,0.0,1,1,0,[1. 0.],[2 1],,0,0.6,0.7,0.30000000000000004,[0. 0.]
186,0.0,187,1,False,0.0,94.0,2.0,1,0,1,[1. 0.],[2 1],,0,0.6,0.7,0.30000000000000004,[0. 0.]
187,2.0,188,0,False,0.0,94.0,0.0,1,1,0,[1. 0.],[2 1],,0,0.6,0.7,0.30000000000000004,[0. 0.]
188,0.0,189,1,False,0.0,95.0,2.0,1,0,1,[1. 0.],[2 1],,0,0.6,0.7,0.30000000000000004,[0. 0.]
189,2.0,190,0,False,0.0,95.0,0.0,1,1,0,[0. 0.],[2 1],1.0,0,0.6,0.7,0.30000000000000004,[0. 0.]
190,0.0,191,1,False,0.0,96.0,2.0,1,0,1,[0. 0.],[2 1],1.0,0,0.6,0.7,0.30000000000000004,[0. 0.]
191,2.0,192,0,False,0.0,96.0,0.0,1,1,0,[1. 0.],[2 1],1.0,0,0.6,0.7,0.30000000000000004,[0. 0.]
192,0.0,193,1,False,0.0,97.0,2.0,1,0,2,[1. 0.],[2 1],1.0,0,0.6,0.7,0.30000000000000004,[0. 0.]
193,2.0,194,0,False,1.0,97.0,0.0,1,1,0,[1. 0.],[2 1],,0,0.6,0.7,0.30000000000000004,[0. 0.]
194,0.0,195,1,False,0.0,98.0,1.0,1,0,2,[1. 0.],[2 1],,0,0.6,0.7,0.30000000000000004,[0. 0.]
195,1.0,196,0,False,1.0,98.0,0.0,1,1,0,[0. 0.],[2 1],1.0,0,0.6,0.7,0.30000000000000004,[0. 0.]
196,0.0,197,1,False,0.0,99.0,2.0,1,0,2,[0. 0.],[2 1],1.0,0,0.6,0.7,0.30000000000000004,[0. 0.]
197,2.0,198,0,False,0.0,99.0,0.0,1,1,0,[1. 0.],[2 1],,0,0.6,0.7,0.30000000000000004,[0. 0.]
198,0.0,199,1,False,0.0,100.0,1.0,1,0,2,[1. 0.],[2 1],,0,0.6,0.7,0.30000000000000004,[0. 0.]
199,1.0,200,0,False,1.0,100.0,0.0,1,1,0,[1. 0.],[2 1],,0,0.6,0.7,0.30000000000000004,[0. 0.]
200,0.0,201,1,False,0.0,101.0,1.0,1,0,2,[1. 0.],[2 1],,0,0.6,0.7,0.30000000000000004,[0. 0.]
201,1.0,202,0,False,1.0,101.0,0.0,1,1,0,[1. 1.],[2 1],0.0,0,0.6,0.7,0.30000000000000004,[0. 0.]
202,0.0,203,1,False,0.0,102.0,1.0,1,0,2,[1. 1.],[2 1],0.0,0,0.6,0.7,0.30000000000000004,[0. 0.]
203,1.0,204,0,False,1.0,102.0,0.0,1,1,0,[1. 0.],[2 1],,0,0.6,0.7,0.30000000000000004,[0. 0.]
204,0.0,205,1,False,0.0,103.0,1.0,1,0,2,[1. 0.],[2 1],,0,0.6,0.7,0.30000000000000004,[0. 0.]
205,1.0,206,0,False,1.0,103.0,0.0,1,1,0,[1. 0.],[2 1],1.0,0,0.6,0.7,0.30000000000000004,[0. 0.]
206,0.0,207,1,False,0.0,104.0,2.0,1,0,2,[1. 0.],[2 1],1.0,0,0.6,0.7,0.30000000000000004,[0. 0.]
207,2.0,208,0,False,1.0,104.0,0.0,1,1,0,[0. 1.],[2 1],,0,0.6,0.7,0.30000000000000004,[0. 0.]
208,0.0,209,1,False,0.0,105.0,1.0,1,0,2,[0. 1.],[2 1],,0,0.6,0.7,0.30000000000000004,[0. 0.]
209,1.0,210,0,False,0.0,105.0,0.0,1,1,0,[1. 1.],[2 1],,0,0.6,0.7,0.30000000000000004,[0. 0.]
210,0.0,211,1,False,0.0,106.0,1.0,1,0,2,[1. 1.],[2 1],,0,0.6,0.7,0.30000000000000004,[0. 0.]
211,1.0,212,0,False,1.0,106.0,0.0,1,1,0,[1. 0.],[2 1],1.0,0,0.6,0.7,0.30000000000000004,[0. 0.]
212,0.0,213,1,False,0.0,107.0,2.0,1,0,2,[1. 0.],[2 1],1.0,0,0.6,0.7,0.30000000000000004,[0. 0.]
213,2.0,214,0,False,1.0,107.0,0.0,1,1,0,[1. 0.],[1 2],,0,0.6,0.7,0.30000000000000004,[0. 0.]
214,0.0,215,1,False,0.0,108.0,2.0,1,0,2,[1. 0.],[1 2],,0,0.6,0.7,0.30000000000000004,[0. 0.]
215,2.0,216,0,False,0.0,108.0,0.0,1,1,0,[1. 0.],[1 2],,0,0.6,0.7,0.30000000000000004,[0. 0.]
216,0.0,217,1,False,0.0,109.0,2.0,1,0,2,[1. 0.],[1 2],,0,0.6,0.7,0.30000000000000004,[0. 0.]
217,2.0,218,0,False,0.0,109.0,0.0,1,1,0,[1. 0.],[1 2],0.0,0,0.6,0.7,0.30000000000000004,[0. 0.]
218,0.0,219,1,False,0.0,110.0,1.0,1,0,2,[1. 0.],[1 2],0.0,0,0.6,0.7,0.30000000000000004,[0. 0.]
219,1.0,220,0,False,0.0,110.0,0.0,1,1,0,[1. 0.],[1 2],1.0,0,0.6,0.7,0.30000000000000004,[0. 0.]
220,0.0,221,1,False,0.0,111.0,2.0,1,0,1,[1. 0.],[1 2],1.0,0,0.6,0.7,0.30000000000000004,[0. 0.]
221,2.0,222,0,False,1.0,111.0,0.0,1,1,0,[1. 0.],[1 2],,0,0.6,0.7,0.30000000000000004,[0. 0.]
222,0.0,223,1,False,0.0,112.0,1.0,1,0,1,[1. 0.],[1 2],,0,0.6,0.7,0.30000000000000004,[0. 0.]
223,1.0,224,0,False,1.0,112.0,0.0,1,1,0,[0. 0.],[1 2],0.0,0,0.6,0.7,0.30000000000000004,[0. 0.]
224,0.0,225,1,False,0.0,113.0,1.0,1,0,1,[0. 0.],[1 2],0.0,0,0.6,0.7,0.30000000000000004,[0. 0.]
225,1.0,226,0,False,0.0,113.0,0.0,1,1,0,[0. 1.],[1 2],,0,0.6,0.7,0.30000000000000004,[0. 0.]
226,0.0,227,1,False,0.0,114.0,1.0,1,0,1,[0. 1.],[1 2],,0,0.6,0.7,0.30000000000000004,[0. 0.]
227,1.0,228,0,False,0.0,114.0,0.0,1,1,0,[1. 0.],[1 2],,0,0.6,0.7,0.30000000000000004,[0. 0.]
228,0.0,229,1,False,0.0,115.0,2.0,1,0,2,[1. 0.],[1 2],,0,0.6,0.7,0.30000000000000004,[0. 0.]
229,2.0,230,0,False,0.0,115.0,0.0,1,1,0,[0. 1.],[1 2],1.0,0,0.6,0.7,0.30000000000000004,[0. 0.]
230,0.0,231,1,False,0.0,116.0,2.0,1,0,1,[0. 1.],[1 2],1.0,0,0.6,0.7,0.30000000000000004,[0. 0.]
231,2.0,232,0,False,0.0,116.0,0.0,1,1,0,[1. 0.],[1 2],1.0,0,0.6,0.7,0.30000000000000004,[0. 0.]
232,0.0,233,1,False,0.0,117.0,2.0,1,0,1,[1. 0.],[1 2],1.0,0,0.6,0.7,0.30000000000000004,[0. 0.]
233,2.0,234,0,False,1.0,117.0,0.0,1,1,0,[1. 0.],[1 2],1.0,0,0.6,0.7,0.30000000000000004,[0. 0.]
234,0.0,235,1,False,0.0,118.0,2.0,1,0,1,[1. 0.],[1 2],1.0,0,0.6,0.7,0.30000000000000004,[0. 0.]
235,2.0,236,0,False,1.0,118.0,0.0,1,1,0,[1. 1.],[1 2],0.0,0,0.6,0.7,0.30000000000000004,[0. 0.]
236,0.0,237,1,False,0.0,119.0,1.0,1,0,1,[1. 1.],[1 2],0.0,0,0.6,0.7,0.30000000000000004,[0. 0.]
237,1.0,238,0,False,1.0,119.0,0.0,1,1,0,[0. 0.],[1 2],,0,0.6,0.7,0.30000000000000004,[0. 0.]
238,0.0,239,1,False,0.0,120.0,1.0,1,0,1,[0. 0.],[1 2],,0,0.6,0.7,0.30000000000000004,[0. 0.]
239,1.0,240,0,False,0.0,120.0,0.0,1,1,0,[0. 0.],[1 2],1.0,0,0.6,0.7,0.30000000000000004,[0. 0.]
240,0.0,241,1,False,0.0,121.0,2.0,1,0,1,[0. 0.],[1 2],1.0,0,0.6,0.7,0.30000000000000004,[0. 0.]
241,2.0,242,0,False,0.0,121.0,0.0,1,1,0,[1. 0.],[1 2],1.0,0,0.6,0.7,0.30000000000000004,[0. 0.]
242,0.0,243,1,False,0.0,122.0,2.0,1,0,1,[1. 0.],[1 2],1.0,0,0.6,0.7,0.30000000000000004,[0. 0.]
243,2.0,244,0,False,1.0,122.0,0.0,1,1,0,[1. 1.],[1 2],0.0,0,0.6,0.7,0.30000000000000004,[0. 0.]
244,0.0,245,1,False,0.0,123.0,1.0,1,0,1,[1. 1.],[1 2],0.0,0,0.6,0.7,0.30000000000000004,[0. 0.]
245,1.0,246,0,False,1.0,123.0,0.0,1,1,0,[0. 0.],[1 2],,0,0.6,0.7,0.30000000000000004,[0. 0.]
246,0.0,247,1,False,0.0,124.0,1.0,1,0,1,[0. 0.],[1 2],,0,0.6,0.7,0.30000000000000004,[0. 0.]
247,1.0,248,0,False,0.0,124.0,0.0,1,1,0,[0. 1.],[1 2],0.0,0,0.6,0.7,0.30000000000000004,[0. 0.]
248,0.0,249,1,False,0.0,125.0,1.0,1,0,1,[0. 1.],[1 2],0.0,0,0.6,0.7,0.30000000000000004,[0. 0.]
249,1.0,250,0,False,0.0,125.0,0.0,1,1,0,[1. 1.],[1 2],0.0,0,0.6,0.7,0.30000000000000004,[0. 0.]
250,0.0,251,1,False,0.0,126.0,1.0,1,0,2,[1. 1.],[1 2],0.0,0,0.6,0.7,0.30000000000000004,[0. 0.]
251,1.0,252,0,False,1.0,126.0,0.0,1,1,0,[1. 1.],[1 2],,0,0.6,0.7,0.30000000000000004,[0. 0.]
252,0.0,253,1,False,0.0,127.0,2.0,1,0,2,[1. 1.],[1 2],,0,0.6,0.7,0.30000000000000004,[0. 0.]
253,2.0,254,0,False,1.0,127.0,0.0,1,1,0,[1. 1.],[2 1],,0,0.6,0.7,0.30000000000000004,[0. 0.]
254,0.0,255,1,False,0.0,128.0,1.0,1,0,2,[1. 1.],[2 1],,0,0.6,0.7,0.30000000000000004,[0. 0.]
255,1.0,256,0,False,1.0,128.0,0.0,1,1,0,[0. 0.],[1 2],,0,0.6,0.7,0.30000000000000004,[0. 0.]
256,0.0,257,1,False,0.0,129.0,2.0,1,0,2,[0. 0.],[1 2],,0,0.6,0.7,0.30000000000000004,[0. 0.]
257,2.0,258,0,False,0.0,129.0,0.0,1,1,0,[0. 1.],[1 2],,0,0.6,0.7,0.30000000000000004,[0. 0.]
258,0.0,259,1,False,0.0,130.0,2.0,1,0,2,[0. 1.],[1 2],,0,0.6,0.7,0.30000000000000004,[0. 0.]
259,2.0,260,0,False,1.0,130.0,0.0,1,1,0,[1. 0.],[1 2],,0,0.6,0.7,0.30000000000000004,[0. 0.]
260,0.0,261,1,False,0.0,131.0,2.0,1,0,2,[1. 0.],[1 2],,0,0.6,0.7,0.30000000000000004,[0. 0.]
261,2.0,262,0,False,0.0,131.0,0.0,1,1,0,[1. 0.],[1 2],,0,0.6,0.7,0.30000000000000004,[0. 0.]
262,0.0,263,1,False,0.0,132.0,2.0,1,0,2,[1. 0.],[1 2],,0,0.6,0.7,0.30000000000000004,[0. 0.]
263,2.0,264,0,False,0.0,132.0,0.0,1,1,0,[1. 0.],[1 2],,0,0.6,0.7,0.30000000000000004,[0. 0.]
264,0.0,265,1,False,0.0,133.0,2.0,1,0,2,[1. 0.],[1 2],,0,0.6,0.7,0.30000000000000004,[0. 0.]
265,2.0,266,0,False,0.0,133.0,0.0,1,1,0,[1. 0.],[1 2],,0,0.6,0.7,0.30000000000000004,[0. 0.]
266,0.0,267,1,False,0.0,134.0,1.0,1,0,1,[1. 0.],[1 2],,0,0.6,0.7,0.30000000000000004,[0. 0.]
267,1.0,268,0,False,1.0,134.0,0.0,1,1,0,[1. 0.],[1 2],1.0,0,0.6,0.7,0.30000000000000004,[0. 0.]
268,0.0,269,1,False,0.0,135.0,2.0,1,0,1,[1. 0.],[1 2],1.0,0,0.6,0.7,0.30000000000000004,[0. 0.]
269,2.0,270,0,False,1.0,135.0,0.0,1,1,0,[1. 0.],[1 2],,0,0.6,0.7,0.30000000000000004,[0. 0.]
270,0.0,271,1,False,0.0,136.0,1.0,1,0,1,[1. 0.],[1 2],,0,0.6,0.7,0.30000000000000004,[0. 0.]
271,1.0,272,0,False,1.0,136.0,0.0,1,1,0,[1. 0.],[1 2],0.0,0,0.6,0.7,0.30000000000000004,[0. 0.]
272,0.0,273,1,False,0.0,137.0,1.0,1,0,1,[1. 0.],[1 2],0.0,0,0.6,0.7,0.30000000000000004,[0. 0.]
273,1.0,274,0,False,1.0,137.0,0.0,1,1,0,[0. 0.],[1 2],,0,0.6,0.7,0.30000000000000004,[0. 0.]
274,0.0,275,1,False,0.0,138.0,1.0,1,0,1,[0. 0.],[1 2],,0,0.6,0.7,0.30000000000000004,[0. 0.]
275,1.0,276,0,False,0.0,138.0,0.0,1,1,0,[1. 0.],[1 2],,0,0.6,0.7,0.30000000000000004,[0. 0.]
276,0.0,277,1,False,0.0,139.0,1.0,1,0,1,[1. 0.],[1 2],,0,0.6,0.7,0.30000000000000004,[0. 0.]
277,1.0,278,0,False,1.0,139.0,0.0,1,1,0,[1. 0.],[1 2],0.0,0,0.6,0.7,0.30000000000000004,[0. 0.]
278,0.0,279,1,False,0.0,140.0,1.0,1,0,1,[1. 0.],[1 2],0.0,0,0.6,0.7,0.30000000000000004,[0. 0.]
279,1.0,280,0,False,1.0,140.0,0.0,1,1,0,[1. 0.],[1 2],1.0,0,0.6,0.7,0.30000000000000004,[0. 0.]
280,0.0,281,1,False,0.0,141.0,2.0,1,0,1,[1. 0.],[1 2],1.0,0,0.6,0.7,0.30000000000000004,[0. 0.]
281,2.0,282,0,False,1.0,141.0,0.0,1,1,0,[0. 0.],[2 1],0.0,0,0.6,0.7,0.30000000000000004,[0. 0.]
282,0.0,283,1,False,0.0,142.0,1.0,1,0,1,[0. 0.],[2 1],0.0,0,0.6,0.7,0.30000000000000004,[0. 0.]
283,1.0,284,0,False,0.0,142.0,0.0,1,1,0,[1. 0.],[2 1],1.0,0,0.6,0.7,0.30000000000000004,[0. 0.]
284,0.0,285,1,False,0.0,143.0,2.0,1,0,1,[1. 0.],[2 1],1.0,0,0.6,0.7,0.30000000000000004,[0. 0.]
285,2.0,286,0,False,0.0,143.0,0.0,1,1,0,[0. 0.],[2 1],,0,0.6,0.7,0.30000000000000004,[0. 0.]
286,0.0,287,1,False,0.0,144.0,2.0,1,0,1,[0. 0.],[2 1],,0,0.6,0.7,0.30000000000000004,[0. 0.]
287,2.0,288,0,False,0.0,144.0,0.0,1,1,0,[1. 0.],[2 1],1.0,0,0.6,0.7,0.30000000000000004,[0. 0.]
288,0.0,289,1,False,0.0,145.0,2.0,1,0,2,[1. 0.],[2 1],1.0,0,0.6,0.7,0.30000000000000004,[0. 0.]
289,2.0,290,0,False,1.0,145.0,0.0,1,1,0,[1. 1.],[2 1],,0,0.6,0.7,0.30000000000000004,[0. 0.]
290,0.0,291,1,False,0.0,146.0,1.0,1,0,2,[1. 1.],[2 1],,0,0.6,0.7,0.30000000000000004,[0. 0.]
291,1.0,292,0,False,1.0,146.0,0.0,1,1,0,[1. 0.],[2 1],0.0,0,0.6,0.7,0.30000000000000004,[0. 0.]
292,0.0,293,1,False,0.0,147.0,1.0,1,0,2,[1. 0.],[2 1],0.0,0,0.6,0.7,0.30000000000000004,[0. 0.]
293,1.0,294,0,False,1.0,147.0,0.0,1,1,0,[1. 0.],[2 1],0.0,0,0.6,0.7,0.30000000000000004,[0. 0.]
294,0.0,295,1,False,0.0,148.0,1.0,1,0,2,[1. 0.],[2 1],0.0,0,0.6,0.7,0.30000000000000004,[0. 0.]
295,1.0,296,0,False,1.0,148.0,0.0,1,1,0,[1. 1.],[2 1],,0,0.6,0.7,0.30000000000000004,[0. 0.]
296,0.0,297,1,False,0.0,149.0,1.0,1,0,2,[1. 1.],[2 1],,0,0.6,0.7,0.30000000000000004,[0. 0.]
297,1.0,298,0,False,1.0,149.0,0.0,1,1,0,[0. 0.],[2 1],,0,0.6,0.7,0.30000000000000004,[0. 0.]
298,0.0,299,1,False,0.0,150.0,1.0,1,0,2,[0. 0.],[2 1],,0,0.6,0.7,0.30000000000000004,[0. 0.]
299,1.0,300,0,False,0.0,150.0,0.0,1,1,0,[1. 0.],[2 1],1.0,0,0.6,0.7,0.30000000000000004,[0. 0.]
300,0.0,301,1,False,0.0,151.0,2.0,1,0,2,[1. 0.],[2 1],1.0,0,0.6,0.7,0.30000000000000004,[0. 0.]
301,2.0,302,0,False,1.0,151.0,0.0,1,1,0,[0. 0.],[2 1],1.0,0,0.6,0.7,0.30000000000000004,[0. 0.]
302,0.0,303,1,False,0.0,152.0,2.0,1,0,2,[0. 0.],[2 1],1.0,0,0.6,0.7,0.30000000000000004,[0. 0.]
303,2.0,304,0,False,0.0,152.0,0.0,1,1,0,[1. 0.],[2 1],1.0,0,0.6,0.7,0.30000000000000004,[0. 0.]
304,0.0,305,1,False,0.0,153.0,2.0,1,0,2,[1. 0.],[2 1],1.0,0,0.6,0.7,0.30000000000000004,[0. 0.]
305,2.0,306,0,False,1.0,153.0,0.0,1,1,0,[1. 1.],[2 1],1.0,0,0.6,0.7,0.30000000000000004,[0. 0.]
306,0.0,307,1,False,0.0,154.0,2.0,1,0,2,[1. 1.],[2 1],1.0,0,0.6,0.7,0.30000000000000004,[0. 0.]
307,2.0,308,0,False,1.0,154.0,0.0,1,1,0,[1. 0.],[2 1],,0,0.6,0.7,0.30000000000000004,[0. 0.]
308,0.0,309,1,False,0.0,155.0,1.0,1,0,2,[1. 0.],[2 1],,0,0.6,0.7,0.30000000000000004,[0. 0.]
309,1.0,310,0,False,1.0,155.0,0.0,1,1,0,[1. 0.],[2 1],0.0,0,0.6,0.7,0.30000000000000004,[0. 0.]
310,0.0,311,1,False,0.0,156.0,1.0,1,0,2,[1. 0.],[2 1],0.0,0,0.6,0.7,0.30000000000000004,[0. 0.]
311,1.0,312,0,False,1.0,156.0,0.0,1,1,0,[0. 0.],[2 1],1.0,0,0.6,0.7,0.30000000000000004,[0. 0.]
312,0.0,313,1,False,0.0,157.0,2.0,1,0,2,[0. 0.],[2 1],1.0,0,0.6,0.7,0.30000000000000004,[0. 0.]
313,2.0,314,0,False,0.0,157.0,0.0,1,1,0,[1. 0.],[2 1],1.0,0,0.6,0.7,0.30000000000000004,[0. 0.]
314,0.0,315,1,False,0.0,158.0,2.0,1,0,2,[1. 0.],[2 1],1.0,0,0.6,0.7,0.30000000000000004,[0. 0.]
315,2.0,316,0,False,1.0,158.0,0.0,1,1,0,[1. 0.],[2 1],,0,0.6,0.7,0.30000000000000004,[0. 0.]
316,0.0,317,1,False,0.0,159.0,1.0,1,0,2,[1. 0.],[2 1],,0,0.6,0.7,0.30000000000000004,[0. 0.]
317,1.0,318,0,False,1.0,159.0,0.0,1,1,0,[1. 0.],[1 2],,0,0.6,0.7,0.30000000000000004,[0. 0.]
318,0.0,319,1,False,0.0,160.0,2.0,1,0,2,[1. 0.],[1 2],,0,0.6,0.7,0.30000000000000004,[0. 0.]
319,2.0,320,0,False,0.0,160.0,0.0,1,1,0,[1. 1.],[1 2],,0,0.6,0.7,0.30000000000000004,[0. 0.]
320,0.0,321,1,False,0.0,161.0,2.0,1,0,2,[1. 1.],[1 2],,0,0.6,0.7,0.30000000000000004,[0. 0.]
321,2.0,322,0,False,1.0,161.0,0.0,1,1,0,[0. 0.],[1 2],,0,0.6,0.7,0.30000000000000004,[0. 0.]
322,0.0,323,1,False,0.0,162.0,1.0,1,0,1,[0. 0.],[1 2],,0,0.6,0.7,0.30000000000000004,[0. 0.]
323,1.0,324,0,False,0.0,162.0,0.0,1,1,0,[1. 1.],[1 2],1.0,0,0.6,0.7,0.30000000000000004,[0. 0.]
324,0.0,325,1,False,0.0,163.0,2.0,1,0,2,[1. 1.],[1 2],1.0,0,0.6,0.7,0.30000000000000004,[0. 0.]
325,2.0,326,0,False,1.0,163.0,0.0,1,1,0,[1. 1.],[1 2],0.0,0,0.6,0.7,0.30000000000000004,[0. 0.]
326,0.0,327,1,False,0.0,164.0,1.0,1,0,2,[1. 1.],[1 2],0.0,0,0.6,0.7,0.30000000000000004,[0. 0.]
327,1.0,328,0,False,1.0,164.0,0.0,1,1,0,[1. 0.],[1 2],0.0,0,0.6,0.7,0.30000000000000004,[0. 0.]
328,0.0,329,1,False,0.0,165.0,1.0,1,0,2,[1. 0.],[1 2],0.0,0,0.6,0.7,0.30000000000000004,[0. 0.]
329,1.0,330,0,False,0.0,165.0,0.0,1,1,0,[0. 0.],[1 2],1.0,0,0.6,0.7,0.30000000000000004,[0. 0.]
330,0.0,331,1,False,0.0,166.0,2.0,1,0,2,[0. 0.],[1 2],1.0,0,0.6,0.7,0.30000000000000004,[0. 0.]
331,2.0,332,0,False,0.0,166.0,0.0,1,1,0,[1. 0.],[1 2],0.0,0,0.6,0.7,0.30000000000000004,[0. 0.]
332,0.0,333,1,False,0.0,167.0,1.0,1,0,1,[1. 0.],[1 2],0.0,0,0.6,0.7,0.30000000000000004,[0. 0.]
333,1.0,334,0,False,1.0,167.0,0.0,1,1,0,[0. 0.],[1 2],0.0,0,0.6,0.7,0.30000000000000004,[0. 0.]
334,0.0,335,1,False,0.0,168.0,1.0,1,0,1,[0. 0.],[1 2],0.0,0,0.6,0.7,0.30000000000000004,[0. 0.]
335,1.0,336,0,False,0.0,168.0,0.0,1,1,0,[0. 0.],[1 2],1.0,0,0.6,0.7,0.30000000000000004,[0. 0.]
336,0.0,337,1,False,0.0,169.0,2.0,1,0,1,[0. 0.],[1 2],1.0,0,0.6,0.7,0.30000000000000004,[0. 0.]
337,2.0,338,0,False,0.0,169.0,0.0,1,1,0,[1. 0.],[1 2],1.0,0,0.6,0.7,0.30000000000000004,[0. 0.]
338,0.0,339,1,False,0.0,170.0,2.0,1,0,2,[1. 0.],[1 2],1.0,0,0.6,0.7,0.30000000000000004,[0. 0.]
339,2.0,340,0,False,0.0,170.0,0.0,1,1,0,[0. 0.],[1 2],,0,0.6,0.7,0.30000000000000004,[0. 0.]
340,0.0,341,1,False,0.0,171.0,1.0,1,0,1,[0. 0.],[1 2],,0,0.6,0.7,0.30000000000000004,[0. 0.]
341,1.0,342,0,False,0.0,171.0,0.0,1,1,0,[1. 0.],[1 2],1.0,0,0.6,0.7,0.30000000000000004,[0. 0.]
342,0.0,343,1,False,0.0,172.0,2.0,1,0,1,[1. 0.],[1 2],1.0,0,0.6,0.7,0.30000000000000004,[0. 0.]
343,2.0,344,0,False,1.0,172.0,0.0,1,1,0,[1. 1.],[1 2],,0,0.6,0.7,0.30000000000000004,[0. 0.]
344,0.0,345,1,False,0.0,173.0,1.0,1,0,1,[1. 1.],[1 2],,0,0.6,0.7,0.30000000000000004,[0. 0.]
345,1.0,346,0,False,1.0,173.0,0.0,1,1,0,[1. 0.],[1 2],,0,0.6,0.7,0.30000000000000004,[0. 0.]
346,0.0,347,1,False,0.0,174.0,1.0,1,0,1,[1. 0.],[1 2],,0,0.6,0.7,0.30000000000000004,[0. 0.]
347,1.0,348,0,False,1.0,174.0,0.0,1,1,0,[1. 0.],[1 2],1.0,0,0.6,0.7,0.30000000000000004,[0. 0.]
348,0.0,349,1,False,0.0,175.0,2.0,1,0,1,[1. 0.],[1 2],1.0,0,0.6,0.7,0.30000000000000004,[0. 0.]
349,2.0,350,0,False,1.0,175.0,0.0,1,1,0,[1. 1.],[1 2],1.0,0,0.6,0.7,0.30000000000000004,[0. 0.]
350,0.0,351,1,False,0.0,176.0,2.0,1,0,1,[1. 1.],[1 2],1.0,0,0.6,0.7,0.30000000000000004,[0. 0.]
351,2.0,352,0,False,1.0,176.0,0.0,1,1,0,[0. 0.],[1 2],,0,0.6,0.7,0.30000000000000004,[0. 0.]
352,0.0,353,1,False,0.0,177.0,1.0,1,0,1,[0. 0.],[1 2],,0,0.6,0.7,0.30000000000000004,[0. 0.]
353,1.0,354,0,False,0.0,177.0,0.0,1,1,0,[1. 0.],[1 2],,0,0.6,0.7,0.30000000000000004,[0. 0.]
354,0.0,355,1,False,0.0,178.0,1.0,1,0,1,[1. 0.],[1 2],,0,0.6,0.7,0.30000000000000004,[0. 0.]
355,1.0,356,0,False,1.0,178.0,0.0,1,1,0,[1. 0.],[1 2],0.0,0,0.6,0.7,0.30000000000000004,[0. 0.]
356,0.0,357,1,False,0.0,179.0,1.0,1,0,1,[1. 0.],[1 2],0.0,0,0.6,0.7,0.30000000000000004,[0. 0.]
357,1.0,358,0,False,1.0,179.0,0.0,1,1,0,[0. 0.],[1 2],1.0,0,0.6,0.7,0.30000000000000004,[0. 0.]
358,0.0,359,1,False,0.0,180.0,2.0,1,0,1,[0. 0.],[1 2],1.0,0,0.6,0.7,0.30000000000000004,[0. 0.]
359,2.0,360,0,False,0.0,180.0,0.0,1,1,0,[0. 0.],[1 2],1.0,0,0.6,0.7,0.30000000000000004,[0. 0.]
360,0.0,361,1,False,0.0,181.0,2.0,1,0,1,[0. 0.],[1 2],1.0,0,0.6,0.7,0.30000000000000004,[0. 0.]
361,2.0,362,0,False,0.0,181.0,0.0,1,1,0,[1. 0.],[1 2],,0,0.6,0.7,0.30000000000000004,[0. 0.]
362,0.0,363,1,False,0.0,182.0,2.0,1,0,2,[1. 0.],[1 2],,0,0.6,0.7,0.30000000000000004,[0. 0.]
363,2.0,364,0,False,0.0,182.0,0.0,1,1,0,[0. 0.],[1 2],,0,0.6,0.7,0.30000000000000004,[0. 0.]
364,0.0,365,1,False,0.0,183.0,1.0,1,0,1,[0. 0.],[1 2],,0,0.6,0.7,0.30000000000000004,[0. 0.]
365,1.0,366,0,False,0.0,183.0,0.0,1,1,0,[1. 0.],[1 2],,0,0.6,0.7,0.30000000000000004,[0. 0.]
366,0.0,367,1,False,0.0,184.0,1.0,1,0,1,[1. 0.],[1 2],,0,0.6,0.7,0.30000000000000004,[0. 0.]
367,1.0,368,0,False,1.0,184.0,0.0,1,1,0,[1. 0.],[1 2],0.0,0,0.6,0.7,0.30000000000000004,[0. 0.]
368,0.0,369,1,False,0.0,185.0,1.0,1,0,1,[1. 0.],[1 2],0.0,0,0.6,0.7,0.30000000000000004,[0. 0.]
369,1.0,370,0,False,1.0,185.0,0.0,1,1,0,[1. 0.],[1 2],,0,0.6,0.7,0.30000000000000004,[0. 0.]
370,0.0,371,1,False,0.0,186.0,1.0,1,0,1,[1. 0.],[1 2],,0,0.6,0.7,0.30000000000000004,[0. 0.]
371,1.0,372,0,False,1.0,186.0,0.0,1,1,0,[1. 1.],[1 2],0.0,0,0.6,0.7,0.30000000000000004,[0. 0.]
372,0.0,373,1,False,0.0,187.0,1.0,1,0,1,[1. 1.],[1 2],0.0,0,0.6,0.7,0.30000000000000004,[0. 0.]
373,1.0,374,0,False,1.0,187.0,0.0,1,1,0,[0. 0.],[1 2],0.0,0,0.6,0.7,0.30000000000000004,[0. 0.]
374,0.0,375,1,False,0.0,188.0,1.0,1,0,1,[0. 0.],[1 2],0.0,0,0.6,0.7,0.30000000000000004,[0. 0.]
375,1.0,376,0,False,0.0,188.0,0.0,1,1,0,[0. 1.],[1 2],1.0,0,0.6,0.7,0.30000000000000004,[0. 0.]
376,0.0,377,1,False,0.0,189.0,2.0,1,0,1,[0. 1.],[1 2],1.0,0,0.6,0.7,0.30000000000000004,[0. 0.]
377,2.0,378,0,False,0.0,189.0,0.0,1,1,0,[1. 0.],[1 2],0.0,0,0.6,0.7,0.30000000000000004,[0. 0.]
378,0.0,379,1,False,0.0,190.0,1.0,1,0,1,[1. 0.],[1 2],0.0,0,0.6,0.7,0.30000000000000004,[0. 0.]
379,1.0,380,0,False,1.0,190.0,0.0,1,1,0,[1. 0.],[1 2],1.0,0,0.6,0.7,0.30000000000000004,[0. 0.]
380,0.0,381,1,False,0.0,191.0,2.0,1,0,1,[1. 0.],[1 2],1.0,0,0.6,0.7,0.30000000000000004,[0. 0.]
381,2.0,382,0,False,1.0,191.0,0.0,1,1,0,[1. 0.],[1 2],,0,0.6,0.7,0.30000000000000004,[0. 0.]
382,0.0,383,1,False,0.0,192.0,1.0,1,0,1,[1. 0.],[1 2],,0,0.6,0.7,0.30000000000000004,[0. 0.]
383,1.0,384,0,False,1.0,192.0,0.0,1,1,0,[1. 1.],[1 2],1.0,0,0.6,0.7,0.30000000000000004,[0. 0.]
384,0.0,385,1,False,0.0,193.0,2.0,1,0,1,[1. 1.],[1 2],1.0,0,0.6,0.7,0.30000000000000004,[0. 0.]
385,2.0,386,0,False,1.0,193.0,0.0,1,1,0,[1. 0.],[1 2],1.0,0,0.6,0.7,0.30000000000000004,[0. 0.]
386,0.0,387,1,False,0.0,194.0,2.0,1,0,1,[1. 0.],[1 2],1.0,0,0.6,0.7,0.30000000000000004,[0. 0.]
387,2.0,388,0,False,1.0,194.0,0.0,1,1,0,[1. 0.],[2 1],0.0,0,0.6,0.7,0.30000000000000004,[0. 0.]
388,0.0,389,1,False,0.0,195.0,1.0,1,0,1,[1. 0.],[2 1],0.0,0,0.6,0.7,0.30000000000000004,[0. 0.]
389,1.0,390,0,False,0.0,195.0,0.0,1,1,0,[1. 0.],[2 1],0.0,0,0.6,0.7,0.30000000000000004,[0. 0.]
390,0.0,391,1,False,0.0,196.0,1.0,1,0,1,[1. 0.],[2 1],0.0,0,0.6,0.7,0.30000000000000004,[0. 0.]
391,1.0,392,0,False,0.0,196.0,0.0,1,1,0,[1. 0.],[2 1],0.0,0,0.6,0.7,0.30000000000000004,[0. 0.]
392,0.0,393,1,False,0.0,197.0,1.0,1,0,1,[1. 0.],[2 1],0.0,0,0.6,0.7,0.30000000000000004,[0. 0.]
393,1.0,394,0,False,0.0,197.0,0.0,1,1,0,[1. 1.],[2 1],0.0,0,0.6,0.7,0.30000000000000004,[0. 0.]
394,0.0,395,1,False,0.0,198.0,1.0,1,0,2,[1. 1.],[2 1],0.0,0,0.6,0.7,0.30000000000000004,[0. 0.]
395,1.0,396,0,False,1.0,198.0,0.0,1,1,0,[1. 0.],[2 1],0.0,0,0.6,0.7,0.30000000000000004,[0. 0.]
396,0.0,397,1,False,0.0,199.0,1.0,1,0,2,[1. 0.],[2 1],0.0,0,0.6,0.7,0.30000000000000004,[0. 0.]
397,1.0,398,0,False,1.0,199.0,0.0,1,1,0,[1. 0.],[2 1],,0,0.6,0.7,0.30000000000000004,[0. 0.]
398,0.0,399,1,False,0.0,200.0,1.0,1,0,2,[1. 0.],[2 1],,0,0.6,0.7,0.30000000000000004,[0. 0.]
399,1.0,400,0,False,1.0,200.0,0.0,1,1,0,[1. 0.],[2 1],1.0,0,0.6,0.7,0.30000000000000004,[0. 0.]
400,0.0,401,1,False,0.0,201.0,2.0,1,0,2,[1. 0.],[2 1],1.0,0,0.6,0.7,0.30000000000000004,[0. 0.]
401,2.0,402,0,False,1.0,201.0,0.0,1,1,0,[1. 0.],[2 1],1.0,0,0.6,0.7,0.30000000000000004,[0. 0.]
402,0.0,403,1,False,0.0,202.0,2.0,1,0,2,[1. 0.],[2 1],1.0,0,0.6,0.7,0.30000000000000004,[0. 0.]
403,2.0,404,0,False,1.0,202.0,0.0,1,1,0,[0. 1.],[2 1],0.0,0,0.6,0.7,0.30000000000000004,[0. 0.]
404,0.0,405,1,False,0.0,203.0,1.0,1,0,2,[0. 1.],[2 1],0.0,0,0.6,0.7,0.30000000000000004,[0. 0.]
405,1.0,406,0,False,0.0,203.0,0.0,1,1,0,[1. 1.],[2 1],,0,0.6,0.7,0.30000000000000004,[0. 0.]
406,0.0,407,1,False,0.0,204.0,1.0,1,0,2,[1. 1.],[2 1],,0,0.6,0.7,0.30000000000000004,[0. 0.]
407,1.0,408,0,False,1.0,204.0,0.0,1,1,0,[0. 0.],[2 1],0.0,0,0.6,0.7,0.30000000000000004,[0. 0.]
408,0.0,409,1,False,0.0,205.0,1.0,1,0,2,[0. 0.],[2 1],0.0,0,0.6,0.7,0.30000000000000004,[0. 0.]
409,1.0,410,0,False,0.0,205.0,0.0,1,1,0,[0. 1.],[2 1],0.0,1,0.6,0.7,0.30000000000000004,[0. 0.]
410,0.0,411,1,False,0.0,206.0,1.0,1,0,2,[0. 1.],[2 1],0.0,1,0.6,0.7,0.30000000000000004,[0. 0.]
411,1.0,412,0,False,0.0,206.0,0.0,1,1,0,[1. 1.],[2 1],1.0,1,0.6,0.7,0.30000000000000004,[0. 0.]
412,0.0,413,1,False,0.0,207.0,2.0,1,0,1,[1. 1.],[2 1],1.0,1,0.6,0.7,0.30000000000000004,[0. 0.]
413,2.0,414,0,False,1.0,207.0,0.0,1,1,0,[1. 1.],[2 1],1.0,1,0.6,0.7,0.30000000000000004,[0. 0.]
414,0.0,415,1,False,0.0,208.0,2.0,1,0,1,[1. 1.],[2 1],1.0,1,0.6,0.7,0.30000000000000004,[0. 0.]
415,2.0,416,0,False,1.0,208.0,0.0,1,1,0,[0. 1.],[2 1],0.0,1,0.6,0.7,0.30000000000000004,[0. 0.]
416,0.0,417,1,False,0.0,209.0,1.0,1,0,1,[0. 1.],[2 1],0.0,1,0.6,0.7,0.30000000000000004,[0. 0.]
417,1.0,418,0,False,1.0,209.0,0.0,1,1,0,[0. 1.],[2 1],0.0,1,0.6,0.7,0.30000000000000004,[0. 0.]
418,0.0,419,1,False,0.0,210.0,1.0,1,0,1,[0. 1.],[2 1],0.0,1,0.6,0.7,0.30000000000000004,[0. 0.]
419,1.0,420,0,False,1.0,210.0,0.0,1,1,0,[1. 1.],[2 1],0.0,1,0.6,0.7,0.30000000000000004,[0. 0.]
420,0.0,421,1,False,0.0,211.0,1.0,1,0,1,[1. 1.],[2 1],0.0,1,0.6,0.7,0.30000000000000004,[0. 0.]
421,1.0,422,0,False,1.0,211.0,0.0,1,1,0,[0. 1.],[2 1],,1,0.6,0.7,0.30000000000000004,[0. 0.]
422,0.0,423,1,False,0.0,212.0,2.0,1,0,1,[0. 1.],[2 1],,1,0.6,0.7,0.30000000000000004,[0. 0.]
423,2.0,424,0,False,1.0,212.0,0.0,1,1,0,[0. 1.],[2 1],,1,0.6,0.7,0.30000000000000004,[0. 0.]
424,0.0,425,1,False,0.0,213.0,2.0,1,0,1,[0. 1.],[2 1],,1,0.6,0.7,0.30000000000000004,[0. 0.]
425,2.0,426,0,False,1.0,213.0,0.0,1,1,0,[0. 1.],[2 1],,1,0.6,0.7,0.30000000000000004,[0. 0.]
426,0.0,427,1,False,0.0,214.0,2.0,1,0,1,[0. 1.],[2 1],,1,0.6,0.7,0.30000000000000004,[0. 0.]
427,2.0,428,0,False,1.0,214.0,0.0,1,1,0,[0. 0.],[2 1],0.0,1,0.6,0.7,0.30000000000000004,[0. 0.]
428,0.0,429,1,False,0.0,215.0,1.0,1,0,1,[0. 0.],[2 1],0.0,1,0.6,0.7,0.30000000000000004,[0. 0.]
429,1.0,430,0,False,0.0,215.0,0.0,1,1,0,[0. 1.],[2 1],,1,0.6,0.7,0.30000000000000004,[0. 0.]
430,0.0,431,1,False,0.0,216.0,2.0,1,0,1,[0. 1.],[2 1],,1,0.6,0.7,0.30000000000000004,[0. 0.]
431,2.0,432,0,False,1.0,216.0,0.0,1,1,0,[0. 1.],[2 1],0.0,1,0.6,0.7,0.30000000000000004,[0. 0.]
432,0.0,433,1,False,0.0,217.0,1.0,1,0,1,[0. 1.],[2 1],0.0,1,0.6,0.7,0.30000000000000004,[0. 0.]
433,1.0,434,0,False,1.0,217.0,0.0,1,1,0,[1. 1.],[2 1],1.0,1,0.6,0.7,0.30000000000000004,[0. 0.]
434,0.0,435,1,False,0.0,218.0,2.0,1,0,1,[1. 1.],[2 1],1.0,1,0.6,0.7,0.30000000000000004,[0. 0.]
435,2.0,436,0,False,1.0,218.0,0.0,1,1,0,[1. 1.],[2 1],,1,0.6,0.7,0.30000000000000004,[0. 0.]
436,0.0,437,1,False,0.0,219.0,2.0,1,0,1,[1. 1.],[2 1],,1,0.6,0.7,0.30000000000000004,[0. 0.]
437,2.0,438,0,False,1.0,219.0,0.0,1,1,0,[1. 1.],[2 1],,1,0.6,0.7,0.30000000000000004,[0. 0.]
438,0.0,439,1,False,0.0,220.0,2.0,1,0,1,[1. 1.],[2 1],,1,0.6,0.7,0.30000000000000004,[0. 0.]
439,2.0,440,0,False,1.0,220.0,0.0,1,1,0,[1. 0.],[2 1],1.0,1,0.6,0.7,0.30000000000000004,[0. 0.]
440,0.0,441,1,False,0.0,221.0,2.0,1,0,1,[1. 0.],[2 1],1.0,1,0.6,0.7,0.30000000000000004,[0. 0.]
441,2.0,442,0,False,0.0,221.0,0.0,1,1,0,[0. 1.],[2 1],1.0,1,0.6,0.7,0.30000000000000004,[0. 0.]
442,0.0,443,1,False,0.0,222.0,2.0,1,0,1,[0. 1.],[2 1],1.0,1,0.6,0.7,0.30000000000000004,[0. 0.]
443,2.0,444,0,False,1.0,222.0,0.0,1,1,0,[0. 1.],[2 1],1.0,1,0.6,0.7,0.30000000000000004,[0. 0.]
444,0.0,445,1,False,0.0,223.0,2.0,1,0,1,[0. 1.],[2 1],1.0,1,0.6,0.7,0.30000000000000004,[0. 0.]
445,2.0,446,0,False,1.0,223.0,0.0,1,1,0,[1. 1.],[2 1],0.0,1,0.6,0.7,0.30000000000000004,[0. 0.]
446,0.0,447,1,False,0.0,224.0,1.0,1,0,1,[1. 1.],[2 1],0.0,1,0.6,0.7,0.30000000000000004,[0. 0.]
447,1.0,448,0,False,1.0,224.0,0.0,1,1,0,[0. 1.],[2 1],,1,0.6,0.7,0.30000000000000004,[0. 0.]
448,0.0,449,1,False,0.0,225.0,2.0,1,0,1,[0. 1.],[2 1],,1,0.6,0.7,0.30000000000000004,[0. 0.]
449,2.0,450,0,False,1.0,225.0,0.0,1,1,0,[1. 1.],[2 1],0.0,1,0.6,0.7,0.30000000000000004,[0. 0.]
450,0.0,451,1,False,0.0,226.0,1.0,1,0,1,[1. 1.],[2 1],0.0,1,0.6,0.7,0.30000000000000004,[0. 0.]
451,1.0,452,0,False,1.0,226.0,0.0,1,1,0,[0. 1.],[2 1],0.0,1,0.6,0.7,0.30000000000000004,[0. 0.]
452,0.0,453,1,False,0.0,227.0,1.0,1,0,1,[0. 1.],[2 1],0.0,1,0.6,0.7,0.30000000000000004,[0. 0.]
453,1.0,454,0,False,1.0,227.0,0.0,1,1,0,[0. 0.],[2 1],,1,0.6,0.7,0.30000000000000004,[0. 0.]
454,0.0,455,1,False,0.0,228.0,2.0,1,0,1,[0. 0.],[2 1],,1,0.6,0.7,0.30000000000000004,[0. 0.]
455,2.0,456,0,False,0.0,228.0,0.0,1,1,0,[0. 1.],[2 1],1.0,1,0.6,0.7,0.30000000000000004,[0. 0.]
456,0.0,457,1,False,0.0,229.0,2.0,1,0,1,[0. 1.],[2 1],1.0,1,0.6,0.7,0.30000000000000004,[0. 0.]
457,2.0,458,0,False,1.0,229.0,0.0,1,1,0,[1. 1.],[2 1],,1,0.6,0.7,0.30000000000000004,[0. 0.]
458,0.0,459,1,False,0.0,230.0,2.0,1,0,1,[1. 1.],[2 1],,1,0.6,0.7,0.30000000000000004,[0. 0.]
459,2.0,460,0,False,1.0,230.0,0.0,1,1,0,[0. 0.],[2 1],,1,0.6,0.7,0.30000000000000004,[0. 0.]
460,0.0,461,1,False,0.0,231.0,2.0,1,0,1,[0. 0.],[2 1],,1,0.6,0.7,0.30000000000000004,[0. 0.]
461,2.0,462,0,False,0.0,231.0,0.0,1,1,0,[0. 0.],[2 1],0.0,1,0.6,0.7,0.30000000000000004,[0. 0.]
462,0.0,463,1,False,0.0,232.0,1.0,1,0,1,[0. 0.],[2 1],0.0,1,0.6,0.7,0.30000000000000004,[0. 0.]
463,1.0,464,0,False,0.0,232.0,0.0,1,1,0,[0. 1.],[2 1],0.0,1,0.6,0.7,0.30000000000000004,[0. 0.]
464,0.0,465,1,False,0.0,233.0,1.0,1,0,2,[0. 1.],[2 1],0.0,1,0.6,0.7,0.30000000000000004,[0. 0.]
465,1.0,466,0,False,0.0,233.0,0.0,1,1,0,[1. 0.],[2 1],0.0,1,0.6,0.7,0.30000000000000004,[0. 0.]
466,0.0,467,1,False,0.0,234.0,1.0,1,0,1,[1. 0.],[2 1],0.0,1,0.6,0.7,0.30000000000000004,[0. 0.]
467,1.0,468,0,False,0.0,234.0,0.0,1,1,0,[0. 0.],[2 1],,1,0.6,0.7,0.30000000000000004,[0. 0.]
468,0.0,469,1,False,0.0,235.0,1.0,1,0,2,[0. 0.],[2 1],,1,0.6,0.7,0.30000000000000004,[0. 0.]
469,1.0,470,0,False,0.0,235.0,0.0,1,1,0,[0. 1.],[2 1],0.0,1,0.6,0.7,0.30000000000000004,[0. 0.]
470,0.0,471,1,False,0.0,236.0,1.0,1,0,1,[0. 1.],[2 1],0.0,1,0.6,0.7,0.30000000000000004,[0. 0.]
471,1.0,472,0,False,1.0,236.0,0.0,1,1,0,[0. 1.],[2 1],,1,0.6,0.7,0.30000000000000004,[0. 0.]
472,0.0,473,1,False,0.0,237.0,2.0,1,0,1,[0. 1.],[2 1],,1,0.6,0.7,0.30000000000000004,[0. 0.]
473,2.0,474,0,False,1.0,237.0,0.0,1,1,0,[1. 1.],[2 1],1.0,1,0.6,0.7,0.30000000000000004,[0. 0.]
474,0.0,475,1,False,0.0,238.0,2.0,1,0,1,[1. 1.],[2 1],1.0,1,0.6,0.7,0.30000000000000004,[0. 0.]
475,2.0,476,0,False,1.0,238.0,0.0,1,1,0,[0. 0.],[2 1],0.0,1,0.6,0.7,0.30000000000000004,[0. 0.]
476,0.0,477,1,False,0.0,239.0,1.0,1,0,1,[0. 0.],[2 1],0.0,1,0.6,0.7,0.30000000000000004,[0. 0.]
477,1.0,478,0,False,0.0,239.0,0.0,1,1,0,[0. 1.],[2 1],0.0,1,0.6,0.7,0.30000000000000004,[0. 0.]
478,0.0,479,1,False,0.0,240.0,1.0,1,0,1,[0. 1.],[2 1],0.0,1,0.6,0.7,0.30000000000000004,[0. 0.]
479,1.0,480,0,False,1.0,240.0,0.0,1,1,0,[0. 1.],[2 1],,1,0.6,0.7,0.30000000000000004,[0. 0.]
480,0.0,481,1,False,0.0,241.0,2.0,1,0,1,[0. 1.],[2 1],,1,0.6,0.7,0.30000000000000004,[0. 0.]
481,2.0,482,0,False,1.0,241.0,0.0,1,1,0,[0. 1.],[2 1],1.0,1,0.6,0.7,0.30000000000000004,[0. 0.]
482,0.0,483,1,False,0.0,242.0,2.0,1,0,1,[0. 1.],[2 1],1.0,1,0.6,0.7,0.30000000000000004,[0. 0.]
483,2.0,484,0,False,1.0,242.0,0.0,1,1,0,[0. 1.],[2 1],,1,0.6,0.7,0.30000000000000004,[0. 0.]
484,0.0,485,1,False,0.0,243.0,2.0,1,0,1,[0. 1.],[2 1],,1,0.6,0.7,0.30000000000000004,[0. 0.]
485,2.0,486,0,False,1.0,243.0,0.0,1,1,0,[0. 1.],[2 1],1.0,1,0.6,0.7,0.30000000000000004,[0. 0.]
486,0.0,487,1,False,0.0,244.0,2.0,1,0,1,[0. 1.],[2 1],1.0,1,0.6,0.7,0.30000000000000004,[0. 0.]
487,2.0,488,0,False,1.0,244.0,0.0,1,1,0,[0. 1.],[2 1],1.0,1,0.6,0.7,0.30000000000000004,[0. 0.]
488,0.0,489,1,False,0.0,245.0,2.0,1,0,1,[0. 1.],[2 1],1.0,1,0.6,0.7,0.30000000000000004,[0. 0.]
489,2.0,490,0,False,1.0,245.0,0.0,1,1,0,[0. 1.],[2 1],0.0,1,0.6,0.7,0.30000000000000004,[0. 0.]
490,0.0,491,1,False,0.0,246.0,1.0,1,0,1,[0. 1.],[2 1],0.0,1,0.6,0.7,0.30000000000000004,[0. 0.]
491,1.0,492,0,False,1.0,246.0,0.0,1,1,0,[0. 0.],[2 1],0.0,1,0.6,0.7,0.30000000000000004,[0. 0.]
492,0.0,493,1,False,0.0,247.0,1.0,1,0,1,[0. 0.],[2 1],0.0,1,0.6,0.7,0.30000000000000004,[0. 0.]
493,1.0,494,0,False,0.0,247.0,0.0,1,1,0,[0. 0.],[2 1],0.0,1,0.6,0.7,0.30000000000000004,[0. 0.]
494,0.0,495,1,False,0.0,248.0,1.0,1,0,1,[0. 0.],[2 1],0.0,1,0.6,0.7,0.30000000000000004,[0. 0.]
495,1.0,496,0,False,0.0,248.0,0.0,1,1,0,[0. 1.],[2 1],,1,0.6,0.7,0.30000000000000004,[0. 0.]
496,0.0,497,1,False,0.0,249.0,1.0,1,0,2,[0. 1.],[2 1],,1,0.6,0.7,0.30000000000000004,[0. 0.]
497,1.0,498,0,False,0.0,249.0,0.0,1,1,0,[0. 1.],[2 1],,1,0.6,0.7,0.30000000000000004,[0. 0.]
498,0.0,499,1,False,0.0,250.0,2.0,1,0,1,[0. 1.],[2 1],,1,0.6,0.7,0.30000000000000004,[0. 0.]
499,2.0,500,0,False,1.0,250.0,0.0,1,1,0,[1. 0.],[2 1],,0,0.6,0.7,0.30000000000000004,[0. 0.]
500,0.0,501,1,False,0.0,251.0,2.0,1,0,1,[1. 0.],[2 1],,0,0.6,0.7,0.30000000000000004,[0. 0.]
501,2.0,502,0,False,0.0,251.0,0.0,1,1,0,[1. 1.],[2 1],0.0,0,0.6,0.7,0.30000000000000004,[0. 0.]
502,0.0,503,1,False,0.0,252.0,1.0,1,0,1,[1. 1.],[2 1],0.0,0,0.6,0.7,0.30000000000000004,[0. 0.]
503,1.0,504,0,False,1.0,252.0,0.0,1,1,0,[1. 0.],[2 1],1.0,1,0.6,0.7,0.30000000000000004,[0. 0.]
504,0.0,505,1,False,0.0,253.0,2.0,1,0,1,[1. 0.],[2 1],1.0,1,0.6,0.7,0.30000000000000004,[0. 0.]
505,2.0,506,0,False,0.0,253.0,0.0,1,1,0,[0. 1.],[2 1],,1,0.6,0.7,0.30000000000000004,[0. 0.]
506,0.0,507,1,False,0.0,254.0,2.0,1,0,1,[0. 1.],[2 1],,1,0.6,0.7,0.30000000000000004,[0. 0.]
507,2.0,508,0,False,1.0,254.0,0.0,1,1,0,[0. 0.],[2 1],0.0,1,0.6,0.7,0.30000000000000004,[0. 0.]
508,0.0,509,1,False,0.0,255.0,1.0,1,0,1,[0. 0.],[2 1],0.0,1,0.6,0.7,0.30000000000000004,[0. 0.]
509,1.0,510,0,False,0.0,255.0,0.0,1,1,0,[1. 1.],[2 1],,1,0.6,0.7,0.30000000000000004,[0. 0.]
510,0.0,511,1,False,0.0,256.0,2.0,1,0,1,[1. 1.],[2 1],,1,0.6,0.7,0.30000000000000004,[0. 0.]
511,2.0,512,0,False,1.0,256.0,0.0,1,1,0,[1. 1.],[2 1],1.0,1,0.6,0.7,0.30000000000000004,[0. 0.]
512,0.0,513,1,False,0.0,257.0,2.0,1,0,1,[1. 1.],[2 1],1.0,1,0.6,0.7,0.30000000000000004,[0. 0.]
513,2.0,514,0,False,1.0,257.0,0.0,1,1,0,[0. 1.],[2 1],1.0,1,0.6,0.7,0.30000000000000004,[0. 0.]
514,0.0,515,1,False,0.0,258.0,2.0,1,0,1,[0. 1.],[2 1],1.0,1,0.6,0.7,0.30000000000000004,[0. 0.]
515,2.0,516,0,False,1.0,258.0,0.0,1,1,0,[1. 0.],[2 1],1.0,1,0.6,0.7,0.30000000000000004,[0. 0.]
516,0.0,517,1,False,0.0,259.0,2.0,1,0,1,[1. 0.],[2 1],1.0,1,0.6,0.7,0.30000000000000004,[0. 0.]
517,2.0,518,0,False,0.0,259.0,0.0,1,1,0,[1. 1.],[2 1],,1,0.6,0.7,0.30000000000000004,[0. 0.]
518,0.0,519,1,False,0.0,260.0,2.0,1,0,1,[1. 1.],[2 1],,1,0.6,0.7,0.30000000000000004,[0. 0.]
519,2.0,520,0,False,1.0,260.0,0.0,1,1,0,[1. 1.],[2 1],1.0,1,0.6,0.7,0.30000000000000004,[0. 0.]
520,0.0,521,1,False,0.0,261.0,2.0,1,0,1,[1. 1.],[2 1],1.0,1,0.6,0.7,0.30000000000000004,[0. 0.]
521,2.0,522,0,False,1.0,261.0,0.0,1,1,0,[0. 1.],[2 1],1.0,1,0.6,0.7,0.30000000000000004,[0. 0.]
522,0.0,523,1,False,0.0,262.0,2.0,1,0,1,[0. 1.],[2 1],1.0,1,0.6,0.7,0.30000000000000004,[0. 0.]
523,2.0,524,0,False,1.0,262.0,0.0,1,1,0,[0. 0.],[2 1],,1,0.6,0.7,0.30000000000000004,[0. 0.]
524,0.0,525,1,False,0.0,263.0,2.0,1,0,1,[0. 0.],[2 1],,1,0.6,0.7,0.30000000000000004,[0. 0.]
525,2.0,526,0,False,0.0,263.0,0.0,1,1,0,[1. 1.],[2 1],,1,0.6,0.7,0.30000000000000004,[0. 0.]
526,0.0,527,1,False,0.0,264.0,2.0,1,0,1,[1. 1.],[2 1],,1,0.6,0.7,0.30000000000000004,[0. 0.]
527,2.0,528,0,False,1.0,264.0,0.0,1,1,0,[0. 0.],[2 1],,1,0.6,0.7,0.30000000000000004,[0. 0.]
528,0.0,529,1,False,0.0,265.0,2.0,1,0,1,[0. 0.],[2 1],,1,0.6,0.7,0.30000000000000004,[0. 0.]
529,2.0,530,0,False,0.0,265.0,0.0,1,1,0,[0. 1.],[2 1],0.0,1,0.6,0.7,0.30000000000000004,[0. 0.]
530,0.0,531,1,False,0.0,266.0,1.0,1,0,1,[0. 1.],[2 1],0.0,1,0.6,0.7,0.30000000000000004,[0. 0.]
531,1.0,532,0,False,1.0,266.0,0.0,1,1,0,[0. 1.],[2 1],,1,0.6,0.7,0.30000000000000004,[0. 0.]
532,0.0,533,1,False,0.0,267.0,2.0,1,0,1,[0. 1.],[2 1],,1,0.6,0.7,0.30000000000000004,[0. 0.]
533,2.0,534,0,False,1.0,267.0,0.0,1,1,0,[0. 1.],[2 1],1.0,1,0.6,0.7,0.30000000000000004,[0. 0.]
534,0.0,535,1,False,0.0,268.0,2.0,1,0,1,[0. 1.],[2 1],1.0,1,0.6,0.7,0.30000000000000004,[0. 0.]
535,2.0,536,0,False,1.0,268.0,0.0,1,1,0,[0. 1.],[2 1],1.0,1,0.6,0.7,0.30000000000000004,[0. 0.]
536,0.0,537,1,False,0.0,269.0,2.0,1,0,1,[0. 1.],[2 1],1.0,1,0.6,0.7,0.30000000000000004,[0. 0.]
537,2.0,538,0,False,1.0,269.0,0.0,1,1,0,[1. 1.],[2 1],0.0,1,0.6,0.7,0.30000000000000004,[0. 0.]
538,0.0,539,1,False,0.0,270.0,1.0,1,0,1,[1. 1.],[2 1],0.0,1,0.6,0.7,0.30000000000000004,[0. 0.]
539,1.0,540,0,False,1.0,270.0,0.0,1,1,0,[0. 1.],[2 1],1.0,1,0.6,0.7,0.30000000000000004,[0. 0.]
540,0.0,541,1,False,0.0,271.0,2.0,1,0,1,[0. 1.],[2 1],1.0,1,0.6,0.7,0.30000000000000004,[0. 0.]
541,2.0,542,0,False,1.0,271.0,0.0,1,1,0,[0. 0.],[2 1],1.0,1,0.6,0.7,0.30000000000000004,[0. 0.]
542,0.0,543,1,False,0.0,272.0,2.0,1,0,1,[0. 0.],[2 1],1.0,1,0.6,0.7,0.30000000000000004,[0. 0.]
543,2.0,544,0,False,0.0,272.0,0.0,1,1,0,[0. 1.],[2 1],1.0,0,0.6,0.7,0.30000000000000004,[0. 0.]
544,0.0,545,1,False,0.0,273.0,2.0,1,0,1,[0. 1.],[2 1],1.0,0,0.6,0.7,0.30000000000000004,[0. 0.]
545,2.0,546,0,False,1.0,273.0,0.0,1,1,0,[1. 0.],[2 1],0.0,0,0.6,0.7,0.30000000000000004,[0. 0.]
546,0.0,547,1,False,0.0,274.0,1.0,1,0,1,[1. 0.],[2 1],0.0,0,0.6,0.7,0.30000000000000004,[0. 0.]
547,1.0,548,0,False,0.0,274.0,0.0,1,1,0,[1. 0.],[2 1],,0,0.6,0.7,0.30000000000000004,[0. 0.]
548,0.0,549,1,False,0.0,275.0,2.0,1,0,1,[1. 0.],[2 1],,0,0.6,0.7,0.30000000000000004,[0. 0.]
549,2.0,550,0,False,0.0,275.0,0.0,1,1,0,[0. 1.],[2 1],1.0,0,0.6,0.7,0.30000000000000004,[0. 0.]
550,0.0,551,1,False,0.0,276.0,2.0,1,0,1,[0. 1.],[2 1],1.0,0,0.6,0.7,0.30000000000000004,[0. 0.]
551,2.0,552,0,False,1.0,276.0,0.0,1,1,0,[0. 0.],[2 1],1.0,0,0.6,0.7,0.30000000000000004,[0. 0.]
552,0.0,553,1,False,0.0,277.0,2.0,1,0,1,[0. 0.],[2 1],1.0,0,0.6,0.7,0.30000000000000004,[0. 0.]
553,2.0,554,0,False,0.0,277.0,0.0,1,1,0,[0. 0.],[2 1],1.0,0,0.6,0.7,0.30000000000000004,[0. 0.]
554,0.0,555,1,False,0.0,278.0,2.0,1,0,1,[0. 0.],[2 1],1.0,0,0.6,0.7,0.30000000000000004,[0. 0.]
555,2.0,556,0,False,0.0,278.0,0.0,1,1,0,[1. 0.],[2 1],1.0,0,0.6,0.7,0.30000000000000004,[0. 0.]
556,0.0,557,1,False,0.0,279.0,2.0,1,0,1,[1. 0.],[2 1],1.0,0,0.6,0.7,0.30000000000000004,[0. 0.]
557,2.0,558,0,False,0.0,279.0,0.0,1,1,0,[0. 0.],[2 1],,0,0.6,0.7,0.30000000000000004,[0. 0.]
558,0.0,559,1,False,0.0,280.0,2.0,1,0,1,[0. 0.],[2 1],,0,0.6,0.7,0.30000000000000004,[0. 0.]
559,2.0,560,0,False,0.0,280.0,0.0,1,1,0,[0. 1.],[2 1],,1,0.6,0.7,0.30000000000000004,[0. 0.]
560,0.0,561,1,False,0.0,281.0,1.0,1,0,2,[0. 1.],[2 1],,1,0.6,0.7,0.30000000000000004,[0. 0.]
561,1.0,562,0,False,0.0,281.0,0.0,1,1,0,[1. 0.],[2 1],0.0,1,0.6,0.7,0.30000000000000004,[0. 0.]
562,0.0,563,1,False,0.0,282.0,1.0,1,0,1,[1. 0.],[2 1],0.0,1,0.6,0.7,0.30000000000000004,[0. 0.]
563,1.0,564,0,False,0.0,282.0,0.0,1,1,0,[0. 1.],[2 1],1.0,1,0.6,0.7,0.30000000000000004,[0. 0.]
564,0.0,565,1,False,0.0,283.0,2.0,1,0,2,[0. 1.],[2 1],1.0,1,0.6,0.7,0.30000000000000004,[0. 0.]
565,2.0,566,0,False,0.0,283.0,0.0,1,1,0,[1. 1.],[2 1],0.0,1,0.6,0.7,0.30000000000000004,[0. 0.]
566,0.0,567,1,False,0.0,284.0,1.0,1,0,2,[1. 1.],[2 1],0.0,1,0.6,0.7,0.30000000000000004,[0. 0.]
567,1.0,568,0,False,1.0,284.0,0.0,1,1,0,[0. 0.],[2 1],,1,0.6,0.7,0.30000000000000004,[0. 0.]
568,0.0,569,1,False,0.0,285.0,1.0,1,0,2,[0. 0.],[2 1],,1,0.6,0.7,0.30000000000000004,[0. 0.]
569,1.0,570,0,False,0.0,285.0,0.0,1,1,0,[1. 0.],[2 1],,1,0.6,0.7,0.30000000000000004,[0. 0.]
570,0.0,571,1,False,0.0,286.0,1.0,1,0,2,[1. 0.],[2 1],,1,0.6,0.7,0.30000000000000004,[0. 0.]
571,1.0,572,0,False,1.0,286.0,0.0,1,1,0,[0. 1.],[2 1],0.0,1,0.6,0.7,0.30000000000000004,[0. 0.]
572,0.0,573,1,False,0.0,287.0,1.0,1,0,2,[0. 1.],[2 1],0.0,1,0.6,0.7,0.30000000000000004,[0. 0.]
573,1.0,574,0,False,0.0,287.0,0.0,1,1,0,[0. 0.],[2 1],1.0,1,0.6,0.7,0.30000000000000004,[0. 0.]
574,0.0,575,1,False,0.0,288.0,2.0,1,0,2,[0. 0.],[2 1],1.0,1,0.6,0.7,0.30000000000000004,[0. 0.]
575,2.0,576,0,False,0.0,288.0,0.0,1,1,0,[0. 0.],[2 1],1.0,1,0.6,0.7,0.30000000000000004,[0. 0.]
576,0.0,577,1,False,0.0,289.0,2.0,1,0,2,[0. 0.],[2 1],1.0,1,0.6,0.7,0.30000000000000004,[0. 0.]
577,2.0,578,0,False,0.0,289.0,0.0,1,1,0,[1. 1.],[2 1],1.0,1,0.6,0.7,0.30000000000000004,[0. 0.]
578,0.0,579,1,False,0.0,290.0,2.0,1,0,2,[1. 1.],[2 1],1.0,1,0.6,0.7,0.30000000000000004,[0. 0.]
579,2.0,580,0,False,1.0,290.0,0.0,1,1,0,[1. 1.],[2 1],,1,0.6,0.7,0.30000000000000004,[0. 0.]
580,0.0,581,1,False,0.0,291.0,1.0,1,0,2,[1. 1.],[2 1],,1,0.6,0.7,0.30000000000000004,[0. 0.]
581,1.0,582,0,False,1.0,291.0,0.0,1,1,0,[1. 1.],[2 1],1.0,1,0.6,0.7,0.30000000000000004,[0. 0.]
582,0.0,583,1,False,0.0,292.0,2.0,1,0,2,[1. 1.],[2 1],1.0,1,0.6,0.7,0.30000000000000004,[0. 0.]
583,2.0,584,0,False,1.0,292.0,0.0,1,1,0,[0. 1.],[2 1],,1,0.6,0.7,0.30000000000000004,[0. 0.]
584,0.0,585,1,False,0.0,293.0,1.0,1,0,2,[0. 1.],[2 1],,1,0.6,0.7,0.30000000000000004,[0. 0.]
585,1.0,586,0,False,0.0,293.0,0.0,1,1,0,[0. 1.],[2 1],,1,0.6,0.7,0.30000000000000004,[0. 0.]
586,0.0,587,1,False,0.0,294.0,1.0,1,0,2,[0. 1.],[2 1],,1,0.6,0.7,0.30000000000000004,[0. 0.]
587,1.0,588,0,False,0.0,294.0,0.0,1,1,0,[0. 1.],[2 1],1.0,1,0.6,0.7,0.30000000000000004,[0. 0.]
588,0.0,589,1,False,0.0,295.0,2.0,1,0,1,[0. 1.],[2 1],1.0,1,0.6,0.7,0.30000000000000004,[0. 0.]
589,2.0,590,0,False,1.0,295.0,0.0,1,1,0,[0. 0.],[2 1],1.0,1,0.6,0.7,0.30000000000000004,[0. 0.]
590,0.0,591,1,False,0.0,296.0,2.0,1,0,1,[0. 0.],[2 1],1.0,1,0.6,0.7,0.30000000000000004,[0. 0.]
591,2.0,592,0,False,0.0,296.0,0.0,1,1,0,[0. 0.],[2 1],0.0,1,0.6,0.7,0.30000000000000004,[0. 0.]
592,0.0,593,1,False,0.0,297.0,1.0,1,0,1,[0. 0.],[2 1],0.0,1,0.6,0.7,0.30000000000000004,[0. 0.]
593,1.0,594,0,False,0.0,297.0,0.0,1,1,0,[0. 0.],[2 1],,1,0.6,0.7,0.30000000000000004,[0. 0.]
594,0.0,595,1,False,0.0,298.0,2.0,1,0,1,[0. 0.],[2 1],,1,0.6,0.7,0.30000000000000004,[0. 0.]
595,2.0,596,0,False,0.0,298.0,0.0,1,1,0,[1. 1.],[2 1],1.0,1,0.6,0.7,0.30000000000000004,[0. 0.]
596,0.0,597,1,False,0.0,299.0,2.0,1,0,1,[1. 1.],[2 1],1.0,1,0.6,0.7,0.30000000000000004,[0. 0.]
597,2.0,598,0,False,1.0,299.0,0.0,1,1,0,[1. 1.],[2 1],,1,0.6,0.7,0.30000000000000004,[0. 0.]
598,0.0,599,1,False,0.0,300.0,2.0,1,0,1,[1. 1.],[2 1],,1,0.6,0.7,0.30000000000000004,[0. 0.]
599,2.0,600,0,False,1.0,300.0,0.0,1,1,0,[1. 1.],[2 1],,1,0.6,0.7,0.30000000000000004,[0. 0.]
600,0.0,601,1,False,0.0,301.0,2.0,1,0,1,[1. 1.],[2 1],,1,0.6,0.7,0.30000000000000004,[0. 0.]
601,2.0,602,0,False,1.0,301.0,0.0,1,1,0,[1. 0.],[2 1],,1,0.6,0.7,0.30000000000000004,[0. 0.]
602,0.0,603,1,False,0.0,302.0,2.0,1,0,1,[1. 0.],[2 1],,1,0.6,0.7,0.30000000000000004,[0. 0.]
603,2.0,604,0,False,0.0,302.0,0.0,1,1,0,[0. 1.],[2 1],1.0,1,0.6,0.7,0.30000000000000004,[0. 0.]
604,0.0,605,1,False,0.0,303.0,2.0,1,0,1,[0. 1.],[2 1],1.0,1,0.6,0.7,0.30000000000000004,[0. 0.]
605,2.0,606,0,False,1.0,303.0,0.0,1,1,0,[0. 0.],[2 1],0.0,0,0.6,0.7,0.30000000000000004,[0. 0.]
606,0.0,607,1,False,0.0,304.0,1.0,1,0,1,[0. 0.],[2 1],0.0,0,0.6,0.7,0.30000000000000004,[0. 0.]
607,1.0,608,0,False,0.0,304.0,0.0,1,1,0,[0. 1.],[2 1],0.0,0,0.6,0.7,0.30000000000000004,[0. 0.]
608,0.0,609,1,False,0.0,305.0,1.0,1,0,1,[0. 1.],[2 1],0.0,0,0.6,0.7,0.30000000000000004,[0. 0.]
609,1.0,610,0,False,1.0,305.0,0.0,1,1,0,[1. 0.],[2 1],1.0,0,0.6,0.7,0.30000000000000004,[0. 0.]
610,0.0,611,1,False,0.0,306.0,2.0,1,0,1,[1. 0.],[2 1],1.0,0,0.6,0.7,0.30000000000000004,[0. 0.]
611,2.0,612,0,False,0.0,306.0,0.0,1,1,0,[0. 1.],[2 1],,0,0.6,0.7,0.30000000000000004,[0. 0.]
612,0.0,613,1,False,0.0,307.0,2.0,1,0,1,[0. 1.],[2 1],,0,0.6,0.7,0.30000000000000004,[0. 0.]
613,2.0,614,0,False,1.0,307.0,0.0,1,1,0,[1. 0.],[2 1],0.0,0,0.6,0.7,0.30000000000000004,[0. 0.]
614,0.0,615,1,False,0.0,308.0,1.0,1,0,1,[1. 0.],[2 1],0.0,0,0.6,0.7,0.30000000000000004,[0. 0.]
615,1.0,616,0,False,0.0,308.0,0.0,1,1,0,[0. 0.],[2 1],1.0,0,0.6,0.7,0.30000000000000004,[0. 0.]
616,0.0,617,1,False,0.0,309.0,2.0,1,0,1,[0. 0.],[2 1],1.0,0,0.6,0.7,0.30000000000000004,[0. 0.]
617,2.0,618,0,False,0.0,309.0,0.0,1,1,0,[1. 0.],[2 1],0.0,0,0.6,0.7,0.30000000000000004,[0. 0.]
618,0.0,619,1,False,0.0,310.0,1.0,1,0,1,[1. 0.],[2 1],0.0,0,0.6,0.7,0.30000000000000004,[0. 0.]
619,1.0,620,0,False,0.0,310.0,0.0,1,1,0,[1. 0.],[2 1],1.0,0,0.6,0.7,0.30000000000000004,[0. 0.]
620,0.0,621,1,False,0.0,311.0,2.0,1,0,2,[1. 0.],[2 1],1.0,0,0.6,0.7,0.30000000000000004,[0. 0.]
621,2.0,622,0,False,1.0,311.0,0.0,1,1,0,[0. 0.],[2 1],1.0,0,0.6,0.7,0.30000000000000004,[0. 0.]
622,0.0,623,1,False,0.0,312.0,2.0,1,0,2,[0. 0.],[2 1],1.0,0,0.6,0.7,0.30000000000000004,[0. 0.]
623,2.0,624,0,False,0.0,312.0,0.0,1,1,0,[0. 0.],[2 1],1.0,0,0.6,0.7,0.30000000000000004,[0. 0.]
624,0.0,625,1,False,0.0,313.0,2.0,1,0,2,[0. 0.],[2 1],1.0,0,0.6,0.7,0.30000000000000004,[0. 0.]
625,2.0,626,0,False,0.0,313.0,0.0,1,1,0,[1. 1.],[2 1],,0,0.6,0.7,0.30000000000000004,[0. 0.]
626,0.0,627,1,False,0.0,314.0,1.0,1,0,2,[1. 1.],[2 1],,0,0.6,0.7,0.30000000000000004,[0. 0.]
627,1.0,628,0,False,1.0,314.0,0.0,1,1,0,[0. 0.],[2 1],0.0,0,0.6,0.7,0.30000000000000004,[0. 0.]
628,0.0,629,1,False,0.0,315.0,1.0,1,0,2,[0. 0.],[2 1],0.0,0,0.6,0.7,0.30000000000000004,[0. 0.]
629,1.0,630,0,False,0.0,315.0,0.0,1,1,0,[1. 0.],[2 1],,0,0.6,0.7,0.30000000000000004,[0. 0.]
630,0.0,631,1,False,0.0,316.0,1.0,1,0,2,[1. 0.],[2 1],,0,0.6,0.7,0.30000000000000004,[0. 0.]
631,1.0,632,0,False,1.0,316.0,0.0,1,1,0,[0. 0.],[2 1],1.0,0,0.6,0.7,0.30000000000000004,[0. 0.]
632,0.0,633,1,False,0.0,317.0,2.0,1,0,2,[0. 0.],[2 1],1.0,0,0.6,0.7,0.30000000000000004,[0. 0.]
633,2.0,634,0,False,0.0,317.0,0.0,1,1,0,[1. 1.],[1 2],0.0,0,0.6,0.7,0.30000000000000004,[0. 0.]
634,0.0,635,1,False,0.0,318.0,1.0,1,0,2,[1. 1.],[1 2],0.0,0,0.6,0.7,0.30000000000000004,[0. 0.]
635,1.0,636,0,False,1.0,318.0,0.0,1,1,0,[1. 1.],[1 2],,0,0.6,0.7,0.30000000000000004,[0. 0.]
636,0.0,637,1,False,0.0,319.0,2.0,1,0,2,[1. 1.],[1 2],,0,0.6,0.7,0.30000000000000004,[0. 0.]
637,2.0,638,0,False,1.0,319.0,0.0,1,1,0,[1. 0.],[1 2],0.0,0,0.6,0.7,0.30000000000000004,[0. 0.]
638,0.0,639,1,False,0.0,320.0,1.0,1,0,2,[1. 0.],[1 2],0.0,0,0.6,0.7,0.30000000000000004,[0. 0.]
639,1.0,640,0,False,0.0,320.0,0.0,1,1,0,[1. 0.],[1 2],,0,0.6,0.7,0.30000000000000004,[0. 0.]
640,0.0,641,1,False,0.0,321.0,2.0,1,0,2,[1. 0.],[1 2],,0,0.6,0.7,0.30000000000000004,[0. 0.]
641,2.0,642,0,False,0.0,321.0,0.0,1,1,0,[0. 1.],[1 2],0.0,0,0.6,0.7,0.30000000000000004,[0. 0.]
642,0.0,643,1,False,0.0,322.0,1.0,1,0,2,[0. 1.],[1 2],0.0,0,0.6,0.7,0.30000000000000004,[0. 0.]
643,1.0,644,0,False,1.0,322.0,0.0,1,1,0,[0. 0.],[1 2],,0,0.6,0.7,0.30000000000000004,[0. 0.]
644,0.0,645,1,False,0.0,323.0,2.0,1,0,2,[0. 0.],[1 2],,0,0.6,0.7,0.30000000000000004,[0. 0.]
645,2.0,646,0,False,0.0,323.0,0.0,1,1,0,[1. 1.],[1 2],,0,0.6,0.7,0.30000000000000004,[0. 0.]
646,0.0,647,1,False,0.0,324.0,2.0,1,0,2,[1. 1.],[1 2],,0,0.6,0.7,0.30000000000000004,[0. 0.]
647,2.0,648,0,False,1.0,324.0,0.0,1,1,0,[1. 0.],[1 2],0.0,0,0.6,0.7,0.30000000000000004,[0. 0.]
648,0.0,649,1,False,0.0,325.0,1.0,1,0,2,[1. 0.],[1 2],0.0,0,0.6,0.7,0.30000000000000004,[0. 0.]
649,1.0,650,0,False,0.0,325.0,0.0,1,1,0,[1. 0.],[1 2],0.0,0,0.6,0.7,0.30000000000000004,[0. 0.]
650,0.0,651,1,False,0.0,326.0,1.0,1,0,2,[1. 0.],[1 2],0.0,0,0.6,0.7,0.30000000000000004,[0. 0.]
651,1.0,652,0,False,0.0,326.0,0.0,1,1,0,[1. 1.],[1 2],1.0,0,0.6,0.7,0.30000000000000004,[0. 0.]
652,0.0,653,1,False,0.0,327.0,2.0,1,0,1,[1. 1.],[1 2],1.0,0,0.6,0.7,0.30000000000000004,[0. 0.]
653,2.0,654,0,False,1.0,327.0,0.0,1,1,0,[0. 0.],[1 2],1.0,0,0.6,0.7,0.30000000000000004,[0. 0.]
654,0.0,655,1,False,0.0,328.0,2.0,1,0,1,[0. 0.],[1 2],1.0,0,0.6,0.7,0.30000000000000004,[0. 0.]
655,2.0,656,0,False,0.0,328.0,0.0,1,1,0,[1. 0.],[2 1],,0,0.6,0.7,0.30000000000000004,[0. 0.]
656,0.0,657,1,False,0.0,329.0,2.0,1,0,1,[1. 0.],[2 1],,0,0.6,0.7,0.30000000000000004,[0. 0.]
657,2.0,658,0,False,0.0,329.0,0.0,1,1,0,[1. 1.],[2 1],0.0,0,0.6,0.7,0.30000000000000004,[0. 0.]
658,0.0,659,1,False,0.0,330.0,1.0,1,0,1,[1. 1.],[2 1],0.0,0,0.6,0.7,0.30000000000000004,[0. 0.]
659,1.0,660,0,False,1.0,330.0,0.0,1,1,0,[1. 1.],[2 1],,0,0.6,0.7,0.30000000000000004,[0. 0.]
660,0.0,661,1,False,0.0,331.0,2.0,1,0,1,[1. 1.],[2 1],,0,0.6,0.7,0.30000000000000004,[0. 0.]
661,2.0,662,0,False,1.0,331.0,0.0,1,1,0,[0. 0.],[2 1],1.0,0,0.6,0.7,0.30000000000000004,[0. 0.]
662,0.0,663,1,False,0.0,332.0,2.0,1,0,1,[0. 0.],[2 1],1.0,0,0.6,0.7,0.30000000000000004,[0. 0.]
663,2.0,664,0,False,0.0,332.0,0.0,1,1,0,[1. 1.],[2 1],,0,0.6,0.7,0.30000000000000004,[0. 0.]
664,0.0,665,1,False,0.0,333.0,2.0,1,0,1,[1. 1.],[2 1],,0,0.6,0.7,0.30000000000000004,[0. 0.]
665,2.0,666,0,False,1.0,333.0,0.0,1,1,0,[0. 0.],[2 1],,0,0.6,0.7,0.30000000000000004,[0. 0.]
666,0.0,667,1,False,0.0,334.0,2.0,1,0,1,[0. 0.],[2 1],,0,0.6,0.7,0.30000000000000004,[0. 0.]
667,2.0,668,0,False,0.0,334.0,0.0,1,1,0,[1. 0.],[2 1],1.0,0,0.6,0.7,0.30000000000000004,[0. 0.]
668,0.0,669,1,False,0.0,335.0,2.0,1,0,1,[1. 0.],[2 1],1.0,0,0.6,0.7,0.30000000000000004,[0. 0.]
669,2.0,670,0,False,0.0,335.0,0.0,1,1,0,[1. 0.],[2 1],0.0,0,0.6,0.7,0.30000000000000004,[0. 0.]
670,0.0,671,1,False,0.0,336.0,1.0,1,0,1,[1. 0.],[2 1],0.0,0,0.6,0.7,0.30000000000000004,[0. 0.]
671,1.0,672,0,False,0.0,336.0,0.0,1,1,0,[0. 0.],[2 1],0.0,0,0.6,0.7,0.30000000000000004,[0. 0.]
672,0.0,673,1,False,0.0,337.0,1.0,1,0,2,[0. 0.],[2 1],0.0,0,0.6,0.7,0.30000000000000004,[0. 0.]
673,1.0,674,0,False,0.0,337.0,0.0,1,1,0,[0. 0.],[2 1],1.0,0,0.6,0.7,0.30000000000000004,[0. 0.]
674,0.0,675,1,False,0.0,338.0,2.0,1,0,1,[0. 0.],[2 1],1.0,0,0.6,0.7,0.30000000000000004,[0. 0.]
675,2.0,676,0,False,0.0,338.0,0.0,1,1,0,[1. 1.],[2 1],,0,0.6,0.7,0.30000000000000004,[0. 0.]
676,0.0,677,1,False,0.0,339.0,2.0,1,0,1,[1. 1.],[2 1],,0,0.6,0.7,0.30000000000000004,[0. 0.]
677,2.0,678,0,False,1.0,339.0,0.0,1,1,0,[1. 1.],[2 1],1.0,0,0.6,0.7,0.30000000000000004,[0. 0.]
678,0.0,679,1,False,0.0,340.0,2.0,1,0,1,[1. 1.],[2 1],1.0,0,0.6,0.7,0.30000000000000004,[0. 0.]
679,2.0,680,0,False,1.0,340.0,0.0,1,1,0,[1. 1.],[1 2],,0,0.6,0.7,0.30000000000000004,[0. 0.]
680,0.0,681,1,False,0.0,341.0,1.0,1,0,1,[1. 1.],[1 2],,0,0.6,0.7,0.30000000000000004,[0. 0.]
681,1.0,682,0,False,1.0,341.0,0.0,1,1,0,[1. 1.],[1 2],0.0,0,0.6,0.7,0.30000000000000004,[0. 0.]
682,0.0,683,1,False,0.0,342.0,1.0,1,0,1,[1. 1.],[1 2],0.0,0,0.6,0.7,0.30000000000000004,[0. 0.]
683,1.0,684,0,False,1.0,342.0,0.0,1,1,0,[1. 1.],[1 2],,0,0.6,0.7,0.30000000000000004,[0. 0.]
684,0.0,685,1,False,0.0,343.0,1.0,1,0,1,[1. 1.],[1 2],,0,0.6,0.7,0.30000000000000004,[0. 0.]
685,1.0,686,0,False,1.0,343.0,0.0,1,1,0,[1. 0.],[1 2],,0,0.6,0.7,0.30000000000000004,[0. 0.]
686,0.0,687,1,False,0.0,344.0,1.0,1,0,1,[1. 0.],[1 2],,0,0.6,0.7,0.30000000000000004,[0. 0.]
687,1.0,688,0,False,1.0,344.0,0.0,1,1,0,[0. 0.],[1 2],,0,0.6,0.7,0.30000000000000004,[0. 0.]
688,0.0,689,1,False,0.0,345.0,1.0,1,0,1,[0. 0.],[1 2],,0,0.6,0.7,0.30000000000000004,[0. 0.]
689,1.0,690,0,False,0.0,345.0,0.0,1,1,0,[0. 0.],[1 2],,0,0.6,0.7,0.30000000000000004,[0. 0.]
690,0.0,691,1,False,0.0,346.0,1.0,1,0,1,[0. 0.],[1 2],,0,0.6,0.7,0.30000000000000004,[0. 0.]
691,1.0,692,0,False,0.0,346.0,0.0,1,1,0,[1. 0.],[1 2],,0,0.6,0.7,0.30000000000000004,[0. 0.]
692,0.0,693,1,False,0.0,347.0,2.0,1,0,2,[1. 0.],[1 2],,0,0.6,0.7,0.30000000000000004,[0. 0.]
693,2.0,694,0,False,0.0,347.0,0.0,1,1,0,[1. 0.],[1 2],,0,0.6,0.7,0.30000000000000004,[0. 0.]
694,0.0,695,1,False,0.0,348.0,1.0,1,0,1,[1. 0.],[1 2],,0,0.6,0.7,0.30000000000000004,[0. 0.]
695,1.0,696,0,False,1.0,348.0,0.0,1,1,0,[1. 1.],[1 2],0.0,0,0.6,0.7,0.30000000000000004,[0. 0.]
696,0.0,697,1,False,0.0,349.0,1.0,1,0,1,[1. 1.],[1 2],0.0,0,0.6,0.7,0.30000000000000004,[0. 0.]
697,1.0,698,0,False,1.0,349.0,0.0,1,1,0,[1. 0.],[1 2],,0,0.6,0.7,0.30000000000000004,[0. 0.]
698,0.0,699,1,False,0.0,350.0,1.0,1,0,1,[1. 0.],[1 2],,0,0.6,0.7,0.30000000000000004,[0. 0.]
699,1.0,700,0,False,1.0,350.0,0.0,1,1,0,[1. 0.],[1 2],1.0,0,0.6,0.7,0.30000000000000004,[0. 0.]
700,0.0,701,1,False,0.0,351.0,2.0,1,0,1,[1. 0.],[1 2],1.0,0,0.6,0.7,0.30000000000000004,[0. 0.]
701,2.0,702,0,False,1.0,351.0,0.0,1,1,0,[1. 0.],[1 2],0.0,0,0.6,0.7,0.30000000000000004,[0. 0.]
702,0.0,703,1,False,0.0,352.0,1.0,1,0,1,[1. 0.],[1 2],0.0,0,0.6,0.7,0.30000000000000004,[0. 0.]
703,1.0,704,0,False,1.0,352.0,0.0,1,1,0,[1. 1.],[1 2],1.0,0,0.6,0.7,0.30000000000000004,[0. 0.]
704,0.0,705,1,False,0.0,353.0,2.0,1,0,1,[1. 1.],[1 2],1.0,0,0.6,0.7,0.30000000000000004,[0. 0.]
705,2.0,706,0,False,1.0,353.0,0.0,1,1,0,[1. 1.],[1 2],0.0,0,0.6,0.7,0.30000000000000004,[0. 0.]
706,0.0,707,1,False,0.0,354.0,1.0,1,0,1,[1. 1.],[1 2],0.0,0,0.6,0.7,0.30000000000000004,[0. 0.]
707,1.0,708,0,False,1.0,354.0,0.0,1,1,0,[1. 1.],[1 2],0.0,0,0.6,0.7,0.30000000000000004,[0. 0.]
708,0.0,709,1,False,0.0,355.0,1.0,1,0,1,[1. 1.],[1 2],0.0,0,0.6,0.7,0.30000000000000004,[0. 0.]
709,1.0,710,0,False,1.0,355.0,0.0,1,1,0,[1. 0.],[1 2],1.0,0,0.6,0.7,0.30000000000000004,[0. 0.]
710,0.0,711,1,False,0.0,356.0,2.0,1,0,1,[1. 0.],[1 2],1.0,0,0.6,0.7,0.30000000000000004,[0. 0.]
711,2.0,712,0,False,1.0,356.0,0.0,1,1,0,[0. 1.],[1 2],,0,0.6,0.7,0.30000000000000004,[0. 0.]
712,0.0,713,1,False,0.0,357.0,1.0,1,0,1,[0. 1.],[1 2],,0,0.6,0.7,0.30000000000000004,[0. 0.]
713,1.0,714,0,False,0.0,357.0,0.0,1,1,0,[1. 0.],[1 2],0.0,0,0.6,0.7,0.30000000000000004,[0. 0.]
714,0.0,715,1,False,0.0,358.0,1.0,1,0,1,[1. 0.],[1 2],0.0,0,0.6,0.7,0.30000000000000004,[0. 0.]
715,1.0,716,0,False,1.0,358.0,0.0,1,1,0,[0. 0.],[1 2],1.0,0,0.6,0.7,0.30000000000000004,[0. 0.]
716,0.0,717,1,False,0.0,359.0,2.0,1,0,1,[0. 0.],[1 2],1.0,0,0.6,0.7,0.30000000000000004,[0. 0.]
717,2.0,718,0,False,0.0,359.0,0.0,1,1,0,[1. 0.],[1 2],,0,0.6,0.7,0.30000000000000004,[0. 0.]
718,0.0,719,1,False,0.0,360.0,1.0,1,0,1,[1. 0.],[1 2],,0,0.6,0.7,0.30000000000000004,[0. 0.]
719,1.0,720,0,False,1.0,360.0,0.0,1,1,0,[1. 1.],[1 2],0.0,0,0.6,0.7,0.30000000000000004,[0. 0.]
720,0.0,721,1,False,0.0,361.0,1.0,1,0,1,[1. 1.],[1 2],0.0,0,0.6,0.7,0.30000000000000004,[0. 0.]
721,1.0,722,0,False,1.0,361.0,0.0,1,1,0,[1. 0.],[1 2],1.0,0,0.6,0.7,0.30000000000000004,[0. 0.]
722,0.0,723,1,False,0.0,362.0,2.0,1,0,1,[1. 0.],[1 2],1.0,0,0.6,0.7,0.30000000000000004,[0. 0.]
723,2.0,724,0,False,1.0,362.0,0.0,1,1,0,[1. 1.],[1 2],,0,0.6,0.7,0.30000000000000004,[0. 0.]
724,0.0,725,1,False,0.0,363.0,1.0,1,0,1,[1. 1.],[1 2],,0,0.6,0.7,0.30000000000000004,[0. 0.]
725,1.0,726,0,False,1.0,363.0,0.0,1,1,0,[1. 0.],[1 2],,0,0.6,0.7,0.30000000000000004,[0. 0.]
726,0.0,727,1,False,0.0,364.0,1.0,1,0,1,[1. 0.],[1 2],,0,0.6,0.7,0.30000000000000004,[0. 0.]
727,1.0,728,0,False,1.0,364.0,0.0,1,1,0,[1. 0.],[1 2],,0,0.6,0.7,0.30000000000000004,[0. 0.]
728,0.0,729,1,False,0.0,365.0,1.0,1,0,1,[1. 0.],[1 2],,0,0.6,0.7,0.30000000000000004,[0. 0.]
729,1.0,730,0,False,1.0,365.0,0.0,1,1,0,[0. 1.],[1 2],,0,0.6,0.7,0.30000000000000004,[0. 0.]
730,0.0,731,1,False,0.0,366.0,1.0,1,0,1,[0. 1.],[1 2],,0,0.6,0.7,0.30000000000000004,[0. 0.]
731,1.0,732,0,False,0.0,366.0,0.0,1,1,0,[1. 1.],[1 2],1.0,0,0.6,0.7,0.30000000000000004,[0. 0.]
732,0.0,733,1,False,0.0,367.0,2.0,1,0,1,[1. 1.],[1 2],1.0,0,0.6,0.7,0.30000000000000004,[0. 0.]
733,2.0,734,0,False,1.0,367.0,0.0,1,1,0,[1. 0.],[1 2],,0,0.6,0.7,0.30000000000000004,[0. 0.]
734,0.0,735,1,False,0.0,368.0,1.0,1,0,1,[1. 0.],[1 2],,0,0.6,0.7,0.30000000000000004,[0. 0.]
735,1.0,736,0,False,1.0,368.0,0.0,1,1,0,[1. 0.],[1 2],,0,0.6,0.7,0.30000000000000004,[0. 0.]
736,0.0,737,1,False,0.0,369.0,1.0,1,0,1,[1. 0.],[1 2],,0,0.6,0.7,0.30000000000000004,[0. 0.]
737,1.0,738,0,False,1.0,369.0,0.0,1,1,0,[1. 0.],[1 2],0.0,0,0.6,0.7,0.30000000000000004,[0. 0.]
738,0.0,739,1,False,0.0,370.0,1.0,1,0,1,[1. 0.],[1 2],0.0,0,0.6,0.7,0.30000000000000004,[0. 0.]
739,1.0,740,0,False,1.0,370.0,0.0,1,1,0,[1. 1.],[2 1],,0,0.6,0.7,0.30000000000000004,[0. 0.]
740,0.0,741,1,False,0.0,371.0,2.0,1,0,1,[1. 1.],[2 1],,0,0.6,0.7,0.30000000000000004,[0. 0.]
741,2.0,742,0,False,1.0,371.0,0.0,1,1,0,[0. 1.],[2 1],,0,0.6,0.7,0.30000000000000004,[0. 0.]
742,0.0,743,1,False,0.0,372.0,2.0,1,0,1,[0. 1.],[2 1],,0,0.6,0.7,0.30000000000000004,[0. 0.]
743,2.0,744,0,False,1.0,372.0,0.0,1,1,0,[0. 0.],[2 1],1.0,0,0.6,0.7,0.30000000000000004,[0. 0.]
744,0.0,745,1,False,0.0,373.0,2.0,1,0,1,[0. 0.],[2 1],1.0,0,0.6,0.7,0.30000000000000004,[0. 0.]
745,2.0,746,0,False,0.0,373.0,0.0,1,1,0,[1. 1.],[2 1],1.0,0,0.6,0.7,0.30000000000000004,[0. 0.]
746,0.0,747,1,False,0.0,374.0,2.0,1,0,1,[1. 1.],[2 1],1.0,0,0.6,0.7,0.30000000000000004,[0. 0.]
747,2.0,748,0,False,1.0,374.0,0.0,1,1,0,[1. 1.],[2 1],,0,0.6,0.7,0.30000000000000004,[0. 0.]
748,0.0,749,1,False,0.0,375.0,2.0,1,0,1,[1. 1.],[2 1],,0,0.6,0.7,0.30000000000000004,[0. 0.]
749,2.0,750,0,False,1.0,375.0,0.0,1,1,0,[1. 0.],[2 1],0.0,0,0.6,0.7,0.30000000000000004,[0. 0.]
750,0.0,751,1,False,0.0,376.0,1.0,1,0,1,[1. 0.],[2 1],0.0,0,0.6,0.7,0.30000000000000004,[0. 0.]
751,1.0,752,0,False,0.0,376.0,0.0,1,1,0,[1. 0.],[2 1],,0,0.6,0.7,0.30000000000000004,[0. 0.]
752,0.0,753,1,False,0.0,377.0,2.0,1,0,1,[1. 0.],[2 1],,0,0.6,0.7,0.30000000000000004,[0. 0.]
753,2.0,754,0,False,0.0,377.0,0.0,1,1,0,[1. 0.],[2 1],,0,0.6,0.7,0.30000000000000004,[0. 0.]
754,0.0,755,1,False,0.0,378.0,1.0,1,0,2,[1. 0.],[2 1],,0,0.6,0.7,0.30000000000000004,[0. 0.]
755,1.0,756,0,False,1.0,378.0,0.0,1,1,0,[1. 0.],[2 1],0.0,0,0.6,0.7,0.30000000000000004,[0. 0.]
756,0.0,757,1,False,0.0,379.0,1.0,1,0,2,[1. 0.],[2 1],0.0,0,0.6,0.7,0.30000000000000004,[0. 0.]
757,1.0,758,0,False,1.0,379.0,0.0,1,1,0,[0. 0.],[2 1],0.0,0,0.6,0.7,0.30000000000000004,[0. 0.]
758,0.0,759,1,False,0.0,380.0,1.0,1,0,2,[0. 0.],[2 1],0.0,0,0.6,0.7,0.30000000000000004,[0. 0.]
759,1.0,760,0,False,0.0,380.0,0.0,1,1,0,[1. 1.],[2 1],1.0,0,0.6,0.7,0.30000000000000004,[0. 0.]
760,0.0,761,1,False,0.0,381.0,2.0,1,0,2,[1. 1.],[2 1],1.0,0,0.6,0.7,0.30000000000000004,[0. 0.]
761,2.0,762,0,False,1.0,381.0,0.0,1,1,0,[1. 0.],[2 1],0.0,0,0.6,0.7,0.30000000000000004,[0. 0.]
762,0.0,763,1,False,0.0,382.0,1.0,1,0,2,[1. 0.],[2 1],0.0,0,0.6,0.7,0.30000000000000004,[0. 0.]
763,1.0,764,0,False,1.0,382.0,0.0,1,1,0,[0. 0.],[2 1],0.0,0,0.6,0.7,0.30000000000000004,[0. 0.]
764,0.0,765,1,False,0.0,383.0,1.0,1,0,2,[0. 0.],[2 1],0.0,0,0.6,0.7,0.30000000000000004,[0. 0.]
765,1.0,766,0,False,0.0,383.0,0.0,1,1,0,[1. 0.],[2 1],1.0,0,0.6,0.7,0.30000000000000004,[0. 0.]
766,0.0,767,1,False,0.0,384.0,2.0,1,0,2,[1. 0.],[2 1],1.0,0,0.6,0.7,0.30000000000000004,[0. 0.]
767,2.0,768,0,False,1.0,384.0,0.0,1,1,0,[0. 0.],[2 1],0.0,0,0.6,0.7,0.30000000000000004,[0. 0.]
768,0.0,769,1,False,0.0,385.0,1.0,1,0,2,[0. 0.],[2 1],0.0,0,0.6,0.7,0.30000000000000004,[0. 0.]
769,1.0,770,0,False,0.0,385.0,0.0,1,1,0,[1. 0.],[2 1],,0,0.6,0.7,0.30000000000000004,[0. 0.]
770,0.0,771,1,False,0.0,386.0,1.0,1,0,2,[1. 0.],[2 1],,0,0.6,0.7,0.30000000000000004,[0. 0.]
771,1.0,772,0,False,1.0,386.0,0.0,1,1,0,[0. 0.],[2 1],,0,0.6,0.7,0.30000000000000004,[0. 0.]
772,0.0,773,1,False,0.0,387.0,1.0,1,0,2,[0. 0.],[2 1],,0,0.6,0.7,0.30000000000000004,[0. 0.]
773,1.0,774,0,False,0.0,387.0,0.0,1,1,0,[1. 0.],[2 1],0.0,0,0.6,0.7,0.30000000000000004,[0. 0.]
774,0.0,775,1,False,0.0,388.0,1.0,1,0,2,[1. 0.],[2 1],0.0,0,0.6,0.7,0.30000000000000004,[0. 0.]
775,1.0,776,0,False,1.0,388.0,0.0,1,1,0,[1. 1.],[2 1],,0,0.6,0.7,0.30000000000000004,[0. 0.]
776,0.0,777,1,False,0.0,389.0,1.0,1,0,2,[1. 1.],[2 1],,0,0.6,0.7,0.30000000000000004,[0. 0.]
777,1.0,778,0,False,1.0,389.0,0.0,1,1,0,[1. 1.],[2 1],,0,0.6,0.7,0.30000000000000004,[0. 0.]
778,0.0,779,1,False,0.0,390.0,1.0,1,0,2,[1. 1.],[2 1],,0,0.6,0.7,0.30000000000000004,[0. 0.]
779,1.0,780,0,False,1.0,390.0,0.0,1,1,0,[0. 0.],[2 1],0.0,0,0.6,0.7,0.30000000000000004,[0. 0.]
780,0.0,781,1,False,0.0,391.0,1.0,1,0,2,[0. 0.],[2 1],0.0,0,0.6,0.7,0.30000000000000004,[0. 0.]
781,1.0,782,0,False,0.0,391.0,0.0,1,1,0,[1. 0.],[2 1],0.0,0,0.6,0.7,0.30000000000000004,[0. 0.]
782,0.0,783,1,False,0.0,392.0,1.0,1,0,2,[1. 0.],[2 1],0.0,0,0.6,0.7,0.30000000000000004,[0. 0.]
783,1.0,784,0,False,1.0,392.0,0.0,1,1,0,[1. 0.],[2 1],0.0,0,0.6,0.7,0.30000000000000004,[0. 0.]
784,0.0,785,1,False,0.0,393.0,1.0,1,0,2,[1. 0.],[2 1],0.0,0,0.6,0.7,0.30000000000000004,[0. 0.]
785,1.0,786,0,False,1.0,393.0,0.0,1,1,0,[0. 0.],[2 1],,0,0.6,0.7,0.30000000000000004,[0. 0.]
786,0.0,787,1,False,0.0,394.0,1.0,1,0,2,[0. 0.],[2 1],,0,0.6,0.7,0.30000000000000004,[0. 0.]
787,1.0,788,0,False,0.0,394.0,0.0,1,1,0,[0. 0.],[2 1],0.0,0,0.6,0.7,0.30000000000000004,[0. 0.]
788,0.0,789,1,False,0.0,395.0,1.0,1,0,2,[0. 0.],[2 1],0.0,0,0.6,0.7,0.30000000000000004,[0. 0.]
789,1.0,790,0,False,0.0,395.0,0.0,1,1,0,[1. 0.],[2 1],,0,0.6,0.7,0.30000000000000004,[0. 0.]
790,0.0,791,1,False,0.0,396.0,1.0,1,0,2,[1. 0.],[2 1],,0,0.6,0.7,0.30000000000000004,[0. 0.]
791,1.0,792,0,False,1.0,396.0,0.0,1,1,0,[0. 1.],[2 1],,1,0.6,0.7,0.30000000000000004,[0. 0.]
792,0.0,793,1,False,0.0,397.0,1.0,1,0,2,[0. 1.],[2 1],,1,0.6,0.7,0.30000000000000004,[0. 0.]
793,1.0,794,0,False,0.0,397.0,0.0,1,1,0,[1. 1.],[2 1],1.0,1,0.6,0.7,0.30000000000000004,[0. 0.]
794,0.0,795,1,False,0.0,398.0,2.0,1,0,2,[1. 1.],[2 1],1.0,1,0.6,0.7,0.30000000000000004,[0. 0.]
795,2.0,796,0,False,1.0,398.0,0.0,1,1,0,[1. 1.],[2 1],,1,0.6,0.7,0.30000000000000004,[0. 0.]
796,0.0,797,1,False,0.0,399.0,1.0,1,0,2,[1. 1.],[2 1],,1,0.6,0.7,0.30000000000000004,[0. 0.]
797,1.0,798,0,False,1.0,399.0,0.0,1,1,0,[0. 0.],[2 1],,1,0.6,0.7,0.30000000000000004,[0. 0.]
798,0.0,799,1,False,0.0,400.0,1.0,1,0,2,[0. 0.],[2 1],,1,0.6,0.7,0.30000000000000004,[0. 0.]
799,1.0,800,0,False,0.0,400.0,0.0,1,1,0,[0. 0.],[2 1],0.0,1,0.6,0.7,0.30000000000000004,[0. 0.]
800,0.0,801,1,False,0.0,401.0,1.0,1,0,2,[0. 0.],[2 1],0.0,1,0.6,0.7,0.30000000000000004,[0. 0.]
801,1.0,802,0,False,0.0,401.0,0.0,1,1,0,[0. 0.],[2 1],,1,0.6,0.7,0.30000000000000004,[0. 0.]
802,0.0,803,1,False,0.0,402.0,2.0,1,0,1,[0. 0.],[2 1],,1,0.6,0.7,0.30000000000000004,[0. 0.]
803,2.0,804,0,False,0.0,402.0,0.0,1,1,0,[0. 1.],[2 1],1.0,1,0.6,0.7,0.30000000000000004,[0. 0.]
804,0.0,805,1,False,0.0,403.0,2.0,1,0,2,[0. 1.],[2 1],1.0,1,0.6,0.7,0.30000000000000004,[0. 0.]
805,2.0,806,0,False,0.0,403.0,0.0,1,1,0,[1. 0.],[1 2],1.0,1,0.6,0.7,0.30000000000000004,[0. 0.]
806,0.0,807,1,False,0.0,404.0,2.0,1,0,1,[1. 0.],[1 2],1.0,1,0.6,0.7,0.30000000000000004,[0. 0.]
807,2.0,808,0,False,1.0,404.0,0.0,1,1,0,[0. 1.],[1 2],0.0,1,0.6,0.7,0.30000000000000004,[0. 0.]
808,0.0,809,1,False,0.0,405.0,1.0,1,0,1,[0. 1.],[1 2],0.0,1,0.6,0.7,0.30000000000000004,[0. 0.]
809,1.0,810,0,False,0.0,405.0,0.0,1,1,0,[0. 0.],[1 2],1.0,1,0.6,0.7,0.30000000000000004,[0. 0.]
810,0.0,811,1,False,0.0,406.0,2.0,1,0,1,[0. 0.],[1 2],1.0,1,0.6,0.7,0.30000000000000004,[0. 0.]
811,2.0,812,0,False,0.0,406.0,0.0,1,1,0,[0. 1.],[1 2],0.0,1,0.6,0.7,0.30000000000000004,[0. 0.]
812,0.0,813,1,False,0.0,407.0,1.0,1,0,2,[0. 1.],[1 2],0.0,1,0.6,0.7,0.30000000000000004,[0. 0.]
813,1.0,814,0,False,1.0,407.0,0.0,1,1,0,[0. 1.],[1 2],1.0,1,0.6,0.7,0.30000000000000004,[0. 0.]
814,0.0,815,1,False,0.0,408.0,2.0,1,0,2,[0. 1.],[1 2],1.0,1,0.6,0.7,0.30000000000000004,[0. 0.]
815,2.0,816,0,False,1.0,408.0,0.0,1,1,0,[1. 1.],[1 2],1.0,1,0.6,0.7,0.30000000000000004,[0. 0.]
816,0.0,817,1,False,0.0,409.0,2.0,1,0,2,[1. 1.],[1 2],1.0,1,0.6,0.7,0.30000000000000004,[0. 0.]
817,2.0,818,0,False,1.0,409.0,0.0,1,1,0,[0. 0.],[1 2],0.0,1,0.6,0.7,0.30000000000000004,[0. 0.]
818,0.0,819,1,False,0.0,410.0,1.0,1,0,2,[0. 0.],[1 2],0.0,1,0.6,0.7,0.30000000000000004,[0. 0.]
819,1.0,820,0,False,0.0,410.0,0.0,1,1,0,[0. 1.],[1 2],,1,0.6,0.7,0.30000000000000004,[0. 0.]
820,0.0,821,1,False,0.0,411.0,2.0,1,0,2,[0. 1.],[1 2],,1,0.6,0.7,0.30000000000000004,[0. 0.]
821,2.0,822,0,False,1.0,411.0,0.0,1,1,0,[1. 1.],[1 2],0.0,1,0.6,0.7,0.30000000000000004,[0. 0.]
822,0.0,823,1,False,0.0,412.0,1.0,1,0,2,[1. 1.],[1 2],0.0,1,0.6,0.7,0.30000000000000004,[0. 0.]
823,1.0,824,0,False,1.0,412.0,0.0,1,1,0,[0. 1.],[1 2],,1,0.6,0.7,0.30000000000000004,[0. 0.]
824,0.0,825,1,False,0.0,413.0,2.0,1,0,2,[0. 1.],[1 2],,1,0.6,0.7,0.30000000000000004,[0. 0.]
825,2.0,826,0,False,1.0,413.0,0.0,1,1,0,[0. 1.],[1 2],1.0,1,0.6,0.7,0.30000000000000004,[0. 0.]
826,0.0,827,1,False,0.0,414.0,2.0,1,0,2,[0. 1.],[1 2],1.0,1,0.6,0.7,0.30000000000000004,[0. 0.]
827,2.0,828,0,False,1.0,414.0,0.0,1,1,0,[0. 1.],[1 2],0.0,1,0.6,0.7,0.30000000000000004,[0. 0.]
828,0.0,829,1,False,0.0,415.0,1.0,1,0,2,[0. 1.],[1 2],0.0,1,0.6,0.7,0.30000000000000004,[0. 0.]
829,1.0,830,0,False,1.0,415.0,0.0,1,1,0,[0. 0.],[1 2],,1,0.6,0.7,0.30000000000000004,[0. 0.]
830,0.0,831,1,False,0.0,416.0,2.0,1,0,2,[0. 0.],[1 2],,1,0.6,0.7,0.30000000000000004,[0. 0.]
831,2.0,832,0,False,0.0,416.0,0.0,1,1,0,[1. 1.],[1 2],0.0,1,0.6,0.7,0.30000000000000004,[0. 0.]
832,0.0,833,1,False,0.0,417.0,1.0,1,0,2,[1. 1.],[1 2],0.0,1,0.6,0.7,0.30000000000000004,[0. 0.]
833,1.0,834,0,False,1.0,417.0,0.0,1,1,0,[1. 0.],[1 2],1.0,1,0.6,0.7,0.30000000000000004,[0. 0.]
834,0.0,835,1,False,0.0,418.0,2.0,1,0,2,[1. 0.],[1 2],1.0,1,0.6,0.7,0.30000000000000004,[0. 0.]
835,2.0,836,0,False,0.0,418.0,0.0,1,1,0,[0. 1.],[1 2],,1,0.6,0.7,0.30000000000000004,[0. 0.]
836,0.0,837,1,False,0.0,419.0,2.0,1,0,2,[0. 1.],[1 2],,1,0.6,0.7,0.30000000000000004,[0. 0.]
837,2.0,838,0,False,1.0,419.0,0.0,1,1,0,[0. 0.],[1 2],1.0,1,0.6,0.7,0.30000000000000004,[0. 0.]
838,0.0,839,1,False,0.0,420.0,2.0,1,0,2,[0. 0.],[1 2],1.0,1,0.6,0.7,0.30000000000000004,[0. 0.]
839,2.0,840,0,False,0.0,420.0,0.0,1,1,0,[0. 0.],[1 2],,1,0.6,0.7,0.30000000000000004,[0. 0.]
840,0.0,841,1,False,0.0,421.0,2.0,1,0,2,[0. 0.],[1 2],,1,0.6,0.7,0.30000000000000004,[0. 0.]
841,2.0,842,0,False,0.0,421.0,0.0,1,1,0,[0. 1.],[1 2],,1,0.6,0.7,0.30000000000000004,[0. 0.]
842,0.0,843,1,False,0.0,422.0,1.0,1,0,1,[0. 1.],[1 2],,1,0.6,0.7,0.30000000000000004,[0. 0.]
843,1.0,844,0,False,0.0,422.0,0.0,1,1,0,[0. 0.],[1 2],1.0,1,0.6,0.7,0.30000000000000004,[0. 0.]
844,0.0,845,1,False,0.0,423.0,2.0,1,0,1,[0. 0.],[1 2],1.0,1,0.6,0.7,0.30000000000000004,[0. 0.]
845,2.0,846,0,False,0.0,423.0,0.0,1,1,0,[0. 1.],[1 2],0.0,1,0.6,0.7,0.30000000000000004,[0. 0.]
846,0.0,847,1,False,0.0,424.0,1.0,1,0,2,[0. 1.],[1 2],0.0,1,0.6,0.7,0.30000000000000004,[0. 0.]
847,1.0,848,0,False,1.0,424.0,0.0,1,1,0,[0. 1.],[1 2],0.0,1,0.6,0.7,0.30000000000000004,[0. 0.]
848,0.0,849,1,False,0.0,425.0,1.0,1,0,2,[0. 1.],[1 2],0.0,1,0.6,0.7,0.30000000000000004,[0. 0.]
849,1.0,850,0,False,1.0,425.0,0.0,1,1,0,[0. 1.],[1 2],,1,0.6,0.7,0.30000000000000004,[0. 0.]
850,0.0,851,1,False,0.0,426.0,2.0,1,0,2,[0. 1.],[1 2],,1,0.6,0.7,0.30000000000000004,[0. 0.]
851,2.0,852,0,False,1.0,426.0,0.0,1,1,0,[0. 1.],[1 2],,1,0.6,0.7,0.30000000000000004,[0. 0.]
852,0.0,853,1,False,0.0,427.0,2.0,1,0,2,[0. 1.],[1 2],,1,0.6,0.7,0.30000000000000004,[0. 0.]
853,2.0,854,0,False,1.0,427.0,0.0,1,1,0,[0. 1.],[1 2],,1,0.6,0.7,0.30000000000000004,[0. 0.]
854,0.0,855,1,False,0.0,428.0,2.0,1,0,2,[0. 1.],[1 2],,1,0.6,0.7,0.30000000000000004,[0. 0.]
855,2.0,856,0,False,1.0,428.0,0.0,1,1,0,[1. 1.],[1 2],0.0,1,0.6,0.7,0.30000000000000004,[0. 0.]
856,0.0,857,1,False,0.0,429.0,1.0,1,0,2,[1. 1.],[1 2],0.0,1,0.6,0.7,0.30000000000000004,[0. 0.]
857,1.0,858,0,False,1.0,429.0,0.0,1,1,0,[0. 1.],[1 2],,1,0.6,0.7,0.30000000000000004,[0. 0.]
858,0.0,859,1,False,0.0,430.0,2.0,1,0,2,[0. 1.],[1 2],,1,0.6,0.7,0.30000000000000004,[0. 0.]
859,2.0,860,0,False,1.0,430.0,0.0,1,1,0,[0. 1.],[1 2],0.0,1,0.6,0.7,0.30000000000000004,[0. 0.]
860,0.0,861,1,False,0.0,431.0,1.0,1,0,2,[0. 1.],[1 2],0.0,1,0.6,0.7,0.30000000000000004,[0. 0.]
861,1.0,862,0,False,1.0,431.0,0.0,1,1,0,[1. 1.],[1 2],1.0,1,0.6,0.7,0.30000000000000004,[0. 0.]
862,0.0,863,1,False,0.0,432.0,2.0,1,0,2,[1. 1.],[1 2],1.0,1,0.6,0.7,0.30000000000000004,[0. 0.]
863,2.0,864,0,False,1.0,432.0,0.0,1,1,0,[0. 1.],[1 2],1.0,1,0.6,0.7,0.30000000000000004,[0. 0.]
864,0.0,865,1,False,0.0,433.0,2.0,1,0,2,[0. 1.],[1 2],1.0,1,0.6,0.7,0.30000000000000004,[0. 0.]
865,2.0,866,0,False,1.0,433.0,0.0,1,1,0,[0. 1.],[1 2],0.0,1,0.6,0.7,0.30000000000000004,[0. 0.]
866,0.0,867,1,False,0.0,434.0,1.0,1,0,2,[0. 1.],[1 2],0.0,1,0.6,0.7,0.30000000000000004,[0. 0.]
867,1.0,868,0,False,1.0,434.0,0.0,1,1,0,[0. 0.],[1 2],1.0,1,0.6,0.7,0.30000000000000004,[0. 0.]
868,0.0,869,1,False,0.0,435.0,2.0,1,0,2,[0. 0.],[1 2],1.0,1,0.6,0.7,0.30000000000000004,[0. 0.]
869,2.0,870,0,False,0.0,435.0,0.0,1,1,0,[0. 1.],[1 2],0.0,1,0.6,0.7,0.30000000000000004,[0. 0.]
870,0.0,871,1,False,0.0,436.0,1.0,1,0,2,[0. 1.],[1 2],0.0,1,0.6,0.7,0.30000000000000004,[0. 0.]
871,1.0,872,0,False,1.0,436.0,0.0,1,1,0,[0. 1.],[1 2],0.0,1,0.6,0.7,0.30000000000000004,[0. 0.]
872,0.0,873,1,False,0.0,437.0,1.0,1,0,2,[0. 1.],[1 2],0.0,1,0.6,0.7,0.30000000000000004,[0. 0.]
873,1.0,874,0,False,1.0,437.0,0.0,1,1,0,[0. 1.],[1 2],0.0,1,0.6,0.7,0.30000000000000004,[0. 0.]
874,0.0,875,1,False,0.0,438.0,1.0,1,0,2,[0. 1.],[1 2],0.0,1,0.6,0.7,0.30000000000000004,[0. 0.]
875,1.0,876,0,False,1.0,438.0,0.0,1,1,0,[0. 1.],[1 2],,1,0.6,0.7,0.30000000000000004,[0. 0.]
876,0.0,877,1,False,0.0,439.0,2.0,1,0,2,[0. 1.],[1 2],,1,0.6,0.7,0.30000000000000004,[0. 0.]
877,2.0,878,0,False,1.0,439.0,0.0,1,1,0,[1. 1.],[1 2],,1,0.6,0.7,0.30000000000000004,[0. 0.]
878,0.0,879,1,False,0.0,440.0,2.0,1,0,2,[1. 1.],[1 2],,1,0.6,0.7,0.30000000000000004,[0. 0.]
879,2.0,880,0,False,1.0,440.0,0.0,1,1,0,[1. 1.],[1 2],1.0,1,0.6,0.7,0.30000000000000004,[0. 0.]
880,0.0,881,1,False,0.0,441.0,2.0,1,0,2,[1. 1.],[1 2],1.0,1,0.6,0.7,0.30000000000000004,[0. 0.]
881,2.0,882,0,False,1.0,441.0,0.0,1,1,0,[0. 1.],[1 2],0.0,1,0.6,0.7,0.30000000000000004,[0. 0.]
882,0.0,883,1,False,0.0,442.0,1.0,1,0,2,[0. 1.],[1 2],0.0,1,0.6,0.7,0.30000000000000004,[0. 0.]
883,1.0,884,0,False,1.0,442.0,0.0,1,1,0,[0. 1.],[1 2],0.0,1,0.6,0.7,0.30000000000000004,[0. 0.]
884,0.0,885,1,False,0.0,443.0,1.0,1,0,2,[0. 1.],[1 2],0.0,1,0.6,0.7,0.30000000000000004,[0. 0.]
885,1.0,886,0,False,1.0,443.0,0.0,1,1,0,[1. 0.],[1 2],,1,0.6,0.7,0.30000000000000004,[0. 0.]
886,0.0,887,1,False,0.0,444.0,2.0,1,0,2,[1. 0.],[1 2],,1,0.6,0.7,0.30000000000000004,[0. 0.]
887,2.0,888,0,False,0.0,444.0,0.0,1,1,0,[1. 0.],[1 2],0.0,1,0.6,0.7,0.30000000000000004,[0. 0.]
888,0.0,889,1,False,0.0,445.0,1.0,1,0,2,[1. 0.],[1 2],0.0,1,0.6,0.7,0.30000000000000004,[0. 0.]
889,1.0,890,0,False,0.0,445.0,0.0,1,1,0,[1. 0.],[1 2],0.0,1,0.6,0.7,0.30000000000000004,[0. 0.]
890,0.0,891,1,False,0.0,446.0,1.0,1,0,2,[1. 0.],[1 2],0.0,1,0.6,0.7,0.30000000000000004,[0. 0.]
891,1.0,892,0,False,0.0,446.0,0.0,1,1,0,[1. 1.],[1 2],0.0,1,0.6,0.7,0.30000000000000004,[0. 0.]
892,0.0,893,1,False,0.0,447.0,1.0,1,0,1,[1. 1.],[1 2],0.0,1,0.6,0.7,0.30000000000000004,[0. 0.]
893,1.0,894,0,False,1.0,447.0,0.0,1,1,0,[0. 1.],[1 2],,1,0.6,0.7,0.30000000000000004,[0. 0.]
894,0.0,895,1,False,0.0,448.0,1.0,1,0,1,[0. 1.],[1 2],,1,0.6,0.7,0.30000000000000004,[0. 0.]
895,1.0,896,0,False,0.0,448.0,0.0,1,1,0,[0. 1.],[1 2],,1,0.6,0.7,0.30000000000000004,[0. 0.]
896,0.0,897,1,False,0.0,449.0,1.0,1,0,1,[0. 1.],[1 2],,1,0.6,0.7,0.30000000000000004,[0. 0.]
897,1.0,898,0,False,0.0,449.0,0.0,1,1,0,[1. 1.],[1 2],0.0,1,0.6,0.7,0.30000000000000004,[0. 0.]
898,0.0,899,1,False,0.0,450.0,1.0,1,0,2,[1. 1.],[1 2],0.0,1,0.6,0.7,0.30000000000000004,[0. 0.]
899,1.0,900,0,False,1.0,450.0,0.0,1,1,0,[0. 0.],[1 2],0.0,1,0.6,0.7,0.30000000000000004,[0. 0.]
900,0.0,901,1,False,0.0,451.0,1.0,1,0,2,[0. 0.],[1 2],0.0,1,0.6,0.7,0.30000000000000004,[0. 0.]
901,1.0,902,0,False,0.0,451.0,0.0,1,1,0,[0. 0.],[1 2],1.0,1,0.6,0.7,0.30000000000000004,[0. 0.]
902,0.0,903,1,False,0.0,452.0,2.0,1,0,2,[0. 0.],[1 2],1.0,1,0.6,0.7,0.30000000000000004,[0. 0.]
903,2.0,904,0,False,0.0,452.0,0.0,1,1,0,[0. 0.],[1 2],,1,0.6,0.7,0.30000000000000004,[0. 0.]
904,0.0,905,1,False,0.0,453.0,2.0,1,0,2,[0. 0.],[1 2],,1,0.6,0.7,0.30000000000000004,[0. 0.]
905,2.0,906,0,False,0.0,453.0,0.0,1,1,0,[0. 0.],[1 2],,1,0.6,0.7,0.30000000000000004,[0. 0.]
906,0.0,907,1,False,0.0,454.0,1.0,1,0,1,[0. 0.],[1 2],,1,0.6,0.7,0.30000000000000004,[0. 0.]
907,1.0,908,0,False,0.0,454.0,0.0,1,1,0,[1. 1.],[1 2],1.0,1,0.6,0.7,0.30000000000000004,[0. 0.]
908,0.0,909,1,False,0.0,455.0,2.0,1,0,2,[1. 1.],[1 2],1.0,1,0.6,0.7,0.30000000000000004,[0. 0.]
909,2.0,910,0,False,1.0,455.0,0.0,1,1,0,[1. 1.],[1 2],,1,0.6,0.7,0.30000000000000004,[0. 0.]
910,0.0,911,1,False,0.0,456.0,2.0,1,0,2,[1. 1.],[1 2],,1,0.6,0.7,0.30000000000000004,[0. 0.]
911,2.0,912,0,False,1.0,456.0,0.0,1,1,0,[0. 1.],[1 2],1.0,1,0.6,0.7,0.30000000000000004,[0. 0.]
912,0.0,913,1,False,0.0,457.0,2.0,1,0,2,[0. 1.],[1 2],1.0,1,0.6,0.7,0.30000000000000004,[0. 0.]
913,2.0,914,0,False,1.0,457.0,0.0,1,1,0,[0. 1.],[1 2],1.0,1,0.6,0.7,0.30000000000000004,[0. 0.]
914,0.0,915,1,False,0.0,458.0,2.0,1,0,2,[0. 1.],[1 2],1.0,1,0.6,0.7,0.30000000000000004,[0. 0.]
915,2.0,916,0,False,1.0,458.0,0.0,1,1,0,[0. 1.],[1 2],0.0,1,0.6,0.7,0.30000000000000004,[0. 0.]
916,0.0,917,1,False,0.0,459.0,1.0,1,0,2,[0. 1.],[1 2],0.0,1,0.6,0.7,0.30000000000000004,[0. 0.]
917,1.0,918,0,False,1.0,459.0,0.0,1,1,0,[0. 0.],[1 2],,1,0.6,0.7,0.30000000000000004,[0. 0.]
918,0.0,919,1,False,0.0,460.0,2.0,1,0,2,[0. 0.],[1 2],,1,0.6,0.7,0.30000000000000004,[0. 0.]
919,2.0,920,0,False,0.0,460.0,0.0,1,1,0,[1. 1.],[1 2],1.0,1,0.6,0.7,0.30000000000000004,[0. 0.]
920,0.0,921,1,False,0.0,461.0,2.0,1,0,2,[1. 1.],[1 2],1.0,1,0.6,0.7,0.30000000000000004,[0. 0.]
921,2.0,922,0,False,1.0,461.0,0.0,1,1,0,[1. 1.],[2 1],1.0,1,0.6,0.7,0.30000000000000004,[0. 0.]
922,0.0,923,1,False,0.0,462.0,2.0,1,0,2,[1. 1.],[2 1],1.0,1,0.6,0.7,0.30000000000000004,[0. 0.]
923,2.0,924,0,False,1.0,462.0,0.0,1,1,0,[1. 1.],[1 2],1.0,1,0.6,0.7,0.30000000000000004,[0. 0.]
924,0.0,925,1,False,0.0,463.0,2.0,1,0,2,[1. 1.],[1 2],1.0,1,0.6,0.7,0.30000000000000004,[0. 0.]
925,2.0,926,0,False,1.0,463.0,0.0,1,1,0,[0. 1.],[1 2],1.0,1,0.6,0.7,0.30000000000000004,[0. 0.]
926,0.0,927,1,False,0.0,464.0,2.0,1,0,2,[0. 1.],[1 2],1.0,1,0.6,0.7,0.30000000000000004,[0. 0.]
927,2.0,928,0,False,1.0,464.0,0.0,1,1,0,[1. 1.],[1 2],1.0,1,0.6,0.7,0.30000000000000004,[0. 0.]
928,0.0,929,1,False,0.0,465.0,2.0,1,0,2,[1. 1.],[1 2],1.0,1,0.6,0.7,0.30000000000000004,[0. 0.]
929,2.0,930,0,False,1.0,465.0,0.0,1,1,0,[0. 1.],[1 2],,1,0.6,0.7,0.30000000000000004,[0. 0.]
930,0.0,931,1,False,0.0,466.0,2.0,1,0,2,[0. 1.],[1 2],,1,0.6,0.7,0.30000000000000004,[0. 0.]
931,2.0,932,0,False,1.0,466.0,0.0,1,1,0,[1. 0.],[1 2],,1,0.6,0.7,0.30000000000000004,[0. 0.]
932,0.0,933,1,False,0.0,467.0,2.0,1,0,2,[1. 0.],[1 2],,1,0.6,0.7,0.30000000000000004,[0. 0.]
933,2.0,934,0,False,0.0,467.0,0.0,1,1,0,[0. 1.],[1 2],1.0,1,0.6,0.7,0.30000000000000004,[0. 0.]
934,0.0,935,1,False,0.0,468.0,2.0,1,0,2,[0. 1.],[1 2],1.0,1,0.6,0.7,0.30000000000000004,[0. 0.]
935,2.0,936,0,False,1.0,468.0,0.0,1,1,0,[1. 1.],[1 2],0.0,1,0.6,0.7,0.30000000000000004,[0. 0.]
936,0.0,937,1,False,0.0,469.0,1.0,1,0,2,[1. 1.],[1 2],0.0,1,0.6,0.7,0.30000000000000004,[0. 0.]
937,1.0,938,0,False,1.0,469.0,0.0,1,1,0,[0. 1.],[1 2],,1,0.6,0.7,0.30000000000000004,[0. 0.]
938,0.0,939,1,False,0.0,470.0,2.0,1,0,2,[0. 1.],[1 2],,1,0.6,0.7,0.30000000000000004,[0. 0.]
939,2.0,940,0,False,1.0,470.0,0.0,1,1,0,[0. 1.],[1 2],0.0,1,0.6,0.7,0.30000000000000004,[0. 0.]
940,0.0,941,1,False,0.0,471.0,1.0,1,0,2,[0. 1.],[1 2],0.0,1,0.6,0.7,0.30000000000000004,[0. 0.]
941,1.0,942,0,False,1.0,471.0,0.0,1,1,0,[0. 1.],[1 2],0.0,1,0.6,0.7,0.30000000000000004,[0. 0.]
942,0.0,943,1,False,0.0,472.0,1.0,1,0,2,[0. 1.],[1 2],0.0,1,0.6,0.7,0.30000000000000004,[0. 0.]
943,1.0,944,0,False,1.0,472.0,0.0,1,1,0,[0. 0.],[1 2],0.0,1,0.6,0.7,0.30000000000000004,[0. 0.]
944,0.0,945,1,False,0.0,473.0,1.0,1,0,2,[0. 0.],[1 2],0.0,1,0.6,0.7,0.30000000000000004,[0. 0.]
945,1.0,946,0,False,0.0,473.0,0.0,1,1,0,[1. 1.],[1 2],0.0,1,0.6,0.7,0.30000000000000004,[0. 0.]
946,0.0,947,1,False,0.0,474.0,1.0,1,0,2,[1. 1.],[1 2],0.0,1,0.6,0.7,0.30000000000000004,[0. 0.]
947,1.0,948,0,False,1.0,474.0,0.0,1,1,0,[1. 0.],[1 2],1.0,1,0.6,0.7,0.30000000000000004,[0. 0.]
948,0.0,949,1,False,0.0,475.0,2.0,1,0,2,[1. 0.],[1 2],1.0,1,0.6,0.7,0.30000000000000004,[0. 0.]
949,2.0,950,0,False,0.0,475.0,0.0,1,1,0,[0. 0.],[1 2],0.0,1,0.6,0.7,0.30000000000000004,[0. 0.]
950,0.0,951,1,False,0.0,476.0,1.0,1,0,2,[0. 0.],[1 2],0.0,1,0.6,0.7,0.30000000000000004,[0. 0.]
951,1.0,952,0,False,0.0,476.0,0.0,1,1,0,[0. 1.],[1 2],,1,0.6,0.7,0.30000000000000004,[0. 0.]
952,0.0,953,1,False,0.0,477.0,1.0,1,0,1,[0. 1.],[1 2],,1,0.6,0.7,0.30000000000000004,[0. 0.]
953,1.0,954,0,False,0.0,477.0,0.0,1,1,0,[0. 1.],[1 2],,1,0.6,0.7,0.30000000000000004,[0. 0.]
954,0.0,955,1,False,0.0,478.0,2.0,1,0,2,[0. 1.],[1 2],,1,0.6,0.7,0.30000000000000004,[0. 0.]
955,2.0,956,0,False,1.0,478.0,0.0,1,1,0,[0. 1.],[1 2],0.0,1,0.6,0.7,0.30000000000000004,[0. 0.]
956,0.0,957,1,False,0.0,479.0,1.0,1,0,2,[0. 1.],[1 2],0.0,1,0.6,0.7,0.30000000000000004,[0. 0.]
957,1.0,958,0,False,1.0,479.0,0.0,1,1,0,[0. 1.],[1 2],0.0,1,0.6,0.7,0.30000000000000004,[0. 0.]
958,0.0,959,1,False,0.0,480.0,1.0,1,0,2,[0. 1.],[1 2],0.0,1,0.6,0.7,0.30000000000000004,[0. 0.]
959,1.0,960,0,False,1.0,480.0,0.0,1,1,0,[0. 1.],[1 2],0.0,1,0.6,0.7,0.30000000000000004,[0. 0.]
960,0.0,961,1,False,0.0,481.0,1.0,1,0,2,[0. 1.],[1 2],0.0,1,0.6,0.7,0.30000000000000004,[0. 0.]
961,1.0,962,0,False,1.0,481.0,0.0,1,1,0,[0. 1.],[1 2],1.0,1,0.6,0.7,0.30000000000000004,[0. 0.]
962,0.0,963,1,False,0.0,482.0,2.0,1,0,2,[0. 1.],[1 2],1.0,1,0.6,0.7,0.30000000000000004,[0. 0.]
963,2.0,964,0,False,1.0,482.0,0.0,1,1,0,[0. 0.],[1 2],0.0,1,0.6,0.7,0.30000000000000004,[0. 0.]
964,0.0,965,1,False,0.0,483.0,1.0,1,0,2,[0. 0.],[1 2],0.0,1,0.6,0.7,0.30000000000000004,[0. 0.]
965,1.0,966,0,False,0.0,483.0,0.0,1,1,0,[0. 0.],[1 2],1.0,1,0.6,0.7,0.30000000000000004,[0. 0.]
966,0.0,967,1,False,0.0,484.0,2.0,1,0,2,[0. 0.],[1 2],1.0,1,0.6,0.7,0.30000000000000004,[0. 0.]
967,2.0,968,0,False,0.0,484.0,0.0,1,1,0,[1. 0.],[1 2],0.0,1,0.6,0.7,0.30000000000000004,[0. 0.]
968,0.0,969,1,False,0.0,485.0,1.0,1,0,2,[1. 0.],[1 2],0.0,1,0.6,0.7,0.30000000000000004,[0. 0.]
969,1.0,970,0,False,0.0,485.0,0.0,1,1,0,[0. 1.],[1 2],0.0,1,0.6,0.7,0.30000000000000004,[0. 0.]
970,0.0,971,1,False,0.0,486.0,1.0,1,0,2,[0. 1.],[1 2],0.0,1,0.6,0.7,0.30000000000000004,[0. 0.]
971,1.0,972,0,False,1.0,486.0,0.0,1,1,0,[0. 0.],[1 2],0.0,1,0.6,0.7,0.30000000000000004,[0. 0.]
972,0.0,973,1,False,0.0,487.0,1.0,1,0,1,[0. 0.],[1 2],0.0,1,0.6,0.7,0.30000000000000004,[0. 0.]
973,1.0,974,0,False,0.0,487.0,0.0,1,1,0,[1. 1.],[1 2],0.0,1,0.6,0.7,0.30000000000000004,[0. 0.]
974,0.0,975,1,False,0.0,488.0,1.0,1,0,2,[1. 1.],[1 2],0.0,1,0.6,0.7,0.30000000000000004,[0. 0.]
975,1.0,976,0,False,1.0,488.0,0.0,1,1,0,[1. 0.],[1 2],0.0,1,0.6,0.7,0.30000000000000004,[0. 0.]
976,0.0,977,1,False,0.0,489.0,1.0,1,0,2,[1. 0.],[1 2],0.0,1,0.6,0.7,0.30000000000000004,[0. 0.]
977,1.0,978,0,False,0.0,489.0,0.0,1,1,0,[0. 0.],[1 2],1.0,1,0.6,0.7,0.30000000000000004,[0. 0.]
978,0.0,979,1,False,0.0,490.0,2.0,1,0,2,[0. 0.],[1 2],1.0,1,0.6,0.7,0.30000000000000004,[0. 0.]
979,2.0,980,0,False,0.0,490.0,0.0,1,1,0,[0. 1.],[1 2],1.0,1,0.6,0.7,0.30000000000000004,[0. 0.]
980,0.0,981,1,False,0.0,491.0,2.0,1,0,1,[0. 1.],[1 2],1.0,1,0.6,0.7,0.30000000000000004,[0. 0.]
981,2.0,982,0,False,0.0,491.0,0.0,1,1,0,[1. 1.],[1 2],1.0,1,0.6,0.7,0.30000000000000004,[0. 0.]
982,0.0,983,1,False,0.0,492.0,2.0,1,0,2,[1. 1.],[1 2],1.0,1,0.6,0.7,0.30000000000000004,[0. 0.]
983,2.0,984,0,False,1.0,492.0,0.0,1,1,0,[0. 1.],[1 2],1.0,1,0.6,0.7,0.30000000000000004,[0. 0.]
984,0.0,985,1,False,0.0,493.0,2.0,1,0,2,[0. 1.],[1 2],1.0,1,0.6,0.7,0.30000000000000004,[0. 0.]
985,2.0,986,0,False,1.0,493.0,0.0,1,1,0,[0. 1.],[1 2],0.0,1,0.6,0.7,0.30000000000000004,[0. 0.]
986,0.0,987,1,False,0.0,494.0,1.0,1,0,2,[0. 1.],[1 2],0.0,1,0.6,0.7,0.30000000000000004,[0. 0.]
987,1.0,988,0,False,1.0,494.0,0.0,1,1,0,[0. 1.],[1 2],1.0,1,0.6,0.7,0.30000000000000004,[0. 0.]
988,0.0,989,1,False,0.0,495.0,2.0,1,0,2,[0. 1.],[1 2],1.0,1,0.6,0.7,0.30000000000000004,[0. 0.]
989,2.0,990,0,False,1.0,495.0,0.0,1,1,0,[0. 0.],[1 2],,1,0.6,0.7,0.30000000000000004,[0. 0.]
990,0.0,991,1,False,0.0,496.0,2.0,1,0,2,[0. 0.],[1 2],,1,0.6,0.7,0.30000000000000004,[0. 0.]
991,2.0,992,0,False,0.0,496.0,0.0,1,1,0,[1. 1.],[1 2],0.0,1,0.6,0.7,0.30000000000000004,[0. 0.]
992,0.0,993,1,False,0.0,497.0,1.0,1,0,2,[1. 1.],[1 2],0.0,1,0.6,0.7,0.30000000000000004,[0. 0.]
993,1.0,994,0,False,1.0,497.0,0.0,1,1,0,[0. 1.],[1 2],,1,0.6,0.7,0.30000000000000004,[0. 0.]
994,0.0,995,1,False,0.0,498.0,2.0,1,0,2,[0. 1.],[1 2],,1,0.6,0.7,0.30000000000000004,[0. 0.]
995,2.0,996,0,False,1.0,498.0,0.0,1,1,0,[1. 1.],[1 2],1.0,1,0.6,0.7,0.30000000000000004,[0. 0.]
996,0.0,997,1,False,0.0,499.0,2.0,1,0,2,[1. 1.],[1 2],1.0,1,0.6,0.7,0.30000000000000004,[0. 0.]
997,2.0,998,0,False,1.0,499.0,0.0,1,1,0,[0. 0.],[1 2],0.0,1,0.6,0.7,0.30000000000000004,[0. 0.]
998,0.0,999,1,False,0.0,500.0,1.0,1,0,2,[0. 0.],[1 2],0.0,1,0.6,0.7,0.30000000000000004,[0. 0.]
999,1.0,1000,0,False,0.0,500.0,0.0,1,1,0,[1. 1.],[1 2],,1,0.6,0.7,0.30000000000000004,[0. 0.]
1000,0.0,1001,1,False,0.0,501.0,2.0,1,0,2,[1. 1.],[1 2],,1,0.6,0.7,0.30000000000000004,[0. 0.]
1001,2.0,1002,0,False,1.0,501.0,0.0,1,1,0,[0. 1.],[1 2],,1,0.6,0.7,0.30000000000000004,[0. 0.]
1002,0.0,1003,1,False,0.0,502.0,2.0,1,0,2,[0. 1.],[1 2],,1,0.6,0.7,0.30000000000000004,[0. 0.]
1003,2.0,1004,0,False,1.0,502.0,0.0,1,1,0,[0. 1.],[1 2],0.0,1,0.6,0.7,0.30000000000000004,[0. 0.]
1004,0.0,1005,1,False,0.0,503.0,1.0,1,0,2,[0. 1.],[1 2],0.0,1,0.6,0.7,0.30000000000000004,[0. 0.]
1005,1.0,1006,0,False,1.0,503.0,0.0,1,1,0,[0. 1.],[2 1],0.0,1,0.6,0.7,0.30000000000000004,[0. 0.]
1006,0.0,1007,1,False,0.0,504.0,1.0,1,0,2,[0. 1.],[2 1],0.0,1,0.6,0.7,0.30000000000000004,[0. 0.]
1007,1.0,1008,0,False,0.0,504.0,0.0,1,1,0,[0. 1.],[2 1],0.0,1,0.6,0.7,0.30000000000000004,[0. 0.]
1008,0.0,1009,1,False,0.0,505.0,1.0,1,0,2,[0. 1.],[2 1],0.0,1,0.6,0.7,0.30000000000000004,[0. 0.]
1009,1.0,1010,0,False,0.0,505.0,0.0,1,1,0,[0. 1.],[2 1],,1,0.6,0.7,0.30000000000000004,[0. 0.]
1010,0.0,1011,1,False,0.0,506.0,2.0,1,0,1,[0. 1.],[2 1],,1,0.6,0.7,0.30000000000000004,[0. 0.]
1011,2.0,1012,0,False,1.0,506.0,0.0,1,1,0,[0. 1.],[2 1],,1,0.6,0.7,0.30000000000000004,[0. 0.]
1012,0.0,1013,1,False,0.0,507.0,2.0,1,0,1,[0. 1.],[2 1],,1,0.6,0.7,0.30000000000000004,[0. 0.]
1013,2.0,1014,0,False,1.0,507.0,0.0,1,1,0,[0. 1.],[2 1],1.0,1,0.6,0.7,0.30000000000000004,[0. 0.]
1014,0.0,1015,1,False,0.0,508.0,2.0,1,0,1,[0. 1.],[2 1],1.0,1,0.6,0.7,0.30000000000000004,[0. 0.]
1015,2.0,1016,0,False,1.0,508.0,0.0,1,1,0,[0. 1.],[2 1],0.0,1,0.6,0.7,0.30000000000000004,[0. 0.]
1016,0.0,1017,1,False,0.0,509.0,1.0,1,0,1,[0. 1.],[2 1],0.0,1,0.6,0.7,0.30000000000000004,[0. 0.]
1017,1.0,1018,0,False,1.0,509.0,0.0,1,1,0,[0. 0.],[2 1],1.0,1,0.6,0.7,0.30000000000000004,[0. 0.]
1018,0.0,1019,1,False,0.0,510.0,2.0,1,0,1,[0. 0.],[2 1],1.0,1,0.6,0.7,0.30000000000000004,[0. 0.]
1019,2.0,1020,0,False,0.0,510.0,0.0,1,1,0,[1. 0.],[2 1],,1,0.6,0.7,0.30000000000000004,[0. 0.]
1020,0.0,1021,1,False,0.0,511.0,2.0,1,0,1,[1. 0.],[2 1],,1,0.6,0.7,0.30000000000000004,[0. 0.]
1021,2.0,1022,0,False,0.0,511.0,0.0,1,1,0,[0. 0.],[2 1],1.0,1,0.6,0.7,0.30000000000000004,[0. 0.]
1022,0.0,1023,1,False,0.0,512.0,2.0,1,0,1,[0. 0.],[2 1],1.0,1,0.6,0.7,0.30000000000000004,[0. 0.]
1023,2.0,1024,0,False,0.0,512.0,0.0,1,1,0,[1. 1.],[2 1],1.0,1,0.6,0.7,0.30000000000000004,[0. 0.]
1024,0.0,1025,1,False,0.0,513.0,2.0,1,0,1,[1. 1.],[2 1],1.0,1,0.6,0.7,0.30000000000000004,[0. 0.]
1025,2.0,1026,0,False,1.0,513.0,0.0,1,1,0,[1. 1.],[2 1],0.0,1,0.6,0.7,0.30000000000000004,[0. 0.]
1026,0.0,1027,1,False,0.0,514.0,1.0,1,0,1,[1. 1.],[2 1],0.0,1,0.6,0.7,0.30000000000000004,[0. 0.]
1027,1.0,1028,0,False,1.0,514.0,0.0,1,1,0,[1. 1.],[2 1],,1,0.6,0.7,0.30000000000000004,[0. 0.]
1028,0.0,1029,1,False,0.0,515.0,2.0,1,0,1,[1. 1.],[2 1],,1,0.6,0.7,0.30000000000000004,[0. 0.]
1029,2.0,1030,0,False,1.0,515.0,0.0,1,1,0,[0. 1.],[2 1],1.0,1,0.6,0.7,0.30000000000000004,[0. 0.]
1030,0.0,1031,1,False,0.0,516.0,2.0,1,0,1,[0. 1.],[2 1],1.0,1,0.6,0.7,0.30000000000000004,[0. 0.]
1031,2.0,1032,0,False,1.0,516.0,0.0,1,1,0,[0. 1.],[2 1],0.0,1,0.6,0.7,0.30000000000000004,[0. 0.]
1032,0.0,1033,1,False,0.0,517.0,1.0,1,0,1,[0. 1.],[2 1],0.0,1,0.6,0.7,0.30000000000000004,[0. 0.]
1033,1.0,1034,0,False,1.0,517.0,0.0,1,1,0,[1. 1.],[2 1],0.0,1,0.6,0.7,0.30000000000000004,[0. 0.]
1034,0.0,1035,1,False,0.0,518.0,1.0,1,0,1,[1. 1.],[2 1],0.0,1,0.6,0.7,0.30000000000000004,[0. 0.]
1035,1.0,1036,0,False,1.0,518.0,0.0,1,1,0,[0. 1.],[2 1],0.0,1,0.6,0.7,0.30000000000000004,[0. 0.]
1036,0.0,1037,1,False,0.0,519.0,1.0,1,0,1,[0. 1.],[2 1],0.0,1,0.6,0.7,0.30000000000000004,[0. 0.]
1037,1.0,1038,0,False,1.0,519.0,0.0,1,1,0,[0. 0.],[2 1],0.0,1,0.6,0.7,0.30000000000000004,[0. 0.]
1038,0.0,1039,1,False,0.0,520.0,1.0,1,0,1,[0. 0.],[2 1],0.0,1,0.6,0.7,0.30000000000000004,[0. 0.]
1039,1.0,1040,0,False,0.0,520.0,0.0,1,1,0,[0. 1.],[2 1],0.0,1,0.6,0.7,0.30000000000000004,[0. 0.]
1040,0.0,1041,1,False,0.0,521.0,1.0,1,0,1,[0. 1.],[2 1],0.0,1,0.6,0.7,0.30000000000000004,[0. 0.]
1041,1.0,1042,0,False,1.0,521.0,0.0,1,1,0,[0. 1.],[2 1],,1,0.6,0.7,0.30000000000000004,[0. 0.]
1042,0.0,1043,1,False,0.0,522.0,2.0,1,0,1,[0. 1.],[2 1],,1,0.6,0.7,0.30000000000000004,[0. 0.]
1043,2.0,1044,0,False,1.0,522.0,0.0,1,1,0,[1. 1.],[2 1],0.0,1,0.6,0.7,0.30000000000000004,[0. 0.]
1044,0.0,1045,1,False,0.0,523.0,1.0,1,0,1,[1. 1.],[2 1],0.0,1,0.6,0.7,0.30000000000000004,[0. 0.]
1045,1.0,1046,0,False,1.0,523.0,0.0,1,1,0,[1. 1.],[2 1],,1,0.6,0.7,0.30000000000000004,[0. 0.]
1046,0.0,1047,1,False,0.0,524.0,2.0,1,0,1,[1. 1.],[2 1],,1,0.6,0.7,0.30000000000000004,[0. 0.]
1047,2.0,1048,0,False,1.0,524.0,0.0,1,1,0,[0. 1.],[2 1],0.0,1,0.6,0.7,0.30000000000000004,[0. 0.]
1048,0.0,1049,1,False,0.0,525.0,1.0,1,0,1,[0. 1.],[2 1],0.0,1,0.6,0.7,0.30000000000000004,[0. 0.]
1049,1.0,1050,0,False,1.0,525.0,0.0,1,1,0,[0. 0.],[2 1],1.0,1,0.6,0.7,0.30000000000000004,[0. 0.]
1050,0.0,1051,1,False,0.0,526.0,2.0,1,0,1,[0. 0.],[2 1],1.0,1,0.6,0.7,0.30000000000000004,[0. 0.]
1051,2.0,1052,0,False,0.0,526.0,0.0,1,1,0,[0. 1.],[2 1],,1,0.6,0.7,0.30000000000000004,[0. 0.]
1052,0.0,1053,1,False,0.0,527.0,2.0,1,0,1,[0. 1.],[2 1],,1,0.6,0.7,0.30000000000000004,[0. 0.]
1053,2.0,1054,0,False,1.0,527.0,0.0,1,1,0,[0. 0.],[2 1],,1,0.6,0.7,0.30000000000000004,[0. 0.]
1054,0.0,1055,1,False,0.0,528.0,2.0,1,0,1,[0. 0.],[2 1],,1,0.6,0.7,0.30000000000000004,[0. 0.]
1055,2.0,1056,0,False,0.0,528.0,0.0,1,1,0,[0. 1.],[2 1],,1,0.6,0.7,0.30000000000000004,[0. 0.]
1056,0.0,1057,1,False,0.0,529.0,2.0,1,0,1,[0. 1.],[2 1],,1,0.6,0.7,0.30000000000000004,[0. 0.]
1057,2.0,1058,0,False,1.0,529.0,0.0,1,1,0,[0. 1.],[2 1],,1,0.6,0.7,0.30000000000000004,[0. 0.]
1058,0.0,1059,1,False,0.0,530.0,2.0,1,0,1,[0. 1.],[2 1],,1,0.6,0.7,0.30000000000000004,[0. 0.]
1059,2.0,1060,0,False,1.0,530.0,0.0,1,1,0,[1. 1.],[2 1],1.0,1,0.6,0.7,0.30000000000000004,[0. 0.]
1060,0.0,1061,1,False,0.0,531.0,2.0,1,0,1,[1. 1.],[2 1],1.0,1,0.6,0.7,0.30000000000000004,[0. 0.]
1061,2.0,1062,0,False,1.0,531.0,0.0,1,1,0,[0. 0.],[2 1],,1,0.6,0.7,0.30000000000000004,[0. 0.]
1062,0.0,1063,1,False,0.0,532.0,2.0,1,0,1,[0. 0.],[2 1],,1,0.6,0.7,0.30000000000000004,[0. 0.]
1063,2.0,1064,0,False,0.0,532.0,0.0,1,1,0,[1. 0.],[1 2],,1,0.6,0.7,0.30000000000000004,[0. 0.]
1064,0.0,1065,1,False,0.0,533.0,1.0,1,0,1,[1. 0.],[1 2],,1,0.6,0.7,0.30000000000000004,[0. 0.]
1065,1.0,1066,0,False,1.0,533.0,0.0,1,1,0,[0. 1.],[1 2],1.0,1,0.6,0.7,0.30000000000000004,[0. 0.]
1066,0.0,1067,1,False,0.0,534.0,2.0,1,0,1,[0. 1.],[1 2],1.0,1,0.6,0.7,0.30000000000000004,[0. 0.]
1067,2.0,1068,0,False,0.0,534.0,0.0,1,1,0,[1. 1.],[1 2],,0,0.6,0.7,0.30000000000000004,[0. 0.]
1068,0.0,1069,1,False,0.0,535.0,1.0,1,0,1,[1. 1.],[1 2],,0,0.6,0.7,0.30000000000000004,[0. 0.]
1069,1.0,1070,0,False,1.0,535.0,0.0,1,1,0,[1. 0.],[1 2],0.0,0,0.6,0.7,0.30000000000000004,[0. 0.]
1070,0.0,1071,1,False,0.0,536.0,1.0,1,0,1,[1. 0.],[1 2],0.0,0,0.6,0.7,0.30000000000000004,[0. 0.]
1071,1.0,1072,0,False,1.0,536.0,0.0,1,1,0,[0. 0.],[1 2],0.0,0,0.6,0.7,0.30000000000000004,[0. 0.]
1072,0.0,1073,1,False,0.0,537.0,1.0,1,0,1,[0. 0.],[1 2],0.0,0,0.6,0.7,0.30000000000000004,[0. 0.]
1073,1.0,1074,0,False,0.0,537.0,0.0,1,1,0,[0. 0.],[1 2],0.0,0,0.6,0.7,0.30000000000000004,[0. 0.]
1074,0.0,1075,1,False,0.0,538.0,1.0,1,0,1,[0. 0.],[1 2],0.0,0,0.6,0.7,0.30000000000000004,[0. 0.]
1075,1.0,1076,0,False,0.0,538.0,0.0,1,1,0,[1. 0.],[1 2],,0,0.6,0.7,0.30000000000000004,[0. 0.]
1076,0.0,1077,1,False,0.0,539.0,2.0,1,0,2,[1. 0.],[1 2],,0,0.6,0.7,0.30000000000000004,[0. 0.]
1077,2.0,1078,0,False,0.0,539.0,0.0,1,1,0,[0. 1.],[1 2],,0,0.6,0.7,0.30000000000000004,[0. 0.]
1078,0.0,1079,1,False,0.0,540.0,1.0,1,0,1,[0. 1.],[1 2],,0,0.6,0.7,0.30000000000000004,[0. 0.]
1079,1.0,1080,0,False,0.0,540.0,0.0,1,1,0,[1. 1.],[1 2],1.0,0,0.6,0.7,0.30000000000000004,[0. 0.]
1080,0.0,1081,1,False,0.0,541.0,2.0,1,0,2,[1. 1.],[1 2],1.0,0,0.6,0.7,0.30000000000000004,[0. 0.]
1081,2.0,1082,0,False,1.0,541.0,0.0,1,1,0,[1. 1.],[1 2],0.0,0,0.6,0.7,0.30000000000000004,[0. 0.]
1082,0.0,1083,1,False,0.0,542.0,1.0,1,0,2,[1. 1.],[1 2],0.0,0,0.6,0.7,0.30000000000000004,[0. 0.]
1083,1.0,1084,0,False,1.0,542.0,0.0,1,1,0,[1. 0.],[1 2],,0,0.6,0.7,0.30000000000000004,[0. 0.]
1084,0.0,1085,1,False,0.0,543.0,2.0,1,0,2,[1. 0.],[1 2],,0,0.6,0.7,0.30000000000000004,[0. 0.]
1085,2.0,1086,0,False,0.0,543.0,0.0,1,1,0,[1. 0.],[1 2],0.0,0,0.6,0.7,0.30000000000000004,[0. 0.]
1086,0.0,1087,1,False,0.0,544.0,1.0,1,0,2,[1. 0.],[1 2],0.0,0,0.6,0.7,0.30000000000000004,[0. 0.]
1087,1.0,1088,0,False,0.0,544.0,0.0,1,1,0,[1. 0.],[1 2],1.0,0,0.6,0.7,0.30000000000000004,[0. 0.]
1088,0.0,1089,1,False,0.0,545.0,2.0,1,0,2,[1. 0.],[1 2],1.0,0,0.6,0.7,0.30000000000000004,[0. 0.]
1089,2.0,1090,0,False,0.0,545.0,0.0,1,1,0,[1. 0.],[1 2],,0,0.6,0.7,0.30000000000000004,[0. 0.]
1090,0.0,1091,1,False,0.0,546.0,2.0,1,0,2,[1. 0.],[1 2],,0,0.6,0.7,0.30000000000000004,[0. 0.]
1091,2.0,1092,0,False,0.0,546.0,0.0,1,1,0,[1. 0.],[1 2],,0,0.6,0.7,0.30000000000000004,[0. 0.]
1092,0.0,1093,1,False,0.0,547.0,1.0,1,0,1,[1. 0.],[1 2],,0,0.6,0.7,0.30000000000000004,[0. 0.]
1093,1.0,1094,0,False,1.0,547.0,0.0,1,1,0,[0. 0.],[1 2],0.0,0,0.6,0.7,0.30000000000000004,[0. 0.]
1094,0.0,1095,1,False,0.0,548.0,1.0,1,0,1,[0. 0.],[1 2],0.0,0,0.6,0.7,0.30000000000000004,[0. 0.]
1095,1.0,1096,0,False,0.0,548.0,0.0,1,1,0,[1. 1.],[1 2],0.0,0,0.6,0.7,0.30000000000000004,[0. 0.]
1096,0.0,1097,1,False,0.0,549.0,1.0,1,0,1,[1. 1.],[1 2],0.0,0,0.6,0.7,0.30000000000000004,[0. 0.]
1097,1.0,1098,0,False,1.0,549.0,0.0,1,1,0,[1. 0.],[1 2],0.0,0,0.6,0.7,0.30000000000000004,[0. 0.]
1098,0.0,1099,1,False,0.0,550.0,1.0,1,0,1,[1. 0.],[1 2],0.0,0,0.6,0.7,0.30000000000000004,[0. 0.]
1099,1.0,1100,0,False,1.0,550.0,0.0,1,1,0,[0. 1.],[1 2],0.0,0,0.6,0.7,0.30000000000000004,[0. 0.]
1100,0.0,1101,1,False,0.0,551.0,1.0,1,0,1,[0. 1.],[1 2],0.0,0,0.6,0.7,0.30000000000000004,[0. 0.]
1101,1.0,1102,0,False,0.0,551.0,0.0,1,1,0,[1. 1.],[1 2],1.0,0,0.6,0.7,0.30000000000000004,[0. 0.]
1102,0.0,1103,1,False,0.0,552.0,2.0,1,0,1,[1. 1.],[1 2],1.0,0,0.6,0.7,0.30000000000000004,[0. 0.]
1103,2.0,1104,0,False,1.0,552.0,0.0,1,1,0,[0. 0.],[1 2],,0,0.6,0.7,0.30000000000000004,[0. 0.]
1104,0.0,1105,1,False,0.0,553.0,1.0,1,0,1,[0. 0.],[1 2],,0,0.6,0.7,0.30000000000000004,[0. 0.]
1105,1.0,1106,0,False,0.0,553.0,0.0,1,1,0,[1. 0.],[1 2],,0,0.6,0.7,0.30000000000000004,[0. 0.]
1106,0.0,1107,1,False,0.0,554.0,1.0,1,0,1,[1. 0.],[1 2],,0,0.6,0.7,0.30000000000000004,[0. 0.]
1107,1.0,1108,0,False,1.0,554.0,0.0,1,1,0,[1. 0.],[1 2],1.0,0,0.6,0.7,0.30000000000000004,[0. 0.]
1108,0.0,1109,1,False,0.0,555.0,2.0,1,0,1,[1. 0.],[1 2],1.0,0,0.6,0.7,0.30000000000000004,[0. 0.]
1109,2.0,1110,0,False,1.0,555.0,0.0,1,1,0,[0. 0.],[1 2],0.0,0,0.6,0.7,0.30000000000000004,[0. 0.]
1110,0.0,1111,1,False,0.0,556.0,1.0,1,0,1,[0. 0.],[1 2],0.0,0,0.6,0.7,0.30000000000000004,[0. 0.]
1111,1.0,1112,0,False,0.0,556.0,0.0,1,1,0,[1. 0.],[1 2],0.0,0,0.6,0.7,0.30000000000000004,[0. 0.]
1112,0.0,1113,1,False,0.0,557.0,1.0,1,0,1,[1. 0.],[1 2],0.0,0,0.6,0.7,0.30000000000000004,[0. 0.]
1113,1.0,1114,0,False,1.0,557.0,0.0,1,1,0,[0. 1.],[1 2],1.0,0,0.6,0.7,0.30000000000000004,[0. 0.]
1114,0.0,1115,1,False,0.0,558.0,2.0,1,0,1,[0. 1.],[1 2],1.0,0,0.6,0.7,0.30000000000000004,[0. 0.]
1115,2.0,1116,0,False,0.0,558.0,0.0,1,1,0,[1. 0.],[1 2],,0,0.6,0.7,0.30000000000000004,[0. 0.]
1116,0.0,1117,1,False,0.0,559.0,1.0,1,0,1,[1. 0.],[1 2],,0,0.6,0.7,0.30000000000000004,[0. 0.]
1117,1.0,1118,0,False,1.0,559.0,0.0,1,1,0,[1. 1.],[1 2],,0,0.6,0.7,0.30000000000000004,[0. 0.]
1118,0.0,1119,1,False,0.0,560.0,1.0,1,0,1,[1. 1.],[1 2],,0,0.6,0.7,0.30000000000000004,[0. 0.]
1119,1.0,1120,0,False,1.0,560.0,0.0,1,1,0,[1. 0.],[1 2],0.0,0,0.6,0.7,0.30000000000000004,[0. 0.]
1120,0.0,1121,1,False,0.0,561.0,1.0,1,0,1,[1. 0.],[1 2],0.0,0,0.6,0.7,0.30000000000000004,[0. 0.]
1121,1.0,1122,0,False,1.0,561.0,0.0,1,1,0,[1. 0.],[1 2],1.0,0,0.6,0.7,0.30000000000000004,[0. 0.]
1122,0.0,1123,1,False,0.0,562.0,2.0,1,0,1,[1. 0.],[1 2],1.0,0,0.6,0.7,0.30000000000000004,[0. 0.]
1123,2.0,1124,0,False,1.0,562.0,0.0,1,1,0,[1. 0.],[1 2],,0,0.6,0.7,0.30000000000000004,[0. 0.]
1124,0.0,1125,1,False,0.0,563.0,1.0,1,0,1,[1. 0.],[1 2],,0,0.6,0.7,0.30000000000000004,[0. 0.]
1125,1.0,1126,0,False,1.0,563.0,0.0,1,1,0,[0. 1.],[1 2],1.0,0,0.6,0.7,0.30000000000000004,[0. 0.]
1126,0.0,1127,1,False,0.0,564.0,2.0,1,0,1,[0. 1.],[1 2],1.0,0,0.6,0.7,0.30000000000000004,[0. 0.]
1127,2.0,1128,0,False,0.0,564.0,0.0,1,1,0,[0. 0.],[1 2],1.0,0,0.6,0.7,0.30000000000000004,[0. 0.]
1128,0.0,1129,1,False,0.0,565.0,2.0,1,0,1,[0. 0.],[1 2],1.0,0,0.6,0.7,0.30000000000000004,[0. 0.]
1129,2.0,1130,0,False,0.0,565.0,0.0,1,1,0,[0. 0.],[1 2],0.0,0,0.6,0.7,0.30000000000000004,[0. 0.]
1130,0.0,1131,1,False,0.0,566.0,1.0,1,0,1,[0. 0.],[1 2],0.0,0,0.6,0.7,0.30000000000000004,[0. 0.]
1131,1.0,1132,0,False,0.0,566.0,0.0,1,1,0,[1. 1.],[1 2],,0,0.6,0.7,0.30000000000000004,[0. 0.]
1132,0.0,1133,1,False,0.0,567.0,1.0,1,0,1,[1. 1.],[1 2],,0,0.6,0.7,0.30000000000000004,[0. 0.]
1133,1.0,1134,0,False,1.0,567.0,0.0,1,1,0,[1. 0.],[1 2],1.0,0,0.6,0.7,0.30000000000000004,[0. 0.]
1134,0.0,1135,1,False,0.0,568.0,2.0,1,0,1,[1. 0.],[1 2],1.0,0,0.6,0.7,0.30000000000000004,[0. 0.]
1135,2.0,1136,0,False,1.0,568.0,0.0,1,1,0,[0. 0.],[1 2],0.0,0,0.6,0.7,0.30000000000000004,[0. 0.]
1136,0.0,1137,1,False,0.0,569.0,1.0,1,0,1,[0. 0.],[1 2],0.0,0,0.6,0.7,0.30000000000000004,[0. 0.]
1137,1.0,1138,0,False,0.0,569.0,0.0,1,1,0,[1. 1.],[1 2],1.0,0,0.6,0.7,0.30000000000000004,[0. 0.]
1138,0.0,1139,1,False,0.0,570.0,2.0,1,0,1,[1. 1.],[1 2],1.0,0,0.6,0.7,0.30000000000000004,[0. 0.]
1139,2.0,1140,0,False,1.0,570.0,0.0,1,1,0,[1. 0.],[1 2],1.0,0,0.6,0.7,0.30000000000000004,[0. 0.]
1140,0.0,1141,1,False,0.0,571.0,2.0,1,0,1,[1. 0.],[1 2],1.0,0,0.6,0.7,0.30000000000000004,[0. 0.]
1141,2.0,1142,0,False,1.0,571.0,0.0,1,1,0,[1. 1.],[2 1],0.0,0,0.6,0.7,0.30000000000000004,[0. 0.]
1142,0.0,1143,1,False,0.0,572.0,1.0,1,0,1,[1. 1.],[2 1],0.0,0,0.6,0.7,0.30000000000000004,[0. 0.]
1143,1.0,1144,0,False,1.0,572.0,0.0,1,1,0,[0. 0.],[2 1],,0,0.6,0.7,0.30000000000000004,[0. 0.]
1144,0.0,1145,1,False,0.0,573.0,2.0,1,0,1,[0. 0.],[2 1],,0,0.6,0.7,0.30000000000000004,[0. 0.]
1145,2.0,1146,0,False,0.0,573.0,0.0,1,1,0,[1. 1.],[2 1],,0,0.6,0.7,0.30000000000000004,[0. 0.]
1146,0.0,1147,1,False,0.0,574.0,2.0,1,0,1,[1. 1.],[2 1],,0,0.6,0.7,0.30000000000000004,[0. 0.]
1147,2.0,1148,0,False,1.0,574.0,0.0,1,1,0,[1. 1.],[2 1],,0,0.6,0.7,0.30000000000000004,[0. 0.]
1148,0.0,1149,1,False,0.0,575.0,2.0,1,0,1,[1. 1.],[2 1],,0,0.6,0.7,0.30000000000000004,[0. 0.]
1149,2.0,1150,0,False,1.0,575.0,0.0,1,1,0,[1. 0.],[2 1],1.0,0,0.6,0.7,0.30000000000000004,[0. 0.]
1150,0.0,1151,1,False,0.0,576.0,2.0,1,0,1,[1. 0.],[2 1],1.0,0,0.6,0.7,0.30000000000000004,[0. 0.]
1151,2.0,1152,0,False,0.0,576.0,0.0,1,1,0,[1. 0.],[2 1],,0,0.6,0.7,0.30000000000000004,[0. 0.]
1152,0.0,1153,1,False,0.0,577.0,2.0,1,0,1,[1. 0.],[2 1],,0,0.6,0.7,0.30000000000000004,[0. 0.]
1153,2.0,1154,0,False,0.0,577.0,0.0,1,1,0,[1. 1.],[2 1],1.0,0,0.6,0.7,0.30000000000000004,[0. 0.]
1154,0.0,1155,1,False,0.0,578.0,2.0,1,0,1,[1. 1.],[2 1],1.0,0,0.6,0.7,0.30000000000000004,[0. 0.]
1155,2.0,1156,0,False,1.0,578.0,0.0,1,1,0,[0. 1.],[2 1],1.0,0,0.6,0.7,0.30000000000000004,[0. 0.]
1156,0.0,1157,1,False,0.0,579.0,2.0,1,0,1,[0. 1.],[2 1],1.0,0,0.6,0.7,0.30000000000000004,[0. 0.]
1157,2.0,1158,0,False,1.0,579.0,0.0,1,1,0,[0. 1.],[2 1],0.0,0,0.6,0.7,0.30000000000000004,[0. 0.]
1158,0.0,1159,1,False,0.0,580.0,1.0,1,0,1,[0. 1.],[2 1],0.0,0,0.6,0.7,0.30000000000000004,[0. 0.]
1159,1.0,1160,0,False,1.0,580.0,0.0,1,1,0,[1. 0.],[2 1],1.0,0,0.6,0.7,0.30000000000000004,[0. 0.]
1160,0.0,1161,1,False,0.0,581.0,2.0,1,0,1,[1. 0.],[2 1],1.0,0,0.6,0.7,0.30000000000000004,[0. 0.]
1161,2.0,1162,0,False,0.0,581.0,0.0,1,1,0,[1. 0.],[2 1],,0,0.6,0.7,0.30000000000000004,[0. 0.]
1162,0.0,1163,1,False,0.0,582.0,2.0,1,0,1,[1. 0.],[2 1],,0,0.6,0.7,0.30000000000000004,[0. 0.]
1163,2.0,1164,0,False,0.0,582.0,0.0,1,1,0,[0. 1.],[2 1],1.0,0,0.6,0.7,0.30000000000000004,[0. 0.]
1164,0.0,1165,1,False,0.0,583.0,2.0,1,0,1,[0. 1.],[2 1],1.0,0,0.6,0.7,0.30000000000000004,[0. 0.]
1165,2.0,1166,0,False,1.0,583.0,0.0,1,1,0,[1. 1.],[2 1],1.0,0,0.6,0.7,0.30000000000000004,[0. 0.]
1166,0.0,1167,1,False,0.0,584.0,2.0,1,0,1,[1. 1.],[2 1],1.0,0,0.6,0.7,0.30000000000000004,[0. 0.]
1167,2.0,1168,0,False,1.0,584.0,0.0,1,1,0,[1. 0.],[2 1],1.0,0,0.6,0.7,0.30000000000000004,[0. 0.]
1168,0.0,1169,1,False,0.0,585.0,2.0,1,0,1,[1. 0.],[2 1],1.0,0,0.6,0.7,0.30000000000000004,[0. 0.]
1169,2.0,1170,0,False,0.0,585.0,0.0,1,1,0,[1. 0.],[2 1],1.0,0,0.6,0.7,0.30000000000000004,[0. 0.]
1170,0.0,1171,1,False,0.0,586.0,2.0,1,0,1,[1. 0.],[2 1],1.0,0,0.6,0.7,0.30000000000000004,[0. 0.]
1171,2.0,1172,0,False,0.0,586.0,0.0,1,1,0,[1. 0.],[2 1],,0,0.6,0.7,0.30000000000000004,[0. 0.]
1172,0.0,1173,1,False,0.0,587.0,2.0,1,0,1,[1. 0.],[2 1],,0,0.6,0.7,0.30000000000000004,[0. 0.]
1173,2.0,1174,0,False,0.0,587.0,0.0,1,1,0,[0. 0.],[2 1],1.0,0,0.6,0.7,0.30000000000000004,[0. 0.]
1174,0.0,1175,1,False,0.0,588.0,2.0,1,0,1,[0. 0.],[2 1],1.0,0,0.6,0.7,0.30000000000000004,[0. 0.]
1175,2.0,1176,0,False,0.0,588.0,0.0,1,1,0,[1. 1.],[2 1],1.0,0,0.6,0.7,0.30000000000000004,[0. 0.]
1176,0.0,1177,1,False,0.0,589.0,2.0,1,0,1,[1. 1.],[2 1],1.0,0,0.6,0.7,0.30000000000000004,[0. 0.]
1177,2.0,1178,0,False,1.0,589.0,0.0,1,1,0,[1. 0.],[2 1],0.0,0,0.6,0.7,0.30000000000000004,[0. 0.]
1178,0.0,1179,1,False,0.0,590.0,1.0,1,0,1,[1. 0.],[2 1],0.0,0,0.6,0.7,0.30000000000000004,[0. 0.]
1179,1.0,1180,0,False,0.0,590.0,0.0,1,1,0,[1. 0.],[2 1],,0,0.6,0.7,0.30000000000000004,[0. 0.]
1180,0.0,1181,1,False,0.0,591.0,2.0,1,0,1,[1. 0.],[2 1],,0,0.6,0.7,0.30000000000000004,[0. 0.]
1181,2.0,1182,0,False,0.0,591.0,0.0,1,1,0,[0. 0.],[2 1],,0,0.6,0.7,0.30000000000000004,[0. 0.]
1182,0.0,1183,1,False,0.0,592.0,1.0,1,0,2,[0. 0.],[2 1],,0,0.6,0.7,0.30000000000000004,[0. 0.]
1183,1.0,1184,0,False,0.0,592.0,0.0,1,1,0,[1. 0.],[2 1],,0,0.6,0.7,0.30000000000000004,[0. 0.]
1184,0.0,1185,1,False,0.0,593.0,2.0,1,0,1,[1. 0.],[2 1],,0,0.6,0.7,0.30000000000000004,[0. 0.]
1185,2.0,1186,0,False,0.0,593.0,0.0,1,1,0,[1. 0.],[2 1],1.0,0,0.6,0.7,0.30000000000000004,[0. 0.]
1186,0.0,1187,1,False,0.0,594.0,2.0,1,0,1,[1. 0.],[2 1],1.0,0,0.6,0.7,0.30000000000000004,[0. 0.]
1187,2.0,1188,0,False,0.0,594.0,0.0,1,1,0,[0. 0.],[1 2],0.0,0,0.6,0.7,0.30000000000000004,[0. 0.]
1188,0.0,1189,1,False,0.0,595.0,1.0,1,0,2,[0. 0.],[1 2],0.0,0,0.6,0.7,0.30000000000000004,[0. 0.]
1189,1.0,1190,0,False,0.0,595.0,0.0,1,1,0,[1. 0.],[1 2],0.0,0,0.6,0.7,0.30000000000000004,[0. 0.]
1190,0.0,1191,1,False,0.0,596.0,1.0,1,0,1,[1. 0.],[1 2],0.0,0,0.6,0.7,0.30000000000000004,[0. 0.]
1191,1.0,1192,0,False,1.0,596.0,0.0,1,1,0,[1. 0.],[1 2],0.0,0,0.6,0.7,0.30000000000000004,[0. 0.]
1192,0.0,1193,1,False,0.0,597.0,1.0,1,0,1,[1. 0.],[1 2],0.0,0,0.6,0.7,0.30000000000000004,[0. 0.]
1193,1.0,1194,0,False,1.0,597.0,0.0,1,1,0,[0. 0.],[1 2],,0,0.6,0.7,0.30000000000000004,[0. 0.]
1194,0.0,1195,1,False,0.0,598.0,1.0,1,0,1,[0. 0.],[1 2],,0,0.6,0.7,0.30000000000000004,[0. 0.]
1195,1.0,1196,0,False,0.0,598.0,0.0,1,1,0,[1. 0.],[1 2],0.0,0,0.6,0.7,0.30000000000000004,[0. 0.]
1196,0.0,1197,1,False,0.0,599.0,1.0,1,0,1,[1. 0.],[1 2],0.0,0,0.6,0.7,0.30000000000000004,[0. 0.]
1197,1.0,1198,0,False,1.0,599.0,0.0,1,1,0,[1. 0.],[1 2],1.0,0,0.6,0.7,0.30000000000000004,[0. 0.]
1198,0.0,1199,1,False,0.0,600.0,2.0,1,0,1,[1. 0.],[1 2],1.0,0,0.6,0.7,0.30000000000000004,[0. 0.]
1199,2.0,1200,0,False,1.0,600.0,0.0,1,1,0,[0. 0.],[1 2],1.0,0,0.6,0.7,0.30000000000000004,[0. 0.]
1200,0.0,1201,1,False,0.0,601.0,2.0,1,0,1,[0. 0.],[1 2],1.0,0,0.6,0.7,0.30000000000000004,[0. 0.]
1201,2.0,1202,0,False,0.0,601.0,0.0,1,1,0,[0. 0.],[1 2],0.0,0,0.6,0.7,0.30000000000000004,[0. 0.]
1202,0.0,1203,1,False,0.0,602.0,1.0,1,0,1,[0. 0.],[1 2],0.0,0,0.6,0.7,0.30000000000000004,[0. 0.]
1203,1.0,1204,0,False,0.0,602.0,0.0,1,1,0,[1. 0.],[1 2],0.0,0,0.6,0.7,0.30000000000000004,[0. 0.]
1204,0.0,1205,1,False,0.0,603.0,1.0,1,0,1,[1. 0.],[1 2],0.0,0,0.6,0.7,0.30000000000000004,[0. 0.]
1205,1.0,1206,0,False,1.0,603.0,0.0,1,1,0,[1. 0.],[1 2],,0,0.6,0.7,0.30000000000000004,[0. 0.]
1206,0.0,1207,1,False,0.0,604.0,1.0,1,0,1,[1. 0.],[1 2],,0,0.6,0.7,0.30000000000000004,[0. 0.]
1207,1.0,1208,0,False,1.0,604.0,0.0,1,1,0,[1. 0.],[1 2],0.0,0,0.6,0.7,0.30000000000000004,[0. 0.]
1208,0.0,1209,1,False,0.0,605.0,1.0,1,0,1,[1. 0.],[1 2],0.0,0,0.6,0.7,0.30000000000000004,[0. 0.]
1209,1.0,1210,0,False,1.0,605.0,0.0,1,1,0,[1. 0.],[1 2],,0,0.6,0.7,0.30000000000000004,[0. 0.]
1210,0.0,1211,1,False,0.0,606.0,1.0,1,0,1,[1. 0.],[1 2],,0,0.6,0.7,0.30000000000000004,[0. 0.]
1211,1.0,1212,0,False,1.0,606.0,0.0,1,1,0,[1. 0.],[1 2],,0,0.6,0.7,0.30000000000000004,[0. 0.]
1212,0.0,1213,1,False,0.0,607.0,1.0,1,0,1,[1. 0.],[1 2],,0,0.6,0.7,0.30000000000000004,[0. 0.]
1213,1.0,1214,0,False,1.0,607.0,0.0,1,1,0,[0. 1.],[1 2],1.0,0,0.6,0.7,0.30000000000000004,[0. 0.]
1214,0.0,1215,1,False,0.0,608.0,2.0,1,0,1,[0. 1.],[1 2],1.0,0,0.6,0.7,0.30000000000000004,[0. 0.]
1215,2.0,1216,0,False,0.0,608.0,0.0,1,1,0,[1. 0.],[1 2],,0,0.6,0.7,0.30000000000000004,[0. 0.]
1216,0.0,1217,1,False,0.0,609.0,1.0,1,0,1,[1. 0.],[1 2],,0,0.6,0.7,0.30000000000000004,[0. 0.]
1217,1.0,1218,0,False,1.0,609.0,0.0,1,1,0,[1. 0.],[1 2],0.0,0,0.6,0.7,0.30000000000000004,[0. 0.]
1218,0.0,1219,1,False,0.0,610.0,1.0,1,0,1,[1. 0.],[1 2],0.0,0,0.6,0.7,0.30000000000000004,[0. 0.]
1219,1.0,1220,0,False,1.0,610.0,0.0,1,1,0,[0. 1.],[1 2],0.0,0,0.6,0.7,0.30000000000000004,[0. 0.]
1220,0.0,1221,1,False,0.0,611.0,1.0,1,0,1,[0. 1.],[1 2],0.0,0,0.6,0.7,0.30000000000000004,[0. 0.]
1221,1.0,1222,0,False,0.0,611.0,0.0,1,1,0,[1. 0.],[1 2],0.0,0,0.6,0.7,0.30000000000000004,[0. 0.]
1222,0.0,1223,1,False,0.0,612.0,1.0,1,0,1,[1. 0.],[1 2],0.0,0,0.6,0.7,0.30000000000000004,[0. 0.]
1223,1.0,1224,0,False,1.0,612.0,0.0,1,1,0,[1. 0.],[1 2],1.0,0,0.6,0.7,0.30000000000000004,[0. 0.]
1224,0.0,1225,1,False,0.0,613.0,2.0,1,0,1,[1. 0.],[1 2],1.0,0,0.6,0.7,0.30000000000000004,[0. 0.]
1225,2.0,1226,0,False,1.0,613.0,0.0,1,1,0,[1. 0.],[1 2],,0,0.6,0.7,0.30000000000000004,[0. 0.]
1226,0.0,1227,1,False,0.0,614.0,1.0,1,0,1,[1. 0.],[1 2],,0,0.6,0.7,0.30000000000000004,[0. 0.]
1227,1.0,1228,0,False,1.0,614.0,0.0,1,1,0,[1. 0.],[1 2],,0,0.6,0.7,0.30000000000000004,[0. 0.]
1228,0.0,1229,1,False,0.0,615.0,1.0,1,0,1,[1. 0.],[1 2],,0,0.6,0.7,0.30000000000000004,[0. 0.]
1229,1.0,1230,0,False,1.0,615.0,0.0,1,1,0,[1. 0.],[1 2],0.0,0,0.6,0.7,0.30000000000000004,[0. 0.]
1230,0.0,1231,1,False,0.0,616.0,1.0,1,0,1,[1. 0.],[1 2],0.0,0,0.6,0.7,0.30000000000000004,[0. 0.]
1231,1.0,1232,0,False,1.0,616.0,0.0,1,1,0,[1. 1.],[1 2],0.0,0,0.6,0.7,0.30000000000000004,[0. 0.]
1232,0.0,1233,1,False,0.0,617.0,1.0,1,0,1,[1. 1.],[1 2],0.0,0,0.6,0.7,0.30000000000000004,[0. 0.]
1233,1.0,1234,0,False,1.0,617.0,0.0,1,1,0,[1. 0.],[1 2],1.0,0,0.6,0.7,0.30000000000000004,[0. 0.]
1234,0.0,1235,1,False,0.0,618.0,2.0,1,0,1,[1. 0.],[1 2],1.0,0,0.6,0.7,0.30000000000000004,[0. 0.]
1235,2.0,1236,0,False,1.0,618.0,0.0,1,1,0,[1. 0.],[1 2],,0,0.6,0.7,0.30000000000000004,[0. 0.]
1236,0.0,1237,1,False,0.0,619.0,1.0,1,0,1,[1. 0.],[1 2],,0,0.6,0.7,0.30000000000000004,[0. 0.]
1237,1.0,1238,0,False,1.0,619.0,0.0,1,1,0,[1. 0.],[1 2],0.0,0,0.6,0.7,0.30000000000000004,[0. 0.]
1238,0.0,1239,1,False,0.0,620.0,1.0,1,0,1,[1. 0.],[1 2],0.0,0,0.6,0.7,0.30000000000000004,[0. 0.]
1239,1.0,1240,0,False,1.0,620.0,0.0,1,1,0,[1. 0.],[1 2],0.0,0,0.6,0.7,0.30000000000000004,[0. 0.]
1240,0.0,1241,1,False,0.0,621.0,1.0,1,0,1,[1. 0.],[1 2],0.0,0,0.6,0.7,0.30000000000000004,[0. 0.]
1241,1.0,1242,0,False,1.0,621.0,0.0,1,1,0,[0. 1.],[1 2],,0,0.6,0.7,0.30000000000000004,[0. 0.]
1242,0.0,1243,1,False,0.0,622.0,1.0,1,0,1,[0. 1.],[1 2],,0,0.6,0.7,0.30000000000000004,[0. 0.]
1243,1.0,1244,0,False,0.0,622.0,0.0,1,1,0,[1. 0.],[1 2],,0,0.6,0.7,0.30000000000000004,[0. 0.]
1244,0.0,1245,1,False,0.0,623.0,1.0,1,0,1,[1. 0.],[1 2],,0,0.6,0.7,0.30000000000000004,[0. 0.]
1245,1.0,1246,0,False,1.0,623.0,0.0,1,1,0,[0. 1.],[1 2],1.0,0,0.6,0.7,0.30000000000000004,[0. 0.]
1246,0.0,1247,1,False,0.0,624.0,2.0,1,0,1,[0. 1.],[1 2],1.0,0,0.6,0.7,0.30000000000000004,[0. 0.]
1247,2.0,1248,0,False,0.0,624.0,0.0,1,1,0,[0. 0.],[1 2],,0,0.6,0.7,0.30000000000000004,[0. 0.]
1248,0.0,1249,1,False,0.0,625.0,1.0,1,0,1,[0. 0.],[1 2],,0,0.6,0.7,0.30000000000000004,[0. 0.]
1249,1.0,1250,0,False,0.0,625.0,0.0,1,1,0,[0. 0.],[1 2],1.0,0,0.6,0.7,0.30000000000000004,[0. 0.]
1250,0.0,1251,1,False,0.0,626.0,2.0,1,0,1,[0. 0.],[1 2],1.0,0,0.6,0.7,0.30000000000000004,[0. 0.]
1251,2.0,1252,0,False,0.0,626.0,0.0,1,1,0,[1. 0.],[1 2],,0,0.6,0.7,0.30000000000000004,[0. 0.]
1252,0.0,1253,1,False,0.0,627.0,2.0,1,0,2,[1. 0.],[1 2],,0,0.6,0.7,0.30000000000000004,[0. 0.]
1253,2.0,1254,0,False,0.0,627.0,0.0,1,1,0,[1. 0.],[1 2],,0,0.6,0.7,0.30000000000000004,[0. 0.]
1254,0.0,1255,1,False,0.0,628.0,1.0,1,0,1,[1. 0.],[1 2],,0,0.6,0.7,0.30000000000000004,[0. 0.]
1255,1.0,1256,0,False,1.0,628.0,0.0,1,1,0,[0. 1.],[1 2],,0,0.6,0.7,0.30000000000000004,[0. 0.]
1256,0.0,1257,1,False,0.0,629.0,1.0,1,0,1,[0. 1.],[1 2],,0,0.6,0.7,0.30000000000000004,[0. 0.]
1257,1.0,1258,0,False,0.0,629.0,0.0,1,1,0,[1. 0.],[1 2],0.0,0,0.6,0.7,0.30000000000000004,[0. 0.]
1258,0.0,1259,1,False,0.0,630.0,1.0,1,0,1,[1. 0.],[1 2],0.0,0,0.6,0.7,0.30000000000000004,[0. 0.]
1259,1.0,1260,0,False,1.0,630.0,0.0,1,1,0,[1. 0.],[1 2],,0,0.6,0.7,0.30000000000000004,[0. 0.]
1260,0.0,1261,1,False,0.0,631.0,1.0,1,0,1,[1. 0.],[1 2],,0,0.6,0.7,0.30000000000000004,[0. 0.]
1261,1.0,1262,0,False,1.0,631.0,0.0,1,1,0,[1. 0.],[1 2],0.0,0,0.6,0.7,0.30000000000000004,[0. 0.]
1262,0.0,1263,1,False,0.0,632.0,1.0,1,0,1,[1. 0.],[1 2],0.0,0,0.6,0.7,0.30000000000000004,[0. 0.]
1263,1.0,1264,0,False,1.0,632.0,0.0,1,1,0,[1. 0.],[1 2],,0,0.6,0.7,0.30000000000000004,[0. 0.]
1264,0.0,1265,1,False,0.0,633.0,1.0,1,0,1,[1. 0.],[1 2],,0,0.6,0.7,0.30000000000000004,[0. 0.]
1265,1.0,1266,0,False,1.0,633.0,0.0,1,1,0,[0. 0.],[1 2],0.0,0,0.6,0.7,0.30000000000000004,[0. 0.]
1266,0.0,1267,1,False,0.0,634.0,1.0,1,0,1,[0. 0.],[1 2],0.0,0,0.6,0.7,0.30000000000000004,[0. 0.]
1267,1.0,1268,0,False,0.0,634.0,0.0,1,1,0,[0. 0.],[1 2],,0,0.6,0.7,0.30000000000000004,[0. 0.]
1268,0.0,1269,1,False,0.0,635.0,1.0,1,0,1,[0. 0.],[1 2],,0,0.6,0.7,0.30000000000000004,[0. 0.]
1269,1.0,1270,0,False,0.0,635.0,0.0,1,1,0,[0. 0.],[1 2],,1,0.6,0.7,0.30000000000000004,[0. 0.]
1270,0.0,1271,1,False,0.0,636.0,1.0,1,0,1,[0. 0.],[1 2],,1,0.6,0.7,0.30000000000000004,[0. 0.]
1271,1.0,1272,0,False,0.0,636.0,0.0,1,1,0,[1. 0.],[1 2],1.0,1,0.6,0.7,0.30000000000000004,[0. 0.]
1272,0.0,1273,1,False,0.0,637.0,2.0,1,0,1,[1. 0.],[1 2],1.0,1,0.6,0.7,0.30000000000000004,[0. 0.]
1273,2.0,1274,0,False,1.0,637.0,0.0,1,1,0,[1. 1.],[1 2],,1,0.6,0.7,0.30000000000000004,[0. 0.]
1274,0.0,1275,1,False,0.0,638.0,1.0,1,0,1,[1. 1.],[1 2],,1,0.6,0.7,0.30000000000000004,[0. 0.]
1275,1.0,1276,0,False,1.0,638.0,0.0,1,1,0,[0. 0.],[1 2],1.0,1,0.6,0.7,0.30000000000000004,[0. 0.]
1276,0.0,1277,1,False,0.0,639.0,2.0,1,0,1,[0. 0.],[1 2],1.0,1,0.6,0.7,0.30000000000000004,[0. 0.]
1277,2.0,1278,0,False,0.0,639.0,0.0,1,1,0,[0. 1.],[1 2],0.0,1,0.6,0.7,0.30000000000000004,[0. 0.]
1278,0.0,1279,1,False,0.0,640.0,1.0,1,0,1,[0. 1.],[1 2],0.0,1,0.6,0.7,0.30000000000000004,[0. 0.]
1279,1.0,1280,0,False,0.0,640.0,0.0,1,1,0,[0. 1.],[1 2],,1,0.6,0.7,0.30000000000000004,[0. 0.]
1280,0.0,1281,1,False,0.0,641.0,1.0,1,0,1,[0. 1.],[1 2],,1,0.6,0.7,0.30000000000000004,[0. 0.]
1281,1.0,1282,0,False,0.0,641.0,0.0,1,1,0,[0. 1.],[1 2],,1,0.6,0.7,0.30000000000000004,[0. 0.]
1282,0.0,1283,1,False,0.0,642.0,2.0,1,0,2,[0. 1.],[1 2],,1,0.6,0.7,0.30000000000000004,[0. 0.]
1283,2.0,1284,0,False,1.0,642.0,0.0,1,1,0,[1. 1.],[1 2],,0,0.6,0.7,0.30000000000000004,[0. 0.]
1284,0.0,1285,1,False,0.0,643.0,2.0,1,0,2,[1. 1.],[1 2],,0,0.6,0.7,0.30000000000000004,[0. 0.]
1285,2.0,1286,0,False,1.0,643.0,0.0,1,1,0,[0. 0.],[1 2],,0,0.6,0.7,0.30000000000000004,[0. 0.]
1286,0.0,1287,1,False,0.0,644.0,2.0,1,0,2,[0. 0.],[1 2],,0,0.6,0.7,0.30000000000000004,[0. 0.]
1287,2.0,1288,0,False,0.0,644.0,0.0,1,1,0,[0. 0.],[1 2],0.0,0,0.6,0.7,0.30000000000000004,[0. 0.]
1288,0.0,1289,1,False,0.0,645.0,1.0,1,0,2,[0. 0.],[1 2],0.0,0,0.6,0.7,0.30000000000000004,[0. 0.]
1289,1.0,1290,0,False,0.0,645.0,0.0,1,1,0,[0. 1.],[1 2],,0,0.6,0.7,0.30000000000000004,[0. 0.]
1290,0.0,1291,1,False,0.0,646.0,1.0,1,0,1,[0. 1.],[1 2],,0,0.6,0.7,0.30000000000000004,[0. 0.]
1291,1.0,1292,0,False,0.0,646.0,0.0,1,1,0,[0. 0.],[2 1],,0,0.6,0.7,0.30000000000000004,[0. 0.]
1292,0.0,1293,1,False,0.0,647.0,1.0,1,0,2,[0. 0.],[2 1],,0,0.6,0.7,0.30000000000000004,[0. 0.]
1293,1.0,1294,0,False,0.0,647.0,0.0,1,1,0,[1. 0.],[2 1],1.0,0,0.6,0.7,0.30000000000000004,[0. 0.]
1294,0.0,1295,1,False,0.0,648.0,2.0,1,0,1,[1. 0.],[2 1],1.0,0,0.6,0.7,0.30000000000000004,[0. 0.]
1295,2.0,1296,0,False,0.0,648.0,0.0,1,1,0,[0. 0.],[2 1],,0,0.6,0.7,0.30000000000000004,[0. 0.]
1296,0.0,1297,1,False,0.0,649.0,1.0,1,0,2,[0. 0.],[2 1],,0,0.6,0.7,0.30000000000000004,[0. 0.]
1297,1.0,1298,0,False,0.0,649.0,0.0,1,1,0,[0. 0.],[2 1],1.0,0,0.6,0.7,0.30000000000000004,[0. 0.]
1298,0.0,1299,1,False,0.0,650.0,2.0,1,0,1,[0. 0.],[2 1],1.0,0,0.6,0.7,0.30000000000000004,[0. 0.]
1299,2.0,1300,0,False,0.0,650.0,0.0,1,1,0,[1. 0.],[2 1],0.0,0,0.6,0.7,0.30000000000000004,[0. 0.]
1300,0.0,1301,1,False,0.0,651.0,1.0,1,0,2,[1. 0.],[2 1],0.0,0,0.6,0.7,0.30000000000000004,[0. 0.]
1301,1.0,1302,0,False,1.0,651.0,0.0,1,1,0,[1. 0.],[2 1],1.0,0,0.6,0.7,0.30000000000000004,[0. 0.]
1302,0.0,1303,1,False,0.0,652.0,2.0,1,0,2,[1. 0.],[2 1],1.0,0,0.6,0.7,0.30000000000000004,[0. 0.]
1303,2.0,1304,0,False,1.0,652.0,0.0,1,1,0,[0. 0.],[2 1],1.0,0,0.6,0.7,0.30000000000000004,[0. 0.]
1304,0.0,1305,1,False,0.0,653.0,2.0,1,0,2,[0. 0.],[2 1],1.0,0,0.6,0.7,0.30000000000000004,[0. 0.]
1305,2.0,1306,0,False,0.0,653.0,0.0,1,1,0,[1. 0.],[2 1],,0,0.6,0.7,0.30000000000000004,[0. 0.]
1306,0.0,1307,1,False,0.0,654.0,1.0,1,0,2,[1. 0.],[2 1],,0,0.6,0.7,0.30000000000000004,[0. 0.]
1307,1.0,1308,0,False,1.0,654.0,0.0,1,1,0,[1. 1.],[2 1],1.0,0,0.6,0.7,0.30000000000000004,[0. 0.]
1308,0.0,1309,1,False,0.0,655.0,2.0,1,0,2,[1. 1.],[2 1],1.0,0,0.6,0.7,0.30000000000000004,[0. 0.]
1309,2.0,1310,0,False,1.0,655.0,0.0,1,1,0,[1. 1.],[2 1],,0,0.6,0.7,0.30000000000000004,[0. 0.]
1310,0.0,1311,1,False,0.0,656.0,1.0,1,0,2,[1. 1.],[2 1],,0,0.6,0.7,0.30000000000000004,[0. 0.]
1311,1.0,1312,0,False,1.0,656.0,0.0,1,1,0,[1. 1.],[2 1],1.0,0,0.6,0.7,0.30000000000000004,[0. 0.]
1312,0.0,1313,1,False,0.0,657.0,2.0,1,0,2,[1. 1.],[2 1],1.0,0,0.6,0.7,0.30000000000000004,[0. 0.]
1313,2.0,1314,0,False,1.0,657.0,0.0,1,1,0,[0. 0.],[2 1],,0,0.6,0.7,0.30000000000000004,[0. 0.]
1314,0.0,1315,1,False,0.0,658.0,1.0,1,0,2,[0. 0.],[2 1],,0,0.6,0.7,0.30000000000000004,[0. 0.]
1315,1.0,1316,0,False,0.0,658.0,0.0,1,1,0,[0. 0.],[2 1],0.0,0,0.6,0.7,0.30000000000000004,[0. 0.]
1316,0.0,1317,1,False,0.0,659.0,1.0,1,0,2,[0. 0.],[2 1],0.0,0,0.6,0.7,0.30000000000000004,[0. 0.]
1317,1.0,1318,0,False,0.0,659.0,0.0,1,1,0,[1. 0.],[2 1],0.0,0,0.6,0.7,0.30000000000000004,[0. 0.]
1318,0.0,1319,1,False,0.0,660.0,1.0,1,0,2,[1. 0.],[2 1],0.0,0,0.6,0.7,0.30000000000000004,[0. 0.]
1319,1.0,1320,0,False,1.0,660.0,0.0,1,1,0,[1. 0.],[2 1],,0,0.6,0.7,0.30000000000000004,[0. 0.]
1320,0.0,1321,1,False,0.0,661.0,1.0,1,0,2,[1. 0.],[2 1],,0,0.6,0.7,0.30000000000000004,[0. 0.]
1321,1.0,1322,0,False,1.0,661.0,0.0,1,1,0,[0. 1.],[2 1],,0,0.6,0.7,0.30000000000000004,[0. 0.]
1322,0.0,1323,1,False,0.0,662.0,1.0,1,0,2,[0. 1.],[2 1],,0,0.6,0.7,0.30000000000000004,[0. 0.]
1323,1.0,1324,0,False,0.0,662.0,0.0,1,1,0,[1. 0.],[2 1],1.0,0,0.6,0.7,0.30000000000000004,[0. 0.]
1324,0.0,1325,1,False,0.0,663.0,2.0,1,0,2,[1. 0.],[2 1],1.0,0,0.6,0.7,0.30000000000000004,[0. 0.]
1325,2.0,1326,0,False,1.0,663.0,0.0,1,1,0,[1. 0.],[2 1],1.0,0,0.6,0.7,0.30000000000000004,[0. 0.]
1326,0.0,1327,1,False,0.0,664.0,2.0,1,0,2,[1. 0.],[2 1],1.0,0,0.6,0.7,0.30000000000000004,[0. 0.]
1327,2.0,1328,0,False,1.0,664.0,0.0,1,1,0,[1. 1.],[2 1],1.0,0,0.6,0.7,0.30000000000000004,[0. 0.]
1328,0.0,1329,1,False,0.0,665.0,2.0,1,0,2,[1. 1.],[2 1],1.0,0,0.6,0.7,0.30000000000000004,[0. 0.]
1329,2.0,1330,0,False,1.0,665.0,0.0,1,1,0,[0. 1.],[2 1],0.0,0,0.6,0.7,0.30000000000000004,[0. 0.]
1330,0.0,1331,1,False,0.0,666.0,1.0,1,0,2,[0. 1.],[2 1],0.0,0,0.6,0.7,0.30000000000000004,[0. 0.]
1331,1.0,1332,0,False,0.0,666.0,0.0,1,1,0,[1. 0.],[2 1],0.0,0,0.6,0.7,0.30000000000000004,[0. 0.]
1332,0.0,1333,1,False,0.0,667.0,1.0,1,0,2,[1. 0.],[2 1],0.0,0,0.6,0.7,0.30000000000000004,[0. 0.]
1333,1.0,1334,0,False,1.0,667.0,0.0,1,1,0,[1. 1.],[2 1],0.0,0,0.6,0.7,0.30000000000000004,[0. 0.]
1334,0.0,1335,1,False,0.0,668.0,1.0,1,0,2,[1. 1.],[2 1],0.0,0,0.6,0.7,0.30000000000000004,[0. 0.]
1335,1.0,1336,0,False,1.0,668.0,0.0,1,1,0,[1. 0.],[2 1],,0,0.6,0.7,0.30000000000000004,[0. 0.]
1336,0.0,1337,1,False,0.0,669.0,1.0,1,0,2,[1. 0.],[2 1],,0,0.6,0.7,0.30000000000000004,[0. 0.]
1337,1.0,1338,0,False,1.0,669.0,0.0,1,1,0,[1. 0.],[2 1],0.0,0,0.6,0.7,0.30000000000000004,[0. 0.]
1338,0.0,1339,1,False,0.0,670.0,1.0,1,0,2,[1. 0.],[2 1],0.0,0,0.6,0.7,0.30000000000000004,[0. 0.]
1339,1.0,1340,0,False,1.0,670.0,0.0,1,1,0,[0. 0.],[2 1],,0,0.6,0.7,0.30000000000000004,[0. 0.]
1340,0.0,1341,1,False,0.0,671.0,1.0,1,0,2,[0. 0.],[2 1],,0,0.6,0.7,0.30000000000000004,[0. 0.]
1341,1.0,1342,0,False,0.0,671.0,0.0,1,1,0,[1. 0.],[1 2],,0,0.6,0.7,0.30000000000000004,[0. 0.]
1342,0.0,1343,1,False,0.0,672.0,2.0,1,0,2,[1. 0.],[1 2],,0,0.6,0.7,0.30000000000000004,[0. 0.]
1343,2.0,1344,0,False,0.0,672.0,0.0,1,1,0,[1. 1.],[1 2],1.0,0,0.6,0.7,0.30000000000000004,[0. 0.]
1344,0.0,1345,1,False,0.0,673.0,2.0,1,0,2,[1. 1.],[1 2],1.0,0,0.6,0.7,0.30000000000000004,[0. 0.]
1345,2.0,1346,0,False,1.0,673.0,0.0,1,1,0,[1. 0.],[1 2],0.0,0,0.6,0.7,0.30000000000000004,[0. 0.]
1346,0.0,1347,1,False,0.0,674.0,1.0,1,0,2,[1. 0.],[1 2],0.0,0,0.6,0.7,0.30000000000000004,[0. 0.]
1347,1.0,1348,0,False,0.0,674.0,0.0,1,1,0,[1. 1.],[1 2],1.0,0,0.6,0.7,0.30000000000000004,[0. 0.]
1348,0.0,1349,1,False,0.0,675.0,2.0,1,0,2,[1. 1.],[1 2],1.0,0,0.6,0.7,0.30000000000000004,[0. 0.]
1349,2.0,1350,0,False,1.0,675.0,0.0,1,1,0,[1. 0.],[1 2],0.0,0,0.6,0.7,0.30000000000000004,[0. 0.]
1350,0.0,1351,1,False,0.0,676.0,1.0,1,0,2,[1. 0.],[1 2],0.0,0,0.6,0.7,0.30000000000000004,[0. 0.]
1351,1.0,1352,0,False,0.0,676.0,0.0,1,1,0,[1. 0.],[1 2],,0,0.6,0.7,0.30000000000000004,[0. 0.]
1352,0.0,1353,1,False,0.0,677.0,2.0,1,0,2,[1. 0.],[1 2],,0,0.6,0.7,0.30000000000000004,[0. 0.]
1353,2.0,1354,0,False,0.0,677.0,0.0,1,1,0,[1. 0.],[1 2],0.0,0,0.6,0.7,0.30000000000000004,[0. 0.]
1354,0.0,1355,1,False,0.0,678.0,1.0,1,0,1,[1. 0.],[1 2],0.0,0,0.6,0.7,0.30000000000000004,[0. 0.]
1355,1.0,1356,0,False,1.0,678.0,0.0,1,1,0,[0. 1.],[1 2],0.0,1,0.6,0.7,0.30000000000000004,[0. 0.]
1356,0.0,1357,1,False,0.0,679.0,1.0,1,0,1,[0. 1.],[1 2],0.0,1,0.6,0.7,0.30000000000000004,[0. 0.]
1357,1.0,1358,0,False,0.0,679.0,0.0,1,1,0,[0. 1.],[1 2],1.0,1,0.6,0.7,0.30000000000000004,[0. 0.]
1358,0.0,1359,1,False,0.0,680.0,2.0,1,0,1,[0. 1.],[1 2],1.0,1,0.6,0.7,0.30000000000000004,[0. 0.]
1359,2.0,1360,0,False,0.0,680.0,0.0,1,1,0,[0. 1.],[1 2],1.0,1,0.6,0.7,0.30000000000000004,[0. 0.]
1360,0.0,1361,1,False,0.0,681.0,2.0,1,0,2,[0. 1.],[1 2],1.0,1,0.6,0.7,0.30000000000000004,[0. 0.]
1361,2.0,1362,0,False,1.0,681.0,0.0,1,1,0,[1. 0.],[1 2],0.0,1,0.6,0.7,0.30000000000000004,[0. 0.]
1362,0.0,1363,1,False,0.0,682.0,1.0,1,0,2,[1. 0.],[1 2],0.0,1,0.6,0.7,0.30000000000000004,[0. 0.]
1363,1.0,1364,0,False,0.0,682.0,0.0,1,1,0,[0. 0.],[1 2],0.0,1,0.6,0.7,0.30000000000000004,[0. 0.]
1364,0.0,1365,1,False,0.0,683.0,1.0,1,0,1,[0. 0.],[1 2],0.0,1,0.6,0.7,0.30000000000000004,[0. 0.]
1365,1.0,1366,0,False,0.0,683.0,0.0,1,1,0,[0. 1.],[1 2],1.0,1,0.6,0.7,0.30000000000000004,[0. 0.]
1366,0.0,1367,1,False,0.0,684.0,2.0,1,0,2,[0. 1.],[1 2],1.0,1,0.6,0.7,0.30000000000000004,[0. 0.]
1367,2.0,1368,0,False,1.0,684.0,0.0,1,1,0,[0. 1.],[1 2],1.0,1,0.6,0.7,0.30000000000000004,[0. 0.]
1368,0.0,1369,1,False,0.0,685.0,2.0,1,0,2,[0. 1.],[1 2],1.0,1,0.6,0.7,0.30000000000000004,[0. 0.]
1369,2.0,1370,0,False,1.0,685.0,0.0,1,1,0,[0. 1.],[1 2],0.0,1,0.6,0.7,0.30000000000000004,[0. 0.]
1370,0.0,1371,1,False,0.0,686.0,1.0,1,0,2,[0. 1.],[1 2],0.0,1,0.6,0.7,0.30000000000000004,[0. 0.]
1371,1.0,1372,0,False,1.0,686.0,0.0,1,1,0,[1. 1.],[1 2],1.0,0,0.6,0.7,0.30000000000000004,[0. 0.]
1372,0.0,1373,1,False,0.0,687.0,2.0,1,0,2,[1. 1.],[1 2],1.0,0,0.6,0.7,0.30000000000000004,[0. 0.]
1373,2.0,1374,0,False,1.0,687.0,0.0,1,1,0,[1. 0.],[1 2],1.0,0,0.6,0.7,0.30000000000000004,[0. 0.]
1374,0.0,1375,1,False,0.0,688.0,2.0,1,0,2,[1. 0.],[1 2],1.0,0,0.6,0.7,0.30000000000000004,[0. 0.]
1375,2.0,1376,0,False,0.0,688.0,0.0,1,1,0,[1. 1.],[1 2],,0,0.6,0.7,0.30000000000000004,[0. 0.]
1376,0.0,1377,1,False,0.0,689.0,2.0,1,0,2,[1. 1.],[1 2],,0,0.6,0.7,0.30000000000000004,[0. 0.]
1377,2.0,1378,0,False,1.0,689.0,0.0,1,1,0,[0. 1.],[1 2],1.0,0,0.6,0.7,0.30000000000000004,[0. 0.]
1378,0.0,1379,1,False,0.0,690.0,2.0,1,0,2,[0. 1.],[1 2],1.0,0,0.6,0.7,0.30000000000000004,[0. 0.]
1379,2.0,1380,0,False,1.0,690.0,0.0,1,1,0,[1. 0.],[1 2],,0,0.6,0.7,0.30000000000000004,[0. 0.]
1380,0.0,1381,1,False,0.0,691.0,2.0,1,0,2,[1. 0.],[1 2],,0,0.6,0.7,0.30000000000000004,[0. 0.]
1381,2.0,1382,0,False,0.0,691.0,0.0,1,1,0,[1. 1.],[1 2],,0,0.6,0.7,0.30000000000000004,[0. 0.]
1382,0.0,1383,1,False,0.0,692.0,2.0,1,0,2,[1. 1.],[1 2],,0,0.6,0.7,0.30000000000000004,[0. 0.]
1383,2.0,1384,0,False,1.0,692.0,0.0,1,1,0,[0. 1.],[1 2],,0,0.6,0.7,0.30000000000000004,[0. 0.]
1384,0.0,1385,1,False,0.0,693.0,2.0,1,0,2,[0. 1.],[1 2],,0,0.6,0.7,0.30000000000000004,[0. 0.]
1385,2.0,1386,0,False,1.0,693.0,0.0,1,1,0,[1. 1.],[1 2],0.0,0,0.6,0.7,0.30000000000000004,[0. 0.]
1386,0.0,1387,1,False,0.0,694.0,1.0,1,0,2,[1. 1.],[1 2],0.0,0,0.6,0.7,0.30000000000000004,[0. 0.]
1387,1.0,1388,0,False,1.0,694.0,0.0,1,1,0,[1. 0.],[1 2],,0,0.6,0.7,0.30000000000000004,[0. 0.]
1388,0.0,1389,1,False,0.0,695.0,2.0,1,0,2,[1. 0.],[1 2],,0,0.6,0.7,0.30000000000000004,[0. 0.]
1389,2.0,1390,0,False,0.0,695.0,0.0,1,1,0,[1. 1.],[1 2],1.0,0,0.6,0.7,0.30000000000000004,[0. 0.]
1390,0.0,1391,1,False,0.0,696.0,2.0,1,0,2,[1. 1.],[1 2],1.0,0,0.6,0.7,0.30000000000000004,[0. 0.]
1391,2.0,1392,0,False,1.0,696.0,0.0,1,1,0,[1. 0.],[1 2],1.0,0,0.6,0.7,0.30000000000000004,[0. 0.]
1392,0.0,1393,1,False,0.0,697.0,2.0,1,0,2,[1. 0.],[1 2],1.0,0,0.6,0.7,0.30000000000000004,[0. 0.]
1393,2.0,1394,0,False,0.0,697.0,0.0,1,1,0,[0. 0.],[1 2],0.0,0,0.6,0.7,0.30000000000000004,[0. 0.]
1394,0.0,1395,1,False,0.0,698.0,1.0,1,0,2,[0. 0.],[1 2],0.0,0,0.6,0.7,0.30000000000000004,[0. 0.]
1395,1.0,1396,0,False,0.0,698.0,0.0,1,1,0,[0. 0.],[1 2],0.0,0,0.6,0.7,0.30000000000000004,[0. 0.]
1396,0.0,1397,1,False,0.0,699.0,1.0,1,0,2,[0. 0.],[1 2],0.0,0,0.6,0.7,0.30000000000000004,[0. 0.]
1397,1.0,1398,0,False,0.0,699.0,0.0,1,1,0,[1. 1.],[1 2],1.0,0,0.6,0.7,0.30000000000000004,[0. 0.]
1398,0.0,1399,1,False,0.0,700.0,2.0,1,0,1,[1. 1.],[1 2],1.0,0,0.6,0.7,0.30000000000000004,[0. 0.]
1399,2.0,1400,0,False,1.0,700.0,0.0,1,1,0,[1. 1.],[1 2],1.0,0,0.6,0.7,0.30000000000000004,[0. 0.]
1400,0.0,1401,1,False,0.0,701.0,2.0,1,0,1,[1. 1.],[1 2],1.0,0,0.6,0.7,0.30000000000000004,[0. 0.]
1401,2.0,1402,0,False,1.0,701.0,0.0,1,1,0,[1. 0.],[1 2],0.0,0,0.6,0.7,0.30000000000000004,[0. 0.]
1402,0.0,1403,1,False,0.0,702.0,1.0,1,0,1,[1. 0.],[1 2],0.0,0,0.6,0.7,0.30000000000000004,[0. 0.]
1403,1.0,1404,0,False,1.0,702.0,0.0,1,1,0,[1. 1.],[1 2],,0,0.6,0.7,0.30000000000000004,[0. 0.]
1404,0.0,1405,1,False,0.0,703.0,1.0,1,0,1,[1. 1.],[1 2],,0,0.6,0.7,0.30000000000000004,[0. 0.]
1405,1.0,1406,0,False,1.0,703.0,0.0,1,1,0,[0. 0.],[1 2],,0,0.6,0.7,0.30000000000000004,[0. 0.]
1406,0.0,1407,1,False,0.0,704.0,1.0,1,0,1,[0. 0.],[1 2],,0,0.6,0.7,0.30000000000000004,[0. 0.]
1407,1.0,1408,0,False,0.0,704.0,0.0,1,1,0,[1. 1.],[1 2],1.0,0,0.6,0.7,0.30000000000000004,[0. 0.]
1408,0.0,1409,1,False,0.0,705.0,2.0,1,0,1,[1. 1.],[1 2],1.0,0,0.6,0.7,0.30000000000000004,[0. 0.]
1409,2.0,1410,0,False,1.0,705.0,0.0,1,1,0,[1. 0.],[1 2],,0,0.6,0.7,0.30000000000000004,[0. 0.]
1410,0.0,1411,1,False,0.0,706.0,1.0,1,0,1,[1. 0.],[1 2],,0,0.6,0.7,0.30000000000000004,[0. 0.]
1411,1.0,1412,0,False,1.0,706.0,0.0,1,1,0,[1. 0.],[1 2],1.0,0,0.6,0.7,0.30000000000000004,[0. 0.]
1412,0.0,1413,1,False,0.0,707.0,2.0,1,0,1,[1. 0.],[1 2],1.0,0,0.6,0.7,0.30000000000000004,[0. 0.]
1413,2.0,1414,0,False,1.0,707.0,0.0,1,1,0,[0. 1.],[1 2],,0,0.6,0.7,0.30000000000000004,[0. 0.]
1414,0.0,1415,1,False,0.0,708.0,1.0,1,0,1,[0. 1.],[1 2],,0,0.6,0.7,0.30000000000000004,[0. 0.]
1415,1.0,1416,0,False,0.0,708.0,0.0,1,1,0,[1. 0.],[1 2],,0,0.6,0.7,0.30000000000000004,[0. 0.]
1416,0.0,1417,1,False,0.0,709.0,1.0,1,0,1,[1. 0.],[1 2],,0,0.6,0.7,0.30000000000000004,[0. 0.]
1417,1.0,1418,0,False,1.0,709.0,0.0,1,1,0,[1. 0.],[1 2],0.0,0,0.6,0.7,0.30000000000000004,[0. 0.]
1418,0.0,1419,1,False,0.0,710.0,1.0,1,0,1,[1. 0.],[1 2],0.0,0,0.6,0.7,0.30000000000000004,[0. 0.]
1419,1.0,1420,0,False,1.0,710.0,0.0,1,1,0,[0. 0.],[1 2],,0,0.6,0.7,0.30000000000000004,[0. 0.]
1420,0.0,1421,1,False,0.0,711.0,1.0,1,0,1,[0. 0.],[1 2],,0,0.6,0.7,0.30000000000000004,[0. 0.]
1421,1.0,1422,0,False,0.0,711.0,0.0,1,1,0,[1. 0.],[1 2],0.0,0,0.6,0.7,0.30000000000000004,[0. 0.]
1422,0.0,1423,1,False,0.0,712.0,1.0,1,0,1,[1. 0.],[1 2],0.0,0,0.6,0.7,0.30000000000000004,[0. 0.]
1423,1.0,1424,0,False,1.0,712.0,0.0,1,1,0,[1. 1.],[1 2],,0,0.6,0.7,0.30000000000000004,[0. 0.]
1424,0.0,1425,1,False,0.0,713.0,1.0,1,0,1,[1. 1.],[1 2],,0,0.6,0.7,0.30000000000000004,[0. 0.]
1425,1.0,1426,0,False,1.0,713.0,0.0,1,1,0,[0. 0.],[1 2],,0,0.6,0.7,0.30000000000000004,[0. 0.]
1426,0.0,1427,1,False,0.0,714.0,1.0,1,0,1,[0. 0.],[1 2],,0,0.6,0.7,0.30000000000000004,[0. 0.]
1427,1.0,1428,0,False,0.0,714.0,0.0,1,1,0,[1. 0.],[1 2],,0,0.6,0.7,0.30000000000000004,[0. 0.]
1428,0.0,1429,1,False,0.0,715.0,1.0,1,0,1,[1. 0.],[1 2],,0,0.6,0.7,0.30000000000000004,[0. 0.]
1429,1.0,1430,0,False,1.0,715.0,0.0,1,1,0,[1. 0.],[1 2],0.0,0,0.6,0.7,0.30000000000000004,[0. 0.]
1430,0.0,1431,1,False,0.0,716.0,1.0,1,0,1,[1. 0.],[1 2],0.0,0,0.6,0.7,0.30000000000000004,[0. 0.]
1431,1.0,1432,0,False,1.0,716.0,0.0,1,1,0,[1. 0.],[1 2],1.0,0,0.6,0.7,0.30000000000000004,[0. 0.]
1432,0.0,1433,1,False,0.0,717.0,2.0,1,0,1,[1. 0.],[1 2],1.0,0,0.6,0.7,0.30000000000000004,[0. 0.]
1433,2.0,1434,0,False,1.0,717.0,0.0,1,1,0,[1. 0.],[1 2],1.0,0,0.6,0.7,0.30000000000000004,[0. 0.]
1434,0.0,1435,1,False,0.0,718.0,2.0,1,0,1,[1. 0.],[1 2],1.0,0,0.6,0.7,0.30000000000000004,[0. 0.]
1435,2.0,1436,0,False,1.0,718.0,0.0,1,1,0,[1. 0.],[1 2],1.0,0,0.6,0.7,0.30000000000000004,[0. 0.]
1436,0.0,1437,1,False,0.0,719.0,2.0,1,0,1,[1. 0.],[1 2],1.0,0,0.6,0.7,0.30000000000000004,[0. 0.]
1437,2.0,1438,0,False,1.0,719.0,0.0,1,1,0,[1. 0.],[1 2],,0,0.6,0.7,0.30000000000000004,[0. 0.]
1438,0.0,1439,1,False,0.0,720.0,1.0,1,0,1,[1. 0.],[1 2],,0,0.6,0.7,0.30000000000000004,[0. 0.]
1439,1.0,1440,0,False,1.0,720.0,0.0,1,1,0,[1. 0.],[1 2],0.0,0,0.6,0.7,0.30000000000000004,[0. 0.]
1440,0.0,1441,1,False,0.0,721.0,1.0,1,0,1,[1. 0.],[1 2],0.0,0,0.6,0.7,0.30000000000000004,[0. 0.]
1441,1.0,1442,0,False,1.0,721.0,0.0,1,1,0,[1. 0.],[1 2],,0,0.6,0.7,0.30000000000000004,[0. 0.]
1442,0.0,1443,1,False,0.0,722.0,1.0,1,0,1,[1. 0.],[1 2],,0,0.6,0.7,0.30000000000000004,[0. 0.]
1443,1.0,1444,0,False,1.0,722.0,0.0,1,1,0,[1. 0.],[1 2],1.0,0,0.6,0.7,0.30000000000000004,[0. 0.]
1444,0.0,1445,1,False,0.0,723.0,2.0,1,0,1,[1. 0.],[1 2],1.0,0,0.6,0.7,0.30000000000000004,[0. 0.]
1445,2.0,1446,0,False,1.0,723.0,0.0,1,1,0,[1. 1.],[1 2],1.0,0,0.6,0.7,0.30000000000000004,[0. 0.]
1446,0.0,1447,1,False,0.0,724.0,2.0,1,0,1,[1. 1.],[1 2],1.0,0,0.6,0.7,0.30000000000000004,[0. 0.]
1447,2.0,1448,0,False,1.0,724.0,0.0,1,1,0,[1. 0.],[1 2],1.0,0,0.6,0.7,0.30000000000000004,[0. 0.]
1448,0.0,1449,1,False,0.0,725.0,2.0,1,0,1,[1. 0.],[1 2],1.0,0,0.6,0.7,0.30000000000000004,[0. 0.]
1449,2.0,1450,0,False,1.0,725.0,0.0,1,1,0,[1. 0.],[1 2],1.0,0,0.6,0.7,0.30000000000000004,[0. 0.]
1450,0.0,1451,1,False,0.0,726.0,2.0,1,0,1,[1. 0.],[1 2],1.0,0,0.6,0.7,0.30000000000000004,[0. 0.]
1451,2.0,1452,0,False,1.0,726.0,0.0,1,1,0,[1. 0.],[1 2],,1,0.6,0.7,0.30000000000000004,[0. 0.]
1452,0.0,1453,1,False,0.0,727.0,1.0,1,0,1,[1. 0.],[1 2],,1,0.6,0.7,0.30000000000000004,[0. 0.]
1453,1.0,1454,0,False,1.0,727.0,0.0,1,1,0,[1. 0.],[1 2],,1,0.6,0.7,0.30000000000000004,[0. 0.]
1454,0.0,1455,1,False,0.0,728.0,1.0,1,0,1,[1. 0.],[1 2],,1,0.6,0.7,0.30000000000000004,[0. 0.]
1455,1.0,1456,0,False,1.0,728.0,0.0,1,1,0,[0. 1.],[2 1],1.0,1,0.6,0.7,0.30000000000000004,[0. 0.]
1456,0.0,1457,1,False,0.0,729.0,2.0,1,0,1,[0. 1.],[2 1],1.0,1,0.6,0.7,0.30000000000000004,[0. 0.]
1457,2.0,1458,0,False,1.0,729.0,0.0,1,1,0,[0. 1.],[2 1],,1,0.6,0.7,0.30000000000000004,[0. 0.]
1458,0.0,1459,1,False,0.0,730.0,2.0,1,0,1,[0. 1.],[2 1],,1,0.6,0.7,0.30000000000000004,[0. 0.]
1459,2.0,1460,0,False,1.0,730.0,0.0,1,1,0,[0. 1.],[2 1],,1,0.6,0.7,0.30000000000000004,[0. 0.]
1460,0.0,1461,1,False,0.0,731.0,2.0,1,0,1,[0. 1.],[2 1],,1,0.6,0.7,0.30000000000000004,[0. 0.]
1461,2.0,1462,0,False,1.0,731.0,0.0,1,1,0,[1. 1.],[2 1],0.0,1,0.6,0.7,0.30000000000000004,[0. 0.]
1462,0.0,1463,1,False,0.0,732.0,1.0,1,0,1,[1. 1.],[2 1],0.0,1,0.6,0.7,0.30000000000000004,[0. 0.]
1463,1.0,1464,0,False,1.0,732.0,0.0,1,1,0,[0. 1.],[2 1],,1,0.6,0.7,0.30000000000000004,[0. 0.]
1464,0.0,1465,1,False,0.0,733.0,2.0,1,0,1,[0. 1.],[2 1],,1,0.6,0.7,0.30000000000000004,[0. 0.]
1465,2.0,1466,0,False,1.0,733.0,0.0,1,1,0,[1. 1.],[2 1],,1,0.6,0.7,0.30000000000000004,[0. 0.]
1466,0.0,1467,1,False,0.0,734.0,2.0,1,0,1,[1. 1.],[2 1],,1,0.6,0.7,0.30000000000000004,[0. 0.]
1467,2.0,1468,0,False,1.0,734.0,0.0,1,1,0,[1. 0.],[2 1],1.0,1,0.6,0.7,0.30000000000000004,[0. 0.]
1468,0.0,1469,1,False,0.0,735.0,2.0,1,0,1,[1. 0.],[2 1],1.0,1,0.6,0.7,0.30000000000000004,[0. 0.]
1469,2.0,1470,0,False,0.0,735.0,0.0,1,1,0,[0. 0.],[2 1],0.0,1,0.6,0.7,0.30000000000000004,[0. 0.]
1470,0.0,1471,1,False,0.0,736.0,1.0,1,0,1,[0. 0.],[2 1],0.0,1,0.6,0.7,0.30000000000000004,[0. 0.]
1471,1.0,1472,0,False,0.0,736.0,0.0,1,1,0,[1. 1.],[2 1],1.0,1,0.6,0.7,0.30000000000000004,[0. 0.]
1472,0.0,1473,1,False,0.0,737.0,2.0,1,0,1,[1. 1.],[2 1],1.0,1,0.6,0.7,0.30000000000000004,[0. 0.]
1473,2.0,1474,0,False,1.0,737.0,0.0,1,1,0,[1. 1.],[2 1],,1,0.6,0.7,0.30000000000000004,[0. 0.]
1474,0.0,1475,1,False,0.0,738.0,2.0,1,0,1,[1. 1.],[2 1],,1,0.6,0.7,0.30000000000000004,[0. 0.]
1475,2.0,1476,0,False,1.0,738.0,0.0,1,1,0,[0. 1.],[2 1],,1,0.6,0.7,0.30000000000000004,[0. 0.]
1476,0.0,1477,1,False,0.0,739.0,2.0,1,0,1,[0. 1.],[2 1],,1,0.6,0.7,0.30000000000000004,[0. 0.]
1477,2.0,1478,0,False,1.0,739.0,0.0,1,1,0,[0. 1.],[2 1],1.0,1,0.6,0.7,0.30000000000000004,[0. 0.]
1478,0.0,1479,1,False,0.0,740.0,2.0,1,0,1,[0. 1.],[2 1],1.0,1,0.6,0.7,0.30000000000000004,[0. 0.]
1479,2.0,1480,0,False,1.0,740.0,0.0,1,1,0,[0. 1.],[2 1],1.0,1,0.6,0.7,0.30000000000000004,[0. 0.]
1480,0.0,1481,1,False,0.0,741.0,2.0,1,0,1,[0. 1.],[2 1],1.0,1,0.6,0.7,0.30000000000000004,[0. 0.]
1481,2.0,1482,0,False,1.0,741.0,0.0,1,1,0,[0. 1.],[2 1],,1,0.6,0.7,0.30000000000000004,[0. 0.]
1482,0.0,1483,1,False,0.0,742.0,2.0,1,0,1,[0. 1.],[2 1],,1,0.6,0.7,0.30000000000000004,[0. 0.]
1483,2.0,1484,0,False,1.0,742.0,0.0,1,1,0,[0. 1.],[2 1],0.0,1,0.6,0.7,0.30000000000000004,[0. 0.]
1484,0.0,1485,1,False,0.0,743.0,1.0,1,0,1,[0. 1.],[2 1],0.0,1,0.6,0.7,0.30000000000000004,[0. 0.]
1485,1.0,1486,0,False,1.0,743.0,0.0,1,1,0,[0. 1.],[2 1],,1,0.6,0.7,0.30000000000000004,[0. 0.]
1486,0.0,1487,1,False,0.0,744.0,2.0,1,0,1,[0. 1.],[2 1],,1,0.6,0.7,0.30000000000000004,[0. 0.]
1487,2.0,1488,0,False,1.0,744.0,0.0,1,1,0,[1. 0.],[2 1],1.0,1,0.6,0.7,0.30000000000000004,[0. 0.]
1488,0.0,1489,1,False,0.0,745.0,2.0,1,0,1,[1. 0.],[2 1],1.0,1,0.6,0.7,0.30000000000000004,[0. 0.]
1489,2.0,1490,0,False,0.0,745.0,0.0,1,1,0,[1. 0.],[2 1],1.0,1,0.6,0.7,0.30000000000000004,[0. 0.]
1490,0.0,1491,1,False,0.0,746.0,2.0,1,0,1,[1. 0.],[2 1],1.0,1,0.6,0.7,0.30000000000000004,[0. 0.]
1491,2.0,1492,0,False,0.0,746.0,0.0,1,1,0,[0. 0.],[2 1],0.0,1,0.6,0.7,0.30000000000000004,[0. 0.]
1492,0.0,1493,1,False,0.0,747.0,1.0,1,0,1,[0. 0.],[2 1],0.0,1,0.6,0.7,0.30000000000000004,[0. 0.]
1493,1.0,1494,0,False,0.0,747.0,0.0,1,1,0,[0. 1.],[2 1],,1,0.6,0.7,0.30000000000000004,[0. 0.]
1494,0.0,1495,1,False,0.0,748.0,1.0,1,0,2,[0. 1.],[2 1],,1,0.6,0.7,0.30000000000000004,[0. 0.]
1495,1.0,1496,0,False,0.0,748.0,0.0,1,1,0,[0. 1.],[2 1],0.0,1,0.6,0.7,0.30000000000000004,[0. 0.]
1496,0.0,1497,1,False,0.0,749.0,1.0,1,0,1,[0. 1.],[2 1],0.0,1,0.6,0.7,0.30000000000000004,[0. 0.]
1497,1.0,1498,0,False,1.0,749.0,0.0,1,1,0,[0. 0.],[2 1],,1,0.6,0.7,0.30000000000000004,[0. 0.]
1498,0.0,1499,1,False,0.0,750.0,2.0,1,0,1,[0. 0.],[2 1],,1,0.6,0.7,0.30000000000000004,[0. 0.]
1499,2.0,1500,0,False,0.0,750.0,0.0,1,1,0,[0. 1.],[2 1],,1,0.6,0.7,0.30000000000000004,[0. 0.]
1500,0.0,1501,1,False,0.0,751.0,2.0,1,0,1,[0. 1.],[2 1],,1,0.6,0.7,0.30000000000000004,[0. 0.]
1501,2.0,1502,0,False,1.0,751.0,0.0,1,1,0,[0. 1.],[2 1],,1,0.6,0.7,0.30000000000000004,[0. 0.]
1502,0.0,1503,1,False,0.0,752.0,2.0,1,0,1,[0. 1.],[2 1],,1,0.6,0.7,0.30000000000000004,[0. 0.]
1503,2.0,1504,0,False,1.0,752.0,0.0,1,1,0,[1. 0.],[2 1],0.0,1,0.6,0.7,0.30000000000000004,[0. 0.]
1504,0.0,1505,1,False,0.0,753.0,1.0,1,0,1,[1. 0.],[2 1],0.0,1,0.6,0.7,0.30000000000000004,[0. 0.]
1505,1.0,1506,0,False,0.0,753.0,0.0,1,1,0,[0. 0.],[2 1],0.0,1,0.6,0.7,0.30000000000000004,[0. 0.]
1506,0.0,1507,1,False,0.0,754.0,1.0,1,0,1,[0. 0.],[2 1],0.0,1,0.6,0.7,0.30000000000000004,[0. 0.]
1507,1.0,1508,0,False,0.0,754.0,0.0,1,1,0,[0. 0.],[2 1],1.0,1,0.6,0.7,0.30000000000000004,[0. 0.]
1508,0.0,1509,1,False,0.0,755.0,2.0,1,0,2,[0. 0.],[2 1],1.0,1,0.6,0.7,0.30000000000000004,[0. 0.]
1509,2.0,1510,0,False,0.0,755.0,0.0,1,1,0,[0. 1.],[2 1],,1,0.6,0.7,0.30000000000000004,[0. 0.]
1510,0.0,1511,1,False,0.0,756.0,2.0,1,0,1,[0. 1.],[2 1],,1,0.6,0.7,0.30000000000000004,[0. 0.]
1511,2.0,1512,0,False,1.0,756.0,0.0,1,1,0,[0. 1.],[2 1],0.0,1,0.6,0.7,0.30000000000000004,[0. 0.]
1512,0.0,1513,1,False,0.0,757.0,1.0,1,0,1,[0. 1.],[2 1],0.0,1,0.6,0.7,0.30000000000000004,[0. 0.]
1513,1.0,1514,0,False,1.0,757.0,0.0,1,1,0,[0. 1.],[2 1],0.0,1,0.6,0.7,0.30000000000000004,[0. 0.]
1514,0.0,1515,1,False,0.0,758.0,1.0,1,0,1,[0. 1.],[2 1],0.0,1,0.6,0.7,0.30000000000000004,[0. 0.]
1515,1.0,1516,0,False,1.0,758.0,0.0,1,1,0,[0. 1.],[2 1],,1,0.6,0.7,0.30000000000000004,[0. 0.]
1516,0.0,1517,1,False,0.0,759.0,2.0,1,0,1,[0. 1.],[2 1],,1,0.6,0.7,0.30000000000000004,[0. 0.]
1517,2.0,1518,0,False,1.0,759.0,0.0,1,1,0,[0. 0.],[2 1],,1,0.6,0.7,0.30000000000000004,[0. 0.]
1518,0.0,1519,1,False,0.0,760.0,2.0,1,0,1,[0. 0.],[2 1],,1,0.6,0.7,0.30000000000000004,[0. 0.]
1519,2.0,1520,0,False,0.0,760.0,0.0,1,1,0,[1. 1.],[2 1],1.0,1,0.6,0.7,0.30000000000000004,[0. 0.]
1520,0.0,1521,1,False,0.0,761.0,2.0,1,0,1,[1. 1.],[2 1],1.0,1,0.6,0.7,0.30000000000000004,[0. 0.]
1521,2.0,1522,0,False,1.0,761.0,0.0,1,1,0,[0. 1.],[2 1],,1,0.6,0.7,0.30000000000000004,[0. 0.]
1522,0.0,1523,1,False,0.0,762.0,2.0,1,0,1,[0. 1.],[2 1],,1,0.6,0.7,0.30000000000000004,[0. 0.]
1523,2.0,1524,0,False,1.0,762.0,0.0,1,1,0,[0. 1.],[2 1],,1,0.6,0.7,0.30000000000000004,[0. 0.]
1524,0.0,1525,1,False,0.0,763.0,2.0,1,0,1,[0. 1.],[2 1],,1,0.6,0.7,0.30000000000000004,[0. 0.]
1525,2.0,1526,0,False,1.0,763.0,0.0,1,1,0,[0. 0.],[2 1],,1,0.6,0.7,0.30000000000000004,[0. 0.]
1526,0.0,1527,1,False,0.0,764.0,2.0,1,0,1,[0. 0.],[2 1],,1,0.6,0.7,0.30000000000000004,[0. 0.]
1527,2.0,1528,0,False,0.0,764.0,0.0,1,1,0,[0. 1.],[2 1],0.0,1,0.6,0.7,0.30000000000000004,[0. 0.]
1528,0.0,1529,1,False,0.0,765.0,1.0,1,0,1,[0. 1.],[2 1],0.0,1,0.6,0.7,0.30000000000000004,[0. 0.]
1529,1.0,1530,0,False,1.0,765.0,0.0,1,1,0,[0. 0.],[2 1],0.0,1,0.6,0.7,0.30000000000000004,[0. 0.]
1530,0.0,1531,1,False,0.0,766.0,1.0,1,0,1,[0. 0.],[2 1],0.0,1,0.6,0.7,0.30000000000000004,[0. 0.]
1531,1.0,1532,0,False,0.0,766.0,0.0,1,1,0,[0. 0.],[2 1],1.0,1,0.6,0.7,0.30000000000000004,[0. 0.]
1532,0.0,1533,1,False,0.0,767.0,2.0,1,0,1,[0. 0.],[2 1],1.0,1,0.6,0.7,0.30000000000000004,[0. 0.]
1533,2.0,1534,0,False,0.0,767.0,0.0,1,1,0,[0. 1.],[2 1],0.0,1,0.6,0.7,0.30000000000000004,[0. 0.]
1534,0.0,1535,1,False,0.0,768.0,1.0,1,0,1,[0. 1.],[2 1],0.0,1,0.6,0.7,0.30000000000000004,[0. 0.]
1535,1.0,1536,0,False,1.0,768.0,0.0,1,1,0,[0. 1.],[2 1],1.0,1,0.6,0.7,0.30000000000000004,[0. 0.]
1536,0.0,1537,1,False,0.0,769.0,2.0,1,0,1,[0. 1.],[2 1],1.0,1,0.6,0.7,0.30000000000000004,[0. 0.]
1537,2.0,1538,0,False,1.0,769.0,0.0,1,1,0,[0. 1.],[1 2],1.0,1,0.6,0.7,0.30000000000000004,[0. 0.]
1538,0.0,1539,1,False,0.0,770.0,2.0,1,0,1,[0. 1.],[1 2],1.0,1,0.6,0.7,0.30000000000000004,[0. 0.]
1539,2.0,1540,0,False,0.0,770.0,0.0,1,1,0,[0. 1.],[1 2],1.0,1,0.6,0.7,0.30000000000000004,[0. 0.]
1540,0.0,1541,1,False,0.0,771.0,2.0,1,0,1,[0. 1.],[1 2],1.0,1,0.6,0.7,0.30000000000000004,[0. 0.]
1541,2.0,1542,0,False,0.0,771.0,0.0,1,1,0,[0. 0.],[1 2],1.0,1,0.6,0.7,0.30000000000000004,[0. 0.]
1542,0.0,1543,1,False,0.0,772.0,2.0,1,0,1,[0. 0.],[1 2],1.0,1,0.6,0.7,0.30000000000000004,[0. 0.]
1543,2.0,1544,0,False,0.0,772.0,0.0,1,1,0,[1. 0.],[1 2],,1,0.6,0.7,0.30000000000000004,[0. 0.]
1544,0.0,1545,1,False,0.0,773.0,1.0,1,0,1,[1. 0.],[1 2],,1,0.6,0.7,0.30000000000000004,[0. 0.]
1545,1.0,1546,0,False,1.0,773.0,0.0,1,1,0,[1. 1.],[1 2],,1,0.6,0.7,0.30000000000000004,[0. 0.]
1546,0.0,1547,1,False,0.0,774.0,1.0,1,0,1,[1. 1.],[1 2],,1,0.6,0.7,0.30000000000000004,[0. 0.]
1547,1.0,1548,0,False,1.0,774.0,0.0,1,1,0,[0. 0.],[1 2],1.0,1,0.6,0.7,0.30000000000000004,[0. 0.]
1548,0.0,1549,1,False,0.0,775.0,2.0,1,0,1,[0. 0.],[1 2],1.0,1,0.6,0.7,0.30000000000000004,[0. 0.]
1549,2.0,1550,0,False,0.0,775.0,0.0,1,1,0,[0. 1.],[1 2],,1,0.6,0.7,0.30000000000000004,[0. 0.]
1550,0.0,1551,1,False,0.0,776.0,1.0,1,0,1,[0. 1.],[1 2],,1,0.6,0.7,0.30000000000000004,[0. 0.]
1551,1.0,1552,0,False,0.0,776.0,0.0,1,1,0,[0. 1.],[1 2],,1,0.6,0.7,0.30000000000000004,[0. 0.]
1552,0.0,1553,1,False,0.0,777.0,1.0,1,0,1,[0. 1.],[1 2],,1,0.6,0.7,0.30000000000000004,[0. 0.]
1553,1.0,1554,0,False,0.0,777.0,0.0,1,1,0,[0. 1.],[1 2],,1,0.6,0.7,0.30000000000000004,[0. 0.]
1554,0.0,1555,1,False,0.0,778.0,2.0,1,0,2,[0. 1.],[1 2],,1,0.6,0.7,0.30000000000000004,[0. 0.]
1555,2.0,1556,0,False,1.0,778.0,0.0,1,1,0,[0. 0.],[1 2],1.0,1,0.6,0.7,0.30000000000000004,[0. 0.]
1556,0.0,1557,1,False,0.0,779.0,2.0,1,0,2,[0. 0.],[1 2],1.0,1,0.6,0.7,0.30000000000000004,[0. 0.]
1557,2.0,1558,0,False,0.0,779.0,0.0,1,1,0,[0. 1.],[1 2],,1,0.6,0.7,0.30000000000000004,[0. 0.]
1558,0.0,1559,1,False,0.0,780.0,2.0,1,0,2,[0. 1.],[1 2],,1,0.6,0.7,0.30000000000000004,[0. 0.]
1559,2.0,1560,0,False,1.0,780.0,0.0,1,1,0,[0. 0.],[1 2],0.0,1,0.6,0.7,0.30000000000000004,[0. 0.]
1560,0.0,1561,1,False,0.0,781.0,1.0,1,0,2,[0. 0.],[1 2],0.0,1,0.6,0.7,0.30000000000000004,[0. 0.]
1561,1.0,1562,0,False,0.0,781.0,0.0,1,1,0,[0. 1.],[1 2],1.0,1,0.6,0.7,0.30000000000000004,[0. 0.]
1562,0.0,1563,1,False,0.0,782.0,2.0,1,0,2,[0. 1.],[1 2],1.0,1,0.6,0.7,0.30000000000000004,[0. 0.]
1563,2.0,1564,0,False,1.0,782.0,0.0,1,1,0,[1. 1.],[1 2],,1,0.6,0.7,0.30000000000000004,[0. 0.]
1564,0.0,1565,1,False,0.0,783.0,2.0,1,0,2,[1. 1.],[1 2],,1,0.6,0.7,0.30000000000000004,[0. 0.]
1565,2.0,1566,0,False,1.0,783.0,0.0,1,1,0,[0. 1.],[1 2],,1,0.6,0.7,0.30000000000000004,[0. 0.]
1566,0.0,1567,1,False,0.0,784.0,2.0,1,0,2,[0. 1.],[1 2],,1,0.6,0.7,0.30000000000000004,[0. 0.]
1567,2.0,1568,0,False,1.0,784.0,0.0,1,1,0,[0. 0.],[1 2],1.0,1,0.6,0.7,0.30000000000000004,[0. 0.]
1568,0.0,1569,1,False,0.0,785.0,2.0,1,0,2,[0. 0.],[1 2],1.0,1,0.6,0.7,0.30000000000000004,[0. 0.]
1569,2.0,1570,0,False,0.0,785.0,0.0,1,1,0,[0. 1.],[1 2],1.0,1,0.6,0.7,0.30000000000000004,[0. 0.]
1570,0.0,1571,1,False,0.0,786.0,2.0,1,0,2,[0. 1.],[1 2],1.0,1,0.6,0.7,0.30000000000000004,[0. 0.]
1571,2.0,1572,0,False,1.0,786.0,0.0,1,1,0,[0. 1.],[1 2],1.0,1,0.6,0.7,0.30000000000000004,[0. 0.]
1572,0.0,1573,1,False,0.0,787.0,2.0,1,0,2,[0. 1.],[1 2],1.0,1,0.6,0.7,0.30000000000000004,[0. 0.]
1573,2.0,1574,0,False,1.0,787.0,0.0,1,1,0,[0. 0.],[1 2],,1,0.6,0.7,0.30000000000000004,[0. 0.]
1574,0.0,1575,1,False,0.0,788.0,2.0,1,0,2,[0. 0.],[1 2],,1,0.6,0.7,0.30000000000000004,[0. 0.]
1575,2.0,1576,0,False,0.0,788.0,0.0,1,1,0,[0. 1.],[1 2],,1,0.6,0.7,0.30000000000000004,[0. 0.]
1576,0.0,1577,1,False,0.0,789.0,2.0,1,0,2,[0. 1.],[1 2],,1,0.6,0.7,0.30000000000000004,[0. 0.]
1577,2.0,1578,0,False,1.0,789.0,0.0,1,1,0,[0. 1.],[1 2],1.0,1,0.6,0.7,0.30000000000000004,[0. 0.]
1578,0.0,1579,1,False,0.0,790.0,2.0,1,0,2,[0. 1.],[1 2],1.0,1,0.6,0.7,0.30000000000000004,[0. 0.]
1579,2.0,1580,0,False,1.0,790.0,0.0,1,1,0,[1. 1.],[1 2],,1,0.6,0.7,0.30000000000000004,[0. 0.]
1580,0.0,1581,1,False,0.0,791.0,2.0,1,0,2,[1. 1.],[1 2],,1,0.6,0.7,0.30000000000000004,[0. 0.]
1581,2.0,1582,0,False,1.0,791.0,0.0,1,1,0,[1. 1.],[1 2],1.0,1,0.6,0.7,0.30000000000000004,[0. 0.]
1582,0.0,1583,1,False,0.0,792.0,2.0,1,0,2,[1. 1.],[1 2],1.0,1,0.6,0.7,0.30000000000000004,[0. 0.]
1583,2.0,1584,0,False,1.0,792.0,0.0,1,1,0,[0. 1.],[2 1],1.0,1,0.6,0.7,0.30000000000000004,[0. 0.]
1584,0.0,1585,1,False,0.0,793.0,2.0,1,0,2,[0. 1.],[2 1],1.0,1,0.6,0.7,0.30000000000000004,[0. 0.]
1585,2.0,1586,0,False,0.0,793.0,0.0,1,1,0,[0. 1.],[2 1],,1,0.6,0.7,0.30000000000000004,[0. 0.]
1586,0.0,1587,1,False,0.0,794.0,1.0,1,0,2,[0. 1.],[2 1],,1,0.6,0.7,0.30000000000000004,[0. 0.]
1587,1.0,1588,0,False,0.0,794.0,0.0,1,1,0,[1. 1.],[2 1],0.0,1,0.6,0.7,0.30000000000000004,[0. 0.]
1588,0.0,1589,1,False,0.0,795.0,1.0,1,0,2,[1. 1.],[2 1],0.0,1,0.6,0.7,0.30000000000000004,[0. 0.]
1589,1.0,1590,0,False,1.0,795.0,0.0,1,1,0,[0. 1.],[2 1],0.0,1,0.6,0.7,0.30000000000000004,[0. 0.]
1590,0.0,1591,1,False,0.0,796.0,1.0,1,0,2,[0. 1.],[2 1],0.0,1,0.6,0.7,0.30000000000000004,[0. 0.]
1591,1.0,1592,0,False,0.0,796.0,0.0,1,1,0,[0. 0.],[2 1],1.0,0,0.6,0.7,0.30000000000000004,[0. 0.]
1592,0.0,1593,1,False,0.0,797.0,2.0,1,0,2,[0. 0.],[2 1],1.0,0,0.6,0.7,0.30000000000000004,[0. 0.]
1593,2.0,1594,0,False,0.0,797.0,0.0,1,1,0,[0. 0.],[2 1],1.0,0,0.6,0.7,0.30000000000000004,[0. 0.]
1594,0.0,1595,1,False,0.0,798.0,2.0,1,0,2,[0. 0.],[2 1],1.0,0,0.6,0.7,0.30000000000000004,[0. 0.]
1595,2.0,1596,0,False,0.0,798.0,0.0,1,1,0,[1. 0.],[2 1],,0,0.6,0.7,0.30000000000000004,[0. 0.]
1596,0.0,1597,1,False,0.0,799.0,2.0,1,0,1,[1. 0.],[2 1],,0,0.6,0.7,0.30000000000000004,[0. 0.]
1597,2.0,1598,0,False,0.0,799.0,0.0,1,1,0,[1. 0.],[2 1],,0,0.6,0.7,0.30000000000000004,[0. 0.]
1598,0.0,1599,1,False,0.0,800.0,1.0,1,0,2,[1. 0.],[2 1],,0,0.6,0.7,0.30000000000000004,[0. 0.]
1599,1.0,1600,0,False,1.0,800.0,0.0,1,1,0,[0. 0.],[2 1],,0,0.6,0.7,0.30000000000000004,[0. 0.]
1600,0.0,1601,1,False,0.0,801.0,1.0,1,0,2,[0. 0.],[2 1],,0,0.6,0.7,0.30000000000000004,[0. 0.]
1601,1.0,1602,0,False,0.0,801.0,0.0,1,1,0,[1. 1.],[2 1],,0,0.6,0.7,0.30000000000000004,[0. 0.]
1602,0.0,1603,1,False,0.0,802.0,1.0,1,0,2,[1. 1.],[2 1],,0,0.6,0.7,0.30000000000000004,[0. 0.]
1603,1.0,1604,0,False,1.0,802.0,0.0,1,1,0,[1. 1.],[2 1],1.0,0,0.6,0.7,0.30000000000000004,[0. 0.]
1604,0.0,1605,1,False,0.0,803.0,2.0,1,0,2,[1. 1.],[2 1],1.0,0,0.6,0.7,0.30000000000000004,[0. 0.]
1605,2.0,1606,0,False,1.0,803.0,0.0,1,1,0,[1. 0.],[2 1],1.0,0,0.6,0.7,0.30000000000000004,[0. 0.]
1606,0.0,1607,1,False,0.0,804.0,2.0,1,0,2,[1. 0.],[2 1],1.0,0,0.6,0.7,0.30000000000000004,[0. 0.]
1607,2.0,1608,0,False,1.0,804.0,0.0,1,1,0,[0. 0.],[2 1],0.0,0,0.6,0.7,0.30000000000000004,[0. 0.]
1608,0.0,1609,1,False,0.0,805.0,1.0,1,0,2,[0. 0.],[2 1],0.0,0,0.6,0.7,0.30000000000000004,[0. 0.]
1609,1.0,1610,0,False,0.0,805.0,0.0,1,1,0,[1. 1.],[2 1],1.0,0,0.6,0.7,0.30000000000000004,[0. 0.]
1610,0.0,1611,1,False,0.0,806.0,2.0,1,0,2,[1. 1.],[2 1],1.0,0,0.6,0.7,0.30000000000000004,[0. 0.]
1611,2.0,1612,0,False,1.0,806.0,0.0,1,1,0,[0. 1.],[2 1],,0,0.6,0.7,0.30000000000000004,[0. 0.]
1612,0.0,1613,1,False,0.0,807.0,1.0,1,0,2,[0. 1.],[2 1],,0,0.6,0.7,0.30000000000000004,[0. 0.]
1613,1.0,1614,0,False,0.0,807.0,0.0,1,1,0,[1. 0.],[2 1],,0,0.6,0.7,0.30000000000000004,[0. 0.]
1614,0.0,1615,1,False,0.0,808.0,1.0,1,0,2,[1. 0.],[2 1],,0,0.6,0.7,0.30000000000000004,[0. 0.]
1615,1.0,1616,0,False,1.0,808.0,0.0,1,1,0,[1. 0.],[2 1],0.0,0,0.6,0.7,0.30000000000000004,[0. 0.]
1616,0.0,1617,1,False,0.0,809.0,1.0,1,0,2,[1. 0.],[2 1],0.0,0,0.6,0.7,0.30000000000000004,[0. 0.]
1617,1.0,1618,0,False,1.0,809.0,0.0,1,1,0,[0. 0.],[2 1],,0,0.6,0.7,0.30000000000000004,[0. 0.]
1618,0.0,1619,1,False,0.0,810.0,1.0,1,0,2,[0. 0.],[2 1],,0,0.6,0.7,0.30000000000000004,[0. 0.]
1619,1.0,1620,0,False,0.0,810.0,0.0,1,1,0,[1. 0.],[2 1],,0,0.6,0.7,0.30000000000000004,[0. 0.]
1620,0.0,1621,1,False,0.0,811.0,1.0,1,0,2,[1. 0.],[2 1],,0,0.6,0.7,0.30000000000000004,[0. 0.]
1621,1.0,1622,0,False,1.0,811.0,0.0,1,1,0,[1. 0.],[2 1],0.0,0,0.6,0.7,0.30000000000000004,[0. 0.]
1622,0.0,1623,1,False,0.0,812.0,1.0,1,0,2,[1. 0.],[2 1],0.0,0,0.6,0.7,0.30000000000000004,[0. 0.]
1623,1.0,1624,0,False,1.0,812.0,0.0,1,1,0,[1. 0.],[2 1],0.0,0,0.6,0.7,0.30000000000000004,[0. 0.]
1624,0.0,1625,1,False,0.0,813.0,1.0,1,0,2,[1. 0.],[2 1],0.0,0,0.6,0.7,0.30000000000000004,[0. 0.]
1625,1.0,1626,0,False,1.0,813.0,0.0,1,1,0,[1. 0.],[2 1],,0,0.6,0.7,0.30000000000000004,[0. 0.]
1626,0.0,1627,1,False,0.0,814.0,1.0,1,0,2,[1. 0.],[2 1],,0,0.6,0.7,0.30000000000000004,[0. 0.]
1627,1.0,1628,0,False,1.0,814.0,0.0,1,1,0,[1. 0.],[2 1],1.0,0,0.6,0.7,0.30000000000000004,[0. 0.]
1628,0.0,1629,1,False,0.0,815.0,2.0,1,0,2,[1. 0.],[2 1],1.0,0,0.6,0.7,0.30000000000000004,[0. 0.]
1629,2.0,1630,0,False,1.0,815.0,0.0,1,1,0,[1. 1.],[2 1],,0,0.6,0.7,0.30000000000000004,[0. 0.]
1630,0.0,1631,1,False,0.0,816.0,1.0,1,0,2,[1. 1.],[2 1],,0,0.6,0.7,0.30000000000000004,[0. 0.]
1631,1.0,1632,0,False,1.0,816.0,0.0,1,1,0,[1. 1.],[2 1],1.0,0,0.6,0.7,0.30000000000000004,[0. 0.]
1632,0.0,1633,1,False,0.0,817.0,2.0,1,0,2,[1. 1.],[2 1],1.0,0,0.6,0.7,0.30000000000000004,[0. 0.]
1633,2.0,1634,0,False,1.0,817.0,0.0,1,1,0,[1. 0.],[2 1],,0,0.6,0.7,0.30000000000000004,[0. 0.]
1634,0.0,1635,1,False,0.0,818.0,1.0,1,0,2,[1. 0.],[2 1],,0,0.6,0.7,0.30000000000000004,[0. 0.]
1635,1.0,1636,0,False,1.0,818.0,0.0,1,1,0,[1. 0.],[2 1],0.0,0,0.6,0.7,0.30000000000000004,[0. 0.]
1636,0.0,1637,1,False,0.0,819.0,1.0,1,0,2,[1. 0.],[2 1],0.0,0,0.6,0.7,0.30000000000000004,[0. 0.]
1637,1.0,1638,0,False,1.0,819.0,0.0,1,1,0,[1. 0.],[2 1],,0,0.6,0.7,0.30000000000000004,[0. 0.]
1638,0.0,1639,1,False,0.0,820.0,1.0,1,0,2,[1. 0.],[2 1],,0,0.6,0.7,0.30000000000000004,[0. 0.]
1639,1.0,1640,0,False,1.0,820.0,0.0,1,1,0,[1. 1.],[2 1],,0,0.6,0.7,0.30000000000000004,[0. 0.]
1640,0.0,1641,1,False,0.0,821.0,1.0,1,0,2,[1. 1.],[2 1],,0,0.6,0.7,0.30000000000000004,[0. 0.]
1641,1.0,1642,0,False,1.0,821.0,0.0,1,1,0,[1. 0.],[2 1],,0,0.6,0.7,0.30000000000000004,[0. 0.]
1642,0.0,1643,1,False,0.0,822.0,1.0,1,0,2,[1. 0.],[2 1],,0,0.6,0.7,0.30000000000000004,[0. 0.]
1643,1.0,1644,0,False,1.0,822.0,0.0,1,1,0,[0. 0.],[2 1],,0,0.6,0.7,0.30000000000000004,[0. 0.]
1644,0.0,1645,1,False,0.0,823.0,1.0,1,0,2,[0. 0.],[2 1],,0,0.6,0.7,0.30000000000000004,[0. 0.]
1645,1.0,1646,0,False,0.0,823.0,0.0,1,1,0,[0. 1.],[2 1],0.0,0,0.6,0.7,0.30000000000000004,[0. 0.]
1646,0.0,1647,1,False,0.0,824.0,1.0,1,0,2,[0. 1.],[2 1],0.0,0,0.6,0.7,0.30000000000000004,[0. 0.]
1647,1.0,1648,0,False,0.0,824.0,0.0,1,1,0,[1. 0.],[2 1],,0,0.6,0.7,0.30000000000000004,[0. 0.]
1648,0.0,1649,1,False,0.0,825.0,2.0,1,0,1,[1. 0.],[2 1],,0,0.6,0.7,0.30000000000000004,[0. 0.]
1649,2.0,1650,0,False,0.0,825.0,0.0,1,1,0,[1. 0.],[2 1],1.0,0,0.6,0.7,0.30000000000000004,[0. 0.]
1650,0.0,1651,1,False,0.0,826.0,2.0,1,0,1,[1. 0.],[2 1],1.0,0,0.6,0.7,0.30000000000000004,[0. 0.]
1651,2.0,1652,0,False,0.0,826.0,0.0,1,1,0,[0. 0.],[2 1],1.0,0,0.6,0.7,0.30000000000000004,[0. 0.]
1652,0.0,1653,1,False,0.0,827.0,2.0,1,0,2,[0. 0.],[2 1],1.0,0,0.6,0.7,0.30000000000000004,[0. 0.]
1653,2.0,1654,0,False,0.0,827.0,0.0,1,1,0,[0. 1.],[2 1],,0,0.6,0.7,0.30000000000000004,[0. 0.]
1654,0.0,1655,1,False,0.0,828.0,2.0,1,0,1,[0. 1.],[2 1],,0,0.6,0.7,0.30000000000000004,[0. 0.]
1655,2.0,1656,0,False,1.0,828.0,0.0,1,1,0,[1. 0.],[2 1],,0,0.6,0.7,0.30000000000000004,[0. 0.]
1656,0.0,1657,1,False,0.0,829.0,2.0,1,0,1,[1. 0.],[2 1],,0,0.6,0.7,0.30000000000000004,[0. 0.]
1657,2.0,1658,0,False,0.0,829.0,0.0,1,1,0,[1. 0.],[2 1],,0,0.6,0.7,0.30000000000000004,[0. 0.]
1658,0.0,1659,1,False,0.0,830.0,2.0,1,0,1,[1. 0.],[2 1],,0,0.6,0.7,0.30000000000000004,[0. 0.]
1659,2.0,1660,0,False,0.0,830.0,0.0,1,1,0,[0. 1.],[2 1],1.0,0,0.6,0.7,0.30000000000000004,[0. 0.]
1660,0.0,1661,1,False,0.0,831.0,2.0,1,0,1,[0. 1.],[2 1],1.0,0,0.6,0.7,0.30000000000000004,[0. 0.]
1661,2.0,1662,0,False,1.0,831.0,0.0,1,1,0,[1. 1.],[2 1],0.0,0,0.6,0.7,0.30000000000000004,[0. 0.]
1662,0.0,1663,1,False,0.0,832.0,1.0,1,0,1,[1. 1.],[2 1],0.0,0,0.6,0.7,0.30000000000000004,[0. 0.]
1663,1.0,1664,0,False,1.0,832.0,0.0,1,1,0,[1. 0.],[2 1],1.0,0,0.6,0.7,0.30000000000000004,[0. 0.]
1664,0.0,1665,1,False,0.0,833.0,2.0,1,0,1,[1. 0.],[2 1],1.0,0,0.6,0.7,0.30000000000000004,[0. 0.]
1665,2.0,1666,0,False,0.0,833.0,0.0,1,1,0,[0. 0.],[2 1],0.0,0,0.6,0.7,0.30000000000000004,[0. 0.]
1666,0.0,1667,1,False,0.0,834.0,1.0,1,0,1,[0. 0.],[2 1],0.0,0,0.6,0.7,0.30000000000000004,[0. 0.]
1667,1.0,1668,0,False,0.0,834.0,0.0,1,1,0,[1. 0.],[2 1],0.0,0,0.6,0.7,0.30000000000000004,[0. 0.]
1668,0.0,1669,1,False,0.0,835.0,1.0,1,0,1,[1. 0.],[2 1],0.0,0,0.6,0.7,0.30000000000000004,[0. 0.]
1669,1.0,1670,0,False,0.0,835.0,0.0,1,1,0,[0. 1.],[2 1],1.0,0,0.6,0.7,0.30000000000000004,[0. 0.]
1670,0.0,1671,1,False,0.0,836.0,2.0,1,0,2,[0. 1.],[2 1],1.0,0,0.6,0.7,0.30000000000000004,[0. 0.]
1671,2.0,1672,0,False,0.0,836.0,0.0,1,1,0,[0. 0.],[2 1],0.0,0,0.6,0.7,0.30000000000000004,[0. 0.]
1672,0.0,1673,1,False,0.0,837.0,1.0,1,0,2,[0. 0.],[2 1],0.0,0,0.6,0.7,0.30000000000000004,[0. 0.]
1673,1.0,1674,0,False,0.0,837.0,0.0,1,1,0,[1. 0.],[2 1],,0,0.6,0.7,0.30000000000000004,[0. 0.]
1674,0.0,1675,1,False,0.0,838.0,2.0,1,0,1,[1. 0.],[2 1],,0,0.6,0.7,0.30000000000000004,[0. 0.]
1675,2.0,1676,0,False,0.0,838.0,0.0,1,1,0,[1. 0.],[2 1],0.0,0,0.6,0.7,0.30000000000000004,[0. 0.]
1676,0.0,1677,1,False,0.0,839.0,1.0,1,0,1,[1. 0.],[2 1],0.0,0,0.6,0.7,0.30000000000000004,[0. 0.]
1677,1.0,1678,0,False,0.0,839.0,0.0,1,1,0,[1. 0.],[2 1],0.0,0,0.6,0.7,0.30000000000000004,[0. 0.]
1678,0.0,1679,1,False,0.0,840.0,1.0,1,0,2,[1. 0.],[2 1],0.0,0,0.6,0.7,0.30000000000000004,[0. 0.]
1679,1.0,1680,0,False,1.0,840.0,0.0,1,1,0,[1. 1.],[2 1],,0,0.6,0.7,0.30000000000000004,[0. 0.]
1680,0.0,1681,1,False,0.0,841.0,1.0,1,0,2,[1. 1.],[2 1],,0,0.6,0.7,0.30000000000000004,[0. 0.]
1681,1.0,1682,0,False,1.0,841.0,0.0,1,1,0,[1. 1.],[2 1],1.0,0,0.6,0.7,0.30000000000000004,[0. 0.]
1682,0.0,1683,1,False,0.0,842.0,2.0,1,0,2,[1. 1.],[2 1],1.0,0,0.6,0.7,0.30000000000000004,[0. 0.]
1683,2.0,1684,0,False,1.0,842.0,0.0,1,1,0,[0. 1.],[2 1],1.0,1,0.6,0.7,0.30000000000000004,[0. 0.]
1684,0.0,1685,1,False,0.0,843.0,2.0,1,0,2,[0. 1.],[2 1],1.0,1,0.6,0.7,0.30000000000000004,[0. 0.]
1685,2.0,1686,0,False,0.0,843.0,0.0,1,1,0,[1. 1.],[2 1],,1,0.6,0.7,0.30000000000000004,[0. 0.]
1686,0.0,1687,1,False,0.0,844.0,1.0,1,0,2,[1. 1.],[2 1],,1,0.6,0.7,0.30000000000000004,[0. 0.]
1687,1.0,1688,0,False,1.0,844.0,0.0,1,1,0,[0. 0.],[2 1],,1,0.6,0.7,0.30000000000000004,[0. 0.]
1688,0.0,1689,1,False,0.0,845.0,1.0,1,0,2,[0. 0.],[2 1],,1,0.6,0.7,0.30000000000000004,[0. 0.]
1689,1.0,1690,0,False,0.0,845.0,0.0,1,1,0,[0. 1.],[2 1],0.0,1,0.6,0.7,0.30000000000000004,[0. 0.]
1690,0.0,1691,1,False,0.0,846.0,1.0,1,0,2,[0. 1.],[2 1],0.0,1,0.6,0.7,0.30000000000000004,[0. 0.]
1691,1.0,1692,0,False,0.0,846.0,0.0,1,1,0,[0. 1.],[2 1],,1,0.6,0.7,0.30000000000000004,[0. 0.]
1692,0.0,1693,1,False,0.0,847.0,2.0,1,0,1,[0. 1.],[2 1],,1,0.6,0.7,0.30000000000000004,[0. 0.]
1693,2.0,1694,0,False,1.0,847.0,0.0,1,1,0,[0. 0.],[2 1],1.0,1,0.6,0.7,0.30000000000000004,[0. 0.]
1694,0.0,1695,1,False,0.0,848.0,2.0,1,0,1,[0. 0.],[2 1],1.0,1,0.6,0.7,0.30000000000000004,[0. 0.]
1695,2.0,1696,0,False,0.0,848.0,0.0,1,1,0,[1. 1.],[2 1],,1,0.6,0.7,0.30000000000000004,[0. 0.]
1696,0.0,1697,1,False,0.0,849.0,2.0,1,0,1,[1. 1.],[2 1],,1,0.6,0.7,0.30000000000000004,[0. 0.]
1697,2.0,1698,0,False,1.0,849.0,0.0,1,1,0,[1. 1.],[2 1],0.0,1,0.6,0.7,0.30000000000000004,[0. 0.]
1698,0.0,1699,1,False,0.0,850.0,1.0,1,0,1,[1. 1.],[2 1],0.0,1,0.6,0.7,0.30000000000000004,[0. 0.]
1699,1.0,1700,0,False,1.0,850.0,0.0,1,1,0,[1. 0.],[2 1],1.0,1,0.6,0.7,0.30000000000000004,[0. 0.]
1700,0.0,1701,1,False,0.0,851.0,2.0,1,0,1,[1. 0.],[2 1],1.0,1,0.6,0.7,0.30000000000000004,[0. 0.]
1701,2.0,1702,0,False,0.0,851.0,0.0,1,1,0,[0. 1.],[2 1],0.0,1,0.6,0.7,0.30000000000000004,[0. 0.]
1702,0.0,1703,1,False,0.0,852.0,1.0,1,0,1,[0. 1.],[2 1],0.0,1,0.6,0.7,0.30000000000000004,[0. 0.]
1703,1.0,1704,0,False,1.0,852.0,0.0,1,1,0,[1. 0.],[2 1],0.0,1,0.6,0.7,0.30000000000000004,[0. 0.]
1704,0.0,1705,1,False,0.0,853.0,1.0,1,0,1,[1. 0.],[2 1],0.0,1,0.6,0.7,0.30000000000000004,[0. 0.]
1705,1.0,1706,0,False,0.0,853.0,0.0,1,1,0,[0. 1.],[2 1],,1,0.6,0.7,0.30000000000000004,[0. 0.]
1706,0.0,1707,1,False,0.0,854.0,2.0,1,0,1,[0. 1.],[2 1],,1,0.6,0.7,0.30000000000000004,[0. 0.]
1707,2.0,1708,0,False,1.0,854.0,0.0,1,1,0,[1. 1.],[2 1],,1,0.6,0.7,0.30000000000000004,[0. 0.]
1708,0.0,1709,1,False,0.0,855.0,2.0,1,0,1,[1. 1.],[2 1],,1,0.6,0.7,0.30000000000000004,[0. 0.]
1709,2.0,1710,0,False,1.0,855.0,0.0,1,1,0,[1. 0.],[1 2],1.0,0,0.6,0.7,0.30000000000000004,[0. 0.]
1710,0.0,1711,1,False,0.0,856.0,2.0,1,0,1,[1. 0.],[1 2],1.0,0,0.6,0.7,0.30000000000000004,[0. 0.]
1711,2.0,1712,0,False,1.0,856.0,0.0,1,1,0,[1. 0.],[1 2],1.0,0,0.6,0.7,0.30000000000000004,[0. 0.]
1712,0.0,1713,1,False,0.0,857.0,2.0,1,0,1,[1. 0.],[1 2],1.0,0,0.6,0.7,0.30000000000000004,[0. 0.]
1713,2.0,1714,0,False,1.0,857.0,0.0,1,1,0,[0. 0.],[1 2],1.0,0,0.6,0.7,0.30000000000000004,[0. 0.]
1714,0.0,1715,1,False,0.0,858.0,2.0,1,0,1,[0. 0.],[1 2],1.0,0,0.6,0.7,0.30000000000000004,[0. 0.]
1715,2.0,1716,0,False,0.0,858.0,0.0,1,1,0,[1. 1.],[1 2],1.0,0,0.6,0.7,0.30000000000000004,[0. 0.]
1716,0.0,1717,1,False,0.0,859.0,2.0,1,0,1,[1. 1.],[1 2],1.0,0,0.6,0.7,0.30000000000000004,[0. 0.]
1717,2.0,1718,0,False,1.0,859.0,0.0,1,1,0,[0. 0.],[1 2],1.0,0,0.6,0.7,0.30000000000000004,[0. 0.]
1718,0.0,1719,1,False,0.0,860.0,2.0,1,0,1,[0. 0.],[1 2],1.0,0,0.6,0.7,0.30000000000000004,[0. 0.]
1719,2.0,1720,0,False,0.0,860.0,0.0,1,1,0,[1. 0.],[1 2],0.0,0,0.6,0.7,0.30000000000000004,[0. 0.]
1720,0.0,1721,1,False,0.0,861.0,1.0,1,0,1,[1. 0.],[1 2],0.0,0,0.6,0.7,0.30000000000000004,[0. 0.]
1721,1.0,1722,0,False,1.0,861.0,0.0,1,1,0,[1. 0.],[1 2],,0,0.6,0.7,0.30000000000000004,[0. 0.]
1722,0.0,1723,1,False,0.0,862.0,1.0,1,0,1,[1. 0.],[1 2],,0,0.6,0.7,0.30000000000000004,[0. 0.]
1723,1.0,1724,0,False,1.0,862.0,0.0,1,1,0,[1. 1.],[1 2],1.0,0,0.6,0.7,0.30000000000000004,[0. 0.]
1724,0.0,1725,1,False,0.0,863.0,2.0,1,0,1,[1. 1.],[1 2],1.0,0,0.6,0.7,0.30000000000000004,[0. 0.]
1725,2.0,1726,0,False,1.0,863.0,0.0,1,1,0,[1. 1.],[1 2],0.0,0,0.6,0.7,0.30000000000000004,[0. 0.]
1726,0.0,1727,1,False,0.0,864.0,1.0,1,0,1,[1. 1.],[1 2],0.0,0,0.6,0.7,0.30000000000000004,[0. 0.]
1727,1.0,1728,0,False,1.0,864.0,0.0,1,1,0,[1. 0.],[1 2],,0,0.6,0.7,0.30000000000000004,[0. 0.]
1728,0.0,1729,1,False,0.0,865.0,1.0,1,0,1,[1. 0.],[1 2],,0,0.6,0.7,0.30000000000000004,[0. 0.]
1729,1.0,1730,0,False,1.0,865.0,0.0,1,1,0,[1. 0.],[1 2],0.0,0,0.6,0.7,0.30000000000000004,[0. 0.]
1730,0.0,1731,1,False,0.0,866.0,1.0,1,0,1,[1. 0.],[1 2],0.0,0,0.6,0.7,0.30000000000000004,[0. 0.]
1731,1.0,1732,0,False,1.0,866.0,0.0,1,1,0,[0. 1.],[1 2],,0,0.6,0.7,0.30000000000000004,[0. 0.]
1732,0.0,1733,1,False,0.0,867.0,1.0,1,0,1,[0. 1.],[1 2],,0,0.6,0.7,0.30000000000000004,[0. 0.]
1733,1.0,1734,0,False,0.0,867.0,0.0,1,1,0,[1. 0.],[1 2],,0,0.6,0.7,0.30000000000000004,[0. 0.]
1734,0.0,1735,1,False,0.0,868.0,1.0,1,0,1,[1. 0.],[1 2],,0,0.6,0.7,0.30000000000000004,[0. 0.]
1735,1.0,1736,0,False,1.0,868.0,0.0,1,1,0,[1. 0.],[1 2],,0,0.6,0.7,0.30000000000000004,[0. 0.]
1736,0.0,1737,1,False,0.0,869.0,1.0,1,0,1,[1. 0.],[1 2],,0,0.6,0.7,0.30000000000000004,[0. 0.]
1737,1.0,1738,0,False,1.0,869.0,0.0,1,1,0,[0. 1.],[1 2],0.0,0,0.6,0.7,0.30000000000000004,[0. 0.]
1738,0.0,1739,1,False,0.0,870.0,1.0,1,0,1,[0. 1.],[1 2],0.0,0,0.6,0.7,0.30000000000000004,[0. 0.]
1739,1.0,1740,0,False,0.0,870.0,0.0,1,1,0,[0. 0.],[1 2],,0,0.6,0.7,0.30000000000000004,[0. 0.]
1740,0.0,1741,1,False,0.0,871.0,1.0,1,0,1,[0. 0.],[1 2],,0,0.6,0.7,0.30000000000000004,[0. 0.]
1741,1.0,1742,0,False,0.0,871.0,0.0,1,1,0,[1. 0.],[1 2],0.0,0,0.6,0.7,0.30000000000000004,[0. 0.]
1742,0.0,1743,1,False,0.0,872.0,1.0,1,0,2,[1. 0.],[1 2],0.0,0,0.6,0.7,0.30000000000000004,[0. 0.]
1743,1.0,1744,0,False,0.0,872.0,0.0,1,1,0,[1. 0.],[1 2],,0,0.6,0.7,0.30000000000000004,[0. 0.]
1744,0.0,1745,1,False,0.0,873.0,1.0,1,0,1,[1. 0.],[1 2],,0,0.6,0.7,0.30000000000000004,[0. 0.]
1745,1.0,1746,0,False,1.0,873.0,0.0,1,1,0,[1. 1.],[1 2],0.0,0,0.6,0.7,0.30000000000000004,[0. 0.]
1746,0.0,1747,1,False,0.0,874.0,1.0,1,0,1,[1. 1.],[1 2],0.0,0,0.6,0.7,0.30000000000000004,[0. 0.]
1747,1.0,1748,0,False,1.0,874.0,0.0,1,1,0,[1. 0.],[1 2],,0,0.6,0.7,0.30000000000000004,[0. 0.]
1748,0.0,1749,1,False,0.0,875.0,1.0,1,0,1,[1. 0.],[1 2],,0,0.6,0.7,0.30000000000000004,[0. 0.]
1749,1.0,1750,0,False,1.0,875.0,0.0,1,1,0,[0. 0.],[1 2],,0,0.6,0.7,0.30000000000000004,[0. 0.]
1750,0.0,1751,1,False,0.0,876.0,1.0,1,0,1,[0. 0.],[1 2],,0,0.6,0.7,0.30000000000000004,[0. 0.]
1751,1.0,1752,0,False,0.0,876.0,0.0,1,1,0,[1. 0.],[1 2],,0,0.6,0.7,0.30000000000000004,[0. 0.]
1752,0.0,1753,1,False,0.0,877.0,1.0,1,0,1,[1. 0.],[1 2],,0,0.6,0.7,0.30000000000000004,[0. 0.]
1753,1.0,1754,0,False,1.0,877.0,0.0,1,1,0,[0. 1.],[1 2],1.0,0,0.6,0.7,0.30000000000000004,[0. 0.]
1754,0.0,1755,1,False,0.0,878.0,2.0,1,0,1,[0. 1.],[1 2],1.0,0,0.6,0.7,0.30000000000000004,[0. 0.]
1755,2.0,1756,0,False,0.0,878.0,0.0,1,1,0,[0. 0.],[1 2],0.0,0,0.6,0.7,0.30000000000000004,[0. 0.]
1756,0.0,1757,1,False,0.0,879.0,1.0,1,0,1,[0. 0.],[1 2],0.0,0,0.6,0.7,0.30000000000000004,[0. 0.]
1757,1.0,1758,0,False,0.0,879.0,0.0,1,1,0,[1. 0.],[1 2],,0,0.6,0.7,0.30000000000000004,[0. 0.]
1758,0.0,1759,1,False,0.0,880.0,1.0,1,0,1,[1. 0.],[1 2],,0,0.6,0.7,0.30000000000000004,[0. 0.]
1759,1.0,1760,0,False,1.0,880.0,0.0,1,1,0,[0. 0.],[1 2],,0,0.6,0.7,0.30000000000000004,[0. 0.]
1760,0.0,1761,1,False,0.0,881.0,1.0,1,0,1,[0. 0.],[1 2],,0,0.6,0.7,0.30000000000000004,[0. 0.]
1761,1.0,1762,0,False,0.0,881.0,0.0,1,1,0,[1. 0.],[1 2],,0,0.6,0.7,0.30000000000000004,[0. 0.]
1762,0.0,1763,1,False,0.0,882.0,1.0,1,0,1,[1. 0.],[1 2],,0,0.6,0.7,0.30000000000000004,[0. 0.]
1763,1.0,1764,0,False,1.0,882.0,0.0,1,1,0,[0. 0.],[1 2],0.0,0,0.6,0.7,0.30000000000000004,[0. 0.]
1764,0.0,1765,1,False,0.0,883.0,1.0,1,0,1,[0. 0.],[1 2],0.0,0,0.6,0.7,0.30000000000000004,[0. 0.]
1765,1.0,1766,0,False,0.0,883.0,0.0,1,1,0,[1. 1.],[1 2],,0,0.6,0.7,0.30000000000000004,[0. 0.]
1766,0.0,1767,1,False,0.0,884.0,1.0,1,0,1,[1. 1.],[1 2],,0,0.6,0.7,0.30000000000000004,[0. 0.]
1767,1.0,1768,0,False,1.0,884.0,0.0,1,1,0,[1. 1.],[1 2],,0,0.6,0.7,0.30000000000000004,[0. 0.]
1768,0.0,1769,1,False,0.0,885.0,1.0,1,0,1,[1. 1.],[1 2],,0,0.6,0.7,0.30000000000000004,[0. 0.]
1769,1.0,1770,0,False,1.0,885.0,0.0,1,1,0,[0. 0.],[1 2],,0,0.6,0.7,0.30000000000000004,[0. 0.]
1770,0.0,1771,1,False,0.0,886.0,1.0,1,0,1,[0. 0.],[1 2],,0,0.6,0.7,0.30000000000000004,[0. 0.]
1771,1.0,1772,0,False,0.0,886.0,0.0,1,1,0,[0. 1.],[1 2],,0,0.6,0.7,0.30000000000000004,[0. 0.]
1772,0.0,1773,1,False,0.0,887.0,1.0,1,0,1,[0. 1.],[1 2],,0,0.6,0.7,0.30000000000000004,[0. 0.]
1773,1.0,1774,0,False,0.0,887.0,0.0,1,1,0,[1. 1.],[1 2],1.0,0,0.6,0.7,0.30000000000000004,[0. 0.]
1774,0.0,1775,1,False,0.0,888.0,2.0,1,0,1,[1. 1.],[1 2],1.0,0,0.6,0.7,0.30000000000000004,[0. 0.]
1775,2.0,1776,0,False,1.0,888.0,0.0,1,1,0,[0. 1.],[1 2],0.0,0,0.6,0.7,0.30000000000000004,[0. 0.]
1776,0.0,1777,1,False,0.0,889.0,1.0,1,0,1,[0. 1.],[1 2],0.0,0,0.6,0.7,0.30000000000000004,[0. 0.]
1777,1.0,1778,0,False,0.0,889.0,0.0,1,1,0,[1. 1.],[1 2],1.0,1,0.6,0.7,0.30000000000000004,[0. 0.]
1778,0.0,1779,1,False,0.0,890.0,2.0,1,0,1,[1. 1.],[1 2],1.0,1,0.6,0.7,0.30000000000000004,[0. 0.]
1779,2.0,1780,0,False,1.0,890.0,0.0,1,1,0,[0. 1.],[1 2],,1,0.6,0.7,0.30000000000000004,[0. 0.]
1780,0.0,1781,1,False,0.0,891.0,1.0,1,0,1,[0. 1.],[1 2],,1,0.6,0.7,0.30000000000000004,[0. 0.]
1781,1.0,1782,0,False,0.0,891.0,0.0,1,1,0,[1. 0.],[1 2],1.0,1,0.6,0.7,0.30000000000000004,[0. 0.]
1782,0.0,1783,1,False,0.0,892.0,2.0,1,0,1,[1. 0.],[1 2],1.0,1,0.6,0.7,0.30000000000000004,[0. 0.]
1783,2.0,1784,0,False,1.0,892.0,0.0,1,1,0,[0. 1.],[1 2],1.0,1,0.6,0.7,0.30000000000000004,[0. 0.]
1784,0.0,1785,1,False,0.0,893.0,2.0,1,0,1,[0. 1.],[1 2],1.0,1,0.6,0.7,0.30000000000000004,[0. 0.]
1785,2.0,1786,0,False,0.0,893.0,0.0,1,1,0,[0. 1.],[1 2],0.0,1,0.6,0.7,0.30000000000000004,[0. 0.]
1786,0.0,1787,1,False,0.0,894.0,1.0,1,0,1,[0. 1.],[1 2],0.0,1,0.6,0.7,0.30000000000000004,[0. 0.]
1787,1.0,1788,0,False,0.0,894.0,0.0,1,1,0,[0. 1.],[1 2],,1,0.6,0.7,0.30000000000000004,[0. 0.]
1788,0.0,1789,1,False,0.0,895.0,1.0,1,0,1,[0. 1.],[1 2],,1,0.6,0.7,0.30000000000000004,[0. 0.]
1789,1.0,1790,0,False,0.0,895.0,0.0,1,1,0,[1. 1.],[1 2],1.0,1,0.6,0.7,0.30000000000000004,[0. 0.]
1790,0.0,1791,1,False,0.0,896.0,2.0,1,0,2,[1. 1.],[1 2],1.0,1,0.6,0.7,0.30000000000000004,[0. 0.]
1791,2.0,1792,0,False,1.0,896.0,0.0,1,1,0,[0. 0.],[1 2],0.0,1,0.6,0.7,0.30000000000000004,[0. 0.]
1792,0.0,1793,1,False,0.0,897.0,1.0,1,0,2,[0. 0.],[1 2],0.0,1,0.6,0.7,0.30000000000000004,[0. 0.]
1793,1.0,1794,0,False,0.0,897.0,0.0,1,1,0,[0. 0.],[1 2],1.0,1,0.6,0.7,0.30000000000000004,[0. 0.]
1794,0.0,1795,1,False,0.0,898.0,2.0,1,0,2,[0. 0.],[1 2],1.0,1,0.6,0.7,0.30000000000000004,[0. 0.]
1795,2.0,1796,0,False,0.0,898.0,0.0,1,1,0,[0. 1.],[1 2],1.0,1,0.6,0.7,0.30000000000000004,[0. 0.]
1796,0.0,1797,1,False,0.0,899.0,2.0,1,0,2,[0. 1.],[1 2],1.0,1,0.6,0.7,0.30000000000000004,[0. 0.]
1797,2.0,1798,0,False,1.0,899.0,0.0,1,1,0,[0. 0.],[1 2],,1,0.6,0.7,0.30000000000000004,[0. 0.]
1798,0.0,1799,1,False,0.0,900.0,2.0,1,0,2,[0. 0.],[1 2],,1,0.6,0.7,0.30000000000000004,[0. 0.]
1799,2.0,1800,0,False,0.0,900.0,0.0,1,1,0,[1. 0.],[1 2],0.0,1,0.6,0.7,0.30000000000000004,[0. 0.]
1800,0.0,1801,1,False,0.0,901.0,1.0,1,0,2,[1. 0.],[1 2],0.0,1,0.6,0.7,0.30000000000000004,[0. 0.]
1801,1.0,1802,0,False,0.0,901.0,0.0,1,1,0,[0. 0.],[1 2],,1,0.6,0.7,0.30000000000000004,[0. 0.]
1802,0.0,1803,1,False,0.0,902.0,1.0,1,0,1,[0. 0.],[1 2],,1,0.6,0.7,0.30000000000000004,[0. 0.]
1803,1.0,1804,0,False,0.0,902.0,0.0,1,1,0,[1. 1.],[1 2],0.0,1,0.6,0.7,0.30000000000000004,[0. 0.]
1804,0.0,1805,1,False,0.0,903.0,1.0,1,0,2,[1. 1.],[1 2],0.0,1,0.6,0.7,0.30000000000000004,[0. 0.]
1805,1.0,1806,0,False,1.0,903.0,0.0,1,1,0,[1. 1.],[1 2],0.0,1,0.6,0.7,0.30000000000000004,[0. 0.]
1806,0.0,1807,1,False,0.0,904.0,1.0,1,0,2,[1. 1.],[1 2],0.0,1,0.6,0.7,0.30000000000000004,[0. 0.]
1807,1.0,1808,0,False,1.0,904.0,0.0,1,1,0,[0. 0.],[1 2],0.0,1,0.6,0.7,0.30000000000000004,[0. 0.]
1808,0.0,1809,1,False,0.0,905.0,1.0,1,0,2,[0. 0.],[1 2],0.0,1,0.6,0.7,0.30000000000000004,[0. 0.]
1809,1.0,1810,0,False,0.0,905.0,0.0,1,1,0,[0. 1.],[1 2],0.0,1,0.6,0.7,0.30000000000000004,[0. 0.]
1810,0.0,1811,1,False,0.0,906.0,1.0,1,0,2,[0. 1.],[1 2],0.0,1,0.6,0.7,0.30000000000000004,[0. 0.]
1811,1.0,1812,0,False,1.0,906.0,0.0,1,1,0,[0. 1.],[1 2],,1,0.6,0.7,0.30000000000000004,[0. 0.]
1812,0.0,1813,1,False,0.0,907.0,2.0,1,0,2,[0. 1.],[1 2],,1,0.6,0.7,0.30000000000000004,[0. 0.]
1813,2.0,1814,0,False,1.0,907.0,0.0,1,1,0,[0. 1.],[1 2],0.0,1,0.6,0.7,0.30000000000000004,[0. 0.]
1814,0.0,1815,1,False,0.0,908.0,1.0,1,0,2,[0. 1.],[1 2],0.0,1,0.6,0.7,0.30000000000000004,[0. 0.]
1815,1.0,1816,0,False,1.0,908.0,0.0,1,1,0,[1. 1.],[1 2],1.0,1,0.6,0.7,0.30000000000000004,[0. 0.]
1816,0.0,1817,1,False,0.0,909.0,2.0,1,0,2,[1. 1.],[1 2],1.0,1,0.6,0.7,0.30000000000000004,[0. 0.]
1817,2.0,1818,0,False,1.0,909.0,0.0,1,1,0,[0. 1.],[1 2],1.0,1,0.6,0.7,0.30000000000000004,[0. 0.]
1818,0.0,1819,1,False,0.0,910.0,2.0,1,0,2,[0. 1.],[1 2],1.0,1,0.6,0.7,0.30000000000000004,[0. 0.]
1819,2.0,1820,0,False,1.0,910.0,0.0,1,1,0,[0. 1.],[1 2],,1,0.6,0.7,0.30000000000000004,[0. 0.]
1820,0.0,1821,1,False,0.0,911.0,2.0,1,0,2,[0. 1.],[1 2],,1,0.6,0.7,0.30000000000000004,[0. 0.]
1821,2.0,1822,0,False,1.0,911.0,0.0,1,1,0,[1. 1.],[1 2],,1,0.6,0.7,0.30000000000000004,[0. 0.]
1822,0.0,1823,1,False,0.0,912.0,2.0,1,0,2,[1. 1.],[1 2],,1,0.6,0.7,0.30000000000000004,[0. 0.]
1823,2.0,1824,0,False,1.0,912.0,0.0,1,1,0,[0. 0.],[1 2],,1,0.6,0.7,0.30000000000000004,[0. 0.]
1824,0.0,1825,1,False,0.0,913.0,2.0,1,0,2,[0. 0.],[1 2],,1,0.6,0.7,0.30000000000000004,[0. 0.]
1825,2.0,1826,0,False,0.0,913.0,0.0,1,1,0,[0. 0.],[1 2],0.0,1,0.6,0.7,0.30000000000000004,[0. 0.]
1826,0.0,1827,1,False,0.0,914.0,1.0,1,0,2,[0. 0.],[1 2],0.0,1,0.6,0.7,0.30000000000000004,[0. 0.]
1827,1.0,1828,0,False,0.0,914.0,0.0,1,1,0,[0. 1.],[1 2],,1,0.6,0.7,0.30000000000000004,[0. 0.]
1828,0.0,1829,1,False,0.0,915.0,2.0,1,0,2,[0. 1.],[1 2],,1,0.6,0.7,0.30000000000000004,[0. 0.]
1829,2.0,1830,0,False,1.0,915.0,0.0,1,1,0,[1. 1.],[1 2],0.0,0,0.6,0.7,0.30000000000000004,[0. 0.]
1830,0.0,1831,1,False,0.0,916.0,1.0,1,0,2,[1. 1.],[1 2],0.0,0,0.6,0.7,0.30000000000000004,[0. 0.]
1831,1.0,1832,0,False,1.0,916.0,0.0,1,1,0,[1. 0.],[1 2],,0,0.6,0.7,0.30000000000000004,[0. 0.]
1832,0.0,1833,1,False,0.0,917.0,2.0,1,0,2,[1. 0.],[1 2],,0,0.6,0.7,0.30000000000000004,[0. 0.]
1833,2.0,1834,0,False,0.0,917.0,0.0,1,1,0,[0. 0.],[1 2],,0,0.6,0.7,0.30000000000000004,[0. 0.]
1834,0.0,1835,1,False,0.0,918.0,2.0,1,0,2,[0. 0.],[1 2],,0,0.6,0.7,0.30000000000000004,[0. 0.]
1835,2.0,1836,0,False,0.0,918.0,0.0,1,1,0,[1. 0.],[2 1],,0,0.6,0.7,0.30000000000000004,[0. 0.]
1836,0.0,1837,1,False,0.0,919.0,1.0,1,0,2,[1. 0.],[2 1],,0,0.6,0.7,0.30000000000000004,[0. 0.]
1837,1.0,1838,0,False,1.0,919.0,0.0,1,1,0,[1. 0.],[2 1],,0,0.6,0.7,0.30000000000000004,[0. 0.]
1838,0.0,1839,1,False,0.0,920.0,1.0,1,0,2,[1. 0.],[2 1],,0,0.6,0.7,0.30000000000000004,[0. 0.]
1839,1.0,1840,0,False,1.0,920.0,0.0,1,1,0,[1. 0.],[2 1],,0,0.6,0.7,0.30000000000000004,[0. 0.]
1840,0.0,1841,1,False,0.0,921.0,1.0,1,0,2,[1. 0.],[2 1],,0,0.6,0.7,0.30000000000000004,[0. 0.]
1841,1.0,1842,0,False,1.0,921.0,0.0,1,1,0,[0. 0.],[2 1],1.0,0,0.6,0.7,0.30000000000000004,[0. 0.]
1842,0.0,1843,1,False,0.0,922.0,2.0,1,0,2,[0. 0.],[2 1],1.0,0,0.6,0.7,0.30000000000000004,[0. 0.]
1843,2.0,1844,0,False,0.0,922.0,0.0,1,1,0,[1. 0.],[2 1],1.0,0,0.6,0.7,0.30000000000000004,[0. 0.]
1844,0.0,1845,1,False,0.0,923.0,2.0,1,0,2,[1. 0.],[2 1],1.0,0,0.6,0.7,0.30000000000000004,[0. 0.]
1845,2.0,1846,0,False,1.0,923.0,0.0,1,1,0,[1. 1.],[2 1],,0,0.6,0.7,0.30000000000000004,[0. 0.]
1846,0.0,1847,1,False,0.0,924.0,1.0,1,0,2,[1. 1.],[2 1],,0,0.6,0.7,0.30000000000000004,[0. 0.]
1847,1.0,1848,0,False,1.0,924.0,0.0,1,1,0,[0. 0.],[2 1],0.0,0,0.6,0.7,0.30000000000000004,[0. 0.]
1848,0.0,1849,1,False,0.0,925.0,1.0,1,0,2,[0. 0.],[2 1],0.0,0,0.6,0.7,0.30000000000000004,[0. 0.]
1849,1.0,1850,0,False,0.0,925.0,0.0,1,1,0,[1. 1.],[2 1],,0,0.6,0.7,0.30000000000000004,[0. 0.]
1850,0.0,1851,1,False,0.0,926.0,1.0,1,0,2,[1. 1.],[2 1],,0,0.6,0.7,0.30000000000000004,[0. 0.]
1851,1.0,1852,0,False,1.0,926.0,0.0,1,1,0,[1. 0.],[2 1],1.0,0,0.6,0.7,0.30000000000000004,[0. 0.]
1852,0.0,1853,1,False,0.0,927.0,2.0,1,0,2,[1. 0.],[2 1],1.0,0,0.6,0.7,0.30000000000000004,[0. 0.]
1853,2.0,1854,0,False,1.0,927.0,0.0,1,1,0,[1. 0.],[2 1],,0,0.6,0.7,0.30000000000000004,[0. 0.]
1854,0.0,1855,1,False,0.0,928.0,1.0,1,0,2,[1. 0.],[2 1],,0,0.6,0.7,0.30000000000000004,[0. 0.]
1855,1.0,1856,0,False,1.0,928.0,0.0,1,1,0,[1. 1.],[2 1],0.0,0,0.6,0.7,0.30000000000000004,[0. 0.]
1856,0.0,1857,1,False,0.0,929.0,1.0,1,0,2,[1. 1.],[2 1],0.0,0,0.6,0.7,0.30000000000000004,[0. 0.]
1857,1.0,1858,0,False,1.0,929.0,0.0,1,1,0,[1. 1.],[2 1],,0,0.6,0.7,0.30000000000000004,[0. 0.]
1858,0.0,1859,1,False,0.0,930.0,1.0,1,0,2,[1. 1.],[2 1],,0,0.6,0.7,0.30000000000000004,[0. 0.]
1859,1.0,1860,0,False,1.0,930.0,0.0,1,1,0,[1. 0.],[2 1],1.0,0,0.6,0.7,0.30000000000000004,[0. 0.]
1860,0.0,1861,1,False,0.0,931.0,2.0,1,0,2,[1. 0.],[2 1],1.0,0,0.6,0.7,0.30000000000000004,[0. 0.]
1861,2.0,1862,0,False,1.0,931.0,0.0,1,1,0,[1. 0.],[2 1],,0,0.6,0.7,0.30000000000000004,[0. 0.]
1862,0.0,1863,1,False,0.0,932.0,1.0,1,0,2,[1. 0.],[2 1],,0,0.6,0.7,0.30000000000000004,[0. 0.]
1863,1.0,1864,0,False,1.0,932.0,0.0,1,1,0,[1. 0.],[2 1],0.0,0,0.6,0.7,0.30000000000000004,[0. 0.]
1864,0.0,1865,1,False,0.0,933.0,1.0,1,0,2,[1. 0.],[2 1],0.0,0,0.6,0.7,0.30000000000000004,[0. 0.]
1865,1.0,1866,0,False,1.0,933.0,0.0,1,1,0,[1. 0.],[2 1],,0,0.6,0.7,0.30000000000000004,[0. 0.]
1866,0.0,1867,1,False,0.0,934.0,1.0,1,0,2,[1. 0.],[2 1],,0,0.6,0.7,0.30000000000000004,[0. 0.]
1867,1.0,1868,0,False,1.0,934.0,0.0,1,1,0,[1. 0.],[2 1],,0,0.6,0.7,0.30000000000000004,[0. 0.]
1868,0.0,1869,1,False,0.0,935.0,1.0,1,0,2,[1. 0.],[2 1],,0,0.6,0.7,0.30000000000000004,[0. 0.]
1869,1.0,1870,0,False,1.0,935.0,0.0,1,1,0,[0. 0.],[2 1],0.0,0,0.6,0.7,0.30000000000000004,[0. 0.]
1870,0.0,1871,1,False,0.0,936.0,1.0,1,0,2,[0. 0.],[2 1],0.0,0,0.6,0.7,0.30000000000000004,[0. 0.]
1871,1.0,1872,0,False,0.0,936.0,0.0,1,1,0,[1. 0.],[2 1],,0,0.6,0.7,0.30000000000000004,[0. 0.]
1872,0.0,1873,1,False,0.0,937.0,1.0,1,0,2,[1. 0.],[2 1],,0,0.6,0.7,0.30000000000000004,[0. 0.]
1873,1.0,1874,0,False,1.0,937.0,0.0,1,1,0,[0. 0.],[2 1],,0,0.6,0.7,0.30000000000000004,[0. 0.]
1874,0.0,1875,1,False,0.0,938.0,1.0,1,0,2,[0. 0.],[2 1],,0,0.6,0.7,0.30000000000000004,[0. 0.]
1875,1.0,1876,0,False,0.0,938.0,0.0,1,1,0,[1. 0.],[2 1],,0,0.6,0.7,0.30000000000000004,[0. 0.]
1876,0.0,1877,1,False,0.0,939.0,1.0,1,0,2,[1. 0.],[2 1],,0,0.6,0.7,0.30000000000000004,[0. 0.]
1877,1.0,1878,0,False,1.0,939.0,0.0,1,1,0,[0. 0.],[2 1],0.0,0,0.6,0.7,0.30000000000000004,[0. 0.]
1878,0.0,1879,1,False,0.0,940.0,1.0,1,0,2,[0. 0.],[2 1],0.0,0,0.6,0.7,0.30000000000000004,[0. 0.]
1879,1.0,1880,0,False,0.0,940.0,0.0,1,1,0,[1. 0.],[2 1],,0,0.6,0.7,0.30000000000000004,[0. 0.]
1880,0.0,1881,1,False,0.0,941.0,1.0,1,0,2,[1. 0.],[2 1],,0,0.6,0.7,0.30000000000000004,[0. 0.]
1881,1.0,1882,0,False,1.0,941.0,0.0,1,1,0,[1. 1.],[2 1],,0,0.6,0.7,0.30000000000000004,[0. 0.]
1882,0.0,1883,1,False,0.0,942.0,1.0,1,0,2,[1. 1.],[2 1],,0,0.6,0.7,0.30000000000000004,[0. 0.]
1883,1.0,1884,0,False,1.0,942.0,0.0,1,1,0,[1. 0.],[2 1],,0,0.6,0.7,0.30000000000000004,[0. 0.]
1884,0.0,1885,1,False,0.0,943.0,1.0,1,0,2,[1. 0.],[2 1],,0,0.6,0.7,0.30000000000000004,[0. 0.]
1885,1.0,1886,0,False,1.0,943.0,0.0,1,1,0,[0. 0.],[1 2],0.0,0,0.6,0.7,0.30000000000000004,[0. 0.]
1886,0.0,1887,1,False,0.0,944.0,1.0,1,0,2,[0. 0.],[1 2],0.0,0,0.6,0.7,0.30000000000000004,[0. 0.]
1887,1.0,1888,0,False,0.0,944.0,0.0,1,1,0,[1. 1.],[1 2],1.0,0,0.6,0.7,0.30000000000000004,[0. 0.]
1888,0.0,1889,1,False,0.0,945.0,2.0,1,0,2,[1. 1.],[1 2],1.0,0,0.6,0.7,0.30000000000000004,[0. 0.]
1889,2.0,1890,0,False,1.0,945.0,0.0,1,1,0,[1. 0.],[1 2],0.0,0,0.6,0.7,0.30000000000000004,[0. 0.]
1890,0.0,1891,1,False,0.0,946.0,1.0,1,0,2,[1. 0.],[1 2],0.0,0,0.6,0.7,0.30000000000000004,[0. 0.]
1891,1.0,1892,0,False,0.0,946.0,0.0,1,1,0,[1. 0.],[1 2],,0,0.6,0.7,0.30000000000000004,[0. 0.]
1892,0.0,1893,1,False,0.0,947.0,2.0,1,0,2,[1. 0.],[1 2],,0,0.6,0.7,0.30000000000000004,[0. 0.]
1893,2.0,1894,0,False,0.0,947.0,0.0,1,1,0,[1. 1.],[1 2],0.0,0,0.6,0.7,0.30000000000000004,[0. 0.]
1894,0.0,1895,1,False,0.0,948.0,1.0,1,0,1,[1. 1.],[1 2],0.0,0,0.6,0.7,0.30000000000000004,[0. 0.]
1895,1.0,1896,0,False,1.0,948.0,0.0,1,1,0,[1. 1.],[1 2],,0,0.6,0.7,0.30000000000000004,[0. 0.]
1896,0.0,1897,1,False,0.0,949.0,1.0,1,0,1,[1. 1.],[1 2],,0,0.6,0.7,0.30000000000000004,[0. 0.]
1897,1.0,1898,0,False,1.0,949.0,0.0,1,1,0,[1. 0.],[1 2],0.0,0,0.6,0.7,0.30000000000000004,[0. 0.]
1898,0.0,1899,1,False,0.0,950.0,1.0,1,0,1,[1. 0.],[1 2],0.0,0,0.6,0.7,0.30000000000000004,[0. 0.]
1899,1.0,1900,0,False,1.0,950.0,0.0,1,1,0,[1. 0.],[1 2],0.0,0,0.6,0.7,0.30000000000000004,[0. 0.]
1900,0.0,1901,1,False,0.0,951.0,1.0,1,0,1,[1. 0.],[1 2],0.0,0,0.6,0.7,0.30000000000000004,[0. 0.]
1901,1.0,1902,0,False,1.0,951.0,0.0,1,1,0,[0. 0.],[1 2],,0,0.6,0.7,0.30000000000000004,[0. 0.]
1902,0.0,1903,1,False,0.0,952.0,1.0,1,0,1,[0. 0.],[1 2],,0,0.6,0.7,0.30000000000000004,[0. 0.]
1903,1.0,1904,0,False,0.0,952.0,0.0,1,1,0,[1. 1.],[1 2],,0,0.6,0.7,0.30000000000000004,[0. 0.]
1904,0.0,1905,1,False,0.0,953.0,1.0,1,0,1,[1. 1.],[1 2],,0,0.6,0.7,0.30000000000000004,[0. 0.]
1905,1.0,1906,0,False,1.0,953.0,0.0,1,1,0,[1. 1.],[1 2],,0,0.6,0.7,0.30000000000000004,[0. 0.]
1906,0.0,1907,1,False,0.0,954.0,1.0,1,0,1,[1. 1.],[1 2],,0,0.6,0.7,0.30000000000000004,[0. 0.]
1907,1.0,1908,0,False,1.0,954.0,0.0,1,1,0,[1. 0.],[1 2],0.0,0,0.6,0.7,0.30000000000000004,[0. 0.]
1908,0.0,1909,1,False,0.0,955.0,1.0,1,0,1,[1. 0.],[1 2],0.0,0,0.6,0.7,0.30000000000000004,[0. 0.]
1909,1.0,1910,0,False,1.0,955.0,0.0,1,1,0,[0. 0.],[1 2],0.0,0,0.6,0.7,0.30000000000000004,[0. 0.]
1910,0.0,1911,1,False,0.0,956.0,1.0,1,0,1,[0. 0.],[1 2],0.0,0,0.6,0.7,0.30000000000000004,[0. 0.]
1911,1.0,1912,0,False,0.0,956.0,0.0,1,1,0,[0. 1.],[1 2],0.0,0,0.6,0.7,0.30000000000000004,[0. 0.]
1912,0.0,1913,1,False,0.0,957.0,1.0,1,0,1,[0. 1.],[1 2],0.0,0,0.6,0.7,0.30000000000000004,[0. 0.]
1913,1.0,1914,0,False,0.0,957.0,0.0,1,1,0,[1. 0.],[1 2],,0,0.6,0.7,0.30000000000000004,[0. 0.]
1914,0.0,1915,1,False,0.0,958.0,1.0,1,0,1,[1. 0.],[1 2],,0,0.6,0.7,0.30000000000000004,[0. 0.]
1915,1.0,1916,0,False,1.0,958.0,0.0,1,1,0,[1. 0.],[1 2],1.0,0,0.6,0.7,0.30000000000000004,[0. 0.]
1916,0.0,1917,1,False,0.0,959.0,2.0,1,0,1,[1. 0.],[1 2],1.0,0,0.6,0.7,0.30000000000000004,[0. 0.]
1917,2.0,1918,0,False,1.0,959.0,0.0,1,1,0,[0. 0.],[1 2],0.0,0,0.6,0.7,0.30000000000000004,[0. 0.]
1918,0.0,1919,1,False,0.0,960.0,1.0,1,0,1,[0. 0.],[1 2],0.0,0,0.6,0.7,0.30000000000000004,[0. 0.]
1919,1.0,1920,0,False,0.0,960.0,0.0,1,1,0,[0. 0.],[1 2],,0,0.6,0.7,0.30000000000000004,[0. 0.]
1920,0.0,1921,1,False,0.0,961.0,1.0,1,0,1,[0. 0.],[1 2],,0,0.6,0.7,0.30000000000000004,[0. 0.]
1921,1.0,1922,0,False,0.0,961.0,0.0,1,1,0,[0. 0.],[1 2],,0,0.6,0.7,0.30000000000000004,[0. 0.]
1922,0.0,1923,1,False,0.0,962.0,1.0,1,0,1,[0. 0.],[1 2],,0,0.6,0.7,0.30000000000000004,[0. 0.]
1923,1.0,1924,0,False,0.0,962.0,0.0,1,1,0,[0. 1.],[1 2],0.0,0,0.6,0.7,0.30000000000000004,[0. 0.]
1924,0.0,1925,1,False,0.0,963.0,1.0,1,0,1,[0. 1.],[1 2],0.0,0,0.6,0.7,0.30000000000000004,[0. 0.]
1925,1.0,1926,0,False,0.0,963.0,0.0,1,1,0,[1. 0.],[1 2],0.0,0,0.6,0.7,0.30000000000000004,[0. 0.]
1926,0.0,1927,1,False,0.0,964.0,1.0,1,0,2,[1. 0.],[1 2],0.0,0,0.6,0.7,0.30000000000000004,[0. 0.]
1927,1.0,1928,0,False,0.0,964.0,0.0,1,1,0,[0. 0.],[1 2],,0,0.6,0.7,0.30000000000000004,[0. 0.]
1928,0.0,1929,1,False,0.0,965.0,1.0,1,0,1,[0. 0.],[1 2],,0,0.6,0.7,0.30000000000000004,[0. 0.]
1929,1.0,1930,0,False,0.0,965.0,0.0,1,1,0,[1. 0.],[1 2],0.0,0,0.6,0.7,0.30000000000000004,[0. 0.]
1930,0.0,1931,1,False,0.0,966.0,1.0,1,0,2,[1. 0.],[1 2],0.0,0,0.6,0.7,0.30000000000000004,[0. 0.]
1931,1.0,1932,0,False,0.0,966.0,0.0,1,1,0,[1. 0.],[1 2],,0,0.6,0.7,0.30000000000000004,[0. 0.]
1932,0.0,1933,1,False,0.0,967.0,1.0,1,0,1,[1. 0.],[1 2],,0,0.6,0.7,0.30000000000000004,[0. 0.]
1933,1.0,1934,0,False,1.0,967.0,0.0,1,1,0,[1. 0.],[1 2],,0,0.6,0.7,0.30000000000000004,[0. 0.]
1934,0.0,1935,1,False,0.0,968.0,1.0,1,0,1,[1. 0.],[1 2],,0,0.6,0.7,0.30000000000000004,[0. 0.]
1935,1.0,1936,0,False,1.0,968.0,0.0,1,1,0,[1. 0.],[1 2],,0,0.6,0.7,0.30000000000000004,[0. 0.]
1936,0.0,1937,1,False,0.0,969.0,1.0,1,0,1,[1. 0.],[1 2],,0,0.6,0.7,0.30000000000000004,[0. 0.]
1937,1.0,1938,0,False,1.0,969.0,0.0,1,1,0,[1. 1.],[1 2],0.0,0,0.6,0.7,0.30000000000000004,[0. 0.]
1938,0.0,1939,1,False,0.0,970.0,1.0,1,0,1,[1. 1.],[1 2],0.0,0,0.6,0.7,0.30000000000000004,[0. 0.]
1939,1.0,1940,0,False,1.0,970.0,0.0,1,1,0,[0. 0.],[1 2],,0,0.6,0.7,0.30000000000000004,[0. 0.]
1940,0.0,1941,1,False,0.0,971.0,1.0,1,0,1,[0. 0.],[1 2],,0,0.6,0.7,0.30000000000000004,[0. 0.]
1941,1.0,1942,0,False,0.0,971.0,0.0,1,1,0,[1. 0.],[1 2],,0,0.6,0.7,0.30000000000000004,[0. 0.]
1942,0.0,1943,1,False,0.0,972.0,1.0,1,0,1,[1. 0.],[1 2],,0,0.6,0.7,0.30000000000000004,[0. 0.]
1943,1.0,1944,0,False,1.0,972.0,0.0,1,1,0,[1. 0.],[1 2],,0,0.6,0.7,0.30000000000000004,[0. 0.]
1944,0.0,1945,1,False,0.0,973.0,1.0,1,0,1,[1. 0.],[1 2],,0,0.6,0.7,0.30000000000000004,[0. 0.]
1945,1.0,1946,0,False,1.0,973.0,0.0,1,1,0,[1. 0.],[1 2],,0,0.6,0.7,0.30000000000000004,[0. 0.]
1946,0.0,1947,1,False,0.0,974.0,1.0,1,0,1,[1. 0.],[1 2],,0,0.6,0.7,0.30000000000000004,[0. 0.]
1947,1.0,1948,0,False,1.0,974.0,0.0,1,1,0,[1. 0.],[1 2],,0,0.6,0.7,0.30000000000000004,[0. 0.]
1948,0.0,1949,1,False,0.0,975.0,1.0,1,0,1,[1. 0.],[1 2],,0,0.6,0.7,0.30000000000000004,[0. 0.]
1949,1.0,1950,0,False,1.0,975.0,0.0,1,1,0,[1. 0.],[1 2],1.0,0,0.6,0.7,0.30000000000000004,[0. 0.]
1950,0.0,1951,1,False,0.0,976.0,2.0,1,0,1,[1. 0.],[1 2],1.0,0,0.6,0.7,0.30000000000000004,[0. 0.]
1951,2.0,1952,0,False,1.0,976.0,0.0,1,1,0,[0. 1.],[1 2],1.0,0,0.6,0.7,0.30000000000000004,[0. 0.]
1952,0.0,1953,1,False,0.0,977.0,2.0,1,0,1,[0. 1.],[1 2],1.0,0,0.6,0.7,0.30000000000000004,[0. 0.]
1953,2.0,1954,0,False,0.0,977.0,0.0,1,1,0,[1. 0.],[1 2],0.0,0,0.6,0.7,0.30000000000000004,[0. 0.]
1954,0.0,1955,1,False,0.0,978.0,1.0,1,0,1,[1. 0.],[1 2],0.0,0,0.6,0.7,0.30000000000000004,[0. 0.]
1955,1.0,1956,0,False,1.0,978.0,0.0,1,1,0,[1. 0.],[1 2],0.0,0,0.6,0.7,0.30000000000000004,[0. 0.]
1956,0.0,1957,1,False,0.0,979.0,1.0,1,0,1,[1. 0.],[1 2],0.0,0,0.6,0.7,0.30000000000000004,[0. 0.]
1957,1.0,1958,0,False,1.0,979.0,0.0,1,1,0,[1. 0.],[1 2],1.0,0,0.6,0.7,0.30000000000000004,[0. 0.]
1958,0.0,1959,1,False,0.0,980.0,2.0,1,0,1,[1. 0.],[1 2],1.0,0,0.6,0.7,0.30000000000000004,[0. 0.]
1959,2.0,1960,0,False,1.0,980.0,0.0,1,1,0,[1. 1.],[1 2],0.0,0,0.6,0.7,0.30000000000000004,[0. 0.]
1960,0.0,1961,1,False,0.0,981.0,1.0,1,0,1,[1. 1.],[1 2],0.0,0,0.6,0.7,0.30000000000000004,[0. 0.]
1961,1.0,1962,0,False,1.0,981.0,0.0,1,1,0,[1. 1.],[1 2],1.0,0,0.6,0.7,0.30000000000000004,[0. 0.]
1962,0.0,1963,1,False,0.0,982.0,2.0,1,0,1,[1. 1.],[1 2],1.0,0,0.6,0.7,0.30000000000000004,[0. 0.]
1963,2.0,1964,0,False,1.0,982.0,0.0,1,1,0,[0. 1.],[1 2],,1,0.6,0.7,0.30000000000000004,[0. 0.]
1964,0.0,1965,1,False,0.0,983.0,1.0,1,0,1,[0. 1.],[1 2],,1,0.6,0.7,0.30000000000000004,[0. 0.]
1965,1.0,1966,0,False,0.0,983.0,0.0,1,1,0,[0. 1.],[1 2],,1,0.6,0.7,0.30000000000000004,[0. 0.]
1966,0.0,1967,1,False,0.0,984.0,1.0,1,0,1,[0. 1.],[1 2],,1,0.6,0.7,0.30000000000000004,[0. 0.]
1967,1.0,1968,0,False,0.0,984.0,0.0,1,1,0,[0. 0.],[1 2],1.0,1,0.6,0.7,0.30000000000000004,[0. 0.]
1968,0.0,1969,1,False,0.0,985.0,2.0,1,0,1,[0. 0.],[1 2],1.0,1,0.6,0.7,0.30000000000000004,[0. 0.]
1969,2.0,1970,0,False,0.0,985.0,0.0,1,1,0,[1. 1.],[1 2],0.0,1,0.6,0.7,0.30000000000000004,[0. 0.]
1970,0.0,1971,1,False,0.0,986.0,1.0,1,0,2,[1. 1.],[1 2],0.0,1,0.6,0.7,0.30000000000000004,[0. 0.]
1971,1.0,1972,0,False,1.0,986.0,0.0,1,1,0,[1. 1.],[1 2],1.0,1,0.6,0.7,0.30000000000000004,[0. 0.]
1972,0.0,1973,1,False,0.0,987.0,2.0,1,0,2,[1. 1.],[1 2],1.0,1,0.6,0.7,0.30000000000000004,[0. 0.]
1973,2.0,1974,0,False,1.0,987.0,0.0,1,1,0,[0. 1.],[1 2],0.0,1,0.6,0.7,0.30000000000000004,[0. 0.]
1974,0.0,1975,1,False,0.0,988.0,1.0,1,0,2,[0. 1.],[1 2],0.0,1,0.6,0.7,0.30000000000000004,[0. 0.]
1975,1.0,1976,0,False,1.0,988.0,0.0,1,1,0,[0. 1.],[1 2],1.0,1,0.6,0.7,0.30000000000000004,[0. 0.]
1976,0.0,1977,1,False,0.0,989.0,2.0,1,0,2,[0. 1.],[1 2],1.0,1,0.6,0.7,0.30000000000000004,[0. 0.]
1977,2.0,1978,0,False,1.0,989.0,0.0,1,1,0,[0. 1.],[1 2],1.0,1,0.6,0.7,0.30000000000000004,[0. 0.]
1978,0.0,1979,1,False,0.0,990.0,2.0,1,0,2,[0. 1.],[1 2],1.0,1,0.6,0.7,0.30000000000000004,[0. 0.]
1979,2.0,1980,0,False,1.0,990.0,0.0,1,1,0,[0. 1.],[1 2],,1,0.6,0.7,0.30000000000000004,[0. 0.]
1980,0.0,1981,1,False,0.0,991.0,2.0,1,0,2,[0. 1.],[1 2],,1,0.6,0.7,0.30000000000000004,[0. 0.]
1981,2.0,1982,0,False,1.0,991.0,0.0,1,1,0,[0. 0.],[1 2],1.0,1,0.6,0.7,0.30000000000000004,[0. 0.]
1982,0.0,1983,1,False,0.0,992.0,2.0,1,0,2,[0. 0.],[1 2],1.0,1,0.6,0.7,0.30000000000000004,[0. 0.]
1983,2.0,1984,0,False,0.0,992.0,0.0,1,1,0,[1. 1.],[2 1],0.0,1,0.6,0.7,0.30000000000000004,[0. 0.]
1984,0.0,1985,1,False,0.0,993.0,1.0,1,0,1,[1. 1.],[2 1],0.0,1,0.6,0.7,0.30000000000000004,[0. 0.]
1985,1.0,1986,0,False,1.0,993.0,0.0,1,1,0,[0. 1.],[2 1],0.0,1,0.6,0.7,0.30000000000000004,[0. 0.]
1986,0.0,1987,1,False,0.0,994.0,1.0,1,0,1,[0. 1.],[2 1],0.0,1,0.6,0.7,0.30000000000000004,[0. 0.]
1987,1.0,1988,0,False,1.0,994.0,0.0,1,1,0,[0. 1.],[2 1],0.0,1,0.6,0.7,0.30000000000000004,[0. 0.]
1988,0.0,1989,1,False,0.0,995.0,1.0,1,0,1,[0. 1.],[2 1],0.0,1,0.6,0.7,0.30000000000000004,[0. 0.]
1989,1.0,1990,0,False,1.0,995.0,0.0,1,1,0,[1. 0.],[2 1],1.0,1,0.6,0.7,0.30000000000000004,[0. 0.]
1990,0.0,1991,1,False,0.0,996.0,2.0,1,0,1,[1. 0.],[2 1],1.0,1,0.6,0.7,0.30000000000000004,[0. 0.]
1991,2.0,1992,0,False,0.0,996.0,0.0,1,1,0,[0. 1.],[2 1],,1,0.6,0.7,0.30000000000000004,[0. 0.]
1992,0.0,1993,1,False,0.0,997.0,2.0,1,0,1,[0. 1.],[2 1],,1,0.6,0.7,0.30000000000000004,[0. 0.]
1993,2.0,1994,0,False,1.0,997.0,0.0,1,1,0,[0. 0.],[2 1],1.0,1,0.6,0.7,0.30000000000000004,[0. 0.]
1994,0.0,1995,1,False,0.0,998.0,2.0,1,0,1,[0. 0.],[2 1],1.0,1,0.6,0.7,0.30000000000000004,[0. 0.]
1995,2.0,1996,0,False,0.0,998.0,0.0,1,1,0,[0. 0.],[2 1],0.0,1,0.6,0.7,0.30000000000000004,[0. 0.]
1996,0.0,1997,1,False,0.0,999.0,1.0,1,0,2,[0. 0.],[2 1],0.0,1,0.6,0.7,0.30000000000000004,[0. 0.]
1997,1.0,1998,0,False,0.0,999.0,0.0,1,1,0,[0. 1.],[2 1],1.0,1,0.6,0.7,0.30000000000000004,[0. 0.]
1998,0.0,1999,1,False,0.0,1000.0,2.0,1,0,2,[0. 1.],[2 1],1.0,1,0.6,0.7,0.30000000000000004,[0. 0.]
1999,2.0,2000,0,True,0.0,1000.0,0.0,1,1,0,[1. 0.],[2 1],,1,0.6,0.7,0.30000000000000004,[0. 0.]
0,0.0,1,1,False,0.0,1.0,1.0,1,0,1,[0. 0.],[1 2],0.0,1,0.6,0.7,0.30000000000000004,[0. 0.]
1,1.0,2,0,False,0.0,1.0,0.0,1,1,0,[0. 1.],[1 2],1.0,1,0.6,0.7,0.30000000000000004,[0. 0.]
2,0.0,3,1,False,0.0,2.0,2.0,1,0,2,[0. 1.],[1 2],1.0,1,0.6,0.7,0.30000000000000004,[0. 0.]
3,2.0,4,0,False,1.0,2.0,0.0,1,1,0,[1. 0.],[1 2],0.0,1,0.6,0.7,0.30000000000000004,[0. 0.]
4,0.0,5,1,False,0.0,3.0,1.0,1,0,2,[1. 0.],[1 2],0.0,1,0.6,0.7,0.30000000000000004,[0. 0.]
5,1.0,6,0,False,0.0,3.0,0.0,1,1,0,[1. 0.],[1 2],,1,0.6,0.7,0.30000000000000004,[0. 0.]
6,0.0,7,1,False,0.0,4.0,2.0,1,0,2,[1. 0.],[1 2],,1,0.6,0.7,0.30000000000000004,[0. 0.]
7,2.0,8,0,False,0.0,4.0,0.0,1,1,0,[0. 1.],[1 2],,1,0.6,0.7,0.30000000000000004,[0. 0.]
8,0.0,9,1,False,0.0,5.0,2.0,1,0,2,[0. 1.],[1 2],,1,0.6,0.7,0.30000000000000004,[0. 0.]
9,2.0,10,0,False,1.0,5.0,0.0,1,1,0,[0. 0.],[1 2],,1,0.6,0.7,0.30000000000000004,[0. 0.]
10,0.0,11,1,False,0.0,6.0,2.0,1,0,2,[0. 0.],[1 2],,1,0.6,0.7,0.30000000000000004,[0. 0.]
11,2.0,12,0,False,0.0,6.0,0.0,1,1,0,[0. 0.],[1 2],,1,0.6,0.7,0.30000000000000004,[0. 0.]
12,0.0,13,1,False,0.0,7.0,2.0,1,0,2,[0. 0.],[1 2],,1,0.6,0.7,0.30000000000000004,[0. 0.]
13,2.0,14,0,False,0.0,7.0,0.0,1,1,0,[1. 0.],[1 2],,1,0.6,0.7,0.30000000000000004,[0. 0.]
14,0.0,15,1,False,0.0,8.0,1.0,1,0,1,[1. 0.],[1 2],,1,0.6,0.7,0.30000000000000004,[0. 0.]
15,1.0,16,0,False,1.0,8.0,0.0,1,1,0,[0. 0.],[1 2],,1,0.6,0.7,0.30000000000000004,[0. 0.]
16,0.0,17,1,False,0.0,9.0,1.0,1,0,1,[0. 0.],[1 2],,1,0.6,0.7,0.30000000000000004,[0. 0.]
17,1.0,18,0,False,0.0,9.0,0.0,1,1,0,[0. 0.],[1 2],1.0,1,0.6,0.7,0.30000000000000004,[0. 0.]
18,0.0,19,1,False,0.0,10.0,2.0,1,0,1,[0. 0.],[1 2],1.0,1,0.6,0.7,0.30000000000000004,[0. 0.]
19,2.0,20,0,False,0.0,10.0,0.0,1,1,0,[0. 1.],[1 2],,1,0.6,0.7,0.30000000000000004,[0. 0.]
20,0.0,21,1,False,0.0,11.0,2.0,1,0,2,[0. 1.],[1 2],,1,0.6,0.7,0.30000000000000004,[0. 0.]
21,2.0,22,0,False,1.0,11.0,0.0,1,1,0,[0. 0.],[1 2],,1,0.6,0.7,0.30000000000000004,[0. 0.]
22,0.0,23,1,False,0.0,12.0,2.0,1,0,2,[0. 0.],[1 2],,1,0.6,0.7,0.30000000000000004,[0. 0.]
23,2.0,24,0,False,0.0,12.0,0.0,1,1,0,[0. 1.],[1 2],1.0,1,0.6,0.7,0.30000000000000004,[0. 0.]
24,0.0,25,1,False,0.0,13.0,2.0,1,0,2,[0. 1.],[1 2],1.0,1,0.6,0.7,0.30000000000000004,[0. 0.]
25,2.0,26,0,False,1.0,13.0,0.0,1,1,0,[0. 1.],[1 2],,1,0.6,0.7,0.30000000000000004,[0. 0.]
26,0.0,27,1,False,0.0,14.0,2.0,1,0,2,[0. 1.],[1 2],,1,0.6,0.7,0.30000000000000004,[0. 0.]
27,2.0,28,0,False,1.0,14.0,0.0,1,1,0,[0. 1.],[1 2],1.0,1,0.6,0.7,0.30000000000000004,[0. 0.]
28,0.0,29,1,False,0.0,15.0,2.0,1,0,2,[0. 1.],[1 2],1.0,1,0.6,0.7,0.30000000000000004,[0. 0.]
29,2.0,30,0,False,1.0,15.0,0.0,1,1,0,[0. 0.],[1 2],,1,0.6,0.7,0.30000000000000004,[0. 0.]
30,0.0,31,1,False,0.0,16.0,2.0,1,0,2,[0. 0.],[1 2],,1,0.6,0.7,0.30000000000000004,[0. 0.]
31,2.0,32,0,False,0.0,16.0,0.0,1,1,0,[1. 1.],[1 2],0.0,1,0.6,0.7,0.30000000000000004,[0. 0.]
32,0.0,33,1,False,0.0,17.0,1.0,1,0,2,[1. 1.],[1 2],0.0,1,0.6,0.7,0.30000000000000004,[0. 0.]
33,1.0,34,0,False,1.0,17.0,0.0,1,1,0,[0. 1.],[1 2],,1,0.6,0.7,0.30000000000000004,[0. 0.]
34,0.0,35,1,False,0.0,18.0,2.0,1,0,2,[0. 1.],[1 2],,1,0.6,0.7,0.30000000000000004,[0. 0.]
35,2.0,36,0,False,1.0,18.0,0.0,1,1,0,[0. 1.],[1 2],1.0,1,0.6,0.7,0.30000000000000004,[0. 0.]
36,0.0,37,1,False,0.0,19.0,2.0,1,0,2,[0. 1.],[1 2],1.0,1,0.6,0.7,0.30000000000000004,[0. 0.]
37,2.0,38,0,False,1.0,19.0,0.0,1,1,0,[1. 1.],[1 2],1.0,1,0.6,0.7,0.30000000000000004,[0. 0.]
38,0.0,39,1,False,0.0,20.0,2.0,1,0,2,[1. 1.],[1 2],1.0,1,0.6,0.7,0.30000000000000004,[0. 0.]
39,2.0,40,0,False,1.0,20.0,0.0,1,1,0,[0. 0.],[1 2],0.0,1,0.6,0.7,0.30000000000000004,[0. 0.]
40,0.0,41,1,False,0.0,21.0,1.0,1,0,2,[0. 0.],[1 2],0.0,1,0.6,0.7,0.30000000000000004,[0. 0.]
41,1.0,42,0,False,0.0,21.0,0.0,1,1,0,[0. 1.],[1 2],,1,0.6,0.7,0.30000000000000004,[0. 0.]
42,0.0,43,1,False,0.0,22.0,2.0,1,0,2,[0. 1.],[1 2],,1,0.6,0.7,0.30000000000000004,[0. 0.]
43,2.0,44,0,False,1.0,22.0,0.0,1,1,0,[0. 1.],[1 2],,1,0.6,0.7,0.30000000000000004,[0. 0.]
44,0.0,45,1,False,0.0,23.0,2.0,1,0,2,[0. 1.],[1 2],,1,0.6,0.7,0.30000000000000004,[0. 0.]
45,2.0,46,0,False,1.0,23.0,0.0,1,1,0,[1. 0.],[1 2],1.0,1,0.6,0.7,0.30000000000000004,[0. 0.]
46,0.0,47,1,False,0.0,24.0,2.0,1,0,2,[1. 0.],[1 2],1.0,1,0.6,0.7,0.30000000000000004,[0. 0.]
47,2.0,48,0,False,0.0,24.0,0.0,1,1,0,[0. 1.],[1 2],0.0,1,0.6,0.7,0.30000000000000004,[0. 0.]
48,0.0,49,1,False,0.0,25.0,1.0,1,0,2,[0. 1.],[1 2],0.0,1,0.6,0.7,0.30000000000000004,[0. 0.]
49,1.0,50,0,False,1.0,25.0,0.0,1,1,0,[0. 0.],[1 2],,1,0.6,0.7,0.30000000000000004,[0. 0.]
50,0.0,51,1,False,0.0,26.0,2.0,1,0,2,[0. 0.],[1 2],,1,0.6,0.7,0.30000000000000004,[0. 0.]
51,2.0,52,0,False,0.0,26.0,0.0,1,1,0,[0. 1.],[1 2],0.0,1,0.6,0.7,0.30000000000000004,[0. 0.]
52,0.0,53,1,False,0.0,27.0,1.0,1,0,2,[0. 1.],[1 2],0.0,1,0.6,0.7,0.30000000000000004,[0. 0.]
53,1.0,54,0,False,1.0,27.0,0.0,1,1,0,[0. 1.],[1 2],1.0,1,0.6,0.7,0.30000000000000004,[0. 0.]
54,0.0,55,1,False,0.0,28.0,2.0,1,0,2,[0. 1.],[1 2],1.0,1,0.6,0.7,0.30000000000000004,[0. 0.]
55,2.0,56,0,False,1.0,28.0,0.0,1,1,0,[0. 1.],[1 2],,1,0.6,0.7,0.30000000000000004,[0. 0.]
56,0.0,57,1,False,0.0,29.0,2.0,1,0,2,[0. 1.],[1 2],,1,0.6,0.7,0.30000000000000004,[0. 0.]
57,2.0,58,0,False,1.0,29.0,0.0,1,1,0,[0. 1.],[1 2],0.0,1,0.6,0.7,0.30000000000000004,[0. 0.]
58,0.0,59,1,False,0.0,30.0,1.0,1,0,2,[0. 1.],[1 2],0.0,1,0.6,0.7,0.30000000000000004,[0. 0.]
59,1.0,60,0,False,1.0,30.0,0.0,1,1,0,[1. 1.],[1 2],,1,0.6,0.7,0.30000000000000004,[0. 0.]
60,0.0,61,1,False,0.0,31.0,2.0,1,0,2,[1. 1.],[1 2],,1,0.6,0.7,0.30000000000000004,[0. 0.]
61,2.0,62,0,False,1.0,31.0,0.0,1,1,0,[0. 0.],[1 2],,1,0.6,0.7,0.30000000000000004,[0. 0.]
62,0.0,63,1,False,0.0,32.0,2.0,1,0,2,[0. 0.],[1 2],,1,0.6,0.7,0.30000000000000004,[0. 0.]
63,2.0,64,0,False,0.0,32.0,0.0,1,1,0,[0. 1.],[1 2],1.0,1,0.6,0.7,0.30000000000000004,[0. 0.]
64,0.0,65,1,False,0.0,33.0,2.0,1,0,2,[0. 1.],[1 2],1.0,1,0.6,0.7,0.30000000000000004,[0. 0.]
65,2.0,66,0,False,1.0,33.0,0.0,1,1,0,[0. 1.],[1 2],0.0,1,0.6,0.7,0.30000000000000004,[0. 0.]
66,0.0,67,1,False,0.0,34.0,1.0,1,0,2,[0. 1.],[1 2],0.0,1,0.6,0.7,0.30000000000000004,[0. 0.]
67,1.0,68,0,False,1.0,34.0,0.0,1,1,0,[0. 0.],[1 2],1.0,1,0.6,0.7,0.30000000000000004,[0. 0.]
68,0.0,69,1,False,0.0,35.0,2.0,1,0,2,[0. 0.],[1 2],1.0,1,0.6,0.7,0.30000000000000004,[0. 0.]
69,2.0,70,0,False,0.0,35.0,0.0,1,1,0,[0. 1.],[1 2],,1,0.6,0.7,0.30000000000000004,[0. 0.]
70,0.0,71,1,False,0.0,36.0,2.0,1,0,2,[0. 1.],[1 2],,1,0.6,0.7,0.30000000000000004,[0. 0.]
71,2.0,72,0,False,1.0,36.0,0.0,1,1,0,[0. 1.],[1 2],,1,0.6,0.7,0.30000000000000004,[0. 0.]
72,0.0,73,1,False,0.0,37.0,2.0,1,0,2,[0. 1.],[1 2],,1,0.6,0.7,0.30000000000000004,[0. 0.]
73,2.0,74,0,False,1.0,37.0,0.0,1,1,0,[1. 1.],[1 2],1.0,1,0.6,0.7,0.30000000000000004,[0. 0.]
74,0.0,75,1,False,0.0,38.0,2.0,1,0,2,[1. 1.],[1 2],1.0,1,0.6,0.7,0.30000000000000004,[0. 0.]
75,2.0,76,0,False,1.0,38.0,0.0,1,1,0,[0. 1.],[1 2],1.0,1,0.6,0.7,0.30000000000000004,[0. 0.]
76,0.0,77,1,False,0.0,39.0,2.0,1,0,2,[0. 1.],[1 2],1.0,1,0.6,0.7,0.30000000000000004,[0. 0.]
77,2.0,78,0,False,1.0,39.0,0.0,1,1,0,[0. 1.],[1 2],,1,0.6,0.7,0.30000000000000004,[0. 0.]
78,0.0,79,1,False,0.0,40.0,2.0,1,0,2,[0. 1.],[1 2],,1,0.6,0.7,0.30000000000000004,[0. 0.]
79,2.0,80,0,False,1.0,40.0,0.0,1,1,0,[1. 1.],[1 2],0.0,1,0.6,0.7,0.30000000000000004,[0. 0.]
80,0.0,81,1,False,0.0,41.0,1.0,1,0,2,[1. 1.],[1 2],0.0,1,0.6,0.7,0.30000000000000004,[0. 0.]
81,1.0,82,0,False,1.0,41.0,0.0,1,1,0,[0. 0.],[1 2],,1,0.6,0.7,0.30000000000000004,[0. 0.]
82,0.0,83,1,False,0.0,42.0,2.0,1,0,2,[0. 0.],[1 2],,1,0.6,0.7,0.30000000000000004,[0. 0.]
83,2.0,84,0,False,0.0,42.0,0.0,1,1,0,[1. 0.],[1 2],0.0,1,0.6,0.7,0.30000000000000004,[0. 0.]
84,0.0,85,1,False,0.0,43.0,1.0,1,0,2,[1. 0.],[1 2],0.0,1,0.6,0.7,0.30000000000000004,[0. 0.]
85,1.0,86,0,False,0.0,43.0,0.0,1,1,0,[0. 0.],[2 1],1.0,1,0.6,0.7,0.30000000000000004,[0. 0.]
86,0.0,87,1,False,0.0,44.0,2.0,1,0,2,[0. 0.],[2 1],1.0,1,0.6,0.7,0.30000000000000004,[0. 0.]
87,2.0,88,0,False,0.0,44.0,0.0,1,1,0,[0. 0.],[2 1],1.0,1,0.6,0.7,0.30000000000000004,[0. 0.]
88,0.0,89,1,False,0.0,45.0,2.0,1,0,2,[0. 0.],[2 1],1.0,1,0.6,0.7,0.30000000000000004,[0. 0.]
89,2.0,90,0,False,0.0,45.0,0.0,1,1,0,[1. 1.],[2 1],0.0,1,0.6,0.7,0.30000000000000004,[0. 0.]
90,0.0,91,1,False,0.0,46.0,1.0,1,0,1,[1. 1.],[2 1],0.0,1,0.6,0.7,0.30000000000000004,[0. 0.]
91,1.0,92,0,False,1.0,46.0,0.0,1,1,0,[1. 1.],[2 1],0.0,1,0.6,0.7,0.30000000000000004,[0. 0.]
92,0.0,93,1,False,0.0,47.0,1.0,1,0,1,[1. 1.],[2 1],0.0,1,0.6,0.7,0.30000000000000004,[0. 0.]
93,1.0,94,0,False,1.0,47.0,0.0,1,1,0,[0. 1.],[2 1],0.0,1,0.6,0.7,0.30000000000000004,[0. 0.]
94,0.0,95,1,False,0.0,48.0,1.0,1,0,1,[0. 1.],[2 1],0.0,1,0.6,0.7,0.30000000000000004,[0. 0.]
95,1.0,96,0,False,1.0,48.0,0.0,1,1,0,[0. 1.],[2 1],,1,0.6,0.7,0.30000000000000004,[0. 0.]
96,0.0,97,1,False,0.0,49.0,2.0,1,0,1,[0. 1.],[2 1],,1,0.6,0.7,0.30000000000000004,[0. 0.]
97,2.0,98,0,False,1.0,49.0,0.0,1,1,0,[1. 0.],[2 1],,1,0.6,0.7,0.30000000000000004,[0. 0.]
98,0.0,99,1,False,0.0,50.0,2.0,1,0,1,[1. 0.],[2 1],,1,0.6,0.7,0.30000000000000004,[0. 0.]
99,2.0,100,0,False,0.0,50.0,0.0,1,1,0,[1. 1.],[2 1],,1,0.6,0.7,0.30000000000000004,[0. 0.]
100,0.0,101,1,False,0.0,51.0,2.0,1,0,1,[1. 1.],[2 1],,1,0.6,0.7,0.30000000000000004,[0. 0.]
101,2.0,102,0,False,1.0,51.0,0.0,1,1,0,[0. 0.],[2 1],0.0,1,0.6,0.7,0.30000000000000004,[0. 0.]
102,0.0,103,1,False,0.0,52.0,1.0,1,0,1,[0. 0.],[2 1],0.0,1,0.6,0.7,0.30000000000000004,[0. 0.]
103,1.0,104,0,False,0.0,52.0,0.0,1,1,0,[0. 1.],[2 1],1.0,1,0.6,0.7,0.30000000000000004,[0. 0.]
104,0.0,105,1,False,0.0,53.0,2.0,1,0,1,[0. 1.],[2 1],1.0,1,0.6,0.7,0.30000000000000004,[0. 0.]
105,2.0,106,0,False,1.0,53.0,0.0,1,1,0,[0. 1.],[2 1],1.0,1,0.6,0.7,0.30000000000000004,[0. 0.]
106,0.0,107,1,False,0.0,54.0,2.0,1,0,1,[0. 1.],[2 1],1.0,1,0.6,0.7,0.30000000000000004,[0. 0.]
107,2.0,108,0,False,1.0,54.0,0.0,1,1,0,[0. 1.],[2 1],0.0,1,0.6,0.7,0.30000000000000004,[0. 0.]
108,0.0,109,1,False,0.0,55.0,1.0,1,0,1,[0. 1.],[2 1],0.0,1,0.6,0.7,0.30000000000000004,[0. 0.]
109,1.0,110,0,False,1.0,55.0,0.0,1,1,0,[0. 1.],[2 1],,1,0.6,0.7,0.30000000000000004,[0. 0.]
110,0.0,111,1,False,0.0,56.0,2.0,1,0,1,[0. 1.],[2 1],,1,0.6,0.7,0.30000000000000004,[0. 0.]
111,2.0,112,0,False,1.0,56.0,0.0,1,1,0,[0. 0.],[2 1],,1,0.6,0.7,0.30000000000000004,[0. 0.]
112,0.0,113,1,False,0.0,57.0,2.0,1,0,1,[0. 0.],[2 1],,1,0.6,0.7,0.30000000000000004,[0. 0.]
113,2.0,114,0,False,0.0,57.0,0.0,1,1,0,[0. 0.],[2 1],,1,0.6,0.7,0.30000000000000004,[0. 0.]
114,0.0,115,1,False,0.0,58.0,2.0,1,0,1,[0. 0.],[2 1],,1,0.6,0.7,0.30000000000000004,[0. 0.]
115,2.0,116,0,False,0.0,58.0,0.0,1,1,0,[1. 1.],[2 1],0.0,1,0.6,0.7,0.30000000000000004,[0. 0.]
116,0.0,117,1,False,0.0,59.0,1.0,1,0,1,[1. 1.],[2 1],0.0,1,0.6,0.7,0.30000000000000004,[0. 0.]
117,1.0,118,0,False,1.0,59.0,0.0,1,1,0,[0. 1.],[2 1],0.0,1,0.6,0.7,0.30000000000000004,[0. 0.]
118,0.0,119,1,False,0.0,60.0,1.0,1,0,1,[0. 1.],[2 1],0.0,1,0.6,0.7,0.30000000000000004,[0. 0.]
119,1.0,120,0,False,1.0,60.0,0.0,1,1,0,[0. 0.],[2 1],0.0,1,0.6,0.7,0.30000000000000004,[0. 0.]
120,0.0,121,1,False,0.0,61.0,1.0,1,0,1,[0. 0.],[2 1],0.0,1,0.6,0.7,0.30000000000000004,[0. 0.]
121,1.0,122,0,False,0.0,61.0,0.0,1,1,0,[1. 0.],[2 1],,1,0.6,0.7,0.30000000000000004,[0. 0.]
122,0.0,123,1,False,0.0,62.0,2.0,1,0,1,[1. 0.],[2 1],,1,0.6,0.7,0.30000000000000004,[0. 0.]
123,2.0,124,0,False,0.0,62.0,0.0,1,1,0,[0. 1.],[2 1],0.0,1,0.6,0.7,0.30000000000000004,[0. 0.]
124,0.0,125,1,False,0.0,63.0,1.0,1,0,1,[0. 1.],[2 1],0.0,1,0.6,0.7,0.30000000000000004,[0. 0.]
125,1.0,126,0,False,1.0,63.0,0.0,1,1,0,[0. 1.],[2 1],1.0,1,0.6,0.7,0.30000000000000004,[0. 0.]
126,0.0,127,1,False,0.0,64.0,2.0,1,0,1,[0. 1.],[2 1],1.0,1,0.6,0.7,0.30000000000000004,[0. 0.]
127,2.0,128,0,False,1.0,64.0,0.0,1,1,0,[0. 1.],[2 1],0.0,1,0.6,0.7,0.30000000000000004,[0. 0.]
128,0.0,129,1,False,0.0,65.0,1.0,1,0,1,[0. 1.],[2 1],0.0,1,0.6,0.7,0.30000000000000004,[0. 0.]
129,1.0,130,0,False,1.0,65.0,0.0,1,1,0,[0. 1.],[2 1],,1,0.6,0.7,0.30000000000000004,[0. 0.]
130,0.0,131,1,False,0.0,66.0,2.0,1,0,1,[0. 1.],[2 1],,1,0.6,0.7,0.30000000000000004,[0. 0.]
131,2.0,132,0,False,1.0,66.0,0.0,1,1,0,[1. 1.],[1 2],0.0,1,0.6,0.7,0.30000000000000004,[0. 0.]
132,0.0,133,1,False,0.0,67.0,1.0,1,0,1,[1. 1.],[1 2],0.0,1,0.6,0.7,0.30000000000000004,[0. 0.]
133,1.0,134,0,False,1.0,67.0,0.0,1,1,0,[0. 1.],[1 2],,1,0.6,0.7,0.30000000000000004,[0. 0.]
134,0.0,135,1,False,0.0,68.0,1.0,1,0,1,[0. 1.],[1 2],,1,0.6,0.7,0.30000000000000004,[0. 0.]
135,1.0,136,0,False,0.0,68.0,0.0,1,1,0,[0. 1.],[1 2],,1,0.6,0.7,0.30000000000000004,[0. 0.]
136,0.0,137,1,False,0.0,69.0,1.0,1,0,1,[0. 1.],[1 2],,1,0.6,0.7,0.30000000000000004,[0. 0.]
137,1.0,138,0,False,0.0,69.0,0.0,1,1,0,[0. 0.],[1 2],0.0,1,0.6,0.7,0.30000000000000004,[0. 0.]
138,0.0,139,1,False,0.0,70.0,1.0,1,0,2,[0. 0.],[1 2],0.0,1,0.6,0.7,0.30000000000000004,[0. 0.]
139,1.0,140,0,False,0.0,70.0,0.0,1,1,0,[0. 0.],[1 2],0.0,1,0.6,0.7,0.30000000000000004,[0. 0.]
140,0.0,141,1,False,0.0,71.0,1.0,1,0,1,[0. 0.],[1 2],0.0,1,0.6,0.7,0.30000000000000004,[0. 0.]
141,1.0,142,0,False,0.0,71.0,0.0,1,1,0,[1. 1.],[1 2],,1,0.6,0.7,0.30000000000000004,[0. 0.]
142,0.0,143,1,False,0.0,72.0,2.0,1,0,2,[1. 1.],[1 2],,1,0.6,0.7,0.30000000000000004,[0. 0.]
143,2.0,144,0,False,1.0,72.0,0.0,1,1,0,[0. 1.],[1 2],0.0,1,0.6,0.7,0.30000000000000004,[0. 0.]
144,0.0,145,1,False,0.0,73.0,1.0,1,0,2,[0. 1.],[1 2],0.0,1,0.6,0.7,0.30000000000000004,[0. 0.]
145,1.0,146,0,False,1.0,73.0,0.0,1,1,0,[0. 1.],[1 2],0.0,1,0.6,0.7,0.30000000000000004,[0. 0.]
146,0.0,147,1,False,0.0,74.0,1.0,1,0,2,[0. 1.],[1 2],0.0,1,0.6,0.7,0.30000000000000004,[0. 0.]
147,1.0,148,0,False,1.0,74.0,0.0,1,1,0,[0. 1.],[1 2],1.0,1,0.6,0.7,0.30000000000000004,[0. 0.]
148,0.0,149,1,False,0.0,75.0,2.0,1,0,2,[0. 1.],[1 2],1.0,1,0.6,0.7,0.30000000000000004,[0. 0.]
149,2.0,150,0,False,1.0,75.0,0.0,1,1,0,[0. 1.],[1 2],,1,0.6,0.7,0.30000000000000004,[0. 0.]
150,0.0,151,1,False,0.0,76.0,2.0,1,0,2,[0. 1.],[1 2],,1,0.6,0.7,0.30000000000000004,[0. 0.]
151,2.0,152,0,False,1.0,76.0,0.0,1,1,0,[0. 1.],[1 2],0.0,1,0.6,0.7,0.30000000000000004,[0. 0.]
152,0.0,153,1,False,0.0,77.0,1.0,1,0,2,[0. 1.],[1 2],0.0,1,0.6,0.7,0.30000000000000004,[0. 0.]
153,1.0,154,0,False,1.0,77.0,0.0,1,1,0,[0. 0.],[1 2],0.0,1,0.6,0.7,0.30000000000000004,[0. 0.]
154,0.0,155,1,False,0.0,78.0,1.0,1,0,2,[0. 0.],[1 2],0.0,1,0.6,0.7,0.30000000000000004,[0. 0.]
155,1.0,156,0,False,0.0,78.0,0.0,1,1,0,[0. 1.],[1 2],,1,0.6,0.7,0.30000000000000004,[0. 0.]
156,0.0,157,1,False,0.0,79.0,2.0,1,0,2,[0. 1.],[1 2],,1,0.6,0.7,0.30000000000000004,[0. 0.]
157,2.0,158,0,False,1.0,79.0,0.0,1,1,0,[1. 1.],[1 2],1.0,1,0.6,0.7,0.30000000000000004,[0. 0.]
158,0.0,159,1,False,0.0,80.0,2.0,1,0,2,[1. 1.],[1 2],1.0,1,0.6,0.7,0.30000000000000004,[0. 0.]
159,2.0,160,0,False,1.0,80.0,0.0,1,1,0,[0. 1.],[1 2],0.0,1,0.6,0.7,0.30000000000000004,[0. 0.]
160,0.0,161,1,False,0.0,81.0,1.0,1,0,2,[0. 1.],[1 2],0.0,1,0.6,0.7,0.30000000000000004,[0. 0.]
161,1.0,162,0,False,1.0,81.0,0.0,1,1,0,[0. 1.],[1 2],1.0,1,0.6,0.7,0.30000000000000004,[0. 0.]
162,0.0,163,1,False,0.0,82.0,2.0,1,0,2,[0. 1.],[1 2],1.0,1,0.6,0.7,0.30000000000000004,[0. 0.]
163,2.0,164,0,False,1.0,82.0,0.0,1,1,0,[0. 0.],[1 2],,1,0.6,0.7,0.30000000000000004,[0. 0.]
164,0.0,165,1,False,0.0,83.0,2.0,1,0,2,[0. 0.],[1 2],,1,0.6,0.7,0.30000000000000004,[0. 0.]
165,2.0,166,0,False,0.0,83.0,0.0,1,1,0,[1. 0.],[1 2],,1,0.6,0.7,0.30000000000000004,[0. 0.]
166,0.0,167,1,False,0.0,84.0,2.0,1,0,2,[1. 0.],[1 2],,1,0.6,0.7,0.30000000000000004,[0. 0.]
167,2.0,168,0,False,0.0,84.0,0.0,1,1,0,[1. 0.],[1 2],,1,0.6,0.7,0.30000000000000004,[0. 0.]
168,0.0,169,1,False,0.0,85.0,2.0,1,0,2,[1. 0.],[1 2],,1,0.6,0.7,0.30000000000000004,[0. 0.]
169,2.0,170,0,False,0.0,85.0,0.0,1,1,0,[0. 1.],[1 2],1.0,1,0.6,0.7,0.30000000000000004,[0. 0.]
170,0.0,171,1,False,0.0,86.0,2.0,1,0,2,[0. 1.],[1 2],1.0,1,0.6,0.7,0.30000000000000004,[0. 0.]
171,2.0,172,0,False,1.0,86.0,0.0,1,1,0,[0. 1.],[1 2],0.0,1,0.6,0.7,0.30000000000000004,[0. 0.]
172,0.0,173,1,False,0.0,87.0,1.0,1,0,2,[0. 1.],[1 2],0.0,1,0.6,0.7,0.30000000000000004,[0. 0.]
173,1.0,174,0,False,1.0,87.0,0.0,1,1,0,[0. 1.],[1 2],,1,0.6,0.7,0.30000000000000004,[0. 0.]
174,0.0,175,1,False,0.0,88.0,2.0,1,0,2,[0. 1.],[1 2],,1,0.6,0.7,0.30000000000000004,[0. 0.]
175,2.0,176,0,False,1.0,88.0,0.0,1,1,0,[0. 1.],[2 1],0.0,1,0.6,0.7,0.30000000000000004,[0. 0.]
176,0.0,177,1,False,0.0,89.0,1.0,1,0,2,[0. 1.],[2 1],0.0,1,0.6,0.7,0.30000000000000004,[0. 0.]
177,1.0,178,0,False,0.0,89.0,0.0,1,1,0,[0. 1.],[2 1],0.0,1,0.6,0.7,0.30000000000000004,[0. 0.]
178,0.0,179,1,False,0.0,90.0,1.0,1,0,2,[0. 1.],[2 1],0.0,1,0.6,0.7,0.30000000000000004,[0. 0.]
179,1.0,180,0,False,0.0,90.0,0.0,1,1,0,[1. 1.],[2 1],1.0,1,0.6,0.7,0.30000000000000004,[0. 0.]
180,0.0,181,1,False,0.0,91.0,2.0,1,0,1,[1. 1.],[2 1],1.0,1,0.6,0.7,0.30000000000000004,[0. 0.]
181,2.0,182,0,False,1.0,91.0,0.0,1,1,0,[0. 1.],[1 2],1.0,1,0.6,0.7,0.30000000000000004,[0. 0.]
182,0.0,183,1,False,0.0,92.0,2.0,1,0,1,[0. 1.],[1 2],1.0,1,0.6,0.7,0.30000000000000004,[0. 0.]
183,2.0,184,0,False,0.0,92.0,0.0,1,1,0,[0. 1.],[1 2],1.0,1,0.6,0.7,0.30000000000000004,[0. 0.]
184,0.0,185,1,False,0.0,93.0,2.0,1,0,1,[0. 1.],[1 2],1.0,1,0.6,0.7,0.30000000000000004,[0. 0.]
185,2.0,186,0,False,0.0,93.0,0.0,1,1,0,[1. 0.],[1 2],,1,0.6,0.7,0.30000000000000004,[0. 0.]
186,0.0,187,1,False,0.0,94.0,1.0,1,0,1,[1. 0.],[1 2],,1,0.6,0.7,0.30000000000000004,[0. 0.]
187,1.0,188,0,False,1.0,94.0,0.0,1,1,0,[0. 1.],[1 2],,1,0.6,0.7,0.30000000000000004,[0. 0.]
188,0.0,189,1,False,0.0,95.0,1.0,1,0,1,[0. 1.],[1 2],,1,0.6,0.7,0.30000000000000004,[0. 0.]
189,1.0,190,0,False,0.0,95.0,0.0,1,1,0,[1. 1.],[1 2],0.0,1,0.6,0.7,0.30000000000000004,[0. 0.]
190,0.0,191,1,False,0.0,96.0,1.0,1,0,1,[1. 1.],[1 2],0.0,1,0.6,0.7,0.30000000000000004,[0. 0.]
191,1.0,192,0,False,1.0,96.0,0.0,1,1,0,[1. 1.],[1 2],,1,0.6,0.7,0.30000000000000004,[0. 0.]
192,0.0,193,1,False,0.0,97.0,1.0,1,0,1,[1. 1.],[1 2],,1,0.6,0.7,0.30000000000000004,[0. 0.]
193,1.0,194,0,False,1.0,97.0,0.0,1,1,0,[0. 0.],[1 2],1.0,1,0.6,0.7,0.30000000000000004,[0. 0.]
194,0.0,195,1,False,0.0,98.0,2.0,1,0,1,[0. 0.],[1 2],1.0,1,0.6,0.7,0.30000000000000004,[0. 0.]
195,2.0,196,0,False,0.0,98.0,0.0,1,1,0,[0. 1.],[1 2],0.0,1,0.6,0.7,0.30000000000000004,[0. 0.]
196,0.0,197,1,False,0.0,99.0,1.0,1,0,1,[0. 1.],[1 2],0.0,1,0.6,0.7,0.30000000000000004,[0. 0.]
197,1.0,198,0,False,0.0,99.0,0.0,1,1,0,[0. 1.],[1 2],0.0,1,0.6,0.7,0.30000000000000004,[0. 0.]
198,0.0,199,1,False,0.0,100.0,1.0,1,0,2,[0. 1.],[1 2],0.0,1,0.6,0.7,0.30000000000000004,[0. 0.]
199,1.0,200,0,False,1.0,100.0,0.0,1,1,0,[0. 1.],[1 2],,1,0.6,0.7,0.30000000000000004,[0. 0.]
200,0.0,201,1,False,0.0,101.0,2.0,1,0,2,[0. 1.],[1 2],,1,0.6,0.7,0.30000000000000004,[0. 0.]
201,2.0,202,0,False,1.0,101.0,0.0,1,1,0,[1. 1.],[1 2],1.0,1,0.6,0.7,0.30000000000000004,[0. 0.]
202,0.0,203,1,False,0.0,102.0,2.0,1,0,2,[1. 1.],[1 2],1.0,1,0.6,0.7,0.30000000000000004,[0. 0.]
203,2.0,204,0,False,1.0,102.0,0.0,1,1,0,[0. 1.],[1 2],1.0,1,0.6,0.7,0.30000000000000004,[0. 0.]
204,0.0,205,1,False,0.0,103.0,2.0,1,0,2,[0. 1.],[1 2],1.0,1,0.6,0.7,0.30000000000000004,[0. 0.]
205,2.0,206,0,False,1.0,103.0,0.0,1,1,0,[1. 0.],[1 2],0.0,1,0.6,0.7,0.30000000000000004,[0. 0.]
206,0.0,207,1,False,0.0,104.0,1.0,1,0,2,[1. 0.],[1 2],0.0,1,0.6,0.7,0.30000000000000004,[0. 0.]
207,1.0,208,0,False,0.0,104.0,0.0,1,1,0,[1. 1.],[1 2],,1,0.6,0.7,0.30000000000000004,[0. 0.]
208,0.0,209,1,False,0.0,105.0,2.0,1,0,2,[1. 1.],[1 2],,1,0.6,0.7,0.30000000000000004,[0. 0.]
209,2.0,210,0,False,1.0,105.0,0.0,1,1,0,[0. 1.],[1 2],0.0,1,0.6,0.7,0.30000000000000004,[0. 0.]
210,0.0,211,1,False,0.0,106.0,1.0,1,0,2,[0. 1.],[1 2],0.0,1,0.6,0.7,0.30000000000000004,[0. 0.]
211,1.0,212,0,False,1.0,106.0,0.0,1,1,0,[0. 0.],[1 2],1.0,1,0.6,0.7,0.30000000000000004,[0. 0.]
212,0.0,213,1,False,0.0,107.0,2.0,1,0,2,[0. 0.],[1 2],1.0,1,0.6,0.7,0.30000000000000004,[0. 0.]
213,2.0,214,0,False,0.0,107.0,0.0,1,1,0,[0. 1.],[2 1],,1,0.6,0.7,0.30000000000000004,[0. 0.]
214,0.0,215,1,False,0.0,108.0,1.0,1,0,2,[0. 1.],[2 1],,1,0.6,0.7,0.30000000000000004,[0. 0.]
215,1.0,216,0,False,0.0,108.0,0.0,1,1,0,[0. 1.],[2 1],,1,0.6,0.7,0.30000000000000004,[0. 0.]
216,0.0,217,1,False,0.0,109.0,1.0,1,0,2,[0. 1.],[2 1],,1,0.6,0.7,0.30000000000000004,[0. 0.]
217,1.0,218,0,False,0.0,109.0,0.0,1,1,0,[0. 0.],[1 2],,1,0.6,0.7,0.30000000000000004,[0. 0.]
218,0.0,219,1,False,0.0,110.0,1.0,1,0,1,[0. 0.],[1 2],,1,0.6,0.7,0.30000000000000004,[0. 0.]
219,1.0,220,0,False,0.0,110.0,0.0,1,1,0,[0. 0.],[1 2],1.0,1,0.6,0.7,0.30000000000000004,[0. 0.]
220,0.0,221,1,False,0.0,111.0,2.0,1,0,2,[0. 0.],[1 2],1.0,1,0.6,0.7,0.30000000000000004,[0. 0.]
221,2.0,222,0,False,0.0,111.0,0.0,1,1,0,[1. 1.],[1 2],,1,0.6,0.7,0.30000000000000004,[0. 0.]
222,0.0,223,1,False,0.0,112.0,2.0,1,0,2,[1. 1.],[1 2],,1,0.6,0.7,0.30000000000000004,[0. 0.]
223,2.0,224,0,False,1.0,112.0,0.0,1,1,0,[0. 1.],[1 2],,1,0.6,0.7,0.30000000000000004,[0. 0.]
224,0.0,225,1,False,0.0,113.0,2.0,1,0,2,[0. 1.],[1 2],,1,0.6,0.7,0.30000000000000004,[0. 0.]
225,2.0,226,0,False,1.0,113.0,0.0,1,1,0,[1. 0.],[1 2],0.0,1,0.6,0.7,0.30000000000000004,[0. 0.]
226,0.0,227,1,False,0.0,114.0,1.0,1,0,2,[1. 0.],[1 2],0.0,1,0.6,0.7,0.30000000000000004,[0. 0.]
227,1.0,228,0,False,0.0,114.0,0.0,1,1,0,[0. 0.],[1 2],1.0,1,0.6,0.7,0.30000000000000004,[0. 0.]
228,0.0,229,1,False,0.0,115.0,2.0,1,0,2,[0. 0.],[1 2],1.0,1,0.6,0.7,0.30000000000000004,[0. 0.]
229,2.0,230,0,False,0.0,115.0,0.0,1,1,0,[0. 0.],[1 2],1.0,1,0.6,0.7,0.30000000000000004,[0. 0.]
230,0.0,231,1,False,0.0,116.0,2.0,1,0,2,[0. 0.],[1 2],1.0,1,0.6,0.7,0.30000000000000004,[0. 0.]
231,2.0,232,0,False,0.0,116.0,0.0,1,1,0,[1. 1.],[1 2],1.0,1,0.6,0.7,0.30000000000000004,[0. 0.]
232,0.0,233,1,False,0.0,117.0,2.0,1,0,2,[1. 1.],[1 2],1.0,1,0.6,0.7,0.30000000000000004,[0. 0.]
233,2.0,234,0,False,1.0,117.0,0.0,1,1,0,[0. 0.],[1 2],0.0,1,0.6,0.7,0.30000000000000004,[0. 0.]
234,0.0,235,1,False,0.0,118.0,1.0,1,0,2,[0. 0.],[1 2],0.0,1,0.6,0.7,0.30000000000000004,[0. 0.]
235,1.0,236,0,False,0.0,118.0,0.0,1,1,0,[0. 0.],[1 2],0.0,1,0.6,0.7,0.30000000000000004,[0. 0.]
236,0.0,237,1,False,0.0,119.0,1.0,1,0,2,[0. 0.],[1 2],0.0,1,0.6,0.7,0.30000000000000004,[0. 0.]
237,1.0,238,0,False,0.0,119.0,0.0,1,1,0,[0. 1.],[2 1],0.0,1,0.6,0.7,0.30000000000000004,[0. 0.]
238,0.0,239,1,False,0.0,120.0,1.0,1,0,1,[0. 1.],[2 1],0.0,1,0.6,0.7,0.30000000000000004,[0. 0.]
239,1.0,240,0,False,1.0,120.0,0.0,1,1,0,[0. 1.],[2 1],1.0,1,0.6,0.7,0.30000000000000004,[0. 0.]
240,0.0,241,1,False,0.0,121.0,2.0,1,0,1,[0. 1.],[2 1],1.0,1,0.6,0.7,0.30000000000000004,[0. 0.]
241,2.0,242,0,False,1.0,121.0,0.0,1,1,0,[0. 1.],[2 1],0.0,1,0.6,0.7,0.30000000000000004,[0. 0.]
242,0.0,243,1,False,0.0,122.0,1.0,1,0,1,[0. 1.],[2 1],0.0,1,0.6,0.7,0.30000000000000004,[0. 0.]
243,1.0,244,0,False,1.0,122.0,0.0,1,1,0,[0. 1.],[2 1],,1,0.6,0.7,0.30000000000000004,[0. 0.]
244,0.0,245,1,False,0.0,123.0,2.0,1,0,1,[0. 1.],[2 1],,1,0.6,0.7,0.30000000000000004,[0. 0.]
245,2.0,246,0,False,1.0,123.0,0.0,1,1,0,[0. 0.],[2 1],,1,0.6,0.7,0.30000000000000004,[0. 0.]
246,0.0,247,1,False,0.0,124.0,2.0,1,0,1,[0. 0.],[2 1],,1,0.6,0.7,0.30000000000000004,[0. 0.]
247,2.0,248,0,False,0.0,124.0,0.0,1,1,0,[0. 1.],[2 1],,0,0.6,0.7,0.30000000000000004,[0. 0.]
248,0.0,249,1,False,0.0,125.0,2.0,1,0,1,[0. 1.],[2 1],,0,0.6,0.7,0.30000000000000004,[0. 0.]
249,2.0,250,0,False,1.0,125.0,0.0,1,1,0,[1. 0.],[2 1],,0,0.6,0.7,0.30000000000000004,[0. 0.]
250,0.0,251,1,False,0.0,126.0,2.0,1,0,1,[1. 0.],[2 1],,0,0.6,0.7,0.30000000000000004,[0. 0.]
251,2.0,252,0,False,0.0,126.0,0.0,1,1,0,[1. 0.],[2 1],1.0,0,0.6,0.7,0.30000000000000004,[0. 0.]
252,0.0,253,1,False,0.0,127.0,2.0,1,0,1,[1. 0.],[2 1],1.0,0,0.6,0.7,0.30000000000000004,[0. 0.]
253,2.0,254,0,False,0.0,127.0,0.0,1,1,0,[1. 0.],[2 1],,0,0.6,0.7,0.30000000000000004,[0. 0.]
254,0.0,255,1,False,0.0,128.0,2.0,1,0,1,[1. 0.],[2 1],,0,0.6,0.7,0.30000000000000004,[0. 0.]
255,2.0,256,0,False,0.0,128.0,0.0,1,1,0,[1. 0.],[2 1],1.0,0,0.6,0.7,0.30000000000000004,[0. 0.]
256,0.0,257,1,False,0.0,129.0,2.0,1,0,1,[1. 0.],[2 1],1.0,0,0.6,0.7,0.30000000000000004,[0. 0.]
257,2.0,258,0,False,0.0,129.0,0.0,1,1,0,[1. 0.],[2 1],0.0,0,0.6,0.7,0.30000000000000004,[0. 0.]
258,0.0,259,1,False,0.0,130.0,1.0,1,0,1,[1. 0.],[2 1],0.0,0,0.6,0.7,0.30000000000000004,[0. 0.]
259,1.0,260,0,False,0.0,130.0,0.0,1,1,0,[0. 0.],[2 1],1.0,0,0.6,0.7,0.30000000000000004,[0. 0.]
260,0.0,261,1,False,0.0,131.0,2.0,1,0,2,[0. 0.],[2 1],1.0,0,0.6,0.7,0.30000000000000004,[0. 0.]
261,2.0,262,0,False,0.0,131.0,0.0,1,1,0,[1. 1.],[2 1],0.0,0,0.6,0.7,0.30000000000000004,[0. 0.]
262,0.0,263,1,False,0.0,132.0,1.0,1,0,2,[1. 1.],[2 1],0.0,0,0.6,0.7,0.30000000000000004,[0. 0.]
263,1.0,264,0,False,1.0,132.0,0.0,1,1,0,[1. 0.],[2 1],,0,0.6,0.7,0.30000000000000004,[0. 0.]
264,0.0,265,1,False,0.0,133.0,1.0,1,0,2,[1. 0.],[2 1],,0,0.6,0.7,0.30000000000000004,[0. 0.]
265,1.0,266,0,False,1.0,133.0,0.0,1,1,0,[1. 0.],[2 1],,0,0.6,0.7,0.30000000000000004,[0. 0.]
266,0.0,267,1,False,0.0,134.0,1.0,1,0,2,[1. 0.],[2 1],,0,0.6,0.7,0.30000000000000004,[0. 0.]
267,1.0,268,0,False,1.0,134.0,0.0,1,1,0,[1. 1.],[2 1],1.0,0,0.6,0.7,0.30000000000000004,[0. 0.]
268,0.0,269,1,False,0.0,135.0,2.0,1,0,2,[1. 1.],[2 1],1.0,0,0.6,0.7,0.30000000000000004,[0. 0.]
269,2.0,270,0,False,1.0,135.0,0.0,1,1,0,[1. 0.],[2 1],1.0,0,0.6,0.7,0.30000000000000004,[0. 0.]
270,0.0,271,1,False,0.0,136.0,2.0,1,0,2,[1. 0.],[2 1],1.0,0,0.6,0.7,0.30000000000000004,[0. 0.]
271,2.0,272,0,False,1.0,136.0,0.0,1,1,0,[1. 1.],[2 1],,0,0.6,0.7,0.30000000000000004,[0. 0.]
272,0.0,273,1,False,0.0,137.0,1.0,1,0,2,[1. 1.],[2 1],,0,0.6,0.7,0.30000000000000004,[0. 0.]
273,1.0,274,0,False,1.0,137.0,0.0,1,1,0,[1. 0.],[2 1],0.0,0,0.6,0.7,0.30000000000000004,[0. 0.]
274,0.0,275,1,False,0.0,138.0,1.0,1,0,2,[1. 0.],[2 1],0.0,0,0.6,0.7,0.30000000000000004,[0. 0.]
275,1.0,276,0,False,1.0,138.0,0.0,1,1,0,[1. 0.],[2 1],0.0,0,0.6,0.7,0.30000000000000004,[0. 0.]
276,0.0,277,1,False,0.0,139.0,1.0,1,0,2,[1. 0.],[2 1],0.0,0,0.6,0.7,0.30000000000000004,[0. 0.]
277,1.0,278,0,False,1.0,139.0,0.0,1,1,0,[1. 1.],[2 1],0.0,0,0.6,0.7,0.30000000000000004,[0. 0.]
278,0.0,279,1,False,0.0,140.0,1.0,1,0,2,[1. 1.],[2 1],0.0,0,0.6,0.7,0.30000000000000004,[0. 0.]
279,1.0,280,0,False,1.0,140.0,0.0,1,1,0,[1. 0.],[2 1],0.0,0,0.6,0.7,0.30000000000000004,[0. 0.]
280,0.0,281,1,False,0.0,141.0,1.0,1,0,2,[1. 0.],[2 1],0.0,0,0.6,0.7,0.30000000000000004,[0. 0.]
281,1.0,282,0,False,1.0,141.0,0.0,1,1,0,[1. 1.],[2 1],,0,0.6,0.7,0.30000000000000004,[0. 0.]
282,0.0,283,1,False,0.0,142.0,1.0,1,0,2,[1. 1.],[2 1],,0,0.6,0.7,0.30000000000000004,[0. 0.]
283,1.0,284,0,False,1.0,142.0,0.0,1,1,0,[0. 0.],[2 1],1.0,0,0.6,0.7,0.30000000000000004,[0. 0.]
284,0.0,285,1,False,0.0,143.0,2.0,1,0,2,[0. 0.],[2 1],1.0,0,0.6,0.7,0.30000000000000004,[0. 0.]
285,2.0,286,0,False,0.0,143.0,0.0,1,1,0,[1. 0.],[2 1],,0,0.6,0.7,0.30000000000000004,[0. 0.]
286,0.0,287,1,False,0.0,144.0,1.0,1,0,2,[1. 0.],[2 1],,0,0.6,0.7,0.30000000000000004,[0. 0.]
287,1.0,288,0,False,1.0,144.0,0.0,1,1,0,[0. 0.],[2 1],1.0,0,0.6,0.7,0.30000000000000004,[0. 0.]
288,0.0,289,1,False,0.0,145.0,2.0,1,0,2,[0. 0.],[2 1],1.0,0,0.6,0.7,0.30000000000000004,[0. 0.]
289,2.0,290,0,False,0.0,145.0,0.0,1,1,0,[1. 0.],[2 1],,0,0.6,0.7,0.30000000000000004,[0. 0.]
290,0.0,291,1,False,0.0,146.0,1.0,1,0,2,[1. 0.],[2 1],,0,0.6,0.7,0.30000000000000004,[0. 0.]
291,1.0,292,0,False,1.0,146.0,0.0,1,1,0,[0. 0.],[2 1],,0,0.6,0.7,0.30000000000000004,[0. 0.]
292,0.0,293,1,False,0.0,147.0,1.0,1,0,2,[0. 0.],[2 1],,0,0.6,0.7,0.30000000000000004,[0. 0.]
293,1.0,294,0,False,0.0,147.0,0.0,1,1,0,[1. 0.],[2 1],,0,0.6,0.7,0.30000000000000004,[0. 0.]
294,0.0,295,1,False,0.0,148.0,1.0,1,0,2,[1. 0.],[2 1],,0,0.6,0.7,0.30000000000000004,[0. 0.]
295,1.0,296,0,False,1.0,148.0,0.0,1,1,0,[0. 1.],[2 1],1.0,0,0.6,0.7,0.30000000000000004,[0. 0.]
296,0.0,297,1,False,0.0,149.0,2.0,1,0,2,[0. 1.],[2 1],1.0,0,0.6,0.7,0.30000000000000004,[0. 0.]
297,2.0,298,0,False,0.0,149.0,0.0,1,1,0,[1. 0.],[2 1],,0,0.6,0.7,0.30000000000000004,[0. 0.]
298,0.0,299,1,False,0.0,150.0,1.0,1,0,2,[1. 0.],[2 1],,0,0.6,0.7,0.30000000000000004,[0. 0.]
299,1.0,300,0,False,1.0,150.0,0.0,1,1,0,[1. 1.],[2 1],,0,0.6,0.7,0.30000000000000004,[0. 0.]
300,0.0,301,1,False,0.0,151.0,1.0,1,0,2,[1. 1.],[2 1],,0,0.6,0.7,0.30000000000000004,[0. 0.]
301,1.0,302,0,False,1.0,151.0,0.0,1,1,0,[1. 0.],[2 1],0.0,0,0.6,0.7,0.30000000000000004,[0. 0.]
302,0.0,303,1,False,0.0,152.0,1.0,1,0,2,[1. 0.],[2 1],0.0,0,0.6,0.7,0.30000000000000004,[0. 0.]
303,1.0,304,0,False,1.0,152.0,0.0,1,1,0,[0. 0.],[2 1],0.0,0,0.6,0.7,0.30000000000000004,[0. 0.]
304,0.0,305,1,False,0.0,153.0,1.0,1,0,2,[0. 0.],[2 1],0.0,0,0.6,0.7,0.30000000000000004,[0. 0.]
305,1.0,306,0,False,0.0,153.0,0.0,1,1,0,[1. 0.],[2 1],,0,0.6,0.7,0.30000000000000004,[0. 0.]
306,0.0,307,1,False,0.0,154.0,1.0,1,0,2,[1. 0.],[2 1],,0,0.6,0.7,0.30000000000000004,[0. 0.]
307,1.0,308,0,False,1.0,154.0,0.0,1,1,0,[1. 0.],[1 2],1.0,0,0.6,0.7,0.30000000000000004,[0. 0.]
308,0.0,309,1,False,0.0,155.0,2.0,1,0,2,[1. 0.],[1 2],1.0,0,0.6,0.7,0.30000000000000004,[0. 0.]
309,2.0,310,0,False,0.0,155.0,0.0,1,1,0,[1. 0.],[1 2],0.0,0,0.6,0.7,0.30000000000000004,[0. 0.]
310,0.0,311,1,False,0.0,156.0,1.0,1,0,2,[1. 0.],[1 2],0.0,0,0.6,0.7,0.30000000000000004,[0. 0.]
311,1.0,312,0,False,0.0,156.0,0.0,1,1,0,[0. 1.],[1 2],1.0,0,0.6,0.7,0.30000000000000004,[0. 0.]
312,0.0,313,1,False,0.0,157.0,2.0,1,0,1,[0. 1.],[1 2],1.0,0,0.6,0.7,0.30000000000000004,[0. 0.]
313,2.0,314,0,False,0.0,157.0,0.0,1,1,0,[1. 0.],[1 2],,0,0.6,0.7,0.30000000000000004,[0. 0.]
314,0.0,315,1,False,0.0,158.0,2.0,1,0,2,[1. 0.],[1 2],,0,0.6,0.7,0.30000000000000004,[0. 0.]
315,2.0,316,0,False,0.0,158.0,0.0,1,1,0,[1. 1.],[1 2],1.0,0,0.6,0.7,0.30000000000000004,[0. 0.]
316,0.0,317,1,False,0.0,159.0,2.0,1,0,1,[1. 1.],[1 2],1.0,0,0.6,0.7,0.30000000000000004,[0. 0.]
317,2.0,318,0,False,1.0,159.0,0.0,1,1,0,[1. 0.],[1 2],0.0,0,0.6,0.7,0.30000000000000004,[0. 0.]
318,0.0,319,1,False,0.0,160.0,1.0,1,0,1,[1. 0.],[1 2],0.0,0,0.6,0.7,0.30000000000000004,[0. 0.]
319,1.0,320,0,False,1.0,160.0,0.0,1,1,0,[0. 1.],[1 2],,0,0.6,0.7,0.30000000000000004,[0. 0.]
320,0.0,321,1,False,0.0,161.0,1.0,1,0,1,[0. 1.],[1 2],,0,0.6,0.7,0.30000000000000004,[0. 0.]
321,1.0,322,0,False,0.0,161.0,0.0,1,1,0,[1. 1.],[1 2],,0,0.6,0.7,0.30000000000000004,[0. 0.]
322,0.0,323,1,False,0.0,162.0,1.0,1,0,1,[1. 1.],[1 2],,0,0.6,0.7,0.30000000000000004,[0. 0.]
323,1.0,324,0,False,1.0,162.0,0.0,1,1,0,[1. 0.],[1 2],,0,0.6,0.7,0.30000000000000004,[0. 0.]
324,0.0,325,1,False,0.0,163.0,1.0,1,0,1,[1. 0.],[1 2],,0,0.6,0.7,0.30000000000000004,[0. 0.]
325,1.0,326,0,False,1.0,163.0,0.0,1,1,0,[0. 0.],[1 2],1.0,0,0.6,0.7,0.30000000000000004,[0. 0.]
326,0.0,327,1,False,0.0,164.0,2.0,1,0,1,[0. 0.],[1 2],1.0,0,0.6,0.7,0.30000000000000004,[0. 0.]
327,2.0,328,0,False,0.0,164.0,0.0,1,1,0,[1. 0.],[1 2],,0,0.6,0.7,0.30000000000000004,[0. 0.]
328,0.0,329,1,False,0.0,165.0,1.0,1,0,1,[1. 0.],[1 2],,0,0.6,0.7,0.30000000000000004,[0. 0.]
329,1.0,330,0,False,1.0,165.0,0.0,1,1,0,[1. 1.],[1 2],,0,0.6,0.7,0.30000000000000004,[0. 0.]
330,0.0,331,1,False,0.0,166.0,1.0,1,0,1,[1. 1.],[1 2],,0,0.6,0.7,0.30000000000000004,[0. 0.]
331,1.0,332,0,False,1.0,166.0,0.0,1,1,0,[1. 0.],[1 2],,0,0.6,0.7,0.30000000000000004,[0. 0.]
332,0.0,333,1,False,0.0,167.0,1.0,1,0,1,[1. 0.],[1 2],,0,0.6,0.7,0.30000000000000004,[0. 0.]
333,1.0,334,0,False,1.0,167.0,0.0,1,1,0,[1. 0.],[1 2],,0,0.6,0.7,0.30000000000000004,[0. 0.]
334,0.0,335,1,False,0.0,168.0,1.0,1,0,1,[1. 0.],[1 2],,0,0.6,0.7,0.30000000000000004,[0. 0.]
335,1.0,336,0,False,1.0,168.0,0.0,1,1,0,[1. 1.],[1 2],1.0,0,0.6,0.7,0.30000000000000004,[0. 0.]
336,0.0,337,1,False,0.0,169.0,2.0,1,0,1,[1. 1.],[1 2],1.0,0,0.6,0.7,0.30000000000000004,[0. 0.]
337,2.0,338,0,False,1.0,169.0,0.0,1,1,0,[1. 0.],[1 2],0.0,0,0.6,0.7,0.30000000000000004,[0. 0.]
338,0.0,339,1,False,0.0,170.0,1.0,1,0,1,[1. 0.],[1 2],0.0,0,0.6,0.7,0.30000000000000004,[0. 0.]
339,1.0,340,0,False,1.0,170.0,0.0,1,1,0,[1. 1.],[1 2],0.0,0,0.6,0.7,0.30000000000000004,[0. 0.]
340,0.0,341,1,False,0.0,171.0,1.0,1,0,1,[1. 1.],[1 2],0.0,0,0.6,0.7,0.30000000000000004,[0. 0.]
341,1.0,342,0,False,1.0,171.0,0.0,1,1,0,[1. 0.],[1 2],1.0,0,0.6,0.7,0.30000000000000004,[0. 0.]
342,0.0,343,1,False,0.0,172.0,2.0,1,0,1,[1. 0.],[1 2],1.0,0,0.6,0.7,0.30000000000000004,[0. 0.]
343,2.0,344,0,False,1.0,172.0,0.0,1,1,0,[0. 0.],[1 2],1.0,1,0.6,0.7,0.30000000000000004,[0. 0.]
344,0.0,345,1,False,0.0,173.0,2.0,1,0,1,[0. 0.],[1 2],1.0,1,0.6,0.7,0.30000000000000004,[0. 0.]
345,2.0,346,0,False,0.0,173.0,0.0,1,1,0,[0. 1.],[1 2],1.0,1,0.6,0.7,0.30000000000000004,[0. 0.]
346,0.0,347,1,False,0.0,174.0,2.0,1,0,1,[0. 1.],[1 2],1.0,1,0.6,0.7,0.30000000000000004,[0. 0.]
347,2.0,348,0,False,0.0,174.0,0.0,1,1,0,[0. 0.],[1 2],,1,0.6,0.7,0.30000000000000004,[0. 0.]
348,0.0,349,1,False,0.0,175.0,2.0,1,0,2,[0. 0.],[1 2],,1,0.6,0.7,0.30000000000000004,[0. 0.]
349,2.0,350,0,False,0.0,175.0,0.0,1,1,0,[0. 1.],[1 2],0.0,1,0.6,0.7,0.30000000000000004,[0. 0.]
350,0.0,351,1,False,0.0,176.0,1.0,1,0,1,[0. 1.],[1 2],0.0,1,0.6,0.7,0.30000000000000004,[0. 0.]
351,1.0,352,0,False,0.0,176.0,0.0,1,1,0,[0. 0.],[1 2],,1,0.6,0.7,0.30000000000000004,[0. 0.]
352,0.0,353,1,False,0.0,177.0,1.0,1,0,1,[0. 0.],[1 2],,1,0.6,0.7,0.30000000000000004,[0. 0.]
353,1.0,354,0,False,0.0,177.0,0.0,1,1,0,[1. 1.],[1 2],0.0,1,0.6,0.7,0.30000000000000004,[0. 0.]
354,0.0,355,1,False,0.0,178.0,1.0,1,0,1,[1. 1.],[1 2],0.0,1,0.6,0.7,0.30000000000000004,[0. 0.]
355,1.0,356,0,False,1.0,178.0,0.0,1,1,0,[1. 1.],[2 1],0.0,1,0.6,0.7,0.30000000000000004,[0. 0.]
356,0.0,357,1,False,0.0,179.0,1.0,1,0,1,[1. 1.],[2 1],0.0,1,0.6,0.7,0.30000000000000004,[0. 0.]
357,1.0,358,0,False,1.0,179.0,0.0,1,1,0,[0. 1.],[2 1],,1,0.6,0.7,0.30000000000000004,[0. 0.]
358,0.0,359,1,False,0.0,180.0,2.0,1,0,1,[0. 1.],[2 1],,1,0.6,0.7,0.30000000000000004,[0. 0.]
359,2.0,360,0,False,1.0,180.0,0.0,1,1,0,[0. 1.],[2 1],,1,0.6,0.7,0.30000000000000004,[0. 0.]
360,0.0,361,1,False,0.0,181.0,2.0,1,0,1,[0. 1.],[2 1],,1,0.6,0.7,0.30000000000000004,[0. 0.]
361,2.0,362,0,False,1.0,181.0,0.0,1,1,0,[0. 0.],[2 1],0.0,1,0.6,0.7,0.30000000000000004,[0. 0.]
362,0.0,363,1,False,0.0,182.0,1.0,1,0,1,[0. 0.],[2 1],0.0,1,0.6,0.7,0.30000000000000004,[0. 0.]
363,1.0,364,0,False,0.0,182.0,0.0,1,1,0,[0. 0.],[2 1],,1,0.6,0.7,0.30000000000000004,[0. 0.]
364,0.0,365,1,False,0.0,183.0,2.0,1,0,1,[0. 0.],[2 1],,1,0.6,0.7,0.30000000000000004,[0. 0.]
365,2.0,366,0,False,0.0,183.0,0.0,1,1,0,[0. 1.],[2 1],1.0,1,0.6,0.7,0.30000000000000004,[0. 0.]
366,0.0,367,1,False,0.0,184.0,2.0,1,0,2,[0. 1.],[2 1],1.0,1,0.6,0.7,0.30000000000000004,[0. 0.]
367,2.0,368,0,False,0.0,184.0,0.0,1,1,0,[1. 1.],[2 1],,1,0.6,0.7,0.30000000000000004,[0. 0.]
368,0.0,369,1,False,0.0,185.0,2.0,1,0,1,[1. 1.],[2 1],,1,0.6,0.7,0.30000000000000004,[0. 0.]
369,2.0,370,0,False,1.0,185.0,0.0,1,1,0,[0. 1.],[2 1],0.0,1,0.6,0.7,0.30000000000000004,[0. 0.]
370,0.0,371,1,False,0.0,186.0,1.0,1,0,1,[0. 1.],[2 1],0.0,1,0.6,0.7,0.30000000000000004,[0. 0.]
371,1.0,372,0,False,1.0,186.0,0.0,1,1,0,[1. 1.],[2 1],,1,0.6,0.7,0.30000000000000004,[0. 0.]
372,0.0,373,1,False,0.0,187.0,2.0,1,0,1,[1. 1.],[2 1],,1,0.6,0.7,0.30000000000000004,[0. 0.]
373,2.0,374,0,False,1.0,187.0,0.0,1,1,0,[0. 0.],[2 1],,1,0.6,0.7,0.30000000000000004,[0. 0.]
374,0.0,375,1,False,0.0,188.0,2.0,1,0,1,[0. 0.],[2 1],,1,0.6,0.7,0.30000000000000004,[0. 0.]
375,2.0,376,0,False,0.0,188.0,0.0,1,1,0,[0. 0.],[2 1],,1,0.6,0.7,0.30000000000000004,[0. 0.]
376,0.0,377,1,False,0.0,189.0,2.0,1,0,1,[0. 0.],[2 1],,1,0.6,0.7,0.30000000000000004,[0. 0.]
377,2.0,378,0,False,0.0,189.0,0.0,1,1,0,[1. 1.],[2 1],,1,0.6,0.7,0.30000000000000004,[0. 0.]
378,0.0,379,1,False,0.0,190.0,1.0,1,0,2,[1. 1.],[2 1],,1,0.6,0.7,0.30000000000000004,[0. 0.]
379,1.0,380,0,False,1.0,190.0,0.0,1,1,0,[0. 1.],[2 1],1.0,1,0.6,0.7,0.30000000000000004,[0. 0.]
380,0.0,381,1,False,0.0,191.0,2.0,1,0,2,[0. 1.],[2 1],1.0,1,0.6,0.7,0.30000000000000004,[0. 0.]
381,2.0,382,0,False,0.0,191.0,0.0,1,1,0,[1. 1.],[2 1],1.0,1,0.6,0.7,0.30000000000000004,[0. 0.]
382,0.0,383,1,False,0.0,192.0,2.0,1,0,1,[1. 1.],[2 1],1.0,1,0.6,0.7,0.30000000000000004,[0. 0.]
383,2.0,384,0,False,1.0,192.0,0.0,1,1,0,[1. 1.],[2 1],1.0,1,0.6,0.7,0.30000000000000004,[0. 0.]
384,0.0,385,1,False,0.0,193.0,2.0,1,0,1,[1. 1.],[2 1],1.0,1,0.6,0.7,0.30000000000000004,[0. 0.]
385,2.0,386,0,False,1.0,193.0,0.0,1,1,0,[1. 0.],[2 1],,0,0.6,0.7,0.30000000000000004,[0. 0.]
386,0.0,387,1,False,0.0,194.0,2.0,1,0,1,[1. 0.],[2 1],,0,0.6,0.7,0.30000000000000004,[0. 0.]
387,2.0,388,0,False,0.0,194.0,0.0,1,1,0,[1. 1.],[2 1],,0,0.6,0.7,0.30000000000000004,[0. 0.]
388,0.0,389,1,False,0.0,195.0,2.0,1,0,1,[1. 1.],[2 1],,0,0.6,0.7,0.30000000000000004,[0. 0.]
389,2.0,390,0,False,1.0,195.0,0.0,1,1,0,[0. 0.],[2 1],1.0,0,0.6,0.7,0.30000000000000004,[0. 0.]
390,0.0,391,1,False,0.0,196.0,2.0,1,0,1,[0. 0.],[2 1],1.0,0,0.6,0.7,0.30000000000000004,[0. 0.]
391,2.0,392,0,False,0.0,196.0,0.0,1,1,0,[1. 0.],[2 1],0.0,0,0.6,0.7,0.30000000000000004,[0. 0.]
392,0.0,393,1,False,0.0,197.0,1.0,1,0,1,[1. 0.],[2 1],0.0,0,0.6,0.7,0.30000000000000004,[0. 0.]
393,1.0,394,0,False,0.0,197.0,0.0,1,1,0,[1. 0.],[2 1],,0,0.6,0.7,0.30000000000000004,[0. 0.]
394,0.0,395,1,False,0.0,198.0,2.0,1,0,1,[1. 0.],[2 1],,0,0.6,0.7,0.30000000000000004,[0. 0.]
395,2.0,396,0,False,0.0,198.0,0.0,1,1,0,[0. 0.],[2 1],0.0,0,0.6,0.7,0.30000000000000004,[0. 0.]
396,0.0,397,1,False,0.0,199.0,1.0,1,0,2,[0. 0.],[2 1],0.0,0,0.6,0.7,0.30000000000000004,[0. 0.]
397,1.0,398,0,False,0.0,199.0,0.0,1,1,0,[0. 1.],[2 1],1.0,0,0.6,0.7,0.30000000000000004,[0. 0.]
398,0.0,399,1,False,0.0,200.0,2.0,1,0,1,[0. 1.],[2 1],1.0,0,0.6,0.7,0.30000000000000004,[0. 0.]
399,2.0,400,0,False,1.0,200.0,0.0,1,1,0,[1. 0.],[2 1],,0,0.6,0.7,0.30000000000000004,[0. 0.]
400,0.0,401,1,False,0.0,201.0,2.0,1,0,1,[1. 0.],[2 1],,0,0.6,0.7,0.30000000000000004,[0. 0.]
401,2.0,402,0,False,0.0,201.0,0.0,1,1,0,[1. 0.],[2 1],,0,0.6,0.7,0.30000000000000004,[0. 0.]
402,0.0,403,1,False,0.0,202.0,2.0,1,0,1,[1. 0.],[2 1],,0,0.6,0.7,0.30000000000000004,[0. 0.]
403,2.0,404,0,False,0.0,202.0,0.0,1,1,0,[0. 0.],[2 1],1.0,0,0.6,0.7,0.30000000000000004,[0. 0.]
404,0.0,405,1,False,0.0,203.0,2.0,1,0,1,[0. 0.],[2 1],1.0,0,0.6,0.7,0.30000000000000004,[0. 0.]
405,2.0,406,0,False,0.0,203.0,0.0,1,1,0,[0. 0.],[2 1],0.0,0,0.6,0.7,0.30000000000000004,[0. 0.]
406,0.0,407,1,False,0.0,204.0,1.0,1,0,2,[0. 0.],[2 1],0.0,0,0.6,0.7,0.30000000000000004,[0. 0.]
407,1.0,408,0,False,0.0,204.0,0.0,1,1,0,[1. 1.],[1 2],,0,0.6,0.7,0.30000000000000004,[0. 0.]
408,0.0,409,1,False,0.0,205.0,1.0,1,0,1,[1. 1.],[1 2],,0,0.6,0.7,0.30000000000000004,[0. 0.]
409,1.0,410,0,False,1.0,205.0,0.0,1,1,0,[1. 0.],[1 2],,0,0.6,0.7,0.30000000000000004,[0. 0.]
410,0.0,411,1,False,0.0,206.0,1.0,1,0,1,[1. 0.],[1 2],,0,0.6,0.7,0.30000000000000004,[0. 0.]
411,1.0,412,0,False,1.0,206.0,0.0,1,1,0,[1. 0.],[1 2],0.0,0,0.6,0.7,0.30000000000000004,[0. 0.]
412,0.0,413,1,False,0.0,207.0,1.0,1,0,1,[1. 0.],[1 2],0.0,0,0.6,0.7,0.30000000000000004,[0. 0.]
413,1.0,414,0,False,1.0,207.0,0.0,1,1,0,[1. 0.],[1 2],,0,0.6,0.7,0.30000000000000004,[0. 0.]
414,0.0,415,1,False,0.0,208.0,1.0,1,0,1,[1. 0.],[1 2],,0,0.6,0.7,0.30000000000000004,[0. 0.]
415,1.0,416,0,False,1.0,208.0,0.0,1,1,0,[0. 0.],[1 2],,0,0.6,0.7,0.30000000000000004,[0. 0.]
416,0.0,417,1,False,0.0,209.0,1.0,1,0,1,[0. 0.],[1 2],,0,0.6,0.7,0.30000000000000004,[0. 0.]
417,1.0,418,0,False,0.0,209.0,0.0,1,1,0,[1. 0.],[1 2],1.0,0,0.6,0.7,0.30000000000000004,[0. 0.]
418,0.0,419,1,False,0.0,210.0,2.0,1,0,1,[1. 0.],[1 2],1.0,0,0.6,0.7,0.30000000000000004,[0. 0.]
419,2.0,420,0,False,1.0,210.0,0.0,1,1,0,[1. 1.],[1 2],1.0,0,0.6,0.7,0.30000000000000004,[0. 0.]
420,0.0,421,1,False,0.0,211.0,2.0,1,0,1,[1. 1.],[1 2],1.0,0,0.6,0.7,0.30000000000000004,[0. 0.]
421,2.0,422,0,False,1.0,211.0,0.0,1,1,0,[1. 1.],[1 2],,0,0.6,0.7,0.30000000000000004,[0. 0.]
422,0.0,423,1,False,0.0,212.0,1.0,1,0,1,[1. 1.],[1 2],,0,0.6,0.7,0.30000000000000004,[0. 0.]
423,1.0,424,0,False,1.0,212.0,0.0,1,1,0,[1. 0.],[1 2],1.0,0,0.6,0.7,0.30000000000000004,[0. 0.]
424,0.0,425,1,False,0.0,213.0,2.0,1,0,1,[1. 0.],[1 2],1.0,0,0.6,0.7,0.30000000000000004,[0. 0.]
425,2.0,426,0,False,1.0,213.0,0.0,1,1,0,[1. 1.],[1 2],,0,0.6,0.7,0.30000000000000004,[0. 0.]
426,0.0,427,1,False,0.0,214.0,1.0,1,0,1,[1. 1.],[1 2],,0,0.6,0.7,0.30000000000000004,[0. 0.]
427,1.0,428,0,False,1.0,214.0,0.0,1,1,0,[1. 0.],[1 2],1.0,0,0.6,0.7,0.30000000000000004,[0. 0.]
428,0.0,429,1,False,0.0,215.0,2.0,1,0,1,[1. 0.],[1 2],1.0,0,0.6,0.7,0.30000000000000004,[0. 0.]
429,2.0,430,0,False,1.0,215.0,0.0,1,1,0,[1. 0.],[1 2],1.0,0,0.6,0.7,0.30000000000000004,[0. 0.]
430,0.0,431,1,False,0.0,216.0,2.0,1,0,1,[1. 0.],[1 2],1.0,0,0.6,0.7,0.30000000000000004,[0. 0.]
431,2.0,432,0,False,1.0,216.0,0.0,1,1,0,[1. 0.],[1 2],,0,0.6,0.7,0.30000000000000004,[0. 0.]
432,0.0,433,1,False,0.0,217.0,1.0,1,0,1,[1. 0.],[1 2],,0,0.6,0.7,0.30000000000000004,[0. 0.]
433,1.0,434,0,False,1.0,217.0,0.0,1,1,0,[0. 0.],[1 2],0.0,0,0.6,0.7,0.30000000000000004,[0. 0.]
434,0.0,435,1,False,0.0,218.0,1.0,1,0,1,[0. 0.],[1 2],0.0,0,0.6,0.7,0.30000000000000004,[0. 0.]
435,1.0,436,0,False,0.0,218.0,0.0,1,1,0,[0. 0.],[1 2],0.0,0,0.6,0.7,0.30000000000000004,[0. 0.]
436,0.0,437,1,False,0.0,219.0,1.0,1,0,1,[0. 0.],[1 2],0.0,0,0.6,0.7,0.30000000000000004,[0. 0.]
437,1.0,438,0,False,0.0,219.0,0.0,1,1,0,[1. 0.],[1 2],0.0,0,0.6,0.7,0.30000000000000004,[0. 0.]
438,0.0,439,1,False,0.0,220.0,1.0,1,0,2,[1. 0.],[1 2],0.0,0,0.6,0.7,0.30000000000000004,[0. 0.]
439,1.0,440,0,False,0.0,220.0,0.0,1,1,0,[1. 0.],[1 2],,0,0.6,0.7,0.30000000000000004,[0. 0.]
440,0.0,441,1,False,0.0,221.0,1.0,1,0,1,[1. 0.],[1 2],,0,0.6,0.7,0.30000000000000004,[0. 0.]
441,1.0,442,0,False,1.0,221.0,0.0,1,1,0,[0. 0.],[1 2],0.0,0,0.6,0.7,0.30000000000000004,[0. 0.]
442,0.0,443,1,False,0.0,222.0,1.0,1,0,1,[0. 0.],[1 2],0.0,0,0.6,0.7,0.30000000000000004,[0. 0.]
443,1.0,444,0,False,0.0,222.0,0.0,1,1,0,[0. 1.],[1 2],,0,0.6,0.7,0.30000000000000004,[0. 0.]
444,0.0,445,1,False,0.0,223.0,1.0,1,0,1,[0. 1.],[1 2],,0,0.6,0.7,0.30000000000000004,[0. 0.]
445,1.0,446,0,False,0.0,223.0,0.0,1,1,0,[0. 1.],[1 2],,0,0.6,0.7,0.30000000000000004,[0. 0.]
446,0.0,447,1,False,0.0,224.0,2.0,1,0,2,[0. 1.],[1 2],,0,0.6,0.7,0.30000000000000004,[0. 0.]
447,2.0,448,0,False,1.0,224.0,0.0,1,1,0,[1. 1.],[1 2],,0,0.6,0.7,0.30000000000000004,[0. 0.]
448,0.0,449,1,False,0.0,225.0,2.0,1,0,2,[1. 1.],[1 2],,0,0.6,0.7,0.30000000000000004,[0. 0.]
449,2.0,450,0,False,1.0,225.0,0.0,1,1,0,[1. 0.],[1 2],,0,0.6,0.7,0.30000000000000004,[0. 0.]
450,0.0,451,1,False,0.0,226.0,2.0,1,0,2,[1. 0.],[1 2],,0,0.6,0.7,0.30000000000000004,[0. 0.]
451,2.0,452,0,False,0.0,226.0,0.0,1,1,0,[1. 0.],[1 2],,0,0.6,0.7,0.30000000000000004,[0. 0.]
452,0.0,453,1,False,0.0,227.0,2.0,1,0,2,[1. 0.],[1 2],,0,0.6,0.7,0.30000000000000004,[0. 0.]
453,2.0,454,0,False,0.0,227.0,0.0,1,1,0,[1. 0.],[1 2],,0,0.6,0.7,0.30000000000000004,[0. 0.]
454,0.0,455,1,False,0.0,228.0,2.0,1,0,2,[1. 0.],[1 2],,0,0.6,0.7,0.30000000000000004,[0. 0.]
455,2.0,456,0,False,0.0,228.0,0.0,1,1,0,[1. 0.],[1 2],0.0,0,0.6,0.7,0.30000000000000004,[0. 0.]
456,0.0,457,1,False,0.0,229.0,1.0,1,0,2,[1. 0.],[1 2],0.0,0,0.6,0.7,0.30000000000000004,[0. 0.]
457,1.0,458,0,False,0.0,229.0,0.0,1,1,0,[1. 0.],[1 2],1.0,0,0.6,0.7,0.30000000000000004,[0. 0.]
458,0.0,459,1,False,0.0,230.0,2.0,1,0,1,[1. 0.],[1 2],1.0,0,0.6,0.7,0.30000000000000004,[0. 0.]
459,2.0,460,0,False,1.0,230.0,0.0,1,1,0,[0. 0.],[1 2],,0,0.6,0.7,0.30000000000000004,[0. 0.]
460,0.0,461,1,False,0.0,231.0,1.0,1,0,1,[0. 0.],[1 2],,0,0.6,0.7,0.30000000000000004,[0. 0.]
461,1.0,462,0,False,0.0,231.0,0.0,1,1,0,[0. 1.],[1 2],,0,0.6,0.7,0.30000000000000004,[0. 0.]
462,0.0,463,1,False,0.0,232.0,1.0,1,0,1,[0. 1.],[1 2],,0,0.6,0.7,0.30000000000000004,[0. 0.]
463,1.0,464,0,False,0.0,232.0,0.0,1,1,0,[0. 1.],[1 2],0.0,0,0.6,0.7,0.30000000000000004,[0. 0.]
464,0.0,465,1,False,0.0,233.0,1.0,1,0,2,[0. 1.],[1 2],0.0,0,0.6,0.7,0.30000000000000004,[0. 0.]
465,1.0,466,0,False,1.0,233.0,0.0,1,1,0,[1. 1.],[1 2],,0,0.6,0.7,0.30000000000000004,[0. 0.]
466,0.0,467,1,False,0.0,234.0,2.0,1,0,2,[1. 1.],[1 2],,0,0.6,0.7,0.30000000000000004,[0. 0.]
467,2.0,468,0,False,1.0,234.0,0.0,1,1,0,[1. 1.],[1 2],1.0,0,0.6,0.7,0.30000000000000004,[0. 0.]
468,0.0,469,1,False,0.0,235.0,2.0,1,0,2,[1. 1.],[1 2],1.0,0,0.6,0.7,0.30000000000000004,[0. 0.]
469,2.0,470,0,False,1.0,235.0,0.0,1,1,0,[1. 0.],[1 2],,0,0.6,0.7,0.30000000000000004,[0. 0.]
470,0.0,471,1,False,0.0,236.0,2.0,1,0,2,[1. 0.],[1 2],,0,0.6,0.7,0.30000000000000004,[0. 0.]
471,2.0,472,0,False,0.0,236.0,0.0,1,1,0,[1. 1.],[1 2],,0,0.6,0.7,0.30000000000000004,[0. 0.]
472,0.0,473,1,False,0.0,237.0,2.0,1,0,2,[1. 1.],[1 2],,0,0.6,0.7,0.30000000000000004,[0. 0.]
473,2.0,474,0,False,1.0,237.0,0.0,1,1,0,[0. 0.],[1 2],,0,0.6,0.7,0.30000000000000004,[0. 0.]
474,0.0,475,1,False,0.0,238.0,2.0,1,0,2,[0. 0.],[1 2],,0,0.6,0.7,0.30000000000000004,[0. 0.]
475,2.0,476,0,False,0.0,238.0,0.0,1,1,0,[1. 1.],[1 2],1.0,0,0.6,0.7,0.30000000000000004,[0. 0.]
476,0.0,477,1,False,0.0,239.0,2.0,1,0,2,[1. 1.],[1 2],1.0,0,0.6,0.7,0.30000000000000004,[0. 0.]
477,2.0,478,0,False,1.0,239.0,0.0,1,1,0,[0. 0.],[1 2],,0,0.6,0.7,0.30000000000000004,[0. 0.]
478,0.0,479,1,False,0.0,240.0,2.0,1,0,2,[0. 0.],[1 2],,0,0.6,0.7,0.30000000000000004,[0. 0.]
479,2.0,480,0,False,0.0,240.0,0.0,1,1,0,[0. 0.],[1 2],0.0,0,0.6,0.7,0.30000000000000004,[0. 0.]
480,0.0,481,1,False,0.0,241.0,1.0,1,0,2,[0. 0.],[1 2],0.0,0,0.6,0.7,0.30000000000000004,[0. 0.]
481,1.0,482,0,False,0.0,241.0,0.0,1,1,0,[0. 0.],[1 2],1.0,0,0.6,0.7,0.30000000000000004,[0. 0.]
482,0.0,483,1,False,0.0,242.0,2.0,1,0,2,[0. 0.],[1 2],1.0,0,0.6,0.7,0.30000000000000004,[0. 0.]
483,2.0,484,0,False,0.0,242.0,0.0,1,1,0,[1. 1.],[1 2],1.0,0,0.6,0.7,0.30000000000000004,[0. 0.]
484,0.0,485,1,False,0.0,243.0,2.0,1,0,2,[1. 1.],[1 2],1.0,0,0.6,0.7,0.30000000000000004,[0. 0.]
485,2.0,486,0,False,1.0,243.0,0.0,1,1,0,[1. 1.],[1 2],,0,0.6,0.7,0.30000000000000004,[0. 0.]
486,0.0,487,1,False,0.0,244.0,2.0,1,0,2,[1. 1.],[1 2],,0,0.6,0.7,0.30000000000000004,[0. 0.]
487,2.0,488,0,False,1.0,244.0,0.0,1,1,0,[0. 0.],[1 2],,0,0.6,0.7,0.30000000000000004,[0. 0.]
488,0.0,489,1,False,0.0,245.0,2.0,1,0,2,[0. 0.],[1 2],,0,0.6,0.7,0.30000000000000004,[0. 0.]
489,2.0,490,0,False,0.0,245.0,0.0,1,1,0,[0. 0.],[1 2],0.0,0,0.6,0.7,0.30000000000000004,[0. 0.]
490,0.0,491,1,False,0.0,246.0,1.0,1,0,2,[0. 0.],[1 2],0.0,0,0.6,0.7,0.30000000000000004,[0. 0.]
491,1.0,492,0,False,0.0,246.0,0.0,1,1,0,[0. 0.],[1 2],,0,0.6,0.7,0.30000000000000004,[0. 0.]
492,0.0,493,1,False,0.0,247.0,2.0,1,0,2,[0. 0.],[1 2],,0,0.6,0.7,0.30000000000000004,[0. 0.]
493,2.0,494,0,False,0.0,247.0,0.0,1,1,0,[1. 1.],[1 2],0.0,0,0.6,0.7,0.30000000000000004,[0. 0.]
494,0.0,495,1,False,0.0,248.0,1.0,1,0,2,[1. 1.],[1 2],0.0,0,0.6,0.7,0.30000000000000004,[0. 0.]
495,1.0,496,0,False,1.0,248.0,0.0,1,1,0,[1. 0.],[1 2],1.0,0,0.6,0.7,0.30000000000000004,[0. 0.]
496,0.0,497,1,False,0.0,249.0,2.0,1,0,2,[1. 0.],[1 2],1.0,0,0.6,0.7,0.30000000000000004,[0. 0.]
497,2.0,498,0,False,0.0,249.0,0.0,1,1,0,[1. 0.],[1 2],,0,0.6,0.7,0.30000000000000004,[0. 0.]
498,0.0,499,1,False,0.0,250.0,2.0,1,0,2,[1. 0.],[1 2],,0,0.6,0.7,0.30000000000000004,[0. 0.]
499,2.0,500,0,False,0.0,250.0,0.0,1,1,0,[1. 0.],[1 2],0.0,0,0.6,0.7,0.30000000000000004,[0. 0.]
500,0.0,501,1,False,0.0,251.0,1.0,1,0,2,[1. 0.],[1 2],0.0,0,0.6,0.7,0.30000000000000004,[0. 0.]
501,1.0,502,0,False,0.0,251.0,0.0,1,1,0,[1. 0.],[1 2],1.0,0,0.6,0.7,0.30000000000000004,[0. 0.]
502,0.0,503,1,False,0.0,252.0,2.0,1,0,1,[1. 0.],[1 2],1.0,0,0.6,0.7,0.30000000000000004,[0. 0.]
503,2.0,504,0,False,1.0,252.0,0.0,1,1,0,[0. 0.],[1 2],1.0,0,0.6,0.7,0.30000000000000004,[0. 0.]
504,0.0,505,1,False,0.0,253.0,2.0,1,0,1,[0. 0.],[1 2],1.0,0,0.6,0.7,0.30000000000000004,[0. 0.]
505,2.0,506,0,False,0.0,253.0,0.0,1,1,0,[0. 1.],[1 2],0.0,0,0.6,0.7,0.30000000000000004,[0. 0.]
506,0.0,507,1,False,0.0,254.0,1.0,1,0,1,[0. 1.],[1 2],0.0,0,0.6,0.7,0.30000000000000004,[0. 0.]
507,1.0,508,0,False,0.0,254.0,0.0,1,1,0,[1. 0.],[1 2],0.0,0,0.6,0.7,0.30000000000000004,[0. 0.]
508,0.0,509,1,False,0.0,255.0,1.0,1,0,1,[1. 0.],[1 2],0.0,0,0.6,0.7,0.30000000000000004,[0. 0.]
509,1.0,510,0,False,1.0,255.0,0.0,1,1,0,[1. 0.],[1 2],,0,0.6,0.7,0.30000000000000004,[0. 0.]
510,0.0,511,1,False,0.0,256.0,1.0,1,0,1,[1. 0.],[1 2],,0,0.6,0.7,0.30000000000000004,[0. 0.]
511,1.0,512,0,False,1.0,256.0,0.0,1,1,0,[0. 0.],[1 2],0.0,0,0.6,0.7,0.30000000000000004,[0. 0.]
512,0.0,513,1,False,0.0,257.0,1.0,1,0,1,[0. 0.],[1 2],0.0,0,0.6,0.7,0.30000000000000004,[0. 0.]
513,1.0,514,0,False,0.0,257.0,0.0,1,1,0,[1. 0.],[1 2],0.0,0,0.6,0.7,0.30000000000000004,[0. 0.]
514,0.0,515,1,False,0.0,258.0,1.0,1,0,1,[1. 0.],[1 2],0.0,0,0.6,0.7,0.30000000000000004,[0. 0.]
515,1.0,516,0,False,1.0,258.0,0.0,1,1,0,[0. 0.],[1 2],,0,0.6,0.7,0.30000000000000004,[0. 0.]
516,0.0,517,1,False,0.0,259.0,1.0,1,0,1,[0. 0.],[1 2],,0,0.6,0.7,0.30000000000000004,[0. 0.]
517,1.0,518,0,False,0.0,259.0,0.0,1,1,0,[1. 0.],[1 2],,0,0.6,0.7,0.30000000000000004,[0. 0.]
518,0.0,519,1,False,0.0,260.0,1.0,1,0,1,[1. 0.],[1 2],,0,0.6,0.7,0.30000000000000004,[0. 0.]
519,1.0,520,0,False,1.0,260.0,0.0,1,1,0,[1. 0.],[1 2],0.0,0,0.6,0.7,0.30000000000000004,[0. 0.]
520,0.0,521,1,False,0.0,261.0,1.0,1,0,1,[1. 0.],[1 2],0.0,0,0.6,0.7,0.30000000000000004,[0. 0.]
521,1.0,522,0,False,1.0,261.0,0.0,1,1,0,[1. 0.],[1 2],0.0,0,0.6,0.7,0.30000000000000004,[0. 0.]
522,0.0,523,1,False,0.0,262.0,1.0,1,0,1,[1. 0.],[1 2],0.0,0,0.6,0.7,0.30000000000000004,[0. 0.]
523,1.0,524,0,False,1.0,262.0,0.0,1,1,0,[1. 0.],[1 2],1.0,0,0.6,0.7,0.30000000000000004,[0. 0.]
524,0.0,525,1,False,0.0,263.0,2.0,1,0,1,[1. 0.],[1 2],1.0,0,0.6,0.7,0.30000000000000004,[0. 0.]
525,2.0,526,0,False,1.0,263.0,0.0,1,1,0,[1. 0.],[1 2],1.0,0,0.6,0.7,0.30000000000000004,[0. 0.]
526,0.0,527,1,False,0.0,264.0,2.0,1,0,1,[1. 0.],[1 2],1.0,0,0.6,0.7,0.30000000000000004,[0. 0.]
527,2.0,528,0,False,1.0,264.0,0.0,1,1,0,[1. 0.],[1 2],,0,0.6,0.7,0.30000000000000004,[0. 0.]
528,0.0,529,1,False,0.0,265.0,1.0,1,0,1,[1. 0.],[1 2],,0,0.6,0.7,0.30000000000000004,[0. 0.]
529,1.0,530,0,False,1.0,265.0,0.0,1,1,0,[0. 0.],[1 2],,0,0.6,0.7,0.30000000000000004,[0. 0.]
530,0.0,531,1,False,0.0,266.0,1.0,1,0,1,[0. 0.],[1 2],,0,0.6,0.7,0.30000000000000004,[0. 0.]
531,1.0,532,0,False,0.0,266.0,0.0,1,1,0,[0. 0.],[1 2],1.0,0,0.6,0.7,0.30000000000000004,[0. 0.]
532,0.0,533,1,False,0.0,267.0,2.0,1,0,1,[0. 0.],[1 2],1.0,0,0.6,0.7,0.30000000000000004,[0. 0.]
533,2.0,534,0,False,0.0,267.0,0.0,1,1,0,[0. 0.],[1 2],1.0,0,0.6,0.7,0.30000000000000004,[0. 0.]
534,0.0,535,1,False,0.0,268.0,2.0,1,0,1,[0. 0.],[1 2],1.0,0,0.6,0.7,0.30000000000000004,[0. 0.]
535,2.0,536,0,False,0.0,268.0,0.0,1,1,0,[1. 0.],[1 2],1.0,0,0.6,0.7,0.30000000000000004,[0. 0.]
536,0.0,537,1,False,0.0,269.0,2.0,1,0,2,[1. 0.],[1 2],1.0,0,0.6,0.7,0.30000000000000004,[0. 0.]
537,2.0,538,0,False,0.0,269.0,0.0,1,1,0,[0. 1.],[1 2],,0,0.6,0.7,0.30000000000000004,[0. 0.]
538,0.0,539,1,False,0.0,270.0,1.0,1,0,1,[0. 1.],[1 2],,0,0.6,0.7,0.30000000000000004,[0. 0.]
539,1.0,540,0,False,0.0,270.0,0.0,1,1,0,[1. 0.],[1 2],0.0,0,0.6,0.7,0.30000000000000004,[0. 0.]
540,0.0,541,1,False,0.0,271.0,1.0,1,0,2,[1. 0.],[1 2],0.0,0,0.6,0.7,0.30000000000000004,[0. 0.]
541,1.0,542,0,False,0.0,271.0,0.0,1,1,0,[1. 0.],[1 2],1.0,0,0.6,0.7,0.30000000000000004,[0. 0.]
542,0.0,543,1,False,0.0,272.0,2.0,1,0,1,[1. 0.],[1 2],1.0,0,0.6,0.7,0.30000000000000004,[0. 0.]
543,2.0,544,0,False,1.0,272.0,0.0,1,1,0,[1. 0.],[1 2],1.0,0,0.6,0.7,0.30000000000000004,[0. 0.]
544,0.0,545,1,False,0.0,273.0,2.0,1,0,1,[1. 0.],[1 2],1.0,0,0.6,0.7,0.30000000000000004,[0. 0.]
545,2.0,546,0,False,1.0,273.0,0.0,1,1,0,[1. 0.],[1 2],,0,0.6,0.7,0.30000000000000004,[0. 0.]
546,0.0,547,1,False,0.0,274.0,1.0,1,0,1,[1. 0.],[1 2],,0,0.6,0.7,0.30000000000000004,[0. 0.]
547,1.0,548,0,False,1.0,274.0,0.0,1,1,0,[0. 0.],[1 2],,1,0.6,0.7,0.30000000000000004,[0. 0.]
548,0.0,549,1,False,0.0,275.0,1.0,1,0,1,[0. 0.],[1 2],,1,0.6,0.7,0.30000000000000004,[0. 0.]
549,1.0,550,0,False,0.0,275.0,0.0,1,1,0,[0. 1.],[1 2],1.0,1,0.6,0.7,0.30000000000000004,[0. 0.]
550,0.0,551,1,False,0.0,276.0,2.0,1,0,1,[0. 1.],[1 2],1.0,1,0.6,0.7,0.30000000000000004,[0. 0.]
551,2.0,552,0,False,0.0,276.0,0.0,1,1,0,[0. 1.],[1 2],1.0,1,0.6,0.7,0.30000000000000004,[0. 0.]
552,0.0,553,1,False,0.0,277.0,2.0,1,0,1,[0. 1.],[1 2],1.0,1,0.6,0.7,0.30000000000000004,[0. 0.]
553,2.0,554,0,False,0.0,277.0,0.0,1,1,0,[1. 1.],[1 2],1.0,1,0.6,0.7,0.30000000000000004,[0. 0.]
554,0.0,555,1,False,0.0,278.0,2.0,1,0,1,[1. 1.],[1 2],1.0,1,0.6,0.7,0.30000000000000004,[0. 0.]
555,2.0,556,0,False,1.0,278.0,0.0,1,1,0,[1. 1.],[1 2],0.0,1,0.6,0.7,0.30000000000000004,[0. 0.]
556,0.0,557,1,False,0.0,279.0,1.0,1,0,1,[1. 1.],[1 2],0.0,1,0.6,0.7,0.30000000000000004,[0. 0.]
557,1.0,558,0,False,1.0,279.0,0.0,1,1,0,[0. 1.],[1 2],,1,0.6,0.7,0.30000000000000004,[0. 0.]
558,0.0,559,1,False,0.0,280.0,1.0,1,0,1,[0. 1.],[1 2],,1,0.6,0.7,0.30000000000000004,[0. 0.]
559,1.0,560,0,False,0.0,280.0,0.0,1,1,0,[0. 0.],[1 2],0.0,1,0.6,0.7,0.30000000000000004,[0. 0.]
560,0.0,561,1,False,0.0,281.0,1.0,1,0,1,[0. 0.],[1 2],0.0,1,0.6,0.7,0.30000000000000004,[0. 0.]
561,1.0,562,0,False,0.0,281.0,0.0,1,1,0,[1. 1.],[1 2],0.0,1,0.6,0.7,0.30000000000000004,[0. 0.]
562,0.0,563,1,False,0.0,282.0,1.0,1,0,2,[1. 1.],[1 2],0.0,1,0.6,0.7,0.30000000000000004,[0. 0.]
563,1.0,564,0,False,1.0,282.0,0.0,1,1,0,[1. 1.],[1 2],,0,0.6,0.7,0.30000000000000004,[0. 0.]
564,0.0,565,1,False,0.0,283.0,2.0,1,0,2,[1. 1.],[1 2],,0,0.6,0.7,0.30000000000000004,[0. 0.]
565,2.0,566,0,False,1.0,283.0,0.0,1,1,0,[1. 0.],[1 2],1.0,0,0.6,0.7,0.30000000000000004,[0. 0.]
566,0.0,567,1,False,0.0,284.0,2.0,1,0,2,[1. 0.],[1 2],1.0,0,0.6,0.7,0.30000000000000004,[0. 0.]
567,2.0,568,0,False,0.0,284.0,0.0,1,1,0,[1. 0.],[1 2],,0,0.6,0.7,0.30000000000000004,[0. 0.]
568,0.0,569,1,False,0.0,285.0,2.0,1,0,2,[1. 0.],[1 2],,0,0.6,0.7,0.30000000000000004,[0. 0.]
569,2.0,570,0,False,0.0,285.0,0.0,1,1,0,[0. 1.],[1 2],,0,0.6,0.7,0.30000000000000004,[0. 0.]
570,0.0,571,1,False,0.0,286.0,2.0,1,0,2,[0. 1.],[1 2],,0,0.6,0.7,0.30000000000000004,[0. 0.]
571,2.0,572,0,False,1.0,286.0,0.0,1,1,0,[1. 0.],[1 2],1.0,0,0.6,0.7,0.30000000000000004,[0. 0.]
572,0.0,573,1,False,0.0,287.0,2.0,1,0,2,[1. 0.],[1 2],1.0,0,0.6,0.7,0.30000000000000004,[0. 0.]
573,2.0,574,0,False,0.0,287.0,0.0,1,1,0,[1. 1.],[1 2],,0,0.6,0.7,0.30000000000000004,[0. 0.]
574,0.0,575,1,False,0.0,288.0,2.0,1,0,2,[1. 1.],[1 2],,0,0.6,0.7,0.30000000000000004,[0. 0.]
575,2.0,576,0,False,1.0,288.0,0.0,1,1,0,[0. 0.],[1 2],,0,0.6,0.7,0.30000000000000004,[0. 0.]
576,0.0,577,1,False,0.0,289.0,2.0,1,0,2,[0. 0.],[1 2],,0,0.6,0.7,0.30000000000000004,[0. 0.]
577,2.0,578,0,False,0.0,289.0,0.0,1,1,0,[1. 0.],[1 2],0.0,0,0.6,0.7,0.30000000000000004,[0. 0.]
578,0.0,579,1,False,0.0,290.0,1.0,1,0,2,[1. 0.],[1 2],0.0,0,0.6,0.7,0.30000000000000004,[0. 0.]
579,1.0,580,0,False,0.0,290.0,0.0,1,1,0,[1. 0.],[1 2],0.0,0,0.6,0.7,0.30000000000000004,[0. 0.]
580,0.0,581,1,False,0.0,291.0,1.0,1,0,2,[1. 0.],[1 2],0.0,0,0.6,0.7,0.30000000000000004,[0. 0.]
581,1.0,582,0,False,0.0,291.0,0.0,1,1,0,[1. 0.],[1 2],,0,0.6,0.7,0.30000000000000004,[0. 0.]
582,0.0,583,1,False,0.0,292.0,1.0,1,0,1,[1. 0.],[1 2],,0,0.6,0.7,0.30000000000000004,[0. 0.]
583,1.0,584,0,False,1.0,292.0,0.0,1,1,0,[0. 1.],[1 2],,0,0.6,0.7,0.30000000000000004,[0. 0.]
584,0.0,585,1,False,0.0,293.0,1.0,1,0,1,[0. 1.],[1 2],,0,0.6,0.7,0.30000000000000004,[0. 0.]
585,1.0,586,0,False,0.0,293.0,0.0,1,1,0,[0. 0.],[1 2],,0,0.6,0.7,0.30000000000000004,[0. 0.]
586,0.0,587,1,False,0.0,294.0,1.0,1,0,1,[0. 0.],[1 2],,0,0.6,0.7,0.30000000000000004,[0. 0.]
587,1.0,588,0,False,0.0,294.0,0.0,1,1,0,[1. 0.],[1 2],0.0,0,0.6,0.7,0.30000000000000004,[0. 0.]
588,0.0,589,1,False,0.0,295.0,1.0,1,0,2,[1. 0.],[1 2],0.0,0,0.6,0.7,0.30000000000000004,[0. 0.]
589,1.0,590,0,False,0.0,295.0,0.0,1,1,0,[1. 0.],[1 2],1.0,0,0.6,0.7,0.30000000000000004,[0. 0.]
590,0.0,591,1,False,0.0,296.0,2.0,1,0,1,[1. 0.],[1 2],1.0,0,0.6,0.7,0.30000000000000004,[0. 0.]
591,2.0,592,0,False,1.0,296.0,0.0,1,1,0,[0. 0.],[1 2],,0,0.6,0.7,0.30000000000000004,[0. 0.]
592,0.0,593,1,False,0.0,297.0,1.0,1,0,1,[0. 0.],[1 2],,0,0.6,0.7,0.30000000000000004,[0. 0.]
593,1.0,594,0,False,0.0,297.0,0.0,1,1,0,[1. 1.],[1 2],0.0,0,0.6,0.7,0.30000000000000004,[0. 0.]
594,0.0,595,1,False,0.0,298.0,1.0,1,0,1,[1. 1.],[1 2],0.0,0,0.6,0.7,0.30000000000000004,[0. 0.]
595,1.0,596,0,False,1.0,298.0,0.0,1,1,0,[1. 1.],[1 2],,0,0.6,0.7,0.30000000000000004,[0. 0.]
596,0.0,597,1,False,0.0,299.0,1.0,1,0,1,[1. 1.],[1 2],,0,0.6,0.7,0.30000000000000004,[0. 0.]
597,1.0,598,0,False,1.0,299.0,0.0,1,1,0,[0. 0.],[1 2],,0,0.6,0.7,0.30000000000000004,[0. 0.]
598,0.0,599,1,False,0.0,300.0,1.0,1,0,1,[0. 0.],[1 2],,0,0.6,0.7,0.30000000000000004,[0. 0.]
599,1.0,600,0,False,0.0,300.0,0.0,1,1,0,[1. 0.],[1 2],0.0,0,0.6,0.7,0.30000000000000004,[0. 0.]
600,0.0,601,1,False,0.0,301.0,1.0,1,0,1,[1. 0.],[1 2],0.0,0,0.6,0.7,0.30000000000000004,[0. 0.]
601,1.0,602,0,False,1.0,301.0,0.0,1,1,0,[1. 0.],[2 1],0.0,0,0.6,0.7,0.30000000000000004,[0. 0.]
602,0.0,603,1,False,0.0,302.0,1.0,1,0,1,[1. 0.],[2 1],0.0,0,0.6,0.7,0.30000000000000004,[0. 0.]
603,1.0,604,0,False,0.0,302.0,0.0,1,1,0,[1. 0.],[2 1],1.0,0,0.6,0.7,0.30000000000000004,[0. 0.]
604,0.0,605,1,False,0.0,303.0,2.0,1,0,1,[1. 0.],[2 1],1.0,0,0.6,0.7,0.30000000000000004,[0. 0.]
605,2.0,606,0,False,0.0,303.0,0.0,1,1,0,[1. 0.],[1 2],,0,0.6,0.7,0.30000000000000004,[0. 0.]
606,0.0,607,1,False,0.0,304.0,2.0,1,0,2,[1. 0.],[1 2],,0,0.6,0.7,0.30000000000000004,[0. 0.]
607,2.0,608,0,False,0.0,304.0,0.0,1,1,0,[0. 0.],[1 2],,0,0.6,0.7,0.30000000000000004,[0. 0.]
608,0.0,609,1,False,0.0,305.0,1.0,1,0,1,[0. 0.],[1 2],,0,0.6,0.7,0.30000000000000004,[0. 0.]
609,1.0,610,0,False,0.0,305.0,0.0,1,1,0,[1. 0.],[1 2],0.0,0,0.6,0.7,0.30000000000000004,[0. 0.]
610,0.0,611,1,False,0.0,306.0,1.0,1,0,2,[1. 0.],[1 2],0.0,0,0.6,0.7,0.30000000000000004,[0. 0.]
611,1.0,612,0,False,0.0,306.0,0.0,1,1,0,[0. 1.],[1 2],1.0,0,0.6,0.7,0.30000000000000004,[0. 0.]
612,0.0,613,1,False,0.0,307.0,2.0,1,0,1,[0. 1.],[1 2],1.0,0,0.6,0.7,0.30000000000000004,[0. 0.]
613,2.0,614,0,False,0.0,307.0,0.0,1,1,0,[0. 0.],[1 2],,0,0.6,0.7,0.30000000000000004,[0. 0.]
614,0.0,615,1,False,0.0,308.0,1.0,1,0,1,[0. 0.],[1 2],,0,0.6,0.7,0.30000000000000004,[0. 0.]
615,1.0,616,0,False,0.0,308.0,0.0,1,1,0,[0. 1.],[1 2],1.0,0,0.6,0.7,0.30000000000000004,[0. 0.]
616,0.0,617,1,False,0.0,309.0,2.0,1,0,2,[0. 1.],[1 2],1.0,0,0.6,0.7,0.30000000000000004,[0. 0.]
617,2.0,618,0,False,1.0,309.0,0.0,1,1,0,[1. 1.],[1 2],0.0,0,0.6,0.7,0.30000000000000004,[0. 0.]
618,0.0,619,1,False,0.0,310.0,1.0,1,0,2,[1. 1.],[1 2],0.0,0,0.6,0.7,0.30000000000000004,[0. 0.]
619,1.0,620,0,False,1.0,310.0,0.0,1,1,0,[1. 1.],[1 2],,0,0.6,0.7,0.30000000000000004,[0. 0.]
620,0.0,621,1,False,0.0,311.0,2.0,1,0,2,[1. 1.],[1 2],,0,0.6,0.7,0.30000000000000004,[0. 0.]
621,2.0,622,0,False,1.0,311.0,0.0,1,1,0,[1. 0.],[1 2],,0,0.6,0.7,0.30000000000000004,[0. 0.]
622,0.0,623,1,False,0.0,312.0,2.0,1,0,2,[1. 0.],[1 2],,0,0.6,0.7,0.30000000000000004,[0. 0.]
623,2.0,624,0,False,0.0,312.0,0.0,1,1,0,[0. 1.],[1 2],,0,0.6,0.7,0.30000000000000004,[0. 0.]
624,0.0,625,1,False,0.0,313.0,2.0,1,0,2,[0. 1.],[1 2],,0,0.6,0.7,0.30000000000000004,[0. 0.]
625,2.0,626,0,False,1.0,313.0,0.0,1,1,0,[1. 0.],[1 2],0.0,0,0.6,0.7,0.30000000000000004,[0. 0.]
626,0.0,627,1,False,0.0,314.0,1.0,1,0,2,[1. 0.],[1 2],0.0,0,0.6,0.7,0.30000000000000004,[0. 0.]
627,1.0,628,0,False,0.0,314.0,0.0,1,1,0,[0. 0.],[1 2],0.0,0,0.6,0.7,0.30000000000000004,[0. 0.]
628,0.0,629,1,False,0.0,315.0,1.0,1,0,2,[0. 0.],[1 2],0.0,0,0.6,0.7,0.30000000000000004,[0. 0.]
629,1.0,630,0,False,0.0,315.0,0.0,1,1,0,[1. 0.],[1 2],0.0,0,0.6,0.7,0.30000000000000004,[0. 0.]
630,0.0,631,1,False,0.0,316.0,1.0,1,0,1,[1. 0.],[1 2],0.0,0,0.6,0.7,0.30000000000000004,[0. 0.]
631,1.0,632,0,False,1.0,316.0,0.0,1,1,0,[0. 0.],[1 2],0.0,0,0.6,0.7,0.30000000000000004,[0. 0.]
632,0.0,633,1,False,0.0,317.0,1.0,1,0,1,[0. 0.],[1 2],0.0,0,0.6,0.7,0.30000000000000004,[0. 0.]
633,1.0,634,0,False,0.0,317.0,0.0,1,1,0,[0. 0.],[1 2],1.0,0,0.6,0.7,0.30000000000000004,[0. 0.]
634,0.0,635,1,False,0.0,318.0,2.0,1,0,1,[0. 0.],[1 2],1.0,0,0.6,0.7,0.30000000000000004,[0. 0.]
635,2.0,636,0,False,0.0,318.0,0.0,1,1,0,[0. 0.],[1 2],,0,0.6,0.7,0.30000000000000004,[0. 0.]
636,0.0,637,1,False,0.0,319.0,1.0,1,0,1,[0. 0.],[1 2],,0,0.6,0.7,0.30000000000000004,[0. 0.]
637,1.0,638,0,False,0.0,319.0,0.0,1,1,0,[1. 1.],[1 2],0.0,1,0.6,0.7,0.30000000000000004,[0. 0.]
638,0.0,639,1,False,0.0,320.0,1.0,1,0,2,[1. 1.],[1 2],0.0,1,0.6,0.7,0.30000000000000004,[0. 0.]
639,1.0,640,0,False,1.0,320.0,0.0,1,1,0,[0. 1.],[1 2],0.0,1,0.6,0.7,0.30000000000000004,[0. 0.]
640,0.0,641,1,False,0.0,321.0,1.0,1,0,2,[0. 1.],[1 2],0.0,1,0.6,0.7,0.30000000000000004,[0. 0.]
641,1.0,642,0,False,1.0,321.0,0.0,1,1,0,[0. 1.],[1 2],0.0,1,0.6,0.7,0.30000000000000004,[0. 0.]
642,0.0,643,1,False,0.0,322.0,1.0,1,0,2,[0. 1.],[1 2],0.0,1,0.6,0.7,0.30000000000000004,[0. 0.]
643,1.0,644,0,False,1.0,322.0,0.0,1,1,0,[1. 1.],[1 2],1.0,1,0.6,0.7,0.30000000000000004,[0. 0.]
644,0.0,645,1,False,0.0,323.0,2.0,1,0,2,[1. 1.],[1 2],1.0,1,0.6,0.7,0.30000000000000004,[0. 0.]
645,2.0,646,0,False,1.0,323.0,0.0,1,1,0,[1. 0.],[1 2],1.0,1,0.6,0.7,0.30000000000000004,[0. 0.]
646,0.0,647,1,False,0.0,324.0,2.0,1,0,2,[1. 0.],[1 2],1.0,1,0.6,0.7,0.30000000000000004,[0. 0.]
647,2.0,648,0,False,0.0,324.0,0.0,1,1,0,[1. 1.],[1 2],,1,0.6,0.7,0.30000000000000004,[0. 0.]
648,0.0,649,1,False,0.0,325.0,2.0,1,0,2,[1. 1.],[1 2],,1,0.6,0.7,0.30000000000000004,[0. 0.]
649,2.0,650,0,False,1.0,325.0,0.0,1,1,0,[0. 0.],[1 2],1.0,1,0.6,0.7,0.30000000000000004,[0. 0.]
650,0.0,651,1,False,0.0,326.0,2.0,1,0,2,[0. 0.],[1 2],1.0,1,0.6,0.7,0.30000000000000004,[0. 0.]
651,2.0,652,0,False,0.0,326.0,0.0,1,1,0,[1. 0.],[2 1],,1,0.6,0.7,0.30000000000000004,[0. 0.]
652,0.0,653,1,False,0.0,327.0,1.0,1,0,2,[1. 0.],[2 1],,1,0.6,0.7,0.30000000000000004,[0. 0.]
653,1.0,654,0,False,1.0,327.0,0.0,1,1,0,[0. 1.],[2 1],0.0,1,0.6,0.7,0.30000000000000004,[0. 0.]
654,0.0,655,1,False,0.0,328.0,1.0,1,0,2,[0. 1.],[2 1],0.0,1,0.6,0.7,0.30000000000000004,[0. 0.]
655,1.0,656,0,False,0.0,328.0,0.0,1,1,0,[0. 1.],[2 1],,1,0.6,0.7,0.30000000000000004,[0. 0.]
656,0.0,657,1,False,0.0,329.0,1.0,1,0,2,[0. 1.],[2 1],,1,0.6,0.7,0.30000000000000004,[0. 0.]
657,1.0,658,0,False,0.0,329.0,0.0,1,1,0,[0. 1.],[2 1],,1,0.6,0.7,0.30000000000000004,[0. 0.]
658,0.0,659,1,False,0.0,330.0,2.0,1,0,1,[0. 1.],[2 1],,1,0.6,0.7,0.30000000000000004,[0. 0.]
659,2.0,660,0,False,1.0,330.0,0.0,1,1,0,[0. 1.],[2 1],,1,0.6,0.7,0.30000000000000004,[0. 0.]
660,0.0,661,1,False,0.0,331.0,2.0,1,0,1,[0. 1.],[2 1],,1,0.6,0.7,0.30000000000000004,[0. 0.]
661,2.0,662,0,False,1.0,331.0,0.0,1,1,0,[0. 0.],[2 1],0.0,1,0.6,0.7,0.30000000000000004,[0. 0.]
662,0.0,663,1,False,0.0,332.0,1.0,1,0,1,[0. 0.],[2 1],0.0,1,0.6,0.7,0.30000000000000004,[0. 0.]
663,1.0,664,0,False,0.0,332.0,0.0,1,1,0,[0. 0.],[2 1],,1,0.6,0.7,0.30000000000000004,[0. 0.]
664,0.0,665,1,False,0.0,333.0,2.0,1,0,1,[0. 0.],[2 1],,1,0.6,0.7,0.30000000000000004,[0. 0.]
665,2.0,666,0,False,0.0,333.0,0.0,1,1,0,[0. 0.],[2 1],,1,0.6,0.7,0.30000000000000004,[0. 0.]
666,0.0,667,1,False,0.0,334.0,2.0,1,0,1,[0. 0.],[2 1],,1,0.6,0.7,0.30000000000000004,[0. 0.]
667,2.0,668,0,False,0.0,334.0,0.0,1,1,0,[1. 1.],[2 1],,1,0.6,0.7,0.30000000000000004,[0. 0.]
668,0.0,669,1,False,0.0,335.0,2.0,1,0,1,[1. 1.],[2 1],,1,0.6,0.7,0.30000000000000004,[0. 0.]
669,2.0,670,0,False,1.0,335.0,0.0,1,1,0,[1. 0.],[2 1],,1,0.6,0.7,0.30000000000000004,[0. 0.]
670,0.0,671,1,False,0.0,336.0,2.0,1,0,1,[1. 0.],[2 1],,1,0.6,0.7,0.30000000000000004,[0. 0.]
671,2.0,672,0,False,0.0,336.0,0.0,1,1,0,[1. 0.],[2 1],0.0,0,0.6,0.7,0.30000000000000004,[0. 0.]
672,0.0,673,1,False,0.0,337.0,1.0,1,0,1,[1. 0.],[2 1],0.0,0,0.6,0.7,0.30000000000000004,[0. 0.]
673,1.0,674,0,False,0.0,337.0,0.0,1,1,0,[1. 0.],[1 2],0.0,0,0.6,0.7,0.30000000000000004,[0. 0.]
674,0.0,675,1,False,0.0,338.0,1.0,1,0,2,[1. 0.],[1 2],0.0,0,0.6,0.7,0.30000000000000004,[0. 0.]
675,1.0,676,0,False,0.0,338.0,0.0,1,1,0,[1. 1.],[1 2],,0,0.6,0.7,0.30000000000000004,[0. 0.]
676,0.0,677,1,False,0.0,339.0,1.0,1,0,1,[1. 1.],[1 2],,0,0.6,0.7,0.30000000000000004,[0. 0.]
677,1.0,678,0,False,1.0,339.0,0.0,1,1,0,[1. 0.],[1 2],,0,0.6,0.7,0.30000000000000004,[0. 0.]
678,0.0,679,1,False,0.0,340.0,1.0,1,0,1,[1. 0.],[1 2],,0,0.6,0.7,0.30000000000000004,[0. 0.]
679,1.0,680,0,False,1.0,340.0,0.0,1,1,0,[0. 0.],[2 1],0.0,0,0.6,0.7,0.30000000000000004,[0. 0.]
680,0.0,681,1,False,0.0,341.0,1.0,1,0,1,[0. 0.],[2 1],0.0,0,0.6,0.7,0.30000000000000004,[0. 0.]
681,1.0,682,0,False,0.0,341.0,0.0,1,1,0,[0. 0.],[2 1],1.0,0,0.6,0.7,0.30000000000000004,[0. 0.]
682,0.0,683,1,False,0.0,342.0,2.0,1,0,1,[0. 0.],[2 1],1.0,0,0.6,0.7,0.30000000000000004,[0. 0.]
683,2.0,684,0,False,0.0,342.0,0.0,1,1,0,[1. 1.],[2 1],,0,0.6,0.7,0.30000000000000004,[0. 0.]
684,0.0,685,1,False,0.0,343.0,1.0,1,0,2,[1. 1.],[2 1],,0,0.6,0.7,0.30000000000000004,[0. 0.]
685,1.0,686,0,False,1.0,343.0,0.0,1,1,0,[1. 1.],[2 1],1.0,0,0.6,0.7,0.30000000000000004,[0. 0.]
686,0.0,687,1,False,0.0,344.0,2.0,1,0,2,[1. 1.],[2 1],1.0,0,0.6,0.7,0.30000000000000004,[0. 0.]
687,2.0,688,0,False,1.0,344.0,0.0,1,1,0,[1. 0.],[2 1],,0,0.6,0.7,0.30000000000000004,[0. 0.]
688,0.0,689,1,False,0.0,345.0,1.0,1,0,2,[1. 0.],[2 1],,0,0.6,0.7,0.30000000000000004,[0. 0.]
689,1.0,690,0,False,1.0,345.0,0.0,1,1,0,[0. 0.],[2 1],0.0,0,0.6,0.7,0.30000000000000004,[0. 0.]
690,0.0,691,1,False,0.0,346.0,1.0,1,0,2,[0. 0.],[2 1],0.0,0,0.6,0.7,0.30000000000000004,[0. 0.]
691,1.0,692,0,False,0.0,346.0,0.0,1,1,0,[0. 1.],[2 1],1.0,0,0.6,0.7,0.30000000000000004,[0. 0.]
692,0.0,693,1,False,0.0,347.0,2.0,1,0,2,[0. 1.],[2 1],1.0,0,0.6,0.7,0.30000000000000004,[0. 0.]
693,2.0,694,0,False,0.0,347.0,0.0,1,1,0,[0. 1.],[2 1],0.0,1,0.6,0.7,0.30000000000000004,[0. 0.]
694,0.0,695,1,False,0.0,348.0,1.0,1,0,1,[0. 1.],[2 1],0.0,1,0.6,0.7,0.30000000000000004,[0. 0.]
695,1.0,696,0,False,1.0,348.0,0.0,1,1,0,[0. 1.],[2 1],1.0,1,0.6,0.7,0.30000000000000004,[0. 0.]
696,0.0,697,1,False,0.0,349.0,2.0,1,0,1,[0. 1.],[2 1],1.0,1,0.6,0.7,0.30000000000000004,[0. 0.]
697,2.0,698,0,False,1.0,349.0,0.0,1,1,0,[0. 1.],[2 1],0.0,1,0.6,0.7,0.30000000000000004,[0. 0.]
698,0.0,699,1,False,0.0,350.0,1.0,1,0,1,[0. 1.],[2 1],0.0,1,0.6,0.7,0.30000000000000004,[0. 0.]
699,1.0,700,0,False,1.0,350.0,0.0,1,1,0,[0. 1.],[2 1],1.0,1,0.6,0.7,0.30000000000000004,[0. 0.]
700,0.0,701,1,False,0.0,351.0,2.0,1,0,1,[0. 1.],[2 1],1.0,1,0.6,0.7,0.30000000000000004,[0. 0.]
701,2.0,702,0,False,1.0,351.0,0.0,1,1,0,[0. 1.],[2 1],0.0,1,0.6,0.7,0.30000000000000004,[0. 0.]
702,0.0,703,1,False,0.0,352.0,1.0,1,0,1,[0. 1.],[2 1],0.0,1,0.6,0.7,0.30000000000000004,[0. 0.]
703,1.0,704,0,False,1.0,352.0,0.0,1,1,0,[0. 1.],[2 1],0.0,1,0.6,0.7,0.30000000000000004,[0. 0.]
704,0.0,705,1,False,0.0,353.0,1.0,1,0,1,[0. 1.],[2 1],0.0,1,0.6,0.7,0.30000000000000004,[0. 0.]
705,1.0,706,0,False,1.0,353.0,0.0,1,1,0,[1. 1.],[2 1],,1,0.6,0.7,0.30000000000000004,[0. 0.]
706,0.0,707,1,False,0.0,354.0,2.0,1,0,1,[1. 1.],[2 1],,1,0.6,0.7,0.30000000000000004,[0. 0.]
707,2.0,708,0,False,1.0,354.0,0.0,1,1,0,[1. 1.],[2 1],,1,0.6,0.7,0.30000000000000004,[0. 0.]
708,0.0,709,1,False,0.0,355.0,2.0,1,0,1,[1. 1.],[2 1],,1,0.6,0.7,0.30000000000000004,[0. 0.]
709,2.0,710,0,False,1.0,355.0,0.0,1,1,0,[1. 0.],[2 1],0.0,0,0.6,0.7,0.30000000000000004,[0. 0.]
710,0.0,711,1,False,0.0,356.0,1.0,1,0,1,[1. 0.],[2 1],0.0,0,0.6,0.7,0.30000000000000004,[0. 0.]
711,1.0,712,0,False,0.0,356.0,0.0,1,1,0,[0. 0.],[2 1],,0,0.6,0.7,0.30000000000000004,[0. 0.]
712,0.0,713,1,False,0.0,357.0,2.0,1,0,1,[0. 0.],[2 1],,0,0.6,0.7,0.30000000000000004,[0. 0.]
713,2.0,714,0,False,0.0,357.0,0.0,1,1,0,[1. 0.],[2 1],,0,0.6,0.7,0.30000000000000004,[0. 0.]
714,0.0,715,1,False,0.0,358.0,2.0,1,0,1,[1. 0.],[2 1],,0,0.6,0.7,0.30000000000000004,[0. 0.]
715,2.0,716,0,False,0.0,358.0,0.0,1,1,0,[1. 1.],[2 1],0.0,0,0.6,0.7,0.30000000000000004,[0. 0.]
716,0.0,717,1,False,0.0,359.0,1.0,1,0,2,[1. 1.],[2 1],0.0,0,0.6,0.7,0.30000000000000004,[0. 0.]
717,1.0,718,0,False,1.0,359.0,0.0,1,1,0,[0. 1.],[2 1],1.0,1,0.6,0.7,0.30000000000000004,[0. 0.]
718,0.0,719,1,False,0.0,360.0,2.0,1,0,1,[0. 1.],[2 1],1.0,1,0.6,0.7,0.30000000000000004,[0. 0.]
719,2.0,720,0,False,1.0,360.0,0.0,1,1,0,[0. 0.],[2 1],1.0,1,0.6,0.7,0.30000000000000004,[0. 0.]
720,0.0,721,1,False,0.0,361.0,2.0,1,0,2,[0. 0.],[2 1],1.0,1,0.6,0.7,0.30000000000000004,[0. 0.]
721,2.0,722,0,False,0.0,361.0,0.0,1,1,0,[0. 1.],[2 1],1.0,1,0.6,0.7,0.30000000000000004,[0. 0.]
722,0.0,723,1,False,0.0,362.0,2.0,1,0,1,[0. 1.],[2 1],1.0,1,0.6,0.7,0.30000000000000004,[0. 0.]
723,2.0,724,0,False,1.0,362.0,0.0,1,1,0,[0. 1.],[2 1],1.0,1,0.6,0.7,0.30000000000000004,[0. 0.]
724,0.0,725,1,False,0.0,363.0,2.0,1,0,1,[0. 1.],[2 1],1.0,1,0.6,0.7,0.30000000000000004,[0. 0.]
725,2.0,726,0,False,1.0,363.0,0.0,1,1,0,[1. 1.],[2 1],0.0,1,0.6,0.7,0.30000000000000004,[0. 0.]
726,0.0,727,1,False,0.0,364.0,1.0,1,0,1,[1. 1.],[2 1],0.0,1,0.6,0.7,0.30000000000000004,[0. 0.]
727,1.0,728,0,False,1.0,364.0,0.0,1,1,0,[1. 0.],[2 1],1.0,1,0.6,0.7,0.30000000000000004,[0. 0.]
728,0.0,729,1,False,0.0,365.0,2.0,1,0,1,[1. 0.],[2 1],1.0,1,0.6,0.7,0.30000000000000004,[0. 0.]
729,2.0,730,0,False,0.0,365.0,0.0,1,1,0,[0. 1.],[2 1],,1,0.6,0.7,0.30000000000000004,[0. 0.]
730,0.0,731,1,False,0.0,366.0,2.0,1,0,1,[0. 1.],[2 1],,1,0.6,0.7,0.30000000000000004,[0. 0.]
731,2.0,732,0,False,1.0,366.0,0.0,1,1,0,[1. 1.],[2 1],0.0,1,0.6,0.7,0.30000000000000004,[0. 0.]
732,0.0,733,1,False,0.0,367.0,1.0,1,0,1,[1. 1.],[2 1],0.0,1,0.6,0.7,0.30000000000000004,[0. 0.]
733,1.0,734,0,False,1.0,367.0,0.0,1,1,0,[1. 1.],[2 1],1.0,1,0.6,0.7,0.30000000000000004,[0. 0.]
734,0.0,735,1,False,0.0,368.0,2.0,1,0,1,[1. 1.],[2 1],1.0,1,0.6,0.7,0.30000000000000004,[0. 0.]
735,2.0,736,0,False,1.0,368.0,0.0,1,1,0,[0. 0.],[2 1],0.0,1,0.6,0.7,0.30000000000000004,[0. 0.]
736,0.0,737,1,False,0.0,369.0,1.0,1,0,1,[0. 0.],[2 1],0.0,1,0.6,0.7,0.30000000000000004,[0. 0.]
737,1.0,738,0,False,0.0,369.0,0.0,1,1,0,[1. 1.],[2 1],,1,0.6,0.7,0.30000000000000004,[0. 0.]
738,0.0,739,1,False,0.0,370.0,2.0,1,0,1,[1. 1.],[2 1],,1,0.6,0.7,0.30000000000000004,[0. 0.]
739,2.0,740,0,False,1.0,370.0,0.0,1,1,0,[0. 1.],[2 1],1.0,1,0.6,0.7,0.30000000000000004,[0. 0.]
740,0.0,741,1,False,0.0,371.0,2.0,1,0,1,[0. 1.],[2 1],1.0,1,0.6,0.7,0.30000000000000004,[0. 0.]
741,2.0,742,0,False,1.0,371.0,0.0,1,1,0,[0. 1.],[2 1],1.0,1,0.6,0.7,0.30000000000000004,[0. 0.]
742,0.0,743,1,False,0.0,372.0,2.0,1,0,1,[0. 1.],[2 1],1.0,1,0.6,0.7,0.30000000000000004,[0. 0.]
743,2.0,744,0,False,1.0,372.0,0.0,1,1,0,[0. 1.],[2 1],1.0,1,0.6,0.7,0.30000000000000004,[0. 0.]
744,0.0,745,1,False,0.0,373.0,2.0,1,0,1,[0. 1.],[2 1],1.0,1,0.6,0.7,0.30000000000000004,[0. 0.]
745,2.0,746,0,False,1.0,373.0,0.0,1,1,0,[0. 0.],[2 1],,1,0.6,0.7,0.30000000000000004,[0. 0.]
746,0.0,747,1,False,0.0,374.0,2.0,1,0,1,[0. 0.],[2 1],,1,0.6,0.7,0.30000000000000004,[0. 0.]
747,2.0,748,0,False,0.0,374.0,0.0,1,1,0,[1. 0.],[2 1],,1,0.6,0.7,0.30000000000000004,[0. 0.]
748,0.0,749,1,False,0.0,375.0,2.0,1,0,1,[1. 0.],[2 1],,1,0.6,0.7,0.30000000000000004,[0. 0.]
749,2.0,750,0,False,0.0,375.0,0.0,1,1,0,[0. 0.],[2 1],0.0,1,0.6,0.7,0.30000000000000004,[0. 0.]
750,0.0,751,1,False,0.0,376.0,1.0,1,0,1,[0. 0.],[2 1],0.0,1,0.6,0.7,0.30000000000000004,[0. 0.]
751,1.0,752,0,False,0.0,376.0,0.0,1,1,0,[0. 1.],[2 1],0.0,1,0.6,0.7,0.30000000000000004,[0. 0.]
752,0.0,753,1,False,0.0,377.0,1.0,1,0,2,[0. 1.],[2 1],0.0,1,0.6,0.7,0.30000000000000004,[0. 0.]
753,1.0,754,0,False,0.0,377.0,0.0,1,1,0,[0. 1.],[2 1],1.0,1,0.6,0.7,0.30000000000000004,[0. 0.]
754,0.0,755,1,False,0.0,378.0,2.0,1,0,1,[0. 1.],[2 1],1.0,1,0.6,0.7,0.30000000000000004,[0. 0.]
755,2.0,756,0,False,1.0,378.0,0.0,1,1,0,[1. 0.],[2 1],1.0,1,0.6,0.7,0.30000000000000004,[0. 0.]
756,0.0,757,1,False,0.0,379.0,2.0,1,0,1,[1. 0.],[2 1],1.0,1,0.6,0.7,0.30000000000000004,[0. 0.]
757,2.0,758,0,False,0.0,379.0,0.0,1,1,0,[0. 1.],[2 1],0.0,1,0.6,0.7,0.30000000000000004,[0. 0.]
758,0.0,759,1,False,0.0,380.0,1.0,1,0,1,[0. 1.],[2 1],0.0,1,0.6,0.7,0.30000000000000004,[0. 0.]
759,1.0,760,0,False,1.0,380.0,0.0,1,1,0,[1. 1.],[2 1],0.0,1,0.6,0.7,0.30000000000000004,[0. 0.]
760,0.0,761,1,False,0.0,381.0,1.0,1,0,1,[1. 1.],[2 1],0.0,1,0.6,0.7,0.30000000000000004,[0. 0.]
761,1.0,762,0,False,1.0,381.0,0.0,1,1,0,[0. 1.],[2 1],,1,0.6,0.7,0.30000000000000004,[0. 0.]
762,0.0,763,1,False,0.0,382.0,2.0,1,0,1,[0. 1.],[2 1],,1,0.6,0.7,0.30000000000000004,[0. 0.]
763,2.0,764,0,False,1.0,382.0,0.0,1,1,0,[0. 1.],[1 2],1.0,1,0.6,0.7,0.30000000000000004,[0. 0.]
764,0.0,765,1,False,0.0,383.0,2.0,1,0,1,[0. 1.],[1 2],1.0,1,0.6,0.7,0.30000000000000004,[0. 0.]
765,2.0,766,0,False,0.0,383.0,0.0,1,1,0,[0. 1.],[1 2],,1,0.6,0.7,0.30000000000000004,[0. 0.]
766,0.0,767,1,False,0.0,384.0,1.0,1,0,1,[0. 1.],[1 2],,1,0.6,0.7,0.30000000000000004,[0. 0.]
767,1.0,768,0,False,0.0,384.0,0.0,1,1,0,[0. 0.],[1 2],0.0,1,0.6,0.7,0.30000000000000004,[0. 0.]
768,0.0,769,1,False,0.0,385.0,1.0,1,0,1,[0. 0.],[1 2],0.0,1,0.6,0.7,0.30000000000000004,[0. 0.]
769,1.0,770,0,False,0.0,385.0,0.0,1,1,0,[0. 1.],[1 2],,1,0.6,0.7,0.30000000000000004,[0. 0.]
770,0.0,771,1,False,0.0,386.0,2.0,1,0,2,[0. 1.],[1 2],,1,0.6,0.7,0.30000000000000004,[0. 0.]
771,2.0,772,0,False,1.0,386.0,0.0,1,1,0,[0. 1.],[1 2],,1,0.6,0.7,0.30000000000000004,[0. 0.]
772,0.0,773,1,False,0.0,387.0,2.0,1,0,2,[0. 1.],[1 2],,1,0.6,0.7,0.30000000000000004,[0. 0.]
773,2.0,774,0,False,1.0,387.0,0.0,1,1,0,[0. 1.],[1 2],0.0,1,0.6,0.7,0.30000000000000004,[0. 0.]
774,0.0,775,1,False,0.0,388.0,1.0,1,0,2,[0. 1.],[1 2],0.0,1,0.6,0.7,0.30000000000000004,[0. 0.]
775,1.0,776,0,False,1.0,388.0,0.0,1,1,0,[0. 0.],[2 1],1.0,1,0.6,0.7,0.30000000000000004,[0. 0.]
776,0.0,777,1,False,0.0,389.0,2.0,1,0,2,[0. 0.],[2 1],1.0,1,0.6,0.7,0.30000000000000004,[0. 0.]
777,2.0,778,0,False,0.0,389.0,0.0,1,1,0,[0. 0.],[2 1],1.0,1,0.6,0.7,0.30000000000000004,[0. 0.]
778,0.0,779,1,False,0.0,390.0,2.0,1,0,2,[0. 0.],[2 1],1.0,1,0.6,0.7,0.30000000000000004,[0. 0.]
779,2.0,780,0,False,0.0,390.0,0.0,1,1,0,[0. 1.],[2 1],,1,0.6,0.7,0.30000000000000004,[0. 0.]
780,0.0,781,1,False,0.0,391.0,1.0,1,0,2,[0. 1.],[2 1],,1,0.6,0.7,0.30000000000000004,[0. 0.]
781,1.0,782,0,False,0.0,391.0,0.0,1,1,0,[0. 1.],[2 1],,1,0.6,0.7,0.30000000000000004,[0. 0.]
782,0.0,783,1,False,0.0,392.0,1.0,1,0,2,[0. 1.],[2 1],,1,0.6,0.7,0.30000000000000004,[0. 0.]
783,1.0,784,0,False,0.0,392.0,0.0,1,1,0,[1. 0.],[2 1],0.0,1,0.6,0.7,0.30000000000000004,[0. 0.]
784,0.0,785,1,False,0.0,393.0,1.0,1,0,1,[1. 0.],[2 1],0.0,1,0.6,0.7,0.30000000000000004,[0. 0.]
785,1.0,786,0,False,0.0,393.0,0.0,1,1,0,[0. 1.],[2 1],,1,0.6,0.7,0.30000000000000004,[0. 0.]
786,0.0,787,1,False,0.0,394.0,1.0,1,0,2,[0. 1.],[2 1],,1,0.6,0.7,0.30000000000000004,[0. 0.]
787,1.0,788,0,False,0.0,394.0,0.0,1,1,0,[1. 1.],[2 1],1.0,1,0.6,0.7,0.30000000000000004,[0. 0.]
788,0.0,789,1,False,0.0,395.0,2.0,1,0,1,[1. 1.],[2 1],1.0,1,0.6,0.7,0.30000000000000004,[0. 0.]
789,2.0,790,0,False,1.0,395.0,0.0,1,1,0,[0. 0.],[2 1],0.0,1,0.6,0.7,0.30000000000000004,[0. 0.]
790,0.0,791,1,False,0.0,396.0,1.0,1,0,1,[0. 0.],[2 1],0.0,1,0.6,0.7,0.30000000000000004,[0. 0.]
791,1.0,792,0,False,0.0,396.0,0.0,1,1,0,[0. 1.],[1 2],1.0,1,0.6,0.7,0.30000000000000004,[0. 0.]
792,0.0,793,1,False,0.0,397.0,2.0,1,0,1,[0. 1.],[1 2],1.0,1,0.6,0.7,0.30000000000000004,[0. 0.]
793,2.0,794,0,False,0.0,397.0,0.0,1,1,0,[0. 1.],[1 2],1.0,1,0.6,0.7,0.30000000000000004,[0. 0.]
794,0.0,795,1,False,0.0,398.0,2.0,1,0,1,[0. 1.],[1 2],1.0,1,0.6,0.7,0.30000000000000004,[0. 0.]
795,2.0,796,0,False,0.0,398.0,0.0,1,1,0,[1. 0.],[1 2],,1,0.6,0.7,0.30000000000000004,[0. 0.]
796,0.0,797,1,False,0.0,399.0,1.0,1,0,1,[1. 0.],[1 2],,1,0.6,0.7,0.30000000000000004,[0. 0.]
797,1.0,798,0,False,1.0,399.0,0.0,1,1,0,[0. 1.],[1 2],0.0,1,0.6,0.7,0.30000000000000004,[0. 0.]
798,0.0,799,1,False,0.0,400.0,1.0,1,0,1,[0. 1.],[1 2],0.0,1,0.6,0.7,0.30000000000000004,[0. 0.]
799,1.0,800,0,False,0.0,400.0,0.0,1,1,0,[0. 1.],[1 2],1.0,1,0.6,0.7,0.30000000000000004,[0. 0.]
800,0.0,801,1,False,0.0,401.0,2.0,1,0,1,[0. 1.],[1 2],1.0,1,0.6,0.7,0.30000000000000004,[0. 0.]
801,2.0,802,0,False,0.0,401.0,0.0,1,1,0,[1. 0.],[1 2],0.0,1,0.6,0.7,0.30000000000000004,[0. 0.]
802,0.0,803,1,False,0.0,402.0,1.0,1,0,2,[1. 0.],[1 2],0.0,1,0.6,0.7,0.30000000000000004,[0. 0.]
803,1.0,804,0,False,0.0,402.0,0.0,1,1,0,[0. 0.],[1 2],,1,0.6,0.7,0.30000000000000004,[0. 0.]
804,0.0,805,1,False,0.0,403.0,1.0,1,0,1,[0. 0.],[1 2],,1,0.6,0.7,0.30000000000000004,[0. 0.]
805,1.0,806,0,False,0.0,403.0,0.0,1,1,0,[0. 1.],[1 2],1.0,1,0.6,0.7,0.30000000000000004,[0. 0.]
806,0.0,807,1,False,0.0,404.0,2.0,1,0,2,[0. 1.],[1 2],1.0,1,0.6,0.7,0.30000000000000004,[0. 0.]
807,2.0,808,0,False,1.0,404.0,0.0,1,1,0,[0. 0.],[1 2],,1,0.6,0.7,0.30000000000000004,[0. 0.]
808,0.0,809,1,False,0.0,405.0,2.0,1,0,2,[0. 0.],[1 2],,1,0.6,0.7,0.30000000000000004,[0. 0.]
809,2.0,810,0,False,0.0,405.0,0.0,1,1,0,[1. 1.],[1 2],1.0,1,0.6,0.7,0.30000000000000004,[0. 0.]
810,0.0,811,1,False,0.0,406.0,2.0,1,0,2,[1. 1.],[1 2],1.0,1,0.6,0.7,0.30000000000000004,[0. 0.]
811,2.0,812,0,False,1.0,406.0,0.0,1,1,0,[0. 1.],[1 2],,1,0.6,0.7,0.30000000000000004,[0. 0.]
812,0.0,813,1,False,0.0,407.0,2.0,1,0,2,[0. 1.],[1 2],,1,0.6,0.7,0.30000000000000004,[0. 0.]
813,2.0,814,0,False,1.0,407.0,0.0,1,1,0,[0. 0.],[1 2],,1,0.6,0.7,0.30000000000000004,[0. 0.]
814,0.0,815,1,False,0.0,408.0,2.0,1,0,2,[0. 0.],[1 2],,1,0.6,0.7,0.30000000000000004,[0. 0.]
815,2.0,816,0,False,0.0,408.0,0.0,1,1,0,[1. 1.],[1 2],0.0,0,0.6,0.7,0.30000000000000004,[0. 0.]
816,0.0,817,1,False,0.0,409.0,1.0,1,0,2,[1. 1.],[1 2],0.0,0,0.6,0.7,0.30000000000000004,[0. 0.]
817,1.0,818,0,False,1.0,409.0,0.0,1,1,0,[1. 0.],[1 2],0.0,0,0.6,0.7,0.30000000000000004,[0. 0.]
818,0.0,819,1,False,0.0,410.0,1.0,1,0,2,[1. 0.],[1 2],0.0,0,0.6,0.7,0.30000000000000004,[0. 0.]
819,1.0,820,0,False,0.0,410.0,0.0,1,1,0,[1. 0.],[1 2],,0,0.6,0.7,0.30000000000000004,[0. 0.]
820,0.0,821,1,False,0.0,411.0,2.0,1,0,2,[1. 0.],[1 2],,0,0.6,0.7,0.30000000000000004,[0. 0.]
821,2.0,822,0,False,0.0,411.0,0.0,1,1,0,[1. 0.],[1 2],0.0,0,0.6,0.7,0.30000000000000004,[0. 0.]
822,0.0,823,1,False,0.0,412.0,1.0,1,0,2,[1. 0.],[1 2],0.0,0,0.6,0.7,0.30000000000000004,[0. 0.]
823,1.0,824,0,False,0.0,412.0,0.0,1,1,0,[0. 0.],[1 2],1.0,0,0.6,0.7,0.30000000000000004,[0. 0.]
824,0.0,825,1,False,0.0,413.0,2.0,1,0,1,[0. 0.],[1 2],1.0,0,0.6,0.7,0.30000000000000004,[0. 0.]
825,2.0,826,0,False,0.0,413.0,0.0,1,1,0,[1. 1.],[1 2],0.0,0,0.6,0.7,0.30000000000000004,[0. 0.]
826,0.0,827,1,False,0.0,414.0,1.0,1,0,1,[1. 1.],[1 2],0.0,0,0.6,0.7,0.30000000000000004,[0. 0.]
827,1.0,828,0,False,1.0,414.0,0.0,1,1,0,[1. 0.],[1 2],0.0,0,0.6,0.7,0.30000000000000004,[0. 0.]
828,0.0,829,1,False,0.0,415.0,1.0,1,0,1,[1. 0.],[1 2],0.0,0,0.6,0.7,0.30000000000000004,[0. 0.]
829,1.0,830,0,False,1.0,415.0,0.0,1,1,0,[1. 1.],[1 2],,0,0.6,0.7,0.30000000000000004,[0. 0.]
830,0.0,831,1,False,0.0,416.0,1.0,1,0,1,[1. 1.],[1 2],,0,0.6,0.7,0.30000000000000004,[0. 0.]
831,1.0,832,0,False,1.0,416.0,0.0,1,1,0,[0. 0.],[1 2],,0,0.6,0.7,0.30000000000000004,[0. 0.]
832,0.0,833,1,False,0.0,417.0,1.0,1,0,1,[0. 0.],[1 2],,0,0.6,0.7,0.30000000000000004,[0. 0.]
833,1.0,834,0,False,0.0,417.0,0.0,1,1,0,[0. 0.],[1 2],0.0,0,0.6,0.7,0.30000000000000004,[0. 0.]
834,0.0,835,1,False,0.0,418.0,1.0,1,0,1,[0. 0.],[1 2],0.0,0,0.6,0.7,0.30000000000000004,[0. 0.]
835,1.0,836,0,False,0.0,418.0,0.0,1,1,0,[0. 0.],[1 2],,0,0.6,0.7,0.30000000000000004,[0. 0.]
836,0.0,837,1,False,0.0,419.0,2.0,1,0,2,[0. 0.],[1 2],,0,0.6,0.7,0.30000000000000004,[0. 0.]
837,2.0,838,0,False,0.0,419.0,0.0,1,1,0,[1. 1.],[1 2],,0,0.6,0.7,0.30000000000000004,[0. 0.]
838,0.0,839,1,False,0.0,420.0,1.0,1,0,1,[1. 1.],[1 2],,0,0.6,0.7,0.30000000000000004,[0. 0.]
839,1.0,840,0,False,1.0,420.0,0.0,1,1,0,[0. 1.],[1 2],1.0,0,0.6,0.7,0.30000000000000004,[0. 0.]
840,0.0,841,1,False,0.0,421.0,2.0,1,0,1,[0. 1.],[1 2],1.0,0,0.6,0.7,0.30000000000000004,[0. 0.]
841,2.0,842,0,False,0.0,421.0,0.0,1,1,0,[1. 0.],[1 2],,0,0.6,0.7,0.30000000000000004,[0. 0.]
842,0.0,843,1,False,0.0,422.0,1.0,1,0,1,[1. 0.],[1 2],,0,0.6,0.7,0.30000000000000004,[0. 0.]
843,1.0,844,0,False,1.0,422.0,0.0,1,1,0,[0. 0.],[1 2],1.0,0,0.6,0.7,0.30000000000000004,[0. 0.]
844,0.0,845,1,False,0.0,423.0,2.0,1,0,1,[0. 0.],[1 2],1.0,0,0.6,0.7,0.30000000000000004,[0. 0.]
845,2.0,846,0,False,0.0,423.0,0.0,1,1,0,[1. 0.],[1 2],1.0,0,0.6,0.7,0.30000000000000004,[0. 0.]
846,0.0,847,1,False,0.0,424.0,2.0,1,0,1,[1. 0.],[1 2],1.0,0,0.6,0.7,0.30000000000000004,[0. 0.]
847,2.0,848,0,False,1.0,424.0,0.0,1,1,0,[1. 0.],[1 2],,0,0.6,0.7,0.30000000000000004,[0. 0.]
848,0.0,849,1,False,0.0,425.0,1.0,1,0,1,[1. 0.],[1 2],,0,0.6,0.7,0.30000000000000004,[0. 0.]
849,1.0,850,0,False,1.0,425.0,0.0,1,1,0,[1. 1.],[1 2],,0,0.6,0.7,0.30000000000000004,[0. 0.]
850,0.0,851,1,False,0.0,426.0,1.0,1,0,1,[1. 1.],[1 2],,0,0.6,0.7,0.30000000000000004,[0. 0.]
851,1.0,852,0,False,1.0,426.0,0.0,1,1,0,[0. 0.],[2 1],,0,0.6,0.7,0.30000000000000004,[0. 0.]
852,0.0,853,1,False,0.0,427.0,2.0,1,0,1,[0. 0.],[2 1],,0,0.6,0.7,0.30000000000000004,[0. 0.]
853,2.0,854,0,False,0.0,427.0,0.0,1,1,0,[0. 0.],[2 1],1.0,0,0.6,0.7,0.30000000000000004,[0. 0.]
854,0.0,855,1,False,0.0,428.0,2.0,1,0,1,[0. 0.],[2 1],1.0,0,0.6,0.7,0.30000000000000004,[0. 0.]
855,2.0,856,0,False,0.0,428.0,0.0,1,1,0,[1. 0.],[2 1],0.0,0,0.6,0.7,0.30000000000000004,[0. 0.]
856,0.0,857,1,False,0.0,429.0,1.0,1,0,1,[1. 0.],[2 1],0.0,0,0.6,0.7,0.30000000000000004,[0. 0.]
857,1.0,858,0,False,0.0,429.0,0.0,1,1,0,[0. 0.],[2 1],,0,0.6,0.7,0.30000000000000004,[0. 0.]
858,0.0,859,1,False,0.0,430.0,2.0,1,0,1,[0. 0.],[2 1],,0,0.6,0.7,0.30000000000000004,[0. 0.]
859,2.0,860,0,False,0.0,430.0,0.0,1,1,0,[1. 0.],[2 1],0.0,0,0.6,0.7,0.30000000000000004,[0. 0.]
860,0.0,861,1,False,0.0,431.0,1.0,1,0,2,[1. 0.],[2 1],0.0,0,0.6,0.7,0.30000000000000004,[0. 0.]
861,1.0,862,0,False,1.0,431.0,0.0,1,1,0,[1. 0.],[2 1],0.0,0,0.6,0.7,0.30000000000000004,[0. 0.]
862,0.0,863,1,False,0.0,432.0,1.0,1,0,2,[1. 0.],[2 1],0.0,0,0.6,0.7,0.30000000000000004,[0. 0.]
863,1.0,864,0,False,1.0,432.0,0.0,1,1,0,[1. 1.],[2 1],,0,0.6,0.7,0.30000000000000004,[0. 0.]
864,0.0,865,1,False,0.0,433.0,1.0,1,0,2,[1. 1.],[2 1],,0,0.6,0.7,0.30000000000000004,[0. 0.]
865,1.0,866,0,False,1.0,433.0,0.0,1,1,0,[1. 1.],[2 1],1.0,0,0.6,0.7,0.30000000000000004,[0. 0.]
866,0.0,867,1,False,0.0,434.0,2.0,1,0,2,[1. 1.],[2 1],1.0,0,0.6,0.7,0.30000000000000004,[0. 0.]
867,2.0,868,0,False,1.0,434.0,0.0,1,1,0,[1. 1.],[2 1],,0,0.6,0.7,0.30000000000000004,[0. 0.]
868,0.0,869,1,False,0.0,435.0,1.0,1,0,2,[1. 1.],[2 1],,0,0.6,0.7,0.30000000000000004,[0. 0.]
869,1.0,870,0,False,1.0,435.0,0.0,1,1,0,[1. 0.],[1 2],1.0,0,0.6,0.7,0.30000000000000004,[0. 0.]
870,0.0,871,1,False,0.0,436.0,2.0,1,0,2,[1. 0.],[1 2],1.0,0,0.6,0.7,0.30000000000000004,[0. 0.]
871,2.0,872,0,False,0.0,436.0,0.0,1,1,0,[1. 0.],[1 2],0.0,0,0.6,0.7,0.30000000000000004,[0. 0.]
872,0.0,873,1,False,0.0,437.0,1.0,1,0,2,[1. 0.],[1 2],0.0,0,0.6,0.7,0.30000000000000004,[0. 0.]
873,1.0,874,0,False,0.0,437.0,0.0,1,1,0,[1. 0.],[1 2],1.0,0,0.6,0.7,0.30000000000000004,[0. 0.]
874,0.0,875,1,False,0.0,438.0,2.0,1,0,2,[1. 0.],[1 2],1.0,0,0.6,0.7,0.30000000000000004,[0. 0.]
875,2.0,876,0,False,0.0,438.0,0.0,1,1,0,[1. 0.],[1 2],0.0,0,0.6,0.7,0.30000000000000004,[0. 0.]
876,0.0,877,1,False,0.0,439.0,1.0,1,0,1,[1. 0.],[1 2],0.0,0,0.6,0.7,0.30000000000000004,[0. 0.]
877,1.0,878,0,False,1.0,439.0,0.0,1,1,0,[1. 0.],[1 2],0.0,0,0.6,0.7,0.30000000000000004,[0. 0.]
878,0.0,879,1,False,0.0,440.0,1.0,1,0,1,[1. 0.],[1 2],0.0,0,0.6,0.7,0.30000000000000004,[0. 0.]
879,1.0,880,0,False,1.0,440.0,0.0,1,1,0,[1. 0.],[1 2],1.0,0,0.6,0.7,0.30000000000000004,[0. 0.]
880,0.0,881,1,False,0.0,441.0,2.0,1,0,1,[1. 0.],[1 2],1.0,0,0.6,0.7,0.30000000000000004,[0. 0.]
881,2.0,882,0,False,1.0,441.0,0.0,1,1,0,[1. 1.],[1 2],,0,0.6,0.7,0.30000000000000004,[0. 0.]
882,0.0,883,1,False,0.0,442.0,1.0,1,0,1,[1. 1.],[1 2],,0,0.6,0.7,0.30000000000000004,[0. 0.]
883,1.0,884,0,False,1.0,442.0,0.0,1,1,0,[0. 0.],[1 2],0.0,0,0.6,0.7,0.30000000000000004,[0. 0.]
884,0.0,885,1,False,0.0,443.0,1.0,1,0,1,[0. 0.],[1 2],0.0,0,0.6,0.7,0.30000000000000004,[0. 0.]
885,1.0,886,0,False,0.0,443.0,0.0,1,1,0,[1. 1.],[1 2],1.0,0,0.6,0.7,0.30000000000000004,[0. 0.]
886,0.0,887,1,False,0.0,444.0,2.0,1,0,1,[1. 1.],[1 2],1.0,0,0.6,0.7,0.30000000000000004,[0. 0.]
887,2.0,888,0,False,1.0,444.0,0.0,1,1,0,[1. 1.],[1 2],,0,0.6,0.7,0.30000000000000004,[0. 0.]
888,0.0,889,1,False,0.0,445.0,1.0,1,0,1,[1. 1.],[1 2],,0,0.6,0.7,0.30000000000000004,[0. 0.]
889,1.0,890,0,False,1.0,445.0,0.0,1,1,0,[0. 0.],[1 2],1.0,0,0.6,0.7,0.30000000000000004,[0. 0.]
890,0.0,891,1,False,0.0,446.0,2.0,1,0,1,[0. 0.],[1 2],1.0,0,0.6,0.7,0.30000000000000004,[0. 0.]
891,2.0,892,0,False,0.0,446.0,0.0,1,1,0,[1. 0.],[1 2],1.0,0,0.6,0.7,0.30000000000000004,[0. 0.]
892,0.0,893,1,False,0.0,447.0,2.0,1,0,1,[1. 0.],[1 2],1.0,0,0.6,0.7,0.30000000000000004,[0. 0.]
893,2.0,894,0,False,1.0,447.0,0.0,1,1,0,[1. 1.],[1 2],1.0,0,0.6,0.7,0.30000000000000004,[0. 0.]
894,0.0,895,1,False,0.0,448.0,2.0,1,0,1,[1. 1.],[1 2],1.0,0,0.6,0.7,0.30000000000000004,[0. 0.]
895,2.0,896,0,False,1.0,448.0,0.0,1,1,0,[1. 0.],[1 2],0.0,0,0.6,0.7,0.30000000000000004,[0. 0.]
896,0.0,897,1,False,0.0,449.0,1.0,1,0,1,[1. 0.],[1 2],0.0,0,0.6,0.7,0.30000000000000004,[0. 0.]
897,1.0,898,0,False,1.0,449.0,0.0,1,1,0,[1. 0.],[1 2],1.0,0,0.6,0.7,0.30000000000000004,[0. 0.]
898,0.0,899,1,False,0.0,450.0,2.0,1,0,1,[1. 0.],[1 2],1.0,0,0.6,0.7,0.30000000000000004,[0. 0.]
899,2.0,900,0,False,1.0,450.0,0.0,1,1,0,[1. 0.],[1 2],,0,0.6,0.7,0.30000000000000004,[0. 0.]
900,0.0,901,1,False,0.0,451.0,1.0,1,0,1,[1. 0.],[1 2],,0,0.6,0.7,0.30000000000000004,[0. 0.]
901,1.0,902,0,False,1.0,451.0,0.0,1,1,0,[1. 0.],[1 2],,0,0.6,0.7,0.30000000000000004,[0. 0.]
902,0.0,903,1,False,0.0,452.0,1.0,1,0,1,[1. 0.],[1 2],,0,0.6,0.7,0.30000000000000004,[0. 0.]
903,1.0,904,0,False,1.0,452.0,0.0,1,1,0,[1. 0.],[1 2],1.0,0,0.6,0.7,0.30000000000000004,[0. 0.]
904,0.0,905,1,False,0.0,453.0,2.0,1,0,1,[1. 0.],[1 2],1.0,0,0.6,0.7,0.30000000000000004,[0. 0.]
905,2.0,906,0,False,1.0,453.0,0.0,1,1,0,[1. 0.],[1 2],0.0,0,0.6,0.7,0.30000000000000004,[0. 0.]
906,0.0,907,1,False,0.0,454.0,1.0,1,0,1,[1. 0.],[1 2],0.0,0,0.6,0.7,0.30000000000000004,[0. 0.]
907,1.0,908,0,False,1.0,454.0,0.0,1,1,0,[1. 0.],[1 2],0.0,0,0.6,0.7,0.30000000000000004,[0. 0.]
908,0.0,909,1,False,0.0,455.0,1.0,1,0,1,[1. 0.],[1 2],0.0,0,0.6,0.7,0.30000000000000004,[0. 0.]
909,1.0,910,0,False,1.0,455.0,0.0,1,1,0,[0. 1.],[1 2],1.0,0,0.6,0.7,0.30000000000000004,[0. 0.]
910,0.0,911,1,False,0.0,456.0,2.0,1,0,1,[0. 1.],[1 2],1.0,0,0.6,0.7,0.30000000000000004,[0. 0.]
911,2.0,912,0,False,0.0,456.0,0.0,1,1,0,[1. 1.],[1 2],1.0,0,0.6,0.7,0.30000000000000004,[0. 0.]
912,0.0,913,1,False,0.0,457.0,2.0,1,0,1,[1. 1.],[1 2],1.0,0,0.6,0.7,0.30000000000000004,[0. 0.]
913,2.0,914,0,False,1.0,457.0,0.0,1,1,0,[1. 1.],[1 2],,1,0.6,0.7,0.30000000000000004,[0. 0.]
914,0.0,915,1,False,0.0,458.0,1.0,1,0,1,[1. 1.],[1 2],,1,0.6,0.7,0.30000000000000004,[0. 0.]
915,1.0,916,0,False,1.0,458.0,0.0,1,1,0,[0. 1.],[2 1],,1,0.6,0.7,0.30000000000000004,[0. 0.]
916,0.0,917,1,False,0.0,459.0,2.0,1,0,1,[0. 1.],[2 1],,1,0.6,0.7,0.30000000000000004,[0. 0.]
917,2.0,918,0,False,1.0,459.0,0.0,1,1,0,[0. 1.],[2 1],,1,0.6,0.7,0.30000000000000004,[0. 0.]
918,0.0,919,1,False,0.0,460.0,2.0,1,0,1,[0. 1.],[2 1],,1,0.6,0.7,0.30000000000000004,[0. 0.]
919,2.0,920,0,False,1.0,460.0,0.0,1,1,0,[0. 0.],[2 1],0.0,1,0.6,0.7,0.30000000000000004,[0. 0.]
920,0.0,921,1,False,0.0,461.0,1.0,1,0,1,[0. 0.],[2 1],0.0,1,0.6,0.7,0.30000000000000004,[0. 0.]
921,1.0,922,0,False,0.0,461.0,0.0,1,1,0,[1. 0.],[2 1],0.0,1,0.6,0.7,0.30000000000000004,[0. 0.]
922,0.0,923,1,False,0.0,462.0,1.0,1,0,1,[1. 0.],[2 1],0.0,1,0.6,0.7,0.30000000000000004,[0. 0.]
923,1.0,924,0,False,0.0,462.0,0.0,1,1,0,[0. 1.],[2 1],,1,0.6,0.7,0.30000000000000004,[0. 0.]
924,0.0,925,1,False,0.0,463.0,2.0,1,0,1,[0. 1.],[2 1],,1,0.6,0.7,0.30000000000000004,[0. 0.]
925,2.0,926,0,False,1.0,463.0,0.0,1,1,0,[0. 0.],[2 1],0.0,1,0.6,0.7,0.30000000000000004,[0. 0.]
926,0.0,927,1,False,0.0,464.0,1.0,1,0,1,[0. 0.],[2 1],0.0,1,0.6,0.7,0.30000000000000004,[0. 0.]
927,1.0,928,0,False,0.0,464.0,0.0,1,1,0,[0. 1.],[2 1],1.0,1,0.6,0.7,0.30000000000000004,[0. 0.]
928,0.0,929,1,False,0.0,465.0,2.0,1,0,1,[0. 1.],[2 1],1.0,1,0.6,0.7,0.30000000000000004,[0. 0.]
929,2.0,930,0,False,1.0,465.0,0.0,1,1,0,[1. 1.],[2 1],1.0,1,0.6,0.7,0.30000000000000004,[0. 0.]
930,0.0,931,1,False,0.0,466.0,2.0,1,0,1,[1. 1.],[2 1],1.0,1,0.6,0.7,0.30000000000000004,[0. 0.]
931,2.0,932,0,False,1.0,466.0,0.0,1,1,0,[0. 0.],[2 1],1.0,1,0.6,0.7,0.30000000000000004,[0. 0.]
932,0.0,933,1,False,0.0,467.0,2.0,1,0,1,[0. 0.],[2 1],1.0,1,0.6,0.7,0.30000000000000004,[0. 0.]
933,2.0,934,0,False,0.0,467.0,0.0,1,1,0,[0. 0.],[2 1],,1,0.6,0.7,0.30000000000000004,[0. 0.]
934,0.0,935,1,False,0.0,468.0,2.0,1,0,1,[0. 0.],[2 1],,1,0.6,0.7,0.30000000000000004,[0. 0.]
935,2.0,936,0,False,0.0,468.0,0.0,1,1,0,[1. 0.],[2 1],1.0,0,0.6,0.7,0.30000000000000004,[0. 0.]
936,0.0,937,1,False,0.0,469.0,2.0,1,0,1,[1. 0.],[2 1],1.0,0,0.6,0.7,0.30000000000000004,[0. 0.]
937,2.0,938,0,False,0.0,469.0,0.0,1,1,0,[1. 0.],[2 1],,0,0.6,0.7,0.30000000000000004,[0. 0.]
938,0.0,939,1,False,0.0,470.0,2.0,1,0,1,[1. 0.],[2 1],,0,0.6,0.7,0.30000000000000004,[0. 0.]
939,2.0,940,0,False,0.0,470.0,0.0,1,1,0,[1. 0.],[2 1],,0,0.6,0.7,0.30000000000000004,[0. 0.]
940,0.0,941,1,False,0.0,471.0,1.0,1,0,2,[1. 0.],[2 1],,0,0.6,0.7,0.30000000000000004,[0. 0.]
941,1.0,942,0,False,1.0,471.0,0.0,1,1,0,[0. 0.],[2 1],,0,0.6,0.7,0.30000000000000004,[0. 0.]
942,0.0,943,1,False,0.0,472.0,1.0,1,0,2,[0. 0.],[2 1],,0,0.6,0.7,0.30000000000000004,[0. 0.]
943,1.0,944,0,False,0.0,472.0,0.0,1,1,0,[1. 0.],[2 1],1.0,0,0.6,0.7,0.30000000000000004,[0. 0.]
944,0.0,945,1,False,0.0,473.0,2.0,1,0,2,[1. 0.],[2 1],1.0,0,0.6,0.7,0.30000000000000004,[0. 0.]
945,2.0,946,0,False,1.0,473.0,0.0,1,1,0,[1. 0.],[2 1],,0,0.6,0.7,0.30000000000000004,[0. 0.]
946,0.0,947,1,False,0.0,474.0,1.0,1,0,2,[1. 0.],[2 1],,0,0.6,0.7,0.30000000000000004,[0. 0.]
947,1.0,948,0,False,1.0,474.0,0.0,1,1,0,[1. 0.],[2 1],1.0,0,0.6,0.7,0.30000000000000004,[0. 0.]
948,0.0,949,1,False,0.0,475.0,2.0,1,0,2,[1. 0.],[2 1],1.0,0,0.6,0.7,0.30000000000000004,[0. 0.]
949,2.0,950,0,False,1.0,475.0,0.0,1,1,0,[1. 1.],[2 1],0.0,0,0.6,0.7,0.30000000000000004,[0. 0.]
950,0.0,951,1,False,0.0,476.0,1.0,1,0,2,[1. 1.],[2 1],0.0,0,0.6,0.7,0.30000000000000004,[0. 0.]
951,1.0,952,0,False,1.0,476.0,0.0,1,1,0,[1. 0.],[2 1],1.0,0,0.6,0.7,0.30000000000000004,[0. 0.]
952,0.0,953,1,False,0.0,477.0,2.0,1,0,2,[1. 0.],[2 1],1.0,0,0.6,0.7,0.30000000000000004,[0. 0.]
953,2.0,954,0,False,1.0,477.0,0.0,1,1,0,[0. 1.],[2 1],1.0,0,0.6,0.7,0.30000000000000004,[0. 0.]
954,0.0,955,1,False,0.0,478.0,2.0,1,0,2,[0. 1.],[2 1],1.0,0,0.6,0.7,0.30000000000000004,[0. 0.]
955,2.0,956,0,False,0.0,478.0,0.0,1,1,0,[0. 1.],[2 1],0.0,0,0.6,0.7,0.30000000000000004,[0. 0.]
956,0.0,957,1,False,0.0,479.0,1.0,1,0,2,[0. 1.],[2 1],0.0,0,0.6,0.7,0.30000000000000004,[0. 0.]
957,1.0,958,0,False,0.0,479.0,0.0,1,1,0,[0. 0.],[2 1],0.0,0,0.6,0.7,0.30000000000000004,[0. 0.]
958,0.0,959,1,False,0.0,480.0,1.0,1,0,2,[0. 0.],[2 1],0.0,0,0.6,0.7,0.30000000000000004,[0. 0.]
959,1.0,960,0,False,0.0,480.0,0.0,1,1,0,[1. 0.],[2 1],,0,0.6,0.7,0.30000000000000004,[0. 0.]
960,0.0,961,1,False,0.0,481.0,2.0,1,0,1,[1. 0.],[2 1],,0,0.6,0.7,0.30000000000000004,[0. 0.]
961,2.0,962,0,False,0.0,481.0,0.0,1,1,0,[1. 0.],[2 1],0.0,0,0.6,0.7,0.30000000000000004,[0. 0.]
962,0.0,963,1,False,0.0,482.0,1.0,1,0,1,[1. 0.],[2 1],0.0,0,0.6,0.7,0.30000000000000004,[0. 0.]
963,1.0,964,0,False,0.0,482.0,0.0,1,1,0,[1. 0.],[2 1],0.0,0,0.6,0.7,0.30000000000000004,[0. 0.]
964,0.0,965,1,False,0.0,483.0,1.0,1,0,2,[1. 0.],[2 1],0.0,0,0.6,0.7,0.30000000000000004,[0. 0.]
965,1.0,966,0,False,1.0,483.0,0.0,1,1,0,[0. 0.],[2 1],1.0,0,0.6,0.7,0.30000000000000004,[0. 0.]
966,0.0,967,1,False,0.0,484.0,2.0,1,0,2,[0. 0.],[2 1],1.0,0,0.6,0.7,0.30000000000000004,[0. 0.]
967,2.0,968,0,False,0.0,484.0,0.0,1,1,0,[1. 1.],[2 1],,0,0.6,0.7,0.30000000000000004,[0. 0.]
968,0.0,969,1,False,0.0,485.0,1.0,1,0,2,[1. 1.],[2 1],,0,0.6,0.7,0.30000000000000004,[0. 0.]
969,1.0,970,0,False,1.0,485.0,0.0,1,1,0,[1. 1.],[2 1],0.0,0,0.6,0.7,0.30000000000000004,[0. 0.]
970,0.0,971,1,False,0.0,486.0,1.0,1,0,2,[1. 1.],[2 1],0.0,0,0.6,0.7,0.30000000000000004,[0. 0.]
971,1.0,972,0,False,1.0,486.0,0.0,1,1,0,[1. 0.],[2 1],,0,0.6,0.7,0.30000000000000004,[0. 0.]
972,0.0,973,1,False,0.0,487.0,1.0,1,0,2,[1. 0.],[2 1],,0,0.6,0.7,0.30000000000000004,[0. 0.]
973,1.0,974,0,False,1.0,487.0,0.0,1,1,0,[1. 1.],[2 1],0.0,0,0.6,0.7,0.30000000000000004,[0. 0.]
974,0.0,975,1,False,0.0,488.0,1.0,1,0,2,[1. 1.],[2 1],0.0,0,0.6,0.7,0.30000000000000004,[0. 0.]
975,1.0,976,0,False,1.0,488.0,0.0,1,1,0,[0. 1.],[2 1],0.0,0,0.6,0.7,0.30000000000000004,[0. 0.]
976,0.0,977,1,False,0.0,489.0,1.0,1,0,2,[0. 1.],[2 1],0.0,0,0.6,0.7,0.30000000000000004,[0. 0.]
977,1.0,978,0,False,0.0,489.0,0.0,1,1,0,[1. 0.],[2 1],,0,0.6,0.7,0.30000000000000004,[0. 0.]
978,0.0,979,1,False,0.0,490.0,1.0,1,0,2,[1. 0.],[2 1],,0,0.6,0.7,0.30000000000000004,[0. 0.]
979,1.0,980,0,False,1.0,490.0,0.0,1,1,0,[0. 0.],[2 1],1.0,0,0.6,0.7,0.30000000000000004,[0. 0.]
980,0.0,981,1,False,0.0,491.0,2.0,1,0,2,[0. 0.],[2 1],1.0,0,0.6,0.7,0.30000000000000004,[0. 0.]
981,2.0,982,0,False,0.0,491.0,0.0,1,1,0,[1. 0.],[2 1],,0,0.6,0.7,0.30000000000000004,[0. 0.]
982,0.0,983,1,False,0.0,492.0,1.0,1,0,2,[1. 0.],[2 1],,0,0.6,0.7,0.30000000000000004,[0. 0.]
983,1.0,984,0,False,1.0,492.0,0.0,1,1,0,[1. 0.],[2 1],1.0,0,0.6,0.7,0.30000000000000004,[0. 0.]
984,0.0,985,1,False,0.0,493.0,2.0,1,0,2,[1. 0.],[2 1],1.0,0,0.6,0.7,0.30000000000000004,[0. 0.]
985,2.0,986,0,False,1.0,493.0,0.0,1,1,0,[1. 0.],[2 1],1.0,0,0.6,0.7,0.30000000000000004,[0. 0.]
986,0.0,987,1,False,0.0,494.0,2.0,1,0,2,[1. 0.],[2 1],1.0,0,0.6,0.7,0.30000000000000004,[0. 0.]
987,2.0,988,0,False,1.0,494.0,0.0,1,1,0,[1. 0.],[2 1],1.0,0,0.6,0.7,0.30000000000000004,[0. 0.]
988,0.0,989,1,False,0.0,495.0,2.0,1,0,2,[1. 0.],[2 1],1.0,0,0.6,0.7,0.30000000000000004,[0. 0.]
989,2.0,990,0,False,1.0,495.0,0.0,1,1,0,[1. 0.],[2 1],0.0,0,0.6,0.7,0.30000000000000004,[0. 0.]
990,0.0,991,1,False,0.0,496.0,1.0,1,0,2,[1. 0.],[2 1],0.0,0,0.6,0.7,0.30000000000000004,[0. 0.]
991,1.0,992,0,False,1.0,496.0,0.0,1,1,0,[0. 0.],[2 1],0.0,0,0.6,0.7,0.30000000000000004,[0. 0.]
992,0.0,993,1,False,0.0,497.0,1.0,1,0,2,[0. 0.],[2 1],0.0,0,0.6,0.7,0.30000000000000004,[0. 0.]
993,1.0,994,0,False,0.0,497.0,0.0,1,1,0,[1. 0.],[2 1],,0,0.6,0.7,0.30000000000000004,[0. 0.]
994,0.0,995,1,False,0.0,498.0,1.0,1,0,2,[1. 0.],[2 1],,0,0.6,0.7,0.30000000000000004,[0. 0.]
995,1.0,996,0,False,1.0,498.0,0.0,1,1,0,[0. 0.],[2 1],,0,0.6,0.7,0.30000000000000004,[0. 0.]
996,0.0,997,1,False,0.0,499.0,1.0,1,0,2,[0. 0.],[2 1],,0,0.6,0.7,0.30000000000000004,[0. 0.]
997,1.0,998,0,False,0.0,499.0,0.0,1,1,0,[1. 1.],[2 1],0.0,0,0.6,0.7,0.30000000000000004,[0. 0.]
998,0.0,999,1,False,0.0,500.0,1.0,1,0,2,[1. 1.],[2 1],0.0,0,0.6,0.7,0.30000000000000004,[0. 0.]
999,1.0,1000,0,False,1.0,500.0,0.0,1,1,0,[1. 0.],[2 1],1.0,0,0.6,0.7,0.30000000000000004,[0. 0.]
1000,0.0,1001,1,False,0.0,501.0,2.0,1,0,2,[1. 0.],[2 1],1.0,0,0.6,0.7,0.30000000000000004,[0. 0.]
1001,2.0,1002,0,False,1.0,501.0,0.0,1,1,0,[0. 0.],[2 1],0.0,0,0.6,0.7,0.30000000000000004,[0. 0.]
1002,0.0,1003,1,False,0.0,502.0,1.0,1,0,2,[0. 0.],[2 1],0.0,0,0.6,0.7,0.30000000000000004,[0. 0.]
1003,1.0,1004,0,False,0.0,502.0,0.0,1,1,0,[1. 0.],[2 1],,0,0.6,0.7,0.30000000000000004,[0. 0.]
1004,0.0,1005,1,False,0.0,503.0,1.0,1,0,2,[1. 0.],[2 1],,0,0.6,0.7,0.30000000000000004,[0. 0.]
1005,1.0,1006,0,False,1.0,503.0,0.0,1,1,0,[0. 0.],[2 1],,0,0.6,0.7,0.30000000000000004,[0. 0.]
1006,0.0,1007,1,False,0.0,504.0,1.0,1,0,2,[0. 0.],[2 1],,0,0.6,0.7,0.30000000000000004,[0. 0.]
1007,1.0,1008,0,False,0.0,504.0,0.0,1,1,0,[1. 0.],[2 1],1.0,0,0.6,0.7,0.30000000000000004,[0. 0.]
1008,0.0,1009,1,False,0.0,505.0,2.0,1,0,2,[1. 0.],[2 1],1.0,0,0.6,0.7,0.30000000000000004,[0. 0.]
1009,2.0,1010,0,False,1.0,505.0,0.0,1,1,0,[0. 0.],[2 1],0.0,0,0.6,0.7,0.30000000000000004,[0. 0.]
1010,0.0,1011,1,False,0.0,506.0,1.0,1,0,2,[0. 0.],[2 1],0.0,0,0.6,0.7,0.30000000000000004,[0. 0.]
1011,1.0,1012,0,False,0.0,506.0,0.0,1,1,0,[1. 0.],[2 1],1.0,0,0.6,0.7,0.30000000000000004,[0. 0.]
1012,0.0,1013,1,False,0.0,507.0,2.0,1,0,2,[1. 0.],[2 1],1.0,0,0.6,0.7,0.30000000000000004,[0. 0.]
1013,2.0,1014,0,False,1.0,507.0,0.0,1,1,0,[0. 0.],[2 1],0.0,0,0.6,0.7,0.30000000000000004,[0. 0.]
1014,0.0,1015,1,False,0.0,508.0,1.0,1,0,2,[0. 0.],[2 1],0.0,0,0.6,0.7,0.30000000000000004,[0. 0.]
1015,1.0,1016,0,False,0.0,508.0,0.0,1,1,0,[1. 0.],[2 1],,0,0.6,0.7,0.30000000000000004,[0. 0.]
1016,0.0,1017,1,False,0.0,509.0,1.0,1,0,2,[1. 0.],[2 1],,0,0.6,0.7,0.30000000000000004,[0. 0.]
1017,1.0,1018,0,False,1.0,509.0,0.0,1,1,0,[0. 1.],[2 1],1.0,0,0.6,0.7,0.30000000000000004,[0. 0.]
1018,0.0,1019,1,False,0.0,510.0,2.0,1,0,2,[0. 1.],[2 1],1.0,0,0.6,0.7,0.30000000000000004,[0. 0.]
1019,2.0,1020,0,False,0.0,510.0,0.0,1,1,0,[1. 0.],[2 1],1.0,0,0.6,0.7,0.30000000000000004,[0. 0.]
1020,0.0,1021,1,False,0.0,511.0,2.0,1,0,2,[1. 0.],[2 1],1.0,0,0.6,0.7,0.30000000000000004,[0. 0.]
1021,2.0,1022,0,False,1.0,511.0,0.0,1,1,0,[0. 0.],[2 1],,0,0.6,0.7,0.30000000000000004,[0. 0.]
1022,0.0,1023,1,False,0.0,512.0,1.0,1,0,2,[0. 0.],[2 1],,0,0.6,0.7,0.30000000000000004,[0. 0.]
1023,1.0,1024,0,False,0.0,512.0,0.0,1,1,0,[0. 1.],[2 1],,0,0.6,0.7,0.30000000000000004,[0. 0.]
1024,0.0,1025,1,False,0.0,513.0,2.0,1,0,1,[0. 1.],[2 1],,0,0.6,0.7,0.30000000000000004,[0. 0.]
1025,2.0,1026,0,False,1.0,513.0,0.0,1,1,0,[1. 0.],[2 1],1.0,0,0.6,0.7,0.30000000000000004,[0. 0.]
1026,0.0,1027,1,False,0.0,514.0,2.0,1,0,1,[1. 0.],[2 1],1.0,0,0.6,0.7,0.30000000000000004,[0. 0.]
1027,2.0,1028,0,False,0.0,514.0,0.0,1,1,0,[1. 1.],[1 2],0.0,0,0.6,0.7,0.30000000000000004,[0. 0.]
1028,0.0,1029,1,False,0.0,515.0,1.0,1,0,1,[1. 1.],[1 2],0.0,0,0.6,0.7,0.30000000000000004,[0. 0.]
1029,1.0,1030,0,False,1.0,515.0,0.0,1,1,0,[1. 0.],[1 2],0.0,0,0.6,0.7,0.30000000000000004,[0. 0.]
1030,0.0,1031,1,False,0.0,516.0,1.0,1,0,1,[1. 0.],[1 2],0.0,0,0.6,0.7,0.30000000000000004,[0. 0.]
1031,1.0,1032,0,False,1.0,516.0,0.0,1,1,0,[1. 1.],[1 2],1.0,0,0.6,0.7,0.30000000000000004,[0. 0.]
1032,0.0,1033,1,False,0.0,517.0,2.0,1,0,1,[1. 1.],[1 2],1.0,0,0.6,0.7,0.30000000000000004,[0. 0.]
1033,2.0,1034,0,False,1.0,517.0,0.0,1,1,0,[1. 0.],[1 2],1.0,0,0.6,0.7,0.30000000000000004,[0. 0.]
1034,0.0,1035,1,False,0.0,518.0,2.0,1,0,1,[1. 0.],[1 2],1.0,0,0.6,0.7,0.30000000000000004,[0. 0.]
1035,2.0,1036,0,False,1.0,518.0,0.0,1,1,0,[1. 0.],[1 2],1.0,0,0.6,0.7,0.30000000000000004,[0. 0.]
1036,0.0,1037,1,False,0.0,519.0,2.0,1,0,1,[1. 0.],[1 2],1.0,0,0.6,0.7,0.30000000000000004,[0. 0.]
1037,2.0,1038,0,False,1.0,519.0,0.0,1,1,0,[0. 1.],[1 2],,0,0.6,0.7,0.30000000000000004,[0. 0.]
1038,0.0,1039,1,False,0.0,520.0,1.0,1,0,1,[0. 1.],[1 2],,0,0.6,0.7,0.30000000000000004,[0. 0.]
1039,1.0,1040,0,False,0.0,520.0,0.0,1,1,0,[1. 0.],[1 2],,0,0.6,0.7,0.30000000000000004,[0. 0.]
1040,0.0,1041,1,False,0.0,521.0,1.0,1,0,1,[1. 0.],[1 2],,0,0.6,0.7,0.30000000000000004,[0. 0.]
1041,1.0,1042,0,False,1.0,521.0,0.0,1,1,0,[1. 1.],[1 2],1.0,0,0.6,0.7,0.30000000000000004,[0. 0.]
1042,0.0,1043,1,False,0.0,522.0,2.0,1,0,1,[1. 1.],[1 2],1.0,0,0.6,0.7,0.30000000000000004,[0. 0.]
1043,2.0,1044,0,False,1.0,522.0,0.0,1,1,0,[1. 1.],[1 2],0.0,0,0.6,0.7,0.30000000000000004,[0. 0.]
1044,0.0,1045,1,False,0.0,523.0,1.0,1,0,1,[1. 1.],[1 2],0.0,0,0.6,0.7,0.30000000000000004,[0. 0.]
1045,1.0,1046,0,False,1.0,523.0,0.0,1,1,0,[1. 0.],[1 2],0.0,0,0.6,0.7,0.30000000000000004,[0. 0.]
1046,0.0,1047,1,False,0.0,524.0,1.0,1,0,1,[1. 0.],[1 2],0.0,0,0.6,0.7,0.30000000000000004,[0. 0.]
1047,1.0,1048,0,False,1.0,524.0,0.0,1,1,0,[1. 0.],[1 2],1.0,0,0.6,0.7,0.30000000000000004,[0. 0.]
1048,0.0,1049,1,False,0.0,525.0,2.0,1,0,1,[1. 0.],[1 2],1.0,0,0.6,0.7,0.30000000000000004,[0. 0.]
1049,2.0,1050,0,False,1.0,525.0,0.0,1,1,0,[0. 0.],[1 2],,0,0.6,0.7,0.30000000000000004,[0. 0.]
1050,0.0,1051,1,False,0.0,526.0,1.0,1,0,1,[0. 0.],[1 2],,0,0.6,0.7,0.30000000000000004,[0. 0.]
1051,1.0,1052,0,False,0.0,526.0,0.0,1,1,0,[1. 0.],[1 2],,0,0.6,0.7,0.30000000000000004,[0. 0.]
1052,0.0,1053,1,False,0.0,527.0,1.0,1,0,1,[1. 0.],[1 2],,0,0.6,0.7,0.30000000000000004,[0. 0.]
1053,1.0,1054,0,False,1.0,527.0,0.0,1,1,0,[1. 1.],[1 2],0.0,0,0.6,0.7,0.30000000000000004,[0. 0.]
1054,0.0,1055,1,False,0.0,528.0,1.0,1,0,1,[1. 1.],[1 2],0.0,0,0.6,0.7,0.30000000000000004,[0. 0.]
1055,1.0,1056,0,False,1.0,528.0,0.0,1,1,0,[1. 1.],[1 2],,0,0.6,0.7,0.30000000000000004,[0. 0.]
1056,0.0,1057,1,False,0.0,529.0,1.0,1,0,1,[1. 1.],[1 2],,0,0.6,0.7,0.30000000000000004,[0. 0.]
1057,1.0,1058,0,False,1.0,529.0,0.0,1,1,0,[0. 1.],[1 2],0.0,1,0.6,0.7,0.30000000000000004,[0. 0.]
1058,0.0,1059,1,False,0.0,530.0,1.0,1,0,1,[0. 1.],[1 2],0.0,1,0.6,0.7,0.30000000000000004,[0. 0.]
1059,1.0,1060,0,False,0.0,530.0,0.0,1,1,0,[1. 0.],[1 2],1.0,0,0.6,0.7,0.30000000000000004,[0. 0.]
1060,0.0,1061,1,False,0.0,531.0,2.0,1,0,1,[1. 0.],[1 2],1.0,0,0.6,0.7,0.30000000000000004,[0. 0.]
1061,2.0,1062,0,False,1.0,531.0,0.0,1,1,0,[1. 0.],[1 2],,0,0.6,0.7,0.30000000000000004,[0. 0.]
1062,0.0,1063,1,False,0.0,532.0,1.0,1,0,1,[1. 0.],[1 2],,0,0.6,0.7,0.30000000000000004,[0. 0.]
1063,1.0,1064,0,False,1.0,532.0,0.0,1,1,0,[0. 0.],[1 2],0.0,0,0.6,0.7,0.30000000000000004,[0. 0.]
1064,0.0,1065,1,False,0.0,533.0,1.0,1,0,1,[0. 0.],[1 2],0.0,0,0.6,0.7,0.30000000000000004,[0. 0.]
1065,1.0,1066,0,False,0.0,533.0,0.0,1,1,0,[1. 0.],[1 2],0.0,0,0.6,0.7,0.30000000000000004,[0. 0.]
1066,0.0,1067,1,False,0.0,534.0,1.0,1,0,1,[1. 0.],[1 2],0.0,0,0.6,0.7,0.30000000000000004,[0. 0.]
1067,1.0,1068,0,False,1.0,534.0,0.0,1,1,0,[1. 0.],[1 2],1.0,0,0.6,0.7,0.30000000000000004,[0. 0.]
1068,0.0,1069,1,False,0.0,535.0,2.0,1,0,1,[1. 0.],[1 2],1.0,0,0.6,0.7,0.30000000000000004,[0. 0.]
1069,2.0,1070,0,False,1.0,535.0,0.0,1,1,0,[1. 0.],[1 2],,0,0.6,0.7,0.30000000000000004,[0. 0.]
1070,0.0,1071,1,False,0.0,536.0,1.0,1,0,1,[1. 0.],[1 2],,0,0.6,0.7,0.30000000000000004,[0. 0.]
1071,1.0,1072,0,False,1.0,536.0,0.0,1,1,0,[1. 0.],[1 2],,0,0.6,0.7,0.30000000000000004,[0. 0.]
1072,0.0,1073,1,False,0.0,537.0,1.0,1,0,1,[1. 0.],[1 2],,0,0.6,0.7,0.30000000000000004,[0. 0.]
1073,1.0,1074,0,False,1.0,537.0,0.0,1,1,0,[1. 1.],[1 2],,0,0.6,0.7,0.30000000000000004,[0. 0.]
1074,0.0,1075,1,False,0.0,538.0,1.0,1,0,1,[1. 1.],[1 2],,0,0.6,0.7,0.30000000000000004,[0. 0.]
1075,1.0,1076,0,False,1.0,538.0,0.0,1,1,0,[1. 0.],[1 2],1.0,0,0.6,0.7,0.30000000000000004,[0. 0.]
1076,0.0,1077,1,False,0.0,539.0,2.0,1,0,1,[1. 0.],[1 2],1.0,0,0.6,0.7,0.30000000000000004,[0. 0.]
1077,2.0,1078,0,False,1.0,539.0,0.0,1,1,0,[0. 0.],[1 2],,0,0.6,0.7,0.30000000000000004,[0. 0.]
1078,0.0,1079,1,False,0.0,540.0,1.0,1,0,1,[0. 0.],[1 2],,0,0.6,0.7,0.30000000000000004,[0. 0.]
1079,1.0,1080,0,False,0.0,540.0,0.0,1,1,0,[1. 1.],[1 2],1.0,0,0.6,0.7,0.30000000000000004,[0. 0.]
1080,0.0,1081,1,False,0.0,541.0,2.0,1,0,1,[1. 1.],[1 2],1.0,0,0.6,0.7,0.30000000000000004,[0. 0.]
1081,2.0,1082,0,False,1.0,541.0,0.0,1,1,0,[1. 1.],[1 2],,0,0.6,0.7,0.30000000000000004,[0. 0.]
1082,0.0,1083,1,False,0.0,542.0,1.0,1,0,1,[1. 1.],[1 2],,0,0.6,0.7,0.30000000000000004,[0. 0.]
1083,1.0,1084,0,False,1.0,542.0,0.0,1,1,0,[0. 1.],[1 2],,0,0.6,0.7,0.30000000000000004,[0. 0.]
1084,0.0,1085,1,False,0.0,543.0,1.0,1,0,1,[0. 1.],[1 2],,0,0.6,0.7,0.30000000000000004,[0. 0.]
1085,1.0,1086,0,False,0.0,543.0,0.0,1,1,0,[0. 0.],[1 2],0.0,0,0.6,0.7,0.30000000000000004,[0. 0.]
1086,0.0,1087,1,False,0.0,544.0,1.0,1,0,1,[0. 0.],[1 2],0.0,0,0.6,0.7,0.30000000000000004,[0. 0.]
1087,1.0,1088,0,False,0.0,544.0,0.0,1,1,0,[0. 0.],[1 2],,0,0.6,0.7,0.30000000000000004,[0. 0.]
1088,0.0,1089,1,False,0.0,545.0,1.0,1,0,1,[0. 0.],[1 2],,0,0.6,0.7,0.30000000000000004,[0. 0.]
1089,1.0,1090,0,False,0.0,545.0,0.0,1,1,0,[0. 1.],[1 2],0.0,0,0.6,0.7,0.30000000000000004,[0. 0.]
1090,0.0,1091,1,False,0.0,546.0,1.0,1,0,1,[0. 1.],[1 2],0.0,0,0.6,0.7,0.30000000000000004,[0. 0.]
1091,1.0,1092,0,False,0.0,546.0,0.0,1,1,0,[1. 0.],[1 2],,0,0.6,0.7,0.30000000000000004,[0. 0.]
1092,0.0,1093,1,False,0.0,547.0,2.0,1,0,2,[1. 0.],[1 2],,0,0.6,0.7,0.30000000000000004,[0. 0.]
1093,2.0,1094,0,False,0.0,547.0,0.0,1,1,0,[1. 0.],[1 2],,0,0.6,0.7,0.30000000000000004,[0. 0.]
1094,0.0,1095,1,False,0.0,548.0,1.0,1,0,1,[1. 0.],[1 2],,0,0.6,0.7,0.30000000000000004,[0. 0.]
1095,1.0,1096,0,False,1.0,548.0,0.0,1,1,0,[0. 0.],[1 2],0.0,0,0.6,0.7,0.30000000000000004,[0. 0.]
1096,0.0,1097,1,False,0.0,549.0,1.0,1,0,1,[0. 0.],[1 2],0.0,0,0.6,0.7,0.30000000000000004,[0. 0.]
1097,1.0,1098,0,False,0.0,549.0,0.0,1,1,0,[0. 0.],[1 2],1.0,0,0.6,0.7,0.30000000000000004,[0. 0.]
1098,0.0,1099,1,False,0.0,550.0,2.0,1,0,1,[0. 0.],[1 2],1.0,0,0.6,0.7,0.30000000000000004,[0. 0.]
1099,2.0,1100,0,False,0.0,550.0,0.0,1,1,0,[1. 1.],[2 1],1.0,0,0.6,0.7,0.30000000000000004,[0. 0.]
1100,0.0,1101,1,False,0.0,551.0,2.0,1,0,2,[1. 1.],[2 1],1.0,0,0.6,0.7,0.30000000000000004,[0. 0.]
1101,2.0,1102,0,False,1.0,551.0,0.0,1,1,0,[1. 0.],[2 1],,0,0.6,0.7,0.30000000000000004,[0. 0.]
1102,0.0,1103,1,False,0.0,552.0,1.0,1,0,2,[1. 0.],[2 1],,0,0.6,0.7,0.30000000000000004,[0. 0.]
1103,1.0,1104,0,False,1.0,552.0,0.0,1,1,0,[1. 0.],[2 1],,0,0.6,0.7,0.30000000000000004,[0. 0.]
1104,0.0,1105,1,False,0.0,553.0,1.0,1,0,2,[1. 0.],[2 1],,0,0.6,0.7,0.30000000000000004,[0. 0.]
1105,1.0,1106,0,False,1.0,553.0,0.0,1,1,0,[1. 0.],[2 1],0.0,0,0.6,0.7,0.30000000000000004,[0. 0.]
1106,0.0,1107,1,False,0.0,554.0,1.0,1,0,2,[1. 0.],[2 1],0.0,0,0.6,0.7,0.30000000000000004,[0. 0.]
1107,1.0,1108,0,False,1.0,554.0,0.0,1,1,0,[1. 0.],[2 1],,0,0.6,0.7,0.30000000000000004,[0. 0.]
1108,0.0,1109,1,False,0.0,555.0,1.0,1,0,2,[1. 0.],[2 1],,0,0.6,0.7,0.30000000000000004,[0. 0.]
1109,1.0,1110,0,False,1.0,555.0,0.0,1,1,0,[1. 0.],[2 1],1.0,0,0.6,0.7,0.30000000000000004,[0. 0.]
1110,0.0,1111,1,False,0.0,556.0,2.0,1,0,2,[1. 0.],[2 1],1.0,0,0.6,0.7,0.30000000000000004,[0. 0.]
1111,2.0,1112,0,False,1.0,556.0,0.0,1,1,0,[1. 1.],[2 1],1.0,0,0.6,0.7,0.30000000000000004,[0. 0.]
1112,0.0,1113,1,False,0.0,557.0,2.0,1,0,2,[1. 1.],[2 1],1.0,0,0.6,0.7,0.30000000000000004,[0. 0.]
1113,2.0,1114,0,False,1.0,557.0,0.0,1,1,0,[1. 1.],[2 1],0.0,0,0.6,0.7,0.30000000000000004,[0. 0.]
1114,0.0,1115,1,False,0.0,558.0,1.0,1,0,2,[1. 1.],[2 1],0.0,0,0.6,0.7,0.30000000000000004,[0. 0.]
1115,1.0,1116,0,False,1.0,558.0,0.0,1,1,0,[1. 1.],[2 1],,0,0.6,0.7,0.30000000000000004,[0. 0.]
1116,0.0,1117,1,False,0.0,559.0,1.0,1,0,2,[1. 1.],[2 1],,0,0.6,0.7,0.30000000000000004,[0. 0.]
1117,1.0,1118,0,False,1.0,559.0,0.0,1,1,0,[1. 0.],[2 1],0.0,0,0.6,0.7,0.30000000000000004,[0. 0.]
1118,0.0,1119,1,False,0.0,560.0,1.0,1,0,2,[1. 0.],[2 1],0.0,0,0.6,0.7,0.30000000000000004,[0. 0.]
1119,1.0,1120,0,False,1.0,560.0,0.0,1,1,0,[1. 1.],[2 1],1.0,0,0.6,0.7,0.30000000000000004,[0. 0.]
1120,0.0,1121,1,False,0.0,561.0,2.0,1,0,2,[1. 1.],[2 1],1.0,0,0.6,0.7,0.30000000000000004,[0. 0.]
1121,2.0,1122,0,False,1.0,561.0,0.0,1,1,0,[1. 1.],[1 2],,0,0.6,0.7,0.30000000000000004,[0. 0.]
1122,0.0,1123,1,False,0.0,562.0,2.0,1,0,2,[1. 1.],[1 2],,0,0.6,0.7,0.30000000000000004,[0. 0.]
1123,2.0,1124,0,False,1.0,562.0,0.0,1,1,0,[1. 0.],[1 2],1.0,0,0.6,0.7,0.30000000000000004,[0. 0.]
1124,0.0,1125,1,False,0.0,563.0,2.0,1,0,2,[1. 0.],[1 2],1.0,0,0.6,0.7,0.30000000000000004,[0. 0.]
1125,2.0,1126,0,False,0.0,563.0,0.0,1,1,0,[1. 0.],[1 2],0.0,0,0.6,0.7,0.30000000000000004,[0. 0.]
1126,0.0,1127,1,False,0.0,564.0,1.0,1,0,2,[1. 0.],[1 2],0.0,0,0.6,0.7,0.30000000000000004,[0. 0.]
1127,1.0,1128,0,False,0.0,564.0,0.0,1,1,0,[1. 0.],[1 2],0.0,0,0.6,0.7,0.30000000000000004,[0. 0.]
1128,0.0,1129,1,False,0.0,565.0,1.0,1,0,1,[1. 0.],[1 2],0.0,0,0.6,0.7,0.30000000000000004,[0. 0.]
1129,1.0,1130,0,False,1.0,565.0,0.0,1,1,0,[1. 0.],[1 2],0.0,0,0.6,0.7,0.30000000000000004,[0. 0.]
1130,0.0,1131,1,False,0.0,566.0,1.0,1,0,1,[1. 0.],[1 2],0.0,0,0.6,0.7,0.30000000000000004,[0. 0.]
1131,1.0,1132,0,False,1.0,566.0,0.0,1,1,0,[1. 1.],[1 2],1.0,0,0.6,0.7,0.30000000000000004,[0. 0.]
1132,0.0,1133,1,False,0.0,567.0,2.0,1,0,1,[1. 1.],[1 2],1.0,0,0.6,0.7,0.30000000000000004,[0. 0.]
1133,2.0,1134,0,False,1.0,567.0,0.0,1,1,0,[0. 0.],[1 2],0.0,0,0.6,0.7,0.30000000000000004,[0. 0.]
1134,0.0,1135,1,False,0.0,568.0,1.0,1,0,1,[0. 0.],[1 2],0.0,0,0.6,0.7,0.30000000000000004,[0. 0.]
1135,1.0,1136,0,False,0.0,568.0,0.0,1,1,0,[1. 1.],[1 2],,0,0.6,0.7,0.30000000000000004,[0. 0.]
1136,0.0,1137,1,False,0.0,569.0,1.0,1,0,1,[1. 1.],[1 2],,0,0.6,0.7,0.30000000000000004,[0. 0.]
1137,1.0,1138,0,False,1.0,569.0,0.0,1,1,0,[1. 0.],[1 2],1.0,0,0.6,0.7,0.30000000000000004,[0. 0.]
1138,0.0,1139,1,False,0.0,570.0,2.0,1,0,1,[1. 0.],[1 2],1.0,0,0.6,0.7,0.30000000000000004,[0. 0.]
1139,2.0,1140,0,False,1.0,570.0,0.0,1,1,0,[1. 0.],[1 2],,0,0.6,0.7,0.30000000000000004,[0. 0.]
1140,0.0,1141,1,False,0.0,571.0,1.0,1,0,1,[1. 0.],[1 2],,0,0.6,0.7,0.30000000000000004,[0. 0.]
1141,1.0,1142,0,False,1.0,571.0,0.0,1,1,0,[0. 0.],[1 2],,0,0.6,0.7,0.30000000000000004,[0. 0.]
1142,0.0,1143,1,False,0.0,572.0,1.0,1,0,1,[0. 0.],[1 2],,0,0.6,0.7,0.30000000000000004,[0. 0.]
1143,1.0,1144,0,False,0.0,572.0,0.0,1,1,0,[0. 1.],[1 2],1.0,0,0.6,0.7,0.30000000000000004,[0. 0.]
1144,0.0,1145,1,False,0.0,573.0,2.0,1,0,1,[0. 1.],[1 2],1.0,0,0.6,0.7,0.30000000000000004,[0. 0.]
1145,2.0,1146,0,False,0.0,573.0,0.0,1,1,0,[1. 0.],[1 2],1.0,0,0.6,0.7,0.30000000000000004,[0. 0.]
1146,0.0,1147,1,False,0.0,574.0,2.0,1,0,2,[1. 0.],[1 2],1.0,0,0.6,0.7,0.30000000000000004,[0. 0.]
1147,2.0,1148,0,False,0.0,574.0,0.0,1,1,0,[1. 1.],[1 2],,0,0.6,0.7,0.30000000000000004,[0. 0.]
1148,0.0,1149,1,False,0.0,575.0,1.0,1,0,1,[1. 1.],[1 2],,0,0.6,0.7,0.30000000000000004,[0. 0.]
1149,1.0,1150,0,False,1.0,575.0,0.0,1,1,0,[1. 1.],[1 2],1.0,0,0.6,0.7,0.30000000000000004,[0. 0.]
1150,0.0,1151,1,False,0.0,576.0,2.0,1,0,1,[1. 1.],[1 2],1.0,0,0.6,0.7,0.30000000000000004,[0. 0.]
1151,2.0,1152,0,False,1.0,576.0,0.0,1,1,0,[1. 0.],[1 2],0.0,0,0.6,0.7,0.30000000000000004,[0. 0.]
1152,0.0,1153,1,False,0.0,577.0,1.0,1,0,1,[1. 0.],[1 2],0.0,0,0.6,0.7,0.30000000000000004,[0. 0.]
1153,1.0,1154,0,False,1.0,577.0,0.0,1,1,0,[1. 0.],[1 2],,0,0.6,0.7,0.30000000000000004,[0. 0.]
1154,0.0,1155,1,False,0.0,578.0,1.0,1,0,1,[1. 0.],[1 2],,0,0.6,0.7,0.30000000000000004,[0. 0.]
1155,1.0,1156,0,False,1.0,578.0,0.0,1,1,0,[1. 0.],[1 2],1.0,0,0.6,0.7,0.30000000000000004,[0. 0.]
1156,0.0,1157,1,False,0.0,579.0,2.0,1,0,1,[1. 0.],[1 2],1.0,0,0.6,0.7,0.30000000000000004,[0. 0.]
1157,2.0,1158,0,False,1.0,579.0,0.0,1,1,0,[0. 0.],[1 2],,0,0.6,0.7,0.30000000000000004,[0. 0.]
1158,0.0,1159,1,False,0.0,580.0,1.0,1,0,1,[0. 0.],[1 2],,0,0.6,0.7,0.30000000000000004,[0. 0.]
1159,1.0,1160,0,False,0.0,580.0,0.0,1,1,0,[1. 1.],[1 2],1.0,0,0.6,0.7,0.30000000000000004,[0. 0.]
1160,0.0,1161,1,False,0.0,581.0,2.0,1,0,1,[1. 1.],[1 2],1.0,0,0.6,0.7,0.30000000000000004,[0. 0.]
1161,2.0,1162,0,False,1.0,581.0,0.0,1,1,0,[0. 1.],[1 2],,0,0.6,0.7,0.30000000000000004,[0. 0.]
1162,0.0,1163,1,False,0.0,582.0,1.0,1,0,1,[0. 1.],[1 2],,0,0.6,0.7,0.30000000000000004,[0. 0.]
1163,1.0,1164,0,False,0.0,582.0,0.0,1,1,0,[1. 0.],[1 2],1.0,0,0.6,0.7,0.30000000000000004,[0. 0.]
1164,0.0,1165,1,False,0.0,583.0,2.0,1,0,1,[1. 0.],[1 2],1.0,0,0.6,0.7,0.30000000000000004,[0. 0.]
1165,2.0,1166,0,False,1.0,583.0,0.0,1,1,0,[1. 0.],[1 2],1.0,0,0.6,0.7,0.30000000000000004,[0. 0.]
1166,0.0,1167,1,False,0.0,584.0,2.0,1,0,1,[1. 0.],[1 2],1.0,0,0.6,0.7,0.30000000000000004,[0. 0.]
1167,2.0,1168,0,False,1.0,584.0,0.0,1,1,0,[1. 0.],[1 2],0.0,0,0.6,0.7,0.30000000000000004,[0. 0.]
1168,0.0,1169,1,False,0.0,585.0,1.0,1,0,1,[1. 0.],[1 2],0.0,0,0.6,0.7,0.30000000000000004,[0. 0.]
1169,1.0,1170,0,False,1.0,585.0,0.0,1,1,0,[0. 1.],[1 2],0.0,0,0.6,0.7,0.30000000000000004,[0. 0.]
1170,0.0,1171,1,False,0.0,586.0,1.0,1,0,1,[0. 1.],[1 2],0.0,0,0.6,0.7,0.30000000000000004,[0. 0.]
1171,1.0,1172,0,False,0.0,586.0,0.0,1,1,0,[1. 1.],[1 2],0.0,0,0.6,0.7,0.30000000000000004,[0. 0.]
1172,0.0,1173,1,False,0.0,587.0,1.0,1,0,1,[1. 1.],[1 2],0.0,0,0.6,0.7,0.30000000000000004,[0. 0.]
1173,1.0,1174,0,False,1.0,587.0,0.0,1,1,0,[1. 0.],[1 2],0.0,0,0.6,0.7,0.30000000000000004,[0. 0.]
1174,0.0,1175,1,False,0.0,588.0,1.0,1,0,1,[1. 0.],[1 2],0.0,0,0.6,0.7,0.30000000000000004,[0. 0.]
1175,1.0,1176,0,False,1.0,588.0,0.0,1,1,0,[1. 1.],[1 2],0.0,0,0.6,0.7,0.30000000000000004,[0. 0.]
1176,0.0,1177,1,False,0.0,589.0,1.0,1,0,1,[1. 1.],[1 2],0.0,0,0.6,0.7,0.30000000000000004,[0. 0.]
1177,1.0,1178,0,False,1.0,589.0,0.0,1,1,0,[1. 1.],[1 2],0.0,0,0.6,0.7,0.30000000000000004,[0. 0.]
1178,0.0,1179,1,False,0.0,590.0,1.0,1,0,1,[1. 1.],[1 2],0.0,0,0.6,0.7,0.30000000000000004,[0. 0.]
1179,1.0,1180,0,False,1.0,590.0,0.0,1,1,0,[0. 0.],[1 2],,0,0.6,0.7,0.30000000000000004,[0. 0.]
1180,0.0,1181,1,False,0.0,591.0,1.0,1,0,1,[0. 0.],[1 2],,0,0.6,0.7,0.30000000000000004,[0. 0.]
1181,1.0,1182,0,False,0.0,591.0,0.0,1,1,0,[0. 0.],[1 2],,0,0.6,0.7,0.30000000000000004,[0. 0.]
1182,0.0,1183,1,False,0.0,592.0,1.0,1,0,1,[0. 0.],[1 2],,0,0.6,0.7,0.30000000000000004,[0. 0.]
1183,1.0,1184,0,False,0.0,592.0,0.0,1,1,0,[0. 1.],[1 2],,0,0.6,0.7,0.30000000000000004,[0. 0.]
1184,0.0,1185,1,False,0.0,593.0,1.0,1,0,1,[0. 1.],[1 2],,0,0.6,0.7,0.30000000000000004,[0. 0.]
1185,1.0,1186,0,False,0.0,593.0,0.0,1,1,0,[1. 0.],[1 2],1.0,0,0.6,0.7,0.30000000000000004,[0. 0.]
1186,0.0,1187,1,False,0.0,594.0,2.0,1,0,1,[1. 0.],[1 2],1.0,0,0.6,0.7,0.30000000000000004,[0. 0.]
1187,2.0,1188,0,False,1.0,594.0,0.0,1,1,0,[0. 0.],[1 2],1.0,1,0.6,0.7,0.30000000000000004,[0. 0.]
1188,0.0,1189,1,False,0.0,595.0,2.0,1,0,1,[0. 0.],[1 2],1.0,1,0.6,0.7,0.30000000000000004,[0. 0.]
1189,2.0,1190,0,False,0.0,595.0,0.0,1,1,0,[0. 1.],[1 2],0.0,1,0.6,0.7,0.30000000000000004,[0. 0.]
1190,0.0,1191,1,False,0.0,596.0,1.0,1,0,1,[0. 1.],[1 2],0.0,1,0.6,0.7,0.30000000000000004,[0. 0.]
1191,1.0,1192,0,False,0.0,596.0,0.0,1,1,0,[0. 1.],[1 2],,1,0.6,0.7,0.30000000000000004,[0. 0.]
1192,0.0,1193,1,False,0.0,597.0,1.0,1,0,1,[0. 1.],[1 2],,1,0.6,0.7,0.30000000000000004,[0. 0.]
1193,1.0,1194,0,False,0.0,597.0,0.0,1,1,0,[1. 1.],[1 2],,1,0.6,0.7,0.30000000000000004,[0. 0.]
1194,0.0,1195,1,False,0.0,598.0,2.0,1,0,2,[1. 1.],[1 2],,1,0.6,0.7,0.30000000000000004,[0. 0.]
1195,2.0,1196,0,False,1.0,598.0,0.0,1,1,0,[0. 0.],[1 2],0.0,1,0.6,0.7,0.30000000000000004,[0. 0.]
1196,0.0,1197,1,False,0.0,599.0,1.0,1,0,2,[0. 0.],[1 2],0.0,1,0.6,0.7,0.30000000000000004,[0. 0.]
1197,1.0,1198,0,False,0.0,599.0,0.0,1,1,0,[0. 0.],[1 2],,1,0.6,0.7,0.30000000000000004,[0. 0.]
1198,0.0,1199,1,False,0.0,600.0,2.0,1,0,2,[0. 0.],[1 2],,1,0.6,0.7,0.30000000000000004,[0. 0.]
1199,2.0,1200,0,False,0.0,600.0,0.0,1,1,0,[0. 0.],[1 2],,1,0.6,0.7,0.30000000000000004,[0. 0.]
1200,0.0,1201,1,False,0.0,601.0,1.0,1,0,1,[0. 0.],[1 2],,1,0.6,0.7,0.30000000000000004,[0. 0.]
1201,1.0,1202,0,False,0.0,601.0,0.0,1,1,0,[0. 1.],[1 2],,1,0.6,0.7,0.30000000000000004,[0. 0.]
1202,0.0,1203,1,False,0.0,602.0,1.0,1,0,1,[0. 1.],[1 2],,1,0.6,0.7,0.30000000000000004,[0. 0.]
1203,1.0,1204,0,False,0.0,602.0,0.0,1,1,0,[0. 1.],[1 2],0.0,1,0.6,0.7,0.30000000000000004,[0. 0.]
1204,0.0,1205,1,False,0.0,603.0,1.0,1,0,1,[0. 1.],[1 2],0.0,1,0.6,0.7,0.30000000000000004,[0. 0.]
1205,1.0,1206,0,False,0.0,603.0,0.0,1,1,0,[0. 0.],[2 1],1.0,1,0.6,0.7,0.30000000000000004,[0. 0.]
1206,0.0,1207,1,False,0.0,604.0,2.0,1,0,2,[0. 0.],[2 1],1.0,1,0.6,0.7,0.30000000000000004,[0. 0.]
1207,2.0,1208,0,False,0.0,604.0,0.0,1,1,0,[0. 0.],[2 1],1.0,1,0.6,0.7,0.30000000000000004,[0. 0.]
1208,0.0,1209,1,False,0.0,605.0,2.0,1,0,1,[0. 0.],[2 1],1.0,1,0.6,0.7,0.30000000000000004,[0. 0.]
1209,2.0,1210,0,False,0.0,605.0,0.0,1,1,0,[0. 1.],[2 1],1.0,1,0.6,0.7,0.30000000000000004,[0. 0.]
1210,0.0,1211,1,False,0.0,606.0,2.0,1,0,2,[0. 1.],[2 1],1.0,1,0.6,0.7,0.30000000000000004,[0. 0.]
1211,2.0,1212,0,False,0.0,606.0,0.0,1,1,0,[0. 1.],[2 1],1.0,1,0.6,0.7,0.30000000000000004,[0. 0.]
1212,0.0,1213,1,False,0.0,607.0,2.0,1,0,1,[0. 1.],[2 1],1.0,1,0.6,0.7,0.30000000000000004,[0. 0.]
1213,2.0,1214,0,False,1.0,607.0,0.0,1,1,0,[0. 1.],[2 1],1.0,1,0.6,0.7,0.30000000000000004,[0. 0.]
1214,0.0,1215,1,False,0.0,608.0,2.0,1,0,1,[0. 1.],[2 1],1.0,1,0.6,0.7,0.30000000000000004,[0. 0.]
1215,2.0,1216,0,False,1.0,608.0,0.0,1,1,0,[0. 1.],[2 1],1.0,1,0.6,0.7,0.30000000000000004,[0. 0.]
1216,0.0,1217,1,False,0.0,609.0,2.0,1,0,1,[0. 1.],[2 1],1.0,1,0.6,0.7,0.30000000000000004,[0. 0.]
1217,2.0,1218,0,False,1.0,609.0,0.0,1,1,0,[0. 1.],[2 1],0.0,1,0.6,0.7,0.30000000000000004,[0. 0.]
1218,0.0,1219,1,False,0.0,610.0,1.0,1,0,1,[0. 1.],[2 1],0.0,1,0.6,0.7,0.30000000000000004,[0. 0.]
1219,1.0,1220,0,False,1.0,610.0,0.0,1,1,0,[1. 1.],[2 1],0.0,1,0.6,0.7,0.30000000000000004,[0. 0.]
1220,0.0,1221,1,False,0.0,611.0,1.0,1,0,1,[1. 1.],[2 1],0.0,1,0.6,0.7,0.30000000000000004,[0. 0.]
1221,1.0,1222,0,False,1.0,611.0,0.0,1,1,0,[1. 1.],[2 1],,1,0.6,0.7,0.30000000000000004,[0. 0.]
1222,0.0,1223,1,False,0.0,612.0,2.0,1,0,1,[1. 1.],[2 1],,1,0.6,0.7,0.30000000000000004,[0. 0.]
1223,2.0,1224,0,False,1.0,612.0,0.0,1,1,0,[0. 0.],[2 1],0.0,1,0.6,0.7,0.30000000000000004,[0. 0.]
1224,0.0,1225,1,False,0.0,613.0,1.0,1,0,1,[0. 0.],[2 1],0.0,1,0.6,0.7,0.30000000000000004,[0. 0.]
1225,1.0,1226,0,False,0.0,613.0,0.0,1,1,0,[0. 1.],[2 1],,1,0.6,0.7,0.30000000000000004,[0. 0.]
1226,0.0,1227,1,False,0.0,614.0,2.0,1,0,1,[0. 1.],[2 1],,1,0.6,0.7,0.30000000000000004,[0. 0.]
1227,2.0,1228,0,False,1.0,614.0,0.0,1,1,0,[0. 1.],[2 1],,1,0.6,0.7,0.30000000000000004,[0. 0.]
1228,0.0,1229,1,False,0.0,615.0,2.0,1,0,1,[0. 1.],[2 1],,1,0.6,0.7,0.30000000000000004,[0. 0.]
1229,2.0,1230,0,False,1.0,615.0,0.0,1,1,0,[1. 1.],[2 1],0.0,1,0.6,0.7,0.30000000000000004,[0. 0.]
1230,0.0,1231,1,False,0.0,616.0,1.0,1,0,1,[1. 1.],[2 1],0.0,1,0.6,0.7,0.30000000000000004,[0. 0.]
1231,1.0,1232,0,False,1.0,616.0,0.0,1,1,0,[0. 0.],[2 1],1.0,1,0.6,0.7,0.30000000000000004,[0. 0.]
1232,0.0,1233,1,False,0.0,617.0,2.0,1,0,1,[0. 0.],[2 1],1.0,1,0.6,0.7,0.30000000000000004,[0. 0.]
1233,2.0,1234,0,False,0.0,617.0,0.0,1,1,0,[0. 1.],[2 1],0.0,1,0.6,0.7,0.30000000000000004,[0. 0.]
1234,0.0,1235,1,False,0.0,618.0,1.0,1,0,1,[0. 1.],[2 1],0.0,1,0.6,0.7,0.30000000000000004,[0. 0.]
1235,1.0,1236,0,False,1.0,618.0,0.0,1,1,0,[0. 1.],[2 1],0.0,1,0.6,0.7,0.30000000000000004,[0. 0.]
1236,0.0,1237,1,False,0.0,619.0,1.0,1,0,1,[0. 1.],[2 1],0.0,1,0.6,0.7,0.30000000000000004,[0. 0.]
1237,1.0,1238,0,False,1.0,619.0,0.0,1,1,0,[0. 1.],[2 1],0.0,1,0.6,0.7,0.30000000000000004,[0. 0.]
1238,0.0,1239,1,False,0.0,620.0,1.0,1,0,1,[0. 1.],[2 1],0.0,1,0.6,0.7,0.30000000000000004,[0. 0.]
1239,1.0,1240,0,False,1.0,620.0,0.0,1,1,0,[0. 1.],[2 1],0.0,1,0.6,0.7,0.30000000000000004,[0. 0.]
1240,0.0,1241,1,False,0.0,621.0,1.0,1,0,1,[0. 1.],[2 1],0.0,1,0.6,0.7,0.30000000000000004,[0. 0.]
1241,1.0,1242,0,False,1.0,621.0,0.0,1,1,0,[0. 1.],[2 1],0.0,1,0.6,0.7,0.30000000000000004,[0. 0.]
1242,0.0,1243,1,False,0.0,622.0,1.0,1,0,1,[0. 1.],[2 1],0.0,1,0.6,0.7,0.30000000000000004,[0. 0.]
1243,1.0,1244,0,False,1.0,622.0,0.0,1,1,0,[0. 1.],[2 1],,1,0.6,0.7,0.30000000000000004,[0. 0.]
1244,0.0,1245,1,False,0.0,623.0,2.0,1,0,1,[0. 1.],[2 1],,1,0.6,0.7,0.30000000000000004,[0. 0.]
1245,2.0,1246,0,False,1.0,623.0,0.0,1,1,0,[0. 1.],[1 2],0.0,1,0.6,0.7,0.30000000000000004,[0. 0.]
1246,0.0,1247,1,False,0.0,624.0,1.0,1,0,1,[0. 1.],[1 2],0.0,1,0.6,0.7,0.30000000000000004,[0. 0.]
1247,1.0,1248,0,False,0.0,624.0,0.0,1,1,0,[0. 1.],[1 2],1.0,1,0.6,0.7,0.30000000000000004,[0. 0.]
1248,0.0,1249,1,False,0.0,625.0,2.0,1,0,1,[0. 1.],[1 2],1.0,1,0.6,0.7,0.30000000000000004,[0. 0.]
1249,2.0,1250,0,False,0.0,625.0,0.0,1,1,0,[1. 1.],[1 2],,1,0.6,0.7,0.30000000000000004,[0. 0.]
1250,0.0,1251,1,False,0.0,626.0,1.0,1,0,1,[1. 1.],[1 2],,1,0.6,0.7,0.30000000000000004,[0. 0.]
1251,1.0,1252,0,False,1.0,626.0,0.0,1,1,0,[0. 1.],[1 2],0.0,1,0.6,0.7,0.30000000000000004,[0. 0.]
1252,0.0,1253,1,False,0.0,627.0,1.0,1,0,1,[0. 1.],[1 2],0.0,1,0.6,0.7,0.30000000000000004,[0. 0.]
1253,1.0,1254,0,False,0.0,627.0,0.0,1,1,0,[1. 1.],[1 2],,1,0.6,0.7,0.30000000000000004,[0. 0.]
1254,0.0,1255,1,False,0.0,628.0,1.0,1,0,1,[1. 1.],[1 2],,1,0.6,0.7,0.30000000000000004,[0. 0.]
1255,1.0,1256,0,False,1.0,628.0,0.0,1,1,0,[0. 1.],[1 2],0.0,1,0.6,0.7,0.30000000000000004,[0. 0.]
1256,0.0,1257,1,False,0.0,629.0,1.0,1,0,1,[0. 1.],[1 2],0.0,1,0.6,0.7,0.30000000000000004,[0. 0.]
1257,1.0,1258,0,False,0.0,629.0,0.0,1,1,0,[0. 1.],[1 2],0.0,1,0.6,0.7,0.30000000000000004,[0. 0.]
1258,0.0,1259,1,False,0.0,630.0,1.0,1,0,1,[0. 1.],[1 2],0.0,1,0.6,0.7,0.30000000000000004,[0. 0.]
1259,1.0,1260,0,False,0.0,630.0,0.0,1,1,0,[0. 1.],[1 2],,1,0.6,0.7,0.30000000000000004,[0. 0.]
1260,0.0,1261,1,False,0.0,631.0,1.0,1,0,1,[0. 1.],[1 2],,1,0.6,0.7,0.30000000000000004,[0. 0.]
1261,1.0,1262,0,False,0.0,631.0,0.0,1,1,0,[1. 0.],[1 2],1.0,1,0.6,0.7,0.30000000000000004,[0. 0.]
1262,0.0,1263,1,False,0.0,632.0,2.0,1,0,2,[1. 0.],[1 2],1.0,1,0.6,0.7,0.30000000000000004,[0. 0.]
1263,2.0,1264,0,False,0.0,632.0,0.0,1,1,0,[0. 1.],[1 2],,1,0.6,0.7,0.30000000000000004,[0. 0.]
1264,0.0,1265,1,False,0.0,633.0,1.0,1,0,1,[0. 1.],[1 2],,1,0.6,0.7,0.30000000000000004,[0. 0.]
1265,1.0,1266,0,False,0.0,633.0,0.0,1,1,0,[0. 1.],[1 2],,1,0.6,0.7,0.30000000000000004,[0. 0.]
1266,0.0,1267,1,False,0.0,634.0,1.0,1,0,1,[0. 1.],[1 2],,1,0.6,0.7,0.30000000000000004,[0. 0.]
1267,1.0,1268,0,False,0.0,634.0,0.0,1,1,0,[0. 1.],[1 2],,1,0.6,0.7,0.30000000000000004,[0. 0.]
1268,0.0,1269,1,False,0.0,635.0,1.0,1,0,1,[0. 1.],[1 2],,1,0.6,0.7,0.30000000000000004,[0. 0.]
1269,1.0,1270,0,False,0.0,635.0,0.0,1,1,0,[1. 1.],[1 2],0.0,1,0.6,0.7,0.30000000000000004,[0. 0.]
1270,0.0,1271,1,False,0.0,636.0,1.0,1,0,2,[1. 1.],[1 2],0.0,1,0.6,0.7,0.30000000000000004,[0. 0.]
1271,1.0,1272,0,False,1.0,636.0,0.0,1,1,0,[0. 0.],[1 2],0.0,1,0.6,0.7,0.30000000000000004,[0. 0.]
1272,0.0,1273,1,False,0.0,637.0,1.0,1,0,2,[0. 0.],[1 2],0.0,1,0.6,0.7,0.30000000000000004,[0. 0.]
1273,1.0,1274,0,False,0.0,637.0,0.0,1,1,0,[1. 0.],[1 2],,1,0.6,0.7,0.30000000000000004,[0. 0.]
1274,0.0,1275,1,False,0.0,638.0,2.0,1,0,2,[1. 0.],[1 2],,1,0.6,0.7,0.30000000000000004,[0. 0.]
1275,2.0,1276,0,False,0.0,638.0,0.0,1,1,0,[0. 0.],[1 2],,1,0.6,0.7,0.30000000000000004,[0. 0.]
1276,0.0,1277,1,False,0.0,639.0,1.0,1,0,1,[0. 0.],[1 2],,1,0.6,0.7,0.30000000000000004,[0. 0.]
1277,1.0,1278,0,False,0.0,639.0,0.0,1,1,0,[1. 1.],[1 2],0.0,1,0.6,0.7,0.30000000000000004,[0. 0.]
1278,0.0,1279,1,False,0.0,640.0,1.0,1,0,1,[1. 1.],[1 2],0.0,1,0.6,0.7,0.30000000000000004,[0. 0.]
1279,1.0,1280,0,False,1.0,640.0,0.0,1,1,0,[1. 0.],[1 2],,1,0.6,0.7,0.30000000000000004,[0. 0.]
1280,0.0,1281,1,False,0.0,641.0,1.0,1,0,1,[1. 0.],[1 2],,1,0.6,0.7,0.30000000000000004,[0. 0.]
1281,1.0,1282,0,False,1.0,641.0,0.0,1,1,0,[1. 1.],[1 2],,1,0.6,0.7,0.30000000000000004,[0. 0.]
1282,0.0,1283,1,False,0.0,642.0,1.0,1,0,1,[1. 1.],[1 2],,1,0.6,0.7,0.30000000000000004,[0. 0.]
1283,1.0,1284,0,False,1.0,642.0,0.0,1,1,0,[1. 1.],[1 2],,1,0.6,0.7,0.30000000000000004,[0. 0.]
1284,0.0,1285,1,False,0.0,643.0,1.0,1,0,1,[1. 1.],[1 2],,1,0.6,0.7,0.30000000000000004,[0. 0.]
1285,1.0,1286,0,False,1.0,643.0,0.0,1,1,0,[0. 1.],[1 2],0.0,1,0.6,0.7,0.30000000000000004,[0. 0.]
1286,0.0,1287,1,False,0.0,644.0,1.0,1,0,1,[0. 1.],[1 2],0.0,1,0.6,0.7,0.30000000000000004,[0. 0.]
1287,1.0,1288,0,False,0.0,644.0,0.0,1,1,0,[0. 0.],[1 2],,1,0.6,0.7,0.30000000000000004,[0. 0.]
1288,0.0,1289,1,False,0.0,645.0,1.0,1,0,1,[0. 0.],[1 2],,1,0.6,0.7,0.30000000000000004,[0. 0.]
1289,1.0,1290,0,False,0.0,645.0,0.0,1,1,0,[1. 0.],[1 2],,1,0.6,0.7,0.30000000000000004,[0. 0.]
1290,0.0,1291,1,False,0.0,646.0,1.0,1,0,1,[1. 0.],[1 2],,1,0.6,0.7,0.30000000000000004,[0. 0.]
1291,1.0,1292,0,False,1.0,646.0,0.0,1,1,0,[0. 0.],[1 2],0.0,1,0.6,0.7,0.30000000000000004,[0. 0.]
1292,0.0,1293,1,False,0.0,647.0,1.0,1,0,1,[0. 0.],[1 2],0.0,1,0.6,0.7,0.30000000000000004,[0. 0.]
1293,1.0,1294,0,False,0.0,647.0,0.0,1,1,0,[0. 0.],[1 2],0.0,1,0.6,0.7,0.30000000000000004,[0. 0.]
1294,0.0,1295,1,False,0.0,648.0,1.0,1,0,1,[0. 0.],[1 2],0.0,1,0.6,0.7,0.30000000000000004,[0. 0.]
1295,1.0,1296,0,False,0.0,648.0,0.0,1,1,0,[0. 0.],[1 2],1.0,1,0.6,0.7,0.30000000000000004,[0. 0.]
1296,0.0,1297,1,False,0.0,649.0,2.0,1,0,1,[0. 0.],[1 2],1.0,1,0.6,0.7,0.30000000000000004,[0. 0.]
1297,2.0,1298,0,False,0.0,649.0,0.0,1,1,0,[0. 0.],[1 2],0.0,1,0.6,0.7,0.30000000000000004,[0. 0.]
1298,0.0,1299,1,False,0.0,650.0,1.0,1,0,2,[0. 0.],[1 2],0.0,1,0.6,0.7,0.30000000000000004,[0. 0.]
1299,1.0,1300,0,False,0.0,650.0,0.0,1,1,0,[1. 0.],[1 2],,1,0.6,0.7,0.30000000000000004,[0. 0.]
1300,0.0,1301,1,False,0.0,651.0,1.0,1,0,1,[1. 0.],[1 2],,1,0.6,0.7,0.30000000000000004,[0. 0.]
1301,1.0,1302,0,False,1.0,651.0,0.0,1,1,0,[1. 1.],[1 2],1.0,1,0.6,0.7,0.30000000000000004,[0. 0.]
1302,0.0,1303,1,False,0.0,652.0,2.0,1,0,1,[1. 1.],[1 2],1.0,1,0.6,0.7,0.30000000000000004,[0. 0.]
1303,2.0,1304,0,False,1.0,652.0,0.0,1,1,0,[0. 0.],[1 2],1.0,1,0.6,0.7,0.30000000000000004,[0. 0.]
1304,0.0,1305,1,False,0.0,653.0,2.0,1,0,1,[0. 0.],[1 2],1.0,1,0.6,0.7,0.30000000000000004,[0. 0.]
1305,2.0,1306,0,False,0.0,653.0,0.0,1,1,0,[1. 1.],[1 2],,1,0.6,0.7,0.30000000000000004,[0. 0.]
1306,0.0,1307,1,False,0.0,654.0,1.0,1,0,1,[1. 1.],[1 2],,1,0.6,0.7,0.30000000000000004,[0. 0.]
1307,1.0,1308,0,False,1.0,654.0,0.0,1,1,0,[0. 0.],[1 2],0.0,1,0.6,0.7,0.30000000000000004,[0. 0.]
1308,0.0,1309,1,False,0.0,655.0,1.0,1,0,1,[0. 0.],[1 2],0.0,1,0.6,0.7,0.30000000000000004,[0. 0.]
1309,1.0,1310,0,False,0.0,655.0,0.0,1,1,0,[0. 1.],[1 2],,1,0.6,0.7,0.30000000000000004,[0. 0.]
1310,0.0,1311,1,False,0.0,656.0,1.0,1,0,1,[0. 1.],[1 2],,1,0.6,0.7,0.30000000000000004,[0. 0.]
1311,1.0,1312,0,False,0.0,656.0,0.0,1,1,0,[1. 0.],[1 2],,1,0.6,0.7,0.30000000000000004,[0. 0.]
1312,0.0,1313,1,False,0.0,657.0,1.0,1,0,1,[1. 0.],[1 2],,1,0.6,0.7,0.30000000000000004,[0. 0.]
1313,1.0,1314,0,False,1.0,657.0,0.0,1,1,0,[0. 1.],[1 2],,1,0.6,0.7,0.30000000000000004,[0. 0.]
1314,0.0,1315,1,False,0.0,658.0,1.0,1,0,1,[0. 1.],[1 2],,1,0.6,0.7,0.30000000000000004,[0. 0.]
1315,1.0,1316,0,False,0.0,658.0,0.0,1,1,0,[0. 1.],[1 2],,1,0.6,0.7,0.30000000000000004,[0. 0.]
1316,0.0,1317,1,False,0.0,659.0,1.0,1,0,1,[0. 1.],[1 2],,1,0.6,0.7,0.30000000000000004,[0. 0.]
1317,1.0,1318,0,False,0.0,659.0,0.0,1,1,0,[0. 1.],[1 2],0.0,1,0.6,0.7,0.30000000000000004,[0. 0.]
1318,0.0,1319,1,False,0.0,660.0,1.0,1,0,1,[0. 1.],[1 2],0.0,1,0.6,0.7,0.30000000000000004,[0. 0.]
1319,1.0,1320,0,False,0.0,660.0,0.0,1,1,0,[1. 1.],[1 2],1.0,1,0.6,0.7,0.30000000000000004,[0. 0.]
1320,0.0,1321,1,False,0.0,661.0,2.0,1,0,2,[1. 1.],[1 2],1.0,1,0.6,0.7,0.30000000000000004,[0. 0.]
1321,2.0,1322,0,False,1.0,661.0,0.0,1,1,0,[0. 1.],[1 2],,1,0.6,0.7,0.30000000000000004,[0. 0.]
1322,0.0,1323,1,False,0.0,662.0,2.0,1,0,2,[0. 1.],[1 2],,1,0.6,0.7,0.30000000000000004,[0. 0.]
1323,2.0,1324,0,False,1.0,662.0,0.0,1,1,0,[1. 1.],[1 2],0.0,1,0.6,0.7,0.30000000000000004,[0. 0.]
1324,0.0,1325,1,False,0.0,663.0,1.0,1,0,2,[1. 1.],[1 2],0.0,1,0.6,0.7,0.30000000000000004,[0. 0.]
1325,1.0,1326,0,False,1.0,663.0,0.0,1,1,0,[0. 1.],[1 2],0.0,1,0.6,0.7,0.30000000000000004,[0. 0.]
1326,0.0,1327,1,False,0.0,664.0,1.0,1,0,2,[0. 1.],[1 2],0.0,1,0.6,0.7,0.30000000000000004,[0. 0.]
1327,1.0,1328,0,False,1.0,664.0,0.0,1,1,0,[1. 0.],[1 2],,1,0.6,0.7,0.30000000000000004,[0. 0.]
1328,0.0,1329,1,False,0.0,665.0,2.0,1,0,2,[1. 0.],[1 2],,1,0.6,0.7,0.30000000000000004,[0. 0.]
1329,2.0,1330,0,False,0.0,665.0,0.0,1,1,0,[0. 1.],[1 2],,1,0.6,0.7,0.30000000000000004,[0. 0.]
1330,0.0,1331,1,False,0.0,666.0,2.0,1,0,2,[0. 1.],[1 2],,1,0.6,0.7,0.30000000000000004,[0. 0.]
1331,2.0,1332,0,False,1.0,666.0,0.0,1,1,0,[0. 0.],[1 2],,1,0.6,0.7,0.30000000000000004,[0. 0.]
1332,0.0,1333,1,False,0.0,667.0,2.0,1,0,2,[0. 0.],[1 2],,1,0.6,0.7,0.30000000000000004,[0. 0.]
1333,2.0,1334,0,False,0.0,667.0,0.0,1,1,0,[0. 1.],[1 2],,1,0.6,0.7,0.30000000000000004,[0. 0.]
1334,0.0,1335,1,False,0.0,668.0,1.0,1,0,1,[0. 1.],[1 2],,1,0.6,0.7,0.30000000000000004,[0. 0.]
1335,1.0,1336,0,False,0.0,668.0,0.0,1,1,0,[0. 1.],[1 2],,1,0.6,0.7,0.30000000000000004,[0. 0.]
1336,0.0,1337,1,False,0.0,669.0,1.0,1,0,1,[0. 1.],[1 2],,1,0.6,0.7,0.30000000000000004,[0. 0.]
1337,1.0,1338,0,False,0.0,669.0,0.0,1,1,0,[1. 0.],[1 2],1.0,0,0.6,0.7,0.30000000000000004,[0. 0.]
1338,0.0,1339,1,False,0.0,670.0,2.0,1,0,2,[1. 0.],[1 2],1.0,0,0.6,0.7,0.30000000000000004,[0. 0.]
1339,2.0,1340,0,False,0.0,670.0,0.0,1,1,0,[1. 1.],[1 2],,0,0.6,0.7,0.30000000000000004,[0. 0.]
1340,0.0,1341,1,False,0.0,671.0,1.0,1,0,1,[1. 1.],[1 2],,0,0.6,0.7,0.30000000000000004,[0. 0.]
1341,1.0,1342,0,False,1.0,671.0,0.0,1,1,0,[1. 0.],[1 2],0.0,0,0.6,0.7,0.30000000000000004,[0. 0.]
1342,0.0,1343,1,False,0.0,672.0,1.0,1,0,1,[1. 0.],[1 2],0.0,0,0.6,0.7,0.30000000000000004,[0. 0.]
1343,1.0,1344,0,False,1.0,672.0,0.0,1,1,0,[1. 0.],[1 2],0.0,0,0.6,0.7,0.30000000000000004,[0. 0.]
1344,0.0,1345,1,False,0.0,673.0,1.0,1,0,1,[1. 0.],[1 2],0.0,0,0.6,0.7,0.30000000000000004,[0. 0.]
1345,1.0,1346,0,False,1.0,673.0,0.0,1,1,0,[0. 0.],[1 2],0.0,0,0.6,0.7,0.30000000000000004,[0. 0.]
1346,0.0,1347,1,False,0.0,674.0,1.0,1,0,1,[0. 0.],[1 2],0.0,0,0.6,0.7,0.30000000000000004,[0. 0.]
1347,1.0,1348,0,False,0.0,674.0,0.0,1,1,0,[0. 0.],[1 2],,0,0.6,0.7,0.30000000000000004,[0. 0.]
1348,0.0,1349,1,False,0.0,675.0,1.0,1,0,1,[0. 0.],[1 2],,0,0.6,0.7,0.30000000000000004,[0. 0.]
1349,1.0,1350,0,False,0.0,675.0,0.0,1,1,0,[1. 1.],[1 2],1.0,0,0.6,0.7,0.30000000000000004,[0. 0.]
1350,0.0,1351,1,False,0.0,676.0,2.0,1,0,1,[1. 1.],[1 2],1.0,0,0.6,0.7,0.30000000000000004,[0. 0.]
1351,2.0,1352,0,False,1.0,676.0,0.0,1,1,0,[0. 1.],[1 2],1.0,0,0.6,0.7,0.30000000000000004,[0. 0.]
1352,0.0,1353,1,False,0.0,677.0,2.0,1,0,1,[0. 1.],[1 2],1.0,0,0.6,0.7,0.30000000000000004,[0. 0.]
1353,2.0,1354,0,False,0.0,677.0,0.0,1,1,0,[0. 0.],[1 2],,0,0.6,0.7,0.30000000000000004,[0. 0.]
1354,0.0,1355,1,False,0.0,678.0,1.0,1,0,1,[0. 0.],[1 2],,0,0.6,0.7,0.30000000000000004,[0. 0.]
1355,1.0,1356,0,False,0.0,678.0,0.0,1,1,0,[0. 0.],[1 2],,0,0.6,0.7,0.30000000000000004,[0. 0.]
1356,0.0,1357,1,False,0.0,679.0,2.0,1,0,2,[0. 0.],[1 2],,0,0.6,0.7,0.30000000000000004,[0. 0.]
1357,2.0,1358,0,False,0.0,679.0,0.0,1,1,0,[1. 0.],[1 2],1.0,0,0.6,0.7,0.30000000000000004,[0. 0.]
1358,0.0,1359,1,False,0.0,680.0,2.0,1,0,1,[1. 0.],[1 2],1.0,0,0.6,0.7,0.30000000000000004,[0. 0.]
1359,2.0,1360,0,False,1.0,680.0,0.0,1,1,0,[1. 1.],[1 2],0.0,0,0.6,0.7,0.30000000000000004,[0. 0.]
1360,0.0,1361,1,False,0.0,681.0,1.0,1,0,1,[1. 1.],[1 2],0.0,0,0.6,0.7,0.30000000000000004,[0. 0.]
1361,1.0,1362,0,False,1.0,681.0,0.0,1,1,0,[1. 0.],[1 2],,0,0.6,0.7,0.30000000000000004,[0. 0.]
1362,0.0,1363,1,False,0.0,682.0,1.0,1,0,1,[1. 0.],[1 2],,0,0.6,0.7,0.30000000000000004,[0. 0.]
1363,1.0,1364,0,False,1.0,682.0,0.0,1,1,0,[1. 1.],[1 2],1.0,0,0.6,0.7,0.30000000000000004,[0. 0.]
1364,0.0,1365,1,False,0.0,683.0,2.0,1,0,1,[1. 1.],[1 2],1.0,0,0.6,0.7,0.30000000000000004,[0. 0.]
1365,2.0,1366,0,False,1.0,683.0,0.0,1,1,0,[0. 0.],[1 2],0.0,1,0.6,0.7,0.30000000000000004,[0. 0.]
1366,0.0,1367,1,False,0.0,684.0,1.0,1,0,1,[0. 0.],[1 2],0.0,1,0.6,0.7,0.30000000000000004,[0. 0.]
1367,1.0,1368,0,False,0.0,684.0,0.0,1,1,0,[1. 1.],[1 2],,1,0.6,0.7,0.30000000000000004,[0. 0.]
1368,0.0,1369,1,False,0.0,685.0,1.0,1,0,1,[1. 1.],[1 2],,1,0.6,0.7,0.30000000000000004,[0. 0.]
1369,1.0,1370,0,False,1.0,685.0,0.0,1,1,0,[0. 1.],[1 2],0.0,1,0.6,0.7,0.30000000000000004,[0. 0.]
1370,0.0,1371,1,False,0.0,686.0,1.0,1,0,1,[0. 1.],[1 2],0.0,1,0.6,0.7,0.30000000000000004,[0. 0.]
1371,1.0,1372,0,False,0.0,686.0,0.0,1,1,0,[0. 1.],[1 2],,1,0.6,0.7,0.30000000000000004,[0. 0.]
1372,0.0,1373,1,False,0.0,687.0,1.0,1,0,1,[0. 1.],[1 2],,1,0.6,0.7,0.30000000000000004,[0. 0.]
1373,1.0,1374,0,False,0.0,687.0,0.0,1,1,0,[1. 0.],[1 2],0.0,1,0.6,0.7,0.30000000000000004,[0. 0.]
1374,0.0,1375,1,False,0.0,688.0,1.0,1,0,1,[1. 0.],[1 2],0.0,1,0.6,0.7,0.30000000000000004,[0. 0.]
1375,1.0,1376,0,False,1.0,688.0,0.0,1,1,0,[0. 1.],[1 2],,1,0.6,0.7,0.30000000000000004,[0. 0.]
1376,0.0,1377,1,False,0.0,689.0,1.0,1,0,1,[0. 1.],[1 2],,1,0.6,0.7,0.30000000000000004,[0. 0.]
1377,1.0,1378,0,False,0.0,689.0,0.0,1,1,0,[0. 1.],[1 2],,1,0.6,0.7,0.30000000000000004,[0. 0.]
1378,0.0,1379,1,False,0.0,690.0,1.0,1,0,1,[0. 1.],[1 2],,1,0.6,0.7,0.30000000000000004,[0. 0.]
1379,1.0,1380,0,False,0.0,690.0,0.0,1,1,0,[1. 1.],[1 2],0.0,1,0.6,0.7,0.30000000000000004,[0. 0.]
1380,0.0,1381,1,False,0.0,691.0,1.0,1,0,1,[1. 1.],[1 2],0.0,1,0.6,0.7,0.30000000000000004,[0. 0.]
1381,1.0,1382,0,False,1.0,691.0,0.0,1,1,0,[0. 1.],[1 2],,1,0.6,0.7,0.30000000000000004,[0. 0.]
1382,0.0,1383,1,False,0.0,692.0,1.0,1,0,1,[0. 1.],[1 2],,1,0.6,0.7,0.30000000000000004,[0. 0.]
1383,1.0,1384,0,False,0.0,692.0,0.0,1,1,0,[1. 1.],[1 2],,1,0.6,0.7,0.30000000000000004,[0. 0.]
1384,0.0,1385,1,False,0.0,693.0,1.0,1,0,1,[1. 1.],[1 2],,1,0.6,0.7,0.30000000000000004,[0. 0.]
1385,1.0,1386,0,False,1.0,693.0,0.0,1,1,0,[0. 1.],[1 2],,1,0.6,0.7,0.30000000000000004,[0. 0.]
1386,0.0,1387,1,False,0.0,694.0,1.0,1,0,1,[0. 1.],[1 2],,1,0.6,0.7,0.30000000000000004,[0. 0.]
1387,1.0,1388,0,False,0.0,694.0,0.0,1,1,0,[0. 1.],[1 2],1.0,1,0.6,0.7,0.30000000000000004,[0. 0.]
1388,0.0,1389,1,False,0.0,695.0,2.0,1,0,1,[0. 1.],[1 2],1.0,1,0.6,0.7,0.30000000000000004,[0. 0.]
1389,2.0,1390,0,False,0.0,695.0,0.0,1,1,0,[1. 0.],[1 2],0.0,1,0.6,0.7,0.30000000000000004,[0. 0.]
1390,0.0,1391,1,False,0.0,696.0,1.0,1,0,2,[1. 0.],[1 2],0.0,1,0.6,0.7,0.30000000000000004,[0. 0.]
1391,1.0,1392,0,False,0.0,696.0,0.0,1,1,0,[1. 0.],[1 2],0.0,1,0.6,0.7,0.30000000000000004,[0. 0.]
1392,0.0,1393,1,False,0.0,697.0,1.0,1,0,1,[1. 0.],[1 2],0.0,1,0.6,0.7,0.30000000000000004,[0. 0.]
1393,1.0,1394,0,False,1.0,697.0,0.0,1,1,0,[1. 1.],[1 2],,1,0.6,0.7,0.30000000000000004,[0. 0.]
1394,0.0,1395,1,False,0.0,698.0,1.0,1,0,1,[1. 1.],[1 2],,1,0.6,0.7,0.30000000000000004,[0. 0.]
1395,1.0,1396,0,False,1.0,698.0,0.0,1,1,0,[0. 1.],[1 2],,1,0.6,0.7,0.30000000000000004,[0. 0.]
1396,0.0,1397,1,False,0.0,699.0,1.0,1,0,1,[0. 1.],[1 2],,1,0.6,0.7,0.30000000000000004,[0. 0.]
1397,1.0,1398,0,False,0.0,699.0,0.0,1,1,0,[1. 1.],[1 2],,1,0.6,0.7,0.30000000000000004,[0. 0.]
1398,0.0,1399,1,False,0.0,700.0,1.0,1,0,1,[1. 1.],[1 2],,1,0.6,0.7,0.30000000000000004,[0. 0.]
1399,1.0,1400,0,False,1.0,700.0,0.0,1,1,0,[1. 0.],[1 2],0.0,1,0.6,0.7,0.30000000000000004,[0. 0.]
1400,0.0,1401,1,False,0.0,701.0,1.0,1,0,1,[1. 0.],[1 2],0.0,1,0.6,0.7,0.30000000000000004,[0. 0.]
1401,1.0,1402,0,False,1.0,701.0,0.0,1,1,0,[1. 1.],[1 2],0.0,1,0.6,0.7,0.30000000000000004,[0. 0.]
1402,0.0,1403,1,False,0.0,702.0,1.0,1,0,1,[1. 1.],[1 2],0.0,1,0.6,0.7,0.30000000000000004,[0. 0.]
1403,1.0,1404,0,False,1.0,702.0,0.0,1,1,0,[0. 1.],[1 2],0.0,1,0.6,0.7,0.30000000000000004,[0. 0.]
1404,0.0,1405,1,False,0.0,703.0,1.0,1,0,1,[0. 1.],[1 2],0.0,1,0.6,0.7,0.30000000000000004,[0. 0.]
1405,1.0,1406,0,False,0.0,703.0,0.0,1,1,0,[0. 1.],[1 2],,1,0.6,0.7,0.30000000000000004,[0. 0.]
1406,0.0,1407,1,False,0.0,704.0,1.0,1,0,1,[0. 1.],[1 2],,1,0.6,0.7,0.30000000000000004,[0. 0.]
1407,1.0,1408,0,False,0.0,704.0,0.0,1,1,0,[0. 0.],[1 2],0.0,1,0.6,0.7,0.30000000000000004,[0. 0.]
1408,0.0,1409,1,False,0.0,705.0,1.0,1,0,1,[0. 0.],[1 2],0.0,1,0.6,0.7,0.30000000000000004,[0. 0.]
1409,1.0,1410,0,False,0.0,705.0,0.0,1,1,0,[0. 1.],[1 2],,1,0.6,0.7,0.30000000000000004,[0. 0.]
1410,0.0,1411,1,False,0.0,706.0,1.0,1,0,1,[0. 1.],[1 2],,1,0.6,0.7,0.30000000000000004,[0. 0.]
1411,1.0,1412,0,False,0.0,706.0,0.0,1,1,0,[1. 1.],[1 2],,1,0.6,0.7,0.30000000000000004,[0. 0.]
1412,0.0,1413,1,False,0.0,707.0,1.0,1,0,1,[1. 1.],[1 2],,1,0.6,0.7,0.30000000000000004,[0. 0.]
1413,1.0,1414,0,False,1.0,707.0,0.0,1,1,0,[0. 1.],[1 2],,1,0.6,0.7,0.30000000000000004,[0. 0.]
1414,0.0,1415,1,False,0.0,708.0,1.0,1,0,1,[0. 1.],[1 2],,1,0.6,0.7,0.30000000000000004,[0. 0.]
1415,1.0,1416,0,False,0.0,708.0,0.0,1,1,0,[0. 0.],[1 2],1.0,1,0.6,0.7,0.30000000000000004,[0. 0.]
1416,0.0,1417,1,False,0.0,709.0,2.0,1,0,1,[0. 0.],[1 2],1.0,1,0.6,0.7,0.30000000000000004,[0. 0.]
1417,2.0,1418,0,False,0.0,709.0,0.0,1,1,0,[1. 1.],[1 2],1.0,1,0.6,0.7,0.30000000000000004,[0. 0.]
1418,0.0,1419,1,False,0.0,710.0,2.0,1,0,2,[1. 1.],[1 2],1.0,1,0.6,0.7,0.30000000000000004,[0. 0.]
1419,2.0,1420,0,False,1.0,710.0,0.0,1,1,0,[1. 1.],[1 2],0.0,0,0.6,0.7,0.30000000000000004,[0. 0.]
1420,0.0,1421,1,False,0.0,711.0,1.0,1,0,2,[1. 1.],[1 2],0.0,0,0.6,0.7,0.30000000000000004,[0. 0.]
1421,1.0,1422,0,False,1.0,711.0,0.0,1,1,0,[1. 0.],[1 2],,0,0.6,0.7,0.30000000000000004,[0. 0.]
1422,0.0,1423,1,False,0.0,712.0,2.0,1,0,2,[1. 0.],[1 2],,0,0.6,0.7,0.30000000000000004,[0. 0.]
1423,2.0,1424,0,False,0.0,712.0,0.0,1,1,0,[0. 0.],[1 2],,0,0.6,0.7,0.30000000000000004,[0. 0.]
1424,0.0,1425,1,False,0.0,713.0,1.0,1,0,1,[0. 0.],[1 2],,0,0.6,0.7,0.30000000000000004,[0. 0.]
1425,1.0,1426,0,False,0.0,713.0,0.0,1,1,0,[1. 1.],[1 2],1.0,0,0.6,0.7,0.30000000000000004,[0. 0.]
1426,0.0,1427,1,False,0.0,714.0,2.0,1,0,2,[1. 1.],[1 2],1.0,0,0.6,0.7,0.30000000000000004,[0. 0.]
1427,2.0,1428,0,False,1.0,714.0,0.0,1,1,0,[1. 1.],[1 2],,0,0.6,0.7,0.30000000000000004,[0. 0.]
1428,0.0,1429,1,False,0.0,715.0,2.0,1,0,2,[1. 1.],[1 2],,0,0.6,0.7,0.30000000000000004,[0. 0.]
1429,2.0,1430,0,False,1.0,715.0,0.0,1,1,0,[1. 0.],[1 2],1.0,0,0.6,0.7,0.30000000000000004,[0. 0.]
1430,0.0,1431,1,False,0.0,716.0,2.0,1,0,2,[1. 0.],[1 2],1.0,0,0.6,0.7,0.30000000000000004,[0. 0.]
1431,2.0,1432,0,False,0.0,716.0,0.0,1,1,0,[1. 1.],[1 2],1.0,0,0.6,0.7,0.30000000000000004,[0. 0.]
1432,0.0,1433,1,False,0.0,717.0,2.0,1,0,1,[1. 1.],[1 2],1.0,0,0.6,0.7,0.30000000000000004,[0. 0.]
1433,2.0,1434,0,False,1.0,717.0,0.0,1,1,0,[1. 0.],[1 2],1.0,0,0.6,0.7,0.30000000000000004,[0. 0.]
1434,0.0,1435,1,False,0.0,718.0,2.0,1,0,1,[1. 0.],[1 2],1.0,0,0.6,0.7,0.30000000000000004,[0. 0.]
1435,2.0,1436,0,False,1.0,718.0,0.0,1,1,0,[0. 0.],[1 2],,0,0.6,0.7,0.30000000000000004,[0. 0.]
1436,0.0,1437,1,False,0.0,719.0,1.0,1,0,1,[0. 0.],[1 2],,0,0.6,0.7,0.30000000000000004,[0. 0.]
1437,1.0,1438,0,False,0.0,719.0,0.0,1,1,0,[1. 0.],[1 2],1.0,0,0.6,0.7,0.30000000000000004,[0. 0.]
1438,0.0,1439,1,False,0.0,720.0,2.0,1,0,1,[1. 0.],[1 2],1.0,0,0.6,0.7,0.30000000000000004,[0. 0.]
1439,2.0,1440,0,False,1.0,720.0,0.0,1,1,0,[1. 0.],[1 2],,0,0.6,0.7,0.30000000000000004,[0. 0.]
1440,0.0,1441,1,False,0.0,721.0,1.0,1,0,1,[1. 0.],[1 2],,0,0.6,0.7,0.30000000000000004,[0. 0.]
1441,1.0,1442,0,False,1.0,721.0,0.0,1,1,0,[1. 0.],[1 2],,0,0.6,0.7,0.30000000000000004,[0. 0.]
1442,0.0,1443,1,False,0.0,722.0,1.0,1,0,1,[1. 0.],[1 2],,0,0.6,0.7,0.30000000000000004,[0. 0.]
1443,1.0,1444,0,False,1.0,722.0,0.0,1,1,0,[1. 1.],[1 2],1.0,0,0.6,0.7,0.30000000000000004,[0. 0.]
1444,0.0,1445,1,False,0.0,723.0,2.0,1,0,1,[1. 1.],[1 2],1.0,0,0.6,0.7,0.30000000000000004,[0. 0.]
1445,2.0,1446,0,False,1.0,723.0,0.0,1,1,0,[1. 1.],[1 2],1.0,0,0.6,0.7,0.30000000000000004,[0. 0.]
1446,0.0,1447,1,False,0.0,724.0,2.0,1,0,1,[1. 1.],[1 2],1.0,0,0.6,0.7,0.30000000000000004,[0. 0.]
1447,2.0,1448,0,False,1.0,724.0,0.0,1,1,0,[1. 0.],[1 2],,0,0.6,0.7,0.30000000000000004,[0. 0.]
1448,0.0,1449,1,False,0.0,725.0,1.0,1,0,1,[1. 0.],[1 2],,0,0.6,0.7,0.30000000000000004,[0. 0.]
1449,1.0,1450,0,False,1.0,725.0,0.0,1,1,0,[0. 1.],[1 2],,0,0.6,0.7,0.30000000000000004,[0. 0.]
1450,0.0,1451,1,False,0.0,726.0,1.0,1,0,1,[0. 1.],[1 2],,0,0.6,0.7,0.30000000000000004,[0. 0.]
1451,1.0,1452,0,False,0.0,726.0,0.0,1,1,0,[1. 0.],[1 2],1.0,0,0.6,0.7,0.30000000000000004,[0. 0.]
1452,0.0,1453,1,False,0.0,727.0,2.0,1,0,1,[1. 0.],[1 2],1.0,0,0.6,0.7,0.30000000000000004,[0. 0.]
1453,2.0,1454,0,False,1.0,727.0,0.0,1,1,0,[0. 0.],[1 2],1.0,0,0.6,0.7,0.30000000000000004,[0. 0.]
1454,0.0,1455,1,False,0.0,728.0,2.0,1,0,1,[0. 0.],[1 2],1.0,0,0.6,0.7,0.30000000000000004,[0. 0.]
1455,2.0,1456,0,False,0.0,728.0,0.0,1,1,0,[1. 1.],[1 2],,0,0.6,0.7,0.30000000000000004,[0. 0.]
1456,0.0,1457,1,False,0.0,729.0,1.0,1,0,1,[1. 1.],[1 2],,0,0.6,0.7,0.30000000000000004,[0. 0.]
1457,1.0,1458,0,False,1.0,729.0,0.0,1,1,0,[1. 1.],[1 2],1.0,0,0.6,0.7,0.30000000000000004,[0. 0.]
1458,0.0,1459,1,False,0.0,730.0,2.0,1,0,1,[1. 1.],[1 2],1.0,0,0.6,0.7,0.30000000000000004,[0. 0.]
1459,2.0,1460,0,False,1.0,730.0,0.0,1,1,0,[1. 0.],[1 2],,0,0.6,0.7,0.30000000000000004,[0. 0.]
1460,0.0,1461,1,False,0.0,731.0,1.0,1,0,1,[1. 0.],[1 2],,0,0.6,0.7,0.30000000000000004,[0. 0.]
1461,1.0,1462,0,False,1.0,731.0,0.0,1,1,0,[1. 1.],[1 2],1.0,0,0.6,0.7,0.30000000000000004,[0. 0.]
1462,0.0,1463,1,False,0.0,732.0,2.0,1,0,1,[1. 1.],[1 2],1.0,0,0.6,0.7,0.30000000000000004,[0. 0.]
1463,2.0,1464,0,False,1.0,732.0,0.0,1,1,0,[1. 1.],[2 1],1.0,0,0.6,0.7,0.30000000000000004,[0. 0.]
1464,0.0,1465,1,False,0.0,733.0,2.0,1,0,1,[1. 1.],[2 1],1.0,0,0.6,0.7,0.30000000000000004,[0. 0.]
1465,2.0,1466,0,False,1.0,733.0,0.0,1,1,0,[1. 1.],[2 1],1.0,0,0.6,0.7,0.30000000000000004,[0. 0.]
1466,0.0,1467,1,False,0.0,734.0,2.0,1,0,1,[1. 1.],[2 1],1.0,0,0.6,0.7,0.30000000000000004,[0. 0.]
1467,2.0,1468,0,False,1.0,734.0,0.0,1,1,0,[1. 0.],[2 1],1.0,0,0.6,0.7,0.30000000000000004,[0. 0.]
1468,0.0,1469,1,False,0.0,735.0,2.0,1,0,1,[1. 0.],[2 1],1.0,0,0.6,0.7,0.30000000000000004,[0. 0.]
1469,2.0,1470,0,False,0.0,735.0,0.0,1,1,0,[0. 0.],[2 1],,0,0.6,0.7,0.30000000000000004,[0. 0.]
1470,0.0,1471,1,False,0.0,736.0,2.0,1,0,1,[0. 0.],[2 1],,0,0.6,0.7,0.30000000000000004,[0. 0.]
1471,2.0,1472,0,False,0.0,736.0,0.0,1,1,0,[1. 1.],[2 1],0.0,0,0.6,0.7,0.30000000000000004,[0. 0.]
1472,0.0,1473,1,False,0.0,737.0,1.0,1,0,1,[1. 1.],[2 1],0.0,0,0.6,0.7,0.30000000000000004,[0. 0.]
1473,1.0,1474,0,False,1.0,737.0,0.0,1,1,0,[0. 1.],[2 1],1.0,0,0.6,0.7,0.30000000000000004,[0. 0.]
1474,0.0,1475,1,False,0.0,738.0,2.0,1,0,1,[0. 1.],[2 1],1.0,0,0.6,0.7,0.30000000000000004,[0. 0.]
1475,2.0,1476,0,False,1.0,738.0,0.0,1,1,0,[1. 0.],[2 1],0.0,0,0.6,0.7,0.30000000000000004,[0. 0.]
1476,0.0,1477,1,False,0.0,739.0,1.0,1,0,1,[1. 0.],[2 1],0.0,0,0.6,0.7,0.30000000000000004,[0. 0.]
1477,1.0,1478,0,False,0.0,739.0,0.0,1,1,0,[1. 0.],[2 1],1.0,0,0.6,0.7,0.30000000000000004,[0. 0.]
1478,0.0,1479,1,False,0.0,740.0,2.0,1,0,1,[1. 0.],[2 1],1.0,0,0.6,0.7,0.30000000000000004,[0. 0.]
1479,2.0,1480,0,False,0.0,740.0,0.0,1,1,0,[0. 0.],[2 1],1.0,0,0.6,0.7,0.30000000000000004,[0. 0.]
1480,0.0,1481,1,False,0.0,741.0,2.0,1,0,1,[0. 0.],[2 1],1.0,0,0.6,0.7,0.30000000000000004,[0. 0.]
1481,2.0,1482,0,False,0.0,741.0,0.0,1,1,0,[1. 0.],[2 1],,0,0.6,0.7,0.30000000000000004,[0. 0.]
1482,0.0,1483,1,False,0.0,742.0,1.0,1,0,2,[1. 0.],[2 1],,0,0.6,0.7,0.30000000000000004,[0. 0.]
1483,1.0,1484,0,False,1.0,742.0,0.0,1,1,0,[1. 0.],[2 1],,0,0.6,0.7,0.30000000000000004,[0. 0.]
1484,0.0,1485,1,False,0.0,743.0,1.0,1,0,2,[1. 0.],[2 1],,0,0.6,0.7,0.30000000000000004,[0. 0.]
1485,1.0,1486,0,False,1.0,743.0,0.0,1,1,0,[0. 1.],[2 1],0.0,0,0.6,0.7,0.30000000000000004,[0. 0.]
1486,0.0,1487,1,False,0.0,744.0,1.0,1,0,2,[0. 1.],[2 1],0.0,0,0.6,0.7,0.30000000000000004,[0. 0.]
1487,1.0,1488,0,False,0.0,744.0,0.0,1,1,0,[0. 1.],[2 1],0.0,0,0.6,0.7,0.30000000000000004,[0. 0.]
1488,0.0,1489,1,False,0.0,745.0,1.0,1,0,2,[0. 1.],[2 1],0.0,0,0.6,0.7,0.30000000000000004,[0. 0.]
1489,1.0,1490,0,False,0.0,745.0,0.0,1,1,0,[0. 1.],[2 1],1.0,0,0.6,0.7,0.30000000000000004,[0. 0.]
1490,0.0,1491,1,False,0.0,746.0,2.0,1,0,1,[0. 1.],[2 1],1.0,0,0.6,0.7,0.30000000000000004,[0. 0.]
1491,2.0,1492,0,False,1.0,746.0,0.0,1,1,0,[0. 0.],[2 1],1.0,0,0.6,0.7,0.30000000000000004,[0. 0.]
1492,0.0,1493,1,False,0.0,747.0,2.0,1,0,1,[0. 0.],[2 1],1.0,0,0.6,0.7,0.30000000000000004,[0. 0.]
1493,2.0,1494,0,False,0.0,747.0,0.0,1,1,0,[1. 1.],[2 1],,0,0.6,0.7,0.30000000000000004,[0. 0.]
1494,0.0,1495,1,False,0.0,748.0,2.0,1,0,1,[1. 1.],[2 1],,0,0.6,0.7,0.30000000000000004,[0. 0.]
1495,2.0,1496,0,False,1.0,748.0,0.0,1,1,0,[0. 0.],[2 1],,0,0.6,0.7,0.30000000000000004,[0. 0.]
1496,0.0,1497,1,False,0.0,749.0,2.0,1,0,1,[0. 0.],[2 1],,0,0.6,0.7,0.30000000000000004,[0. 0.]
1497,2.0,1498,0,False,0.0,749.0,0.0,1,1,0,[1. 1.],[2 1],,0,0.6,0.7,0.30000000000000004,[0. 0.]
1498,0.0,1499,1,False,0.0,750.0,2.0,1,0,1,[1. 1.],[2 1],,0,0.6,0.7,0.30000000000000004,[0. 0.]
1499,2.0,1500,0,False,1.0,750.0,0.0,1,1,0,[1. 0.],[2 1],0.0,0,0.6,0.7,0.30000000000000004,[0. 0.]
1500,0.0,1501,1,False,0.0,751.0,1.0,1,0,1,[1. 0.],[2 1],0.0,0,0.6,0.7,0.30000000000000004,[0. 0.]
1501,1.0,1502,0,False,0.0,751.0,0.0,1,1,0,[1. 1.],[2 1],0.0,0,0.6,0.7,0.30000000000000004,[0. 0.]
1502,0.0,1503,1,False,0.0,752.0,1.0,1,0,1,[1. 1.],[2 1],0.0,0,0.6,0.7,0.30000000000000004,[0. 0.]
1503,1.0,1504,0,False,1.0,752.0,0.0,1,1,0,[0. 1.],[1 2],1.0,1,0.6,0.7,0.30000000000000004,[0. 0.]
1504,0.0,1505,1,False,0.0,753.0,2.0,1,0,1,[0. 1.],[1 2],1.0,1,0.6,0.7,0.30000000000000004,[0. 0.]
1505,2.0,1506,0,False,0.0,753.0,0.0,1,1,0,[0. 0.],[1 2],,1,0.6,0.7,0.30000000000000004,[0. 0.]
1506,0.0,1507,1,False,0.0,754.0,1.0,1,0,1,[0. 0.],[1 2],,1,0.6,0.7,0.30000000000000004,[0. 0.]
1507,1.0,1508,0,False,0.0,754.0,0.0,1,1,0,[1. 1.],[1 2],,1,0.6,0.7,0.30000000000000004,[0. 0.]
1508,0.0,1509,1,False,0.0,755.0,1.0,1,0,1,[1. 1.],[1 2],,1,0.6,0.7,0.30000000000000004,[0. 0.]
1509,1.0,1510,0,False,1.0,755.0,0.0,1,1,0,[0. 1.],[1 2],1.0,1,0.6,0.7,0.30000000000000004,[0. 0.]
1510,0.0,1511,1,False,0.0,756.0,2.0,1,0,1,[0. 1.],[1 2],1.0,1,0.6,0.7,0.30000000000000004,[0. 0.]
1511,2.0,1512,0,False,0.0,756.0,0.0,1,1,0,[0. 1.],[1 2],,1,0.6,0.7,0.30000000000000004,[0. 0.]
1512,0.0,1513,1,False,0.0,757.0,1.0,1,0,1,[0. 1.],[1 2],,1,0.6,0.7,0.30000000000000004,[0. 0.]
1513,1.0,1514,0,False,0.0,757.0,0.0,1,1,0,[0. 1.],[1 2],,1,0.6,0.7,0.30000000000000004,[0. 0.]
1514,0.0,1515,1,False,0.0,758.0,2.0,1,0,2,[0. 1.],[1 2],,1,0.6,0.7,0.30000000000000004,[0. 0.]
1515,2.0,1516,0,False,1.0,758.0,0.0,1,1,0,[0. 1.],[1 2],1.0,1,0.6,0.7,0.30000000000000004,[0. 0.]
1516,0.0,1517,1,False,0.0,759.0,2.0,1,0,2,[0. 1.],[1 2],1.0,1,0.6,0.7,0.30000000000000004,[0. 0.]
1517,2.0,1518,0,False,1.0,759.0,0.0,1,1,0,[1. 0.],[1 2],1.0,1,0.6,0.7,0.30000000000000004,[0. 0.]
1518,0.0,1519,1,False,0.0,760.0,2.0,1,0,2,[1. 0.],[1 2],1.0,1,0.6,0.7,0.30000000000000004,[0. 0.]
1519,2.0,1520,0,False,0.0,760.0,0.0,1,1,0,[1. 0.],[1 2],1.0,1,0.6,0.7,0.30000000000000004,[0. 0.]
1520,0.0,1521,1,False,0.0,761.0,2.0,1,0,2,[1. 0.],[1 2],1.0,1,0.6,0.7,0.30000000000000004,[0. 0.]
1521,2.0,1522,0,False,0.0,761.0,0.0,1,1,0,[0. 1.],[1 2],,1,0.6,0.7,0.30000000000000004,[0. 0.]
1522,0.0,1523,1,False,0.0,762.0,2.0,1,0,2,[0. 1.],[1 2],,1,0.6,0.7,0.30000000000000004,[0. 0.]
1523,2.0,1524,0,False,1.0,762.0,0.0,1,1,0,[1. 1.],[1 2],,1,0.6,0.7,0.30000000000000004,[0. 0.]
1524,0.0,1525,1,False,0.0,763.0,2.0,1,0,2,[1. 1.],[1 2],,1,0.6,0.7,0.30000000000000004,[0. 0.]
1525,2.0,1526,0,False,1.0,763.0,0.0,1,1,0,[0. 1.],[1 2],,1,0.6,0.7,0.30000000000000004,[0. 0.]
1526,0.0,1527,1,False,0.0,764.0,2.0,1,0,2,[0. 1.],[1 2],,1,0.6,0.7,0.30000000000000004,[0. 0.]
1527,2.0,1528,0,False,1.0,764.0,0.0,1,1,0,[0. 1.],[1 2],,1,0.6,0.7,0.30000000000000004,[0. 0.]
1528,0.0,1529,1,False,0.0,765.0,2.0,1,0,2,[0. 1.],[1 2],,1,0.6,0.7,0.30000000000000004,[0. 0.]
1529,2.0,1530,0,False,1.0,765.0,0.0,1,1,0,[0. 0.],[1 2],,1,0.6,0.7,0.30000000000000004,[0. 0.]
1530,0.0,1531,1,False,0.0,766.0,2.0,1,0,2,[0. 0.],[1 2],,1,0.6,0.7,0.30000000000000004,[0. 0.]
1531,2.0,1532,0,False,0.0,766.0,0.0,1,1,0,[1. 1.],[1 2],,1,0.6,0.7,0.30000000000000004,[0. 0.]
1532,0.0,1533,1,False,0.0,767.0,2.0,1,0,2,[1. 1.],[1 2],,1,0.6,0.7,0.30000000000000004,[0. 0.]
1533,2.0,1534,0,False,1.0,767.0,0.0,1,1,0,[0. 1.],[1 2],1.0,1,0.6,0.7,0.30000000000000004,[0. 0.]
1534,0.0,1535,1,False,0.0,768.0,2.0,1,0,2,[0. 1.],[1 2],1.0,1,0.6,0.7,0.30000000000000004,[0. 0.]
1535,2.0,1536,0,False,1.0,768.0,0.0,1,1,0,[0. 1.],[1 2],,1,0.6,0.7,0.30000000000000004,[0. 0.]
1536,0.0,1537,1,False,0.0,769.0,2.0,1,0,2,[0. 1.],[1 2],,1,0.6,0.7,0.30000000000000004,[0. 0.]
1537,2.0,1538,0,False,1.0,769.0,0.0,1,1,0,[1. 1.],[1 2],1.0,1,0.6,0.7,0.30000000000000004,[0. 0.]
1538,0.0,1539,1,False,0.0,770.0,2.0,1,0,2,[1. 1.],[1 2],1.0,1,0.6,0.7,0.30000000000000004,[0. 0.]
1539,2.0,1540,0,False,1.0,770.0,0.0,1,1,0,[0. 0.],[1 2],1.0,1,0.6,0.7,0.30000000000000004,[0. 0.]
1540,0.0,1541,1,False,0.0,771.0,2.0,1,0,2,[0. 0.],[1 2],1.0,1,0.6,0.7,0.30000000000000004,[0. 0.]
1541,2.0,1542,0,False,0.0,771.0,0.0,1,1,0,[0. 1.],[1 2],,1,0.6,0.7,0.30000000000000004,[0. 0.]
1542,0.0,1543,1,False,0.0,772.0,2.0,1,0,2,[0. 1.],[1 2],,1,0.6,0.7,0.30000000000000004,[0. 0.]
1543,2.0,1544,0,False,1.0,772.0,0.0,1,1,0,[0. 0.],[1 2],1.0,1,0.6,0.7,0.30000000000000004,[0. 0.]
1544,0.0,1545,1,False,0.0,773.0,2.0,1,0,2,[0. 0.],[1 2],1.0,1,0.6,0.7,0.30000000000000004,[0. 0.]
1545,2.0,1546,0,False,0.0,773.0,0.0,1,1,0,[0. 1.],[1 2],0.0,1,0.6,0.7,0.30000000000000004,[0. 0.]
1546,0.0,1547,1,False,0.0,774.0,1.0,1,0,2,[0. 1.],[1 2],0.0,1,0.6,0.7,0.30000000000000004,[0. 0.]
1547,1.0,1548,0,False,1.0,774.0,0.0,1,1,0,[1. 1.],[1 2],1.0,1,0.6,0.7,0.30000000000000004,[0. 0.]
1548,0.0,1549,1,False,0.0,775.0,2.0,1,0,2,[1. 1.],[1 2],1.0,1,0.6,0.7,0.30000000000000004,[0. 0.]
1549,2.0,1550,0,False,1.0,775.0,0.0,1,1,0,[0. 1.],[1 2],0.0,1,0.6,0.7,0.30000000000000004,[0. 0.]
1550,0.0,1551,1,False,0.0,776.0,1.0,1,0,2,[0. 1.],[1 2],0.0,1,0.6,0.7,0.30000000000000004,[0. 0.]
1551,1.0,1552,0,False,1.0,776.0,0.0,1,1,0,[0. 1.],[1 2],0.0,1,0.6,0.7,0.30000000000000004,[0. 0.]
1552,0.0,1553,1,False,0.0,777.0,1.0,1,0,2,[0. 1.],[1 2],0.0,1,0.6,0.7,0.30000000000000004,[0. 0.]
1553,1.0,1554,0,False,1.0,777.0,0.0,1,1,0,[0. 1.],[2 1],0.0,1,0.6,0.7,0.30000000000000004,[0. 0.]
1554,0.0,1555,1,False,0.0,778.0,1.0,1,0,2,[0. 1.],[2 1],0.0,1,0.6,0.7,0.30000000000000004,[0. 0.]
1555,1.0,1556,0,False,0.0,778.0,0.0,1,1,0,[1. 1.],[2 1],,1,0.6,0.7,0.30000000000000004,[0. 0.]
1556,0.0,1557,1,False,0.0,779.0,1.0,1,0,2,[1. 1.],[2 1],,1,0.6,0.7,0.30000000000000004,[0. 0.]
1557,1.0,1558,0,False,1.0,779.0,0.0,1,1,0,[0. 0.],[2 1],0.0,1,0.6,0.7,0.30000000000000004,[0. 0.]
1558,0.0,1559,1,False,0.0,780.0,1.0,1,0,2,[0. 0.],[2 1],0.0,1,0.6,0.7,0.30000000000000004,[0. 0.]
1559,1.0,1560,0,False,0.0,780.0,0.0,1,1,0,[0. 0.],[2 1],0.0,1,0.6,0.7,0.30000000000000004,[0. 0.]
1560,0.0,1561,1,False,0.0,781.0,1.0,1,0,2,[0. 0.],[2 1],0.0,1,0.6,0.7,0.30000000000000004,[0. 0.]
1561,1.0,1562,0,False,0.0,781.0,0.0,1,1,0,[1. 1.],[2 1],,1,0.6,0.7,0.30000000000000004,[0. 0.]
1562,0.0,1563,1,False,0.0,782.0,2.0,1,0,1,[1. 1.],[2 1],,1,0.6,0.7,0.30000000000000004,[0. 0.]
1563,2.0,1564,0,False,1.0,782.0,0.0,1,1,0,[0. 1.],[2 1],,1,0.6,0.7,0.30000000000000004,[0. 0.]
1564,0.0,1565,1,False,0.0,783.0,2.0,1,0,1,[0. 1.],[2 1],,1,0.6,0.7,0.30000000000000004,[0. 0.]
1565,2.0,1566,0,False,1.0,783.0,0.0,1,1,0,[0. 1.],[2 1],,1,0.6,0.7,0.30000000000000004,[0. 0.]
1566,0.0,1567,1,False,0.0,784.0,2.0,1,0,1,[0. 1.],[2 1],,1,0.6,0.7,0.30000000000000004,[0. 0.]
1567,2.0,1568,0,False,1.0,784.0,0.0,1,1,0,[0. 1.],[1 2],,1,0.6,0.7,0.30000000000000004,[0. 0.]
1568,0.0,1569,1,False,0.0,785.0,1.0,1,0,1,[0. 1.],[1 2],,1,0.6,0.7,0.30000000000000004,[0. 0.]
1569,1.0,1570,0,False,0.0,785.0,0.0,1,1,0,[0. 1.],[1 2],1.0,1,0.6,0.7,0.30000000000000004,[0. 0.]
1570,0.0,1571,1,False,0.0,786.0,2.0,1,0,1,[0. 1.],[1 2],1.0,1,0.6,0.7,0.30000000000000004,[0. 0.]
1571,2.0,1572,0,False,0.0,786.0,0.0,1,1,0,[0. 1.],[1 2],1.0,1,0.6,0.7,0.30000000000000004,[0. 0.]
1572,0.0,1573,1,False,0.0,787.0,2.0,1,0,1,[0. 1.],[1 2],1.0,1,0.6,0.7,0.30000000000000004,[0. 0.]
1573,2.0,1574,0,False,0.0,787.0,0.0,1,1,0,[1. 1.],[1 2],1.0,0,0.6,0.7,0.30000000000000004,[0. 0.]
1574,0.0,1575,1,False,0.0,788.0,2.0,1,0,1,[1. 1.],[1 2],1.0,0,0.6,0.7,0.30000000000000004,[0. 0.]
1575,2.0,1576,0,False,1.0,788.0,0.0,1,1,0,[1. 1.],[1 2],,0,0.6,0.7,0.30000000000000004,[0. 0.]
1576,0.0,1577,1,False,0.0,789.0,1.0,1,0,1,[1. 1.],[1 2],,0,0.6,0.7,0.30000000000000004,[0. 0.]
1577,1.0,1578,0,False,1.0,789.0,0.0,1,1,0,[1. 0.],[1 2],0.0,0,0.6,0.7,0.30000000000000004,[0. 0.]
1578,0.0,1579,1,False,0.0,790.0,1.0,1,0,1,[1. 0.],[1 2],0.0,0,0.6,0.7,0.30000000000000004,[0. 0.]
1579,1.0,1580,0,False,1.0,790.0,0.0,1,1,0,[1. 0.],[1 2],,0,0.6,0.7,0.30000000000000004,[0. 0.]
1580,0.0,1581,1,False,0.0,791.0,1.0,1,0,1,[1. 0.],[1 2],,0,0.6,0.7,0.30000000000000004,[0. 0.]
1581,1.0,1582,0,False,1.0,791.0,0.0,1,1,0,[1. 0.],[1 2],,0,0.6,0.7,0.30000000000000004,[0. 0.]
1582,0.0,1583,1,False,0.0,792.0,1.0,1,0,1,[1. 0.],[1 2],,0,0.6,0.7,0.30000000000000004,[0. 0.]
1583,1.0,1584,0,False,1.0,792.0,0.0,1,1,0,[1. 0.],[1 2],,0,0.6,0.7,0.30000000000000004,[0. 0.]
1584,0.0,1585,1,False,0.0,793.0,1.0,1,0,1,[1. 0.],[1 2],,0,0.6,0.7,0.30000000000000004,[0. 0.]
1585,1.0,1586,0,False,1.0,793.0,0.0,1,1,0,[1. 0.],[1 2],1.0,0,0.6,0.7,0.30000000000000004,[0. 0.]
1586,0.0,1587,1,False,0.0,794.0,2.0,1,0,1,[1. 0.],[1 2],1.0,0,0.6,0.7,0.30000000000000004,[0. 0.]
1587,2.0,1588,0,False,1.0,794.0,0.0,1,1,0,[0. 1.],[1 2],,0,0.6,0.7,0.30000000000000004,[0. 0.]
1588,0.0,1589,1,False,0.0,795.0,1.0,1,0,1,[0. 1.],[1 2],,0,0.6,0.7,0.30000000000000004,[0. 0.]
1589,1.0,1590,0,False,0.0,795.0,0.0,1,1,0,[0. 0.],[1 2],1.0,0,0.6,0.7,0.30000000000000004,[0. 0.]
1590,0.0,1591,1,False,0.0,796.0,2.0,1,0,1,[0. 0.],[1 2],1.0,0,0.6,0.7,0.30000000000000004,[0. 0.]
1591,2.0,1592,0,False,0.0,796.0,0.0,1,1,0,[1. 0.],[1 2],1.0,0,0.6,0.7,0.30000000000000004,[0. 0.]
1592,0.0,1593,1,False,0.0,797.0,2.0,1,0,1,[1. 0.],[1 2],1.0,0,0.6,0.7,0.30000000000000004,[0. 0.]
1593,2.0,1594,0,False,1.0,797.0,0.0,1,1,0,[0. 1.],[1 2],0.0,0,0.6,0.7,0.30000000000000004,[0. 0.]
1594,0.0,1595,1,False,0.0,798.0,1.0,1,0,1,[0. 1.],[1 2],0.0,0,0.6,0.7,0.30000000000000004,[0. 0.]
1595,1.0,1596,0,False,0.0,798.0,0.0,1,1,0,[0. 0.],[1 2],0.0,0,0.6,0.7,0.30000000000000004,[0. 0.]
1596,0.0,1597,1,False,0.0,799.0,1.0,1,0,1,[0. 0.],[1 2],0.0,0,0.6,0.7,0.30000000000000004,[0. 0.]
1597,1.0,1598,0,False,0.0,799.0,0.0,1,1,0,[1. 1.],[1 2],1.0,0,0.6,0.7,0.30000000000000004,[0. 0.]
1598,0.0,1599,1,False,0.0,800.0,2.0,1,0,2,[1. 1.],[1 2],1.0,0,0.6,0.7,0.30000000000000004,[0. 0.]
1599,2.0,1600,0,False,1.0,800.0,0.0,1,1,0,[0. 0.],[1 2],,0,0.6,0.7,0.30000000000000004,[0. 0.]
1600,0.0,1601,1,False,0.0,801.0,2.0,1,0,2,[0. 0.],[1 2],,0,0.6,0.7,0.30000000000000004,[0. 0.]
1601,2.0,1602,0,False,0.0,801.0,0.0,1,1,0,[1. 0.],[1 2],0.0,0,0.6,0.7,0.30000000000000004,[0. 0.]
1602,0.0,1603,1,False,0.0,802.0,1.0,1,0,2,[1. 0.],[1 2],0.0,0,0.6,0.7,0.30000000000000004,[0. 0.]
1603,1.0,1604,0,False,0.0,802.0,0.0,1,1,0,[1. 1.],[1 2],,0,0.6,0.7,0.30000000000000004,[0. 0.]
1604,0.0,1605,1,False,0.0,803.0,2.0,1,0,2,[1. 1.],[1 2],,0,0.6,0.7,0.30000000000000004,[0. 0.]
1605,2.0,1606,0,False,1.0,803.0,0.0,1,1,0,[1. 0.],[1 2],1.0,0,0.6,0.7,0.30000000000000004,[0. 0.]
1606,0.0,1607,1,False,0.0,804.0,2.0,1,0,2,[1. 0.],[1 2],1.0,0,0.6,0.7,0.30000000000000004,[0. 0.]
1607,2.0,1608,0,False,0.0,804.0,0.0,1,1,0,[0. 0.],[1 2],,0,0.6,0.7,0.30000000000000004,[0. 0.]
1608,0.0,1609,1,False,0.0,805.0,2.0,1,0,2,[0. 0.],[1 2],,0,0.6,0.7,0.30000000000000004,[0. 0.]
1609,2.0,1610,0,False,0.0,805.0,0.0,1,1,0,[1. 1.],[1 2],0.0,0,0.6,0.7,0.30000000000000004,[0. 0.]
1610,0.0,1611,1,False,0.0,806.0,1.0,1,0,2,[1. 1.],[1 2],0.0,0,0.6,0.7,0.30000000000000004,[0. 0.]
1611,1.0,1612,0,False,1.0,806.0,0.0,1,1,0,[0. 1.],[1 2],1.0,0,0.6,0.7,0.30000000000000004,[0. 0.]
1612,0.0,1613,1,False,0.0,807.0,2.0,1,0,2,[0. 1.],[1 2],1.0,0,0.6,0.7,0.30000000000000004,[0. 0.]
1613,2.0,1614,0,False,1.0,807.0,0.0,1,1,0,[0. 1.],[1 2],1.0,0,0.6,0.7,0.30000000000000004,[0. 0.]
1614,0.0,1615,1,False,0.0,808.0,2.0,1,0,2,[0. 1.],[1 2],1.0,0,0.6,0.7,0.30000000000000004,[0. 0.]
1615,2.0,1616,0,False,1.0,808.0,0.0,1,1,0,[1. 1.],[1 2],,0,0.6,0.7,0.30000000000000004,[0. 0.]
1616,0.0,1617,1,False,0.0,809.0,2.0,1,0,2,[1. 1.],[1 2],,0,0.6,0.7,0.30000000000000004,[0. 0.]
1617,2.0,1618,0,False,1.0,809.0,0.0,1,1,0,[1. 0.],[1 2],0.0,0,0.6,0.7,0.30000000000000004,[0. 0.]
1618,0.0,1619,1,False,0.0,810.0,1.0,1,0,2,[1. 0.],[1 2],0.0,0,0.6,0.7,0.30000000000000004,[0. 0.]
1619,1.0,1620,0,False,0.0,810.0,0.0,1,1,0,[0. 0.],[1 2],0.0,0,0.6,0.7,0.30000000000000004,[0. 0.]
1620,0.0,1621,1,False,0.0,811.0,1.0,1,0,2,[0. 0.],[1 2],0.0,0,0.6,0.7,0.30000000000000004,[0. 0.]
1621,1.0,1622,0,False,0.0,811.0,0.0,1,1,0,[1. 1.],[1 2],0.0,0,0.6,0.7,0.30000000000000004,[0. 0.]
1622,0.0,1623,1,False,0.0,812.0,1.0,1,0,2,[1. 1.],[1 2],0.0,0,0.6,0.7,0.30000000000000004,[0. 0.]
1623,1.0,1624,0,False,1.0,812.0,0.0,1,1,0,[1. 0.],[1 2],1.0,0,0.6,0.7,0.30000000000000004,[0. 0.]
1624,0.0,1625,1,False,0.0,813.0,2.0,1,0,2,[1. 0.],[1 2],1.0,0,0.6,0.7,0.30000000000000004,[0. 0.]
1625,2.0,1626,0,False,0.0,813.0,0.0,1,1,0,[0. 1.],[1 2],,0,0.6,0.7,0.30000000000000004,[0. 0.]
1626,0.0,1627,1,False,0.0,814.0,2.0,1,0,2,[0. 1.],[1 2],,0,0.6,0.7,0.30000000000000004,[0. 0.]
1627,2.0,1628,0,False,1.0,814.0,0.0,1,1,0,[1. 0.],[1 2],1.0,0,0.6,0.7,0.30000000000000004,[0. 0.]
1628,0.0,1629,1,False,0.0,815.0,2.0,1,0,2,[1. 0.],[1 2],1.0,0,0.6,0.7,0.30000000000000004,[0. 0.]
1629,2.0,1630,0,False,0.0,815.0,0.0,1,1,0,[1. 0.],[1 2],,0,0.6,0.7,0.30000000000000004,[0. 0.]
1630,0.0,1631,1,False,0.0,816.0,2.0,1,0,2,[1. 0.],[1 2],,0,0.6,0.7,0.30000000000000004,[0. 0.]
1631,2.0,1632,0,False,0.0,816.0,0.0,1,1,0,[1. 0.],[1 2],0.0,0,0.6,0.7,0.30000000000000004,[0. 0.]
1632,0.0,1633,1,False,0.0,817.0,1.0,1,0,2,[1. 0.],[1 2],0.0,0,0.6,0.7,0.30000000000000004,[0. 0.]
1633,1.0,1634,0,False,0.0,817.0,0.0,1,1,0,[1. 0.],[1 2],1.0,0,0.6,0.7,0.30000000000000004,[0. 0.]
1634,0.0,1635,1,False,0.0,818.0,2.0,1,0,1,[1. 0.],[1 2],1.0,0,0.6,0.7,0.30000000000000004,[0. 0.]
1635,2.0,1636,0,False,1.0,818.0,0.0,1,1,0,[1. 0.],[1 2],1.0,0,0.6,0.7,0.30000000000000004,[0. 0.]
1636,0.0,1637,1,False,0.0,819.0,2.0,1,0,1,[1. 0.],[1 2],1.0,0,0.6,0.7,0.30000000000000004,[0. 0.]
1637,2.0,1638,0,False,1.0,819.0,0.0,1,1,0,[0. 0.],[1 2],1.0,0,0.6,0.7,0.30000000000000004,[0. 0.]
1638,0.0,1639,1,False,0.0,820.0,2.0,1,0,1,[0. 0.],[1 2],1.0,0,0.6,0.7,0.30000000000000004,[0. 0.]
1639,2.0,1640,0,False,0.0,820.0,0.0,1,1,0,[1. 0.],[1 2],,0,0.6,0.7,0.30000000000000004,[0. 0.]
1640,0.0,1641,1,False,0.0,821.0,1.0,1,0,1,[1. 0.],[1 2],,0,0.6,0.7,0.30000000000000004,[0. 0.]
1641,1.0,1642,0,False,1.0,821.0,0.0,1,1,0,[0. 0.],[1 2],0.0,0,0.6,0.7,0.30000000000000004,[0. 0.]
1642,0.0,1643,1,False,0.0,822.0,1.0,1,0,1,[0. 0.],[1 2],0.0,0,0.6,0.7,0.30000000000000004,[0. 0.]
1643,1.0,1644,0,False,0.0,822.0,0.0,1,1,0,[1. 0.],[1 2],0.0,0,0.6,0.7,0.30000000000000004,[0. 0.]
1644,0.0,1645,1,False,0.0,823.0,1.0,1,0,1,[1. 0.],[1 2],0.0,0,0.6,0.7,0.30000000000000004,[0. 0.]
1645,1.0,1646,0,False,1.0,823.0,0.0,1,1,0,[0. 0.],[1 2],1.0,0,0.6,0.7,0.30000000000000004,[0. 0.]
1646,0.0,1647,1,False,0.0,824.0,2.0,1,0,1,[0. 0.],[1 2],1.0,0,0.6,0.7,0.30000000000000004,[0. 0.]
1647,2.0,1648,0,False,0.0,824.0,0.0,1,1,0,[1. 0.],[1 2],0.0,0,0.6,0.7,0.30000000000000004,[0. 0.]
1648,0.0,1649,1,False,0.0,825.0,1.0,1,0,1,[1. 0.],[1 2],0.0,0,0.6,0.7,0.30000000000000004,[0. 0.]
1649,1.0,1650,0,False,1.0,825.0,0.0,1,1,0,[1. 0.],[1 2],1.0,0,0.6,0.7,0.30000000000000004,[0. 0.]
1650,0.0,1651,1,False,0.0,826.0,2.0,1,0,1,[1. 0.],[1 2],1.0,0,0.6,0.7,0.30000000000000004,[0. 0.]
1651,2.0,1652,0,False,1.0,826.0,0.0,1,1,0,[1. 0.],[1 2],,0,0.6,0.7,0.30000000000000004,[0. 0.]
1652,0.0,1653,1,False,0.0,827.0,1.0,1,0,1,[1. 0.],[1 2],,0,0.6,0.7,0.30000000000000004,[0. 0.]
1653,1.0,1654,0,False,1.0,827.0,0.0,1,1,0,[1. 0.],[1 2],1.0,0,0.6,0.7,0.30000000000000004,[0. 0.]
1654,0.0,1655,1,False,0.0,828.0,2.0,1,0,1,[1. 0.],[1 2],1.0,0,0.6,0.7,0.30000000000000004,[0. 0.]
1655,2.0,1656,0,False,1.0,828.0,0.0,1,1,0,[1. 0.],[1 2],1.0,0,0.6,0.7,0.30000000000000004,[0. 0.]
1656,0.0,1657,1,False,0.0,829.0,2.0,1,0,1,[1. 0.],[1 2],1.0,0,0.6,0.7,0.30000000000000004,[0. 0.]
1657,2.0,1658,0,False,1.0,829.0,0.0,1,1,0,[1. 0.],[1 2],,0,0.6,0.7,0.30000000000000004,[0. 0.]
1658,0.0,1659,1,False,0.0,830.0,1.0,1,0,1,[1. 0.],[1 2],,0,0.6,0.7,0.30000000000000004,[0. 0.]
1659,1.0,1660,0,False,1.0,830.0,0.0,1,1,0,[1. 1.],[1 2],,0,0.6,0.7,0.30000000000000004,[0. 0.]
1660,0.0,1661,1,False,0.0,831.0,1.0,1,0,1,[1. 1.],[1 2],,0,0.6,0.7,0.30000000000000004,[0. 0.]
1661,1.0,1662,0,False,1.0,831.0,0.0,1,1,0,[1. 0.],[2 1],0.0,0,0.6,0.7,0.30000000000000004,[0. 0.]
1662,0.0,1663,1,False,0.0,832.0,1.0,1,0,1,[1. 0.],[2 1],0.0,0,0.6,0.7,0.30000000000000004,[0. 0.]
1663,1.0,1664,0,False,0.0,832.0,0.0,1,1,0,[0. 1.],[2 1],0.0,1,0.6,0.7,0.30000000000000004,[0. 0.]
1664,0.0,1665,1,False,0.0,833.0,1.0,1,0,1,[0. 1.],[2 1],0.0,1,0.6,0.7,0.30000000000000004,[0. 0.]
1665,1.0,1666,0,False,1.0,833.0,0.0,1,1,0,[0. 0.],[2 1],1.0,1,0.6,0.7,0.30000000000000004,[0. 0.]
1666,0.0,1667,1,False,0.0,834.0,2.0,1,0,1,[0. 0.],[2 1],1.0,1,0.6,0.7,0.30000000000000004,[0. 0.]
1667,2.0,1668,0,False,0.0,834.0,0.0,1,1,0,[1. 1.],[2 1],0.0,1,0.6,0.7,0.30000000000000004,[0. 0.]
1668,0.0,1669,1,False,0.0,835.0,1.0,1,0,1,[1. 1.],[2 1],0.0,1,0.6,0.7,0.30000000000000004,[0. 0.]
1669,1.0,1670,0,False,1.0,835.0,0.0,1,1,0,[0. 0.],[2 1],,1,0.6,0.7,0.30000000000000004,[0. 0.]
1670,0.0,1671,1,False,0.0,836.0,2.0,1,0,1,[0. 0.],[2 1],,1,0.6,0.7,0.30000000000000004,[0. 0.]
1671,2.0,1672,0,False,0.0,836.0,0.0,1,1,0,[0. 1.],[2 1],1.0,1,0.6,0.7,0.30000000000000004,[0. 0.]
1672,0.0,1673,1,False,0.0,837.0,2.0,1,0,1,[0. 1.],[2 1],1.0,1,0.6,0.7,0.30000000000000004,[0. 0.]
1673,2.0,1674,0,False,1.0,837.0,0.0,1,1,0,[1. 1.],[2 1],,1,0.6,0.7,0.30000000000000004,[0. 0.]
1674,0.0,1675,1,False,0.0,838.0,2.0,1,0,1,[1. 1.],[2 1],,1,0.6,0.7,0.30000000000000004,[0. 0.]
1675,2.0,1676,0,False,1.0,838.0,0.0,1,1,0,[0. 1.],[2 1],,1,0.6,0.7,0.30000000000000004,[0. 0.]
1676,0.0,1677,1,False,0.0,839.0,2.0,1,0,1,[0. 1.],[2 1],,1,0.6,0.7,0.30000000000000004,[0. 0.]
1677,2.0,1678,0,False,1.0,839.0,0.0,1,1,0,[1. 1.],[2 1],0.0,1,0.6,0.7,0.30000000000000004,[0. 0.]
1678,0.0,1679,1,False,0.0,840.0,1.0,1,0,1,[1. 1.],[2 1],0.0,1,0.6,0.7,0.30000000000000004,[0. 0.]
1679,1.0,1680,0,False,1.0,840.0,0.0,1,1,0,[0. 0.],[2 1],,1,0.6,0.7,0.30000000000000004,[0. 0.]
1680,0.0,1681,1,False,0.0,841.0,2.0,1,0,1,[0. 0.],[2 1],,1,0.6,0.7,0.30000000000000004,[0. 0.]
1681,2.0,1682,0,False,0.0,841.0,0.0,1,1,0,[1. 1.],[2 1],0.0,1,0.6,0.7,0.30000000000000004,[0. 0.]
1682,0.0,1683,1,False,0.0,842.0,1.0,1,0,1,[1. 1.],[2 1],0.0,1,0.6,0.7,0.30000000000000004,[0. 0.]
1683,1.0,1684,0,False,1.0,842.0,0.0,1,1,0,[0. 0.],[2 1],1.0,1,0.6,0.7,0.30000000000000004,[0. 0.]
1684,0.0,1685,1,False,0.0,843.0,2.0,1,0,1,[0. 0.],[2 1],1.0,1,0.6,0.7,0.30000000000000004,[0. 0.]
1685,2.0,1686,0,False,0.0,843.0,0.0,1,1,0,[1. 1.],[2 1],,1,0.6,0.7,0.30000000000000004,[0. 0.]
1686,0.0,1687,1,False,0.0,844.0,2.0,1,0,1,[1. 1.],[2 1],,1,0.6,0.7,0.30000000000000004,[0. 0.]
1687,2.0,1688,0,False,1.0,844.0,0.0,1,1,0,[0. 0.],[1 2],0.0,1,0.6,0.7,0.30000000000000004,[0. 0.]
1688,0.0,1689,1,False,0.0,845.0,1.0,1,0,1,[0. 0.],[1 2],0.0,1,0.6,0.7,0.30000000000000004,[0. 0.]
1689,1.0,1690,0,False,0.0,845.0,0.0,1,1,0,[0. 0.],[1 2],0.0,1,0.6,0.7,0.30000000000000004,[0. 0.]
1690,0.0,1691,1,False,0.0,846.0,1.0,1,0,1,[0. 0.],[1 2],0.0,1,0.6,0.7,0.30000000000000004,[0. 0.]
1691,1.0,1692,0,False,0.0,846.0,0.0,1,1,0,[1. 1.],[1 2],1.0,1,0.6,0.7,0.30000000000000004,[0. 0.]
1692,0.0,1693,1,False,0.0,847.0,2.0,1,0,2,[1. 1.],[1 2],1.0,1,0.6,0.7,0.30000000000000004,[0. 0.]
1693,2.0,1694,0,False,1.0,847.0,0.0,1,1,0,[0. 0.],[1 2],,1,0.6,0.7,0.30000000000000004,[0. 0.]
1694,0.0,1695,1,False,0.0,848.0,2.0,1,0,2,[0. 0.],[1 2],,1,0.6,0.7,0.30000000000000004,[0. 0.]
1695,2.0,1696,0,False,0.0,848.0,0.0,1,1,0,[1. 1.],[1 2],1.0,1,0.6,0.7,0.30000000000000004,[0. 0.]
1696,0.0,1697,1,False,0.0,849.0,2.0,1,0,2,[1. 1.],[1 2],1.0,1,0.6,0.7,0.30000000000000004,[0. 0.]
1697,2.0,1698,0,False,1.0,849.0,0.0,1,1,0,[0. 1.],[1 2],,1,0.6,0.7,0.30000000000000004,[0. 0.]
1698,0.0,1699,1,False,0.0,850.0,2.0,1,0,2,[0. 1.],[1 2],,1,0.6,0.7,0.30000000000000004,[0. 0.]
1699,2.0,1700,0,False,1.0,850.0,0.0,1,1,0,[0. 1.],[1 2],,1,0.6,0.7,0.30000000000000004,[0. 0.]
1700,0.0,1701,1,False,0.0,851.0,2.0,1,0,2,[0. 1.],[1 2],,1,0.6,0.7,0.30000000000000004,[0. 0.]
1701,2.0,1702,0,False,1.0,851.0,0.0,1,1,0,[1. 1.],[1 2],,1,0.6,0.7,0.30000000000000004,[0. 0.]
1702,0.0,1703,1,False,0.0,852.0,2.0,1,0,2,[1. 1.],[1 2],,1,0.6,0.7,0.30000000000000004,[0. 0.]
1703,2.0,1704,0,False,1.0,852.0,0.0,1,1,0,[0. 1.],[1 2],,1,0.6,0.7,0.30000000000000004,[0. 0.]
1704,0.0,1705,1,False,0.0,853.0,2.0,1,0,2,[0. 1.],[1 2],,1,0.6,0.7,0.30000000000000004,[0. 0.]
1705,2.0,1706,0,False,1.0,853.0,0.0,1,1,0,[0. 1.],[1 2],1.0,1,0.6,0.7,0.30000000000000004,[0. 0.]
1706,0.0,1707,1,False,0.0,854.0,2.0,1,0,2,[0. 1.],[1 2],1.0,1,0.6,0.7,0.30000000000000004,[0. 0.]
1707,2.0,1708,0,False,1.0,854.0,0.0,1,1,0,[0. 1.],[1 2],0.0,1,0.6,0.7,0.30000000000000004,[0. 0.]
1708,0.0,1709,1,False,0.0,855.0,1.0,1,0,2,[0. 1.],[1 2],0.0,1,0.6,0.7,0.30000000000000004,[0. 0.]
1709,1.0,1710,0,False,1.0,855.0,0.0,1,1,0,[0. 0.],[1 2],,1,0.6,0.7,0.30000000000000004,[0. 0.]
1710,0.0,1711,1,False,0.0,856.0,2.0,1,0,2,[0. 0.],[1 2],,1,0.6,0.7,0.30000000000000004,[0. 0.]
1711,2.0,1712,0,False,0.0,856.0,0.0,1,1,0,[0. 1.],[1 2],0.0,1,0.6,0.7,0.30000000000000004,[0. 0.]
1712,0.0,1713,1,False,0.0,857.0,1.0,1,0,2,[0. 1.],[1 2],0.0,1,0.6,0.7,0.30000000000000004,[0. 0.]
1713,1.0,1714,0,False,1.0,857.0,0.0,1,1,0,[0. 1.],[1 2],,1,0.6,0.7,0.30000000000000004,[0. 0.]
1714,0.0,1715,1,False,0.0,858.0,2.0,1,0,2,[0. 1.],[1 2],,1,0.6,0.7,0.30000000000000004,[0. 0.]
1715,2.0,1716,0,False,1.0,858.0,0.0,1,1,0,[0. 1.],[1 2],,1,0.6,0.7,0.30000000000000004,[0. 0.]
1716,0.0,1717,1,False,0.0,859.0,2.0,1,0,2,[0. 1.],[1 2],,1,0.6,0.7,0.30000000000000004,[0. 0.]
1717,2.0,1718,0,False,1.0,859.0,0.0,1,1,0,[1. 1.],[1 2],,1,0.6,0.7,0.30000000000000004,[0. 0.]
1718,0.0,1719,1,False,0.0,860.0,2.0,1,0,2,[1. 1.],[1 2],,1,0.6,0.7,0.30000000000000004,[0. 0.]
1719,2.0,1720,0,False,1.0,860.0,0.0,1,1,0,[0. 1.],[1 2],,1,0.6,0.7,0.30000000000000004,[0. 0.]
1720,0.0,1721,1,False,0.0,861.0,2.0,1,0,2,[0. 1.],[1 2],,1,0.6,0.7,0.30000000000000004,[0. 0.]
1721,2.0,1722,0,False,1.0,861.0,0.0,1,1,0,[0. 0.],[1 2],,1,0.6,0.7,0.30000000000000004,[0. 0.]
1722,0.0,1723,1,False,0.0,862.0,2.0,1,0,2,[0. 0.],[1 2],,1,0.6,0.7,0.30000000000000004,[0. 0.]
1723,2.0,1724,0,False,0.0,862.0,0.0,1,1,0,[0. 0.],[1 2],1.0,1,0.6,0.7,0.30000000000000004,[0. 0.]
1724,0.0,1725,1,False,0.0,863.0,2.0,1,0,2,[0. 0.],[1 2],1.0,1,0.6,0.7,0.30000000000000004,[0. 0.]
1725,2.0,1726,0,False,0.0,863.0,0.0,1,1,0,[0. 0.],[1 2],1.0,1,0.6,0.7,0.30000000000000004,[0. 0.]
1726,0.0,1727,1,False,0.0,864.0,2.0,1,0,2,[0. 0.],[1 2],1.0,1,0.6,0.7,0.30000000000000004,[0. 0.]
1727,2.0,1728,0,False,0.0,864.0,0.0,1,1,0,[0. 0.],[1 2],0.0,1,0.6,0.7,0.30000000000000004,[0. 0.]
1728,0.0,1729,1,False,0.0,865.0,1.0,1,0,2,[0. 0.],[1 2],0.0,1,0.6,0.7,0.30000000000000004,[0. 0.]
1729,1.0,1730,0,False,0.0,865.0,0.0,1,1,0,[0. 0.],[1 2],0.0,1,0.6,0.7,0.30000000000000004,[0. 0.]
1730,0.0,1731,1,False,0.0,866.0,1.0,1,0,2,[0. 0.],[1 2],0.0,1,0.6,0.7,0.30000000000000004,[0. 0.]
1731,1.0,1732,0,False,0.0,866.0,0.0,1,1,0,[0. 1.],[1 2],,1,0.6,0.7,0.30000000000000004,[0. 0.]
1732,0.0,1733,1,False,0.0,867.0,1.0,1,0,1,[0. 1.],[1 2],,1,0.6,0.7,0.30000000000000004,[0. 0.]
1733,1.0,1734,0,False,0.0,867.0,0.0,1,1,0,[1. 1.],[1 2],,1,0.6,0.7,0.30000000000000004,[0. 0.]
1734,0.0,1735,1,False,0.0,868.0,2.0,1,0,2,[1. 1.],[1 2],,1,0.6,0.7,0.30000000000000004,[0. 0.]
1735,2.0,1736,0,False,1.0,868.0,0.0,1,1,0,[1. 1.],[1 2],,1,0.6,0.7,0.30000000000000004,[0. 0.]
1736,0.0,1737,1,False,0.0,869.0,2.0,1,0,2,[1. 1.],[1 2],,1,0.6,0.7,0.30000000000000004,[0. 0.]
1737,2.0,1738,0,False,1.0,869.0,0.0,1,1,0,[0. 1.],[1 2],,1,0.6,0.7,0.30000000000000004,[0. 0.]
1738,0.0,1739,1,False,0.0,870.0,2.0,1,0,2,[0. 1.],[1 2],,1,0.6,0.7,0.30000000000000004,[0. 0.]
1739,2.0,1740,0,False,1.0,870.0,0.0,1,1,0,[0. 1.],[1 2],1.0,1,0.6,0.7,0.30000000000000004,[0. 0.]
1740,0.0,1741,1,False,0.0,871.0,2.0,1,0,2,[0. 1.],[1 2],1.0,1,0.6,0.7,0.30000000000000004,[0. 0.]
1741,2.0,1742,0,False,1.0,871.0,0.0,1,1,0,[1. 0.],[1 2],1.0,1,0.6,0.7,0.30000000000000004,[0. 0.]
1742,0.0,1743,1,False,0.0,872.0,2.0,1,0,2,[1. 0.],[1 2],1.0,1,0.6,0.7,0.30000000000000004,[0. 0.]
1743,2.0,1744,0,False,0.0,872.0,0.0,1,1,0,[0. 1.],[1 2],0.0,1,0.6,0.7,0.30000000000000004,[0. 0.]
1744,0.0,1745,1,False,0.0,873.0,1.0,1,0,2,[0. 1.],[1 2],0.0,1,0.6,0.7,0.30000000000000004,[0. 0.]
1745,1.0,1746,0,False,1.0,873.0,0.0,1,1,0,[0. 1.],[1 2],,1,0.6,0.7,0.30000000000000004,[0. 0.]
1746,0.0,1747,1,False,0.0,874.0,2.0,1,0,2,[0. 1.],[1 2],,1,0.6,0.7,0.30000000000000004,[0. 0.]
1747,2.0,1748,0,False,1.0,874.0,0.0,1,1,0,[0. 1.],[1 2],0.0,1,0.6,0.7,0.30000000000000004,[0. 0.]
1748,0.0,1749,1,False,0.0,875.0,1.0,1,0,2,[0. 1.],[1 2],0.0,1,0.6,0.7,0.30000000000000004,[0. 0.]
1749,1.0,1750,0,False,1.0,875.0,0.0,1,1,0,[1. 0.],[1 2],0.0,1,0.6,0.7,0.30000000000000004,[0. 0.]
1750,0.0,1751,1,False,0.0,876.0,1.0,1,0,2,[1. 0.],[1 2],0.0,1,0.6,0.7,0.30000000000000004,[0. 0.]
1751,1.0,1752,0,False,0.0,876.0,0.0,1,1,0,[0. 1.],[1 2],0.0,1,0.6,0.7,0.30000000000000004,[0. 0.]
1752,0.0,1753,1,False,0.0,877.0,1.0,1,0,2,[0. 1.],[1 2],0.0,1,0.6,0.7,0.30000000000000004,[0. 0.]
1753,1.0,1754,0,False,1.0,877.0,0.0,1,1,0,[0. 1.],[1 2],1.0,1,0.6,0.7,0.30000000000000004,[0. 0.]
1754,0.0,1755,1,False,0.0,878.0,2.0,1,0,2,[0. 1.],[1 2],1.0,1,0.6,0.7,0.30000000000000004,[0. 0.]
1755,2.0,1756,0,False,1.0,878.0,0.0,1,1,0,[1. 0.],[2 1],1.0,1,0.6,0.7,0.30000000000000004,[0. 0.]
1756,0.0,1757,1,False,0.0,879.0,2.0,1,0,2,[1. 0.],[2 1],1.0,1,0.6,0.7,0.30000000000000004,[0. 0.]
1757,2.0,1758,0,False,1.0,879.0,0.0,1,1,0,[0. 1.],[2 1],1.0,1,0.6,0.7,0.30000000000000004,[0. 0.]
1758,0.0,1759,1,False,0.0,880.0,2.0,1,0,2,[0. 1.],[2 1],1.0,1,0.6,0.7,0.30000000000000004,[0. 0.]
1759,2.0,1760,0,False,0.0,880.0,0.0,1,1,0,[0. 1.],[2 1],1.0,1,0.6,0.7,0.30000000000000004,[0. 0.]
1760,0.0,1761,1,False,0.0,881.0,2.0,1,0,2,[0. 1.],[2 1],1.0,1,0.6,0.7,0.30000000000000004,[0. 0.]
1761,2.0,1762,0,False,0.0,881.0,0.0,1,1,0,[0. 1.],[2 1],1.0,1,0.6,0.7,0.30000000000000004,[0. 0.]
1762,0.0,1763,1,False,0.0,882.0,2.0,1,0,2,[0. 1.],[2 1],1.0,1,0.6,0.7,0.30000000000000004,[0. 0.]
1763,2.0,1764,0,False,0.0,882.0,0.0,1,1,0,[0. 1.],[2 1],0.0,1,0.6,0.7,0.30000000000000004,[0. 0.]
1764,0.0,1765,1,False,0.0,883.0,1.0,1,0,2,[0. 1.],[2 1],0.0,1,0.6,0.7,0.30000000000000004,[0. 0.]
1765,1.0,1766,0,False,0.0,883.0,0.0,1,1,0,[0. 1.],[2 1],,1,0.6,0.7,0.30000000000000004,[0. 0.]
1766,0.0,1767,1,False,0.0,884.0,1.0,1,0,2,[0. 1.],[2 1],,1,0.6,0.7,0.30000000000000004,[0. 0.]
1767,1.0,1768,0,False,0.0,884.0,0.0,1,1,0,[0. 1.],[2 1],0.0,1,0.6,0.7,0.30000000000000004,[0. 0.]
1768,0.0,1769,1,False,0.0,885.0,1.0,1,0,1,[0. 1.],[2 1],0.0,1,0.6,0.7,0.30000000000000004,[0. 0.]
1769,1.0,1770,0,False,1.0,885.0,0.0,1,1,0,[0. 1.],[2 1],,1,0.6,0.7,0.30000000000000004,[0. 0.]
1770,0.0,1771,1,False,0.0,886.0,2.0,1,0,1,[0. 1.],[2 1],,1,0.6,0.7,0.30000000000000004,[0. 0.]
1771,2.0,1772,0,False,1.0,886.0,0.0,1,1,0,[0. 0.],[2 1],0.0,1,0.6,0.7,0.30000000000000004,[0. 0.]
1772,0.0,1773,1,False,0.0,887.0,1.0,1,0,1,[0. 0.],[2 1],0.0,1,0.6,0.7,0.30000000000000004,[0. 0.]
1773,1.0,1774,0,False,0.0,887.0,0.0,1,1,0,[1. 1.],[2 1],,1,0.6,0.7,0.30000000000000004,[0. 0.]
1774,0.0,1775,1,False,0.0,888.0,2.0,1,0,1,[1. 1.],[2 1],,1,0.6,0.7,0.30000000000000004,[0. 0.]
1775,2.0,1776,0,False,1.0,888.0,0.0,1,1,0,[0. 1.],[2 1],0.0,1,0.6,0.7,0.30000000000000004,[0. 0.]
1776,0.0,1777,1,False,0.0,889.0,1.0,1,0,1,[0. 1.],[2 1],0.0,1,0.6,0.7,0.30000000000000004,[0. 0.]
1777,1.0,1778,0,False,1.0,889.0,0.0,1,1,0,[1. 0.],[2 1],,1,0.6,0.7,0.30000000000000004,[0. 0.]
1778,0.0,1779,1,False,0.0,890.0,2.0,1,0,1,[1. 0.],[2 1],,1,0.6,0.7,0.30000000000000004,[0. 0.]
1779,2.0,1780,0,False,0.0,890.0,0.0,1,1,0,[1. 1.],[2 1],,1,0.6,0.7,0.30000000000000004,[0. 0.]
1780,0.0,1781,1,False,0.0,891.0,2.0,1,0,1,[1. 1.],[2 1],,1,0.6,0.7,0.30000000000000004,[0. 0.]
1781,2.0,1782,0,False,1.0,891.0,0.0,1,1,0,[1. 0.],[2 1],1.0,1,0.6,0.7,0.30000000000000004,[0. 0.]
1782,0.0,1783,1,False,0.0,892.0,2.0,1,0,1,[1. 0.],[2 1],1.0,1,0.6,0.7,0.30000000000000004,[0. 0.]
1783,2.0,1784,0,False,0.0,892.0,0.0,1,1,0,[0. 1.],[2 1],,1,0.6,0.7,0.30000000000000004,[0. 0.]
1784,0.0,1785,1,False,0.0,893.0,2.0,1,0,1,[0. 1.],[2 1],,1,0.6,0.7,0.30000000000000004,[0. 0.]
1785,2.0,1786,0,False,1.0,893.0,0.0,1,1,0,[1. 0.],[2 1],1.0,0,0.6,0.7,0.30000000000000004,[0. 0.]
1786,0.0,1787,1,False,0.0,894.0,2.0,1,0,1,[1. 0.],[2 1],1.0,0,0.6,0.7,0.30000000000000004,[0. 0.]
1787,2.0,1788,0,False,0.0,894.0,0.0,1,1,0,[1. 0.],[2 1],,0,0.6,0.7,0.30000000000000004,[0. 0.]
1788,0.0,1789,1,False,0.0,895.0,2.0,1,0,1,[1. 0.],[2 1],,0,0.6,0.7,0.30000000000000004,[0. 0.]
1789,2.0,1790,0,False,0.0,895.0,0.0,1,1,0,[1. 0.],[2 1],1.0,0,0.6,0.7,0.30000000000000004,[0. 0.]
1790,0.0,1791,1,False,0.0,896.0,2.0,1,0,1,[1. 0.],[2 1],1.0,0,0.6,0.7,0.30000000000000004,[0. 0.]
1791,2.0,1792,0,False,0.0,896.0,0.0,1,1,0,[1. 0.],[2 1],1.0,0,0.6,0.7,0.30000000000000004,[0. 0.]
1792,0.0,1793,1,False,0.0,897.0,2.0,1,0,1,[1. 0.],[2 1],1.0,0,0.6,0.7,0.30000000000000004,[0. 0.]
1793,2.0,1794,0,False,0.0,897.0,0.0,1,1,0,[1. 0.],[2 1],,0,0.6,0.7,0.30000000000000004,[0. 0.]
1794,0.0,1795,1,False,0.0,898.0,2.0,1,0,1,[1. 0.],[2 1],,0,0.6,0.7,0.30000000000000004,[0. 0.]
1795,2.0,1796,0,False,0.0,898.0,0.0,1,1,0,[1. 0.],[2 1],0.0,0,0.6,0.7,0.30000000000000004,[0. 0.]
1796,0.0,1797,1,False,0.0,899.0,1.0,1,0,2,[1. 0.],[2 1],0.0,0,0.6,0.7,0.30000000000000004,[0. 0.]
1797,1.0,1798,0,False,1.0,899.0,0.0,1,1,0,[1. 0.],[2 1],0.0,0,0.6,0.7,0.30000000000000004,[0. 0.]
1798,0.0,1799,1,False,0.0,900.0,1.0,1,0,2,[1. 0.],[2 1],0.0,0,0.6,0.7,0.30000000000000004,[0. 0.]
1799,1.0,1800,0,False,1.0,900.0,0.0,1,1,0,[0. 1.],[2 1],,0,0.6,0.7,0.30000000000000004,[0. 0.]
1800,0.0,1801,1,False,0.0,901.0,1.0,1,0,2,[0. 1.],[2 1],,0,0.6,0.7,0.30000000000000004,[0. 0.]
1801,1.0,1802,0,False,0.0,901.0,0.0,1,1,0,[1. 0.],[2 1],0.0,0,0.6,0.7,0.30000000000000004,[0. 0.]
1802,0.0,1803,1,False,0.0,902.0,1.0,1,0,2,[1. 0.],[2 1],0.0,0,0.6,0.7,0.30000000000000004,[0. 0.]
1803,1.0,1804,0,False,1.0,902.0,0.0,1,1,0,[1. 0.],[2 1],0.0,0,0.6,0.7,0.30000000000000004,[0. 0.]
1804,0.0,1805,1,False,0.0,903.0,1.0,1,0,2,[1. 0.],[2 1],0.0,0,0.6,0.7,0.30000000000000004,[0. 0.]
1805,1.0,1806,0,False,1.0,903.0,0.0,1,1,0,[1. 0.],[2 1],0.0,0,0.6,0.7,0.30000000000000004,[0. 0.]
1806,0.0,1807,1,False,0.0,904.0,1.0,1,0,2,[1. 0.],[2 1],0.0,0,0.6,0.7,0.30000000000000004,[0. 0.]
1807,1.0,1808,0,False,1.0,904.0,0.0,1,1,0,[0. 0.],[2 1],,0,0.6,0.7,0.30000000000000004,[0. 0.]
1808,0.0,1809,1,False,0.0,905.0,1.0,1,0,2,[0. 0.],[2 1],,0,0.6,0.7,0.30000000000000004,[0. 0.]
1809,1.0,1810,0,False,0.0,905.0,0.0,1,1,0,[1. 0.],[2 1],1.0,0,0.6,0.7,0.30000000000000004,[0. 0.]
1810,0.0,1811,1,False,0.0,906.0,2.0,1,0,2,[1. 0.],[2 1],1.0,0,0.6,0.7,0.30000000000000004,[0. 0.]
1811,2.0,1812,0,False,1.0,906.0,0.0,1,1,0,[1. 1.],[2 1],1.0,0,0.6,0.7,0.30000000000000004,[0. 0.]
1812,0.0,1813,1,False,0.0,907.0,2.0,1,0,2,[1. 1.],[2 1],1.0,0,0.6,0.7,0.30000000000000004,[0. 0.]
1813,2.0,1814,0,False,1.0,907.0,0.0,1,1,0,[0. 0.],[2 1],1.0,0,0.6,0.7,0.30000000000000004,[0. 0.]
1814,0.0,1815,1,False,0.0,908.0,2.0,1,0,2,[0. 0.],[2 1],1.0,0,0.6,0.7,0.30000000000000004,[0. 0.]
1815,2.0,1816,0,False,0.0,908.0,0.0,1,1,0,[1. 1.],[2 1],1.0,0,0.6,0.7,0.30000000000000004,[0. 0.]
1816,0.0,1817,1,False,0.0,909.0,2.0,1,0,2,[1. 1.],[2 1],1.0,0,0.6,0.7,0.30000000000000004,[0. 0.]
1817,2.0,1818,0,False,1.0,909.0,0.0,1,1,0,[1. 0.],[2 1],1.0,0,0.6,0.7,0.30000000000000004,[0. 0.]
1818,0.0,1819,1,False,0.0,910.0,2.0,1,0,2,[1. 0.],[2 1],1.0,0,0.6,0.7,0.30000000000000004,[0. 0.]
1819,2.0,1820,0,False,1.0,910.0,0.0,1,1,0,[1. 0.],[2 1],1.0,0,0.6,0.7,0.30000000000000004,[0. 0.]
1820,0.0,1821,1,False,0.0,911.0,2.0,1,0,2,[1. 0.],[2 1],1.0,0,0.6,0.7,0.30000000000000004,[0. 0.]
1821,2.0,1822,0,False,1.0,911.0,0.0,1,1,0,[1. 1.],[2 1],0.0,0,0.6,0.7,0.30000000000000004,[0. 0.]
1822,0.0,1823,1,False,0.0,912.0,1.0,1,0,2,[1. 1.],[2 1],0.0,0,0.6,0.7,0.30000000000000004,[0. 0.]
1823,1.0,1824,0,False,1.0,912.0,0.0,1,1,0,[1. 1.],[2 1],,1,0.6,0.7,0.30000000000000004,[0. 0.]
1824,0.0,1825,1,False,0.0,913.0,1.0,1,0,2,[1. 1.],[2 1],,1,0.6,0.7,0.30000000000000004,[0. 0.]
1825,1.0,1826,0,False,1.0,913.0,0.0,1,1,0,[1. 0.],[2 1],0.0,1,0.6,0.7,0.30000000000000004,[0. 0.]
1826,0.0,1827,1,False,0.0,914.0,1.0,1,0,2,[1. 0.],[2 1],0.0,1,0.6,0.7,0.30000000000000004,[0. 0.]
1827,1.0,1828,0,False,1.0,914.0,0.0,1,1,0,[0. 1.],[2 1],0.0,1,0.6,0.7,0.30000000000000004,[0. 0.]
1828,0.0,1829,1,False,0.0,915.0,1.0,1,0,2,[0. 1.],[2 1],0.0,1,0.6,0.7,0.30000000000000004,[0. 0.]
1829,1.0,1830,0,False,0.0,915.0,0.0,1,1,0,[0. 1.],[2 1],0.0,1,0.6,0.7,0.30000000000000004,[0. 0.]
1830,0.0,1831,1,False,0.0,916.0,1.0,1,0,2,[0. 1.],[2 1],0.0,1,0.6,0.7,0.30000000000000004,[0. 0.]
1831,1.0,1832,0,False,0.0,916.0,0.0,1,1,0,[0. 1.],[2 1],0.0,1,0.6,0.7,0.30000000000000004,[0. 0.]
1832,0.0,1833,1,False,0.0,917.0,1.0,1,0,1,[0. 1.],[2 1],0.0,1,0.6,0.7,0.30000000000000004,[0. 0.]
1833,1.0,1834,0,False,1.0,917.0,0.0,1,1,0,[0. 0.],[2 1],1.0,1,0.6,0.7,0.30000000000000004,[0. 0.]
1834,0.0,1835,1,False,0.0,918.0,2.0,1,0,1,[0. 0.],[2 1],1.0,1,0.6,0.7,0.30000000000000004,[0. 0.]
1835,2.0,1836,0,False,0.0,918.0,0.0,1,1,0,[0. 1.],[2 1],1.0,1,0.6,0.7,0.30000000000000004,[0. 0.]
1836,0.0,1837,1,False,0.0,919.0,2.0,1,0,1,[0. 1.],[2 1],1.0,1,0.6,0.7,0.30000000000000004,[0. 0.]
1837,2.0,1838,0,False,1.0,919.0,0.0,1,1,0,[0. 1.],[2 1],,1,0.6,0.7,0.30000000000000004,[0. 0.]
1838,0.0,1839,1,False,0.0,920.0,2.0,1,0,1,[0. 1.],[2 1],,1,0.6,0.7,0.30000000000000004,[0. 0.]
1839,2.0,1840,0,False,1.0,920.0,0.0,1,1,0,[1. 1.],[2 1],,1,0.6,0.7,0.30000000000000004,[0. 0.]
1840,0.0,1841,1,False,0.0,921.0,2.0,1,0,1,[1. 1.],[2 1],,1,0.6,0.7,0.30000000000000004,[0. 0.]
1841,2.0,1842,0,False,1.0,921.0,0.0,1,1,0,[1. 1.],[2 1],,1,0.6,0.7,0.30000000000000004,[0. 0.]
1842,0.0,1843,1,False,0.0,922.0,2.0,1,0,1,[1. 1.],[2 1],,1,0.6,0.7,0.30000000000000004,[0. 0.]
1843,2.0,1844,0,False,1.0,922.0,0.0,1,1,0,[0. 0.],[2 1],,1,0.6,0.7,0.30000000000000004,[0. 0.]
1844,0.0,1845,1,False,0.0,923.0,2.0,1,0,1,[0. 0.],[2 1],,1,0.6,0.7,0.30000000000000004,[0. 0.]
1845,2.0,1846,0,False,0.0,923.0,0.0,1,1,0,[0. 0.],[2 1],0.0,1,0.6,0.7,0.30000000000000004,[0. 0.]
1846,0.0,1847,1,False,0.0,924.0,1.0,1,0,1,[0. 0.],[2 1],0.0,1,0.6,0.7,0.30000000000000004,[0. 0.]
1847,1.0,1848,0,False,0.0,924.0,0.0,1,1,0,[0. 1.],[2 1],0.0,1,0.6,0.7,0.30000000000000004,[0. 0.]
1848,0.0,1849,1,False,0.0,925.0,1.0,1,0,1,[0. 1.],[2 1],0.0,1,0.6,0.7,0.30000000000000004,[0. 0.]
1849,1.0,1850,0,False,1.0,925.0,0.0,1,1,0,[0. 0.],[2 1],1.0,1,0.6,0.7,0.30000000000000004,[0. 0.]
1850,0.0,1851,1,False,0.0,926.0,2.0,1,0,1,[0. 0.],[2 1],1.0,1,0.6,0.7,0.30000000000000004,[0. 0.]
1851,2.0,1852,0,False,0.0,926.0,0.0,1,1,0,[0. 1.],[2 1],,1,0.6,0.7,0.30000000000000004,[0. 0.]
1852,0.0,1853,1,False,0.0,927.0,2.0,1,0,1,[0. 1.],[2 1],,1,0.6,0.7,0.30000000000000004,[0. 0.]
1853,2.0,1854,0,False,1.0,927.0,0.0,1,1,0,[0. 1.],[2 1],,1,0.6,0.7,0.30000000000000004,[0. 0.]
1854,0.0,1855,1,False,0.0,928.0,2.0,1,0,1,[0. 1.],[2 1],,1,0.6,0.7,0.30000000000000004,[0. 0.]
1855,2.0,1856,0,False,1.0,928.0,0.0,1,1,0,[0. 1.],[2 1],0.0,1,0.6,0.7,0.30000000000000004,[0. 0.]
1856,0.0,1857,1,False,0.0,929.0,1.0,1,0,1,[0. 1.],[2 1],0.0,1,0.6,0.7,0.30000000000000004,[0. 0.]
1857,1.0,1858,0,False,1.0,929.0,0.0,1,1,0,[1. 1.],[2 1],,1,0.6,0.7,0.30000000000000004,[0. 0.]
1858,0.0,1859,1,False,0.0,930.0,2.0,1,0,1,[1. 1.],[2 1],,1,0.6,0.7,0.30000000000000004,[0. 0.]
1859,2.0,1860,0,False,1.0,930.0,0.0,1,1,0,[0. 1.],[2 1],1.0,1,0.6,0.7,0.30000000000000004,[0. 0.]
1860,0.0,1861,1,False,0.0,931.0,2.0,1,0,1,[0. 1.],[2 1],1.0,1,0.6,0.7,0.30000000000000004,[0. 0.]
1861,2.0,1862,0,False,1.0,931.0,0.0,1,1,0,[0. 1.],[2 1],0.0,1,0.6,0.7,0.30000000000000004,[0. 0.]
1862,0.0,1863,1,False,0.0,932.0,1.0,1,0,1,[0. 1.],[2 1],0.0,1,0.6,0.7,0.30000000000000004,[0. 0.]
1863,1.0,1864,0,False,1.0,932.0,0.0,1,1,0,[0. 1.],[2 1],,1,0.6,0.7,0.30000000000000004,[0. 0.]
1864,0.0,1865,1,False,0.0,933.0,2.0,1,0,1,[0. 1.],[2 1],,1,0.6,0.7,0.30000000000000004,[0. 0.]
1865,2.0,1866,0,False,1.0,933.0,0.0,1,1,0,[0. 0.],[2 1],1.0,1,0.6,0.7,0.30000000000000004,[0. 0.]
1866,0.0,1867,1,False,0.0,934.0,2.0,1,0,1,[0. 0.],[2 1],1.0,1,0.6,0.7,0.30000000000000004,[0. 0.]
1867,2.0,1868,0,False,0.0,934.0,0.0,1,1,0,[0. 1.],[2 1],0.0,1,0.6,0.7,0.30000000000000004,[0. 0.]
1868,0.0,1869,1,False,0.0,935.0,1.0,1,0,1,[0. 1.],[2 1],0.0,1,0.6,0.7,0.30000000000000004,[0. 0.]
1869,1.0,1870,0,False,1.0,935.0,0.0,1,1,0,[0. 1.],[2 1],,1,0.6,0.7,0.30000000000000004,[0. 0.]
1870,0.0,1871,1,False,0.0,936.0,2.0,1,0,1,[0. 1.],[2 1],,1,0.6,0.7,0.30000000000000004,[0. 0.]
1871,2.0,1872,0,False,1.0,936.0,0.0,1,1,0,[0. 1.],[2 1],1.0,1,0.6,0.7,0.30000000000000004,[0. 0.]
1872,0.0,1873,1,False,0.0,937.0,2.0,1,0,1,[0. 1.],[2 1],1.0,1,0.6,0.7,0.30000000000000004,[0. 0.]
1873,2.0,1874,0,False,1.0,937.0,0.0,1,1,0,[0. 1.],[2 1],0.0,1,0.6,0.7,0.30000000000000004,[0. 0.]
1874,0.0,1875,1,False,0.0,938.0,1.0,1,0,1,[0. 1.],[2 1],0.0,1,0.6,0.7,0.30000000000000004,[0. 0.]
1875,1.0,1876,0,False,1.0,938.0,0.0,1,1,0,[1. 0.],[2 1],1.0,1,0.6,0.7,0.30000000000000004,[0. 0.]
1876,0.0,1877,1,False,0.0,939.0,2.0,1,0,1,[1. 0.],[2 1],1.0,1,0.6,0.7,0.30000000000000004,[0. 0.]
1877,2.0,1878,0,False,0.0,939.0,0.0,1,1,0,[1. 1.],[2 1],1.0,1,0.6,0.7,0.30000000000000004,[0. 0.]
1878,0.0,1879,1,False,0.0,940.0,2.0,1,0,1,[1. 1.],[2 1],1.0,1,0.6,0.7,0.30000000000000004,[0. 0.]
1879,2.0,1880,0,False,1.0,940.0,0.0,1,1,0,[0. 1.],[2 1],0.0,1,0.6,0.7,0.30000000000000004,[0. 0.]
1880,0.0,1881,1,False,0.0,941.0,1.0,1,0,1,[0. 1.],[2 1],0.0,1,0.6,0.7,0.30000000000000004,[0. 0.]
1881,1.0,1882,0,False,1.0,941.0,0.0,1,1,0,[0. 1.],[2 1],1.0,1,0.6,0.7,0.30000000000000004,[0. 0.]
1882,0.0,1883,1,False,0.0,942.0,2.0,1,0,1,[0. 1.],[2 1],1.0,1,0.6,0.7,0.30000000000000004,[0. 0.]
1883,2.0,1884,0,False,1.0,942.0,0.0,1,1,0,[0. 1.],[2 1],,1,0.6,0.7,0.30000000000000004,[0. 0.]
1884,0.0,1885,1,False,0.0,943.0,2.0,1,0,1,[0. 1.],[2 1],,1,0.6,0.7,0.30000000000000004,[0. 0.]
1885,2.0,1886,0,False,1.0,943.0,0.0,1,1,0,[0. 0.],[2 1],0.0,1,0.6,0.7,0.30000000000000004,[0. 0.]
1886,0.0,1887,1,False,0.0,944.0,1.0,1,0,1,[0. 0.],[2 1],0.0,1,0.6,0.7,0.30000000000000004,[0. 0.]
1887,1.0,1888,0,False,0.0,944.0,0.0,1,1,0,[0. 1.],[2 1],,1,0.6,0.7,0.30000000000000004,[0. 0.]
1888,0.0,1889,1,False,0.0,945.0,2.0,1,0,1,[0. 1.],[2 1],,1,0.6,0.7,0.30000000000000004,[0. 0.]
1889,2.0,1890,0,False,1.0,945.0,0.0,1,1,0,[0. 0.],[2 1],1.0,1,0.6,0.7,0.30000000000000004,[0. 0.]
1890,0.0,1891,1,False,0.0,946.0,2.0,1,0,1,[0. 0.],[2 1],1.0,1,0.6,0.7,0.30000000000000004,[0. 0.]
1891,2.0,1892,0,False,0.0,946.0,0.0,1,1,0,[0. 1.],[2 1],,1,0.6,0.7,0.30000000000000004,[0. 0.]
1892,0.0,1893,1,False,0.0,947.0,2.0,1,0,1,[0. 1.],[2 1],,1,0.6,0.7,0.30000000000000004,[0. 0.]
1893,2.0,1894,0,False,1.0,947.0,0.0,1,1,0,[1. 1.],[1 2],,1,0.6,0.7,0.30000000000000004,[0. 0.]
1894,0.0,1895,1,False,0.0,948.0,1.0,1,0,1,[1. 1.],[1 2],,1,0.6,0.7,0.30000000000000004,[0. 0.]
1895,1.0,1896,0,False,1.0,948.0,0.0,1,1,0,[0. 1.],[1 2],0.0,1,0.6,0.7,0.30000000000000004,[0. 0.]
1896,0.0,1897,1,False,0.0,949.0,1.0,1,0,1,[0. 1.],[1 2],0.0,1,0.6,0.7,0.30000000000000004,[0. 0.]
1897,1.0,1898,0,False,0.0,949.0,0.0,1,1,0,[0. 1.],[1 2],,1,0.6,0.7,0.30000000000000004,[0. 0.]
1898,0.0,1899,1,False,0.0,950.0,1.0,1,0,1,[0. 1.],[1 2],,1,0.6,0.7,0.30000000000000004,[0. 0.]
1899,1.0,1900,0,False,0.0,950.0,0.0,1,1,0,[0. 1.],[1 2],0.0,1,0.6,0.7,0.30000000000000004,[0. 0.]
1900,0.0,1901,1,False,0.0,951.0,1.0,1,0,2,[0. 1.],[1 2],0.0,1,0.6,0.7,0.30000000000000004,[0. 0.]
1901,1.0,1902,0,False,1.0,951.0,0.0,1,1,0,[0. 1.],[1 2],,1,0.6,0.7,0.30000000000000004,[0. 0.]
1902,0.0,1903,1,False,0.0,952.0,2.0,1,0,2,[0. 1.],[1 2],,1,0.6,0.7,0.30000000000000004,[0. 0.]
1903,2.0,1904,0,False,1.0,952.0,0.0,1,1,0,[1. 1.],[1 2],0.0,1,0.6,0.7,0.30000000000000004,[0. 0.]
1904,0.0,1905,1,False,0.0,953.0,1.0,1,0,2,[1. 1.],[1 2],0.0,1,0.6,0.7,0.30000000000000004,[0. 0.]
1905,1.0,1906,0,False,1.0,953.0,0.0,1,1,0,[1. 1.],[1 2],,1,0.6,0.7,0.30000000000000004,[0. 0.]
1906,0.0,1907,1,False,0.0,954.0,2.0,1,0,2,[1. 1.],[1 2],,1,0.6,0.7,0.30000000000000004,[0. 0.]
1907,2.0,1908,0,False,1.0,954.0,0.0,1,1,0,[0. 1.],[1 2],,1,0.6,0.7,0.30000000000000004,[0. 0.]
1908,0.0,1909,1,False,0.0,955.0,2.0,1,0,2,[0. 1.],[1 2],,1,0.6,0.7,0.30000000000000004,[0. 0.]
1909,2.0,1910,0,False,1.0,955.0,0.0,1,1,0,[0. 1.],[1 2],,1,0.6,0.7,0.30000000000000004,[0. 0.]
1910,0.0,1911,1,False,0.0,956.0,2.0,1,0,2,[0. 1.],[1 2],,1,0.6,0.7,0.30000000000000004,[0. 0.]
1911,2.0,1912,0,False,1.0,956.0,0.0,1,1,0,[0. 1.],[1 2],0.0,1,0.6,0.7,0.30000000000000004,[0. 0.]
1912,0.0,1913,1,False,0.0,957.0,1.0,1,0,2,[0. 1.],[1 2],0.0,1,0.6,0.7,0.30000000000000004,[0. 0.]
1913,1.0,1914,0,False,1.0,957.0,0.0,1,1,0,[0. 0.],[1 2],0.0,1,0.6,0.7,0.30000000000000004,[0. 0.]
1914,0.0,1915,1,False,0.0,958.0,1.0,1,0,2,[0. 0.],[1 2],0.0,1,0.6,0.7,0.30000000000000004,[0. 0.]
1915,1.0,1916,0,False,0.0,958.0,0.0,1,1,0,[1. 1.],[1 2],1.0,1,0.6,0.7,0.30000000000000004,[0. 0.]
1916,0.0,1917,1,False,0.0,959.0,2.0,1,0,2,[1. 1.],[1 2],1.0,1,0.6,0.7,0.30000000000000004,[0. 0.]
1917,2.0,1918,0,False,1.0,959.0,0.0,1,1,0,[0. 0.],[1 2],0.0,1,0.6,0.7,0.30000000000000004,[0. 0.]
1918,0.0,1919,1,False,0.0,960.0,1.0,1,0,2,[0. 0.],[1 2],0.0,1,0.6,0.7,0.30000000000000004,[0. 0.]
1919,1.0,1920,0,False,0.0,960.0,0.0,1,1,0,[0. 1.],[1 2],,1,0.6,0.7,0.30000000000000004,[0. 0.]
1920,0.0,1921,1,False,0.0,961.0,2.0,1,0,2,[0. 1.],[1 2],,1,0.6,0.7,0.30000000000000004,[0. 0.]
1921,2.0,1922,0,False,1.0,961.0,0.0,1,1,0,[0. 1.],[1 2],1.0,1,0.6,0.7,0.30000000000000004,[0. 0.]
1922,0.0,1923,1,False,0.0,962.0,2.0,1,0,2,[0. 1.],[1 2],1.0,1,0.6,0.7,0.30000000000000004,[0. 0.]
1923,2.0,1924,0,False,1.0,962.0,0.0,1,1,0,[0. 0.],[1 2],0.0,1,0.6,0.7,0.30000000000000004,[0. 0.]
1924,0.0,1925,1,False,0.0,963.0,1.0,1,0,2,[0. 0.],[1 2],0.0,1,0.6,0.7,0.30000000000000004,[0. 0.]
1925,1.0,1926,0,False,0.0,963.0,0.0,1,1,0,[0. 0.],[1 2],,1,0.6,0.7,0.30000000000000004,[0. 0.]
1926,0.0,1927,1,False,0.0,964.0,2.0,1,0,2,[0. 0.],[1 2],,1,0.6,0.7,0.30000000000000004,[0. 0.]
1927,2.0,1928,0,False,0.0,964.0,0.0,1,1,0,[0. 0.],[1 2],0.0,1,0.6,0.7,0.30000000000000004,[0. 0.]
1928,0.0,1929,1,False,0.0,965.0,1.0,1,0,2,[0. 0.],[1 2],0.0,1,0.6,0.7,0.30000000000000004,[0. 0.]
1929,1.0,1930,0,False,0.0,965.0,0.0,1,1,0,[0. 1.],[1 2],1.0,1,0.6,0.7,0.30000000000000004,[0. 0.]
1930,0.0,1931,1,False,0.0,966.0,2.0,1,0,1,[0. 1.],[1 2],1.0,1,0.6,0.7,0.30000000000000004,[0. 0.]
1931,2.0,1932,0,False,0.0,966.0,0.0,1,1,0,[0. 1.],[1 2],1.0,1,0.6,0.7,0.30000000000000004,[0. 0.]
1932,0.0,1933,1,False,0.0,967.0,2.0,1,0,1,[0. 1.],[1 2],1.0,1,0.6,0.7,0.30000000000000004,[0. 0.]
1933,2.0,1934,0,False,0.0,967.0,0.0,1,1,0,[1. 1.],[1 2],,1,0.6,0.7,0.30000000000000004,[0. 0.]
1934,0.0,1935,1,False,0.0,968.0,2.0,1,0,2,[1. 1.],[1 2],,1,0.6,0.7,0.30000000000000004,[0. 0.]
1935,2.0,1936,0,False,1.0,968.0,0.0,1,1,0,[1. 1.],[1 2],0.0,1,0.6,0.7,0.30000000000000004,[0. 0.]
1936,0.0,1937,1,False,0.0,969.0,1.0,1,0,2,[1. 1.],[1 2],0.0,1,0.6,0.7,0.30000000000000004,[0. 0.]
1937,1.0,1938,0,False,1.0,969.0,0.0,1,1,0,[0. 1.],[1 2],1.0,1,0.6,0.7,0.30000000000000004,[0. 0.]
1938,0.0,1939,1,False,0.0,970.0,2.0,1,0,2,[0. 1.],[1 2],1.0,1,0.6,0.7,0.30000000000000004,[0. 0.]
1939,2.0,1940,0,False,1.0,970.0,0.0,1,1,0,[0. 0.],[1 2],,1,0.6,0.7,0.30000000000000004,[0. 0.]
1940,0.0,1941,1,False,0.0,971.0,2.0,1,0,2,[0. 0.],[1 2],,1,0.6,0.7,0.30000000000000004,[0. 0.]
1941,2.0,1942,0,False,0.0,971.0,0.0,1,1,0,[1. 1.],[1 2],1.0,1,0.6,0.7,0.30000000000000004,[0. 0.]
1942,0.0,1943,1,False,0.0,972.0,2.0,1,0,2,[1. 1.],[1 2],1.0,1,0.6,0.7,0.30000000000000004,[0. 0.]
1943,2.0,1944,0,False,1.0,972.0,0.0,1,1,0,[1. 1.],[1 2],0.0,1,0.6,0.7,0.30000000000000004,[0. 0.]
1944,0.0,1945,1,False,0.0,973.0,1.0,1,0,2,[1. 1.],[1 2],0.0,1,0.6,0.7,0.30000000000000004,[0. 0.]
1945,1.0,1946,0,False,1.0,973.0,0.0,1,1,0,[0. 1.],[1 2],0.0,1,0.6,0.7,0.30000000000000004,[0. 0.]
1946,0.0,1947,1,False,0.0,974.0,1.0,1,0,2,[0. 1.],[1 2],0.0,1,0.6,0.7,0.30000000000000004,[0. 0.]
1947,1.0,1948,0,False,1.0,974.0,0.0,1,1,0,[1. 0.],[1 2],,1,0.6,0.7,0.30000000000000004,[0. 0.]
1948,0.0,1949,1,False,0.0,975.0,2.0,1,0,2,[1. 0.],[1 2],,1,0.6,0.7,0.30000000000000004,[0. 0.]
1949,2.0,1950,0,False,0.0,975.0,0.0,1,1,0,[0. 1.],[1 2],,1,0.6,0.7,0.30000000000000004,[0. 0.]
1950,0.0,1951,1,False,0.0,976.0,2.0,1,0,2,[0. 1.],[1 2],,1,0.6,0.7,0.30000000000000004,[0. 0.]
1951,2.0,1952,0,False,1.0,976.0,0.0,1,1,0,[1. 1.],[1 2],0.0,1,0.6,0.7,0.30000000000000004,[0. 0.]
1952,0.0,1953,1,False,0.0,977.0,1.0,1,0,2,[1. 1.],[1 2],0.0,1,0.6,0.7,0.30000000000000004,[0. 0.]
1953,1.0,1954,0,False,1.0,977.0,0.0,1,1,0,[0. 1.],[1 2],,1,0.6,0.7,0.30000000000000004,[0. 0.]
1954,0.0,1955,1,False,0.0,978.0,2.0,1,0,2,[0. 1.],[1 2],,1,0.6,0.7,0.30000000000000004,[0. 0.]
1955,2.0,1956,0,False,1.0,978.0,0.0,1,1,0,[1. 0.],[1 2],,1,0.6,0.7,0.30000000000000004,[0. 0.]
1956,0.0,1957,1,False,0.0,979.0,2.0,1,0,2,[1. 0.],[1 2],,1,0.6,0.7,0.30000000000000004,[0. 0.]
1957,2.0,1958,0,False,0.0,979.0,0.0,1,1,0,[0. 1.],[1 2],1.0,1,0.6,0.7,0.30000000000000004,[0. 0.]
1958,0.0,1959,1,False,0.0,980.0,2.0,1,0,2,[0. 1.],[1 2],1.0,1,0.6,0.7,0.30000000000000004,[0. 0.]
1959,2.0,1960,0,False,1.0,980.0,0.0,1,1,0,[1. 1.],[1 2],,1,0.6,0.7,0.30000000000000004,[0. 0.]
1960,0.0,1961,1,False,0.0,981.0,2.0,1,0,2,[1. 1.],[1 2],,1,0.6,0.7,0.30000000000000004,[0. 0.]
1961,2.0,1962,0,False,1.0,981.0,0.0,1,1,0,[0. 0.],[1 2],,1,0.6,0.7,0.30000000000000004,[0. 0.]
1962,0.0,1963,1,False,0.0,982.0,2.0,1,0,2,[0. 0.],[1 2],,1,0.6,0.7,0.30000000000000004,[0. 0.]
1963,2.0,1964,0,False,0.0,982.0,0.0,1,1,0,[0. 1.],[1 2],0.0,1,0.6,0.7,0.30000000000000004,[0. 0.]
1964,0.0,1965,1,False,0.0,983.0,1.0,1,0,2,[0. 1.],[1 2],0.0,1,0.6,0.7,0.30000000000000004,[0. 0.]
1965,1.0,1966,0,False,1.0,983.0,0.0,1,1,0,[1. 1.],[1 2],,1,0.6,0.7,0.30000000000000004,[0. 0.]
1966,0.0,1967,1,False,0.0,984.0,2.0,1,0,2,[1. 1.],[1 2],,1,0.6,0.7,0.30000000000000004,[0. 0.]
1967,2.0,1968,0,False,1.0,984.0,0.0,1,1,0,[0. 0.],[1 2],0.0,1,0.6,0.7,0.30000000000000004,[0. 0.]
1968,0.0,1969,1,False,0.0,985.0,1.0,1,0,2,[0. 0.],[1 2],0.0,1,0.6,0.7,0.30000000000000004,[0. 0.]
1969,1.0,1970,0,False,0.0,985.0,0.0,1,1,0,[0. 1.],[1 2],0.0,1,0.6,0.7,0.30000000000000004,[0. 0.]
1970,0.0,1971,1,False,0.0,986.0,1.0,1,0,2,[0. 1.],[1 2],0.0,1,0.6,0.7,0.30000000000000004,[0. 0.]
1971,1.0,1972,0,False,1.0,986.0,0.0,1,1,0,[1. 1.],[1 2],,1,0.6,0.7,0.30000000000000004,[0. 0.]
1972,0.0,1973,1,False,0.0,987.0,2.0,1,0,2,[1. 1.],[1 2],,1,0.6,0.7,0.30000000000000004,[0. 0.]
1973,2.0,1974,0,False,1.0,987.0,0.0,1,1,0,[0. 1.],[2 1],0.0,1,0.6,0.7,0.30000000000000004,[0. 0.]
1974,0.0,1975,1,False,0.0,988.0,1.0,1,0,2,[0. 1.],[2 1],0.0,1,0.6,0.7,0.30000000000000004,[0. 0.]
1975,1.0,1976,0,False,0.0,988.0,0.0,1,1,0,[0. 1.],[2 1],,1,0.6,0.7,0.30000000000000004,[0. 0.]
1976,0.0,1977,1,False,0.0,989.0,1.0,1,0,2,[0. 1.],[2 1],,1,0.6,0.7,0.30000000000000004,[0. 0.]
1977,1.0,1978,0,False,0.0,989.0,0.0,1,1,0,[1. 1.],[2 1],,1,0.6,0.7,0.30000000000000004,[0. 0.]
1978,0.0,1979,1,False,0.0,990.0,2.0,1,0,1,[1. 1.],[2 1],,1,0.6,0.7,0.30000000000000004,[0. 0.]
1979,2.0,1980,0,False,1.0,990.0,0.0,1,1,0,[0. 1.],[2 1],1.0,1,0.6,0.7,0.30000000000000004,[0. 0.]
1980,0.0,1981,1,False,0.0,991.0,2.0,1,0,1,[0. 1.],[2 1],1.0,1,0.6,0.7,0.30000000000000004,[0. 0.]
1981,2.0,1982,0,False,1.0,991.0,0.0,1,1,0,[1. 1.],[2 1],0.0,1,0.6,0.7,0.30000000000000004,[0. 0.]
1982,0.0,1983,1,False,0.0,992.0,1.0,1,0,1,[1. 1.],[2 1],0.0,1,0.6,0.7,0.30000000000000004,[0. 0.]
1983,1.0,1984,0,False,1.0,992.0,0.0,1,1,0,[1. 1.],[2 1],0.0,1,0.6,0.7,0.30000000000000004,[0. 0.]
1984,0.0,1985,1,False,0.0,993.0,1.0,1,0,1,[1. 1.],[2 1],0.0,1,0.6,0.7,0.30000000000000004,[0. 0.]
1985,1.0,1986,0,False,1.0,993.0,0.0,1,1,0,[0. 1.],[2 1],,1,0.6,0.7,0.30000000000000004,[0. 0.]
1986,0.0,1987,1,False,0.0,994.0,2.0,1,0,1,[0. 1.],[2 1],,1,0.6,0.7,0.30000000000000004,[0. 0.]
1987,2.0,1988,0,False,1.0,994.0,0.0,1,1,0,[0. 1.],[2 1],0.0,1,0.6,0.7,0.30000000000000004,[0. 0.]
1988,0.0,1989,1,False,0.0,995.0,1.0,1,0,1,[0. 1.],[2 1],0.0,1,0.6,0.7,0.30000000000000004,[0. 0.]
1989,1.0,1990,0,False,1.0,995.0,0.0,1,1,0,[0. 1.],[2 1],0.0,1,0.6,0.7,0.30000000000000004,[0. 0.]
1990,0.0,1991,1,False,0.0,996.0,1.0,1,0,1,[0. 1.],[2 1],0.0,1,0.6,0.7,0.30000000000000004,[0. 0.]
1991,1.0,1992,0,False,1.0,996.0,0.0,1,1,0,[1. 1.],[2 1],1.0,1,0.6,0.7,0.30000000000000004,[0. 0.]
1992,0.0,1993,1,False,0.0,997.0,2.0,1,0,1,[1. 1.],[2 1],1.0,1,0.6,0.7,0.30000000000000004,[0. 0.]
1993,2.0,1994,0,False,1.0,997.0,0.0,1,1,0,[0. 1.],[2 1],,1,0.6,0.7,0.30000000000000004,[0. 0.]
1994,0.0,1995,1,False,0.0,998.0,2.0,1,0,1,[0. 1.],[2 1],,1,0.6,0.7,0.30000000000000004,[0. 0.]
1995,2.0,1996,0,False,1.0,998.0,0.0,1,1,0,[0. 1.],[2 1],0.0,1,0.6,0.7,0.30000000000000004,[0. 0.]
1996,0.0,1997,1,False,0.0,999.0,1.0,1,0,1,[0. 1.],[2 1],0.0,1,0.6,0.7,0.30000000000000004,[0. 0.]
1997,1.0,1998,0,False,1.0,999.0,0.0,1,1,0,[0. 0.],[2 1],1.0,1,0.6,0.7,0.30000000000000004,[0. 0.]
1998,0.0,1999,1,False,0.0,1000.0,2.0,1,0,1,[0. 0.],[2 1],1.0,1,0.6,0.7,0.30000000000000004,[0. 0.]
1999,2.0,2000,0,True,0.0,1000.0,0.0,1,1,0,[0. 1.],[2 1],,1,0.6,0.7,0.30000000000000004,[0. 0.]
0,0.0,1,1,False,0.0,1.0,1.0,1,0,1,[0. 1.],[1 2],0.0,1,0.6,0.7,0.30000000000000004,[1. 1.]
1,1.0,2,0,False,0.0,1.0,0.0,1,1,0,[0. 0.],[1 2],1.0,1,0.6,0.7,0.30000000000000004,[1. 1.]
2,0.0,3,1,False,0.0,2.0,2.0,1,0,2,[0. 0.],[1 2],1.0,1,0.6,0.7,0.30000000000000004,[1. 1.]
3,2.0,4,0,False,0.0,2.0,0.0,1,1,0,[0. 1.],[1 2],,1,0.6,0.7,0.30000000000000004,[1. 1.]
4,0.0,5,1,False,0.0,3.0,2.0,1,0,2,[0. 1.],[1 2],,1,0.6,0.7,0.30000000000000004,[1. 1.]
5,2.0,6,0,False,1.0,3.0,0.0,1,1,0,[1. 0.],[1 2],,1,0.6,0.7,0.30000000000000004,[1. 1.]
6,0.0,7,1,False,0.0,4.0,2.0,1,0,2,[1. 0.],[1 2],,1,0.6,0.7,0.30000000000000004,[1. 1.]
7,2.0,8,0,False,0.0,4.0,0.0,1,1,0,[1. 1.],[1 2],0.0,0,0.6,0.7,0.30000000000000004,[1. 1.]
8,0.0,9,1,False,0.0,5.0,1.0,1,0,2,[1. 1.],[1 2],0.0,0,0.6,0.7,0.30000000000000004,[1. 1.]
9,1.0,10,0,False,1.0,5.0,0.0,1,1,0,[1. 0.],[1 2],0.0,0,0.6,0.7,0.30000000000000004,[1. 1.]
10,0.0,11,1,False,0.0,6.0,1.0,1,0,2,[1. 0.],[1 2],0.0,0,0.6,0.7,0.30000000000000004,[1. 1.]
11,1.0,12,0,False,0.0,6.0,0.0,1,1,0,[1. 0.],[1 2],,1,0.6,0.7,0.30000000000000004,[1. 1.]
12,0.0,13,1,False,0.0,7.0,2.0,1,0,2,[1. 0.],[1 2],,1,0.6,0.7,0.30000000000000004,[1. 1.]
13,2.0,14,0,False,0.0,7.0,0.0,1,1,0,[1. 1.],[1 2],0.0,1,0.6,0.7,0.30000000000000004,[1. 1.]
14,0.0,15,1,False,0.0,8.0,1.0,1,0,1,[1. 1.],[1 2],0.0,1,0.6,0.7,0.30000000000000004,[1. 1.]
15,1.0,16,0,False,1.0,8.0,0.0,1,1,0,[1. 1.],[1 2],1.0,1,0.6,0.7,0.30000000000000004,[1. 1.]
16,0.0,17,1,False,0.0,9.0,2.0,1,0,1,[1. 1.],[1 2],1.0,1,0.6,0.7,0.30000000000000004,[1. 1.]
17,2.0,18,0,False,1.0,9.0,0.0,1,1,0,[1. 1.],[1 2],0.0,1,0.6,0.7,0.30000000000000004,[1. 1.]
18,0.0,19,1,False,0.0,10.0,1.0,1,0,1,[1. 1.],[1 2],0.0,1,0.6,0.7,0.30000000000000004,[1. 1.]
19,1.0,20,0,False,1.0,10.0,0.0,1,1,0,[0. 1.],[1 2],1.0,1,0.6,0.7,0.30000000000000004,[1. 1.]
20,0.0,21,1,False,0.0,11.0,2.0,1,0,1,[0. 1.],[1 2],1.0,1,0.6,0.7,0.30000000000000004,[1. 1.]
21,2.0,22,0,False,0.0,11.0,0.0,1,1,0,[1. 0.],[1 2],,1,0.6,0.7,0.30000000000000004,[1. 1.]
22,0.0,23,1,False,0.0,12.0,1.0,1,0,1,[1. 0.],[1 2],,1,0.6,0.7,0.30000000000000004,[1. 1.]
23,1.0,24,0,False,1.0,12.0,0.0,1,1,0,[0. 1.],[1 2],1.0,1,0.6,0.7,0.30000000000000004,[1. 1.]
24,0.0,25,1,False,0.0,13.0,2.0,1,0,1,[0. 1.],[1 2],1.0,1,0.6,0.7,0.30000000000000004,[1. 1.]
25,2.0,26,0,False,0.0,13.0,0.0,1,1,0,[1. 1.],[1 2],,1,0.6,0.7,0.30000000000000004,[1. 1.]
26,0.0,27,1,False,0.0,14.0,1.0,1,0,1,[1. 1.],[1 2],,1,0.6,0.7,0.30000000000000004,[1. 1.]
27,1.0,28,0,False,1.0,14.0,0.0,1,1,0,[0. 0.],[1 2],,1,0.6,0.7,0.30000000000000004,[1. 1.]
28,0.0,29,1,False,0.0,15.0,1.0,1,0,1,[0. 0.],[1 2],,1,0.6,0.7,0.30000000000000004,[1. 1.]
29,1.0,30,0,False,0.0,15.0,0.0,1,1,0,[0. 1.],[1 2],1.0,1,0.6,0.7,0.30000000000000004,[1. 1.]
30,0.0,31,1,False,0.0,16.0,2.0,1,0,1,[0. 1.],[1 2],1.0,1,0.6,0.7,0.30000000000000004,[1. 1.]
31,2.0,32,0,False,0.0,16.0,0.0,1,1,0,[0. 0.],[1 2],0.0,1,0.6,0.7,0.30000000000000004,[1. 1.]
32,0.0,33,1,False,0.0,17.0,1.0,1,0,1,[0. 0.],[1 2],0.0,1,0.6,0.7,0.30000000000000004,[1. 1.]
33,1.0,34,0,False,0.0,17.0,0.0,1,1,0,[1. 1.],[1 2],0.0,1,0.6,0.7,0.30000000000000004,[1. 1.]
34,0.0,35,1,False,0.0,18.0,1.0,1,0,2,[1. 1.],[1 2],0.0,1,0.6,0.7,0.30000000000000004,[1. 1.]
35,1.0,36,0,False,1.0,18.0,0.0,1,1,0,[0. 1.],[1 2],1.0,1,0.6,0.7,0.30000000000000004,[1. 1.]
36,0.0,37,1,False,0.0,19.0,2.0,1,0,2,[0. 1.],[1 2],1.0,1,0.6,0.7,0.30000000000000004,[1. 1.]
37,2.0,38,0,False,1.0,19.0,0.0,1,1,0,[0. 1.],[1 2],0.0,1,0.6,0.7,0.30000000000000004,[1. 1.]
38,0.0,39,1,False,0.0,20.0,1.0,1,0,2,[0. 1.],[1 2],0.0,1,0.6,0.7,0.30000000000000004,[1. 1.]
39,1.0,40,0,False,1.0,20.0,0.0,1,1,0,[1. 1.],[1 2],1.0,1,0.6,0.7,0.30000000000000004,[1. 1.]
40,0.0,41,1,False,0.0,21.0,2.0,1,0,2,[1. 1.],[1 2],1.0,1,0.6,0.7,0.30000000000000004,[1. 1.]
41,2.0,42,0,False,1.0,21.0,0.0,1,1,0,[0. 1.],[1 2],1.0,1,0.6,0.7,0.30000000000000004,[1. 1.]
42,0.0,43,1,False,0.0,22.0,2.0,1,0,2,[0. 1.],[1 2],1.0,1,0.6,0.7,0.30000000000000004,[1. 1.]
43,2.0,44,0,False,1.0,22.0,0.0,1,1,0,[1. 1.],[1 2],1.0,1,0.6,0.7,0.30000000000000004,[1. 1.]
44,0.0,45,1,False,0.0,23.0,2.0,1,0,2,[1. 1.],[1 2],1.0,1,0.6,0.7,0.30000000000000004,[1. 1.]
45,2.0,46,0,False,1.0,23.0,0.0,1,1,0,[0. 1.],[1 2],1.0,1,0.6,0.7,0.30000000000000004,[1. 1.]
46,0.0,47,1,False,0.0,24.0,2.0,1,0,2,[0. 1.],[1 2],1.0,1,0.6,0.7,0.30000000000000004,[1. 1.]
47,2.0,48,0,False,1.0,24.0,0.0,1,1,0,[0. 0.],[1 2],0.0,1,0.6,0.7,0.30000000000000004,[1. 1.]
48,0.0,49,1,False,0.0,25.0,1.0,1,0,2,[0. 0.],[1 2],0.0,1,0.6,0.7,0.30000000000000004,[1. 1.]
49,1.0,50,0,False,0.0,25.0,0.0,1,1,0,[0. 1.],[1 2],1.0,1,0.6,0.7,0.30000000000000004,[1. 1.]
50,0.0,51,1,False,0.0,26.0,2.0,1,0,2,[0. 1.],[1 2],1.0,1,0.6,0.7,0.30000000000000004,[1. 1.]
51,2.0,52,0,False,1.0,26.0,0.0,1,1,0,[0. 1.],[1 2],1.0,1,0.6,0.7,0.30000000000000004,[1. 1.]
52,0.0,53,1,False,0.0,27.0,2.0,1,0,2,[0. 1.],[1 2],1.0,1,0.6,0.7,0.30000000000000004,[1. 1.]
53,2.0,54,0,False,1.0,27.0,0.0,1,1,0,[0. 1.],[1 2],0.0,1,0.6,0.7,0.30000000000000004,[1. 1.]
54,0.0,55,1,False,0.0,28.0,1.0,1,0,2,[0. 1.],[1 2],0.0,1,0.6,0.7,0.30000000000000004,[1. 1.]
55,1.0,56,0,False,1.0,28.0,0.0,1,1,0,[0. 1.],[1 2],1.0,1,0.6,0.7,0.30000000000000004,[1. 1.]
56,0.0,57,1,False,0.0,29.0,2.0,1,0,2,[0. 1.],[1 2],1.0,1,0.6,0.7,0.30000000000000004,[1. 1.]
57,2.0,58,0,False,1.0,29.0,0.0,1,1,0,[1. 1.],[1 2],0.0,1,0.6,0.7,0.30000000000000004,[1. 1.]
58,0.0,59,1,False,0.0,30.0,1.0,1,0,2,[1. 1.],[1 2],0.0,1,0.6,0.7,0.30000000000000004,[1. 1.]
59,1.0,60,0,False,1.0,30.0,0.0,1,1,0,[1. 1.],[1 2],,1,0.6,0.7,0.30000000000000004,[1. 1.]
60,0.0,61,1,False,0.0,31.0,2.0,1,0,2,[1. 1.],[1 2],,1,0.6,0.7,0.30000000000000004,[1. 1.]
61,2.0,62,0,False,1.0,31.0,0.0,1,1,0,[0. 1.],[1 2],,1,0.6,0.7,0.30000000000000004,[1. 1.]
62,0.0,63,1,False,0.0,32.0,2.0,1,0,2,[0. 1.],[1 2],,1,0.6,0.7,0.30000000000000004,[1. 1.]
63,2.0,64,0,False,1.0,32.0,0.0,1,1,0,[0. 1.],[1 2],,1,0.6,0.7,0.30000000000000004,[1. 1.]
64,0.0,65,1,False,0.0,33.0,2.0,1,0,2,[0. 1.],[1 2],,1,0.6,0.7,0.30000000000000004,[1. 1.]
65,2.0,66,0,False,1.0,33.0,0.0,1,1,0,[1. 1.],[1 2],,1,0.6,0.7,0.30000000000000004,[1. 1.]
66,0.0,67,1,False,0.0,34.0,2.0,1,0,2,[1. 1.],[1 2],,1,0.6,0.7,0.30000000000000004,[1. 1.]
67,2.0,68,0,False,1.0,34.0,0.0,1,1,0,[1. 1.],[1 2],0.0,1,0.6,0.7,0.30000000000000004,[1. 1.]
68,0.0,69,1,False,0.0,35.0,1.0,1,0,2,[1. 1.],[1 2],0.0,1,0.6,0.7,0.30000000000000004,[1. 1.]
69,1.0,70,0,False,1.0,35.0,0.0,1,1,0,[0. 1.],[1 2],0.0,1,0.6,0.7,0.30000000000000004,[1. 1.]
70,0.0,71,1,False,0.0,36.0,1.0,1,0,2,[0. 1.],[1 2],0.0,1,0.6,0.7,0.30000000000000004,[1. 1.]
71,1.0,72,0,False,1.0,36.0,0.0,1,1,0,[0. 1.],[1 2],0.0,1,0.6,0.7,0.30000000000000004,[1. 1.]
72,0.0,73,1,False,0.0,37.0,1.0,1,0,2,[0. 1.],[1 2],0.0,1,0.6,0.7,0.30000000000000004,[1. 1.]
73,1.0,74,0,False,1.0,37.0,0.0,1,1,0,[0. 0.],[1 2],0.0,1,0.6,0.7,0.30000000000000004,[1. 1.]
74,0.0,75,1,False,0.0,38.0,1.0,1,0,2,[0. 0.],[1 2],0.0,1,0.6,0.7,0.30000000000000004,[1. 1.]
75,1.0,76,0,False,0.0,38.0,0.0,1,1,0,[0. 1.],[1 2],1.0,1,0.6,0.7,0.30000000000000004,[1. 1.]
76,0.0,77,1,False,0.0,39.0,2.0,1,0,2,[0. 1.],[1 2],1.0,1,0.6,0.7,0.30000000000000004,[1. 1.]
77,2.0,78,0,False,1.0,39.0,0.0,1,1,0,[0. 0.],[1 2],,1,0.6,0.7,0.30000000000000004,[1. 1.]
78,0.0,79,1,False,0.0,40.0,2.0,1,0,2,[0. 0.],[1 2],,1,0.6,0.7,0.30000000000000004,[1. 1.]
79,2.0,80,0,False,0.0,40.0,0.0,1,1,0,[1. 1.],[1 2],,1,0.6,0.7,0.30000000000000004,[1. 1.]
80,0.0,81,1,False,0.0,41.0,2.0,1,0,2,[1. 1.],[1 2],,1,0.6,0.7,0.30000000000000004,[1. 1.]
81,2.0,82,0,False,1.0,41.0,0.0,1,1,0,[0. 0.],[1 2],1.0,1,0.6,0.7,0.30000000000000004,[1. 1.]
82,0.0,83,1,False,0.0,42.0,2.0,1,0,2,[0. 0.],[1 2],1.0,1,0.6,0.7,0.30000000000000004,[1. 1.]
83,2.0,84,0,False,0.0,42.0,0.0,1,1,0,[0. 1.],[1 2],1.0,1,0.6,0.7,0.30000000000000004,[1. 1.]
84,0.0,85,1,False,0.0,43.0,2.0,1,0,2,[0. 1.],[1 2],1.0,1,0.6,0.7,0.30000000000000004,[1. 1.]
85,2.0,86,0,False,1.0,43.0,0.0,1,1,0,[0. 1.],[1 2],0.0,1,0.6,0.7,0.30000000000000004,[1. 1.]
86,0.0,87,1,False,0.0,44.0,1.0,1,0,2,[0. 1.],[1 2],0.0,1,0.6,0.7,0.30000000000000004,[1. 1.]
87,1.0,88,0,False,1.0,44.0,0.0,1,1,0,[0. 0.],[1 2],,1,0.6,0.7,0.30000000000000004,[1. 1.]
88,0.0,89,1,False,0.0,45.0,2.0,1,0,2,[0. 0.],[1 2],,1,0.6,0.7,0.30000000000000004,[1. 1.]
89,2.0,90,0,False,0.0,45.0,0.0,1,1,0,[0. 1.],[1 2],0.0,1,0.6,0.7,0.30000000000000004,[1. 1.]
90,0.0,91,1,False,0.0,46.0,1.0,1,0,2,[0. 1.],[1 2],0.0,1,0.6,0.7,0.30000000000000004,[1. 1.]
91,1.0,92,0,False,1.0,46.0,0.0,1,1,0,[0. 0.],[2 1],0.0,1,0.6,0.7,0.30000000000000004,[1. 1.]
92,0.0,93,1,False,0.0,47.0,1.0,1,0,2,[0. 0.],[2 1],0.0,1,0.6,0.7,0.30000000000000004,[1. 1.]
93,1.0,94,0,False,0.0,47.0,0.0,1,1,0,[0. 1.],[2 1],,1,0.6,0.7,0.30000000000000004,[1. 1.]
94,0.0,95,1,False,0.0,48.0,1.0,1,0,2,[0. 1.],[2 1],,1,0.6,0.7,0.30000000000000004,[1. 1.]
95,1.0,96,0,False,0.0,48.0,0.0,1,1,0,[0. 0.],[2 1],1.0,1,0.6,0.7,0.30000000000000004,[1. 1.]
96,0.0,97,1,False,0.0,49.0,2.0,1,0,1,[0. 0.],[2 1],1.0,1,0.6,0.7,0.30000000000000004,[1. 1.]
97,2.0,98,0,False,0.0,49.0,0.0,1,1,0,[0. 1.],[2 1],0.0,1,0.6,0.7,0.30000000000000004,[1. 1.]
98,0.0,99,1,False,0.0,50.0,1.0,1,0,1,[0. 1.],[2 1],0.0,1,0.6,0.7,0.30000000000000004,[1. 1.]
99,1.0,100,0,False,1.0,50.0,0.0,1,1,0,[0. 1.],[1 2],,1,0.6,0.7,0.30000000000000004,[1. 1.]
100,0.0,101,1,False,0.0,51.0,1.0,1,0,1,[0. 1.],[1 2],,1,0.6,0.7,0.30000000000000004,[1. 1.]
101,1.0,102,0,False,0.0,51.0,0.0,1,1,0,[1. 0.],[1 2],,1,0.6,0.7,0.30000000000000004,[1. 1.]
102,0.0,103,1,False,0.0,52.0,2.0,1,0,2,[1. 0.],[1 2],,1,0.6,0.7,0.30000000000000004,[1. 1.]
103,2.0,104,0,False,0.0,52.0,0.0,1,1,0,[0. 1.],[1 2],1.0,1,0.6,0.7,0.30000000000000004,[1. 1.]
104,0.0,105,1,False,0.0,53.0,2.0,1,0,1,[0. 1.],[1 2],1.0,1,0.6,0.7,0.30000000000000004,[1. 1.]
105,2.0,106,0,False,0.0,53.0,0.0,1,1,0,[0. 0.],[2 1],0.0,1,0.6,0.7,0.30000000000000004,[1. 1.]
106,0.0,107,1,False,0.0,54.0,1.0,1,0,1,[0. 0.],[2 1],0.0,1,0.6,0.7,0.30000000000000004,[1. 1.]
107,1.0,108,0,False,0.0,54.0,0.0,1,1,0,[0. 1.],[2 1],1.0,1,0.6,0.7,0.30000000000000004,[1. 1.]
108,0.0,109,1,False,0.0,55.0,2.0,1,0,2,[0. 1.],[2 1],1.0,1,0.6,0.7,0.30000000000000004,[1. 1.]
109,2.0,110,0,False,0.0,55.0,0.0,1,1,0,[0. 1.],[2 1],0.0,1,0.6,0.7,0.30000000000000004,[1. 1.]
110,0.0,111,1,False,0.0,56.0,1.0,1,0,1,[0. 1.],[2 1],0.0,1,0.6,0.7,0.30000000000000004,[1. 1.]
111,1.0,112,0,False,1.0,56.0,0.0,1,1,0,[0. 1.],[2 1],,1,0.6,0.7,0.30000000000000004,[1. 1.]
112,0.0,113,1,False,0.0,57.0,2.0,1,0,1,[0. 1.],[2 1],,1,0.6,0.7,0.30000000000000004,[1. 1.]
113,2.0,114,0,False,1.0,57.0,0.0,1,1,0,[0. 1.],[2 1],0.0,1,0.6,0.7,0.30000000000000004,[1. 1.]
114,0.0,115,1,False,0.0,58.0,1.0,1,0,1,[0. 1.],[2 1],0.0,1,0.6,0.7,0.30000000000000004,[1. 1.]
115,1.0,116,0,False,1.0,58.0,0.0,1,1,0,[1. 1.],[2 1],1.0,1,0.6,0.7,0.30000000000000004,[1. 1.]
116,0.0,117,1,False,0.0,59.0,2.0,1,0,1,[1. 1.],[2 1],1.0,1,0.6,0.7,0.30000000000000004,[1. 1.]
117,2.0,118,0,False,1.0,59.0,0.0,1,1,0,[0. 1.],[2 1],1.0,1,0.6,0.7,0.30000000000000004,[1. 1.]
118,0.0,119,1,False,0.0,60.0,2.0,1,0,1,[0. 1.],[2 1],1.0,1,0.6,0.7,0.30000000000000004,[1. 1.]
119,2.0,120,0,False,1.0,60.0,0.0,1,1,0,[0. 1.],[2 1],0.0,1,0.6,0.7,0.30000000000000004,[1. 1.]
120,0.0,121,1,False,0.0,61.0,1.0,1,0,1,[0. 1.],[2 1],0.0,1,0.6,0.7,0.30000000000000004,[1. 1.]
121,1.0,122,0,False,1.0,61.0,0.0,1,1,0,[0. 1.],[2 1],1.0,1,0.6,0.7,0.30000000000000004,[1. 1.]
122,0.0,123,1,False,0.0,62.0,2.0,1,0,1,[0. 1.],[2 1],1.0,1,0.6,0.7,0.30000000000000004,[1. 1.]
123,2.0,124,0,False,1.0,62.0,0.0,1,1,0,[0. 1.],[2 1],,1,0.6,0.7,0.30000000000000004,[1. 1.]
124,0.0,125,1,False,0.0,63.0,2.0,1,0,1,[0. 1.],[2 1],,1,0.6,0.7,0.30000000000000004,[1. 1.]
125,2.0,126,0,False,1.0,63.0,0.0,1,1,0,[0. 1.],[2 1],1.0,1,0.6,0.7,0.30000000000000004,[1. 1.]
126,0.0,127,1,False,0.0,64.0,2.0,1,0,1,[0. 1.],[2 1],1.0,1,0.6,0.7,0.30000000000000004,[1. 1.]
127,2.0,128,0,False,1.0,64.0,0.0,1,1,0,[1. 1.],[2 1],0.0,1,0.6,0.7,0.30000000000000004,[1. 1.]
128,0.0,129,1,False,0.0,65.0,1.0,1,0,1,[1. 1.],[2 1],0.0,1,0.6,0.7,0.30000000000000004,[1. 1.]
129,1.0,130,0,False,1.0,65.0,0.0,1,1,0,[0. 0.],[2 1],,1,0.6,0.7,0.30000000000000004,[1. 1.]
130,0.0,131,1,False,0.0,66.0,2.0,1,0,1,[0. 0.],[2 1],,1,0.6,0.7,0.30000000000000004,[1. 1.]
131,2.0,132,0,False,0.0,66.0,0.0,1,1,0,[0. 1.],[2 1],0.0,1,0.6,0.7,0.30000000000000004,[1. 1.]
132,0.0,133,1,False,0.0,67.0,1.0,1,0,1,[0. 1.],[2 1],0.0,1,0.6,0.7,0.30000000000000004,[1. 1.]
133,1.0,134,0,False,1.0,67.0,0.0,1,1,0,[0. 0.],[2 1],0.0,1,0.6,0.7,0.30000000000000004,[1. 1.]
134,0.0,135,1,False,0.0,68.0,1.0,1,0,1,[0. 0.],[2 1],0.0,1,0.6,0.7,0.30000000000000004,[1. 1.]
135,1.0,136,0,False,0.0,68.0,0.0,1,1,0,[0. 1.],[2 1],1.0,1,0.6,0.7,0.30000000000000004,[1. 1.]
136,0.0,137,1,False,0.0,69.0,2.0,1,0,1,[0. 1.],[2 1],1.0,1,0.6,0.7,0.30000000000000004,[1. 1.]
137,2.0,138,0,False,1.0,69.0,0.0,1,1,0,[1. 1.],[2 1],,1,0.6,0.7,0.30000000000000004,[1. 1.]
138,0.0,139,1,False,0.0,70.0,2.0,1,0,1,[1. 1.],[2 1],,1,0.6,0.7,0.30000000000000004,[1. 1.]
139,2.0,140,0,False,1.0,70.0,0.0,1,1,0,[0. 1.],[2 1],0.0,1,0.6,0.7,0.30000000000000004,[1. 1.]
140,0.0,141,1,False,0.0,71.0,1.0,1,0,1,[0. 1.],[2 1],0.0,1,0.6,0.7,0.30000000000000004,[1. 1.]
141,1.0,142,0,False,1.0,71.0,0.0,1,1,0,[0. 1.],[2 1],,1,0.6,0.7,0.30000000000000004,[1. 1.]
142,0.0,143,1,False,0.0,72.0,2.0,1,0,1,[0. 1.],[2 1],,1,0.6,0.7,0.30000000000000004,[1. 1.]
143,2.0,144,0,False,1.0,72.0,0.0,1,1,0,[0. 1.],[2 1],0.0,1,0.6,0.7,0.30000000000000004,[1. 1.]
144,0.0,145,1,False,0.0,73.0,1.0,1,0,1,[0. 1.],[2 1],0.0,1,0.6,0.7,0.30000000000000004,[1. 1.]
145,1.0,146,0,False,1.0,73.0,0.0,1,1,0,[0. 1.],[2 1],0.0,1,0.6,0.7,0.30000000000000004,[1. 1.]
146,0.0,147,1,False,0.0,74.0,1.0,1,0,1,[0. 1.],[2 1],0.0,1,0.6,0.7,0.30000000000000004,[1. 1.]
147,1.0,148,0,False,1.0,74.0,0.0,1,1,0,[0. 1.],[2 1],0.0,1,0.6,0.7,0.30000000000000004,[1. 1.]
148,0.0,149,1,False,0.0,75.0,1.0,1,0,1,[0. 1.],[2 1],0.0,1,0.6,0.7,0.30000000000000004,[1. 1.]
149,1.0,150,0,False,1.0,75.0,0.0,1,1,0,[1. 1.],[2 1],,1,0.6,0.7,0.30000000000000004,[1. 1.]
150,0.0,151,1,False,0.0,76.0,2.0,1,0,1,[1. 1.],[2 1],,1,0.6,0.7,0.30000000000000004,[1. 1.]
151,2.0,152,0,False,1.0,76.0,0.0,1,1,0,[0. 1.],[2 1],1.0,1,0.6,0.7,0.30000000000000004,[1. 1.]
152,0.0,153,1,False,0.0,77.0,2.0,1,0,1,[0. 1.],[2 1],1.0,1,0.6,0.7,0.30000000000000004,[1. 1.]
153,2.0,154,0,False,1.0,77.0,0.0,1,1,0,[0. 0.],[2 1],1.0,1,0.6,0.7,0.30000000000000004,[1. 1.]
154,0.0,155,1,False,0.0,78.0,2.0,1,0,1,[0. 0.],[2 1],1.0,1,0.6,0.7,0.30000000000000004,[1. 1.]
155,2.0,156,0,False,0.0,78.0,0.0,1,1,0,[0. 1.],[2 1],,1,0.6,0.7,0.30000000000000004,[1. 1.]
156,0.0,157,1,False,0.0,79.0,2.0,1,0,1,[0. 1.],[2 1],,1,0.6,0.7,0.30000000000000004,[1. 1.]
157,2.0,158,0,False,1.0,79.0,0.0,1,1,0,[0. 0.],[2 1],,1,0.6,0.7,0.30000000000000004,[1. 1.]
158,0.0,159,1,False,0.0,80.0,2.0,1,0,1,[0. 0.],[2 1],,1,0.6,0.7,0.30000000000000004,[1. 1.]
159,2.0,160,0,False,0.0,80.0,0.0,1,1,0,[0. 1.],[2 1],0.0,1,0.6,0.7,0.30000000000000004,[1. 1.]
160,0.0,161,1,False,0.0,81.0,1.0,1,0,1,[0. 1.],[2 1],0.0,1,0.6,0.7,0.30000000000000004,[1. 1.]
161,1.0,162,0,False,1.0,81.0,0.0,1,1,0,[0. 1.],[2 1],1.0,1,0.6,0.7,0.30000000000000004,[1. 1.]
162,0.0,163,1,False,0.0,82.0,2.0,1,0,1,[0. 1.],[2 1],1.0,1,0.6,0.7,0.30000000000000004,[1. 1.]
163,2.0,164,0,False,1.0,82.0,0.0,1,1,0,[1. 1.],[2 1],,1,0.6,0.7,0.30000000000000004,[1. 1.]
164,0.0,165,1,False,0.0,83.0,2.0,1,0,1,[1. 1.],[2 1],,1,0.6,0.7,0.30000000000000004,[1. 1.]
165,2.0,166,0,False,1.0,83.0,0.0,1,1,0,[1. 1.],[2 1],,1,0.6,0.7,0.30000000000000004,[1. 1.]
166,0.0,167,1,False,0.0,84.0,2.0,1,0,1,[1. 1.],[2 1],,1,0.6,0.7,0.30000000000000004,[1. 1.]
167,2.0,168,0,False,1.0,84.0,0.0,1,1,0,[1. 1.],[2 1],,1,0.6,0.7,0.30000000000000004,[1. 1.]
168,0.0,169,1,False,0.0,85.0,2.0,1,0,1,[1. 1.],[2 1],,1,0.6,0.7,0.30000000000000004,[1. 1.]
169,2.0,170,0,False,1.0,85.0,0.0,1,1,0,[1. 1.],[2 1],1.0,1,0.6,0.7,0.30000000000000004,[1. 1.]
170,0.0,171,1,False,0.0,86.0,2.0,1,0,1,[1. 1.],[2 1],1.0,1,0.6,0.7,0.30000000000000004,[1. 1.]
171,2.0,172,0,False,1.0,86.0,0.0,1,1,0,[1. 1.],[2 1],0.0,1,0.6,0.7,0.30000000000000004,[1. 1.]
172,0.0,173,1,False,0.0,87.0,1.0,1,0,1,[1. 1.],[2 1],0.0,1,0.6,0.7,0.30000000000000004,[1. 1.]
173,1.0,174,0,False,1.0,87.0,0.0,1,1,0,[0. 1.],[2 1],1.0,1,0.6,0.7,0.30000000000000004,[1. 1.]
174,0.0,175,1,False,0.0,88.0,2.0,1,0,1,[0. 1.],[2 1],1.0,1,0.6,0.7,0.30000000000000004,[1. 1.]
175,2.0,176,0,False,1.0,88.0,0.0,1,1,0,[0. 0.],[2 1],1.0,1,0.6,0.7,0.30000000000000004,[1. 1.]
176,0.0,177,1,False,0.0,89.0,2.0,1,0,1,[0. 0.],[2 1],1.0,1,0.6,0.7,0.30000000000000004,[1. 1.]
177,2.0,178,0,False,0.0,89.0,0.0,1,1,0,[0. 1.],[2 1],0.0,1,0.6,0.7,0.30000000000000004,[1. 1.]
178,0.0,179,1,False,0.0,90.0,1.0,1,0,1,[0. 1.],[2 1],0.0,1,0.6,0.7,0.30000000000000004,[1. 1.]
179,1.0,180,0,False,1.0,90.0,0.0,1,1,0,[0. 1.],[2 1],,1,0.6,0.7,0.30000000000000004,[1. 1.]
180,0.0,181,1,False,0.0,91.0,2.0,1,0,1,[0. 1.],[2 1],,1,0.6,0.7,0.30000000000000004,[1. 1.]
181,2.0,182,0,False,1.0,91.0,0.0,1,1,0,[1. 1.],[2 1],0.0,1,0.6,0.7,0.30000000000000004,[1. 1.]
182,0.0,183,1,False,0.0,92.0,1.0,1,0,1,[1. 1.],[2 1],0.0,1,0.6,0.7,0.30000000000000004,[1. 1.]
183,1.0,184,0,False,1.0,92.0,0.0,1,1,0,[0. 1.],[2 1],0.0,1,0.6,0.7,0.30000000000000004,[1. 1.]
184,0.0,185,1,False,0.0,93.0,1.0,1,0,1,[0. 1.],[2 1],0.0,1,0.6,0.7,0.30000000000000004,[1. 1.]
185,1.0,186,0,False,1.0,93.0,0.0,1,1,0,[1. 1.],[2 1],,1,0.6,0.7,0.30000000000000004,[1. 1.]
186,0.0,187,1,False,0.0,94.0,2.0,1,0,1,[1. 1.],[2 1],,1,0.6,0.7,0.30000000000000004,[1. 1.]
187,2.0,188,0,False,1.0,94.0,0.0,1,1,0,[0. 0.],[2 1],1.0,1,0.6,0.7,0.30000000000000004,[1. 1.]
188,0.0,189,1,False,0.0,95.0,2.0,1,0,1,[0. 0.],[2 1],1.0,1,0.6,0.7,0.30000000000000004,[1. 1.]
189,2.0,190,0,False,0.0,95.0,0.0,1,1,0,[1. 1.],[2 1],0.0,1,0.6,0.7,0.30000000000000004,[1. 1.]
190,0.0,191,1,False,0.0,96.0,1.0,1,0,1,[1. 1.],[2 1],0.0,1,0.6,0.7,0.30000000000000004,[1. 1.]
191,1.0,192,0,False,1.0,96.0,0.0,1,1,0,[1. 1.],[2 1],,1,0.6,0.7,0.30000000000000004,[1. 1.]
192,0.0,193,1,False,0.0,97.0,2.0,1,0,1,[1. 1.],[2 1],,1,0.6,0.7,0.30000000000000004,[1. 1.]
193,2.0,194,0,False,1.0,97.0,0.0,1,1,0,[1. 1.],[2 1],,1,0.6,0.7,0.30000000000000004,[1. 1.]
194,0.0,195,1,False,0.0,98.0,2.0,1,0,1,[1. 1.],[2 1],,1,0.6,0.7,0.30000000000000004,[1. 1.]
195,2.0,196,0,False,1.0,98.0,0.0,1,1,0,[1. 1.],[2 1],0.0,1,0.6,0.7,0.30000000000000004,[1. 1.]
196,0.0,197,1,False,0.0,99.0,1.0,1,0,1,[1. 1.],[2 1],0.0,1,0.6,0.7,0.30000000000000004,[1. 1.]
197,1.0,198,0,False,1.0,99.0,0.0,1,1,0,[0. 1.],[2 1],1.0,1,0.6,0.7,0.30000000000000004,[1. 1.]
198,0.0,199,1,False,0.0,100.0,2.0,1,0,1,[0. 1.],[2 1],1.0,1,0.6,0.7,0.30000000000000004,[1. 1.]
199,2.0,200,0,False,1.0,100.0,0.0,1,1,0,[0. 0.],[2 1],1.0,1,0.6,0.7,0.30000000000000004,[1. 1.]
200,0.0,201,1,False,0.0,101.0,2.0,1,0,1,[0. 0.],[2 1],1.0,1,0.6,0.7,0.30000000000000004,[1. 1.]
201,2.0,202,0,False,0.0,101.0,0.0,1,1,0,[0. 1.],[2 1],1.0,1,0.6,0.7,0.30000000000000004,[1. 1.]
202,0.0,203,1,False,0.0,102.0,2.0,1,0,1,[0. 1.],[2 1],1.0,1,0.6,0.7,0.30000000000000004,[1. 1.]
203,2.0,204,0,False,1.0,102.0,0.0,1,1,0,[1. 0.],[2 1],,0,0.6,0.7,0.30000000000000004,[1. 1.]
204,0.0,205,1,False,0.0,103.0,2.0,1,0,1,[1. 0.],[2 1],,0,0.6,0.7,0.30000000000000004,[1. 1.]
205,2.0,206,0,False,0.0,103.0,0.0,1,1,0,[0. 0.],[2 1],,0,0.6,0.7,0.30000000000000004,[1. 1.]
206,0.0,207,1,False,0.0,104.0,2.0,1,0,1,[0. 0.],[2 1],,0,0.6,0.7,0.30000000000000004,[1. 1.]
207,2.0,208,0,False,0.0,104.0,0.0,1,1,0,[1. 0.],[2 1],1.0,0,0.6,0.7,0.30000000000000004,[1. 1.]
208,0.0,209,1,False,0.0,105.0,2.0,1,0,1,[1. 0.],[2 1],1.0,0,0.6,0.7,0.30000000000000004,[1. 1.]
209,2.0,210,0,False,0.0,105.0,0.0,1,1,0,[0. 1.],[2 1],0.0,0,0.6,0.7,0.30000000000000004,[1. 1.]
210,0.0,211,1,False,0.0,106.0,1.0,1,0,1,[0. 1.],[2 1],0.0,0,0.6,0.7,0.30000000000000004,[1. 1.]
211,1.0,212,0,False,1.0,106.0,0.0,1,1,0,[1. 0.],[2 1],0.0,0,0.6,0.7,0.30000000000000004,[1. 1.]
212,0.0,213,1,False,0.0,107.0,1.0,1,0,1,[1. 0.],[2 1],0.0,0,0.6,0.7,0.30000000000000004,[1. 1.]
213,1.0,214,0,False,0.0,107.0,0.0,1,1,0,[1. 0.],[2 1],,0,0.6,0.7,0.30000000000000004,[1. 1.]
214,0.0,215,1,False,0.0,108.0,2.0,1,0,1,[1. 0.],[2 1],,0,0.6,0.7,0.30000000000000004,[1. 1.]
215,2.0,216,0,False,0.0,108.0,0.0,1,1,0,[1. 0.],[2 1],,0,0.6,0.7,0.30000000000000004,[1. 1.]
216,0.0,217,1,False,0.0,109.0,1.0,1,0,2,[1. 0.],[2 1],,0,0.6,0.7,0.30000000000000004,[1. 1.]
217,1.0,218,0,False,1.0,109.0,0.0,1,1,0,[1. 1.],[2 1],1.0,0,0.6,0.7,0.30000000000000004,[1. 1.]
218,0.0,219,1,False,0.0,110.0,2.0,1,0,2,[1. 1.],[2 1],1.0,0,0.6,0.7,0.30000000000000004,[1. 1.]
219,2.0,220,0,False,1.0,110.0,0.0,1,1,0,[1. 0.],[2 1],0.0,0,0.6,0.7,0.30000000000000004,[1. 1.]
220,0.0,221,1,False,0.0,111.0,1.0,1,0,2,[1. 0.],[2 1],0.0,0,0.6,0.7,0.30000000000000004,[1. 1.]
221,1.0,222,0,False,1.0,111.0,0.0,1,1,0,[1. 0.],[2 1],0.0,0,0.6,0.7,0.30000000000000004,[1. 1.]
222,0.0,223,1,False,0.0,112.0,1.0,1,0,2,[1. 0.],[2 1],0.0,0,0.6,0.7,0.30000000000000004,[1. 1.]
223,1.0,224,0,False,1.0,112.0,0.0,1,1,0,[0. 0.],[2 1],,0,0.6,0.7,0.30000000000000004,[1. 1.]
224,0.0,225,1,False,0.0,113.0,1.0,1,0,2,[0. 0.],[2 1],,0,0.6,0.7,0.30000000000000004,[1. 1.]
225,1.0,226,0,False,0.0,113.0,0.0,1,1,0,[1. 1.],[2 1],1.0,0,0.6,0.7,0.30000000000000004,[1. 1.]
226,0.0,227,1,False,0.0,114.0,2.0,1,0,2,[1. 1.],[2 1],1.0,0,0.6,0.7,0.30000000000000004,[1. 1.]
227,2.0,228,0,False,1.0,114.0,0.0,1,1,0,[1. 0.],[2 1],0.0,0,0.6,0.7,0.30000000000000004,[1. 1.]
228,0.0,229,1,False,0.0,115.0,1.0,1,0,2,[1. 0.],[2 1],0.0,0,0.6,0.7,0.30000000000000004,[1. 1.]
229,1.0,230,0,False,1.0,115.0,0.0,1,1,0,[0. 1.],[2 1],1.0,0,0.6,0.7,0.30000000000000004,[1. 1.]
230,0.0,231,1,False,0.0,116.0,2.0,1,0,2,[0. 1.],[2 1],1.0,0,0.6,0.7,0.30000000000000004,[1. 1.]
231,2.0,232,0,False,0.0,116.0,0.0,1,1,0,[0. 0.],[2 1],1.0,0,0.6,0.7,0.30000000000000004,[1. 1.]
232,0.0,233,1,False,0.0,117.0,2.0,1,0,2,[0. 0.],[2 1],1.0,0,0.6,0.7,0.30000000000000004,[1. 1.]
233,2.0,234,0,False,0.0,117.0,0.0,1,1,0,[1. 0.],[2 1],0.0,0,0.6,0.7,0.30000000000000004,[1. 1.]
234,0.0,235,1,False,0.0,118.0,1.0,1,0,2,[1. 0.],[2 1],0.0,0,0.6,0.7,0.30000000000000004,[1. 1.]
235,1.0,236,0,False,1.0,118.0,0.0,1,1,0,[1. 0.],[2 1],,0,0.6,0.7,0.30000000000000004,[1. 1.]
236,0.0,237,1,False,0.0,119.0,1.0,1,0,2,[1. 0.],[2 1],,0,0.6,0.7,0.30000000000000004,[1. 1.]
237,1.0,238,0,False,1.0,119.0,0.0,1,1,0,[0. 1.],[2 1],1.0,0,0.6,0.7,0.30000000000000004,[1. 1.]
238,0.0,239,1,False,0.0,120.0,2.0,1,0,2,[0. 1.],[2 1],1.0,0,0.6,0.7,0.30000000000000004,[1. 1.]
239,2.0,240,0,False,0.0,120.0,0.0,1,1,0,[1. 1.],[2 1],1.0,0,0.6,0.7,0.30000000000000004,[1. 1.]
240,0.0,241,1,False,0.0,121.0,2.0,1,0,2,[1. 1.],[2 1],1.0,0,0.6,0.7,0.30000000000000004,[1. 1.]
241,2.0,242,0,False,1.0,121.0,0.0,1,1,0,[1. 0.],[2 1],0.0,0,0.6,0.7,0.30000000000000004,[1. 1.]
242,0.0,243,1,False,0.0,122.0,1.0,1,0,2,[1. 0.],[2 1],0.0,0,0.6,0.7,0.30000000000000004,[1. 1.]
243,1.0,244,0,False,1.0,122.0,0.0,1,1,0,[1. 0.],[2 1],0.0,0,0.6,0.7,0.30000000000000004,[1. 1.]
244,0.0,245,1,False,0.0,123.0,1.0,1,0,2,[1. 0.],[2 1],0.0,0,0.6,0.7,0.30000000000000004,[1. 1.]
245,1.0,246,0,False,1.0,123.0,0.0,1,1,0,[0. 1.],[2 1],0.0,0,0.6,0.7,0.30000000000000004,[1. 1.]
246,0.0,247,1,False,0.0,124.0,1.0,1,0,2,[0. 1.],[2 1],0.0,0,0.6,0.7,0.30000000000000004,[1. 1.]
247,1.0,248,0,False,0.0,124.0,0.0,1,1,0,[1. 0.],[2 1],1.0,0,0.6,0.7,0.30000000000000004,[1. 1.]
248,0.0,249,1,False,0.0,125.0,2.0,1,0,2,[1. 0.],[2 1],1.0,0,0.6,0.7,0.30000000000000004,[1. 1.]
249,2.0,250,0,False,1.0,125.0,0.0,1,1,0,[0. 0.],[2 1],,0,0.6,0.7,0.30000000000000004,[1. 1.]
250,0.0,251,1,False,0.0,126.0,1.0,1,0,2,[0. 0.],[2 1],,0,0.6,0.7,0.30000000000000004,[1. 1.]
251,1.0,252,0,False,0.0,126.0,0.0,1,1,0,[0. 0.],[2 1],,0,0.6,0.7,0.30000000000000004,[1. 1.]
252,0.0,253,1,False,0.0,127.0,1.0,1,0,2,[0. 0.],[2 1],,0,0.6,0.7,0.30000000000000004,[1. 1.]
253,1.0,254,0,False,0.0,127.0,0.0,1,1,0,[1. 0.],[2 1],1.0,0,0.6,0.7,0.30000000000000004,[1. 1.]
254,0.0,255,1,False,0.0,128.0,2.0,1,0,1,[1. 0.],[2 1],1.0,0,0.6,0.7,0.30000000000000004,[1. 1.]
255,2.0,256,0,False,0.0,128.0,0.0,1,1,0,[1. 0.],[1 2],1.0,0,0.6,0.7,0.30000000000000004,[1. 1.]
256,0.0,257,1,False,0.0,129.0,2.0,1,0,1,[1. 0.],[1 2],1.0,0,0.6,0.7,0.30000000000000004,[1. 1.]
257,2.0,258,0,False,1.0,129.0,0.0,1,1,0,[0. 0.],[1 2],,0,0.6,0.7,0.30000000000000004,[1. 1.]
258,0.0,259,1,False,0.0,130.0,1.0,1,0,1,[0. 0.],[1 2],,0,0.6,0.7,0.30000000000000004,[1. 1.]
259,1.0,260,0,False,0.0,130.0,0.0,1,1,0,[1. 0.],[1 2],1.0,0,0.6,0.7,0.30000000000000004,[1. 1.]
260,0.0,261,1,False,0.0,131.0,2.0,1,0,1,[1. 0.],[1 2],1.0,0,0.6,0.7,0.30000000000000004,[1. 1.]
261,2.0,262,0,False,1.0,131.0,0.0,1,1,0,[0. 0.],[1 2],1.0,0,0.6,0.7,0.30000000000000004,[1. 1.]
262,0.0,263,1,False,0.0,132.0,2.0,1,0,1,[0. 0.],[1 2],1.0,0,0.6,0.7,0.30000000000000004,[1. 1.]
263,2.0,264,0,False,0.0,132.0,0.0,1,1,0,[1. 0.],[1 2],,0,0.6,0.7,0.30000000000000004,[1. 1.]
264,0.0,265,1,False,0.0,133.0,1.0,1,0,1,[1. 0.],[1 2],,0,0.6,0.7,0.30000000000000004,[1. 1.]
265,1.0,266,0,False,1.0,133.0,0.0,1,1,0,[0. 0.],[1 2],0.0,0,0.6,0.7,0.30000000000000004,[1. 1.]
266,0.0,267,1,False,0.0,134.0,1.0,1,0,1,[0. 0.],[1 2],0.0,0,0.6,0.7,0.30000000000000004,[1. 1.]
267,1.0,268,0,False,0.0,134.0,0.0,1,1,0,[1. 0.],[1 2],,0,0.6,0.7,0.30000000000000004,[1. 1.]
268,0.0,269,1,False,0.0,135.0,1.0,1,0,1,[1. 0.],[1 2],,0,0.6,0.7,0.30000000000000004,[1. 1.]
269,1.0,270,0,False,1.0,135.0,0.0,1,1,0,[1. 0.],[1 2],0.0,0,0.6,0.7,0.30000000000000004,[1. 1.]
270,0.0,271,1,False,0.0,136.0,1.0,1,0,1,[1. 0.],[1 2],0.0,0,0.6,0.7,0.30000000000000004,[1. 1.]
271,1.0,272,0,False,1.0,136.0,0.0,1,1,0,[1. 0.],[1 2],0.0,0,0.6,0.7,0.30000000000000004,[1. 1.]
272,0.0,273,1,False,0.0,137.0,1.0,1,0,1,[1. 0.],[1 2],0.0,0,0.6,0.7,0.30000000000000004,[1. 1.]
273,1.0,274,0,False,1.0,137.0,0.0,1,1,0,[1. 0.],[1 2],0.0,0,0.6,0.7,0.30000000000000004,[1. 1.]
274,0.0,275,1,False,0.0,138.0,1.0,1,0,1,[1. 0.],[1 2],0.0,0,0.6,0.7,0.30000000000000004,[1. 1.]
275,1.0,276,0,False,1.0,138.0,0.0,1,1,0,[1. 1.],[1 2],1.0,0,0.6,0.7,0.30000000000000004,[1. 1.]
276,0.0,277,1,False,0.0,139.0,2.0,1,0,1,[1. 1.],[1 2],1.0,0,0.6,0.7,0.30000000000000004,[1. 1.]
277,2.0,278,0,False,1.0,139.0,0.0,1,1,0,[0. 0.],[1 2],,0,0.6,0.7,0.30000000000000004,[1. 1.]
278,0.0,279,1,False,0.0,140.0,1.0,1,0,1,[0. 0.],[1 2],,0,0.6,0.7,0.30000000000000004,[1. 1.]
279,1.0,280,0,False,0.0,140.0,0.0,1,1,0,[1. 0.],[2 1],0.0,0,0.6,0.7,0.30000000000000004,[1. 1.]
280,0.0,281,1,False,0.0,141.0,1.0,1,0,1,[1. 0.],[2 1],0.0,0,0.6,0.7,0.30000000000000004,[1. 1.]
281,1.0,282,0,False,0.0,141.0,0.0,1,1,0,[1. 1.],[2 1],,0,0.6,0.7,0.30000000000000004,[1. 1.]
282,0.0,283,1,False,0.0,142.0,1.0,1,0,2,[1. 1.],[2 1],,0,0.6,0.7,0.30000000000000004,[1. 1.]
283,1.0,284,0,False,1.0,142.0,0.0,1,1,0,[1. 0.],[2 1],,0,0.6,0.7,0.30000000000000004,[1. 1.]
284,0.0,285,1,False,0.0,143.0,1.0,1,0,2,[1. 0.],[2 1],,0,0.6,0.7,0.30000000000000004,[1. 1.]
285,1.0,286,0,False,1.0,143.0,0.0,1,1,0,[1. 0.],[2 1],0.0,0,0.6,0.7,0.30000000000000004,[1. 1.]
286,0.0,287,1,False,0.0,144.0,1.0,1,0,2,[1. 0.],[2 1],0.0,0,0.6,0.7,0.30000000000000004,[1. 1.]
287,1.0,288,0,False,1.0,144.0,0.0,1,1,0,[0. 0.],[2 1],,0,0.6,0.7,0.30000000000000004,[1. 1.]
288,0.0,289,1,False,0.0,145.0,1.0,1,0,2,[0. 0.],[2 1],,0,0.6,0.7,0.30000000000000004,[1. 1.]
289,1.0,290,0,False,0.0,145.0,0.0,1,1,0,[1. 0.],[1 2],0.0,0,0.6,0.7,0.30000000000000004,[1. 1.]
290,0.0,291,1,False,0.0,146.0,1.0,1,0,2,[1. 0.],[1 2],0.0,0,0.6,0.7,0.30000000000000004,[1. 1.]
291,1.0,292,0,False,0.0,146.0,0.0,1,1,0,[1. 1.],[1 2],0.0,0,0.6,0.7,0.30000000000000004,[1. 1.]
292,0.0,293,1,False,0.0,147.0,1.0,1,0,1,[1. 1.],[1 2],0.0,0,0.6,0.7,0.30000000000000004,[1. 1.]
293,1.0,294,0,False,1.0,147.0,0.0,1,1,0,[0. 1.],[1 2],,0,0.6,0.7,0.30000000000000004,[1. 1.]
294,0.0,295,1,False,0.0,148.0,1.0,1,0,1,[0. 1.],[1 2],,0,0.6,0.7,0.30000000000000004,[1. 1.]
295,1.0,296,0,False,0.0,148.0,0.0,1,1,0,[1. 0.],[1 2],,0,0.6,0.7,0.30000000000000004,[1. 1.]
296,0.0,297,1,False,0.0,149.0,1.0,1,0,1,[1. 0.],[1 2],,0,0.6,0.7,0.30000000000000004,[1. 1.]
297,1.0,298,0,False,1.0,149.0,0.0,1,1,0,[0. 1.],[1 2],,0,0.6,0.7,0.30000000000000004,[1. 1.]
298,0.0,299,1,False,0.0,150.0,1.0,1,0,1,[0. 1.],[1 2],,0,0.6,0.7,0.30000000000000004,[1. 1.]
299,1.0,300,0,False,0.0,150.0,0.0,1,1,0,[0. 0.],[1 2],,0,0.6,0.7,0.30000000000000004,[1. 1.]
300,0.0,301,1,False,0.0,151.0,1.0,1,0,1,[0. 0.],[1 2],,0,0.6,0.7,0.30000000000000004,[1. 1.]
301,1.0,302,0,False,0.0,151.0,0.0,1,1,0,[1. 0.],[1 2],,0,0.6,0.7,0.30000000000000004,[1. 1.]
302,0.0,303,1,False,0.0,152.0,2.0,1,0,2,[1. 0.],[1 2],,0,0.6,0.7,0.30000000000000004,[1. 1.]
303,2.0,304,0,False,0.0,152.0,0.0,1,1,0,[1. 1.],[1 2],1.0,0,0.6,0.7,0.30000000000000004,[1. 1.]
304,0.0,305,1,False,0.0,153.0,2.0,1,0,1,[1. 1.],[1 2],1.0,0,0.6,0.7,0.30000000000000004,[1. 1.]
305,2.0,306,0,False,1.0,153.0,0.0,1,1,0,[0. 0.],[1 2],,0,0.6,0.7,0.30000000000000004,[1. 1.]
306,0.0,307,1,False,0.0,154.0,1.0,1,0,1,[0. 0.],[1 2],,0,0.6,0.7,0.30000000000000004,[1. 1.]
307,1.0,308,0,False,0.0,154.0,0.0,1,1,0,[1. 0.],[1 2],1.0,0,0.6,0.7,0.30000000000000004,[1. 1.]
308,0.0,309,1,False,0.0,155.0,2.0,1,0,1,[1. 0.],[1 2],1.0,0,0.6,0.7,0.30000000000000004,[1. 1.]
309,2.0,310,0,False,1.0,155.0,0.0,1,1,0,[0. 0.],[1 2],1.0,0,0.6,0.7,0.30000000000000004,[1. 1.]
310,0.0,311,1,False,0.0,156.0,2.0,1,0,1,[0. 0.],[1 2],1.0,0,0.6,0.7,0.30000000000000004,[1. 1.]
311,2.0,312,0,False,0.0,156.0,0.0,1,1,0,[1. 0.],[1 2],1.0,0,0.6,0.7,0.30000000000000004,[1. 1.]
312,0.0,313,1,False,0.0,157.0,2.0,1,0,1,[1. 0.],[1 2],1.0,0,0.6,0.7,0.30000000000000004,[1. 1.]
313,2.0,314,0,False,1.0,157.0,0.0,1,1,0,[0. 0.],[1 2],0.0,0,0.6,0.7,0.30000000000000004,[1. 1.]
314,0.0,315,1,False,0.0,158.0,1.0,1,0,1,[0. 0.],[1 2],0.0,0,0.6,0.7,0.30000000000000004,[1. 1.]
315,1.0,316,0,False,0.0,158.0,0.0,1,1,0,[1. 0.],[1 2],,0,0.6,0.7,0.30000000000000004,[1. 1.]
316,0.0,317,1,False,0.0,159.0,1.0,1,0,1,[1. 0.],[1 2],,0,0.6,0.7,0.30000000000000004,[1. 1.]
317,1.0,318,0,False,1.0,159.0,0.0,1,1,0,[0. 0.],[1 2],0.0,0,0.6,0.7,0.30000000000000004,[1. 1.]
318,0.0,319,1,False,0.0,160.0,1.0,1,0,1,[0. 0.],[1 2],0.0,0,0.6,0.7,0.30000000000000004,[1. 1.]
319,1.0,320,0,False,0.0,160.0,0.0,1,1,0,[1. 0.],[1 2],1.0,0,0.6,0.7,0.30000000000000004,[1. 1.]
320,0.0,321,1,False,0.0,161.0,2.0,1,0,1,[1. 0.],[1 2],1.0,0,0.6,0.7,0.30000000000000004,[1. 1.]
321,2.0,322,0,False,1.0,161.0,0.0,1,1,0,[0. 1.],[1 2],0.0,1,0.6,0.7,0.30000000000000004,[1. 1.]
322,0.0,323,1,False,0.0,162.0,1.0,1,0,1,[0. 1.],[1 2],0.0,1,0.6,0.7,0.30000000000000004,[1. 1.]
323,1.0,324,0,False,0.0,162.0,0.0,1,1,0,[0. 0.],[1 2],,1,0.6,0.7,0.30000000000000004,[1. 1.]
324,0.0,325,1,False,0.0,163.0,1.0,1,0,1,[0. 0.],[1 2],,1,0.6,0.7,0.30000000000000004,[1. 1.]
325,1.0,326,0,False,0.0,163.0,0.0,1,1,0,[0. 1.],[1 2],1.0,1,0.6,0.7,0.30000000000000004,[1. 1.]
326,0.0,327,1,False,0.0,164.0,2.0,1,0,2,[0. 1.],[1 2],1.0,1,0.6,0.7,0.30000000000000004,[1. 1.]
327,2.0,328,0,False,1.0,164.0,0.0,1,1,0,[0. 1.],[1 2],1.0,1,0.6,0.7,0.30000000000000004,[1. 1.]
328,0.0,329,1,False,0.0,165.0,2.0,1,0,2,[0. 1.],[1 2],1.0,1,0.6,0.7,0.30000000000000004,[1. 1.]
329,2.0,330,0,False,1.0,165.0,0.0,1,1,0,[1. 0.],[1 2],,1,0.6,0.7,0.30000000000000004,[1. 1.]
330,0.0,331,1,False,0.0,166.0,2.0,1,0,2,[1. 0.],[1 2],,1,0.6,0.7,0.30000000000000004,[1. 1.]
331,2.0,332,0,False,0.0,166.0,0.0,1,1,0,[0. 1.],[1 2],1.0,1,0.6,0.7,0.30000000000000004,[1. 1.]
332,0.0,333,1,False,0.0,167.0,2.0,1,0,2,[0. 1.],[1 2],1.0,1,0.6,0.7,0.30000000000000004,[1. 1.]
333,2.0,334,0,False,1.0,167.0,0.0,1,1,0,[0. 0.],[1 2],1.0,1,0.6,0.7,0.30000000000000004,[1. 1.]
334,0.0,335,1,False,0.0,168.0,2.0,1,0,2,[0. 0.],[1 2],1.0,1,0.6,0.7,0.30000000000000004,[1. 1.]
335,2.0,336,0,False,0.0,168.0,0.0,1,1,0,[1. 0.],[1 2],,0,0.6,0.7,0.30000000000000004,[1. 1.]
336,0.0,337,1,False,0.0,169.0,2.0,1,0,2,[1. 0.],[1 2],,0,0.6,0.7,0.30000000000000004,[1. 1.]
337,2.0,338,0,False,0.0,169.0,0.0,1,1,0,[1. 0.],[1 2],1.0,0,0.6,0.7,0.30000000000000004,[1. 1.]
338,0.0,339,1,False,0.0,170.0,2.0,1,0,2,[1. 0.],[1 2],1.0,0,0.6,0.7,0.30000000000000004,[1. 1.]
339,2.0,340,0,False,0.0,170.0,0.0,1,1,0,[1. 0.],[1 2],1.0,0,0.6,0.7,0.30000000000000004,[1. 1.]
340,0.0,341,1,False,0.0,171.0,2.0,1,0,2,[1. 0.],[1 2],1.0,0,0.6,0.7,0.30000000000000004,[1. 1.]
341,2.0,342,0,False,0.0,171.0,0.0,1,1,0,[0. 0.],[1 2],,0,0.6,0.7,0.30000000000000004,[1. 1.]
342,0.0,343,1,False,0.0,172.0,2.0,1,0,2,[0. 0.],[1 2],,0,0.6,0.7,0.30000000000000004,[1. 1.]
343,2.0,344,0,False,0.0,172.0,0.0,1,1,0,[0. 0.],[1 2],,0,0.6,0.7,0.30000000000000004,[1. 1.]
344,0.0,345,1,False,0.0,173.0,2.0,1,0,2,[0. 0.],[1 2],,0,0.6,0.7,0.30000000000000004,[1. 1.]
345,2.0,346,0,False,0.0,173.0,0.0,1,1,0,[0. 0.],[1 2],,0,0.6,0.7,0.30000000000000004,[1. 1.]
346,0.0,347,1,False,0.0,174.0,1.0,1,0,1,[0. 0.],[1 2],,0,0.6,0.7,0.30000000000000004,[1. 1.]
347,1.0,348,0,False,0.0,174.0,0.0,1,1,0,[0. 0.],[1 2],0.0,0,0.6,0.7,0.30000000000000004,[1. 1.]
348,0.0,349,1,False,0.0,175.0,1.0,1,0,2,[0. 0.],[1 2],0.0,0,0.6,0.7,0.30000000000000004,[1. 1.]
349,1.0,350,0,False,0.0,175.0,0.0,1,1,0,[1. 1.],[1 2],,0,0.6,0.7,0.30000000000000004,[1. 1.]
350,0.0,351,1,False,0.0,176.0,1.0,1,0,1,[1. 1.],[1 2],,0,0.6,0.7,0.30000000000000004,[1. 1.]
351,1.0,352,0,False,1.0,176.0,0.0,1,1,0,[1. 0.],[1 2],,0,0.6,0.7,0.30000000000000004,[1. 1.]
352,0.0,353,1,False,0.0,177.0,1.0,1,0,1,[1. 0.],[1 2],,0,0.6,0.7,0.30000000000000004,[1. 1.]
353,1.0,354,0,False,1.0,177.0,0.0,1,1,0,[1. 1.],[1 2],0.0,0,0.6,0.7,0.30000000000000004,[1. 1.]
354,0.0,355,1,False,0.0,178.0,1.0,1,0,1,[1. 1.],[1 2],0.0,0,0.6,0.7,0.30000000000000004,[1. 1.]
355,1.0,356,0,False,1.0,178.0,0.0,1,1,0,[1. 0.],[1 2],,0,0.6,0.7,0.30000000000000004,[1. 1.]
356,0.0,357,1,False,0.0,179.0,1.0,1,0,1,[1. 0.],[1 2],,0,0.6,0.7,0.30000000000000004,[1. 1.]
357,1.0,358,0,False,1.0,179.0,0.0,1,1,0,[0. 1.],[1 2],,1,0.6,0.7,0.30000000000000004,[1. 1.]
358,0.0,359,1,False,0.0,180.0,1.0,1,0,1,[0. 1.],[1 2],,1,0.6,0.7,0.30000000000000004,[1. 1.]
359,1.0,360,0,False,0.0,180.0,0.0,1,1,0,[0. 1.],[1 2],,1,0.6,0.7,0.30000000000000004,[1. 1.]
360,0.0,361,1,False,0.0,181.0,1.0,1,0,1,[0. 1.],[1 2],,1,0.6,0.7,0.30000000000000004,[1. 1.]
361,1.0,362,0,False,0.0,181.0,0.0,1,1,0,[1. 1.],[1 2],0.0,1,0.6,0.7,0.30000000000000004,[1. 1.]
362,0.0,363,1,False,0.0,182.0,1.0,1,0,1,[1. 1.],[1 2],0.0,1,0.6,0.7,0.30000000000000004,[1. 1.]
363,1.0,364,0,False,1.0,182.0,0.0,1,1,0,[0. 1.],[1 2],1.0,1,0.6,0.7,0.30000000000000004,[1. 1.]
364,0.0,365,1,False,0.0,183.0,2.0,1,0,1,[0. 1.],[1 2],1.0,1,0.6,0.7,0.30000000000000004,[1. 1.]
365,2.0,366,0,False,0.0,183.0,0.0,1,1,0,[1. 1.],[1 2],,1,0.6,0.7,0.30000000000000004,[1. 1.]
366,0.0,367,1,False,0.0,184.0,1.0,1,0,1,[1. 1.],[1 2],,1,0.6,0.7,0.30000000000000004,[1. 1.]
367,1.0,368,0,False,1.0,184.0,0.0,1,1,0,[1. 1.],[1 2],,1,0.6,0.7,0.30000000000000004,[1. 1.]
368,0.0,369,1,False,0.0,185.0,1.0,1,0,1,[1. 1.],[1 2],,1,0.6,0.7,0.30000000000000004,[1. 1.]
369,1.0,370,0,False,1.0,185.0,0.0,1,1,0,[0. 1.],[1 2],,1,0.6,0.7,0.30000000000000004,[1. 1.]
370,0.0,371,1,False,0.0,186.0,1.0,1,0,1,[0. 1.],[1 2],,1,0.6,0.7,0.30000000000000004,[1. 1.]
371,1.0,372,0,False,0.0,186.0,0.0,1,1,0,[1. 0.],[1 2],,1,0.6,0.7,0.30000000000000004,[1. 1.]
372,0.0,373,1,False,0.0,187.0,1.0,1,0,1,[1. 0.],[1 2],,1,0.6,0.7,0.30000000000000004,[1. 1.]
373,1.0,374,0,False,1.0,187.0,0.0,1,1,0,[0. 1.],[1 2],0.0,1,0.6,0.7,0.30000000000000004,[1. 1.]
374,0.0,375,1,False,0.0,188.0,1.0,1,0,1,[0. 1.],[1 2],0.0,1,0.6,0.7,0.30000000000000004,[1. 1.]
375,1.0,376,0,False,0.0,188.0,0.0,1,1,0,[1. 1.],[1 2],,1,0.6,0.7,0.30000000000000004,[1. 1.]
376,0.0,377,1,False,0.0,189.0,1.0,1,0,1,[1. 1.],[1 2],,1,0.6,0.7,0.30000000000000004,[1. 1.]
377,1.0,378,0,False,1.0,189.0,0.0,1,1,0,[0. 1.],[1 2],,1,0.6,0.7,0.30000000000000004,[1. 1.]
378,0.0,379,1,False,0.0,190.0,1.0,1,0,1,[0. 1.],[1 2],,1,0.6,0.7,0.30000000000000004,[1. 1.]
379,1.0,380,0,False,0.0,190.0,0.0,1,1,0,[0. 1.],[1 2],,1,0.6,0.7,0.30000000000000004,[1. 1.]
380,0.0,381,1,False,0.0,191.0,1.0,1,0,1,[0. 1.],[1 2],,1,0.6,0.7,0.30000000000000004,[1. 1.]
381,1.0,382,0,False,0.0,191.0,0.0,1,1,0,[0. 0.],[1 2],,1,0.6,0.7,0.30000000000000004,[1. 1.]
382,0.0,383,1,False,0.0,192.0,2.0,1,0,2,[0. 0.],[1 2],,1,0.6,0.7,0.30000000000000004,[1. 1.]
383,2.0,384,0,False,0.0,192.0,0.0,1,1,0,[0. 1.],[1 2],,1,0.6,0.7,0.30000000000000004,[1. 1.]
384,0.0,385,1,False,0.0,193.0,1.0,1,0,1,[0. 1.],[1 2],,1,0.6,0.7,0.30000000000000004,[1. 1.]
385,1.0,386,0,False,0.0,193.0,0.0,1,1,0,[0. 0.],[1 2],,1,0.6,0.7,0.30000000000000004,[1. 1.]
386,0.0,387,1,False,0.0,194.0,2.0,1,0,2,[0. 0.],[1 2],,1,0.6,0.7,0.30000000000000004,[1. 1.]
387,2.0,388,0,False,0.0,194.0,0.0,1,1,0,[0. 1.],[1 2],,1,0.6,0.7,0.30000000000000004,[1. 1.]
388,0.0,389,1,False,0.0,195.0,1.0,1,0,1,[0. 1.],[1 2],,1,0.6,0.7,0.30000000000000004,[1. 1.]
389,1.0,390,0,False,0.0,195.0,0.0,1,1,0,[0. 1.],[1 2],0.0,1,0.6,0.7,0.30000000000000004,[1. 1.]
390,0.0,391,1,False,0.0,196.0,1.0,1,0,2,[0. 1.],[1 2],0.0,1,0.6,0.7,0.30000000000000004,[1. 1.]
391,1.0,392,0,False,1.0,196.0,0.0,1,1,0,[0. 1.],[1 2],,1,0.6,0.7,0.30000000000000004,[1. 1.]
392,0.0,393,1,False,0.0,197.0,2.0,1,0,2,[0. 1.],[1 2],,1,0.6,0.7,0.30000000000000004,[1. 1.]
393,2.0,394,0,False,1.0,197.0,0.0,1,1,0,[0. 1.],[1 2],1.0,1,0.6,0.7,0.30000000000000004,[1. 1.]
394,0.0,395,1,False,0.0,198.0,2.0,1,0,2,[0. 1.],[1 2],1.0,1,0.6,0.7,0.30000000000000004,[1. 1.]
395,2.0,396,0,False,1.0,198.0,0.0,1,1,0,[1. 1.],[1 2],,1,0.6,0.7,0.30000000000000004,[1. 1.]
396,0.0,397,1,False,0.0,199.0,2.0,1,0,2,[1. 1.],[1 2],,1,0.6,0.7,0.30000000000000004,[1. 1.]
397,2.0,398,0,False,1.0,199.0,0.0,1,1,0,[1. 0.],[1 2],0.0,1,0.6,0.7,0.30000000000000004,[1. 1.]
398,0.0,399,1,False,0.0,200.0,1.0,1,0,2,[1. 0.],[1 2],0.0,1,0.6,0.7,0.30000000000000004,[1. 1.]
399,1.0,400,0,False,0.0,200.0,0.0,1,1,0,[0. 1.],[1 2],1.0,1,0.6,0.7,0.30000000000000004,[1. 1.]
400,0.0,401,1,False,0.0,201.0,2.0,1,0,2,[0. 1.],[1 2],1.0,1,0.6,0.7,0.30000000000000004,[1. 1.]
401,2.0,402,0,False,1.0,201.0,0.0,1,1,0,[1. 1.],[1 2],0.0,1,0.6,0.7,0.30000000000000004,[1. 1.]
402,0.0,403,1,False,0.0,202.0,1.0,1,0,2,[1. 1.],[1 2],0.0,1,0.6,0.7,0.30000000000000004,[1. 1.]
403,1.0,404,0,False,1.0,202.0,0.0,1,1,0,[0. 1.],[1 2],1.0,1,0.6,0.7,0.30000000000000004,[1. 1.]
404,0.0,405,1,False,0.0,203.0,2.0,1,0,2,[0. 1.],[1 2],1.0,1,0.6,0.7,0.30000000000000004,[1. 1.]
405,2.0,406,0,False,1.0,203.0,0.0,1,1,0,[1. 0.],[1 2],,1,0.6,0.7,0.30000000000000004,[1. 1.]
406,0.0,407,1,False,0.0,204.0,2.0,1,0,2,[1. 0.],[1 2],,1,0.6,0.7,0.30000000000000004,[1. 1.]
407,2.0,408,0,False,0.0,204.0,0.0,1,1,0,[1. 1.],[1 2],0.0,1,0.6,0.7,0.30000000000000004,[1. 1.]
408,0.0,409,1,False,0.0,205.0,1.0,1,0,2,[1. 1.],[1 2],0.0,1,0.6,0.7,0.30000000000000004,[1. 1.]
409,1.0,410,0,False,1.0,205.0,0.0,1,1,0,[1. 1.],[1 2],1.0,1,0.6,0.7,0.30000000000000004,[1. 1.]
410,0.0,411,1,False,0.0,206.0,2.0,1,0,2,[1. 1.],[1 2],1.0,1,0.6,0.7,0.30000000000000004,[1. 1.]
411,2.0,412,0,False,1.0,206.0,0.0,1,1,0,[0. 1.],[1 2],0.0,1,0.6,0.7,0.30000000000000004,[1. 1.]
412,0.0,413,1,False,0.0,207.0,1.0,1,0,2,[0. 1.],[1 2],0.0,1,0.6,0.7,0.30000000000000004,[1. 1.]
413,1.0,414,0,False,1.0,207.0,0.0,1,1,0,[0. 1.],[1 2],0.0,1,0.6,0.7,0.30000000000000004,[1. 1.]
414,0.0,415,1,False,0.0,208.0,1.0,1,0,2,[0. 1.],[1 2],0.0,1,0.6,0.7,0.30000000000000004,[1. 1.]
415,1.0,416,0,False,1.0,208.0,0.0,1,1,0,[0. 0.],[1 2],,1,0.6,0.7,0.30000000000000004,[1. 1.]
416,0.0,417,1,False,0.0,209.0,2.0,1,0,2,[0. 0.],[1 2],,1,0.6,0.7,0.30000000000000004,[1. 1.]
417,2.0,418,0,False,0.0,209.0,0.0,1,1,0,[0. 1.],[1 2],1.0,1,0.6,0.7,0.30000000000000004,[1. 1.]
418,0.0,419,1,False,0.0,210.0,2.0,1,0,2,[0. 1.],[1 2],1.0,1,0.6,0.7,0.30000000000000004,[1. 1.]
419,2.0,420,0,False,1.0,210.0,0.0,1,1,0,[0. 0.],[1 2],1.0,1,0.6,0.7,0.30000000000000004,[1. 1.]
420,0.0,421,1,False,0.0,211.0,2.0,1,0,2,[0. 0.],[1 2],1.0,1,0.6,0.7,0.30000000000000004,[1. 1.]
421,2.0,422,0,False,0.0,211.0,0.0,1,1,0,[1. 0.],[1 2],,1,0.6,0.7,0.30000000000000004,[1. 1.]
422,0.0,423,1,False,0.0,212.0,2.0,1,0,2,[1. 0.],[1 2],,1,0.6,0.7,0.30000000000000004,[1. 1.]
423,2.0,424,0,False,0.0,212.0,0.0,1,1,0,[0. 1.],[1 2],,1,0.6,0.7,0.30000000000000004,[1. 1.]
424,0.0,425,1,False,0.0,213.0,2.0,1,0,2,[0. 1.],[1 2],,1,0.6,0.7,0.30000000000000004,[1. 1.]
425,2.0,426,0,False,1.0,213.0,0.0,1,1,0,[0. 1.],[1 2],1.0,1,0.6,0.7,0.30000000000000004,[1. 1.]
426,0.0,427,1,False,0.0,214.0,2.0,1,0,2,[0. 1.],[1 2],1.0,1,0.6,0.7,0.30000000000000004,[1. 1.]
427,2.0,428,0,False,1.0,214.0,0.0,1,1,0,[1. 1.],[1 2],1.0,1,0.6,0.7,0.30000000000000004,[1. 1.]
428,0.0,429,1,False,0.0,215.0,2.0,1,0,2,[1. 1.],[1 2],1.0,1,0.6,0.7,0.30000000000000004,[1. 1.]
429,2.0,430,0,False,1.0,215.0,0.0,1,1,0,[1. 1.],[1 2],0.0,1,0.6,0.7,0.30000000000000004,[1. 1.]
430,0.0,431,1,False,0.0,216.0,1.0,1,0,2,[1. 1.],[1 2],0.0,1,0.6,0.7,0.30000000000000004,[1. 1.]
431,1.0,432,0,False,1.0,216.0,0.0,1,1,0,[0. 0.],[1 2],0.0,1,0.6,0.7,0.30000000000000004,[1. 1.]
432,0.0,433,1,False,0.0,217.0,1.0,1,0,2,[0. 0.],[1 2],0.0,1,0.6,0.7,0.30000000000000004,[1. 1.]
433,1.0,434,0,False,0.0,217.0,0.0,1,1,0,[0. 1.],[1 2],1.0,1,0.6,0.7,0.30000000000000004,[1. 1.]
434,0.0,435,1,False,0.0,218.0,2.0,1,0,2,[0. 1.],[1 2],1.0,1,0.6,0.7,0.30000000000000004,[1. 1.]
435,2.0,436,0,False,1.0,218.0,0.0,1,1,0,[0. 1.],[1 2],,1,0.6,0.7,0.30000000000000004,[1. 1.]
436,0.0,437,1,False,0.0,219.0,2.0,1,0,2,[0. 1.],[1 2],,1,0.6,0.7,0.30000000000000004,[1. 1.]
437,2.0,438,0,False,1.0,219.0,0.0,1,1,0,[1. 0.],[1 2],,1,0.6,0.7,0.30000000000000004,[1. 1.]
438,0.0,439,1,False,0.0,220.0,2.0,1,0,2,[1. 0.],[1 2],,1,0.6,0.7,0.30000000000000004,[1. 1.]
439,2.0,440,0,False,0.0,220.0,0.0,1,1,0,[1. 1.],[1 2],0.0,1,0.6,0.7,0.30000000000000004,[1. 1.]
440,0.0,441,1,False,0.0,221.0,1.0,1,0,2,[1. 1.],[1 2],0.0,1,0.6,0.7,0.30000000000000004,[1. 1.]
441,1.0,442,0,False,1.0,221.0,0.0,1,1,0,[1. 1.],[1 2],,1,0.6,0.7,0.30000000000000004,[1. 1.]
442,0.0,443,1,False,0.0,222.0,2.0,1,0,2,[1. 1.],[1 2],,1,0.6,0.7,0.30000000000000004,[1. 1.]
443,2.0,444,0,False,1.0,222.0,0.0,1,1,0,[1. 1.],[1 2],1.0,1,0.6,0.7,0.30000000000000004,[1. 1.]
444,0.0,445,1,False,0.0,223.0,2.0,1,0,2,[1. 1.],[1 2],1.0,1,0.6,0.7,0.30000000000000004,[1. 1.]
445,2.0,446,0,False,1.0,223.0,0.0,1,1,0,[0. 1.],[1 2],,1,0.6,0.7,0.30000000000000004,[1. 1.]
446,0.0,447,1,False,0.0,224.0,2.0,1,0,2,[0. 1.],[1 2],,1,0.6,0.7,0.30000000000000004,[1. 1.]
447,2.0,448,0,False,1.0,224.0,0.0,1,1,0,[0. 1.],[1 2],,1,0.6,0.7,0.30000000000000004,[1. 1.]
448,0.0,449,1,False,0.0,225.0,2.0,1,0,2,[0. 1.],[1 2],,1,0.6,0.7,0.30000000000000004,[1. 1.]
449,2.0,450,0,False,1.0,225.0,0.0,1,1,0,[0. 0.],[1 2],1.0,1,0.6,0.7,0.30000000000000004,[1. 1.]
450,0.0,451,1,False,0.0,226.0,2.0,1,0,2,[0. 0.],[1 2],1.0,1,0.6,0.7,0.30000000000000004,[1. 1.]
451,2.0,452,0,False,0.0,226.0,0.0,1,1,0,[1. 0.],[1 2],1.0,1,0.6,0.7,0.30000000000000004,[1. 1.]
452,0.0,453,1,False,0.0,227.0,2.0,1,0,2,[1. 0.],[1 2],1.0,1,0.6,0.7,0.30000000000000004,[1. 1.]
453,2.0,454,0,False,0.0,227.0,0.0,1,1,0,[0. 0.],[1 2],,1,0.6,0.7,0.30000000000000004,[1. 1.]
454,0.0,455,1,False,0.0,228.0,2.0,1,0,2,[0. 0.],[1 2],,1,0.6,0.7,0.30000000000000004,[1. 1.]
455,2.0,456,0,False,0.0,228.0,0.0,1,1,0,[0. 0.],[1 2],,1,0.6,0.7,0.30000000000000004,[1. 1.]
456,0.0,457,1,False,0.0,229.0,2.0,1,0,2,[0. 0.],[1 2],,1,0.6,0.7,0.30000000000000004,[1. 1.]
457,2.0,458,0,False,0.0,229.0,0.0,1,1,0,[0. 1.],[1 2],,1,0.6,0.7,0.30000000000000004,[1. 1.]
458,0.0,459,1,False,0.0,230.0,2.0,1,0,2,[0. 1.],[1 2],,1,0.6,0.7,0.30000000000000004,[1. 1.]
459,2.0,460,0,False,1.0,230.0,0.0,1,1,0,[1. 1.],[1 2],1.0,1,0.6,0.7,0.30000000000000004,[1. 1.]
460,0.0,461,1,False,0.0,231.0,2.0,1,0,2,[1. 1.],[1 2],1.0,1,0.6,0.7,0.30000000000000004,[1. 1.]
461,2.0,462,0,False,1.0,231.0,0.0,1,1,0,[0. 0.],[1 2],0.0,1,0.6,0.7,0.30000000000000004,[1. 1.]
462,0.0,463,1,False,0.0,232.0,1.0,1,0,2,[0. 0.],[1 2],0.0,1,0.6,0.7,0.30000000000000004,[1. 1.]
463,1.0,464,0,False,0.0,232.0,0.0,1,1,0,[0. 1.],[1 2],,1,0.6,0.7,0.30000000000000004,[1. 1.]
464,0.0,465,1,False,0.0,233.0,2.0,1,0,2,[0. 1.],[1 2],,1,0.6,0.7,0.30000000000000004,[1. 1.]
465,2.0,466,0,False,1.0,233.0,0.0,1,1,0,[0. 1.],[1 2],1.0,1,0.6,0.7,0.30000000000000004,[1. 1.]
466,0.0,467,1,False,0.0,234.0,2.0,1,0,2,[0. 1.],[1 2],1.0,1,0.6,0.7,0.30000000000000004,[1. 1.]
467,2.0,468,0,False,1.0,234.0,0.0,1,1,0,[0. 0.],[1 2],,1,0.6,0.7,0.30000000000000004,[1. 1.]
468,0.0,469,1,False,0.0,235.0,2.0,1,0,2,[0. 0.],[1 2],,1,0.6,0.7,0.30000000000000004,[1. 1.]
469,2.0,470,0,False,0.0,235.0,0.0,1,1,0,[0. 0.],[1 2],,1,0.6,0.7,0.30000000000000004,[1. 1.]
470,0.0,471,1,False,0.0,236.0,2.0,1,0,2,[0. 0.],[1 2],,1,0.6,0.7,0.30000000000000004,[1. 1.]
471,2.0,472,0,False,0.0,236.0,0.0,1,1,0,[1. 1.],[1 2],,1,0.6,0.7,0.30000000000000004,[1. 1.]
472,0.0,473,1,False,0.0,237.0,2.0,1,0,2,[1. 1.],[1 2],,1,0.6,0.7,0.30000000000000004,[1. 1.]
473,2.0,474,0,False,1.0,237.0,0.0,1,1,0,[1. 0.],[1 2],0.0,1,0.6,0.7,0.30000000000000004,[1. 1.]
474,0.0,475,1,False,0.0,238.0,1.0,1,0,2,[1. 0.],[1 2],0.0,1,0.6,0.7,0.30000000000000004,[1. 1.]
475,1.0,476,0,False,0.0,238.0,0.0,1,1,0,[0. 1.],[1 2],1.0,1,0.6,0.7,0.30000000000000004,[1. 1.]
476,0.0,477,1,False,0.0,239.0,2.0,1,0,2,[0. 1.],[1 2],1.0,1,0.6,0.7,0.30000000000000004,[1. 1.]
477,2.0,478,0,False,1.0,239.0,0.0,1,1,0,[0. 1.],[1 2],1.0,1,0.6,0.7,0.30000000000000004,[1. 1.]
478,0.0,479,1,False,0.0,240.0,2.0,1,0,2,[0. 1.],[1 2],1.0,1,0.6,0.7,0.30000000000000004,[1. 1.]
479,2.0,480,0,False,1.0,240.0,0.0,1,1,0,[1. 0.],[1 2],,1,0.6,0.7,0.30000000000000004,[1. 1.]
480,0.0,481,1,False,0.0,241.0,2.0,1,0,2,[1. 0.],[1 2],,1,0.6,0.7,0.30000000000000004,[1. 1.]
481,2.0,482,0,False,0.0,241.0,0.0,1,1,0,[0. 1.],[1 2],0.0,1,0.6,0.7,0.30000000000000004,[1. 1.]
482,0.0,483,1,False,0.0,242.0,1.0,1,0,2,[0. 1.],[1 2],0.0,1,0.6,0.7,0.30000000000000004,[1. 1.]
483,1.0,484,0,False,1.0,242.0,0.0,1,1,0,[1. 0.],[1 2],0.0,1,0.6,0.7,0.30000000000000004,[1. 1.]
484,0.0,485,1,False,0.0,243.0,1.0,1,0,2,[1. 0.],[1 2],0.0,1,0.6,0.7,0.30000000000000004,[1. 1.]
485,1.0,486,0,False,0.0,243.0,0.0,1,1,0,[0. 0.],[1 2],,1,0.6,0.7,0.30000000000000004,[1. 1.]
486,0.0,487,1,False,0.0,244.0,2.0,1,0,2,[0. 0.],[1 2],,1,0.6,0.7,0.30000000000000004,[1. 1.]
487,2.0,488,0,False,0.0,244.0,0.0,1,1,0,[0. 0.],[1 2],,1,0.6,0.7,0.30000000000000004,[1. 1.]
488,0.0,489,1,False,0.0,245.0,2.0,1,0,2,[0. 0.],[1 2],,1,0.6,0.7,0.30000000000000004,[1. 1.]
489,2.0,490,0,False,0.0,245.0,0.0,1,1,0,[0. 1.],[1 2],,1,0.6,0.7,0.30000000000000004,[1. 1.]
490,0.0,491,1,False,0.0,246.0,1.0,1,0,1,[0. 1.],[1 2],,1,0.6,0.7,0.30000000000000004,[1. 1.]
491,1.0,492,0,False,0.0,246.0,0.0,1,1,0,[0. 0.],[1 2],1.0,1,0.6,0.7,0.30000000000000004,[1. 1.]
492,0.0,493,1,False,0.0,247.0,2.0,1,0,2,[0. 0.],[1 2],1.0,1,0.6,0.7,0.30000000000000004,[1. 1.]
493,2.0,494,0,False,0.0,247.0,0.0,1,1,0,[0. 1.],[1 2],0.0,1,0.6,0.7,0.30000000000000004,[1. 1.]
494,0.0,495,1,False,0.0,248.0,1.0,1,0,1,[0. 1.],[1 2],0.0,1,0.6,0.7,0.30000000000000004,[1. 1.]
495,1.0,496,0,False,0.0,248.0,0.0,1,1,0,[0. 0.],[1 2],1.0,1,0.6,0.7,0.30000000000000004,[1. 1.]
496,0.0,497,1,False,0.0,249.0,2.0,1,0,2,[0. 0.],[1 2],1.0,1,0.6,0.7,0.30000000000000004,[1. 1.]
497,2.0,498,0,False,0.0,249.0,0.0,1,1,0,[0. 1.],[1 2],,1,0.6,0.7,0.30000000000000004,[1. 1.]
498,0.0,499,1,False,0.0,250.0,2.0,1,0,2,[0. 1.],[1 2],,1,0.6,0.7,0.30000000000000004,[1. 1.]
499,2.0,500,0,False,1.0,250.0,0.0,1,1,0,[0. 0.],[1 2],1.0,1,0.6,0.7,0.30000000000000004,[1. 1.]
500,0.0,501,1,False,0.0,251.0,2.0,1,0,2,[0. 0.],[1 2],1.0,1,0.6,0.7,0.30000000000000004,[1. 1.]
501,2.0,502,0,False,0.0,251.0,0.0,1,1,0,[0. 1.],[1 2],0.0,1,0.6,0.7,0.30000000000000004,[1. 1.]
502,0.0,503,1,False,0.0,252.0,1.0,1,0,2,[0. 1.],[1 2],0.0,1,0.6,0.7,0.30000000000000004,[1. 1.]
503,1.0,504,0,False,1.0,252.0,0.0,1,1,0,[0. 0.],[1 2],,1,0.6,0.7,0.30000000000000004,[1. 1.]
504,0.0,505,1,False,0.0,253.0,2.0,1,0,2,[0. 0.],[1 2],,1,0.6,0.7,0.30000000000000004,[1. 1.]
505,2.0,506,0,False,0.0,253.0,0.0,1,1,0,[0. 1.],[1 2],1.0,1,0.6,0.7,0.30000000000000004,[1. 1.]
506,0.0,507,1,False,0.0,254.0,2.0,1,0,2,[0. 1.],[1 2],1.0,1,0.6,0.7,0.30000000000000004,[1. 1.]
507,2.0,508,0,False,1.0,254.0,0.0,1,1,0,[0. 0.],[1 2],,1,0.6,0.7,0.30000000000000004,[1. 1.]
508,0.0,509,1,False,0.0,255.0,2.0,1,0,2,[0. 0.],[1 2],,1,0.6,0.7,0.30000000000000004,[1. 1.]
509,2.0,510,0,False,0.0,255.0,0.0,1,1,0,[0. 1.],[1 2],0.0,1,0.6,0.7,0.30000000000000004,[1. 1.]
510,0.0,511,1,False,0.0,256.0,1.0,1,0,2,[0. 1.],[1 2],0.0,1,0.6,0.7,0.30000000000000004,[1. 1.]
511,1.0,512,0,False,1.0,256.0,0.0,1,1,0,[1. 0.],[1 2],1.0,0,0.6,0.7,0.30000000000000004,[1. 1.]
512,0.0,513,1,False,0.0,257.0,2.0,1,0,2,[1. 0.],[1 2],1.0,0,0.6,0.7,0.30000000000000004,[1. 1.]
513,2.0,514,0,False,0.0,257.0,0.0,1,1,0,[0. 1.],[1 2],1.0,0,0.6,0.7,0.30000000000000004,[1. 1.]
514,0.0,515,1,False,0.0,258.0,2.0,1,0,2,[0. 1.],[1 2],1.0,0,0.6,0.7,0.30000000000000004,[1. 1.]
515,2.0,516,0,False,1.0,258.0,0.0,1,1,0,[1. 0.],[1 2],1.0,0,0.6,0.7,0.30000000000000004,[1. 1.]
516,0.0,517,1,False,0.0,259.0,2.0,1,0,2,[1. 0.],[1 2],1.0,0,0.6,0.7,0.30000000000000004,[1. 1.]
517,2.0,518,0,False,0.0,259.0,0.0,1,1,0,[0. 1.],[1 2],1.0,1,0.6,0.7,0.30000000000000004,[1. 1.]
518,0.0,519,1,False,0.0,260.0,2.0,1,0,2,[0. 1.],[1 2],1.0,1,0.6,0.7,0.30000000000000004,[1. 1.]
519,2.0,520,0,False,1.0,260.0,0.0,1,1,0,[0. 1.],[1 2],1.0,1,0.6,0.7,0.30000000000000004,[1. 1.]
520,0.0,521,1,False,0.0,261.0,2.0,1,0,2,[0. 1.],[1 2],1.0,1,0.6,0.7,0.30000000000000004,[1. 1.]
521,2.0,522,0,False,1.0,261.0,0.0,1,1,0,[0. 1.],[1 2],0.0,1,0.6,0.7,0.30000000000000004,[1. 1.]
522,0.0,523,1,False,0.0,262.0,1.0,1,0,2,[0. 1.],[1 2],0.0,1,0.6,0.7,0.30000000000000004,[1. 1.]
523,1.0,524,0,False,1.0,262.0,0.0,1,1,0,[1. 1.],[1 2],,1,0.6,0.7,0.30000000000000004,[1. 1.]
524,0.0,525,1,False,0.0,263.0,2.0,1,0,2,[1. 1.],[1 2],,1,0.6,0.7,0.30000000000000004,[1. 1.]
525,2.0,526,0,False,1.0,263.0,0.0,1,1,0,[1. 1.],[1 2],,1,0.6,0.7,0.30000000000000004,[1. 1.]
526,0.0,527,1,False,0.0,264.0,2.0,1,0,2,[1. 1.],[1 2],,1,0.6,0.7,0.30000000000000004,[1. 1.]
527,2.0,528,0,False,1.0,264.0,0.0,1,1,0,[0. 1.],[1 2],,1,0.6,0.7,0.30000000000000004,[1. 1.]
528,0.0,529,1,False,0.0,265.0,2.0,1,0,2,[0. 1.],[1 2],,1,0.6,0.7,0.30000000000000004,[1. 1.]
529,2.0,530,0,False,1.0,265.0,0.0,1,1,0,[0. 1.],[1 2],1.0,1,0.6,0.7,0.30000000000000004,[1. 1.]
530,0.0,531,1,False,0.0,266.0,2.0,1,0,2,[0. 1.],[1 2],1.0,1,0.6,0.7,0.30000000000000004,[1. 1.]
531,2.0,532,0,False,1.0,266.0,0.0,1,1,0,[0. 1.],[1 2],0.0,1,0.6,0.7,0.30000000000000004,[1. 1.]
532,0.0,533,1,False,0.0,267.0,1.0,1,0,2,[0. 1.],[1 2],0.0,1,0.6,0.7,0.30000000000000004,[1. 1.]
533,1.0,534,0,False,1.0,267.0,0.0,1,1,0,[0. 1.],[1 2],1.0,1,0.6,0.7,0.30000000000000004,[1. 1.]
534,0.0,535,1,False,0.0,268.0,2.0,1,0,2,[0. 1.],[1 2],1.0,1,0.6,0.7,0.30000000000000004,[1. 1.]
535,2.0,536,0,False,1.0,268.0,0.0,1,1,0,[0. 0.],[1 2],0.0,0,0.6,0.7,0.30000000000000004,[1. 1.]
536,0.0,537,1,False,0.0,269.0,1.0,1,0,2,[0. 0.],[1 2],0.0,0,0.6,0.7,0.30000000000000004,[1. 1.]
537,1.0,538,0,False,0.0,269.0,0.0,1,1,0,[0. 1.],[1 2],1.0,0,0.6,0.7,0.30000000000000004,[1. 1.]
538,0.0,539,1,False,0.0,270.0,2.0,1,0,2,[0. 1.],[1 2],1.0,0,0.6,0.7,0.30000000000000004,[1. 1.]
539,2.0,540,0,False,1.0,270.0,0.0,1,1,0,[1. 1.],[1 2],1.0,0,0.6,0.7,0.30000000000000004,[1. 1.]
540,0.0,541,1,False,0.0,271.0,2.0,1,0,2,[1. 1.],[1 2],1.0,0,0.6,0.7,0.30000000000000004,[1. 1.]
541,2.0,542,0,False,1.0,271.0,0.0,1,1,0,[0. 0.],[1 2],,0,0.6,0.7,0.30000000000000004,[1. 1.]
542,0.0,543,1,False,0.0,272.0,2.0,1,0,2,[0. 0.],[1 2],,0,0.6,0.7,0.30000000000000004,[1. 1.]
543,2.0,544,0,False,0.0,272.0,0.0,1,1,0,[1. 0.],[1 2],,0,0.6,0.7,0.30000000000000004,[1. 1.]
544,0.0,545,1,False,0.0,273.0,2.0,1,0,2,[1. 0.],[1 2],,0,0.6,0.7,0.30000000000000004,[1. 1.]
545,2.0,546,0,False,0.0,273.0,0.0,1,1,0,[1. 0.],[1 2],1.0,0,0.6,0.7,0.30000000000000004,[1. 1.]
546,0.0,547,1,False,0.0,274.0,2.0,1,0,2,[1. 0.],[1 2],1.0,0,0.6,0.7,0.30000000000000004,[1. 1.]
547,2.0,548,0,False,0.0,274.0,0.0,1,1,0,[0. 0.],[1 2],1.0,0,0.6,0.7,0.30000000000000004,[1. 1.]
548,0.0,549,1,False,0.0,275.0,2.0,1,0,2,[0. 0.],[1 2],1.0,0,0.6,0.7,0.30000000000000004,[1. 1.]
549,2.0,550,0,False,0.0,275.0,0.0,1,1,0,[1. 1.],[1 2],1.0,0,0.6,0.7,0.30000000000000004,[1. 1.]
550,0.0,551,1,False,0.0,276.0,2.0,1,0,2,[1. 1.],[1 2],1.0,0,0.6,0.7,0.30000000000000004,[1. 1.]
551,2.0,552,0,False,1.0,276.0,0.0,1,1,0,[1. 0.],[1 2],1.0,0,0.6,0.7,0.30000000000000004,[1. 1.]
552,0.0,553,1,False,0.0,277.0,2.0,1,0,2,[1. 0.],[1 2],1.0,0,0.6,0.7,0.30000000000000004,[1. 1.]
553,2.0,554,0,False,0.0,277.0,0.0,1,1,0,[1. 1.],[1 2],,0,0.6,0.7,0.30000000000000004,[1. 1.]
554,0.0,555,1,False,0.0,278.0,2.0,1,0,2,[1. 1.],[1 2],,0,0.6,0.7,0.30000000000000004,[1. 1.]
555,2.0,556,0,False,1.0,278.0,0.0,1,1,0,[1. 0.],[1 2],0.0,0,0.6,0.7,0.30000000000000004,[1. 1.]
556,0.0,557,1,False,0.0,279.0,1.0,1,0,2,[1. 0.],[1 2],0.0,0,0.6,0.7,0.30000000000000004,[1. 1.]
557,1.0,558,0,False,0.0,279.0,0.0,1,1,0,[1. 1.],[1 2],,0,0.6,0.7,0.30000000000000004,[1. 1.]
558,0.0,559,1,False,0.0,280.0,2.0,1,0,2,[1. 1.],[1 2],,0,0.6,0.7,0.30000000000000004,[1. 1.]
559,2.0,560,0,False,1.0,280.0,0.0,1,1,0,[1. 0.],[1 2],,0,0.6,0.7,0.30000000000000004,[1. 1.]
560,0.0,561,1,False,0.0,281.0,2.0,1,0,2,[1. 0.],[1 2],,0,0.6,0.7,0.30000000000000004,[1. 1.]
561,2.0,562,0,False,0.0,281.0,0.0,1,1,0,[0. 1.],[1 2],1.0,0,0.6,0.7,0.30000000000000004,[1. 1.]
562,0.0,563,1,False,0.0,282.0,2.0,1,0,2,[0. 1.],[1 2],1.0,0,0.6,0.7,0.30000000000000004,[1. 1.]
563,2.0,564,0,False,1.0,282.0,0.0,1,1,0,[1. 0.],[1 2],0.0,0,0.6,0.7,0.30000000000000004,[1. 1.]
564,0.0,565,1,False,0.0,283.0,1.0,1,0,2,[1. 0.],[1 2],0.0,0,0.6,0.7,0.30000000000000004,[1. 1.]
565,1.0,566,0,False,0.0,283.0,0.0,1,1,0,[0. 1.],[1 2],0.0,0,0.6,0.7,0.30000000000000004,[1. 1.]
566,0.0,567,1,False,0.0,284.0,1.0,1,0,2,[0. 1.],[1 2],0.0,0,0.6,0.7,0.30000000000000004,[1. 1.]
567,1.0,568,0,False,1.0,284.0,0.0,1,1,0,[0. 1.],[1 2],1.0,0,0.6,0.7,0.30000000000000004,[1. 1.]
568,0.0,569,1,False,0.0,285.0,2.0,1,0,2,[0. 1.],[1 2],1.0,0,0.6,0.7,0.30000000000000004,[1. 1.]
569,2.0,570,0,False,1.0,285.0,0.0,1,1,0,[0. 0.],[1 2],,0,0.6,0.7,0.30000000000000004,[1. 1.]
570,0.0,571,1,False,0.0,286.0,2.0,1,0,2,[0. 0.],[1 2],,0,0.6,0.7,0.30000000000000004,[1. 1.]
571,2.0,572,0,False,0.0,286.0,0.0,1,1,0,[1. 1.],[1 2],,0,0.6,0.7,0.30000000000000004,[1. 1.]
572,0.0,573,1,False,0.0,287.0,2.0,1,0,2,[1. 1.],[1 2],,0,0.6,0.7,0.30000000000000004,[1. 1.]
573,2.0,574,0,False,1.0,287.0,0.0,1,1,0,[1. 1.],[1 2],,0,0.6,0.7,0.30000000000000004,[1. 1.]
574,0.0,575,1,False,0.0,288.0,2.0,1,0,2,[1. 1.],[1 2],,0,0.6,0.7,0.30000000000000004,[1. 1.]
575,2.0,576,0,False,1.0,288.0,0.0,1,1,0,[0. 1.],[2 1],,0,0.6,0.7,0.30000000000000004,[1. 1.]
576,0.0,577,1,False,0.0,289.0,1.0,1,0,2,[0. 1.],[2 1],,0,0.6,0.7,0.30000000000000004,[1. 1.]
577,1.0,578,0,False,0.0,289.0,0.0,1,1,0,[1. 0.],[2 1],1.0,0,0.6,0.7,0.30000000000000004,[1. 1.]
578,0.0,579,1,False,0.0,290.0,2.0,1,0,2,[1. 0.],[2 1],1.0,0,0.6,0.7,0.30000000000000004,[1. 1.]
579,2.0,580,0,False,1.0,290.0,0.0,1,1,0,[0. 1.],[2 1],,0,0.6,0.7,0.30000000000000004,[1. 1.]
580,0.0,581,1,False,0.0,291.0,1.0,1,0,2,[0. 1.],[2 1],,0,0.6,0.7,0.30000000000000004,[1. 1.]
581,1.0,582,0,False,0.0,291.0,0.0,1,1,0,[0. 1.],[2 1],0.0,0,0.6,0.7,0.30000000000000004,[1. 1.]
582,0.0,583,1,False,0.0,292.0,1.0,1,0,2,[0. 1.],[2 1],0.0,0,0.6,0.7,0.30000000000000004,[1. 1.]
583,1.0,584,0,False,0.0,292.0,0.0,1,1,0,[0. 0.],[2 1],1.0,0,0.6,0.7,0.30000000000000004,[1. 1.]
584,0.0,585,1,False,0.0,293.0,2.0,1,0,2,[0. 0.],[2 1],1.0,0,0.6,0.7,0.30000000000000004,[1. 1.]
585,2.0,586,0,False,0.0,293.0,0.0,1,1,0,[1. 1.],[2 1],,0,0.6,0.7,0.30000000000000004,[1. 1.]
586,0.0,587,1,False,0.0,294.0,1.0,1,0,2,[1. 1.],[2 1],,0,0.6,0.7,0.30000000000000004,[1. 1.]
587,1.0,588,0,False,1.0,294.0,0.0,1,1,0,[1. 0.],[2 1],,0,0.6,0.7,0.30000000000000004,[1. 1.]
588,0.0,589,1,False,0.0,295.0,1.0,1,0,2,[1. 0.],[2 1],,0,0.6,0.7,0.30000000000000004,[1. 1.]
589,1.0,590,0,False,1.0,295.0,0.0,1,1,0,[1. 0.],[2 1],0.0,0,0.6,0.7,0.30000000000000004,[1. 1.]
590,0.0,591,1,False,0.0,296.0,1.0,1,0,2,[1. 0.],[2 1],0.0,0,0.6,0.7,0.30000000000000004,[1. 1.]
591,1.0,592,0,False,1.0,296.0,0.0,1,1,0,[0. 1.],[2 1],1.0,0,0.6,0.7,0.30000000000000004,[1. 1.]
592,0.0,593,1,False,0.0,297.0,2.0,1,0,2,[0. 1.],[2 1],1.0,0,0.6,0.7,0.30000000000000004,[1. 1.]
593,2.0,594,0,False,0.0,297.0,0.0,1,1,0,[1. 1.],[2 1],0.0,0,0.6,0.7,0.30000000000000004,[1. 1.]
594,0.0,595,1,False,0.0,298.0,1.0,1,0,2,[1. 1.],[2 1],0.0,0,0.6,0.7,0.30000000000000004,[1. 1.]
595,1.0,596,0,False,1.0,298.0,0.0,1,1,0,[1. 0.],[2 1],,0,0.6,0.7,0.30000000000000004,[1. 1.]
596,0.0,597,1,False,0.0,299.0,1.0,1,0,2,[1. 0.],[2 1],,0,0.6,0.7,0.30000000000000004,[1. 1.]
597,1.0,598,0,False,1.0,299.0,0.0,1,1,0,[1. 0.],[2 1],1.0,0,0.6,0.7,0.30000000000000004,[1. 1.]
598,0.0,599,1,False,0.0,300.0,2.0,1,0,2,[1. 0.],[2 1],1.0,0,0.6,0.7,0.30000000000000004,[1. 1.]
599,2.0,600,0,False,1.0,300.0,0.0,1,1,0,[1. 1.],[2 1],1.0,0,0.6,0.7,0.30000000000000004,[1. 1.]
600,0.0,601,1,False,0.0,301.0,2.0,1,0,2,[1. 1.],[2 1],1.0,0,0.6,0.7,0.30000000000000004,[1. 1.]
601,2.0,602,0,False,1.0,301.0,0.0,1,1,0,[1. 1.],[2 1],1.0,0,0.6,0.7,0.30000000000000004,[1. 1.]
602,0.0,603,1,False,0.0,302.0,2.0,1,0,2,[1. 1.],[2 1],1.0,0,0.6,0.7,0.30000000000000004,[1. 1.]
603,2.0,604,0,False,1.0,302.0,0.0,1,1,0,[1. 0.],[2 1],,0,0.6,0.7,0.30000000000000004,[1. 1.]
604,0.0,605,1,False,0.0,303.0,1.0,1,0,2,[1. 0.],[2 1],,0,0.6,0.7,0.30000000000000004,[1. 1.]
605,1.0,606,0,False,1.0,303.0,0.0,1,1,0,[1. 0.],[2 1],,0,0.6,0.7,0.30000000000000004,[1. 1.]
606,0.0,607,1,False,0.0,304.0,1.0,1,0,2,[1. 0.],[2 1],,0,0.6,0.7,0.30000000000000004,[1. 1.]
607,1.0,608,0,False,1.0,304.0,0.0,1,1,0,[0. 1.],[2 1],1.0,0,0.6,0.7,0.30000000000000004,[1. 1.]
608,0.0,609,1,False,0.0,305.0,2.0,1,0,2,[0. 1.],[2 1],1.0,0,0.6,0.7,0.30000000000000004,[1. 1.]
609,2.0,610,0,False,0.0,305.0,0.0,1,1,0,[0. 0.],[2 1],0.0,0,0.6,0.7,0.30000000000000004,[1. 1.]
610,0.0,611,1,False,0.0,306.0,1.0,1,0,2,[0. 0.],[2 1],0.0,0,0.6,0.7,0.30000000000000004,[1. 1.]
611,1.0,612,0,False,0.0,306.0,0.0,1,1,0,[1. 1.],[2 1],0.0,0,0.6,0.7,0.30000000000000004,[1. 1.]
612,0.0,613,1,False,0.0,307.0,1.0,1,0,2,[1. 1.],[2 1],0.0,0,0.6,0.7,0.30000000000000004,[1. 1.]
613,1.0,614,0,False,1.0,307.0,0.0,1,1,0,[1. 0.],[2 1],1.0,0,0.6,0.7,0.30000000000000004,[1. 1.]
614,0.0,615,1,False,0.0,308.0,2.0,1,0,2,[1. 0.],[2 1],1.0,0,0.6,0.7,0.30000000000000004,[1. 1.]
615,2.0,616,0,False,1.0,308.0,0.0,1,1,0,[0. 0.],[2 1],0.0,0,0.6,0.7,0.30000000000000004,[1. 1.]
616,0.0,617,1,False,0.0,309.0,1.0,1,0,2,[0. 0.],[2 1],0.0,0,0.6,0.7,0.30000000000000004,[1. 1.]
617,1.0,618,0,False,0.0,309.0,0.0,1,1,0,[0. 0.],[2 1],0.0,0,0.6,0.7,0.30000000000000004,[1. 1.]
618,0.0,619,1,False,0.0,310.0,1.0,1,0,2,[0. 0.],[2 1],0.0,0,0.6,0.7,0.30000000000000004,[1. 1.]
619,1.0,620,0,False,0.0,310.0,0.0,1,1,0,[0. 1.],[2 1],1.0,0,0.6,0.7,0.30000000000000004,[1. 1.]
620,0.0,621,1,False,0.0,311.0,2.0,1,0,1,[0. 1.],[2 1],1.0,0,0.6,0.7,0.30000000000000004,[1. 1.]
621,2.0,622,0,False,1.0,311.0,0.0,1,1,0,[0. 1.],[2 1],0.0,0,0.6,0.7,0.30000000000000004,[1. 1.]
622,0.0,623,1,False,0.0,312.0,1.0,1,0,1,[0. 1.],[2 1],0.0,0,0.6,0.7,0.30000000000000004,[1. 1.]
623,1.0,624,0,False,1.0,312.0,0.0,1,1,0,[0. 0.],[2 1],1.0,0,0.6,0.7,0.30000000000000004,[1. 1.]
624,0.0,625,1,False,0.0,313.0,2.0,1,0,1,[0. 0.],[2 1],1.0,0,0.6,0.7,0.30000000000000004,[1. 1.]
625,2.0,626,0,False,0.0,313.0,0.0,1,1,0,[0. 0.],[2 1],,0,0.6,0.7,0.30000000000000004,[1. 1.]
626,0.0,627,1,False,0.0,314.0,2.0,1,0,1,[0. 0.],[2 1],,0,0.6,0.7,0.30000000000000004,[1. 1.]
627,2.0,628,0,False,0.0,314.0,0.0,1,1,0,[1. 0.],[2 1],1.0,0,0.6,0.7,0.30000000000000004,[1. 1.]
628,0.0,629,1,False,0.0,315.0,2.0,1,0,1,[1. 0.],[2 1],1.0,0,0.6,0.7,0.30000000000000004,[1. 1.]
629,2.0,630,0,False,0.0,315.0,0.0,1,1,0,[1. 0.],[2 1],0.0,0,0.6,0.7,0.30000000000000004,[1. 1.]
630,0.0,631,1,False,0.0,316.0,1.0,1,0,1,[1. 0.],[2 1],0.0,0,0.6,0.7,0.30000000000000004,[1. 1.]
631,1.0,632,0,False,0.0,316.0,0.0,1,1,0,[0. 0.],[2 1],,0,0.6,0.7,0.30000000000000004,[1. 1.]
632,0.0,633,1,False,0.0,317.0,1.0,1,0,2,[0. 0.],[2 1],,0,0.6,0.7,0.30000000000000004,[1. 1.]
633,1.0,634,0,False,0.0,317.0,0.0,1,1,0,[0. 0.],[2 1],1.0,0,0.6,0.7,0.30000000000000004,[1. 1.]
634,0.0,635,1,False,0.0,318.0,2.0,1,0,1,[0. 0.],[2 1],1.0,0,0.6,0.7,0.30000000000000004,[1. 1.]
635,2.0,636,0,False,0.0,318.0,0.0,1,1,0,[1. 0.],[2 1],1.0,0,0.6,0.7,0.30000000000000004,[1. 1.]
636,0.0,637,1,False,0.0,319.0,2.0,1,0,1,[1. 0.],[2 1],1.0,0,0.6,0.7,0.30000000000000004,[1. 1.]
637,2.0,638,0,False,0.0,319.0,0.0,1,1,0,[0. 0.],[2 1],1.0,1,0.6,0.7,0.30000000000000004,[1. 1.]
638,0.0,639,1,False,0.0,320.0,2.0,1,0,1,[0. 0.],[2 1],1.0,1,0.6,0.7,0.30000000000000004,[1. 1.]
639,2.0,640,0,False,0.0,320.0,0.0,1,1,0,[0. 1.],[2 1],,1,0.6,0.7,0.30000000000000004,[1. 1.]
640,0.0,641,1,False,0.0,321.0,1.0,1,0,2,[0. 1.],[2 1],,1,0.6,0.7,0.30000000000000004,[1. 1.]
641,1.0,642,0,False,0.0,321.0,0.0,1,1,0,[1. 1.],[2 1],,1,0.6,0.7,0.30000000000000004,[1. 1.]
642,0.0,643,1,False,0.0,322.0,2.0,1,0,1,[1. 1.],[2 1],,1,0.6,0.7,0.30000000000000004,[1. 1.]
643,2.0,644,0,False,1.0,322.0,0.0,1,1,0,[0. 1.],[2 1],1.0,1,0.6,0.7,0.30000000000000004,[1. 1.]
644,0.0,645,1,False,0.0,323.0,2.0,1,0,1,[0. 1.],[2 1],1.0,1,0.6,0.7,0.30000000000000004,[1. 1.]
645,2.0,646,0,False,1.0,323.0,0.0,1,1,0,[1. 1.],[2 1],,0,0.6,0.7,0.30000000000000004,[1. 1.]
646,0.0,647,1,False,0.0,324.0,2.0,1,0,1,[1. 1.],[2 1],,0,0.6,0.7,0.30000000000000004,[1. 1.]
647,2.0,648,0,False,1.0,324.0,0.0,1,1,0,[1. 0.],[2 1],0.0,0,0.6,0.7,0.30000000000000004,[1. 1.]
648,0.0,649,1,False,0.0,325.0,1.0,1,0,1,[1. 0.],[2 1],0.0,0,0.6,0.7,0.30000000000000004,[1. 1.]
649,1.0,650,0,False,0.0,325.0,0.0,1,1,0,[1. 0.],[2 1],1.0,0,0.6,0.7,0.30000000000000004,[1. 1.]
650,0.0,651,1,False,0.0,326.0,2.0,1,0,1,[1. 0.],[2 1],1.0,0,0.6,0.7,0.30000000000000004,[1. 1.]
651,2.0,652,0,False,0.0,326.0,0.0,1,1,0,[1. 0.],[2 1],,0,0.6,0.7,0.30000000000000004,[1. 1.]
652,0.0,653,1,False,0.0,327.0,2.0,1,0,1,[1. 0.],[2 1],,0,0.6,0.7,0.30000000000000004,[1. 1.]
653,2.0,654,0,False,0.0,327.0,0.0,1,1,0,[1. 0.],[2 1],0.0,0,0.6,0.7,0.30000000000000004,[1. 1.]
654,0.0,655,1,False,0.0,328.0,1.0,1,0,1,[1. 0.],[2 1],0.0,0,0.6,0.7,0.30000000000000004,[1. 1.]
655,1.0,656,0,False,0.0,328.0,0.0,1,1,0,[1. 0.],[2 1],0.0,0,0.6,0.7,0.30000000000000004,[1. 1.]
656,0.0,657,1,False,0.0,329.0,1.0,1,0,2,[1. 0.],[2 1],0.0,0,0.6,0.7,0.30000000000000004,[1. 1.]
657,1.0,658,0,False,1.0,329.0,0.0,1,1,0,[0. 1.],[2 1],,0,0.6,0.7,0.30000000000000004,[1. 1.]
658,0.0,659,1,False,0.0,330.0,1.0,1,0,2,[0. 1.],[2 1],,0,0.6,0.7,0.30000000000000004,[1. 1.]
659,1.0,660,0,False,0.0,330.0,0.0,1,1,0,[1. 0.],[2 1],0.0,0,0.6,0.7,0.30000000000000004,[1. 1.]
660,0.0,661,1,False,0.0,331.0,1.0,1,0,2,[1. 0.],[2 1],0.0,0,0.6,0.7,0.30000000000000004,[1. 1.]
661,1.0,662,0,False,1.0,331.0,0.0,1,1,0,[1. 1.],[2 1],,0,0.6,0.7,0.30000000000000004,[1. 1.]
662,0.0,663,1,False,0.0,332.0,1.0,1,0,2,[1. 1.],[2 1],,0,0.6,0.7,0.30000000000000004,[1. 1.]
663,1.0,664,0,False,1.0,332.0,0.0,1,1,0,[1. 1.],[2 1],0.0,0,0.6,0.7,0.30000000000000004,[1. 1.]
664,0.0,665,1,False,0.0,333.0,1.0,1,0,2,[1. 1.],[2 1],0.0,0,0.6,0.7,0.30000000000000004,[1. 1.]
665,1.0,666,0,False,1.0,333.0,0.0,1,1,0,[1. 0.],[2 1],1.0,0,0.6,0.7,0.30000000000000004,[1. 1.]
666,0.0,667,1,False,0.0,334.0,2.0,1,0,2,[1. 0.],[2 1],1.0,0,0.6,0.7,0.30000000000000004,[1. 1.]
667,2.0,668,0,False,1.0,334.0,0.0,1,1,0,[0. 0.],[2 1],,0,0.6,0.7,0.30000000000000004,[1. 1.]
668,0.0,669,1,False,0.0,335.0,1.0,1,0,2,[0. 0.],[2 1],,0,0.6,0.7,0.30000000000000004,[1. 1.]
669,1.0,670,0,False,0.0,335.0,0.0,1,1,0,[0. 0.],[2 1],,0,0.6,0.7,0.30000000000000004,[1. 1.]
670,0.0,671,1,False,0.0,336.0,1.0,1,0,2,[0. 0.],[2 1],,0,0.6,0.7,0.30000000000000004,[1. 1.]
671,1.0,672,0,False,0.0,336.0,0.0,1,1,0,[0. 1.],[2 1],,0,0.6,0.7,0.30000000000000004,[1. 1.]
672,0.0,673,1,False,0.0,337.0,2.0,1,0,1,[0. 1.],[2 1],,0,0.6,0.7,0.30000000000000004,[1. 1.]
673,2.0,674,0,False,1.0,337.0,0.0,1,1,0,[1. 1.],[2 1],1.0,0,0.6,0.7,0.30000000000000004,[1. 1.]
674,0.0,675,1,False,0.0,338.0,2.0,1,0,1,[1. 1.],[2 1],1.0,0,0.6,0.7,0.30000000000000004,[1. 1.]
675,2.0,676,0,False,1.0,338.0,0.0,1,1,0,[0. 1.],[2 1],,0,0.6,0.7,0.30000000000000004,[1. 1.]
676,0.0,677,1,False,0.0,339.0,2.0,1,0,1,[0. 1.],[2 1],,0,0.6,0.7,0.30000000000000004,[1. 1.]
677,2.0,678,0,False,1.0,339.0,0.0,1,1,0,[1. 0.],[2 1],,0,0.6,0.7,0.30000000000000004,[1. 1.]
678,0.0,679,1,False,0.0,340.0,2.0,1,0,1,[1. 0.],[2 1],,0,0.6,0.7,0.30000000000000004,[1. 1.]
679,2.0,680,0,False,0.0,340.0,0.0,1,1,0,[1. 0.],[2 1],1.0,0,0.6,0.7,0.30000000000000004,[1. 1.]
680,0.0,681,1,False,0.0,341.0,2.0,1,0,1,[1. 0.],[2 1],1.0,0,0.6,0.7,0.30000000000000004,[1. 1.]
681,2.0,682,0,False,0.0,341.0,0.0,1,1,0,[1. 1.],[2 1],,0,0.6,0.7,0.30000000000000004,[1. 1.]
682,0.0,683,1,False,0.0,342.0,2.0,1,0,1,[1. 1.],[2 1],,0,0.6,0.7,0.30000000000000004,[1. 1.]
683,2.0,684,0,False,1.0,342.0,0.0,1,1,0,[1. 0.],[2 1],1.0,0,0.6,0.7,0.30000000000000004,[1. 1.]
684,0.0,685,1,False,0.0,343.0,2.0,1,0,1,[1. 0.],[2 1],1.0,0,0.6,0.7,0.30000000000000004,[1. 1.]
685,2.0,686,0,False,0.0,343.0,0.0,1,1,0,[0. 1.],[2 1],,0,0.6,0.7,0.30000000000000004,[1. 1.]
686,0.0,687,1,False,0.0,344.0,2.0,1,0,1,[0. 1.],[2 1],,0,0.6,0.7,0.30000000000000004,[1. 1.]
687,2.0,688,0,False,1.0,344.0,0.0,1,1,0,[0. 0.],[2 1],1.0,0,0.6,0.7,0.30000000000000004,[1. 1.]
688,0.0,689,1,False,0.0,345.0,2.0,1,0,1,[0. 0.],[2 1],1.0,0,0.6,0.7,0.30000000000000004,[1. 1.]
689,2.0,690,0,False,0.0,345.0,0.0,1,1,0,[1. 0.],[2 1],1.0,0,0.6,0.7,0.30000000000000004,[1. 1.]
690,0.0,691,1,False,0.0,346.0,2.0,1,0,1,[1. 0.],[2 1],1.0,0,0.6,0.7,0.30000000000000004,[1. 1.]
691,2.0,692,0,False,0.0,346.0,0.0,1,1,0,[0. 0.],[2 1],1.0,0,0.6,0.7,0.30000000000000004,[1. 1.]
692,0.0,693,1,False,0.0,347.0,2.0,1,0,1,[0. 0.],[2 1],1.0,0,0.6,0.7,0.30000000000000004,[1. 1.]
693,2.0,694,0,False,0.0,347.0,0.0,1,1,0,[1. 0.],[2 1],,0,0.6,0.7,0.30000000000000004,[1. 1.]
694,0.0,695,1,False,0.0,348.0,2.0,1,0,1,[1. 0.],[2 1],,0,0.6,0.7,0.30000000000000004,[1. 1.]
695,2.0,696,0,False,0.0,348.0,0.0,1,1,0,[1. 0.],[2 1],1.0,0,0.6,0.7,0.30000000000000004,[1. 1.]
696,0.0,697,1,False,0.0,349.0,2.0,1,0,1,[1. 0.],[2 1],1.0,0,0.6,0.7,0.30000000000000004,[1. 1.]
697,2.0,698,0,False,0.0,349.0,0.0,1,1,0,[0. 1.],[2 1],,0,0.6,0.7,0.30000000000000004,[1. 1.]
698,0.0,699,1,False,0.0,350.0,2.0,1,0,1,[0. 1.],[2 1],,0,0.6,0.7,0.30000000000000004,[1. 1.]
699,2.0,700,0,False,1.0,350.0,0.0,1,1,0,[0. 1.],[2 1],,0,0.6,0.7,0.30000000000000004,[1. 1.]
700,0.0,701,1,False,0.0,351.0,2.0,1,0,1,[0. 1.],[2 1],,0,0.6,0.7,0.30000000000000004,[1. 1.]
701,2.0,702,0,False,1.0,351.0,0.0,1,1,0,[1. 0.],[2 1],,0,0.6,0.7,0.30000000000000004,[1. 1.]
702,0.0,703,1,False,0.0,352.0,2.0,1,0,1,[1. 0.],[2 1],,0,0.6,0.7,0.30000000000000004,[1. 1.]
703,2.0,704,0,False,0.0,352.0,0.0,1,1,0,[1. 0.],[2 1],1.0,0,0.6,0.7,0.30000000000000004,[1. 1.]
704,0.0,705,1,False,0.0,353.0,2.0,1,0,1,[1. 0.],[2 1],1.0,0,0.6,0.7,0.30000000000000004,[1. 1.]
705,2.0,706,0,False,0.0,353.0,0.0,1,1,0,[1. 0.],[2 1],1.0,0,0.6,0.7,0.30000000000000004,[1. 1.]
706,0.0,707,1,False,0.0,354.0,2.0,1,0,1,[1. 0.],[2 1],1.0,0,0.6,0.7,0.30000000000000004,[1. 1.]
707,2.0,708,0,False,0.0,354.0,0.0,1,1,0,[1. 0.],[2 1],0.0,0,0.6,0.7,0.30000000000000004,[1. 1.]
708,0.0,709,1,False,0.0,355.0,1.0,1,0,1,[1. 0.],[2 1],0.0,0,0.6,0.7,0.30000000000000004,[1. 1.]
709,1.0,710,0,False,0.0,355.0,0.0,1,1,0,[1. 0.],[2 1],1.0,0,0.6,0.7,0.30000000000000004,[1. 1.]
710,0.0,711,1,False,0.0,356.0,2.0,1,0,2,[1. 0.],[2 1],1.0,0,0.6,0.7,0.30000000000000004,[1. 1.]
711,2.0,712,0,False,1.0,356.0,0.0,1,1,0,[1. 0.],[2 1],0.0,0,0.6,0.7,0.30000000000000004,[1. 1.]
712,0.0,713,1,False,0.0,357.0,1.0,1,0,2,[1. 0.],[2 1],0.0,0,0.6,0.7,0.30000000000000004,[1. 1.]
713,1.0,714,0,False,1.0,357.0,0.0,1,1,0,[1. 1.],[2 1],,1,0.6,0.7,0.30000000000000004,[1. 1.]
714,0.0,715,1,False,0.0,358.0,1.0,1,0,2,[1. 1.],[2 1],,1,0.6,0.7,0.30000000000000004,[1. 1.]
715,1.0,716,0,False,1.0,358.0,0.0,1,1,0,[0. 1.],[2 1],0.0,1,0.6,0.7,0.30000000000000004,[1. 1.]
716,0.0,717,1,False,0.0,359.0,1.0,1,0,2,[0. 1.],[2 1],0.0,1,0.6,0.7,0.30000000000000004,[1. 1.]
717,1.0,718,0,False,0.0,359.0,0.0,1,1,0,[1. 1.],[2 1],0.0,1,0.6,0.7,0.30000000000000004,[1. 1.]
718,0.0,719,1,False,0.0,360.0,1.0,1,0,2,[1. 1.],[2 1],0.0,1,0.6,0.7,0.30000000000000004,[1. 1.]
719,1.0,720,0,False,1.0,360.0,0.0,1,1,0,[1. 1.],[2 1],1.0,1,0.6,0.7,0.30000000000000004,[1. 1.]
720,0.0,721,1,False,0.0,361.0,2.0,1,0,2,[1. 1.],[2 1],1.0,1,0.6,0.7,0.30000000000000004,[1. 1.]
721,2.0,722,0,False,1.0,361.0,0.0,1,1,0,[0. 1.],[2 1],1.0,1,0.6,0.7,0.30000000000000004,[1. 1.]
722,0.0,723,1,False,0.0,362.0,2.0,1,0,2,[0. 1.],[2 1],1.0,1,0.6,0.7,0.30000000000000004,[1. 1.]
723,2.0,724,0,False,0.0,362.0,0.0,1,1,0,[1. 1.],[2 1],1.0,1,0.6,0.7,0.30000000000000004,[1. 1.]
724,0.0,725,1,False,0.0,363.0,2.0,1,0,2,[1. 1.],[2 1],1.0,1,0.6,0.7,0.30000000000000004,[1. 1.]
725,2.0,726,0,False,1.0,363.0,0.0,1,1,0,[0. 0.],[2 1],,1,0.6,0.7,0.30000000000000004,[1. 1.]
726,0.0,727,1,False,0.0,364.0,1.0,1,0,2,[0. 0.],[2 1],,1,0.6,0.7,0.30000000000000004,[1. 1.]
727,1.0,728,0,False,0.0,364.0,0.0,1,1,0,[0. 1.],[2 1],,1,0.6,0.7,0.30000000000000004,[1. 1.]
728,0.0,729,1,False,0.0,365.0,1.0,1,0,2,[0. 1.],[2 1],,1,0.6,0.7,0.30000000000000004,[1. 1.]
729,1.0,730,0,False,0.0,365.0,0.0,1,1,0,[0. 0.],[2 1],1.0,1,0.6,0.7,0.30000000000000004,[1. 1.]
730,0.0,731,1,False,0.0,366.0,2.0,1,0,1,[0. 0.],[2 1],1.0,1,0.6,0.7,0.30000000000000004,[1. 1.]
731,2.0,732,0,False,0.0,366.0,0.0,1,1,0,[1. 1.],[1 2],,1,0.6,0.7,0.30000000000000004,[1. 1.]
732,0.0,733,1,False,0.0,367.0,1.0,1,0,1,[1. 1.],[1 2],,1,0.6,0.7,0.30000000000000004,[1. 1.]
733,1.0,734,0,False,1.0,367.0,0.0,1,1,0,[0. 1.],[1 2],,1,0.6,0.7,0.30000000000000004,[1. 1.]
734,0.0,735,1,False,0.0,368.0,1.0,1,0,1,[0. 1.],[1 2],,1,0.6,0.7,0.30000000000000004,[1. 1.]
735,1.0,736,0,False,0.0,368.0,0.0,1,1,0,[0. 1.],[1 2],0.0,1,0.6,0.7,0.30000000000000004,[1. 1.]
736,0.0,737,1,False,0.0,369.0,1.0,1,0,1,[0. 1.],[1 2],0.0,1,0.6,0.7,0.30000000000000004,[1. 1.]
737,1.0,738,0,False,0.0,369.0,0.0,1,1,0,[1. 1.],[1 2],0.0,1,0.6,0.7,0.30000000000000004,[1. 1.]
738,0.0,739,1,False,0.0,370.0,1.0,1,0,2,[1. 1.],[1 2],0.0,1,0.6,0.7,0.30000000000000004,[1. 1.]
739,1.0,740,0,False,1.0,370.0,0.0,1,1,0,[0. 0.],[1 2],0.0,1,0.6,0.7,0.30000000000000004,[1. 1.]
740,0.0,741,1,False,0.0,371.0,1.0,1,0,2,[0. 0.],[1 2],0.0,1,0.6,0.7,0.30000000000000004,[1. 1.]
741,1.0,742,0,False,0.0,371.0,0.0,1,1,0,[1. 1.],[2 1],0.0,1,0.6,0.7,0.30000000000000004,[1. 1.]
742,0.0,743,1,False,0.0,372.0,1.0,1,0,2,[1. 1.],[2 1],0.0,1,0.6,0.7,0.30000000000000004,[1. 1.]
743,1.0,744,0,False,1.0,372.0,0.0,1,1,0,[0. 1.],[2 1],1.0,1,0.6,0.7,0.30000000000000004,[1. 1.]
744,0.0,745,1,False,0.0,373.0,2.0,1,0,2,[0. 1.],[2 1],1.0,1,0.6,0.7,0.30000000000000004,[1. 1.]
745,2.0,746,0,False,0.0,373.0,0.0,1,1,0,[0. 1.],[2 1],0.0,1,0.6,0.7,0.30000000000000004,[1. 1.]
746,0.0,747,1,False,0.0,374.0,1.0,1,0,2,[0. 1.],[2 1],0.0,1,0.6,0.7,0.30000000000000004,[1. 1.]
747,1.0,748,0,False,0.0,374.0,0.0,1,1,0,[0. 1.],[2 1],0.0,1,0.6,0.7,0.30000000000000004,[1. 1.]
748,0.0,749,1,False,0.0,375.0,1.0,1,0,1,[0. 1.],[2 1],0.0,1,0.6,0.7,0.30000000000000004,[1. 1.]
749,1.0,750,0,False,1.0,375.0,0.0,1,1,0,[0. 1.],[2 1],,1,0.6,0.7,0.30000000000000004,[1. 1.]
750,0.0,751,1,False,0.0,376.0,2.0,1,0,1,[0. 1.],[2 1],,1,0.6,0.7,0.30000000000000004,[1. 1.]
751,2.0,752,0,False,1.0,376.0,0.0,1,1,0,[0. 1.],[2 1],,1,0.6,0.7,0.30000000000000004,[1. 1.]
752,0.0,753,1,False,0.0,377.0,2.0,1,0,1,[0. 1.],[2 1],,1,0.6,0.7,0.30000000000000004,[1. 1.]
753,2.0,754,0,False,1.0,377.0,0.0,1,1,0,[0. 0.],[2 1],,1,0.6,0.7,0.30000000000000004,[1. 1.]
754,0.0,755,1,False,0.0,378.0,2.0,1,0,1,[0. 0.],[2 1],,1,0.6,0.7,0.30000000000000004,[1. 1.]
755,2.0,756,0,False,0.0,378.0,0.0,1,1,0,[0. 0.],[2 1],0.0,1,0.6,0.7,0.30000000000000004,[1. 1.]
756,0.0,757,1,False,0.0,379.0,1.0,1,0,1,[0. 0.],[2 1],0.0,1,0.6,0.7,0.30000000000000004,[1. 1.]
757,1.0,758,0,False,0.0,379.0,0.0,1,1,0,[0. 0.],[2 1],,1,0.6,0.7,0.30000000000000004,[1. 1.]
758,0.0,759,1,False,0.0,380.0,2.0,1,0,1,[0. 0.],[2 1],,1,0.6,0.7,0.30000000000000004,[1. 1.]
759,2.0,760,0,False,0.0,380.0,0.0,1,1,0,[0. 0.],[2 1],1.0,1,0.6,0.7,0.30000000000000004,[1. 1.]
760,0.0,761,1,False,0.0,381.0,2.0,1,0,1,[0. 0.],[2 1],1.0,1,0.6,0.7,0.30000000000000004,[1. 1.]
761,2.0,762,0,False,0.0,381.0,0.0,1,1,0,[0. 1.],[2 1],1.0,1,0.6,0.7,0.30000000000000004,[1. 1.]
762,0.0,763,1,False,0.0,382.0,2.0,1,0,1,[0. 1.],[2 1],1.0,1,0.6,0.7,0.30000000000000004,[1. 1.]
763,2.0,764,0,False,1.0,382.0,0.0,1,1,0,[1. 0.],[2 1],1.0,1,0.6,0.7,0.30000000000000004,[1. 1.]
764,0.0,765,1,False,0.0,383.0,2.0,1,0,1,[1. 0.],[2 1],1.0,1,0.6,0.7,0.30000000000000004,[1. 1.]
765,2.0,766,0,False,0.0,383.0,0.0,1,1,0,[0. 1.],[2 1],,1,0.6,0.7,0.30000000000000004,[1. 1.]
766,0.0,767,1,False,0.0,384.0,2.0,1,0,1,[0. 1.],[2 1],,1,0.6,0.7,0.30000000000000004,[1. 1.]
767,2.0,768,0,False,1.0,384.0,0.0,1,1,0,[0. 0.],[2 1],,1,0.6,0.7,0.30000000000000004,[1. 1.]
768,0.0,769,1,False,0.0,385.0,2.0,1,0,1,[0. 0.],[2 1],,1,0.6,0.7,0.30000000000000004,[1. 1.]
769,2.0,770,0,False,0.0,385.0,0.0,1,1,0,[0. 1.],[2 1],,1,0.6,0.7,0.30000000000000004,[1. 1.]
770,0.0,771,1,False,0.0,386.0,2.0,1,0,1,[0. 1.],[2 1],,1,0.6,0.7,0.30000000000000004,[1. 1.]
771,2.0,772,0,False,1.0,386.0,0.0,1,1,0,[0. 1.],[2 1],0.0,1,0.6,0.7,0.30000000000000004,[1. 1.]
772,0.0,773,1,False,0.0,387.0,1.0,1,0,1,[0. 1.],[2 1],0.0,1,0.6,0.7,0.30000000000000004,[1. 1.]
773,1.0,774,0,False,1.0,387.0,0.0,1,1,0,[0. 1.],[2 1],,1,0.6,0.7,0.30000000000000004,[1. 1.]
774,0.0,775,1,False,0.0,388.0,2.0,1,0,1,[0. 1.],[2 1],,1,0.6,0.7,0.30000000000000004,[1. 1.]
775,2.0,776,0,False,1.0,388.0,0.0,1,1,0,[0. 0.],[2 1],0.0,1,0.6,0.7,0.30000000000000004,[1. 1.]
776,0.0,777,1,False,0.0,389.0,1.0,1,0,1,[0. 0.],[2 1],0.0,1,0.6,0.7,0.30000000000000004,[1. 1.]
777,1.0,778,0,False,0.0,389.0,0.0,1,1,0,[0. 1.],[2 1],0.0,1,0.6,0.7,0.30000000000000004,[1. 1.]
778,0.0,779,1,False,0.0,390.0,1.0,1,0,1,[0. 1.],[2 1],0.0,1,0.6,0.7,0.30000000000000004,[1. 1.]
779,1.0,780,0,False,1.0,390.0,0.0,1,1,0,[0. 1.],[2 1],0.0,1,0.6,0.7,0.30000000000000004,[1. 1.]
780,0.0,781,1,False,0.0,391.0,1.0,1,0,1,[0. 1.],[2 1],0.0,1,0.6,0.7,0.30000000000000004,[1. 1.]
781,1.0,782,0,False,1.0,391.0,0.0,1,1,0,[0. 0.],[2 1],,1,0.6,0.7,0.30000000000000004,[1. 1.]
782,0.0,783,1,False,0.0,392.0,2.0,1,0,1,[0. 0.],[2 1],,1,0.6,0.7,0.30000000000000004,[1. 1.]
783,2.0,784,0,False,0.0,392.0,0.0,1,1,0,[0. 1.],[2 1],0.0,1,0.6,0.7,0.30000000000000004,[1. 1.]
784,0.0,785,1,False,0.0,393.0,1.0,1,0,1,[0. 1.],[2 1],0.0,1,0.6,0.7,0.30000000000000004,[1. 1.]
785,1.0,786,0,False,1.0,393.0,0.0,1,1,0,[0. 1.],[2 1],1.0,1,0.6,0.7,0.30000000000000004,[1. 1.]
786,0.0,787,1,False,0.0,394.0,2.0,1,0,1,[0. 1.],[2 1],1.0,1,0.6,0.7,0.30000000000000004,[1. 1.]
787,2.0,788,0,False,1.0,394.0,0.0,1,1,0,[0. 1.],[2 1],0.0,1,0.6,0.7,0.30000000000000004,[1. 1.]
788,0.0,789,1,False,0.0,395.0,1.0,1,0,1,[0. 1.],[2 1],0.0,1,0.6,0.7,0.30000000000000004,[1. 1.]
789,1.0,790,0,False,1.0,395.0,0.0,1,1,0,[0. 0.],[2 1],1.0,1,0.6,0.7,0.30000000000000004,[1. 1.]
790,0.0,791,1,False,0.0,396.0,2.0,1,0,1,[0. 0.],[2 1],1.0,1,0.6,0.7,0.30000000000000004,[1. 1.]
791,2.0,792,0,False,0.0,396.0,0.0,1,1,0,[1. 1.],[2 1],,1,0.6,0.7,0.30000000000000004,[1. 1.]
792,0.0,793,1,False,0.0,397.0,2.0,1,0,1,[1. 1.],[2 1],,1,0.6,0.7,0.30000000000000004,[1. 1.]
793,2.0,794,0,False,1.0,397.0,0.0,1,1,0,[0. 1.],[2 1],1.0,1,0.6,0.7,0.30000000000000004,[1. 1.]
794,0.0,795,1,False,0.0,398.0,2.0,1,0,1,[0. 1.],[2 1],1.0,1,0.6,0.7,0.30000000000000004,[1. 1.]
795,2.0,796,0,False,1.0,398.0,0.0,1,1,0,[0. 1.],[2 1],0.0,1,0.6,0.7,0.30000000000000004,[1. 1.]
796,0.0,797,1,False,0.0,399.0,1.0,1,0,1,[0. 1.],[2 1],0.0,1,0.6,0.7,0.30000000000000004,[1. 1.]
797,1.0,798,0,False,1.0,399.0,0.0,1,1,0,[0. 1.],[2 1],,1,0.6,0.7,0.30000000000000004,[1. 1.]
798,0.0,799,1,False,0.0,400.0,2.0,1,0,1,[0. 1.],[2 1],,1,0.6,0.7,0.30000000000000004,[1. 1.]
799,2.0,800,0,False,1.0,400.0,0.0,1,1,0,[1. 1.],[2 1],0.0,1,0.6,0.7,0.30000000000000004,[1. 1.]
800,0.0,801,1,False,0.0,401.0,1.0,1,0,1,[1. 1.],[2 1],0.0,1,0.6,0.7,0.30000000000000004,[1. 1.]
801,1.0,802,0,False,1.0,401.0,0.0,1,1,0,[0. 1.],[2 1],0.0,1,0.6,0.7,0.30000000000000004,[1. 1.]
802,0.0,803,1,False,0.0,402.0,1.0,1,0,1,[0. 1.],[2 1],0.0,1,0.6,0.7,0.30000000000000004,[1. 1.]
803,1.0,804,0,False,1.0,402.0,0.0,1,1,0,[1. 0.],[2 1],,1,0.6,0.7,0.30000000000000004,[1. 1.]
804,0.0,805,1,False,0.0,403.0,2.0,1,0,1,[1. 0.],[2 1],,1,0.6,0.7,0.30000000000000004,[1. 1.]
805,2.0,806,0,False,0.0,403.0,0.0,1,1,0,[0. 1.],[2 1],,1,0.6,0.7,0.30000000000000004,[1. 1.]
806,0.0,807,1,False,0.0,404.0,2.0,1,0,1,[0. 1.],[2 1],,1,0.6,0.7,0.30000000000000004,[1. 1.]
807,2.0,808,0,False,1.0,404.0,0.0,1,1,0,[1. 1.],[2 1],1.0,1,0.6,0.7,0.30000000000000004,[1. 1.]
808,0.0,809,1,False,0.0,405.0,2.0,1,0,1,[1. 1.],[2 1],1.0,1,0.6,0.7,0.30000000000000004,[1. 1.]
809,2.0,810,0,False,1.0,405.0,0.0,1,1,0,[0. 1.],[2 1],0.0,1,0.6,0.7,0.30000000000000004,[1. 1.]
810,0.0,811,1,False,0.0,406.0,1.0,1,0,1,[0. 1.],[2 1],0.0,1,0.6,0.7,0.30000000000000004,[1. 1.]
811,1.0,812,0,False,1.0,406.0,0.0,1,1,0,[0. 0.],[2 1],,1,0.6,0.7,0.30000000000000004,[1. 1.]
812,0.0,813,1,False,0.0,407.0,2.0,1,0,1,[0. 0.],[2 1],,1,0.6,0.7,0.30000000000000004,[1. 1.]
813,2.0,814,0,False,0.0,407.0,0.0,1,1,0,[0. 0.],[2 1],,1,0.6,0.7,0.30000000000000004,[1. 1.]
814,0.0,815,1,False,0.0,408.0,2.0,1,0,1,[0. 0.],[2 1],,1,0.6,0.7,0.30000000000000004,[1. 1.]
815,2.0,816,0,False,0.0,408.0,0.0,1,1,0,[1. 1.],[2 1],1.0,1,0.6,0.7,0.30000000000000004,[1. 1.]
816,0.0,817,1,False,0.0,409.0,2.0,1,0,1,[1. 1.],[2 1],1.0,1,0.6,0.7,0.30000000000000004,[1. 1.]
817,2.0,818,0,False,1.0,409.0,0.0,1,1,0,[0. 1.],[2 1],1.0,1,0.6,0.7,0.30000000000000004,[1. 1.]
818,0.0,819,1,False,0.0,410.0,2.0,1,0,1,[0. 1.],[2 1],1.0,1,0.6,0.7,0.30000000000000004,[1. 1.]
819,2.0,820,0,False,1.0,410.0,0.0,1,1,0,[1. 1.],[2 1],1.0,1,0.6,0.7,0.30000000000000004,[1. 1.]
820,0.0,821,1,False,0.0,411.0,2.0,1,0,1,[1. 1.],[2 1],1.0,1,0.6,0.7,0.30000000000000004,[1. 1.]
821,2.0,822,0,False,1.0,411.0,0.0,1,1,0,[1. 1.],[2 1],0.0,1,0.6,0.7,0.30000000000000004,[1. 1.]
822,0.0,823,1,False,0.0,412.0,1.0,1,0,1,[1. 1.],[2 1],0.0,1,0.6,0.7,0.30000000000000004,[1. 1.]
823,1.0,824,0,False,1.0,412.0,0.0,1,1,0,[0. 1.],[2 1],1.0,1,0.6,0.7,0.30000000000000004,[1. 1.]
824,0.0,825,1,False,0.0,413.0,2.0,1,0,1,[0. 1.],[2 1],1.0,1,0.6,0.7,0.30000000000000004,[1. 1.]
825,2.0,826,0,False,1.0,413.0,0.0,1,1,0,[1. 1.],[2 1],,1,0.6,0.7,0.30000000000000004,[1. 1.]
826,0.0,827,1,False,0.0,414.0,2.0,1,0,1,[1. 1.],[2 1],,1,0.6,0.7,0.30000000000000004,[1. 1.]
827,2.0,828,0,False,1.0,414.0,0.0,1,1,0,[0. 1.],[2 1],0.0,1,0.6,0.7,0.30000000000000004,[1. 1.]
828,0.0,829,1,False,0.0,415.0,1.0,1,0,1,[0. 1.],[2 1],0.0,1,0.6,0.7,0.30000000000000004,[1. 1.]
829,1.0,830,0,False,1.0,415.0,0.0,1,1,0,[0. 1.],[2 1],0.0,1,0.6,0.7,0.30000000000000004,[1. 1.]
830,0.0,831,1,False,0.0,416.0,1.0,1,0,1,[0. 1.],[2 1],0.0,1,0.6,0.7,0.30000000000000004,[1. 1.]
831,1.0,832,0,False,1.0,416.0,0.0,1,1,0,[1. 1.],[2 1],1.0,1,0.6,0.7,0.30000000000000004,[1. 1.]
832,0.0,833,1,False,0.0,417.0,2.0,1,0,1,[1. 1.],[2 1],1.0,1,0.6,0.7,0.30000000000000004,[1. 1.]
833,2.0,834,0,False,1.0,417.0,0.0,1,1,0,[0. 0.],[2 1],1.0,1,0.6,0.7,0.30000000000000004,[1. 1.]
834,0.0,835,1,False,0.0,418.0,2.0,1,0,1,[0. 0.],[2 1],1.0,1,0.6,0.7,0.30000000000000004,[1. 1.]
835,2.0,836,0,False,0.0,418.0,0.0,1,1,0,[1. 1.],[2 1],0.0,1,0.6,0.7,0.30000000000000004,[1. 1.]
836,0.0,837,1,False,0.0,419.0,1.0,1,0,1,[1. 1.],[2 1],0.0,1,0.6,0.7,0.30000000000000004,[1. 1.]
837,1.0,838,0,False,1.0,419.0,0.0,1,1,0,[0. 0.],[2 1],,1,0.6,0.7,0.30000000000000004,[1. 1.]
838,0.0,839,1,False,0.0,420.0,2.0,1,0,1,[0. 0.],[2 1],,1,0.6,0.7,0.30000000000000004,[1. 1.]
839,2.0,840,0,False,0.0,420.0,0.0,1,1,0,[0. 1.],[2 1],,1,0.6,0.7,0.30000000000000004,[1. 1.]
840,0.0,841,1,False,0.0,421.0,2.0,1,0,1,[0. 1.],[2 1],,1,0.6,0.7,0.30000000000000004,[1. 1.]
841,2.0,842,0,False,1.0,421.0,0.0,1,1,0,[1. 0.],[2 1],0.0,1,0.6,0.7,0.30000000000000004,[1. 1.]
842,0.0,843,1,False,0.0,422.0,1.0,1,0,1,[1. 0.],[2 1],0.0,1,0.6,0.7,0.30000000000000004,[1. 1.]
843,1.0,844,0,False,0.0,422.0,0.0,1,1,0,[0. 0.],[2 1],1.0,1,0.6,0.7,0.30000000000000004,[1. 1.]
844,0.0,845,1,False,0.0,423.0,2.0,1,0,1,[0. 0.],[2 1],1.0,1,0.6,0.7,0.30000000000000004,[1. 1.]
845,2.0,846,0,False,0.0,423.0,0.0,1,1,0,[0. 1.],[2 1],0.0,1,0.6,0.7,0.30000000000000004,[1. 1.]
846,0.0,847,1,False,0.0,424.0,1.0,1,0,1,[0. 1.],[2 1],0.0,1,0.6,0.7,0.30000000000000004,[1. 1.]
847,1.0,848,0,False,1.0,424.0,0.0,1,1,0,[0. 1.],[2 1],,1,0.6,0.7,0.30000000000000004,[1. 1.]
848,0.0,849,1,False,0.0,425.0,2.0,1,0,1,[0. 1.],[2 1],,1,0.6,0.7,0.30000000000000004,[1. 1.]
849,2.0,850,0,False,1.0,425.0,0.0,1,1,0,[0. 1.],[2 1],0.0,1,0.6,0.7,0.30000000000000004,[1. 1.]
850,0.0,851,1,False,0.0,426.0,1.0,1,0,1,[0. 1.],[2 1],0.0,1,0.6,0.7,0.30000000000000004,[1. 1.]
851,1.0,852,0,False,1.0,426.0,0.0,1,1,0,[0. 0.],[2 1],,1,0.6,0.7,0.30000000000000004,[1. 1.]
852,0.0,853,1,False,0.0,427.0,2.0,1,0,1,[0. 0.],[2 1],,1,0.6,0.7,0.30000000000000004,[1. 1.]
853,2.0,854,0,False,0.0,427.0,0.0,1,1,0,[0. 0.],[2 1],1.0,1,0.6,0.7,0.30000000000000004,[1. 1.]
854,0.0,855,1,False,0.0,428.0,2.0,1,0,1,[0. 0.],[2 1],1.0,1,0.6,0.7,0.30000000000000004,[1. 1.]
855,2.0,856,0,False,0.0,428.0,0.0,1,1,0,[0. 0.],[2 1],1.0,1,0.6,0.7,0.30000000000000004,[1. 1.]
856,0.0,857,1,False,0.0,429.0,2.0,1,0,1,[0. 0.],[2 1],1.0,1,0.6,0.7,0.30000000000000004,[1. 1.]
857,2.0,858,0,False,0.0,429.0,0.0,1,1,0,[0. 1.],[2 1],0.0,1,0.6,0.7,0.30000000000000004,[1. 1.]
858,0.0,859,1,False,0.0,430.0,1.0,1,0,1,[0. 1.],[2 1],0.0,1,0.6,0.7,0.30000000000000004,[1. 1.]
859,1.0,860,0,False,1.0,430.0,0.0,1,1,0,[0. 1.],[2 1],,1,0.6,0.7,0.30000000000000004,[1. 1.]
860,0.0,861,1,False,0.0,431.0,2.0,1,0,1,[0. 1.],[2 1],,1,0.6,0.7,0.30000000000000004,[1. 1.]
861,2.0,862,0,False,1.0,431.0,0.0,1,1,0,[1. 1.],[2 1],,1,0.6,0.7,0.30000000000000004,[1. 1.]
862,0.0,863,1,False,0.0,432.0,2.0,1,0,1,[1. 1.],[2 1],,1,0.6,0.7,0.30000000000000004,[1. 1.]
863,2.0,864,0,False,1.0,432.0,0.0,1,1,0,[0. 1.],[1 2],0.0,1,0.6,0.7,0.30000000000000004,[1. 1.]
864,0.0,865,1,False,0.0,433.0,1.0,1,0,1,[0. 1.],[1 2],0.0,1,0.6,0.7,0.30000000000000004,[1. 1.]
865,1.0,866,0,False,0.0,433.0,0.0,1,1,0,[0. 0.],[1 2],,1,0.6,0.7,0.30000000000000004,[1. 1.]
866,0.0,867,1,False,0.0,434.0,1.0,1,0,1,[0. 0.],[1 2],,1,0.6,0.7,0.30000000000000004,[1. 1.]
867,1.0,868,0,False,0.0,434.0,0.0,1,1,0,[1. 1.],[1 2],0.0,1,0.6,0.7,0.30000000000000004,[1. 1.]
868,0.0,869,1,False,0.0,435.0,1.0,1,0,2,[1. 1.],[1 2],0.0,1,0.6,0.7,0.30000000000000004,[1. 1.]
869,1.0,870,0,False,1.0,435.0,0.0,1,1,0,[0. 1.],[1 2],1.0,1,0.6,0.7,0.30000000000000004,[1. 1.]
870,0.0,871,1,False,0.0,436.0,2.0,1,0,2,[0. 1.],[1 2],1.0,1,0.6,0.7,0.30000000000000004,[1. 1.]
871,2.0,872,0,False,1.0,436.0,0.0,1,1,0,[0. 1.],[1 2],,1,0.6,0.7,0.30000000000000004,[1. 1.]
872,0.0,873,1,False,0.0,437.0,2.0,1,0,2,[0. 1.],[1 2],,1,0.6,0.7,0.30000000000000004,[1. 1.]
873,2.0,874,0,False,1.0,437.0,0.0,1,1,0,[0. 1.],[1 2],,1,0.6,0.7,0.30000000000000004,[1. 1.]
874,0.0,875,1,False,0.0,438.0,2.0,1,0,2,[0. 1.],[1 2],,1,0.6,0.7,0.30000000000000004,[1. 1.]
875,2.0,876,0,False,1.0,438.0,0.0,1,1,0,[0. 1.],[1 2],1.0,1,0.6,0.7,0.30000000000000004,[1. 1.]
876,0.0,877,1,False,0.0,439.0,2.0,1,0,2,[0. 1.],[1 2],1.0,1,0.6,0.7,0.30000000000000004,[1. 1.]
877,2.0,878,0,False,1.0,439.0,0.0,1,1,0,[1. 1.],[1 2],0.0,1,0.6,0.7,0.30000000000000004,[1. 1.]
878,0.0,879,1,False,0.0,440.0,1.0,1,0,2,[1. 1.],[1 2],0.0,1,0.6,0.7,0.30000000000000004,[1. 1.]
879,1.0,880,0,False,1.0,440.0,0.0,1,1,0,[1. 1.],[1 2],,1,0.6,0.7,0.30000000000000004,[1. 1.]
880,0.0,881,1,False,0.0,441.0,2.0,1,0,2,[1. 1.],[1 2],,1,0.6,0.7,0.30000000000000004,[1. 1.]
881,2.0,882,0,False,1.0,441.0,0.0,1,1,0,[1. 1.],[1 2],0.0,1,0.6,0.7,0.30000000000000004,[1. 1.]
882,0.0,883,1,False,0.0,442.0,1.0,1,0,2,[1. 1.],[1 2],0.0,1,0.6,0.7,0.30000000000000004,[1. 1.]
883,1.0,884,0,False,1.0,442.0,0.0,1,1,0,[0. 1.],[1 2],,1,0.6,0.7,0.30000000000000004,[1. 1.]
884,0.0,885,1,False,0.0,443.0,2.0,1,0,2,[0. 1.],[1 2],,1,0.6,0.7,0.30000000000000004,[1. 1.]
885,2.0,886,0,False,1.0,443.0,0.0,1,1,0,[1. 1.],[1 2],,1,0.6,0.7,0.30000000000000004,[1. 1.]
886,0.0,887,1,False,0.0,444.0,2.0,1,0,2,[1. 1.],[1 2],,1,0.6,0.7,0.30000000000000004,[1. 1.]
887,2.0,888,0,False,1.0,444.0,0.0,1,1,0,[0. 1.],[1 2],1.0,1,0.6,0.7,0.30000000000000004,[1. 1.]
888,0.0,889,1,False,0.0,445.0,2.0,1,0,2,[0. 1.],[1 2],1.0,1,0.6,0.7,0.30000000000000004,[1. 1.]
889,2.0,890,0,False,1.0,445.0,0.0,1,1,0,[0. 1.],[1 2],1.0,1,0.6,0.7,0.30000000000000004,[1. 1.]
890,0.0,891,1,False,0.0,446.0,2.0,1,0,2,[0. 1.],[1 2],1.0,1,0.6,0.7,0.30000000000000004,[1. 1.]
891,2.0,892,0,False,1.0,446.0,0.0,1,1,0,[0. 0.],[1 2],1.0,1,0.6,0.7,0.30000000000000004,[1. 1.]
892,0.0,893,1,False,0.0,447.0,2.0,1,0,2,[0. 0.],[1 2],1.0,1,0.6,0.7,0.30000000000000004,[1. 1.]
893,2.0,894,0,False,0.0,447.0,0.0,1,1,0,[0. 1.],[1 2],,1,0.6,0.7,0.30000000000000004,[1. 1.]
894,0.0,895,1,False,0.0,448.0,2.0,1,0,2,[0. 1.],[1 2],,1,0.6,0.7,0.30000000000000004,[1. 1.]
895,2.0,896,0,False,1.0,448.0,0.0,1,1,0,[0. 1.],[1 2],,1,0.6,0.7,0.30000000000000004,[1. 1.]
896,0.0,897,1,False,0.0,449.0,2.0,1,0,2,[0. 1.],[1 2],,1,0.6,0.7,0.30000000000000004,[1. 1.]
897,2.0,898,0,False,1.0,449.0,0.0,1,1,0,[1. 1.],[1 2],1.0,1,0.6,0.7,0.30000000000000004,[1. 1.]
898,0.0,899,1,False,0.0,450.0,2.0,1,0,2,[1. 1.],[1 2],1.0,1,0.6,0.7,0.30000000000000004,[1. 1.]
899,2.0,900,0,False,1.0,450.0,0.0,1,1,0,[0. 1.],[1 2],1.0,1,0.6,0.7,0.30000000000000004,[1. 1.]
900,0.0,901,1,False,0.0,451.0,2.0,1,0,2,[0. 1.],[1 2],1.0,1,0.6,0.7,0.30000000000000004,[1. 1.]
901,2.0,902,0,False,1.0,451.0,0.0,1,1,0,[0. 1.],[2 1],,1,0.6,0.7,0.30000000000000004,[1. 1.]
902,0.0,903,1,False,0.0,452.0,1.0,1,0,2,[0. 1.],[2 1],,1,0.6,0.7,0.30000000000000004,[1. 1.]
903,1.0,904,0,False,0.0,452.0,0.0,1,1,0,[1. 1.],[2 1],1.0,1,0.6,0.7,0.30000000000000004,[1. 1.]
904,0.0,905,1,False,0.0,453.0,2.0,1,0,2,[1. 1.],[2 1],1.0,1,0.6,0.7,0.30000000000000004,[1. 1.]
905,2.0,906,0,False,1.0,453.0,0.0,1,1,0,[0. 1.],[2 1],0.0,1,0.6,0.7,0.30000000000000004,[1. 1.]
906,0.0,907,1,False,0.0,454.0,1.0,1,0,2,[0. 1.],[2 1],0.0,1,0.6,0.7,0.30000000000000004,[1. 1.]
907,1.0,908,0,False,0.0,454.0,0.0,1,1,0,[1. 0.],[2 1],1.0,1,0.6,0.7,0.30000000000000004,[1. 1.]
908,0.0,909,1,False,0.0,455.0,2.0,1,0,2,[1. 0.],[2 1],1.0,1,0.6,0.7,0.30000000000000004,[1. 1.]
909,2.0,910,0,False,1.0,455.0,0.0,1,1,0,[0. 0.],[2 1],,1,0.6,0.7,0.30000000000000004,[1. 1.]
910,0.0,911,1,False,0.0,456.0,1.0,1,0,2,[0. 0.],[2 1],,1,0.6,0.7,0.30000000000000004,[1. 1.]
911,1.0,912,0,False,0.0,456.0,0.0,1,1,0,[1. 1.],[2 1],1.0,1,0.6,0.7,0.30000000000000004,[1. 1.]
912,0.0,913,1,False,0.0,457.0,2.0,1,0,2,[1. 1.],[2 1],1.0,1,0.6,0.7,0.30000000000000004,[1. 1.]
913,2.0,914,0,False,1.0,457.0,0.0,1,1,0,[0. 1.],[2 1],1.0,1,0.6,0.7,0.30000000000000004,[1. 1.]
914,0.0,915,1,False,0.0,458.0,2.0,1,0,2,[0. 1.],[2 1],1.0,1,0.6,0.7,0.30000000000000004,[1. 1.]
915,2.0,916,0,False,0.0,458.0,0.0,1,1,0,[0. 1.],[2 1],0.0,1,0.6,0.7,0.30000000000000004,[1. 1.]
916,0.0,917,1,False,0.0,459.0,1.0,1,0,2,[0. 1.],[2 1],0.0,1,0.6,0.7,0.30000000000000004,[1. 1.]
917,1.0,918,0,False,0.0,459.0,0.0,1,1,0,[0. 0.],[2 1],,1,0.6,0.7,0.30000000000000004,[1. 1.]
918,0.0,919,1,False,0.0,460.0,1.0,1,0,2,[0. 0.],[2 1],,1,0.6,0.7,0.30000000000000004,[1. 1.]
919,1.0,920,0,False,0.0,460.0,0.0,1,1,0,[1. 0.],[2 1],0.0,1,0.6,0.7,0.30000000000000004,[1. 1.]
920,0.0,921,1,False,0.0,461.0,1.0,1,0,1,[1. 0.],[2 1],0.0,1,0.6,0.7,0.30000000000000004,[1. 1.]
921,1.0,922,0,False,0.0,461.0,0.0,1,1,0,[1. 1.],[2 1],0.0,1,0.6,0.7,0.30000000000000004,[1. 1.]
922,0.0,923,1,False,0.0,462.0,1.0,1,0,2,[1. 1.],[2 1],0.0,1,0.6,0.7,0.30000000000000004,[1. 1.]
923,1.0,924,0,False,1.0,462.0,0.0,1,1,0,[1. 1.],[2 1],,1,0.6,0.7,0.30000000000000004,[1. 1.]
924,0.0,925,1,False,0.0,463.0,1.0,1,0,2,[1. 1.],[2 1],,1,0.6,0.7,0.30000000000000004,[1. 1.]
925,1.0,926,0,False,1.0,463.0,0.0,1,1,0,[0. 1.],[2 1],,1,0.6,0.7,0.30000000000000004,[1. 1.]
926,0.0,927,1,False,0.0,464.0,1.0,1,0,2,[0. 1.],[2 1],,1,0.6,0.7,0.30000000000000004,[1. 1.]
927,1.0,928,0,False,0.0,464.0,0.0,1,1,0,[1. 1.],[2 1],,1,0.6,0.7,0.30000000000000004,[1. 1.]
928,0.0,929,1,False,0.0,465.0,1.0,1,0,2,[1. 1.],[2 1],,1,0.6,0.7,0.30000000000000004,[1. 1.]
929,1.0,930,0,False,1.0,465.0,0.0,1,1,0,[0. 1.],[2 1],0.0,1,0.6,0.7,0.30000000000000004,[1. 1.]
930,0.0,931,1,False,0.0,466.0,1.0,1,0,2,[0. 1.],[2 1],0.0,1,0.6,0.7,0.30000000000000004,[1. 1.]
931,1.0,932,0,False,0.0,466.0,0.0,1,1,0,[0. 1.],[2 1],,1,0.6,0.7,0.30000000000000004,[1. 1.]
932,0.0,933,1,False,0.0,467.0,1.0,1,0,2,[0. 1.],[2 1],,1,0.6,0.7,0.30000000000000004,[1. 1.]
933,1.0,934,0,False,0.0,467.0,0.0,1,1,0,[1. 1.],[2 1],,1,0.6,0.7,0.30000000000000004,[1. 1.]
934,0.0,935,1,False,0.0,468.0,2.0,1,0,1,[1. 1.],[2 1],,1,0.6,0.7,0.30000000000000004,[1. 1.]
935,2.0,936,0,False,1.0,468.0,0.0,1,1,0,[1. 1.],[2 1],0.0,1,0.6,0.7,0.30000000000000004,[1. 1.]
936,0.0,937,1,False,0.0,469.0,1.0,1,0,1,[1. 1.],[2 1],0.0,1,0.6,0.7,0.30000000000000004,[1. 1.]
937,1.0,938,0,False,1.0,469.0,0.0,1,1,0,[1. 1.],[2 1],0.0,1,0.6,0.7,0.30000000000000004,[1. 1.]
938,0.0,939,1,False,0.0,470.0,1.0,1,0,1,[1. 1.],[2 1],0.0,1,0.6,0.7,0.30000000000000004,[1. 1.]
939,1.0,940,0,False,1.0,470.0,0.0,1,1,0,[0. 1.],[2 1],1.0,1,0.6,0.7,0.30000000000000004,[1. 1.]
940,0.0,941,1,False,0.0,471.0,2.0,1,0,1,[0. 1.],[2 1],1.0,1,0.6,0.7,0.30000000000000004,[1. 1.]
941,2.0,942,0,False,1.0,471.0,0.0,1,1,0,[0. 1.],[2 1],,1,0.6,0.7,0.30000000000000004,[1. 1.]
942,0.0,943,1,False,0.0,472.0,2.0,1,0,1,[0. 1.],[2 1],,1,0.6,0.7,0.30000000000000004,[1. 1.]
943,2.0,944,0,False,1.0,472.0,0.0,1,1,0,[1. 0.],[2 1],,1,0.6,0.7,0.30000000000000004,[1. 1.]
944,0.0,945,1,False,0.0,473.0,2.0,1,0,1,[1. 0.],[2 1],,1,0.6,0.7,0.30000000000000004,[1. 1.]
945,2.0,946,0,False,0.0,473.0,0.0,1,1,0,[0. 1.],[2 1],1.0,1,0.6,0.7,0.30000000000000004,[1. 1.]
946,0.0,947,1,False,0.0,474.0,2.0,1,0,1,[0. 1.],[2 1],1.0,1,0.6,0.7,0.30000000000000004,[1. 1.]
947,2.0,948,0,False,1.0,474.0,0.0,1,1,0,[0. 1.],[2 1],1.0,1,0.6,0.7,0.30000000000000004,[1. 1.]
948,0.0,949,1,False,0.0,475.0,2.0,1,0,1,[0. 1.],[2 1],1.0,1,0.6,0.7,0.30000000000000004,[1. 1.]
949,2.0,950,0,False,1.0,475.0,0.0,1,1,0,[0. 1.],[2 1],,1,0.6,0.7,0.30000000000000004,[1. 1.]
950,0.0,951,1,False,0.0,476.0,2.0,1,0,1,[0. 1.],[2 1],,1,0.6,0.7,0.30000000000000004,[1. 1.]
951,2.0,952,0,False,1.0,476.0,0.0,1,1,0,[0. 1.],[2 1],,1,0.6,0.7,0.30000000000000004,[1. 1.]
952,0.0,953,1,False,0.0,477.0,2.0,1,0,1,[0. 1.],[2 1],,1,0.6,0.7,0.30000000000000004,[1. 1.]
953,2.0,954,0,False,1.0,477.0,0.0,1,1,0,[1. 0.],[2 1],1.0,1,0.6,0.7,0.30000000000000004,[1. 1.]
954,0.0,955,1,False,0.0,478.0,2.0,1,0,1,[1. 0.],[2 1],1.0,1,0.6,0.7,0.30000000000000004,[1. 1.]
955,2.0,956,0,False,0.0,478.0,0.0,1,1,0,[0. 1.],[2 1],,1,0.6,0.7,0.30000000000000004,[1. 1.]
956,0.0,957,1,False,0.0,479.0,2.0,1,0,1,[0. 1.],[2 1],,1,0.6,0.7,0.30000000000000004,[1. 1.]
957,2.0,958,0,False,1.0,479.0,0.0,1,1,0,[1. 1.],[1 2],,1,0.6,0.7,0.30000000000000004,[1. 1.]
958,0.0,959,1,False,0.0,480.0,1.0,1,0,1,[1. 1.],[1 2],,1,0.6,0.7,0.30000000000000004,[1. 1.]
959,1.0,960,0,False,1.0,480.0,0.0,1,1,0,[1. 1.],[1 2],,1,0.6,0.7,0.30000000000000004,[1. 1.]
960,0.0,961,1,False,0.0,481.0,1.0,1,0,1,[1. 1.],[1 2],,1,0.6,0.7,0.30000000000000004,[1. 1.]
961,1.0,962,0,False,1.0,481.0,0.0,1,1,0,[0. 1.],[1 2],1.0,1,0.6,0.7,0.30000000000000004,[1. 1.]
962,0.0,963,1,False,0.0,482.0,2.0,1,0,1,[0. 1.],[1 2],1.0,1,0.6,0.7,0.30000000000000004,[1. 1.]
963,2.0,964,0,False,0.0,482.0,0.0,1,1,0,[1. 1.],[1 2],,1,0.6,0.7,0.30000000000000004,[1. 1.]
964,0.0,965,1,False,0.0,483.0,1.0,1,0,1,[1. 1.],[1 2],,1,0.6,0.7,0.30000000000000004,[1. 1.]
965,1.0,966,0,False,1.0,483.0,0.0,1,1,0,[1. 1.],[1 2],1.0,1,0.6,0.7,0.30000000000000004,[1. 1.]
966,0.0,967,1,False,0.0,484.0,2.0,1,0,1,[1. 1.],[1 2],1.0,1,0.6,0.7,0.30000000000000004,[1. 1.]
967,2.0,968,0,False,1.0,484.0,0.0,1,1,0,[0. 1.],[1 2],,1,0.6,0.7,0.30000000000000004,[1. 1.]
968,0.0,969,1,False,0.0,485.0,1.0,1,0,1,[0. 1.],[1 2],,1,0.6,0.7,0.30000000000000004,[1. 1.]
969,1.0,970,0,False,0.0,485.0,0.0,1,1,0,[0. 1.],[1 2],0.0,1,0.6,0.7,0.30000000000000004,[1. 1.]
970,0.0,971,1,False,0.0,486.0,1.0,1,0,1,[0. 1.],[1 2],0.0,1,0.6,0.7,0.30000000000000004,[1. 1.]
971,1.0,972,0,False,0.0,486.0,0.0,1,1,0,[0. 1.],[1 2],,1,0.6,0.7,0.30000000000000004,[1. 1.]
972,0.0,973,1,False,0.0,487.0,2.0,1,0,2,[0. 1.],[1 2],,1,0.6,0.7,0.30000000000000004,[1. 1.]
973,2.0,974,0,False,1.0,487.0,0.0,1,1,0,[0. 0.],[1 2],0.0,1,0.6,0.7,0.30000000000000004,[1. 1.]
974,0.0,975,1,False,0.0,488.0,1.0,1,0,2,[0. 0.],[1 2],0.0,1,0.6,0.7,0.30000000000000004,[1. 1.]
975,1.0,976,0,False,0.0,488.0,0.0,1,1,0,[0. 1.],[1 2],0.0,1,0.6,0.7,0.30000000000000004,[1. 1.]
976,0.0,977,1,False,0.0,489.0,1.0,1,0,2,[0. 1.],[1 2],0.0,1,0.6,0.7,0.30000000000000004,[1. 1.]
977,1.0,978,0,False,1.0,489.0,0.0,1,1,0,[0. 1.],[1 2],1.0,1,0.6,0.7,0.30000000000000004,[1. 1.]
978,0.0,979,1,False,0.0,490.0,2.0,1,0,2,[0. 1.],[1 2],1.0,1,0.6,0.7,0.30000000000000004,[1. 1.]
979,2.0,980,0,False,1.0,490.0,0.0,1,1,0,[0. 1.],[1 2],1.0,1,0.6,0.7,0.30000000000000004,[1. 1.]
980,0.0,981,1,False,0.0,491.0,2.0,1,0,2,[0. 1.],[1 2],1.0,1,0.6,0.7,0.30000000000000004,[1. 1.]
981,2.0,982,0,False,1.0,491.0,0.0,1,1,0,[0. 0.],[1 2],,1,0.6,0.7,0.30000000000000004,[1. 1.]
982,0.0,983,1,False,0.0,492.0,2.0,1,0,2,[0. 0.],[1 2],,1,0.6,0.7,0.30000000000000004,[1. 1.]
983,2.0,984,0,False,0.0,492.0,0.0,1,1,0,[1. 0.],[1 2],0.0,1,0.6,0.7,0.30000000000000004,[1. 1.]
984,0.0,985,1,False,0.0,493.0,1.0,1,0,2,[1. 0.],[1 2],0.0,1,0.6,0.7,0.30000000000000004,[1. 1.]
985,1.0,986,0,False,0.0,493.0,0.0,1,1,0,[1. 0.],[1 2],,1,0.6,0.7,0.30000000000000004,[1. 1.]
986,0.0,987,1,False,0.0,494.0,2.0,1,0,2,[1. 0.],[1 2],,1,0.6,0.7,0.30000000000000004,[1. 1.]
987,2.0,988,0,False,0.0,494.0,0.0,1,1,0,[1. 1.],[1 2],1.0,1,0.6,0.7,0.30000000000000004,[1. 1.]
988,0.0,989,1,False,0.0,495.0,2.0,1,0,2,[1. 1.],[1 2],1.0,1,0.6,0.7,0.30000000000000004,[1. 1.]
989,2.0,990,0,False,1.0,495.0,0.0,1,1,0,[1. 1.],[1 2],0.0,1,0.6,0.7,0.30000000000000004,[1. 1.]
990,0.0,991,1,False,0.0,496.0,1.0,1,0,2,[1. 1.],[1 2],0.0,1,0.6,0.7,0.30000000000000004,[1. 1.]
991,1.0,992,0,False,1.0,496.0,0.0,1,1,0,[0. 0.],[1 2],0.0,1,0.6,0.7,0.30000000000000004,[1. 1.]
992,0.0,993,1,False,0.0,497.0,1.0,1,0,2,[0. 0.],[1 2],0.0,1,0.6,0.7,0.30000000000000004,[1. 1.]
993,1.0,994,0,False,0.0,497.0,0.0,1,1,0,[1. 0.],[1 2],1.0,1,0.6,0.7,0.30000000000000004,[1. 1.]
994,0.0,995,1,False,0.0,498.0,2.0,1,0,2,[1. 0.],[1 2],1.0,1,0.6,0.7,0.30000000000000004,[1. 1.]
995,2.0,996,0,False,0.0,498.0,0.0,1,1,0,[0. 1.],[1 2],0.0,1,0.6,0.7,0.30000000000000004,[1. 1.]
996,0.0,997,1,False,0.0,499.0,1.0,1,0,2,[0. 1.],[1 2],0.0,1,0.6,0.7,0.30000000000000004,[1. 1.]
997,1.0,998,0,False,1.0,499.0,0.0,1,1,0,[0. 1.],[1 2],,1,0.6,0.7,0.30000000000000004,[1. 1.]
998,0.0,999,1,False,0.0,500.0,2.0,1,0,2,[0. 1.],[1 2],,1,0.6,0.7,0.30000000000000004,[1. 1.]
999,2.0,1000,0,False,1.0,500.0,0.0,1,1,0,[1. 0.],[1 2],,1,0.6,0.7,0.30000000000000004,[1. 1.]
1000,0.0,1001,1,False,0.0,501.0,2.0,1,0,2,[1. 0.],[1 2],,1,0.6,0.7,0.30000000000000004,[1. 1.]
1001,2.0,1002,0,False,0.0,501.0,0.0,1,1,0,[1. 1.],[1 2],0.0,1,0.6,0.7,0.30000000000000004,[1. 1.]
1002,0.0,1003,1,False,0.0,502.0,1.0,1,0,2,[1. 1.],[1 2],0.0,1,0.6,0.7,0.30000000000000004,[1. 1.]
1003,1.0,1004,0,False,1.0,502.0,0.0,1,1,0,[0. 0.],[1 2],,1,0.6,0.7,0.30000000000000004,[1. 1.]
1004,0.0,1005,1,False,0.0,503.0,2.0,1,0,2,[0. 0.],[1 2],,1,0.6,0.7,0.30000000000000004,[1. 1.]
1005,2.0,1006,0,False,0.0,503.0,0.0,1,1,0,[0. 1.],[1 2],,1,0.6,0.7,0.30000000000000004,[1. 1.]
1006,0.0,1007,1,False,0.0,504.0,2.0,1,0,2,[0. 1.],[1 2],,1,0.6,0.7,0.30000000000000004,[1. 1.]
1007,2.0,1008,0,False,1.0,504.0,0.0,1,1,0,[0. 1.],[1 2],1.0,1,0.6,0.7,0.30000000000000004,[1. 1.]
1008,0.0,1009,1,False,0.0,505.0,2.0,1,0,2,[0. 1.],[1 2],1.0,1,0.6,0.7,0.30000000000000004,[1. 1.]
1009,2.0,1010,0,False,1.0,505.0,0.0,1,1,0,[0. 0.],[1 2],,1,0.6,0.7,0.30000000000000004,[1. 1.]
1010,0.0,1011,1,False,0.0,506.0,2.0,1,0,2,[0. 0.],[1 2],,1,0.6,0.7,0.30000000000000004,[1. 1.]
1011,2.0,1012,0,False,0.0,506.0,0.0,1,1,0,[0. 1.],[1 2],,1,0.6,0.7,0.30000000000000004,[1. 1.]
1012,0.0,1013,1,False,0.0,507.0,2.0,1,0,2,[0. 1.],[1 2],,1,0.6,0.7,0.30000000000000004,[1. 1.]
1013,2.0,1014,0,False,1.0,507.0,0.0,1,1,0,[0. 1.],[1 2],,1,0.6,0.7,0.30000000000000004,[1. 1.]
1014,0.0,1015,1,False,0.0,508.0,2.0,1,0,2,[0. 1.],[1 2],,1,0.6,0.7,0.30000000000000004,[1. 1.]
1015,2.0,1016,0,False,1.0,508.0,0.0,1,1,0,[0. 1.],[1 2],1.0,1,0.6,0.7,0.30000000000000004,[1. 1.]
1016,0.0,1017,1,False,0.0,509.0,2.0,1,0,2,[0. 1.],[1 2],1.0,1,0.6,0.7,0.30000000000000004,[1. 1.]
1017,2.0,1018,0,False,1.0,509.0,0.0,1,1,0,[0. 1.],[1 2],1.0,1,0.6,0.7,0.30000000000000004,[1. 1.]
1018,0.0,1019,1,False,0.0,510.0,2.0,1,0,2,[0. 1.],[1 2],1.0,1,0.6,0.7,0.30000000000000004,[1. 1.]
1019,2.0,1020,0,False,1.0,510.0,0.0,1,1,0,[0. 1.],[1 2],0.0,1,0.6,0.7,0.30000000000000004,[1. 1.]
1020,0.0,1021,1,False,0.0,511.0,1.0,1,0,2,[0. 1.],[1 2],0.0,1,0.6,0.7,0.30000000000000004,[1. 1.]
1021,1.0,1022,0,False,1.0,511.0,0.0,1,1,0,[0. 1.],[1 2],1.0,1,0.6,0.7,0.30000000000000004,[1. 1.]
1022,0.0,1023,1,False,0.0,512.0,2.0,1,0,2,[0. 1.],[1 2],1.0,1,0.6,0.7,0.30000000000000004,[1. 1.]
1023,2.0,1024,0,False,1.0,512.0,0.0,1,1,0,[1. 0.],[1 2],,0,0.6,0.7,0.30000000000000004,[1. 1.]
1024,0.0,1025,1,False,0.0,513.0,2.0,1,0,2,[1. 0.],[1 2],,0,0.6,0.7,0.30000000000000004,[1. 1.]
1025,2.0,1026,0,False,0.0,513.0,0.0,1,1,0,[1. 0.],[1 2],0.0,0,0.6,0.7,0.30000000000000004,[1. 1.]
1026,0.0,1027,1,False,0.0,514.0,1.0,1,0,2,[1. 0.],[1 2],0.0,0,0.6,0.7,0.30000000000000004,[1. 1.]
1027,1.0,1028,0,False,0.0,514.0,0.0,1,1,0,[0. 1.],[1 2],1.0,0,0.6,0.7,0.30000000000000004,[1. 1.]
1028,0.0,1029,1,False,0.0,515.0,2.0,1,0,2,[0. 1.],[1 2],1.0,0,0.6,0.7,0.30000000000000004,[1. 1.]
1029,2.0,1030,0,False,1.0,515.0,0.0,1,1,0,[0. 1.],[1 2],,0,0.6,0.7,0.30000000000000004,[1. 1.]
1030,0.0,1031,1,False,0.0,516.0,2.0,1,0,2,[0. 1.],[1 2],,0,0.6,0.7,0.30000000000000004,[1. 1.]
1031,2.0,1032,0,False,1.0,516.0,0.0,1,1,0,[1. 0.],[1 2],1.0,0,0.6,0.7,0.30000000000000004,[1. 1.]
1032,0.0,1033,1,False,0.0,517.0,2.0,1,0,2,[1. 0.],[1 2],1.0,0,0.6,0.7,0.30000000000000004,[1. 1.]
1033,2.0,1034,0,False,0.0,517.0,0.0,1,1,0,[0. 1.],[1 2],1.0,1,0.6,0.7,0.30000000000000004,[1. 1.]
1034,0.0,1035,1,False,0.0,518.0,2.0,1,0,2,[0. 1.],[1 2],1.0,1,0.6,0.7,0.30000000000000004,[1. 1.]
1035,2.0,1036,0,False,1.0,518.0,0.0,1,1,0,[0. 0.],[1 2],1.0,0,0.6,0.7,0.30000000000000004,[1. 1.]
1036,0.0,1037,1,False,0.0,519.0,2.0,1,0,2,[0. 0.],[1 2],1.0,0,0.6,0.7,0.30000000000000004,[1. 1.]
1037,2.0,1038,0,False,0.0,519.0,0.0,1,1,0,[1. 0.],[1 2],1.0,0,0.6,0.7,0.30000000000000004,[1. 1.]
1038,0.0,1039,1,False,0.0,520.0,2.0,1,0,2,[1. 0.],[1 2],1.0,0,0.6,0.7,0.30000000000000004,[1. 1.]
1039,2.0,1040,0,False,0.0,520.0,0.0,1,1,0,[1. 1.],[1 2],,0,0.6,0.7,0.30000000000000004,[1. 1.]
1040,0.0,1041,1,False,0.0,521.0,2.0,1,0,2,[1. 1.],[1 2],,0,0.6,0.7,0.30000000000000004,[1. 1.]
1041,2.0,1042,0,False,1.0,521.0,0.0,1,1,0,[1. 1.],[1 2],0.0,0,0.6,0.7,0.30000000000000004,[1. 1.]
1042,0.0,1043,1,False,0.0,522.0,1.0,1,0,2,[1. 1.],[1 2],0.0,0,0.6,0.7,0.30000000000000004,[1. 1.]
1043,1.0,1044,0,False,1.0,522.0,0.0,1,1,0,[0. 0.],[1 2],,0,0.6,0.7,0.30000000000000004,[1. 1.]
1044,0.0,1045,1,False,0.0,523.0,2.0,1,0,2,[0. 0.],[1 2],,0,0.6,0.7,0.30000000000000004,[1. 1.]
1045,2.0,1046,0,False,0.0,523.0,0.0,1,1,0,[1. 0.],[1 2],1.0,0,0.6,0.7,0.30000000000000004,[1. 1.]
1046,0.0,1047,1,False,0.0,524.0,2.0,1,0,2,[1. 0.],[1 2],1.0,0,0.6,0.7,0.30000000000000004,[1. 1.]
1047,2.0,1048,0,False,0.0,524.0,0.0,1,1,0,[1. 1.],[1 2],,0,0.6,0.7,0.30000000000000004,[1. 1.]
1048,0.0,1049,1,False,0.0,525.0,2.0,1,0,2,[1. 1.],[1 2],,0,0.6,0.7,0.30000000000000004,[1. 1.]
1049,2.0,1050,0,False,1.0,525.0,0.0,1,1,0,[1. 0.],[1 2],0.0,0,0.6,0.7,0.30000000000000004,[1. 1.]
1050,0.0,1051,1,False,0.0,526.0,1.0,1,0,2,[1. 0.],[1 2],0.0,0,0.6,0.7,0.30000000000000004,[1. 1.]
1051,1.0,1052,0,False,0.0,526.0,0.0,1,1,0,[0. 0.],[1 2],1.0,0,0.6,0.7,0.30000000000000004,[1. 1.]
1052,0.0,1053,1,False,0.0,527.0,2.0,1,0,2,[0. 0.],[1 2],1.0,0,0.6,0.7,0.30000000000000004,[1. 1.]
1053,2.0,1054,0,False,0.0,527.0,0.0,1,1,0,[1. 1.],[1 2],1.0,0,0.6,0.7,0.30000000000000004,[1. 1.]
1054,0.0,1055,1,False,0.0,528.0,2.0,1,0,2,[1. 1.],[1 2],1.0,0,0.6,0.7,0.30000000000000004,[1. 1.]
1055,2.0,1056,0,False,1.0,528.0,0.0,1,1,0,[0. 1.],[1 2],1.0,0,0.6,0.7,0.30000000000000004,[1. 1.]
1056,0.0,1057,1,False,0.0,529.0,2.0,1,0,2,[0. 1.],[1 2],1.0,0,0.6,0.7,0.30000000000000004,[1. 1.]
1057,2.0,1058,0,False,1.0,529.0,0.0,1,1,0,[1. 1.],[1 2],1.0,0,0.6,0.7,0.30000000000000004,[1. 1.]
1058,0.0,1059,1,False,0.0,530.0,2.0,1,0,2,[1. 1.],[1 2],1.0,0,0.6,0.7,0.30000000000000004,[1. 1.]
1059,2.0,1060,0,False,1.0,530.0,0.0,1,1,0,[1. 1.],[1 2],,0,0.6,0.7,0.30000000000000004,[1. 1.]
1060,0.0,1061,1,False,0.0,531.0,2.0,1,0,2,[1. 1.],[1 2],,0,0.6,0.7,0.30000000000000004,[1. 1.]
1061,2.0,1062,0,False,1.0,531.0,0.0,1,1,0,[1. 0.],[1 2],0.0,0,0.6,0.7,0.30000000000000004,[1. 1.]
1062,0.0,1063,1,False,0.0,532.0,1.0,1,0,2,[1. 0.],[1 2],0.0,0,0.6,0.7,0.30000000000000004,[1. 1.]
1063,1.0,1064,0,False,0.0,532.0,0.0,1,1,0,[1. 0.],[1 2],0.0,0,0.6,0.7,0.30000000000000004,[1. 1.]
1064,0.0,1065,1,False,0.0,533.0,1.0,1,0,2,[1. 0.],[1 2],0.0,0,0.6,0.7,0.30000000000000004,[1. 1.]
1065,1.0,1066,0,False,0.0,533.0,0.0,1,1,0,[1. 1.],[1 2],1.0,0,0.6,0.7,0.30000000000000004,[1. 1.]
1066,0.0,1067,1,False,0.0,534.0,2.0,1,0,2,[1. 1.],[1 2],1.0,0,0.6,0.7,0.30000000000000004,[1. 1.]
1067,2.0,1068,0,False,1.0,534.0,0.0,1,1,0,[1. 0.],[1 2],0.0,0,0.6,0.7,0.30000000000000004,[1. 1.]
1068,0.0,1069,1,False,0.0,535.0,1.0,1,0,2,[1. 0.],[1 2],0.0,0,0.6,0.7,0.30000000000000004,[1. 1.]
1069,1.0,1070,0,False,0.0,535.0,0.0,1,1,0,[1. 0.],[1 2],0.0,0,0.6,0.7,0.30000000000000004,[1. 1.]
1070,0.0,1071,1,False,0.0,536.0,1.0,1,0,2,[1. 0.],[1 2],0.0,0,0.6,0.7,0.30000000000000004,[1. 1.]
1071,1.0,1072,0,False,0.0,536.0,0.0,1,1,0,[1. 0.],[1 2],,0,0.6,0.7,0.30000000000000004,[1. 1.]
1072,0.0,1073,1,False,0.0,537.0,1.0,1,0,1,[1. 0.],[1 2],,0,0.6,0.7,0.30000000000000004,[1. 1.]
1073,1.0,1074,0,False,1.0,537.0,0.0,1,1,0,[1. 1.],[1 2],,0,0.6,0.7,0.30000000000000004,[1. 1.]
1074,0.0,1075,1,False,0.0,538.0,1.0,1,0,1,[1. 1.],[1 2],,0,0.6,0.7,0.30000000000000004,[1. 1.]
1075,1.0,1076,0,False,1.0,538.0,0.0,1,1,0,[0. 1.],[1 2],,0,0.6,0.7,0.30000000000000004,[1. 1.]
1076,0.0,1077,1,False,0.0,539.0,1.0,1,0,1,[0. 1.],[1 2],,0,0.6,0.7,0.30000000000000004,[1. 1.]
1077,1.0,1078,0,False,0.0,539.0,0.0,1,1,0,[1. 1.],[1 2],,0,0.6,0.7,0.30000000000000004,[1. 1.]
1078,0.0,1079,1,False,0.0,540.0,1.0,1,0,1,[1. 1.],[1 2],,0,0.6,0.7,0.30000000000000004,[1. 1.]
1079,1.0,1080,0,False,1.0,540.0,0.0,1,1,0,[1. 0.],[1 2],,0,0.6,0.7,0.30000000000000004,[1. 1.]
1080,0.0,1081,1,False,0.0,541.0,1.0,1,0,1,[1. 0.],[1 2],,0,0.6,0.7,0.30000000000000004,[1. 1.]
1081,1.0,1082,0,False,1.0,541.0,0.0,1,1,0,[1. 1.],[1 2],1.0,0,0.6,0.7,0.30000000000000004,[1. 1.]
1082,0.0,1083,1,False,0.0,542.0,2.0,1,0,1,[1. 1.],[1 2],1.0,0,0.6,0.7,0.30000000000000004,[1. 1.]
1083,2.0,1084,0,False,1.0,542.0,0.0,1,1,0,[1. 0.],[1 2],,0,0.6,0.7,0.30000000000000004,[1. 1.]
1084,0.0,1085,1,False,0.0,543.0,1.0,1,0,1,[1. 0.],[1 2],,0,0.6,0.7,0.30000000000000004,[1. 1.]
1085,1.0,1086,0,False,1.0,543.0,0.0,1,1,0,[1. 0.],[1 2],1.0,0,0.6,0.7,0.30000000000000004,[1. 1.]
1086,0.0,1087,1,False,0.0,544.0,2.0,1,0,1,[1. 0.],[1 2],1.0,0,0.6,0.7,0.30000000000000004,[1. 1.]
1087,2.0,1088,0,False,1.0,544.0,0.0,1,1,0,[1. 0.],[1 2],,0,0.6,0.7,0.30000000000000004,[1. 1.]
1088,0.0,1089,1,False,0.0,545.0,1.0,1,0,1,[1. 0.],[1 2],,0,0.6,0.7,0.30000000000000004,[1. 1.]
1089,1.0,1090,0,False,1.0,545.0,0.0,1,1,0,[1. 1.],[1 2],,0,0.6,0.7,0.30000000000000004,[1. 1.]
1090,0.0,1091,1,False,0.0,546.0,1.0,1,0,1,[1. 1.],[1 2],,0,0.6,0.7,0.30000000000000004,[1. 1.]
1091,1.0,1092,0,False,1.0,546.0,0.0,1,1,0,[1. 1.],[1 2],,0,0.6,0.7,0.30000000000000004,[1. 1.]
1092,0.0,1093,1,False,0.0,547.0,1.0,1,0,1,[1. 1.],[1 2],,0,0.6,0.7,0.30000000000000004,[1. 1.]
1093,1.0,1094,0,False,1.0,547.0,0.0,1,1,0,[1. 1.],[1 2],,0,0.6,0.7,0.30000000000000004,[1. 1.]
1094,0.0,1095,1,False,0.0,548.0,1.0,1,0,1,[1. 1.],[1 2],,0,0.6,0.7,0.30000000000000004,[1. 1.]
1095,1.0,1096,0,False,1.0,548.0,0.0,1,1,0,[1. 1.],[1 2],1.0,0,0.6,0.7,0.30000000000000004,[1. 1.]
1096,0.0,1097,1,False,0.0,549.0,2.0,1,0,1,[1. 1.],[1 2],1.0,0,0.6,0.7,0.30000000000000004,[1. 1.]
1097,2.0,1098,0,False,1.0,549.0,0.0,1,1,0,[1. 0.],[1 2],,0,0.6,0.7,0.30000000000000004,[1. 1.]
1098,0.0,1099,1,False,0.0,550.0,1.0,1,0,1,[1. 0.],[1 2],,0,0.6,0.7,0.30000000000000004,[1. 1.]
1099,1.0,1100,0,False,1.0,550.0,0.0,1,1,0,[0. 0.],[1 2],0.0,0,0.6,0.7,0.30000000000000004,[1. 1.]
1100,0.0,1101,1,False,0.0,551.0,1.0,1,0,1,[0. 0.],[1 2],0.0,0,0.6,0.7,0.30000000000000004,[1. 1.]
1101,1.0,1102,0,False,0.0,551.0,0.0,1,1,0,[1. 0.],[1 2],,0,0.6,0.7,0.30000000000000004,[1. 1.]
1102,0.0,1103,1,False,0.0,552.0,1.0,1,0,1,[1. 0.],[1 2],,0,0.6,0.7,0.30000000000000004,[1. 1.]
1103,1.0,1104,0,False,1.0,552.0,0.0,1,1,0,[1. 1.],[1 2],1.0,0,0.6,0.7,0.30000000000000004,[1. 1.]
1104,0.0,1105,1,False,0.0,553.0,2.0,1,0,1,[1. 1.],[1 2],1.0,0,0.6,0.7,0.30000000000000004,[1. 1.]
1105,2.0,1106,0,False,1.0,553.0,0.0,1,1,0,[1. 0.],[2 1],1.0,0,0.6,0.7,0.30000000000000004,[1. 1.]
1106,0.0,1107,1,False,0.0,554.0,2.0,1,0,1,[1. 0.],[2 1],1.0,0,0.6,0.7,0.30000000000000004,[1. 1.]
1107,2.0,1108,0,False,0.0,554.0,0.0,1,1,0,[0. 0.],[2 1],1.0,0,0.6,0.7,0.30000000000000004,[1. 1.]
1108,0.0,1109,1,False,0.0,555.0,2.0,1,0,1,[0. 0.],[2 1],1.0,0,0.6,0.7,0.30000000000000004,[1. 1.]
1109,2.0,1110,0,False,0.0,555.0,0.0,1,1,0,[0. 1.],[2 1],,1,0.6,0.7,0.30000000000000004,[1. 1.]
1110,0.0,1111,1,False,0.0,556.0,2.0,1,0,1,[0. 1.],[2 1],,1,0.6,0.7,0.30000000000000004,[1. 1.]
1111,2.0,1112,0,False,1.0,556.0,0.0,1,1,0,[0. 1.],[2 1],,1,0.6,0.7,0.30000000000000004,[1. 1.]
1112,0.0,1113,1,False,0.0,557.0,2.0,1,0,1,[0. 1.],[2 1],,1,0.6,0.7,0.30000000000000004,[1. 1.]
1113,2.0,1114,0,False,1.0,557.0,0.0,1,1,0,[0. 1.],[2 1],0.0,1,0.6,0.7,0.30000000000000004,[1. 1.]
1114,0.0,1115,1,False,0.0,558.0,1.0,1,0,1,[0. 1.],[2 1],0.0,1,0.6,0.7,0.30000000000000004,[1. 1.]
1115,1.0,1116,0,False,1.0,558.0,0.0,1,1,0,[1. 1.],[2 1],1.0,1,0.6,0.7,0.30000000000000004,[1. 1.]
1116,0.0,1117,1,False,0.0,559.0,2.0,1,0,1,[1. 1.],[2 1],1.0,1,0.6,0.7,0.30000000000000004,[1. 1.]
1117,2.0,1118,0,False,1.0,559.0,0.0,1,1,0,[0. 1.],[2 1],,1,0.6,0.7,0.30000000000000004,[1. 1.]
1118,0.0,1119,1,False,0.0,560.0,2.0,1,0,1,[0. 1.],[2 1],,1,0.6,0.7,0.30000000000000004,[1. 1.]
1119,2.0,1120,0,False,1.0,560.0,0.0,1,1,0,[0. 1.],[2 1],0.0,1,0.6,0.7,0.30000000000000004,[1. 1.]
1120,0.0,1121,1,False,0.0,561.0,1.0,1,0,1,[0. 1.],[2 1],0.0,1,0.6,0.7,0.30000000000000004,[1. 1.]
1121,1.0,1122,0,False,1.0,561.0,0.0,1,1,0,[0. 0.],[2 1],1.0,1,0.6,0.7,0.30000000000000004,[1. 1.]
1122,0.0,1123,1,False,0.0,562.0,2.0,1,0,1,[0. 0.],[2 1],1.0,1,0.6,0.7,0.30000000000000004,[1. 1.]
1123,2.0,1124,0,False,0.0,562.0,0.0,1,1,0,[0. 1.],[2 1],0.0,1,0.6,0.7,0.30000000000000004,[1. 1.]
1124,0.0,1125,1,False,0.0,563.0,1.0,1,0,1,[0. 1.],[2 1],0.0,1,0.6,0.7,0.30000000000000004,[1. 1.]
1125,1.0,1126,0,False,1.0,563.0,0.0,1,1,0,[0. 0.],[2 1],0.0,1,0.6,0.7,0.30000000000000004,[1. 1.]
1126,0.0,1127,1,False,0.0,564.0,1.0,1,0,1,[0. 0.],[2 1],0.0,1,0.6,0.7,0.30000000000000004,[1. 1.]
1127,1.0,1128,0,False,0.0,564.0,0.0,1,1,0,[0. 1.],[2 1],,1,0.6,0.7,0.30000000000000004,[1. 1.]
1128,0.0,1129,1,False,0.0,565.0,2.0,1,0,1,[0. 1.],[2 1],,1,0.6,0.7,0.30000000000000004,[1. 1.]
1129,2.0,1130,0,False,1.0,565.0,0.0,1,1,0,[0. 0.],[2 1],0.0,1,0.6,0.7,0.30000000000000004,[1. 1.]
1130,0.0,1131,1,False,0.0,566.0,1.0,1,0,1,[0. 0.],[2 1],0.0,1,0.6,0.7,0.30000000000000004,[1. 1.]
1131,1.0,1132,0,False,0.0,566.0,0.0,1,1,0,[0. 1.],[2 1],0.0,1,0.6,0.7,0.30000000000000004,[1. 1.]
1132,0.0,1133,1,False,0.0,567.0,1.0,1,0,1,[0. 1.],[2 1],0.0,1,0.6,0.7,0.30000000000000004,[1. 1.]
1133,1.0,1134,0,False,1.0,567.0,0.0,1,1,0,[1. 1.],[2 1],,1,0.6,0.7,0.30000000000000004,[1. 1.]
1134,0.0,1135,1,False,0.0,568.0,2.0,1,0,1,[1. 1.],[2 1],,1,0.6,0.7,0.30000000000000004,[1. 1.]
1135,2.0,1136,0,False,1.0,568.0,0.0,1,1,0,[0. 1.],[2 1],0.0,1,0.6,0.7,0.30000000000000004,[1. 1.]
1136,0.0,1137,1,False,0.0,569.0,1.0,1,0,1,[0. 1.],[2 1],0.0,1,0.6,0.7,0.30000000000000004,[1. 1.]
1137,1.0,1138,0,False,1.0,569.0,0.0,1,1,0,[0. 1.],[2 1],0.0,1,0.6,0.7,0.30000000000000004,[1. 1.]
1138,0.0,1139,1,False,0.0,570.0,1.0,1,0,1,[0. 1.],[2 1],0.0,1,0.6,0.7,0.30000000000000004,[1. 1.]
1139,1.0,1140,0,False,1.0,570.0,0.0,1,1,0,[0. 1.],[2 1],0.0,1,0.6,0.7,0.30000000000000004,[1. 1.]
1140,0.0,1141,1,False,0.0,571.0,1.0,1,0,1,[0. 1.],[2 1],0.0,1,0.6,0.7,0.30000000000000004,[1. 1.]
1141,1.0,1142,0,False,1.0,571.0,0.0,1,1,0,[0. 0.],[2 1],,1,0.6,0.7,0.30000000000000004,[1. 1.]
1142,0.0,1143,1,False,0.0,572.0,2.0,1,0,1,[0. 0.],[2 1],,1,0.6,0.7,0.30000000000000004,[1. 1.]
1143,2.0,1144,0,False,0.0,572.0,0.0,1,1,0,[1. 1.],[2 1],,1,0.6,0.7,0.30000000000000004,[1. 1.]
1144,0.0,1145,1,False,0.0,573.0,2.0,1,0,1,[1. 1.],[2 1],,1,0.6,0.7,0.30000000000000004,[1. 1.]
1145,2.0,1146,0,False,1.0,573.0,0.0,1,1,0,[0. 1.],[2 1],0.0,1,0.6,0.7,0.30000000000000004,[1. 1.]
1146,0.0,1147,1,False,0.0,574.0,1.0,1,0,1,[0. 1.],[2 1],0.0,1,0.6,0.7,0.30000000000000004,[1. 1.]
1147,1.0,1148,0,False,1.0,574.0,0.0,1,1,0,[1. 1.],[2 1],0.0,1,0.6,0.7,0.30000000000000004,[1. 1.]
1148,0.0,1149,1,False,0.0,575.0,1.0,1,0,1,[1. 1.],[2 1],0.0,1,0.6,0.7,0.30000000000000004,[1. 1.]
1149,1.0,1150,0,False,1.0,575.0,0.0,1,1,0,[0. 0.],[2 1],,1,0.6,0.7,0.30000000000000004,[1. 1.]
1150,0.0,1151,1,False,0.0,576.0,2.0,1,0,1,[0. 0.],[2 1],,1,0.6,0.7,0.30000000000000004,[1. 1.]
1151,2.0,1152,0,False,0.0,576.0,0.0,1,1,0,[0. 0.],[2 1],1.0,1,0.6,0.7,0.30000000000000004,[1. 1.]
1152,0.0,1153,1,False,0.0,577.0,2.0,1,0,1,[0. 0.],[2 1],1.0,1,0.6,0.7,0.30000000000000004,[1. 1.]
1153,2.0,1154,0,False,0.0,577.0,0.0,1,1,0,[0. 0.],[2 1],,1,0.6,0.7,0.30000000000000004,[1. 1.]
1154,0.0,1155,1,False,0.0,578.0,2.0,1,0,1,[0. 0.],[2 1],,1,0.6,0.7,0.30000000000000004,[1. 1.]
1155,2.0,1156,0,False,0.0,578.0,0.0,1,1,0,[0. 1.],[2 1],0.0,1,0.6,0.7,0.30000000000000004,[1. 1.]
1156,0.0,1157,1,False,0.0,579.0,1.0,1,0,2,[0. 1.],[2 1],0.0,1,0.6,0.7,0.30000000000000004,[1. 1.]
1157,1.0,1158,0,False,0.0,579.0,0.0,1,1,0,[0. 0.],[2 1],0.0,1,0.6,0.7,0.30000000000000004,[1. 1.]
1158,0.0,1159,1,False,0.0,580.0,1.0,1,0,1,[0. 0.],[2 1],0.0,1,0.6,0.7,0.30000000000000004,[1. 1.]
1159,1.0,1160,0,False,0.0,580.0,0.0,1,1,0,[0. 0.],[2 1],1.0,1,0.6,0.7,0.30000000000000004,[1. 1.]
1160,0.0,1161,1,False,0.0,581.0,2.0,1,0,2,[0. 0.],[2 1],1.0,1,0.6,0.7,0.30000000000000004,[1. 1.]
1161,2.0,1162,0,False,0.0,581.0,0.0,1,1,0,[0. 1.],[2 1],0.0,1,0.6,0.7,0.30000000000000004,[1. 1.]
1162,0.0,1163,1,False,0.0,582.0,1.0,1,0,1,[0. 1.],[2 1],0.0,1,0.6,0.7,0.30000000000000004,[1. 1.]
1163,1.0,1164,0,False,1.0,582.0,0.0,1,1,0,[0. 1.],[1 2],1.0,1,0.6,0.7,0.30000000000000004,[1. 1.]
1164,0.0,1165,1,False,0.0,583.0,2.0,1,0,1,[0. 1.],[1 2],1.0,1,0.6,0.7,0.30000000000000004,[1. 1.]
1165,2.0,1166,0,False,0.0,583.0,0.0,1,1,0,[0. 1.],[1 2],1.0,1,0.6,0.7,0.30000000000000004,[1. 1.]
1166,0.0,1167,1,False,0.0,584.0,2.0,1,0,1,[0. 1.],[1 2],1.0,1,0.6,0.7,0.30000000000000004,[1. 1.]
1167,2.0,1168,0,False,0.0,584.0,0.0,1,1,0,[1. 0.],[1 2],,1,0.6,0.7,0.30000000000000004,[1. 1.]
1168,0.0,1169,1,False,0.0,585.0,2.0,1,0,2,[1. 0.],[1 2],,1,0.6,0.7,0.30000000000000004,[1. 1.]
1169,2.0,1170,0,False,0.0,585.0,0.0,1,1,0,[1. 0.],[1 2],0.0,1,0.6,0.7,0.30000000000000004,[1. 1.]
1170,0.0,1171,1,False,0.0,586.0,1.0,1,0,1,[1. 0.],[1 2],0.0,1,0.6,0.7,0.30000000000000004,[1. 1.]
1171,1.0,1172,0,False,1.0,586.0,0.0,1,1,0,[0. 1.],[1 2],1.0,1,0.6,0.7,0.30000000000000004,[1. 1.]
1172,0.0,1173,1,False,0.0,587.0,2.0,1,0,1,[0. 1.],[1 2],1.0,1,0.6,0.7,0.30000000000000004,[1. 1.]
1173,2.0,1174,0,False,0.0,587.0,0.0,1,1,0,[0. 1.],[1 2],,1,0.6,0.7,0.30000000000000004,[1. 1.]
1174,0.0,1175,1,False,0.0,588.0,1.0,1,0,1,[0. 1.],[1 2],,1,0.6,0.7,0.30000000000000004,[1. 1.]
1175,1.0,1176,0,False,0.0,588.0,0.0,1,1,0,[0. 0.],[1 2],0.0,1,0.6,0.7,0.30000000000000004,[1. 1.]
1176,0.0,1177,1,False,0.0,589.0,1.0,1,0,1,[0. 0.],[1 2],0.0,1,0.6,0.7,0.30000000000000004,[1. 1.]
1177,1.0,1178,0,False,0.0,589.0,0.0,1,1,0,[0. 1.],[1 2],,1,0.6,0.7,0.30000000000000004,[1. 1.]
1178,0.0,1179,1,False,0.0,590.0,2.0,1,0,2,[0. 1.],[1 2],,1,0.6,0.7,0.30000000000000004,[1. 1.]
1179,2.0,1180,0,False,1.0,590.0,0.0,1,1,0,[0. 1.],[1 2],1.0,1,0.6,0.7,0.30000000000000004,[1. 1.]
1180,0.0,1181,1,False,0.0,591.0,2.0,1,0,2,[0. 1.],[1 2],1.0,1,0.6,0.7,0.30000000000000004,[1. 1.]
1181,2.0,1182,0,False,1.0,591.0,0.0,1,1,0,[1. 0.],[1 2],0.0,1,0.6,0.7,0.30000000000000004,[1. 1.]
1182,0.0,1183,1,False,0.0,592.0,1.0,1,0,2,[1. 0.],[1 2],0.0,1,0.6,0.7,0.30000000000000004,[1. 1.]
1183,1.0,1184,0,False,0.0,592.0,0.0,1,1,0,[1. 1.],[1 2],1.0,1,0.6,0.7,0.30000000000000004,[1. 1.]
1184,0.0,1185,1,False,0.0,593.0,2.0,1,0,2,[1. 1.],[1 2],1.0,1,0.6,0.7,0.30000000000000004,[1. 1.]
1185,2.0,1186,0,False,1.0,593.0,0.0,1,1,0,[1. 1.],[1 2],1.0,1,0.6,0.7,0.30000000000000004,[1. 1.]
1186,0.0,1187,1,False,0.0,594.0,2.0,1,0,2,[1. 1.],[1 2],1.0,1,0.6,0.7,0.30000000000000004,[1. 1.]
1187,2.0,1188,0,False,1.0,594.0,0.0,1,1,0,[1. 1.],[1 2],,1,0.6,0.7,0.30000000000000004,[1. 1.]
1188,0.0,1189,1,False,0.0,595.0,2.0,1,0,2,[1. 1.],[1 2],,1,0.6,0.7,0.30000000000000004,[1. 1.]
1189,2.0,1190,0,False,1.0,595.0,0.0,1,1,0,[0. 1.],[1 2],0.0,1,0.6,0.7,0.30000000000000004,[1. 1.]
1190,0.0,1191,1,False,0.0,596.0,1.0,1,0,2,[0. 1.],[1 2],0.0,1,0.6,0.7,0.30000000000000004,[1. 1.]
1191,1.0,1192,0,False,1.0,596.0,0.0,1,1,0,[0. 0.],[1 2],,1,0.6,0.7,0.30000000000000004,[1. 1.]
1192,0.0,1193,1,False,0.0,597.0,2.0,1,0,2,[0. 0.],[1 2],,1,0.6,0.7,0.30000000000000004,[1. 1.]
1193,2.0,1194,0,False,0.0,597.0,0.0,1,1,0,[1. 0.],[1 2],,1,0.6,0.7,0.30000000000000004,[1. 1.]
1194,0.0,1195,1,False,0.0,598.0,2.0,1,0,2,[1. 0.],[1 2],,1,0.6,0.7,0.30000000000000004,[1. 1.]
1195,2.0,1196,0,False,0.0,598.0,0.0,1,1,0,[1. 1.],[1 2],1.0,1,0.6,0.7,0.30000000000000004,[1. 1.]
1196,0.0,1197,1,False,0.0,599.0,2.0,1,0,2,[1. 1.],[1 2],1.0,1,0.6,0.7,0.30000000000000004,[1. 1.]
1197,2.0,1198,0,False,1.0,599.0,0.0,1,1,0,[0. 0.],[1 2],0.0,1,0.6,0.7,0.30000000000000004,[1. 1.]
1198,0.0,1199,1,False,0.0,600.0,1.0,1,0,2,[0. 0.],[1 2],0.0,1,0.6,0.7,0.30000000000000004,[1. 1.]
1199,1.0,1200,0,False,0.0,600.0,0.0,1,1,0,[0. 1.],[1 2],,1,0.6,0.7,0.30000000000000004,[1. 1.]
1200,0.0,1201,1,False,0.0,601.0,2.0,1,0,2,[0. 1.],[1 2],,1,0.6,0.7,0.30000000000000004,[1. 1.]
1201,2.0,1202,0,False,1.0,601.0,0.0,1,1,0,[0. 0.],[1 2],1.0,1,0.6,0.7,0.30000000000000004,[1. 1.]
1202,0.0,1203,1,False,0.0,602.0,2.0,1,0,2,[0. 0.],[1 2],1.0,1,0.6,0.7,0.30000000000000004,[1. 1.]
1203,2.0,1204,0,False,0.0,602.0,0.0,1,1,0,[0. 0.],[1 2],,1,0.6,0.7,0.30000000000000004,[1. 1.]
1204,0.0,1205,1,False,0.0,603.0,2.0,1,0,2,[0. 0.],[1 2],,1,0.6,0.7,0.30000000000000004,[1. 1.]
1205,2.0,1206,0,False,0.0,603.0,0.0,1,1,0,[0. 1.],[1 2],1.0,1,0.6,0.7,0.30000000000000004,[1. 1.]
1206,0.0,1207,1,False,0.0,604.0,2.0,1,0,2,[0. 1.],[1 2],1.0,1,0.6,0.7,0.30000000000000004,[1. 1.]
1207,2.0,1208,0,False,1.0,604.0,0.0,1,1,0,[1. 1.],[1 2],1.0,1,0.6,0.7,0.30000000000000004,[1. 1.]
1208,0.0,1209,1,False,0.0,605.0,2.0,1,0,2,[1. 1.],[1 2],1.0,1,0.6,0.7,0.30000000000000004,[1. 1.]
1209,2.0,1210,0,False,1.0,605.0,0.0,1,1,0,[0. 1.],[1 2],,1,0.6,0.7,0.30000000000000004,[1. 1.]
1210,0.0,1211,1,False,0.0,606.0,2.0,1,0,2,[0. 1.],[1 2],,1,0.6,0.7,0.30000000000000004,[1. 1.]
1211,2.0,1212,0,False,1.0,606.0,0.0,1,1,0,[0. 0.],[1 2],1.0,1,0.6,0.7,0.30000000000000004,[1. 1.]
1212,0.0,1213,1,False,0.0,607.0,2.0,1,0,2,[0. 0.],[1 2],1.0,1,0.6,0.7,0.30000000000000004,[1. 1.]
1213,2.0,1214,0,False,0.0,607.0,0.0,1,1,0,[0. 1.],[1 2],,1,0.6,0.7,0.30000000000000004,[1. 1.]
1214,0.0,1215,1,False,0.0,608.0,2.0,1,0,2,[0. 1.],[1 2],,1,0.6,0.7,0.30000000000000004,[1. 1.]
1215,2.0,1216,0,False,1.0,608.0,0.0,1,1,0,[0. 1.],[1 2],,1,0.6,0.7,0.30000000000000004,[1. 1.]
1216,0.0,1217,1,False,0.0,609.0,2.0,1,0,2,[0. 1.],[1 2],,1,0.6,0.7,0.30000000000000004,[1. 1.]
1217,2.0,1218,0,False,1.0,609.0,0.0,1,1,0,[0. 1.],[1 2],1.0,1,0.6,0.7,0.30000000000000004,[1. 1.]
1218,0.0,1219,1,False,0.0,610.0,2.0,1,0,2,[0. 1.],[1 2],1.0,1,0.6,0.7,0.30000000000000004,[1. 1.]
1219,2.0,1220,0,False,1.0,610.0,0.0,1,1,0,[0. 1.],[1 2],1.0,1,0.6,0.7,0.30000000000000004,[1. 1.]
1220,0.0,1221,1,False,0.0,611.0,2.0,1,0,2,[0. 1.],[1 2],1.0,1,0.6,0.7,0.30000000000000004,[1. 1.]
1221,2.0,1222,0,False,1.0,611.0,0.0,1,1,0,[0. 0.],[1 2],0.0,1,0.6,0.7,0.30000000000000004,[1. 1.]
1222,0.0,1223,1,False,0.0,612.0,1.0,1,0,2,[0. 0.],[1 2],0.0,1,0.6,0.7,0.30000000000000004,[1. 1.]
1223,1.0,1224,0,False,0.0,612.0,0.0,1,1,0,[0. 1.],[1 2],,1,0.6,0.7,0.30000000000000004,[1. 1.]
1224,0.0,1225,1,False,0.0,613.0,2.0,1,0,2,[0. 1.],[1 2],,1,0.6,0.7,0.30000000000000004,[1. 1.]
1225,2.0,1226,0,False,1.0,613.0,0.0,1,1,0,[0. 1.],[2 1],1.0,1,0.6,0.7,0.30000000000000004,[1. 1.]
1226,0.0,1227,1,False,0.0,614.0,2.0,1,0,2,[0. 1.],[2 1],1.0,1,0.6,0.7,0.30000000000000004,[1. 1.]
1227,2.0,1228,0,False,0.0,614.0,0.0,1,1,0,[1. 1.],[2 1],1.0,1,0.6,0.7,0.30000000000000004,[1. 1.]
1228,0.0,1229,1,False,0.0,615.0,2.0,1,0,2,[1. 1.],[2 1],1.0,1,0.6,0.7,0.30000000000000004,[1. 1.]
1229,2.0,1230,0,False,1.0,615.0,0.0,1,1,0,[0. 1.],[2 1],,1,0.6,0.7,0.30000000000000004,[1. 1.]
1230,0.0,1231,1,False,0.0,616.0,1.0,1,0,2,[0. 1.],[2 1],,1,0.6,0.7,0.30000000000000004,[1. 1.]
1231,1.0,1232,0,False,0.0,616.0,0.0,1,1,0,[0. 0.],[2 1],1.0,1,0.6,0.7,0.30000000000000004,[1. 1.]
1232,0.0,1233,1,False,0.0,617.0,2.0,1,0,2,[0. 0.],[2 1],1.0,1,0.6,0.7,0.30000000000000004,[1. 1.]
1233,2.0,1234,0,False,0.0,617.0,0.0,1,1,0,[0. 1.],[2 1],,1,0.6,0.7,0.30000000000000004,[1. 1.]
1234,0.0,1235,1,False,0.0,618.0,1.0,1,0,2,[0. 1.],[2 1],,1,0.6,0.7,0.30000000000000004,[1. 1.]
1235,1.0,1236,0,False,0.0,618.0,0.0,1,1,0,[0. 1.],[2 1],0.0,1,0.6,0.7,0.30000000000000004,[1. 1.]
1236,0.0,1237,1,False,0.0,619.0,1.0,1,0,2,[0. 1.],[2 1],0.0,1,0.6,0.7,0.30000000000000004,[1. 1.]
1237,1.0,1238,0,False,0.0,619.0,0.0,1,1,0,[0. 1.],[2 1],0.0,1,0.6,0.7,0.30000000000000004,[1. 1.]
1238,0.0,1239,1,False,0.0,620.0,1.0,1,0,1,[0. 1.],[2 1],0.0,1,0.6,0.7,0.30000000000000004,[1. 1.]
1239,1.0,1240,0,False,1.0,620.0,0.0,1,1,0,[0. 1.],[2 1],,1,0.6,0.7,0.30000000000000004,[1. 1.]
1240,0.0,1241,1,False,0.0,621.0,2.0,1,0,1,[0. 1.],[2 1],,1,0.6,0.7,0.30000000000000004,[1. 1.]
1241,2.0,1242,0,False,1.0,621.0,0.0,1,1,0,[0. 0.],[2 1],0.0,0,0.6,0.7,0.30000000000000004,[1. 1.]
1242,0.0,1243,1,False,0.0,622.0,1.0,1,0,1,[0. 0.],[2 1],0.0,0,0.6,0.7,0.30000000000000004,[1. 1.]
1243,1.0,1244,0,False,0.0,622.0,0.0,1,1,0,[1. 0.],[2 1],0.0,0,0.6,0.7,0.30000000000000004,[1. 1.]
1244,0.0,1245,1,False,0.0,623.0,1.0,1,0,1,[1. 0.],[2 1],0.0,0,0.6,0.7,0.30000000000000004,[1. 1.]
1245,1.0,1246,0,False,0.0,623.0,0.0,1,1,0,[1. 0.],[2 1],,0,0.6,0.7,0.30000000000000004,[1. 1.]
1246,0.0,1247,1,False,0.0,624.0,1.0,1,0,2,[1. 0.],[2 1],,0,0.6,0.7,0.30000000000000004,[1. 1.]
1247,1.0,1248,0,False,1.0,624.0,0.0,1,1,0,[0. 1.],[2 1],,0,0.6,0.7,0.30000000000000004,[1. 1.]
1248,0.0,1249,1,False,0.0,625.0,1.0,1,0,2,[0. 1.],[2 1],,0,0.6,0.7,0.30000000000000004,[1. 1.]
1249,1.0,1250,0,False,0.0,625.0,0.0,1,1,0,[1. 0.],[2 1],,0,0.6,0.7,0.30000000000000004,[1. 1.]
1250,0.0,1251,1,False,0.0,626.0,1.0,1,0,2,[1. 0.],[2 1],,0,0.6,0.7,0.30000000000000004,[1. 1.]
1251,1.0,1252,0,False,1.0,626.0,0.0,1,1,0,[0. 0.],[2 1],,0,0.6,0.7,0.30000000000000004,[1. 1.]
1252,0.0,1253,1,False,0.0,627.0,1.0,1,0,2,[0. 0.],[2 1],,0,0.6,0.7,0.30000000000000004,[1. 1.]
1253,1.0,1254,0,False,0.0,627.0,0.0,1,1,0,[1. 0.],[2 1],,0,0.6,0.7,0.30000000000000004,[1. 1.]
1254,0.0,1255,1,False,0.0,628.0,1.0,1,0,2,[1. 0.],[2 1],,0,0.6,0.7,0.30000000000000004,[1. 1.]
1255,1.0,1256,0,False,1.0,628.0,0.0,1,1,0,[0. 1.],[2 1],,0,0.6,0.7,0.30000000000000004,[1. 1.]
1256,0.0,1257,1,False,0.0,629.0,1.0,1,0,2,[0. 1.],[2 1],,0,0.6,0.7,0.30000000000000004,[1. 1.]
1257,1.0,1258,0,False,0.0,629.0,0.0,1,1,0,[1. 0.],[2 1],,0,0.6,0.7,0.30000000000000004,[1. 1.]
1258,0.0,1259,1,False,0.0,630.0,1.0,1,0,2,[1. 0.],[2 1],,0,0.6,0.7,0.30000000000000004,[1. 1.]
1259,1.0,1260,0,False,1.0,630.0,0.0,1,1,0,[0. 0.],[2 1],1.0,0,0.6,0.7,0.30000000000000004,[1. 1.]
1260,0.0,1261,1,False,0.0,631.0,2.0,1,0,2,[0. 0.],[2 1],1.0,0,0.6,0.7,0.30000000000000004,[1. 1.]
1261,2.0,1262,0,False,0.0,631.0,0.0,1,1,0,[1. 0.],[2 1],,0,0.6,0.7,0.30000000000000004,[1. 1.]
1262,0.0,1263,1,False,0.0,632.0,1.0,1,0,2,[1. 0.],[2 1],,0,0.6,0.7,0.30000000000000004,[1. 1.]
1263,1.0,1264,0,False,1.0,632.0,0.0,1,1,0,[0. 0.],[2 1],,0,0.6,0.7,0.30000000000000004,[1. 1.]
1264,0.0,1265,1,False,0.0,633.0,1.0,1,0,2,[0. 0.],[2 1],,0,0.6,0.7,0.30000000000000004,[1. 1.]
1265,1.0,1266,0,False,0.0,633.0,0.0,1,1,0,[1. 0.],[2 1],0.0,0,0.6,0.7,0.30000000000000004,[1. 1.]
1266,0.0,1267,1,False,0.0,634.0,1.0,1,0,2,[1. 0.],[2 1],0.0,0,0.6,0.7,0.30000000000000004,[1. 1.]
1267,1.0,1268,0,False,1.0,634.0,0.0,1,1,0,[0. 1.],[2 1],,0,0.6,0.7,0.30000000000000004,[1. 1.]
1268,0.0,1269,1,False,0.0,635.0,1.0,1,0,2,[0. 1.],[2 1],,0,0.6,0.7,0.30000000000000004,[1. 1.]
1269,1.0,1270,0,False,0.0,635.0,0.0,1,1,0,[0. 0.],[2 1],,0,0.6,0.7,0.30000000000000004,[1. 1.]
1270,0.0,1271,1,False,0.0,636.0,1.0,1,0,2,[0. 0.],[2 1],,0,0.6,0.7,0.30000000000000004,[1. 1.]
1271,1.0,1272,0,False,0.0,636.0,0.0,1,1,0,[0. 0.],[2 1],1.0,0,0.6,0.7,0.30000000000000004,[1. 1.]
1272,0.0,1273,1,False,0.0,637.0,2.0,1,0,1,[0. 0.],[2 1],1.0,0,0.6,0.7,0.30000000000000004,[1. 1.]
1273,2.0,1274,0,False,0.0,637.0,0.0,1,1,0,[1. 0.],[2 1],,0,0.6,0.7,0.30000000000000004,[1. 1.]
1274,0.0,1275,1,False,0.0,638.0,2.0,1,0,1,[1. 0.],[2 1],,0,0.6,0.7,0.30000000000000004,[1. 1.]
1275,2.0,1276,0,False,0.0,638.0,0.0,1,1,0,[1. 0.],[2 1],1.0,0,0.6,0.7,0.30000000000000004,[1. 1.]
1276,0.0,1277,1,False,0.0,639.0,2.0,1,0,1,[1. 0.],[2 1],1.0,0,0.6,0.7,0.30000000000000004,[1. 1.]
1277,2.0,1278,0,False,0.0,639.0,0.0,1,1,0,[0. 1.],[2 1],,0,0.6,0.7,0.30000000000000004,[1. 1.]
1278,0.0,1279,1,False,0.0,640.0,1.0,1,0,2,[0. 1.],[2 1],,0,0.6,0.7,0.30000000000000004,[1. 1.]
1279,1.0,1280,0,False,0.0,640.0,0.0,1,1,0,[1. 1.],[2 1],0.0,0,0.6,0.7,0.30000000000000004,[1. 1.]
1280,0.0,1281,1,False,0.0,641.0,1.0,1,0,1,[1. 1.],[2 1],0.0,0,0.6,0.7,0.30000000000000004,[1. 1.]
1281,1.0,1282,0,False,1.0,641.0,0.0,1,1,0,[1. 0.],[2 1],0.0,0,0.6,0.7,0.30000000000000004,[1. 1.]
1282,0.0,1283,1,False,0.0,642.0,1.0,1,0,1,[1. 0.],[2 1],0.0,0,0.6,0.7,0.30000000000000004,[1. 1.]
1283,1.0,1284,0,False,0.0,642.0,0.0,1,1,0,[1. 1.],[2 1],0.0,0,0.6,0.7,0.30000000000000004,[1. 1.]
1284,0.0,1285,1,False,0.0,643.0,1.0,1,0,1,[1. 1.],[2 1],0.0,0,0.6,0.7,0.30000000000000004,[1. 1.]
1285,1.0,1286,0,False,1.0,643.0,0.0,1,1,0,[0. 0.],[2 1],0.0,0,0.6,0.7,0.30000000000000004,[1. 1.]
1286,0.0,1287,1,False,0.0,644.0,1.0,1,0,1,[0. 0.],[2 1],0.0,0,0.6,0.7,0.30000000000000004,[1. 1.]
1287,1.0,1288,0,False,0.0,644.0,0.0,1,1,0,[0. 0.],[2 1],,0,0.6,0.7,0.30000000000000004,[1. 1.]
1288,0.0,1289,1,False,0.0,645.0,2.0,1,0,1,[0. 0.],[2 1],,0,0.6,0.7,0.30000000000000004,[1. 1.]
1289,2.0,1290,0,False,0.0,645.0,0.0,1,1,0,[1. 0.],[2 1],1.0,0,0.6,0.7,0.30000000000000004,[1. 1.]
1290,0.0,1291,1,False,0.0,646.0,2.0,1,0,2,[1. 0.],[2 1],1.0,0,0.6,0.7,0.30000000000000004,[1. 1.]
1291,2.0,1292,0,False,1.0,646.0,0.0,1,1,0,[1. 1.],[1 2],,0,0.6,0.7,0.30000000000000004,[1. 1.]
1292,0.0,1293,1,False,0.0,647.0,2.0,1,0,2,[1. 1.],[1 2],,0,0.6,0.7,0.30000000000000004,[1. 1.]
1293,2.0,1294,0,False,1.0,647.0,0.0,1,1,0,[1. 0.],[1 2],,0,0.6,0.7,0.30000000000000004,[1. 1.]
1294,0.0,1295,1,False,0.0,648.0,2.0,1,0,2,[1. 0.],[1 2],,0,0.6,0.7,0.30000000000000004,[1. 1.]
1295,2.0,1296,0,False,0.0,648.0,0.0,1,1,0,[1. 0.],[1 2],1.0,0,0.6,0.7,0.30000000000000004,[1. 1.]
1296,0.0,1297,1,False,0.0,649.0,2.0,1,0,2,[1. 0.],[1 2],1.0,0,0.6,0.7,0.30000000000000004,[1. 1.]
1297,2.0,1298,0,False,0.0,649.0,0.0,1,1,0,[1. 1.],[1 2],,0,0.6,0.7,0.30000000000000004,[1. 1.]
1298,0.0,1299,1,False,0.0,650.0,2.0,1,0,2,[1. 1.],[1 2],,0,0.6,0.7,0.30000000000000004,[1. 1.]
1299,2.0,1300,0,False,1.0,650.0,0.0,1,1,0,[1. 0.],[1 2],,0,0.6,0.7,0.30000000000000004,[1. 1.]
1300,0.0,1301,1,False,0.0,651.0,2.0,1,0,2,[1. 0.],[1 2],,0,0.6,0.7,0.30000000000000004,[1. 1.]
1301,2.0,1302,0,False,0.0,651.0,0.0,1,1,0,[1. 1.],[1 2],,0,0.6,0.7,0.30000000000000004,[1. 1.]
1302,0.0,1303,1,False,0.0,652.0,2.0,1,0,2,[1. 1.],[1 2],,0,0.6,0.7,0.30000000000000004,[1. 1.]
1303,2.0,1304,0,False,1.0,652.0,0.0,1,1,0,[1. 0.],[1 2],,0,0.6,0.7,0.30000000000000004,[1. 1.]
1304,0.0,1305,1,False,0.0,653.0,2.0,1,0,2,[1. 0.],[1 2],,0,0.6,0.7,0.30000000000000004,[1. 1.]
1305,2.0,1306,0,False,0.0,653.0,0.0,1,1,0,[1. 0.],[1 2],1.0,0,0.6,0.7,0.30000000000000004,[1. 1.]
1306,0.0,1307,1,False,0.0,654.0,2.0,1,0,2,[1. 0.],[1 2],1.0,0,0.6,0.7,0.30000000000000004,[1. 1.]
1307,2.0,1308,0,False,0.0,654.0,0.0,1,1,0,[1. 1.],[1 2],1.0,0,0.6,0.7,0.30000000000000004,[1. 1.]
1308,0.0,1309,1,False,0.0,655.0,2.0,1,0,2,[1. 1.],[1 2],1.0,0,0.6,0.7,0.30000000000000004,[1. 1.]
1309,2.0,1310,0,False,1.0,655.0,0.0,1,1,0,[1. 0.],[1 2],1.0,0,0.6,0.7,0.30000000000000004,[1. 1.]
1310,0.0,1311,1,False,0.0,656.0,2.0,1,0,2,[1. 0.],[1 2],1.0,0,0.6,0.7,0.30000000000000004,[1. 1.]
1311,2.0,1312,0,False,0.0,656.0,0.0,1,1,0,[1. 1.],[1 2],,0,0.6,0.7,0.30000000000000004,[1. 1.]
1312,0.0,1313,1,False,0.0,657.0,2.0,1,0,2,[1. 1.],[1 2],,0,0.6,0.7,0.30000000000000004,[1. 1.]
1313,2.0,1314,0,False,1.0,657.0,0.0,1,1,0,[1. 0.],[1 2],,0,0.6,0.7,0.30000000000000004,[1. 1.]
1314,0.0,1315,1,False,0.0,658.0,2.0,1,0,2,[1. 0.],[1 2],,0,0.6,0.7,0.30000000000000004,[1. 1.]
1315,2.0,1316,0,False,0.0,658.0,0.0,1,1,0,[0. 0.],[1 2],,0,0.6,0.7,0.30000000000000004,[1. 1.]
1316,0.0,1317,1,False,0.0,659.0,2.0,1,0,2,[0. 0.],[1 2],,0,0.6,0.7,0.30000000000000004,[1. 1.]
1317,2.0,1318,0,False,0.0,659.0,0.0,1,1,0,[0. 0.],[1 2],1.0,0,0.6,0.7,0.30000000000000004,[1. 1.]
1318,0.0,1319,1,False,0.0,660.0,2.0,1,0,2,[0. 0.],[1 2],1.0,0,0.6,0.7,0.30000000000000004,[1. 1.]
1319,2.0,1320,0,False,0.0,660.0,0.0,1,1,0,[0. 0.],[1 2],,0,0.6,0.7,0.30000000000000004,[1. 1.]
1320,0.0,1321,1,False,0.0,661.0,2.0,1,0,2,[0. 0.],[1 2],,0,0.6,0.7,0.30000000000000004,[1. 1.]
1321,2.0,1322,0,False,0.0,661.0,0.0,1,1,0,[1. 1.],[1 2],0.0,0,0.6,0.7,0.30000000000000004,[1. 1.]
1322,0.0,1323,1,False,0.0,662.0,1.0,1,0,2,[1. 1.],[1 2],0.0,0,0.6,0.7,0.30000000000000004,[1. 1.]
1323,1.0,1324,0,False,1.0,662.0,0.0,1,1,0,[0. 0.],[1 2],,0,0.6,0.7,0.30000000000000004,[1. 1.]
1324,0.0,1325,1,False,0.0,663.0,2.0,1,0,2,[0. 0.],[1 2],,0,0.6,0.7,0.30000000000000004,[1. 1.]
1325,2.0,1326,0,False,0.0,663.0,0.0,1,1,0,[0. 0.],[1 2],0.0,0,0.6,0.7,0.30000000000000004,[1. 1.]
1326,0.0,1327,1,False,0.0,664.0,1.0,1,0,2,[0. 0.],[1 2],0.0,0,0.6,0.7,0.30000000000000004,[1. 1.]
1327,1.0,1328,0,False,0.0,664.0,0.0,1,1,0,[1. 0.],[1 2],,0,0.6,0.7,0.30000000000000004,[1. 1.]
1328,0.0,1329,1,False,0.0,665.0,2.0,1,0,2,[1. 0.],[1 2],,0,0.6,0.7,0.30000000000000004,[1. 1.]
1329,2.0,1330,0,False,0.0,665.0,0.0,1,1,0,[0. 0.],[1 2],0.0,0,0.6,0.7,0.30000000000000004,[1. 1.]
1330,0.0,1331,1,False,0.0,666.0,1.0,1,0,1,[0. 0.],[1 2],0.0,0,0.6,0.7,0.30000000000000004,[1. 1.]
1331,1.0,1332,0,False,0.0,666.0,0.0,1,1,0,[1. 0.],[1 2],,0,0.6,0.7,0.30000000000000004,[1. 1.]
1332,0.0,1333,1,False,0.0,667.0,2.0,1,0,2,[1. 0.],[1 2],,0,0.6,0.7,0.30000000000000004,[1. 1.]
1333,2.0,1334,0,False,0.0,667.0,0.0,1,1,0,[0. 0.],[1 2],0.0,0,0.6,0.7,0.30000000000000004,[1. 1.]
1334,0.0,1335,1,False,0.0,668.0,1.0,1,0,2,[0. 0.],[1 2],0.0,0,0.6,0.7,0.30000000000000004,[1. 1.]
1335,1.0,1336,0,False,0.0,668.0,0.0,1,1,0,[0. 1.],[1 2],0.0,0,0.6,0.7,0.30000000000000004,[1. 1.]
1336,0.0,1337,1,False,0.0,669.0,1.0,1,0,1,[0. 1.],[1 2],0.0,0,0.6,0.7,0.30000000000000004,[1. 1.]
1337,1.0,1338,0,False,0.0,669.0,0.0,1,1,0,[1. 0.],[1 2],1.0,0,0.6,0.7,0.30000000000000004,[1. 1.]
1338,0.0,1339,1,False,0.0,670.0,2.0,1,0,2,[1. 0.],[1 2],1.0,0,0.6,0.7,0.30000000000000004,[1. 1.]
1339,2.0,1340,0,False,0.0,670.0,0.0,1,1,0,[1. 1.],[1 2],1.0,0,0.6,0.7,0.30000000000000004,[1. 1.]
1340,0.0,1341,1,False,0.0,671.0,2.0,1,0,1,[1. 1.],[1 2],1.0,0,0.6,0.7,0.30000000000000004,[1. 1.]
1341,2.0,1342,0,False,1.0,671.0,0.0,1,1,0,[0. 0.],[1 2],1.0,0,0.6,0.7,0.30000000000000004,[1. 1.]
1342,0.0,1343,1,False,0.0,672.0,2.0,1,0,1,[0. 0.],[1 2],1.0,0,0.6,0.7,0.30000000000000004,[1. 1.]
1343,2.0,1344,0,False,0.0,672.0,0.0,1,1,0,[1. 0.],[1 2],0.0,0,0.6,0.7,0.30000000000000004,[1. 1.]
1344,0.0,1345,1,False,0.0,673.0,1.0,1,0,1,[1. 0.],[1 2],0.0,0,0.6,0.7,0.30000000000000004,[1. 1.]
1345,1.0,1346,0,False,1.0,673.0,0.0,1,1,0,[0. 0.],[1 2],0.0,0,0.6,0.7,0.30000000000000004,[1. 1.]
1346,0.0,1347,1,False,0.0,674.0,1.0,1,0,1,[0. 0.],[1 2],0.0,0,0.6,0.7,0.30000000000000004,[1. 1.]
1347,1.0,1348,0,False,0.0,674.0,0.0,1,1,0,[1. 1.],[1 2],,0,0.6,0.7,0.30000000000000004,[1. 1.]
1348,0.0,1349,1,False,0.0,675.0,1.0,1,0,1,[1. 1.],[1 2],,0,0.6,0.7,0.30000000000000004,[1. 1.]
1349,1.0,1350,0,False,1.0,675.0,0.0,1,1,0,[0. 1.],[1 2],0.0,0,0.6,0.7,0.30000000000000004,[1. 1.]
1350,0.0,1351,1,False,0.0,676.0,1.0,1,0,1,[0. 1.],[1 2],0.0,0,0.6,0.7,0.30000000000000004,[1. 1.]
1351,1.0,1352,0,False,0.0,676.0,0.0,1,1,0,[1. 0.],[1 2],1.0,0,0.6,0.7,0.30000000000000004,[1. 1.]
1352,0.0,1353,1,False,0.0,677.0,2.0,1,0,1,[1. 0.],[1 2],1.0,0,0.6,0.7,0.30000000000000004,[1. 1.]
1353,2.0,1354,0,False,1.0,677.0,0.0,1,1,0,[1. 0.],[1 2],0.0,0,0.6,0.7,0.30000000000000004,[1. 1.]
1354,0.0,1355,1,False,0.0,678.0,1.0,1,0,1,[1. 0.],[1 2],0.0,0,0.6,0.7,0.30000000000000004,[1. 1.]
1355,1.0,1356,0,False,1.0,678.0,0.0,1,1,0,[1. 0.],[1 2],0.0,0,0.6,0.7,0.30000000000000004,[1. 1.]
1356,0.0,1357,1,False,0.0,679.0,1.0,1,0,1,[1. 0.],[1 2],0.0,0,0.6,0.7,0.30000000000000004,[1. 1.]
1357,1.0,1358,0,False,1.0,679.0,0.0,1,1,0,[1. 1.],[1 2],,0,0.6,0.7,0.30000000000000004,[1. 1.]
1358,0.0,1359,1,False,0.0,680.0,1.0,1,0,1,[1. 1.],[1 2],,0,0.6,0.7,0.30000000000000004,[1. 1.]
1359,1.0,1360,0,False,1.0,680.0,0.0,1,1,0,[1. 1.],[1 2],0.0,0,0.6,0.7,0.30000000000000004,[1. 1.]
1360,0.0,1361,1,False,0.0,681.0,1.0,1,0,1,[1. 1.],[1 2],0.0,0,0.6,0.7,0.30000000000000004,[1. 1.]
1361,1.0,1362,0,False,1.0,681.0,0.0,1,1,0,[0. 0.],[2 1],1.0,0,0.6,0.7,0.30000000000000004,[1. 1.]
1362,0.0,1363,1,False,0.0,682.0,2.0,1,0,1,[0. 0.],[2 1],1.0,0,0.6,0.7,0.30000000000000004,[1. 1.]
1363,2.0,1364,0,False,0.0,682.0,0.0,1,1,0,[1. 0.],[2 1],0.0,0,0.6,0.7,0.30000000000000004,[1. 1.]
1364,0.0,1365,1,False,0.0,683.0,1.0,1,0,1,[1. 0.],[2 1],0.0,0,0.6,0.7,0.30000000000000004,[1. 1.]
1365,1.0,1366,0,False,0.0,683.0,0.0,1,1,0,[1. 0.],[2 1],,0,0.6,0.7,0.30000000000000004,[1. 1.]
1366,0.0,1367,1,False,0.0,684.0,2.0,1,0,1,[1. 0.],[2 1],,0,0.6,0.7,0.30000000000000004,[1. 1.]
1367,2.0,1368,0,False,0.0,684.0,0.0,1,1,0,[1. 0.],[2 1],1.0,0,0.6,0.7,0.30000000000000004,[1. 1.]
1368,0.0,1369,1,False,0.0,685.0,2.0,1,0,2,[1. 0.],[2 1],1.0,0,0.6,0.7,0.30000000000000004,[1. 1.]
1369,2.0,1370,0,False,1.0,685.0,0.0,1,1,0,[0. 1.],[2 1],1.0,1,0.6,0.7,0.30000000000000004,[1. 1.]
1370,0.0,1371,1,False,0.0,686.0,2.0,1,0,2,[0. 1.],[2 1],1.0,1,0.6,0.7,0.30000000000000004,[1. 1.]
1371,2.0,1372,0,False,0.0,686.0,0.0,1,1,0,[0. 0.],[2 1],0.0,1,0.6,0.7,0.30000000000000004,[1. 1.]
1372,0.0,1373,1,False,0.0,687.0,1.0,1,0,2,[0. 0.],[2 1],0.0,1,0.6,0.7,0.30000000000000004,[1. 1.]
1373,1.0,1374,0,False,0.0,687.0,0.0,1,1,0,[1. 1.],[2 1],,1,0.6,0.7,0.30000000000000004,[1. 1.]
1374,0.0,1375,1,False,0.0,688.0,2.0,1,0,1,[1. 1.],[2 1],,1,0.6,0.7,0.30000000000000004,[1. 1.]
1375,2.0,1376,0,False,1.0,688.0,0.0,1,1,0,[0. 1.],[2 1],1.0,1,0.6,0.7,0.30000000000000004,[1. 1.]
1376,0.0,1377,1,False,0.0,689.0,2.0,1,0,1,[0. 1.],[2 1],1.0,1,0.6,0.7,0.30000000000000004,[1. 1.]
1377,2.0,1378,0,False,1.0,689.0,0.0,1,1,0,[0. 1.],[2 1],,1,0.6,0.7,0.30000000000000004,[1. 1.]
1378,0.0,1379,1,False,0.0,690.0,2.0,1,0,1,[0. 1.],[2 1],,1,0.6,0.7,0.30000000000000004,[1. 1.]
1379,2.0,1380,0,False,1.0,690.0,0.0,1,1,0,[0. 1.],[2 1],0.0,1,0.6,0.7,0.30000000000000004,[1. 1.]
1380,0.0,1381,1,False,0.0,691.0,1.0,1,0,1,[0. 1.],[2 1],0.0,1,0.6,0.7,0.30000000000000004,[1. 1.]
1381,1.0,1382,0,False,1.0,691.0,0.0,1,1,0,[0. 1.],[1 2],0.0,1,0.6,0.7,0.30000000000000004,[1. 1.]
1382,0.0,1383,1,False,0.0,692.0,1.0,1,0,1,[0. 1.],[1 2],0.0,1,0.6,0.7,0.30000000000000004,[1. 1.]
1383,1.0,1384,0,False,0.0,692.0,0.0,1,1,0,[0. 0.],[1 2],,1,0.6,0.7,0.30000000000000004,[1. 1.]
1384,0.0,1385,1,False,0.0,693.0,1.0,1,0,1,[0. 0.],[1 2],,1,0.6,0.7,0.30000000000000004,[1. 1.]
1385,1.0,1386,0,False,0.0,693.0,0.0,1,1,0,[1. 1.],[1 2],0.0,1,0.6,0.7,0.30000000000000004,[1. 1.]
1386,0.0,1387,1,False,0.0,694.0,1.0,1,0,2,[1. 1.],[1 2],0.0,1,0.6,0.7,0.30000000000000004,[1. 1.]
1387,1.0,1388,0,False,1.0,694.0,0.0,1,1,0,[1. 1.],[1 2],,1,0.6,0.7,0.30000000000000004,[1. 1.]
1388,0.0,1389,1,False,0.0,695.0,2.0,1,0,2,[1. 1.],[1 2],,1,0.6,0.7,0.30000000000000004,[1. 1.]
1389,2.0,1390,0,False,1.0,695.0,0.0,1,1,0,[0. 0.],[1 2],1.0,1,0.6,0.7,0.30000000000000004,[1. 1.]
1390,0.0,1391,1,False,0.0,696.0,2.0,1,0,2,[0. 0.],[1 2],1.0,1,0.6,0.7,0.30000000000000004,[1. 1.]
1391,2.0,1392,0,False,0.0,696.0,0.0,1,1,0,[0. 1.],[1 2],,1,0.6,0.7,0.30000000000000004,[1. 1.]
1392,0.0,1393,1,False,0.0,697.0,2.0,1,0,2,[0. 1.],[1 2],,1,0.6,0.7,0.30000000000000004,[1. 1.]
1393,2.0,1394,0,False,1.0,697.0,0.0,1,1,0,[0. 1.],[1 2],0.0,1,0.6,0.7,0.30000000000000004,[1. 1.]
1394,0.0,1395,1,False,0.0,698.0,1.0,1,0,2,[0. 1.],[1 2],0.0,1,0.6,0.7,0.30000000000000004,[1. 1.]
1395,1.0,1396,0,False,1.0,698.0,0.0,1,1,0,[1. 0.],[1 2],0.0,1,0.6,0.7,0.30000000000000004,[1. 1.]
1396,0.0,1397,1,False,0.0,699.0,1.0,1,0,2,[1. 0.],[1 2],0.0,1,0.6,0.7,0.30000000000000004,[1. 1.]
1397,1.0,1398,0,False,0.0,699.0,0.0,1,1,0,[0. 1.],[1 2],1.0,1,0.6,0.7,0.30000000000000004,[1. 1.]
1398,0.0,1399,1,False,0.0,700.0,2.0,1,0,2,[0. 1.],[1 2],1.0,1,0.6,0.7,0.30000000000000004,[1. 1.]
1399,2.0,1400,0,False,1.0,700.0,0.0,1,1,0,[0. 1.],[1 2],0.0,1,0.6,0.7,0.30000000000000004,[1. 1.]
1400,0.0,1401,1,False,0.0,701.0,1.0,1,0,2,[0. 1.],[1 2],0.0,1,0.6,0.7,0.30000000000000004,[1. 1.]
1401,1.0,1402,0,False,1.0,701.0,0.0,1,1,0,[0. 1.],[1 2],,1,0.6,0.7,0.30000000000000004,[1. 1.]
1402,0.0,1403,1,False,0.0,702.0,2.0,1,0,2,[0. 1.],[1 2],,1,0.6,0.7,0.30000000000000004,[1. 1.]
1403,2.0,1404,0,False,1.0,702.0,0.0,1,1,0,[0. 0.],[1 2],0.0,1,0.6,0.7,0.30000000000000004,[1. 1.]
1404,0.0,1405,1,False,0.0,703.0,1.0,1,0,2,[0. 0.],[1 2],0.0,1,0.6,0.7,0.30000000000000004,[1. 1.]
1405,1.0,1406,0,False,0.0,703.0,0.0,1,1,0,[1. 0.],[1 2],,0,0.6,0.7,0.30000000000000004,[1. 1.]
1406,0.0,1407,1,False,0.0,704.0,2.0,1,0,2,[1. 0.],[1 2],,0,0.6,0.7,0.30000000000000004,[1. 1.]
1407,2.0,1408,0,False,0.0,704.0,0.0,1,1,0,[1. 0.],[1 2],,0,0.6,0.7,0.30000000000000004,[1. 1.]
1408,0.0,1409,1,False,0.0,705.0,2.0,1,0,2,[1. 0.],[1 2],,0,0.6,0.7,0.30000000000000004,[1. 1.]
1409,2.0,1410,0,False,0.0,705.0,0.0,1,1,0,[1. 0.],[1 2],1.0,0,0.6,0.7,0.30000000000000004,[1. 1.]
1410,0.0,1411,1,False,0.0,706.0,2.0,1,0,2,[1. 0.],[1 2],1.0,0,0.6,0.7,0.30000000000000004,[1. 1.]
1411,2.0,1412,0,False,0.0,706.0,0.0,1,1,0,[1. 0.],[1 2],,0,0.6,0.7,0.30000000000000004,[1. 1.]
1412,0.0,1413,1,False,0.0,707.0,1.0,1,0,1,[1. 0.],[1 2],,0,0.6,0.7,0.30000000000000004,[1. 1.]
1413,1.0,1414,0,False,1.0,707.0,0.0,1,1,0,[0. 1.],[1 2],,0,0.6,0.7,0.30000000000000004,[1. 1.]
1414,0.0,1415,1,False,0.0,708.0,1.0,1,0,1,[0. 1.],[1 2],,0,0.6,0.7,0.30000000000000004,[1. 1.]
1415,1.0,1416,0,False,0.0,708.0,0.0,1,1,0,[1. 1.],[1 2],,1,0.6,0.7,0.30000000000000004,[1. 1.]
1416,0.0,1417,1,False,0.0,709.0,1.0,1,0,1,[1. 1.],[1 2],,1,0.6,0.7,0.30000000000000004,[1. 1.]
1417,1.0,1418,0,False,1.0,709.0,0.0,1,1,0,[0. 1.],[1 2],,1,0.6,0.7,0.30000000000000004,[1. 1.]
1418,0.0,1419,1,False,0.0,710.0,1.0,1,0,1,[0. 1.],[1 2],,1,0.6,0.7,0.30000000000000004,[1. 1.]
1419,1.0,1420,0,False,0.0,710.0,0.0,1,1,0,[0. 1.],[1 2],1.0,1,0.6,0.7,0.30000000000000004,[1. 1.]
1420,0.0,1421,1,False,0.0,711.0,2.0,1,0,1,[0. 1.],[1 2],1.0,1,0.6,0.7,0.30000000000000004,[1. 1.]
1421,2.0,1422,0,False,0.0,711.0,0.0,1,1,0,[0. 0.],[1 2],0.0,1,0.6,0.7,0.30000000000000004,[1. 1.]
1422,0.0,1423,1,False,0.0,712.0,1.0,1,0,2,[0. 0.],[1 2],0.0,1,0.6,0.7,0.30000000000000004,[1. 1.]
1423,1.0,1424,0,False,0.0,712.0,0.0,1,1,0,[0. 1.],[1 2],1.0,1,0.6,0.7,0.30000000000000004,[1. 1.]
1424,0.0,1425,1,False,0.0,713.0,2.0,1,0,1,[0. 1.],[1 2],1.0,1,0.6,0.7,0.30000000000000004,[1. 1.]
1425,2.0,1426,0,False,0.0,713.0,0.0,1,1,0,[1. 1.],[1 2],,1,0.6,0.7,0.30000000000000004,[1. 1.]
1426,0.0,1427,1,False,0.0,714.0,1.0,1,0,1,[1. 1.],[1 2],,1,0.6,0.7,0.30000000000000004,[1. 1.]
1427,1.0,1428,0,False,1.0,714.0,0.0,1,1,0,[0. 1.],[1 2],,1,0.6,0.7,0.30000000000000004,[1. 1.]
1428,0.0,1429,1,False,0.0,715.0,1.0,1,0,1,[0. 1.],[1 2],,1,0.6,0.7,0.30000000000000004,[1. 1.]
1429,1.0,1430,0,False,0.0,715.0,0.0,1,1,0,[1. 0.],[1 2],0.0,1,0.6,0.7,0.30000000000000004,[1. 1.]
1430,0.0,1431,1,False,0.0,716.0,1.0,1,0,1,[1. 0.],[1 2],0.0,1,0.6,0.7,0.30000000000000004,[1. 1.]
1431,1.0,1432,0,False,1.0,716.0,0.0,1,1,0,[0. 1.],[1 2],,1,0.6,0.7,0.30000000000000004,[1. 1.]
1432,0.0,1433,1,False,0.0,717.0,1.0,1,0,1,[0. 1.],[1 2],,1,0.6,0.7,0.30000000000000004,[1. 1.]
1433,1.0,1434,0,False,0.0,717.0,0.0,1,1,0,[0. 0.],[1 2],,1,0.6,0.7,0.30000000000000004,[1. 1.]
1434,0.0,1435,1,False,0.0,718.0,1.0,1,0,1,[0. 0.],[1 2],,1,0.6,0.7,0.30000000000000004,[1. 1.]
1435,1.0,1436,0,False,0.0,718.0,0.0,1,1,0,[0. 1.],[1 2],0.0,1,0.6,0.7,0.30000000000000004,[1. 1.]
1436,0.0,1437,1,False,0.0,719.0,1.0,1,0,1,[0. 1.],[1 2],0.0,1,0.6,0.7,0.30000000000000004,[1. 1.]
1437,1.0,1438,0,False,0.0,719.0,0.0,1,1,0,[0. 1.],[1 2],0.0,1,0.6,0.7,0.30000000000000004,[1. 1.]
1438,0.0,1439,1,False,0.0,720.0,1.0,1,0,2,[0. 1.],[1 2],0.0,1,0.6,0.7,0.30000000000000004,[1. 1.]
1439,1.0,1440,0,False,1.0,720.0,0.0,1,1,0,[1. 1.],[1 2],0.0,1,0.6,0.7,0.30000000000000004,[1. 1.]
1440,0.0,1441,1,False,0.0,721.0,1.0,1,0,2,[1. 1.],[1 2],0.0,1,0.6,0.7,0.30000000000000004,[1. 1.]
1441,1.0,1442,0,False,1.0,721.0,0.0,1,1,0,[1. 1.],[1 2],0.0,1,0.6,0.7,0.30000000000000004,[1. 1.]
1442,0.0,1443,1,False,0.0,722.0,1.0,1,0,2,[1. 1.],[1 2],0.0,1,0.6,0.7,0.30000000000000004,[1. 1.]
1443,1.0,1444,0,False,1.0,722.0,0.0,1,1,0,[0. 1.],[1 2],1.0,1,0.6,0.7,0.30000000000000004,[1. 1.]
1444,0.0,1445,1,False,0.0,723.0,2.0,1,0,2,[0. 1.],[1 2],1.0,1,0.6,0.7,0.30000000000000004,[1. 1.]
1445,2.0,1446,0,False,1.0,723.0,0.0,1,1,0,[0. 0.],[1 2],0.0,1,0.6,0.7,0.30000000000000004,[1. 1.]
1446,0.0,1447,1,False,0.0,724.0,1.0,1,0,2,[0. 0.],[1 2],0.0,1,0.6,0.7,0.30000000000000004,[1. 1.]
1447,1.0,1448,0,False,0.0,724.0,0.0,1,1,0,[0. 1.],[1 2],,1,0.6,0.7,0.30000000000000004,[1. 1.]
1448,0.0,1449,1,False,0.0,725.0,2.0,1,0,2,[0. 1.],[1 2],,1,0.6,0.7,0.30000000000000004,[1. 1.]
1449,2.0,1450,0,False,1.0,725.0,0.0,1,1,0,[1. 1.],[1 2],1.0,1,0.6,0.7,0.30000000000000004,[1. 1.]
1450,0.0,1451,1,False,0.0,726.0,2.0,1,0,2,[1. 1.],[1 2],1.0,1,0.6,0.7,0.30000000000000004,[1. 1.]
1451,2.0,1452,0,False,1.0,726.0,0.0,1,1,0,[0. 1.],[1 2],1.0,1,0.6,0.7,0.30000000000000004,[1. 1.]
1452,0.0,1453,1,False,0.0,727.0,2.0,1,0,2,[0. 1.],[1 2],1.0,1,0.6,0.7,0.30000000000000004,[1. 1.]
1453,2.0,1454,0,False,1.0,727.0,0.0,1,1,0,[0. 0.],[1 2],0.0,1,0.6,0.7,0.30000000000000004,[1. 1.]
1454,0.0,1455,1,False,0.0,728.0,1.0,1,0,2,[0. 0.],[1 2],0.0,1,0.6,0.7,0.30000000000000004,[1. 1.]
1455,1.0,1456,0,False,0.0,728.0,0.0,1,1,0,[0. 0.],[1 2],,1,0.6,0.7,0.30000000000000004,[1. 1.]
1456,0.0,1457,1,False,0.0,729.0,2.0,1,0,2,[0. 0.],[1 2],,1,0.6,0.7,0.30000000000000004,[1. 1.]
1457,2.0,1458,0,False,0.0,729.0,0.0,1,1,0,[0. 1.],[1 2],,1,0.6,0.7,0.30000000000000004,[1. 1.]
1458,0.0,1459,1,False,0.0,730.0,2.0,1,0,2,[0. 1.],[1 2],,1,0.6,0.7,0.30000000000000004,[1. 1.]
1459,2.0,1460,0,False,1.0,730.0,0.0,1,1,0,[0. 0.],[1 2],1.0,1,0.6,0.7,0.30000000000000004,[1. 1.]
1460,0.0,1461,1,False,0.0,731.0,2.0,1,0,2,[0. 0.],[1 2],1.0,1,0.6,0.7,0.30000000000000004,[1. 1.]
1461,2.0,1462,0,False,0.0,731.0,0.0,1,1,0,[0. 1.],[1 2],1.0,1,0.6,0.7,0.30000000000000004,[1. 1.]
1462,0.0,1463,1,False,0.0,732.0,2.0,1,0,2,[0. 1.],[1 2],1.0,1,0.6,0.7,0.30000000000000004,[1. 1.]
1463,2.0,1464,0,False,1.0,732.0,0.0,1,1,0,[0. 1.],[1 2],0.0,1,0.6,0.7,0.30000000000000004,[1. 1.]
1464,0.0,1465,1,False,0.0,733.0,1.0,1,0,2,[0. 1.],[1 2],0.0,1,0.6,0.7,0.30000000000000004,[1. 1.]
1465,1.0,1466,0,False,1.0,733.0,0.0,1,1,0,[1. 1.],[1 2],1.0,1,0.6,0.7,0.30000000000000004,[1. 1.]
1466,0.0,1467,1,False,0.0,734.0,2.0,1,0,2,[1. 1.],[1 2],1.0,1,0.6,0.7,0.30000000000000004,[1. 1.]
1467,2.0,1468,0,False,1.0,734.0,0.0,1,1,0,[1. 0.],[1 2],0.0,0,0.6,0.7,0.30000000000000004,[1. 1.]
1468,0.0,1469,1,False,0.0,735.0,1.0,1,0,2,[1. 0.],[1 2],0.0,0,0.6,0.7,0.30000000000000004,[1. 1.]
1469,1.0,1470,0,False,0.0,735.0,0.0,1,1,0,[0. 0.],[1 2],0.0,0,0.6,0.7,0.30000000000000004,[1. 1.]
1470,0.0,1471,1,False,0.0,736.0,1.0,1,0,2,[0. 0.],[1 2],0.0,0,0.6,0.7,0.30000000000000004,[1. 1.]
1471,1.0,1472,0,False,0.0,736.0,0.0,1,1,0,[1. 1.],[1 2],1.0,0,0.6,0.7,0.30000000000000004,[1. 1.]
1472,0.0,1473,1,False,0.0,737.0,2.0,1,0,1,[1. 1.],[1 2],1.0,0,0.6,0.7,0.30000000000000004,[1. 1.]
1473,2.0,1474,0,False,1.0,737.0,0.0,1,1,0,[1. 0.],[1 2],0.0,0,0.6,0.7,0.30000000000000004,[1. 1.]
1474,0.0,1475,1,False,0.0,738.0,1.0,1,0,1,[1. 0.],[1 2],0.0,0,0.6,0.7,0.30000000000000004,[1. 1.]
1475,1.0,1476,0,False,1.0,738.0,0.0,1,1,0,[0. 0.],[1 2],1.0,0,0.6,0.7,0.30000000000000004,[1. 1.]
1476,0.0,1477,1,False,0.0,739.0,2.0,1,0,1,[0. 0.],[1 2],1.0,0,0.6,0.7,0.30000000000000004,[1. 1.]
1477,2.0,1478,0,False,0.0,739.0,0.0,1,1,0,[0. 0.],[1 2],,0,0.6,0.7,0.30000000000000004,[1. 1.]
1478,0.0,1479,1,False,0.0,740.0,1.0,1,0,1,[0. 0.],[1 2],,0,0.6,0.7,0.30000000000000004,[1. 1.]
1479,1.0,1480,0,False,0.0,740.0,0.0,1,1,0,[1. 0.],[1 2],0.0,0,0.6,0.7,0.30000000000000004,[1. 1.]
1480,0.0,1481,1,False,0.0,741.0,1.0,1,0,1,[1. 0.],[1 2],0.0,0,0.6,0.7,0.30000000000000004,[1. 1.]
1481,1.0,1482,0,False,1.0,741.0,0.0,1,1,0,[1. 1.],[1 2],,0,0.6,0.7,0.30000000000000004,[1. 1.]
1482,0.0,1483,1,False,0.0,742.0,1.0,1,0,1,[1. 1.],[1 2],,0,0.6,0.7,0.30000000000000004,[1. 1.]
1483,1.0,1484,0,False,1.0,742.0,0.0,1,1,0,[1. 1.],[1 2],,0,0.6,0.7,0.30000000000000004,[1. 1.]
1484,0.0,1485,1,False,0.0,743.0,1.0,1,0,1,[1. 1.],[1 2],,0,0.6,0.7,0.30000000000000004,[1. 1.]
1485,1.0,1486,0,False,1.0,743.0,0.0,1,1,0,[1. 0.],[1 2],,0,0.6,0.7,0.30000000000000004,[1. 1.]
1486,0.0,1487,1,False,0.0,744.0,1.0,1,0,1,[1. 0.],[1 2],,0,0.6,0.7,0.30000000000000004,[1. 1.]
1487,1.0,1488,0,False,1.0,744.0,0.0,1,1,0,[1. 0.],[1 2],,0,0.6,0.7,0.30000000000000004,[1. 1.]
1488,0.0,1489,1,False,0.0,745.0,1.0,1,0,1,[1. 0.],[1 2],,0,0.6,0.7,0.30000000000000004,[1. 1.]
1489,1.0,1490,0,False,1.0,745.0,0.0,1,1,0,[0. 1.],[1 2],,0,0.6,0.7,0.30000000000000004,[1. 1.]
1490,0.0,1491,1,False,0.0,746.0,1.0,1,0,1,[0. 1.],[1 2],,0,0.6,0.7,0.30000000000000004,[1. 1.]
1491,1.0,1492,0,False,0.0,746.0,0.0,1,1,0,[1. 0.],[1 2],1.0,0,0.6,0.7,0.30000000000000004,[1. 1.]
1492,0.0,1493,1,False,0.0,747.0,2.0,1,0,1,[1. 0.],[1 2],1.0,0,0.6,0.7,0.30000000000000004,[1. 1.]
1493,2.0,1494,0,False,1.0,747.0,0.0,1,1,0,[0. 0.],[1 2],,0,0.6,0.7,0.30000000000000004,[1. 1.]
1494,0.0,1495,1,False,0.0,748.0,1.0,1,0,1,[0. 0.],[1 2],,0,0.6,0.7,0.30000000000000004,[1. 1.]
1495,1.0,1496,0,False,0.0,748.0,0.0,1,1,0,[1. 0.],[1 2],,0,0.6,0.7,0.30000000000000004,[1. 1.]
1496,0.0,1497,1,False,0.0,749.0,1.0,1,0,1,[1. 0.],[1 2],,0,0.6,0.7,0.30000000000000004,[1. 1.]
1497,1.0,1498,0,False,1.0,749.0,0.0,1,1,0,[1. 0.],[1 2],0.0,0,0.6,0.7,0.30000000000000004,[1. 1.]
1498,0.0,1499,1,False,0.0,750.0,1.0,1,0,1,[1. 0.],[1 2],0.0,0,0.6,0.7,0.30000000000000004,[1. 1.]
1499,1.0,1500,0,False,1.0,750.0,0.0,1,1,0,[0. 0.],[1 2],0.0,0,0.6,0.7,0.30000000000000004,[1. 1.]
1500,0.0,1501,1,False,0.0,751.0,1.0,1,0,1,[0. 0.],[1 2],0.0,0,0.6,0.7,0.30000000000000004,[1. 1.]
1501,1.0,1502,0,False,0.0,751.0,0.0,1,1,0,[0. 0.],[2 1],,0,0.6,0.7,0.30000000000000004,[1. 1.]
1502,0.0,1503,1,False,0.0,752.0,2.0,1,0,1,[0. 0.],[2 1],,0,0.6,0.7,0.30000000000000004,[1. 1.]
1503,2.0,1504,0,False,0.0,752.0,0.0,1,1,0,[1. 0.],[2 1],1.0,0,0.6,0.7,0.30000000000000004,[1. 1.]
1504,0.0,1505,1,False,0.0,753.0,2.0,1,0,1,[1. 0.],[2 1],1.0,0,0.6,0.7,0.30000000000000004,[1. 1.]
1505,2.0,1506,0,False,0.0,753.0,0.0,1,1,0,[1. 0.],[2 1],,0,0.6,0.7,0.30000000000000004,[1. 1.]
1506,0.0,1507,1,False,0.0,754.0,1.0,1,0,2,[1. 0.],[2 1],,0,0.6,0.7,0.30000000000000004,[1. 1.]
1507,1.0,1508,0,False,1.0,754.0,0.0,1,1,0,[1. 0.],[2 1],1.0,1,0.6,0.7,0.30000000000000004,[1. 1.]
1508,0.0,1509,1,False,0.0,755.0,2.0,1,0,2,[1. 0.],[2 1],1.0,1,0.6,0.7,0.30000000000000004,[1. 1.]
1509,2.0,1510,0,False,1.0,755.0,0.0,1,1,0,[0. 1.],[2 1],1.0,1,0.6,0.7,0.30000000000000004,[1. 1.]
1510,0.0,1511,1,False,0.0,756.0,2.0,1,0,2,[0. 1.],[2 1],1.0,1,0.6,0.7,0.30000000000000004,[1. 1.]
1511,2.0,1512,0,False,0.0,756.0,0.0,1,1,0,[0. 1.],[2 1],,1,0.6,0.7,0.30000000000000004,[1. 1.]
1512,0.0,1513,1,False,0.0,757.0,1.0,1,0,2,[0. 1.],[2 1],,1,0.6,0.7,0.30000000000000004,[1. 1.]
1513,1.0,1514,0,False,0.0,757.0,0.0,1,1,0,[1. 0.],[2 1],1.0,1,0.6,0.7,0.30000000000000004,[1. 1.]
1514,0.0,1515,1,False,0.0,758.0,2.0,1,0,1,[1. 0.],[2 1],1.0,1,0.6,0.7,0.30000000000000004,[1. 1.]
1515,2.0,1516,0,False,0.0,758.0,0.0,1,1,0,[0. 1.],[2 1],0.0,1,0.6,0.7,0.30000000000000004,[1. 1.]
1516,0.0,1517,1,False,0.0,759.0,1.0,1,0,2,[0. 1.],[2 1],0.0,1,0.6,0.7,0.30000000000000004,[1. 1.]
1517,1.0,1518,0,False,0.0,759.0,0.0,1,1,0,[1. 0.],[2 1],,1,0.6,0.7,0.30000000000000004,[1. 1.]
1518,0.0,1519,1,False,0.0,760.0,2.0,1,0,1,[1. 0.],[2 1],,1,0.6,0.7,0.30000000000000004,[1. 1.]
1519,2.0,1520,0,False,0.0,760.0,0.0,1,1,0,[0. 1.],[2 1],,1,0.6,0.7,0.30000000000000004,[1. 1.]
1520,0.0,1521,1,False,0.0,761.0,2.0,1,0,1,[0. 1.],[2 1],,1,0.6,0.7,0.30000000000000004,[1. 1.]
1521,2.0,1522,0,False,1.0,761.0,0.0,1,1,0,[0. 0.],[2 1],0.0,1,0.6,0.7,0.30000000000000004,[1. 1.]
1522,0.0,1523,1,False,0.0,762.0,1.0,1,0,1,[0. 0.],[2 1],0.0,1,0.6,0.7,0.30000000000000004,[1. 1.]
1523,1.0,1524,0,False,0.0,762.0,0.0,1,1,0,[0. 1.],[2 1],,1,0.6,0.7,0.30000000000000004,[1. 1.]
1524,0.0,1525,1,False,0.0,763.0,2.0,1,0,1,[0. 1.],[2 1],,1,0.6,0.7,0.30000000000000004,[1. 1.]
1525,2.0,1526,0,False,1.0,763.0,0.0,1,1,0,[0. 1.],[2 1],,1,0.6,0.7,0.30000000000000004,[1. 1.]
1526,0.0,1527,1,False,0.0,764.0,2.0,1,0,1,[0. 1.],[2 1],,1,0.6,0.7,0.30000000000000004,[1. 1.]
1527,2.0,1528,0,False,1.0,764.0,0.0,1,1,0,[1. 1.],[2 1],0.0,1,0.6,0.7,0.30000000000000004,[1. 1.]
1528,0.0,1529,1,False,0.0,765.0,1.0,1,0,1,[1. 1.],[2 1],0.0,1,0.6,0.7,0.30000000000000004,[1. 1.]
1529,1.0,1530,0,False,1.0,765.0,0.0,1,1,0,[0. 1.],[2 1],0.0,1,0.6,0.7,0.30000000000000004,[1. 1.]
1530,0.0,1531,1,False,0.0,766.0,1.0,1,0,1,[0. 1.],[2 1],0.0,1,0.6,0.7,0.30000000000000004,[1. 1.]
1531,1.0,1532,0,False,1.0,766.0,0.0,1,1,0,[1. 0.],[2 1],1.0,1,0.6,0.7,0.30000000000000004,[1. 1.]
1532,0.0,1533,1,False,0.0,767.0,2.0,1,0,1,[1. 0.],[2 1],1.0,1,0.6,0.7,0.30000000000000004,[1. 1.]
1533,2.0,1534,0,False,0.0,767.0,0.0,1,1,0,[1. 1.],[2 1],0.0,1,0.6,0.7,0.30000000000000004,[1. 1.]
1534,0.0,1535,1,False,0.0,768.0,1.0,1,0,1,[1. 1.],[2 1],0.0,1,0.6,0.7,0.30000000000000004,[1. 1.]
1535,1.0,1536,0,False,1.0,768.0,0.0,1,1,0,[0. 1.],[2 1],,1,0.6,0.7,0.30000000000000004,[1. 1.]
1536,0.0,1537,1,False,0.0,769.0,2.0,1,0,1,[0. 1.],[2 1],,1,0.6,0.7,0.30000000000000004,[1. 1.]
1537,2.0,1538,0,False,1.0,769.0,0.0,1,1,0,[0. 0.],[2 1],0.0,1,0.6,0.7,0.30000000000000004,[1. 1.]
1538,0.0,1539,1,False,0.0,770.0,1.0,1,0,1,[0. 0.],[2 1],0.0,1,0.6,0.7,0.30000000000000004,[1. 1.]
1539,1.0,1540,0,False,0.0,770.0,0.0,1,1,0,[0. 1.],[2 1],1.0,1,0.6,0.7,0.30000000000000004,[1. 1.]
1540,0.0,1541,1,False,0.0,771.0,2.0,1,0,1,[0. 1.],[2 1],1.0,1,0.6,0.7,0.30000000000000004,[1. 1.]
1541,2.0,1542,0,False,1.0,771.0,0.0,1,1,0,[0. 1.],[2 1],1.0,1,0.6,0.7,0.30000000000000004,[1. 1.]
1542,0.0,1543,1,False,0.0,772.0,2.0,1,0,1,[0. 1.],[2 1],1.0,1,0.6,0.7,0.30000000000000004,[1. 1.]
1543,2.0,1544,0,False,1.0,772.0,0.0,1,1,0,[0. 0.],[2 1],1.0,1,0.6,0.7,0.30000000000000004,[1. 1.]
1544,0.0,1545,1,False,0.0,773.0,2.0,1,0,1,[0. 0.],[2 1],1.0,1,0.6,0.7,0.30000000000000004,[1. 1.]
1545,2.0,1546,0,False,0.0,773.0,0.0,1,1,0,[1. 1.],[1 2],1.0,1,0.6,0.7,0.30000000000000004,[1. 1.]
1546,0.0,1547,1,False,0.0,774.0,2.0,1,0,1,[1. 1.],[1 2],1.0,1,0.6,0.7,0.30000000000000004,[1. 1.]
1547,2.0,1548,0,False,1.0,774.0,0.0,1,1,0,[0. 1.],[1 2],1.0,1,0.6,0.7,0.30000000000000004,[1. 1.]
1548,0.0,1549,1,False,0.0,775.0,2.0,1,0,1,[0. 1.],[1 2],1.0,1,0.6,0.7,0.30000000000000004,[1. 1.]
1549,2.0,1550,0,False,0.0,775.0,0.0,1,1,0,[0. 1.],[1 2],,1,0.6,0.7,0.30000000000000004,[1. 1.]
1550,0.0,1551,1,False,0.0,776.0,1.0,1,0,1,[0. 1.],[1 2],,1,0.6,0.7,0.30000000000000004,[1. 1.]
1551,1.0,1552,0,False,0.0,776.0,0.0,1,1,0,[1. 1.],[1 2],,1,0.6,0.7,0.30000000000000004,[1. 1.]
1552,0.0,1553,1,False,0.0,777.0,1.0,1,0,1,[1. 1.],[1 2],,1,0.6,0.7,0.30000000000000004,[1. 1.]
1553,1.0,1554,0,False,1.0,777.0,0.0,1,1,0,[0. 1.],[1 2],,1,0.6,0.7,0.30000000000000004,[1. 1.]
1554,0.0,1555,1,False,0.0,778.0,1.0,1,0,1,[0. 1.],[1 2],,1,0.6,0.7,0.30000000000000004,[1. 1.]
1555,1.0,1556,0,False,0.0,778.0,0.0,1,1,0,[0. 1.],[1 2],,1,0.6,0.7,0.30000000000000004,[1. 1.]
1556,0.0,1557,1,False,0.0,779.0,1.0,1,0,1,[0. 1.],[1 2],,1,0.6,0.7,0.30000000000000004,[1. 1.]
1557,1.0,1558,0,False,0.0,779.0,0.0,1,1,0,[1. 0.],[1 2],0.0,1,0.6,0.7,0.30000000000000004,[1. 1.]
1558,0.0,1559,1,False,0.0,780.0,1.0,1,0,2,[1. 0.],[1 2],0.0,1,0.6,0.7,0.30000000000000004,[1. 1.]
1559,1.0,1560,0,False,0.0,780.0,0.0,1,1,0,[0. 1.],[1 2],,1,0.6,0.7,0.30000000000000004,[1. 1.]
1560,0.0,1561,1,False,0.0,781.0,1.0,1,0,1,[0. 1.],[1 2],,1,0.6,0.7,0.30000000000000004,[1. 1.]
1561,1.0,1562,0,False,0.0,781.0,0.0,1,1,0,[0. 1.],[1 2],,1,0.6,0.7,0.30000000000000004,[1. 1.]
1562,0.0,1563,1,False,0.0,782.0,2.0,1,0,2,[0. 1.],[1 2],,1,0.6,0.7,0.30000000000000004,[1. 1.]
1563,2.0,1564,0,False,1.0,782.0,0.0,1,1,0,[0. 0.],[1 2],0.0,1,0.6,0.7,0.30000000000000004,[1. 1.]
1564,0.0,1565,1,False,0.0,783.0,1.0,1,0,2,[0. 0.],[1 2],0.0,1,0.6,0.7,0.30000000000000004,[1. 1.]
1565,1.0,1566,0,False,0.0,783.0,0.0,1,1,0,[0. 0.],[1 2],1.0,1,0.6,0.7,0.30000000000000004,[1. 1.]
1566,0.0,1567,1,False,0.0,784.0,2.0,1,0,2,[0. 0.],[1 2],1.0,1,0.6,0.7,0.30000000000000004,[1. 1.]
1567,2.0,1568,0,False,0.0,784.0,0.0,1,1,0,[1. 1.],[1 2],,1,0.6,0.7,0.30000000000000004,[1. 1.]
1568,0.0,1569,1,False,0.0,785.0,2.0,1,0,2,[1. 1.],[1 2],,1,0.6,0.7,0.30000000000000004,[1. 1.]
1569,2.0,1570,0,False,1.0,785.0,0.0,1,1,0,[0. 0.],[1 2],0.0,1,0.6,0.7,0.30000000000000004,[1. 1.]
1570,0.0,1571,1,False,0.0,786.0,1.0,1,0,2,[0. 0.],[1 2],0.0,1,0.6,0.7,0.30000000000000004,[1. 1.]
1571,1.0,1572,0,False,0.0,786.0,0.0,1,1,0,[0. 0.],[2 1],,1,0.6,0.7,0.30000000000000004,[1. 1.]
1572,0.0,1573,1,False,0.0,787.0,1.0,1,0,2,[0. 0.],[2 1],,1,0.6,0.7,0.30000000000000004,[1. 1.]
1573,1.0,1574,0,False,0.0,787.0,0.0,1,1,0,[1. 1.],[2 1],,1,0.6,0.7,0.30000000000000004,[1. 1.]
1574,0.0,1575,1,False,0.0,788.0,2.0,1,0,1,[1. 1.],[2 1],,1,0.6,0.7,0.30000000000000004,[1. 1.]
1575,2.0,1576,0,False,1.0,788.0,0.0,1,1,0,[0. 0.],[2 1],,1,0.6,0.7,0.30000000000000004,[1. 1.]
1576,0.0,1577,1,False,0.0,789.0,2.0,1,0,1,[0. 0.],[2 1],,1,0.6,0.7,0.30000000000000004,[1. 1.]
1577,2.0,1578,0,False,0.0,789.0,0.0,1,1,0,[0. 1.],[2 1],0.0,1,0.6,0.7,0.30000000000000004,[1. 1.]
1578,0.0,1579,1,False,0.0,790.0,1.0,1,0,1,[0. 1.],[2 1],0.0,1,0.6,0.7,0.30000000000000004,[1. 1.]
1579,1.0,1580,0,False,1.0,790.0,0.0,1,1,0,[0. 1.],[2 1],1.0,1,0.6,0.7,0.30000000000000004,[1. 1.]
1580,0.0,1581,1,False,0.0,791.0,2.0,1,0,1,[0. 1.],[2 1],1.0,1,0.6,0.7,0.30000000000000004,[1. 1.]
1581,2.0,1582,0,False,1.0,791.0,0.0,1,1,0,[0. 0.],[2 1],,1,0.6,0.7,0.30000000000000004,[1. 1.]
1582,0.0,1583,1,False,0.0,792.0,2.0,1,0,1,[0. 0.],[2 1],,1,0.6,0.7,0.30000000000000004,[1. 1.]
1583,2.0,1584,0,False,0.0,792.0,0.0,1,1,0,[1. 1.],[2 1],,1,0.6,0.7,0.30000000000000004,[1. 1.]
1584,0.0,1585,1,False,0.0,793.0,2.0,1,0,1,[1. 1.],[2 1],,1,0.6,0.7,0.30000000000000004,[1. 1.]
1585,2.0,1586,0,False,1.0,793.0,0.0,1,1,0,[0. 0.],[2 1],1.0,1,0.6,0.7,0.30000000000000004,[1. 1.]
1586,0.0,1587,1,False,0.0,794.0,2.0,1,0,1,[0. 0.],[2 1],1.0,1,0.6,0.7,0.30000000000000004,[1. 1.]
1587,2.0,1588,0,False,0.0,794.0,0.0,1,1,0,[0. 1.],[2 1],,1,0.6,0.7,0.30000000000000004,[1. 1.]
1588,0.0,1589,1,False,0.0,795.0,2.0,1,0,1,[0. 1.],[2 1],,1,0.6,0.7,0.30000000000000004,[1. 1.]
1589,2.0,1590,0,False,1.0,795.0,0.0,1,1,0,[0. 1.],[2 1],0.0,1,0.6,0.7,0.30000000000000004,[1. 1.]
1590,0.0,1591,1,False,0.0,796.0,1.0,1,0,1,[0. 1.],[2 1],0.0,1,0.6,0.7,0.30000000000000004,[1. 1.]
1591,1.0,1592,0,False,1.0,796.0,0.0,1,1,0,[0. 1.],[2 1],0.0,1,0.6,0.7,0.30000000000000004,[1. 1.]
1592,0.0,1593,1,False,0.0,797.0,1.0,1,0,1,[0. 1.],[2 1],0.0,1,0.6,0.7,0.30000000000000004,[1. 1.]
1593,1.0,1594,0,False,1.0,797.0,0.0,1,1,0,[0. 0.],[2 1],,1,0.6,0.7,0.30000000000000004,[1. 1.]
1594,0.0,1595,1,False,0.0,798.0,2.0,1,0,1,[0. 0.],[2 1],,1,0.6,0.7,0.30000000000000004,[1. 1.]
1595,2.0,1596,0,False,0.0,798.0,0.0,1,1,0,[0. 0.],[2 1],,1,0.6,0.7,0.30000000000000004,[1. 1.]
1596,0.0,1597,1,False,0.0,799.0,2.0,1,0,1,[0. 0.],[2 1],,1,0.6,0.7,0.30000000000000004,[1. 1.]
1597,2.0,1598,0,False,0.0,799.0,0.0,1,1,0,[1. 1.],[2 1],0.0,1,0.6,0.7,0.30000000000000004,[1. 1.]
1598,0.0,1599,1,False,0.0,800.0,1.0,1,0,1,[1. 1.],[2 1],0.0,1,0.6,0.7,0.30000000000000004,[1. 1.]
1599,1.0,1600,0,False,1.0,800.0,0.0,1,1,0,[1. 1.],[2 1],,1,0.6,0.7,0.30000000000000004,[1. 1.]
1600,0.0,1601,1,False,0.0,801.0,2.0,1,0,1,[1. 1.],[2 1],,1,0.6,0.7,0.30000000000000004,[1. 1.]
1601,2.0,1602,0,False,1.0,801.0,0.0,1,1,0,[0. 0.],[2 1],,1,0.6,0.7,0.30000000000000004,[1. 1.]
1602,0.0,1603,1,False,0.0,802.0,2.0,1,0,1,[0. 0.],[2 1],,1,0.6,0.7,0.30000000000000004,[1. 1.]
1603,2.0,1604,0,False,0.0,802.0,0.0,1,1,0,[0. 0.],[2 1],1.0,1,0.6,0.7,0.30000000000000004,[1. 1.]
1604,0.0,1605,1,False,0.0,803.0,2.0,1,0,1,[0. 0.],[2 1],1.0,1,0.6,0.7,0.30000000000000004,[1. 1.]
1605,2.0,1606,0,False,0.0,803.0,0.0,1,1,0,[1. 1.],[2 1],,1,0.6,0.7,0.30000000000000004,[1. 1.]
1606,0.0,1607,1,False,0.0,804.0,2.0,1,0,1,[1. 1.],[2 1],,1,0.6,0.7,0.30000000000000004,[1. 1.]
1607,2.0,1608,0,False,1.0,804.0,0.0,1,1,0,[1. 1.],[2 1],0.0,1,0.6,0.7,0.30000000000000004,[1. 1.]
1608,0.0,1609,1,False,0.0,805.0,1.0,1,0,1,[1. 1.],[2 1],0.0,1,0.6,0.7,0.30000000000000004,[1. 1.]
1609,1.0,1610,0,False,1.0,805.0,0.0,1,1,0,[0. 1.],[2 1],1.0,1,0.6,0.7,0.30000000000000004,[1. 1.]
1610,0.0,1611,1,False,0.0,806.0,2.0,1,0,1,[0. 1.],[2 1],1.0,1,0.6,0.7,0.30000000000000004,[1. 1.]
1611,2.0,1612,0,False,1.0,806.0,0.0,1,1,0,[0. 1.],[2 1],1.0,1,0.6,0.7,0.30000000000000004,[1. 1.]
1612,0.0,1613,1,False,0.0,807.0,2.0,1,0,1,[0. 1.],[2 1],1.0,1,0.6,0.7,0.30000000000000004,[1. 1.]
1613,2.0,1614,0,False,1.0,807.0,0.0,1,1,0,[0. 0.],[2 1],1.0,1,0.6,0.7,0.30000000000000004,[1. 1.]
1614,0.0,1615,1,False,0.0,808.0,2.0,1,0,1,[0. 0.],[2 1],1.0,1,0.6,0.7,0.30000000000000004,[1. 1.]
1615,2.0,1616,0,False,0.0,808.0,0.0,1,1,0,[0. 1.],[2 1],0.0,1,0.6,0.7,0.30000000000000004,[1. 1.]
1616,0.0,1617,1,False,0.0,809.0,1.0,1,0,1,[0. 1.],[2 1],0.0,1,0.6,0.7,0.30000000000000004,[1. 1.]
1617,1.0,1618,0,False,1.0,809.0,0.0,1,1,0,[0. 1.],[2 1],0.0,1,0.6,0.7,0.30000000000000004,[1. 1.]
1618,0.0,1619,1,False,0.0,810.0,1.0,1,0,1,[0. 1.],[2 1],0.0,1,0.6,0.7,0.30000000000000004,[1. 1.]
1619,1.0,1620,0,False,1.0,810.0,0.0,1,1,0,[0. 1.],[2 1],0.0,1,0.6,0.7,0.30000000000000004,[1. 1.]
1620,0.0,1621,1,False,0.0,811.0,1.0,1,0,1,[0. 1.],[2 1],0.0,1,0.6,0.7,0.30000000000000004,[1. 1.]
1621,1.0,1622,0,False,1.0,811.0,0.0,1,1,0,[1. 1.],[2 1],1.0,1,0.6,0.7,0.30000000000000004,[1. 1.]
1622,0.0,1623,1,False,0.0,812.0,2.0,1,0,1,[1. 1.],[2 1],1.0,1,0.6,0.7,0.30000000000000004,[1. 1.]
1623,2.0,1624,0,False,1.0,812.0,0.0,1,1,0,[1. 1.],[2 1],0.0,1,0.6,0.7,0.30000000000000004,[1. 1.]
1624,0.0,1625,1,False,0.0,813.0,1.0,1,0,1,[1. 1.],[2 1],0.0,1,0.6,0.7,0.30000000000000004,[1. 1.]
1625,1.0,1626,0,False,1.0,813.0,0.0,1,1,0,[1. 1.],[2 1],,1,0.6,0.7,0.30000000000000004,[1. 1.]
1626,0.0,1627,1,False,0.0,814.0,2.0,1,0,1,[1. 1.],[2 1],,1,0.6,0.7,0.30000000000000004,[1. 1.]
1627,2.0,1628,0,False,1.0,814.0,0.0,1,1,0,[0. 1.],[2 1],,1,0.6,0.7,0.30000000000000004,[1. 1.]
1628,0.0,1629,1,False,0.0,815.0,2.0,1,0,1,[0. 1.],[2 1],,1,0.6,0.7,0.30000000000000004,[1. 1.]
1629,2.0,1630,0,False,1.0,815.0,0.0,1,1,0,[1. 1.],[2 1],,1,0.6,0.7,0.30000000000000004,[1. 1.]
1630,0.0,1631,1,False,0.0,816.0,2.0,1,0,1,[1. 1.],[2 1],,1,0.6,0.7,0.30000000000000004,[1. 1.]
1631,2.0,1632,0,False,1.0,816.0,0.0,1,1,0,[0. 0.],[2 1],,1,0.6,0.7,0.30000000000000004,[1. 1.]
1632,0.0,1633,1,False,0.0,817.0,2.0,1,0,1,[0. 0.],[2 1],,1,0.6,0.7,0.30000000000000004,[1. 1.]
1633,2.0,1634,0,False,0.0,817.0,0.0,1,1,0,[1. 1.],[2 1],1.0,1,0.6,0.7,0.30000000000000004,[1. 1.]
1634,0.0,1635,1,False,0.0,818.0,2.0,1,0,1,[1. 1.],[2 1],1.0,1,0.6,0.7,0.30000000000000004,[1. 1.]
1635,2.0,1636,0,False,1.0,818.0,0.0,1,1,0,[0. 0.],[2 1],0.0,1,0.6,0.7,0.30000000000000004,[1. 1.]
1636,0.0,1637,1,False,0.0,819.0,1.0,1,0,1,[0. 0.],[2 1],0.0,1,0.6,0.7,0.30000000000000004,[1. 1.]
1637,1.0,1638,0,False,0.0,819.0,0.0,1,1,0,[0. 1.],[2 1],,1,0.6,0.7,0.30000000000000004,[1. 1.]
1638,0.0,1639,1,False,0.0,820.0,2.0,1,0,1,[0. 1.],[2 1],,1,0.6,0.7,0.30000000000000004,[1. 1.]
1639,2.0,1640,0,False,1.0,820.0,0.0,1,1,0,[1. 1.],[2 1],0.0,1,0.6,0.7,0.30000000000000004,[1. 1.]
1640,0.0,1641,1,False,0.0,821.0,1.0,1,0,1,[1. 1.],[2 1],0.0,1,0.6,0.7,0.30000000000000004,[1. 1.]
1641,1.0,1642,0,False,1.0,821.0,0.0,1,1,0,[0. 1.],[2 1],0.0,1,0.6,0.7,0.30000000000000004,[1. 1.]
1642,0.0,1643,1,False,0.0,822.0,1.0,1,0,1,[0. 1.],[2 1],0.0,1,0.6,0.7,0.30000000000000004,[1. 1.]
1643,1.0,1644,0,False,1.0,822.0,0.0,1,1,0,[1. 1.],[2 1],,1,0.6,0.7,0.30000000000000004,[1. 1.]
1644,0.0,1645,1,False,0.0,823.0,2.0,1,0,1,[1. 1.],[2 1],,1,0.6,0.7,0.30000000000000004,[1. 1.]
1645,2.0,1646,0,False,1.0,823.0,0.0,1,1,0,[1. 1.],[2 1],0.0,1,0.6,0.7,0.30000000000000004,[1. 1.]
1646,0.0,1647,1,False,0.0,824.0,1.0,1,0,1,[1. 1.],[2 1],0.0,1,0.6,0.7,0.30000000000000004,[1. 1.]
1647,1.0,1648,0,False,1.0,824.0,0.0,1,1,0,[1. 1.],[2 1],1.0,1,0.6,0.7,0.30000000000000004,[1. 1.]
1648,0.0,1649,1,False,0.0,825.0,2.0,1,0,1,[1. 1.],[2 1],1.0,1,0.6,0.7,0.30000000000000004,[1. 1.]
1649,2.0,1650,0,False,1.0,825.0,0.0,1,1,0,[1. 1.],[2 1],0.0,1,0.6,0.7,0.30000000000000004,[1. 1.]
1650,0.0,1651,1,False,0.0,826.0,1.0,1,0,1,[1. 1.],[2 1],0.0,1,0.6,0.7,0.30000000000000004,[1. 1.]
1651,1.0,1652,0,False,1.0,826.0,0.0,1,1,0,[0. 1.],[2 1],,1,0.6,0.7,0.30000000000000004,[1. 1.]
1652,0.0,1653,1,False,0.0,827.0,2.0,1,0,1,[0. 1.],[2 1],,1,0.6,0.7,0.30000000000000004,[1. 1.]
1653,2.0,1654,0,False,1.0,827.0,0.0,1,1,0,[0. 0.],[2 1],,1,0.6,0.7,0.30000000000000004,[1. 1.]
1654,0.0,1655,1,False,0.0,828.0,2.0,1,0,1,[0. 0.],[2 1],,1,0.6,0.7,0.30000000000000004,[1. 1.]
1655,2.0,1656,0,False,0.0,828.0,0.0,1,1,0,[0. 1.],[2 1],1.0,1,0.6,0.7,0.30000000000000004,[1. 1.]
1656,0.0,1657,1,False,0.0,829.0,2.0,1,0,1,[0. 1.],[2 1],1.0,1,0.6,0.7,0.30000000000000004,[1. 1.]
1657,2.0,1658,0,False,1.0,829.0,0.0,1,1,0,[0. 0.],[2 1],1.0,1,0.6,0.7,0.30000000000000004,[1. 1.]
1658,0.0,1659,1,False,0.0,830.0,2.0,1,0,1,[0. 0.],[2 1],1.0,1,0.6,0.7,0.30000000000000004,[1. 1.]
1659,2.0,1660,0,False,0.0,830.0,0.0,1,1,0,[1. 0.],[2 1],1.0,1,0.6,0.7,0.30000000000000004,[1. 1.]
1660,0.0,1661,1,False,0.0,831.0,2.0,1,0,1,[1. 0.],[2 1],1.0,1,0.6,0.7,0.30000000000000004,[1. 1.]
1661,2.0,1662,0,False,0.0,831.0,0.0,1,1,0,[1. 1.],[2 1],0.0,1,0.6,0.7,0.30000000000000004,[1. 1.]
1662,0.0,1663,1,False,0.0,832.0,1.0,1,0,1,[1. 1.],[2 1],0.0,1,0.6,0.7,0.30000000000000004,[1. 1.]
1663,1.0,1664,0,False,1.0,832.0,0.0,1,1,0,[1. 0.],[2 1],0.0,1,0.6,0.7,0.30000000000000004,[1. 1.]
1664,0.0,1665,1,False,0.0,833.0,1.0,1,0,1,[1. 0.],[2 1],0.0,1,0.6,0.7,0.30000000000000004,[1. 1.]
1665,1.0,1666,0,False,0.0,833.0,0.0,1,1,0,[1. 1.],[2 1],,1,0.6,0.7,0.30000000000000004,[1. 1.]
1666,0.0,1667,1,False,0.0,834.0,2.0,1,0,1,[1. 1.],[2 1],,1,0.6,0.7,0.30000000000000004,[1. 1.]
1667,2.0,1668,0,False,1.0,834.0,0.0,1,1,0,[0. 1.],[2 1],0.0,1,0.6,0.7,0.30000000000000004,[1. 1.]
1668,0.0,1669,1,False,0.0,835.0,1.0,1,0,1,[0. 1.],[2 1],0.0,1,0.6,0.7,0.30000000000000004,[1. 1.]
1669,1.0,1670,0,False,1.0,835.0,0.0,1,1,0,[0. 1.],[2 1],0.0,1,0.6,0.7,0.30000000000000004,[1. 1.]
1670,0.0,1671,1,False,0.0,836.0,1.0,1,0,1,[0. 1.],[2 1],0.0,1,0.6,0.7,0.30000000000000004,[1. 1.]
1671,1.0,1672,0,False,1.0,836.0,0.0,1,1,0,[0. 1.],[2 1],,1,0.6,0.7,0.30000000000000004,[1. 1.]
1672,0.0,1673,1,False,0.0,837.0,2.0,1,0,1,[0. 1.],[2 1],,1,0.6,0.7,0.30000000000000004,[1. 1.]
1673,2.0,1674,0,False,1.0,837.0,0.0,1,1,0,[0. 1.],[2 1],,1,0.6,0.7,0.30000000000000004,[1. 1.]
1674,0.0,1675,1,False,0.0,838.0,2.0,1,0,1,[0. 1.],[2 1],,1,0.6,0.7,0.30000000000000004,[1. 1.]
1675,2.0,1676,0,False,1.0,838.0,0.0,1,1,0,[0. 1.],[1 2],,1,0.6,0.7,0.30000000000000004,[1. 1.]
1676,0.0,1677,1,False,0.0,839.0,1.0,1,0,1,[0. 1.],[1 2],,1,0.6,0.7,0.30000000000000004,[1. 1.]
1677,1.0,1678,0,False,0.0,839.0,0.0,1,1,0,[0. 1.],[1 2],1.0,1,0.6,0.7,0.30000000000000004,[1. 1.]
1678,0.0,1679,1,False,0.0,840.0,2.0,1,0,1,[0. 1.],[1 2],1.0,1,0.6,0.7,0.30000000000000004,[1. 1.]
1679,2.0,1680,0,False,0.0,840.0,0.0,1,1,0,[0. 0.],[2 1],0.0,1,0.6,0.7,0.30000000000000004,[1. 1.]
1680,0.0,1681,1,False,0.0,841.0,1.0,1,0,1,[0. 0.],[2 1],0.0,1,0.6,0.7,0.30000000000000004,[1. 1.]
1681,1.0,1682,0,False,0.0,841.0,0.0,1,1,0,[1. 0.],[2 1],,1,0.6,0.7,0.30000000000000004,[1. 1.]
1682,0.0,1683,1,False,0.0,842.0,1.0,1,0,2,[1. 0.],[2 1],,1,0.6,0.7,0.30000000000000004,[1. 1.]
1683,1.0,1684,0,False,1.0,842.0,0.0,1,1,0,[0. 0.],[2 1],0.0,1,0.6,0.7,0.30000000000000004,[1. 1.]
1684,0.0,1685,1,False,0.0,843.0,1.0,1,0,2,[0. 0.],[2 1],0.0,1,0.6,0.7,0.30000000000000004,[1. 1.]
1685,1.0,1686,0,False,0.0,843.0,0.0,1,1,0,[1. 0.],[2 1],,1,0.6,0.7,0.30000000000000004,[1. 1.]
1686,0.0,1687,1,False,0.0,844.0,1.0,1,0,2,[1. 0.],[2 1],,1,0.6,0.7,0.30000000000000004,[1. 1.]
1687,1.0,1688,0,False,1.0,844.0,0.0,1,1,0,[0. 0.],[2 1],,1,0.6,0.7,0.30000000000000004,[1. 1.]
1688,0.0,1689,1,False,0.0,845.0,1.0,1,0,2,[0. 0.],[2 1],,1,0.6,0.7,0.30000000000000004,[1. 1.]
1689,1.0,1690,0,False,0.0,845.0,0.0,1,1,0,[1. 0.],[2 1],1.0,1,0.6,0.7,0.30000000000000004,[1. 1.]
1690,0.0,1691,1,False,0.0,846.0,2.0,1,0,2,[1. 0.],[2 1],1.0,1,0.6,0.7,0.30000000000000004,[1. 1.]
1691,2.0,1692,0,False,1.0,846.0,0.0,1,1,0,[0. 1.],[2 1],,1,0.6,0.7,0.30000000000000004,[1. 1.]
1692,0.0,1693,1,False,0.0,847.0,1.0,1,0,2,[0. 1.],[2 1],,1,0.6,0.7,0.30000000000000004,[1. 1.]
1693,1.0,1694,0,False,0.0,847.0,0.0,1,1,0,[0. 1.],[2 1],0.0,1,0.6,0.7,0.30000000000000004,[1. 1.]
1694,0.0,1695,1,False,0.0,848.0,1.0,1,0,2,[0. 1.],[2 1],0.0,1,0.6,0.7,0.30000000000000004,[1. 1.]
1695,1.0,1696,0,False,0.0,848.0,0.0,1,1,0,[0. 1.],[2 1],0.0,1,0.6,0.7,0.30000000000000004,[1. 1.]
1696,0.0,1697,1,False,0.0,849.0,1.0,1,0,1,[0. 1.],[2 1],0.0,1,0.6,0.7,0.30000000000000004,[1. 1.]
1697,1.0,1698,0,False,1.0,849.0,0.0,1,1,0,[0. 0.],[2 1],,1,0.6,0.7,0.30000000000000004,[1. 1.]
1698,0.0,1699,1,False,0.0,850.0,2.0,1,0,1,[0. 0.],[2 1],,1,0.6,0.7,0.30000000000000004,[1. 1.]
1699,2.0,1700,0,False,0.0,850.0,0.0,1,1,0,[0. 1.],[2 1],,1,0.6,0.7,0.30000000000000004,[1. 1.]
1700,0.0,1701,1,False,0.0,851.0,2.0,1,0,1,[0. 1.],[2 1],,1,0.6,0.7,0.30000000000000004,[1. 1.]
1701,2.0,1702,0,False,1.0,851.0,0.0,1,1,0,[1. 0.],[2 1],0.0,1,0.6,0.7,0.30000000000000004,[1. 1.]
1702,0.0,1703,1,False,0.0,852.0,1.0,1,0,1,[1. 0.],[2 1],0.0,1,0.6,0.7,0.30000000000000004,[1. 1.]
1703,1.0,1704,0,False,0.0,852.0,0.0,1,1,0,[0. 1.],[2 1],,1,0.6,0.7,0.30000000000000004,[1. 1.]
1704,0.0,1705,1,False,0.0,853.0,2.0,1,0,1,[0. 1.],[2 1],,1,0.6,0.7,0.30000000000000004,[1. 1.]
1705,2.0,1706,0,False,1.0,853.0,0.0,1,1,0,[1. 1.],[2 1],,1,0.6,0.7,0.30000000000000004,[1. 1.]
1706,0.0,1707,1,False,0.0,854.0,2.0,1,0,1,[1. 1.],[2 1],,1,0.6,0.7,0.30000000000000004,[1. 1.]
1707,2.0,1708,0,False,1.0,854.0,0.0,1,1,0,[1. 0.],[2 1],0.0,1,0.6,0.7,0.30000000000000004,[1. 1.]
1708,0.0,1709,1,False,0.0,855.0,1.0,1,0,1,[1. 0.],[2 1],0.0,1,0.6,0.7,0.30000000000000004,[1. 1.]
1709,1.0,1710,0,False,0.0,855.0,0.0,1,1,0,[0. 0.],[1 2],,1,0.6,0.7,0.30000000000000004,[1. 1.]
1710,0.0,1711,1,False,0.0,856.0,1.0,1,0,1,[0. 0.],[1 2],,1,0.6,0.7,0.30000000000000004,[1. 1.]
1711,1.0,1712,0,False,0.0,856.0,0.0,1,1,0,[0. 1.],[1 2],,1,0.6,0.7,0.30000000000000004,[1. 1.]
1712,0.0,1713,1,False,0.0,857.0,2.0,1,0,2,[0. 1.],[1 2],,1,0.6,0.7,0.30000000000000004,[1. 1.]
1713,2.0,1714,0,False,1.0,857.0,0.0,1,1,0,[0. 1.],[1 2],0.0,1,0.6,0.7,0.30000000000000004,[1. 1.]
1714,0.0,1715,1,False,0.0,858.0,1.0,1,0,2,[0. 1.],[1 2],0.0,1,0.6,0.7,0.30000000000000004,[1. 1.]
1715,1.0,1716,0,False,1.0,858.0,0.0,1,1,0,[0. 1.],[1 2],1.0,1,0.6,0.7,0.30000000000000004,[1. 1.]
1716,0.0,1717,1,False,0.0,859.0,2.0,1,0,2,[0. 1.],[1 2],1.0,1,0.6,0.7,0.30000000000000004,[1. 1.]
1717,2.0,1718,0,False,1.0,859.0,0.0,1,1,0,[0. 1.],[1 2],1.0,1,0.6,0.7,0.30000000000000004,[1. 1.]
1718,0.0,1719,1,False,0.0,860.0,2.0,1,0,2,[0. 1.],[1 2],1.0,1,0.6,0.7,0.30000000000000004,[1. 1.]
1719,2.0,1720,0,False,1.0,860.0,0.0,1,1,0,[0. 0.],[1 2],0.0,1,0.6,0.7,0.30000000000000004,[1. 1.]
1720,0.0,1721,1,False,0.0,861.0,1.0,1,0,2,[0. 0.],[1 2],0.0,1,0.6,0.7,0.30000000000000004,[1. 1.]
1721,1.0,1722,0,False,0.0,861.0,0.0,1,1,0,[0. 1.],[1 2],1.0,1,0.6,0.7,0.30000000000000004,[1. 1.]
1722,0.0,1723,1,False,0.0,862.0,2.0,1,0,2,[0. 1.],[1 2],1.0,1,0.6,0.7,0.30000000000000004,[1. 1.]
1723,2.0,1724,0,False,1.0,862.0,0.0,1,1,0,[0. 1.],[1 2],0.0,1,0.6,0.7,0.30000000000000004,[1. 1.]
1724,0.0,1725,1,False,0.0,863.0,1.0,1,0,2,[0. 1.],[1 2],0.0,1,0.6,0.7,0.30000000000000004,[1. 1.]
1725,1.0,1726,0,False,1.0,863.0,0.0,1,1,0,[1. 0.],[1 2],1.0,1,0.6,0.7,0.30000000000000004,[1. 1.]
1726,0.0,1727,1,False,0.0,864.0,2.0,1,0,2,[1. 0.],[1 2],1.0,1,0.6,0.7,0.30000000000000004,[1. 1.]
1727,2.0,1728,0,False,0.0,864.0,0.0,1,1,0,[1. 0.],[1 2],0.0,1,0.6,0.7,0.30000000000000004,[1. 1.]
1728,0.0,1729,1,False,0.0,865.0,1.0,1,0,2,[1. 0.],[1 2],0.0,1,0.6,0.7,0.30000000000000004,[1. 1.]
1729,1.0,1730,0,False,0.0,865.0,0.0,1,1,0,[0. 0.],[1 2],,1,0.6,0.7,0.30000000000000004,[1. 1.]
1730,0.0,1731,1,False,0.0,866.0,2.0,1,0,2,[0. 0.],[1 2],,1,0.6,0.7,0.30000000000000004,[1. 1.]
1731,2.0,1732,0,False,0.0,866.0,0.0,1,1,0,[1. 0.],[1 2],,1,0.6,0.7,0.30000000000000004,[1. 1.]
1732,0.0,1733,1,False,0.0,867.0,2.0,1,0,2,[1. 0.],[1 2],,1,0.6,0.7,0.30000000000000004,[1. 1.]
1733,2.0,1734,0,False,0.0,867.0,0.0,1,1,0,[1. 1.],[1 2],,1,0.6,0.7,0.30000000000000004,[1. 1.]
1734,0.0,1735,1,False,0.0,868.0,2.0,1,0,2,[1. 1.],[1 2],,1,0.6,0.7,0.30000000000000004,[1. 1.]
1735,2.0,1736,0,False,1.0,868.0,0.0,1,1,0,[1. 1.],[1 2],1.0,1,0.6,0.7,0.30000000000000004,[1. 1.]
1736,0.0,1737,1,False,0.0,869.0,2.0,1,0,2,[1. 1.],[1 2],1.0,1,0.6,0.7,0.30000000000000004,[1. 1.]
1737,2.0,1738,0,False,1.0,869.0,0.0,1,1,0,[1. 1.],[1 2],0.0,1,0.6,0.7,0.30000000000000004,[1. 1.]
1738,0.0,1739,1,False,0.0,870.0,1.0,1,0,2,[1. 1.],[1 2],0.0,1,0.6,0.7,0.30000000000000004,[1. 1.]
1739,1.0,1740,0,False,1.0,870.0,0.0,1,1,0,[0. 0.],[1 2],,1,0.6,0.7,0.30000000000000004,[1. 1.]
1740,0.0,1741,1,False,0.0,871.0,2.0,1,0,2,[0. 0.],[1 2],,1,0.6,0.7,0.30000000000000004,[1. 1.]
1741,2.0,1742,0,False,0.0,871.0,0.0,1,1,0,[0. 1.],[1 2],,1,0.6,0.7,0.30000000000000004,[1. 1.]
1742,0.0,1743,1,False,0.0,872.0,2.0,1,0,2,[0. 1.],[1 2],,1,0.6,0.7,0.30000000000000004,[1. 1.]
1743,2.0,1744,0,False,1.0,872.0,0.0,1,1,0,[0. 1.],[1 2],1.0,1,0.6,0.7,0.30000000000000004,[1. 1.]
1744,0.0,1745,1,False,0.0,873.0,2.0,1,0,2,[0. 1.],[1 2],1.0,1,0.6,0.7,0.30000000000000004,[1. 1.]
1745,2.0,1746,0,False,1.0,873.0,0.0,1,1,0,[0. 1.],[1 2],1.0,1,0.6,0.7,0.30000000000000004,[1. 1.]
1746,0.0,1747,1,False,0.0,874.0,2.0,1,0,2,[0. 1.],[1 2],1.0,1,0.6,0.7,0.30000000000000004,[1. 1.]
1747,2.0,1748,0,False,1.0,874.0,0.0,1,1,0,[0. 1.],[1 2],,1,0.6,0.7,0.30000000000000004,[1. 1.]
1748,0.0,1749,1,False,0.0,875.0,2.0,1,0,2,[0. 1.],[1 2],,1,0.6,0.7,0.30000000000000004,[1. 1.]
1749,2.0,1750,0,False,1.0,875.0,0.0,1,1,0,[1. 0.],[1 2],1.0,1,0.6,0.7,0.30000000000000004,[1. 1.]
1750,0.0,1751,1,False,0.0,876.0,2.0,1,0,2,[1. 0.],[1 2],1.0,1,0.6,0.7,0.30000000000000004,[1. 1.]
1751,2.0,1752,0,False,0.0,876.0,0.0,1,1,0,[0. 1.],[1 2],,1,0.6,0.7,0.30000000000000004,[1. 1.]
1752,0.0,1753,1,False,0.0,877.0,2.0,1,0,2,[0. 1.],[1 2],,1,0.6,0.7,0.30000000000000004,[1. 1.]
1753,2.0,1754,0,False,1.0,877.0,0.0,1,1,0,[0. 1.],[1 2],0.0,1,0.6,0.7,0.30000000000000004,[1. 1.]
1754,0.0,1755,1,False,0.0,878.0,1.0,1,0,2,[0. 1.],[1 2],0.0,1,0.6,0.7,0.30000000000000004,[1. 1.]
1755,1.0,1756,0,False,1.0,878.0,0.0,1,1,0,[1. 1.],[1 2],,1,0.6,0.7,0.30000000000000004,[1. 1.]
1756,0.0,1757,1,False,0.0,879.0,2.0,1,0,2,[1. 1.],[1 2],,1,0.6,0.7,0.30000000000000004,[1. 1.]
1757,2.0,1758,0,False,1.0,879.0,0.0,1,1,0,[0. 1.],[1 2],1.0,1,0.6,0.7,0.30000000000000004,[1. 1.]
1758,0.0,1759,1,False,0.0,880.0,2.0,1,0,2,[0. 1.],[1 2],1.0,1,0.6,0.7,0.30000000000000004,[1. 1.]
1759,2.0,1760,0,False,1.0,880.0,0.0,1,1,0,[1. 0.],[1 2],,1,0.6,0.7,0.30000000000000004,[1. 1.]
1760,0.0,1761,1,False,0.0,881.0,2.0,1,0,2,[1. 0.],[1 2],,1,0.6,0.7,0.30000000000000004,[1. 1.]
1761,2.0,1762,0,False,0.0,881.0,0.0,1,1,0,[0. 0.],[1 2],1.0,1,0.6,0.7,0.30000000000000004,[1. 1.]
1762,0.0,1763,1,False,0.0,882.0,2.0,1,0,2,[0. 0.],[1 2],1.0,1,0.6,0.7,0.30000000000000004,[1. 1.]
1763,2.0,1764,0,False,0.0,882.0,0.0,1,1,0,[1. 1.],[1 2],1.0,1,0.6,0.7,0.30000000000000004,[1. 1.]
1764,0.0,1765,1,False,0.0,883.0,2.0,1,0,2,[1. 1.],[1 2],1.0,1,0.6,0.7,0.30000000000000004,[1. 1.]
1765,2.0,1766,0,False,1.0,883.0,0.0,1,1,0,[0. 0.],[1 2],0.0,1,0.6,0.7,0.30000000000000004,[1. 1.]
1766,0.0,1767,1,False,0.0,884.0,1.0,1,0,2,[0. 0.],[1 2],0.0,1,0.6,0.7,0.30000000000000004,[1. 1.]
1767,1.0,1768,0,False,0.0,884.0,0.0,1,1,0,[1. 0.],[1 2],0.0,1,0.6,0.7,0.30000000000000004,[1. 1.]
1768,0.0,1769,1,False,0.0,885.0,1.0,1,0,2,[1. 0.],[1 2],0.0,1,0.6,0.7,0.30000000000000004,[1. 1.]
1769,1.0,1770,0,False,0.0,885.0,0.0,1,1,0,[1. 1.],[1 2],0.0,1,0.6,0.7,0.30000000000000004,[1. 1.]
1770,0.0,1771,1,False,0.0,886.0,1.0,1,0,2,[1. 1.],[1 2],0.0,1,0.6,0.7,0.30000000000000004,[1. 1.]
1771,1.0,1772,0,False,1.0,886.0,0.0,1,1,0,[0. 1.],[1 2],1.0,1,0.6,0.7,0.30000000000000004,[1. 1.]
1772,0.0,1773,1,False,0.0,887.0,2.0,1,0,2,[0. 1.],[1 2],1.0,1,0.6,0.7,0.30000000000000004,[1. 1.]
1773,2.0,1774,0,False,1.0,887.0,0.0,1,1,0,[0. 1.],[1 2],,1,0.6,0.7,0.30000000000000004,[1. 1.]
1774,0.0,1775,1,False,0.0,888.0,2.0,1,0,2,[0. 1.],[1 2],,1,0.6,0.7,0.30000000000000004,[1. 1.]
1775,2.0,1776,0,False,1.0,888.0,0.0,1,1,0,[1. 1.],[1 2],0.0,1,0.6,0.7,0.30000000000000004,[1. 1.]
1776,0.0,1777,1,False,0.0,889.0,1.0,1,0,2,[1. 1.],[1 2],0.0,1,0.6,0.7,0.30000000000000004,[1. 1.]
1777,1.0,1778,0,False,1.0,889.0,0.0,1,1,0,[0. 1.],[1 2],1.0,1,0.6,0.7,0.30000000000000004,[1. 1.]
1778,0.0,1779,1,False,0.0,890.0,2.0,1,0,2,[0. 1.],[1 2],1.0,1,0.6,0.7,0.30000000000000004,[1. 1.]
1779,2.0,1780,0,False,1.0,890.0,0.0,1,1,0,[0. 0.],[1 2],0.0,0,0.6,0.7,0.30000000000000004,[1. 1.]
1780,0.0,1781,1,False,0.0,891.0,1.0,1,0,2,[0. 0.],[1 2],0.0,0,0.6,0.7,0.30000000000000004,[1. 1.]
1781,1.0,1782,0,False,0.0,891.0,0.0,1,1,0,[0. 0.],[2 1],,0,0.6,0.7,0.30000000000000004,[1. 1.]
1782,0.0,1783,1,False,0.0,892.0,1.0,1,0,2,[0. 0.],[2 1],,0,0.6,0.7,0.30000000000000004,[1. 1.]
1783,1.0,1784,0,False,0.0,892.0,0.0,1,1,0,[1. 0.],[2 1],1.0,0,0.6,0.7,0.30000000000000004,[1. 1.]
1784,0.0,1785,1,False,0.0,893.0,2.0,1,0,2,[1. 0.],[2 1],1.0,0,0.6,0.7,0.30000000000000004,[1. 1.]
1785,2.0,1786,0,False,1.0,893.0,0.0,1,1,0,[1. 0.],[2 1],0.0,0,0.6,0.7,0.30000000000000004,[1. 1.]
1786,0.0,1787,1,False,0.0,894.0,1.0,1,0,2,[1. 0.],[2 1],0.0,0,0.6,0.7,0.30000000000000004,[1. 1.]
1787,1.0,1788,0,False,1.0,894.0,0.0,1,1,0,[1. 0.],[2 1],1.0,0,0.6,0.7,0.30000000000000004,[1. 1.]
1788,0.0,1789,1,False,0.0,895.0,2.0,1,0,2,[1. 0.],[2 1],1.0,0,0.6,0.7,0.30000000000000004,[1. 1.]
1789,2.0,1790,0,False,1.0,895.0,0.0,1,1,0,[0. 1.],[2 1],1.0,0,0.6,0.7,0.30000000000000004,[1. 1.]
1790,0.0,1791,1,False,0.0,896.0,2.0,1,0,2,[0. 1.],[2 1],1.0,0,0.6,0.7,0.30000000000000004,[1. 1.]
1791,2.0,1792,0,False,0.0,896.0,0.0,1,1,0,[0. 0.],[2 1],1.0,0,0.6,0.7,0.30000000000000004,[1. 1.]
1792,0.0,1793,1,False,0.0,897.0,2.0,1,0,2,[0. 0.],[2 1],1.0,0,0.6,0.7,0.30000000000000004,[1. 1.]
1793,2.0,1794,0,False,0.0,897.0,0.0,1,1,0,[1. 1.],[2 1],,0,0.6,0.7,0.30000000000000004,[1. 1.]
1794,0.0,1795,1,False,0.0,898.0,1.0,1,0,2,[1. 1.],[2 1],,0,0.6,0.7,0.30000000000000004,[1. 1.]
1795,1.0,1796,0,False,1.0,898.0,0.0,1,1,0,[1. 1.],[2 1],1.0,0,0.6,0.7,0.30000000000000004,[1. 1.]
1796,0.0,1797,1,False,0.0,899.0,2.0,1,0,2,[1. 1.],[2 1],1.0,0,0.6,0.7,0.30000000000000004,[1. 1.]
1797,2.0,1798,0,False,1.0,899.0,0.0,1,1,0,[1. 0.],[2 1],1.0,0,0.6,0.7,0.30000000000000004,[1. 1.]
1798,0.0,1799,1,False,0.0,900.0,2.0,1,0,2,[1. 0.],[2 1],1.0,0,0.6,0.7,0.30000000000000004,[1. 1.]
1799,2.0,1800,0,False,1.0,900.0,0.0,1,1,0,[0. 0.],[2 1],,0,0.6,0.7,0.30000000000000004,[1. 1.]
1800,0.0,1801,1,False,0.0,901.0,1.0,1,0,2,[0. 0.],[2 1],,0,0.6,0.7,0.30000000000000004,[1. 1.]
1801,1.0,1802,0,False,0.0,901.0,0.0,1,1,0,[0. 1.],[2 1],1.0,0,0.6,0.7,0.30000000000000004,[1. 1.]
1802,0.0,1803,1,False,0.0,902.0,2.0,1,0,2,[0. 1.],[2 1],1.0,0,0.6,0.7,0.30000000000000004,[1. 1.]
1803,2.0,1804,0,False,0.0,902.0,0.0,1,1,0,[0. 0.],[2 1],,0,0.6,0.7,0.30000000000000004,[1. 1.]
1804,0.0,1805,1,False,0.0,903.0,1.0,1,0,2,[0. 0.],[2 1],,0,0.6,0.7,0.30000000000000004,[1. 1.]
1805,1.0,1806,0,False,0.0,903.0,0.0,1,1,0,[1. 1.],[2 1],1.0,0,0.6,0.7,0.30000000000000004,[1. 1.]
1806,0.0,1807,1,False,0.0,904.0,2.0,1,0,1,[1. 1.],[2 1],1.0,0,0.6,0.7,0.30000000000000004,[1. 1.]
1807,2.0,1808,0,False,1.0,904.0,0.0,1,1,0,[1. 0.],[2 1],0.0,0,0.6,0.7,0.30000000000000004,[1. 1.]
1808,0.0,1809,1,False,0.0,905.0,1.0,1,0,1,[1. 0.],[2 1],0.0,0,0.6,0.7,0.30000000000000004,[1. 1.]
1809,1.0,1810,0,False,0.0,905.0,0.0,1,1,0,[1. 0.],[2 1],1.0,0,0.6,0.7,0.30000000000000004,[1. 1.]
1810,0.0,1811,1,False,0.0,906.0,2.0,1,0,1,[1. 0.],[2 1],1.0,0,0.6,0.7,0.30000000000000004,[1. 1.]
1811,2.0,1812,0,False,0.0,906.0,0.0,1,1,0,[1. 1.],[2 1],,0,0.6,0.7,0.30000000000000004,[1. 1.]
1812,0.0,1813,1,False,0.0,907.0,2.0,1,0,1,[1. 1.],[2 1],,0,0.6,0.7,0.30000000000000004,[1. 1.]
1813,2.0,1814,0,False,1.0,907.0,0.0,1,1,0,[1. 0.],[2 1],0.0,0,0.6,0.7,0.30000000000000004,[1. 1.]
1814,0.0,1815,1,False,0.0,908.0,1.0,1,0,1,[1. 0.],[2 1],0.0,0,0.6,0.7,0.30000000000000004,[1. 1.]
1815,1.0,1816,0,False,0.0,908.0,0.0,1,1,0,[0. 1.],[2 1],,0,0.6,0.7,0.30000000000000004,[1. 1.]
1816,0.0,1817,1,False,0.0,909.0,2.0,1,0,1,[0. 1.],[2 1],,0,0.6,0.7,0.30000000000000004,[1. 1.]
1817,2.0,1818,0,False,1.0,909.0,0.0,1,1,0,[1. 1.],[2 1],,0,0.6,0.7,0.30000000000000004,[1. 1.]
1818,0.0,1819,1,False,0.0,910.0,2.0,1,0,1,[1. 1.],[2 1],,0,0.6,0.7,0.30000000000000004,[1. 1.]
1819,2.0,1820,0,False,1.0,910.0,0.0,1,1,0,[0. 0.],[2 1],,0,0.6,0.7,0.30000000000000004,[1. 1.]
1820,0.0,1821,1,False,0.0,911.0,2.0,1,0,1,[0. 0.],[2 1],,0,0.6,0.7,0.30000000000000004,[1. 1.]
1821,2.0,1822,0,False,0.0,911.0,0.0,1,1,0,[0. 1.],[2 1],1.0,0,0.6,0.7,0.30000000000000004,[1. 1.]
1822,0.0,1823,1,False,0.0,912.0,2.0,1,0,1,[0. 1.],[2 1],1.0,0,0.6,0.7,0.30000000000000004,[1. 1.]
1823,2.0,1824,0,False,1.0,912.0,0.0,1,1,0,[0. 1.],[2 1],0.0,1,0.6,0.7,0.30000000000000004,[1. 1.]
1824,0.0,1825,1,False,0.0,913.0,1.0,1,0,1,[0. 1.],[2 1],0.0,1,0.6,0.7,0.30000000000000004,[1. 1.]
1825,1.0,1826,0,False,1.0,913.0,0.0,1,1,0,[0. 0.],[2 1],0.0,1,0.6,0.7,0.30000000000000004,[1. 1.]
1826,0.0,1827,1,False,0.0,914.0,1.0,1,0,1,[0. 0.],[2 1],0.0,1,0.6,0.7,0.30000000000000004,[1. 1.]
1827,1.0,1828,0,False,0.0,914.0,0.0,1,1,0,[0. 1.],[2 1],0.0,1,0.6,0.7,0.30000000000000004,[1. 1.]
1828,0.0,1829,1,False,0.0,915.0,1.0,1,0,1,[0. 1.],[2 1],0.0,1,0.6,0.7,0.30000000000000004,[1. 1.]
1829,1.0,1830,0,False,1.0,915.0,0.0,1,1,0,[0. 0.],[2 1],1.0,1,0.6,0.7,0.30000000000000004,[1. 1.]
1830,0.0,1831,1,False,0.0,916.0,2.0,1,0,1,[0. 0.],[2 1],1.0,1,0.6,0.7,0.30000000000000004,[1. 1.]
1831,2.0,1832,0,False,0.0,916.0,0.0,1,1,0,[0. 1.],[2 1],,1,0.6,0.7,0.30000000000000004,[1. 1.]
1832,0.0,1833,1,False,0.0,917.0,2.0,1,0,1,[0. 1.],[2 1],,1,0.6,0.7,0.30000000000000004,[1. 1.]
1833,2.0,1834,0,False,1.0,917.0,0.0,1,1,0,[1. 1.],[2 1],,1,0.6,0.7,0.30000000000000004,[1. 1.]
1834,0.0,1835,1,False,0.0,918.0,2.0,1,0,1,[1. 1.],[2 1],,1,0.6,0.7,0.30000000000000004,[1. 1.]
1835,2.0,1836,0,False,1.0,918.0,0.0,1,1,0,[0. 1.],[2 1],1.0,1,0.6,0.7,0.30000000000000004,[1. 1.]
1836,0.0,1837,1,False,0.0,919.0,2.0,1,0,1,[0. 1.],[2 1],1.0,1,0.6,0.7,0.30000000000000004,[1. 1.]
1837,2.0,1838,0,False,1.0,919.0,0.0,1,1,0,[1. 0.],[2 1],0.0,1,0.6,0.7,0.30000000000000004,[1. 1.]
1838,0.0,1839,1,False,0.0,920.0,1.0,1,0,1,[1. 0.],[2 1],0.0,1,0.6,0.7,0.30000000000000004,[1. 1.]
1839,1.0,1840,0,False,0.0,920.0,0.0,1,1,0,[0. 0.],[2 1],1.0,1,0.6,0.7,0.30000000000000004,[1. 1.]
1840,0.0,1841,1,False,0.0,921.0,2.0,1,0,1,[0. 0.],[2 1],1.0,1,0.6,0.7,0.30000000000000004,[1. 1.]
1841,2.0,1842,0,False,0.0,921.0,0.0,1,1,0,[0. 1.],[2 1],,1,0.6,0.7,0.30000000000000004,[1. 1.]
1842,0.0,1843,1,False,0.0,922.0,2.0,1,0,1,[0. 1.],[2 1],,1,0.6,0.7,0.30000000000000004,[1. 1.]
1843,2.0,1844,0,False,1.0,922.0,0.0,1,1,0,[1. 1.],[2 1],0.0,1,0.6,0.7,0.30000000000000004,[1. 1.]
1844,0.0,1845,1,False,0.0,923.0,1.0,1,0,1,[1. 1.],[2 1],0.0,1,0.6,0.7,0.30000000000000004,[1. 1.]
1845,1.0,1846,0,False,1.0,923.0,0.0,1,1,0,[1. 0.],[1 2],,0,0.6,0.7,0.30000000000000004,[1. 1.]
1846,0.0,1847,1,False,0.0,924.0,1.0,1,0,1,[1. 0.],[1 2],,0,0.6,0.7,0.30000000000000004,[1. 1.]
1847,1.0,1848,0,False,1.0,924.0,0.0,1,1,0,[0. 0.],[1 2],1.0,0,0.6,0.7,0.30000000000000004,[1. 1.]
1848,0.0,1849,1,False,0.0,925.0,2.0,1,0,1,[0. 0.],[1 2],1.0,0,0.6,0.7,0.30000000000000004,[1. 1.]
1849,2.0,1850,0,False,0.0,925.0,0.0,1,1,0,[1. 1.],[1 2],,0,0.6,0.7,0.30000000000000004,[1. 1.]
1850,0.0,1851,1,False,0.0,926.0,1.0,1,0,1,[1. 1.],[1 2],,0,0.6,0.7,0.30000000000000004,[1. 1.]
1851,1.0,1852,0,False,1.0,926.0,0.0,1,1,0,[1. 1.],[1 2],1.0,0,0.6,0.7,0.30000000000000004,[1. 1.]
1852,0.0,1853,1,False,0.0,927.0,2.0,1,0,1,[1. 1.],[1 2],1.0,0,0.6,0.7,0.30000000000000004,[1. 1.]
1853,2.0,1854,0,False,1.0,927.0,0.0,1,1,0,[0. 1.],[1 2],0.0,0,0.6,0.7,0.30000000000000004,[1. 1.]
1854,0.0,1855,1,False,0.0,928.0,1.0,1,0,1,[0. 1.],[1 2],0.0,0,0.6,0.7,0.30000000000000004,[1. 1.]
1855,1.0,1856,0,False,0.0,928.0,0.0,1,1,0,[1. 1.],[1 2],,0,0.6,0.7,0.30000000000000004,[1. 1.]
1856,0.0,1857,1,False,0.0,929.0,1.0,1,0,1,[1. 1.],[1 2],,0,0.6,0.7,0.30000000000000004,[1. 1.]
1857,1.0,1858,0,False,1.0,929.0,0.0,1,1,0,[1. 1.],[1 2],1.0,0,0.6,0.7,0.30000000000000004,[1. 1.]
1858,0.0,1859,1,False,0.0,930.0,2.0,1,0,1,[1. 1.],[1 2],1.0,0,0.6,0.7,0.30000000000000004,[1. 1.]
1859,2.0,1860,0,False,1.0,930.0,0.0,1,1,0,[0. 1.],[1 2],1.0,1,0.6,0.7,0.30000000000000004,[1. 1.]
1860,0.0,1861,1,False,0.0,931.0,2.0,1,0,1,[0. 1.],[1 2],1.0,1,0.6,0.7,0.30000000000000004,[1. 1.]
1861,2.0,1862,0,False,0.0,931.0,0.0,1,1,0,[0. 1.],[1 2],,1,0.6,0.7,0.30000000000000004,[1. 1.]
1862,0.0,1863,1,False,0.0,932.0,1.0,1,0,1,[0. 1.],[1 2],,1,0.6,0.7,0.30000000000000004,[1. 1.]
1863,1.0,1864,0,False,0.0,932.0,0.0,1,1,0,[0. 1.],[1 2],1.0,1,0.6,0.7,0.30000000000000004,[1. 1.]
1864,0.0,1865,1,False,0.0,933.0,2.0,1,0,1,[0. 1.],[1 2],1.0,1,0.6,0.7,0.30000000000000004,[1. 1.]
1865,2.0,1866,0,False,0.0,933.0,0.0,1,1,0,[1. 1.],[1 2],,1,0.6,0.7,0.30000000000000004,[1. 1.]
1866,0.0,1867,1,False,0.0,934.0,1.0,1,0,1,[1. 1.],[1 2],,1,0.6,0.7,0.30000000000000004,[1. 1.]
1867,1.0,1868,0,False,1.0,934.0,0.0,1,1,0,[0. 0.],[1 2],1.0,1,0.6,0.7,0.30000000000000004,[1. 1.]
1868,0.0,1869,1,False,0.0,935.0,2.0,1,0,1,[0. 0.],[1 2],1.0,1,0.6,0.7,0.30000000000000004,[1. 1.]
1869,2.0,1870,0,False,0.0,935.0,0.0,1,1,0,[0. 0.],[1 2],0.0,1,0.6,0.7,0.30000000000000004,[1. 1.]
1870,0.0,1871,1,False,0.0,936.0,1.0,1,0,1,[0. 0.],[1 2],0.0,1,0.6,0.7,0.30000000000000004,[1. 1.]
1871,1.0,1872,0,False,0.0,936.0,0.0,1,1,0,[0. 1.],[1 2],1.0,1,0.6,0.7,0.30000000000000004,[1. 1.]
1872,0.0,1873,1,False,0.0,937.0,2.0,1,0,1,[0. 1.],[1 2],1.0,1,0.6,0.7,0.30000000000000004,[1. 1.]
1873,2.0,1874,0,False,0.0,937.0,0.0,1,1,0,[0. 1.],[1 2],1.0,1,0.6,0.7,0.30000000000000004,[1. 1.]
1874,0.0,1875,1,False,0.0,938.0,2.0,1,0,2,[0. 1.],[1 2],1.0,1,0.6,0.7,0.30000000000000004,[1. 1.]
1875,2.0,1876,0,False,1.0,938.0,0.0,1,1,0,[0. 1.],[1 2],,1,0.6,0.7,0.30000000000000004,[1. 1.]
1876,0.0,1877,1,False,0.0,939.0,2.0,1,0,2,[0. 1.],[1 2],,1,0.6,0.7,0.30000000000000004,[1. 1.]
1877,2.0,1878,0,False,1.0,939.0,0.0,1,1,0,[0. 1.],[1 2],,1,0.6,0.7,0.30000000000000004,[1. 1.]
1878,0.0,1879,1,False,0.0,940.0,2.0,1,0,2,[0. 1.],[1 2],,1,0.6,0.7,0.30000000000000004,[1. 1.]
1879,2.0,1880,0,False,1.0,940.0,0.0,1,1,0,[0. 1.],[1 2],1.0,1,0.6,0.7,0.30000000000000004,[1. 1.]
1880,0.0,1881,1,False,0.0,941.0,2.0,1,0,2,[0. 1.],[1 2],1.0,1,0.6,0.7,0.30000000000000004,[1. 1.]
1881,2.0,1882,0,False,1.0,941.0,0.0,1,1,0,[0. 1.],[1 2],,1,0.6,0.7,0.30000000000000004,[1. 1.]
1882,0.0,1883,1,False,0.0,942.0,2.0,1,0,2,[0. 1.],[1 2],,1,0.6,0.7,0.30000000000000004,[1. 1.]
1883,2.0,1884,0,False,1.0,942.0,0.0,1,1,0,[0. 1.],[1 2],,1,0.6,0.7,0.30000000000000004,[1. 1.]
1884,0.0,1885,1,False,0.0,943.0,2.0,1,0,2,[0. 1.],[1 2],,1,0.6,0.7,0.30000000000000004,[1. 1.]
1885,2.0,1886,0,False,1.0,943.0,0.0,1,1,0,[0. 1.],[1 2],1.0,1,0.6,0.7,0.30000000000000004,[1. 1.]
1886,0.0,1887,1,False,0.0,944.0,2.0,1,0,2,[0. 1.],[1 2],1.0,1,0.6,0.7,0.30000000000000004,[1. 1.]
1887,2.0,1888,0,False,1.0,944.0,0.0,1,1,0,[0. 1.],[1 2],,1,0.6,0.7,0.30000000000000004,[1. 1.]
1888,0.0,1889,1,False,0.0,945.0,2.0,1,0,2,[0. 1.],[1 2],,1,0.6,0.7,0.30000000000000004,[1. 1.]
1889,2.0,1890,0,False,1.0,945.0,0.0,1,1,0,[1. 1.],[1 2],0.0,1,0.6,0.7,0.30000000000000004,[1. 1.]
1890,0.0,1891,1,False,0.0,946.0,1.0,1,0,2,[1. 1.],[1 2],0.0,1,0.6,0.7,0.30000000000000004,[1. 1.]
1891,1.0,1892,0,False,1.0,946.0,0.0,1,1,0,[1. 1.],[1 2],1.0,1,0.6,0.7,0.30000000000000004,[1. 1.]
1892,0.0,1893,1,False,0.0,947.0,2.0,1,0,2,[1. 1.],[1 2],1.0,1,0.6,0.7,0.30000000000000004,[1. 1.]
1893,2.0,1894,0,False,1.0,947.0,0.0,1,1,0,[0. 1.],[1 2],1.0,1,0.6,0.7,0.30000000000000004,[1. 1.]
1894,0.0,1895,1,False,0.0,948.0,2.0,1,0,2,[0. 1.],[1 2],1.0,1,0.6,0.7,0.30000000000000004,[1. 1.]
1895,2.0,1896,0,False,1.0,948.0,0.0,1,1,0,[1. 1.],[1 2],,1,0.6,0.7,0.30000000000000004,[1. 1.]
1896,0.0,1897,1,False,0.0,949.0,2.0,1,0,2,[1. 1.],[1 2],,1,0.6,0.7,0.30000000000000004,[1. 1.]
1897,2.0,1898,0,False,1.0,949.0,0.0,1,1,0,[0. 0.],[1 2],,1,0.6,0.7,0.30000000000000004,[1. 1.]
1898,0.0,1899,1,False,0.0,950.0,2.0,1,0,2,[0. 0.],[1 2],,1,0.6,0.7,0.30000000000000004,[1. 1.]
1899,2.0,1900,0,False,0.0,950.0,0.0,1,1,0,[0. 1.],[1 2],0.0,1,0.6,0.7,0.30000000000000004,[1. 1.]
1900,0.0,1901,1,False,0.0,951.0,1.0,1,0,2,[0. 1.],[1 2],0.0,1,0.6,0.7,0.30000000000000004,[1. 1.]
1901,1.0,1902,0,False,1.0,951.0,0.0,1,1,0,[0. 0.],[1 2],,1,0.6,0.7,0.30000000000000004,[1. 1.]
1902,0.0,1903,1,False,0.0,952.0,2.0,1,0,2,[0. 0.],[1 2],,1,0.6,0.7,0.30000000000000004,[1. 1.]
1903,2.0,1904,0,False,0.0,952.0,0.0,1,1,0,[0. 1.],[1 2],,1,0.6,0.7,0.30000000000000004,[1. 1.]
1904,0.0,1905,1,False,0.0,953.0,2.0,1,0,2,[0. 1.],[1 2],,1,0.6,0.7,0.30000000000000004,[1. 1.]
1905,2.0,1906,0,False,1.0,953.0,0.0,1,1,0,[0. 1.],[1 2],0.0,1,0.6,0.7,0.30000000000000004,[1. 1.]
1906,0.0,1907,1,False,0.0,954.0,1.0,1,0,2,[0. 1.],[1 2],0.0,1,0.6,0.7,0.30000000000000004,[1. 1.]
1907,1.0,1908,0,False,1.0,954.0,0.0,1,1,0,[0. 0.],[1 2],0.0,1,0.6,0.7,0.30000000000000004,[1. 1.]
1908,0.0,1909,1,False,0.0,955.0,1.0,1,0,2,[0. 0.],[1 2],0.0,1,0.6,0.7,0.30000000000000004,[1. 1.]
1909,1.0,1910,0,False,0.0,955.0,0.0,1,1,0,[0. 1.],[1 2],,1,0.6,0.7,0.30000000000000004,[1. 1.]
1910,0.0,1911,1,False,0.0,956.0,2.0,1,0,2,[0. 1.],[1 2],,1,0.6,0.7,0.30000000000000004,[1. 1.]
1911,2.0,1912,0,False,1.0,956.0,0.0,1,1,0,[0. 0.],[1 2],0.0,1,0.6,0.7,0.30000000000000004,[1. 1.]
1912,0.0,1913,1,False,0.0,957.0,1.0,1,0,2,[0. 0.],[1 2],0.0,1,0.6,0.7,0.30000000000000004,[1. 1.]
1913,1.0,1914,0,False,0.0,957.0,0.0,1,1,0,[0. 1.],[1 2],,1,0.6,0.7,0.30000000000000004,[1. 1.]
1914,0.0,1915,1,False,0.0,958.0,2.0,1,0,2,[0. 1.],[1 2],,1,0.6,0.7,0.30000000000000004,[1. 1.]
1915,2.0,1916,0,False,1.0,958.0,0.0,1,1,0,[0. 0.],[1 2],,1,0.6,0.7,0.30000000000000004,[1. 1.]
1916,0.0,1917,1,False,0.0,959.0,2.0,1,0,2,[0. 0.],[1 2],,1,0.6,0.7,0.30000000000000004,[1. 1.]
1917,2.0,1918,0,False,0.0,959.0,0.0,1,1,0,[1. 0.],[1 2],1.0,1,0.6,0.7,0.30000000000000004,[1. 1.]
1918,0.0,1919,1,False,0.0,960.0,2.0,1,0,2,[1. 0.],[1 2],1.0,1,0.6,0.7,0.30000000000000004,[1. 1.]
1919,2.0,1920,0,False,0.0,960.0,0.0,1,1,0,[0. 1.],[1 2],,1,0.6,0.7,0.30000000000000004,[1. 1.]
1920,0.0,1921,1,False,0.0,961.0,2.0,1,0,2,[0. 1.],[1 2],,1,0.6,0.7,0.30000000000000004,[1. 1.]
1921,2.0,1922,0,False,1.0,961.0,0.0,1,1,0,[1. 0.],[1 2],0.0,1,0.6,0.7,0.30000000000000004,[1. 1.]
1922,0.0,1923,1,False,0.0,962.0,1.0,1,0,2,[1. 0.],[1 2],0.0,1,0.6,0.7,0.30000000000000004,[1. 1.]
1923,1.0,1924,0,False,0.0,962.0,0.0,1,1,0,[0. 0.],[1 2],1.0,1,0.6,0.7,0.30000000000000004,[1. 1.]
1924,0.0,1925,1,False,0.0,963.0,2.0,1,0,2,[0. 0.],[1 2],1.0,1,0.6,0.7,0.30000000000000004,[1. 1.]
1925,2.0,1926,0,False,0.0,963.0,0.0,1,1,0,[0. 0.],[1 2],,1,0.6,0.7,0.30000000000000004,[1. 1.]
1926,0.0,1927,1,False,0.0,964.0,2.0,1,0,2,[0. 0.],[1 2],,1,0.6,0.7,0.30000000000000004,[1. 1.]
1927,2.0,1928,0,False,0.0,964.0,0.0,1,1,0,[1. 1.],[1 2],0.0,1,0.6,0.7,0.30000000000000004,[1. 1.]
1928,0.0,1929,1,False,0.0,965.0,1.0,1,0,2,[1. 1.],[1 2],0.0,1,0.6,0.7,0.30000000000000004,[1. 1.]
1929,1.0,1930,0,False,1.0,965.0,0.0,1,1,0,[0. 0.],[1 2],,1,0.6,0.7,0.30000000000000004,[1. 1.]
1930,0.0,1931,1,False,0.0,966.0,2.0,1,0,2,[0. 0.],[1 2],,1,0.6,0.7,0.30000000000000004,[1. 1.]
1931,2.0,1932,0,False,0.0,966.0,0.0,1,1,0,[0. 1.],[1 2],,1,0.6,0.7,0.30000000000000004,[1. 1.]
1932,0.0,1933,1,False,0.0,967.0,2.0,1,0,2,[0. 1.],[1 2],,1,0.6,0.7,0.30000000000000004,[1. 1.]
1933,2.0,1934,0,False,1.0,967.0,0.0,1,1,0,[1. 0.],[1 2],,1,0.6,0.7,0.30000000000000004,[1. 1.]
1934,0.0,1935,1,False,0.0,968.0,2.0,1,0,2,[1. 0.],[1 2],,1,0.6,0.7,0.30000000000000004,[1. 1.]
1935,2.0,1936,0,False,0.0,968.0,0.0,1,1,0,[0. 1.],[1 2],1.0,1,0.6,0.7,0.30000000000000004,[1. 1.]
1936,0.0,1937,1,False,0.0,969.0,2.0,1,0,2,[0. 1.],[1 2],1.0,1,0.6,0.7,0.30000000000000004,[1. 1.]
1937,2.0,1938,0,False,1.0,969.0,0.0,1,1,0,[0. 1.],[1 2],0.0,1,0.6,0.7,0.30000000000000004,[1. 1.]
1938,0.0,1939,1,False,0.0,970.0,1.0,1,0,2,[0. 1.],[1 2],0.0,1,0.6,0.7,0.30000000000000004,[1. 1.]
1939,1.0,1940,0,False,1.0,970.0,0.0,1,1,0,[0. 1.],[1 2],,1,0.6,0.7,0.30000000000000004,[1. 1.]
1940,0.0,1941,1,False,0.0,971.0,2.0,1,0,2,[0. 1.],[1 2],,1,0.6,0.7,0.30000000000000004,[1. 1.]
1941,2.0,1942,0,False,1.0,971.0,0.0,1,1,0,[0. 0.],[1 2],0.0,1,0.6,0.7,0.30000000000000004,[1. 1.]
1942,0.0,1943,1,False,0.0,972.0,1.0,1,0,2,[0. 0.],[1 2],0.0,1,0.6,0.7,0.30000000000000004,[1. 1.]
1943,1.0,1944,0,False,0.0,972.0,0.0,1,1,0,[0. 1.],[1 2],,1,0.6,0.7,0.30000000000000004,[1. 1.]
1944,0.0,1945,1,False,0.0,973.0,2.0,1,0,2,[0. 1.],[1 2],,1,0.6,0.7,0.30000000000000004,[1. 1.]
1945,2.0,1946,0,False,1.0,973.0,0.0,1,1,0,[0. 1.],[1 2],,1,0.6,0.7,0.30000000000000004,[1. 1.]
1946,0.0,1947,1,False,0.0,974.0,2.0,1,0,2,[0. 1.],[1 2],,1,0.6,0.7,0.30000000000000004,[1. 1.]
1947,2.0,1948,0,False,1.0,974.0,0.0,1,1,0,[0. 0.],[1 2],,1,0.6,0.7,0.30000000000000004,[1. 1.]
1948,0.0,1949,1,False,0.0,975.0,2.0,1,0,2,[0. 0.],[1 2],,1,0.6,0.7,0.30000000000000004,[1. 1.]
1949,2.0,1950,0,False,0.0,975.0,0.0,1,1,0,[1. 1.],[1 2],0.0,1,0.6,0.7,0.30000000000000004,[1. 1.]
1950,0.0,1951,1,False,0.0,976.0,1.0,1,0,2,[1. 1.],[1 2],0.0,1,0.6,0.7,0.30000000000000004,[1. 1.]
1951,1.0,1952,0,False,1.0,976.0,0.0,1,1,0,[0. 1.],[1 2],1.0,1,0.6,0.7,0.30000000000000004,[1. 1.]
1952,0.0,1953,1,False,0.0,977.0,2.0,1,0,2,[0. 1.],[1 2],1.0,1,0.6,0.7,0.30000000000000004,[1. 1.]
1953,2.0,1954,0,False,1.0,977.0,0.0,1,1,0,[0. 1.],[1 2],1.0,1,0.6,0.7,0.30000000000000004,[1. 1.]
1954,0.0,1955,1,False,0.0,978.0,2.0,1,0,2,[0. 1.],[1 2],1.0,1,0.6,0.7,0.30000000000000004,[1. 1.]
1955,2.0,1956,0,False,1.0,978.0,0.0,1,1,0,[0. 1.],[1 2],1.0,1,0.6,0.7,0.30000000000000004,[1. 1.]
1956,0.0,1957,1,False,0.0,979.0,2.0,1,0,2,[0. 1.],[1 2],1.0,1,0.6,0.7,0.30000000000000004,[1. 1.]
1957,2.0,1958,0,False,1.0,979.0,0.0,1,1,0,[0. 1.],[1 2],1.0,1,0.6,0.7,0.30000000000000004,[1. 1.]
1958,0.0,1959,1,False,0.0,980.0,2.0,1,0,2,[0. 1.],[1 2],1.0,1,0.6,0.7,0.30000000000000004,[1. 1.]
1959,2.0,1960,0,False,1.0,980.0,0.0,1,1,0,[0. 1.],[1 2],,1,0.6,0.7,0.30000000000000004,[1. 1.]
1960,0.0,1961,1,False,0.0,981.0,2.0,1,0,2,[0. 1.],[1 2],,1,0.6,0.7,0.30000000000000004,[1. 1.]
1961,2.0,1962,0,False,1.0,981.0,0.0,1,1,0,[0. 1.],[1 2],0.0,1,0.6,0.7,0.30000000000000004,[1. 1.]
1962,0.0,1963,1,False,0.0,982.0,1.0,1,0,2,[0. 1.],[1 2],0.0,1,0.6,0.7,0.30000000000000004,[1. 1.]
1963,1.0,1964,0,False,1.0,982.0,0.0,1,1,0,[1. 1.],[1 2],0.0,1,0.6,0.7,0.30000000000000004,[1. 1.]
1964,0.0,1965,1,False,0.0,983.0,1.0,1,0,2,[1. 1.],[1 2],0.0,1,0.6,0.7,0.30000000000000004,[1. 1.]
1965,1.0,1966,0,False,1.0,983.0,0.0,1,1,0,[0. 1.],[1 2],0.0,1,0.6,0.7,0.30000000000000004,[1. 1.]
1966,0.0,1967,1,False,0.0,984.0,1.0,1,0,2,[0. 1.],[1 2],0.0,1,0.6,0.7,0.30000000000000004,[1. 1.]
1967,1.0,1968,0,False,1.0,984.0,0.0,1,1,0,[0. 1.],[1 2],,1,0.6,0.7,0.30000000000000004,[1. 1.]
1968,0.0,1969,1,False,0.0,985.0,2.0,1,0,2,[0. 1.],[1 2],,1,0.6,0.7,0.30000000000000004,[1. 1.]
1969,2.0,1970,0,False,1.0,985.0,0.0,1,1,0,[0. 0.],[1 2],,1,0.6,0.7,0.30000000000000004,[1. 1.]
1970,0.0,1971,1,False,0.0,986.0,2.0,1,0,2,[0. 0.],[1 2],,1,0.6,0.7,0.30000000000000004,[1. 1.]
1971,2.0,1972,0,False,0.0,986.0,0.0,1,1,0,[1. 0.],[1 2],0.0,1,0.6,0.7,0.30000000000000004,[1. 1.]
1972,0.0,1973,1,False,0.0,987.0,1.0,1,0,2,[1. 0.],[1 2],0.0,1,0.6,0.7,0.30000000000000004,[1. 1.]
1973,1.0,1974,0,False,0.0,987.0,0.0,1,1,0,[0. 1.],[1 2],0.0,1,0.6,0.7,0.30000000000000004,[1. 1.]
1974,0.0,1975,1,False,0.0,988.0,1.0,1,0,2,[0. 1.],[1 2],0.0,1,0.6,0.7,0.30000000000000004,[1. 1.]
1975,1.0,1976,0,False,1.0,988.0,0.0,1,1,0,[0. 0.],[1 2],0.0,1,0.6,0.7,0.30000000000000004,[1. 1.]
1976,0.0,1977,1,False,0.0,989.0,1.0,1,0,2,[0. 0.],[1 2],0.0,1,0.6,0.7,0.30000000000000004,[1. 1.]
1977,1.0,1978,0,False,0.0,989.0,0.0,1,1,0,[0. 0.],[1 2],,1,0.6,0.7,0.30000000000000004,[1. 1.]
1978,0.0,1979,1,False,0.0,990.0,2.0,1,0,2,[0. 0.],[1 2],,1,0.6,0.7,0.30000000000000004,[1. 1.]
1979,2.0,1980,0,False,0.0,990.0,0.0,1,1,0,[0. 0.],[1 2],1.0,1,0.6,0.7,0.30000000000000004,[1. 1.]
1980,0.0,1981,1,False,0.0,991.0,2.0,1,0,2,[0. 0.],[1 2],1.0,1,0.6,0.7,0.30000000000000004,[1. 1.]
1981,2.0,1982,0,False,0.0,991.0,0.0,1,1,0,[1. 0.],[1 2],,1,0.6,0.7,0.30000000000000004,[1. 1.]
1982,0.0,1983,1,False,0.0,992.0,1.0,1,0,1,[1. 0.],[1 2],,1,0.6,0.7,0.30000000000000004,[1. 1.]
1983,1.0,1984,0,False,1.0,992.0,0.0,1,1,0,[0. 0.],[1 2],,1,0.6,0.7,0.30000000000000004,[1. 1.]
1984,0.0,1985,1,False,0.0,993.0,1.0,1,0,1,[0. 0.],[1 2],,1,0.6,0.7,0.30000000000000004,[1. 1.]
1985,1.0,1986,0,False,0.0,993.0,0.0,1,1,0,[0. 1.],[1 2],0.0,1,0.6,0.7,0.30000000000000004,[1. 1.]
1986,0.0,1987,1,False,0.0,994.0,1.0,1,0,1,[0. 1.],[1 2],0.0,1,0.6,0.7,0.30000000000000004,[1. 1.]
1987,1.0,1988,0,False,0.0,994.0,0.0,1,1,0,[0. 1.],[1 2],,1,0.6,0.7,0.30000000000000004,[1. 1.]
1988,0.0,1989,1,False,0.0,995.0,2.0,1,0,2,[0. 1.],[1 2],,1,0.6,0.7,0.30000000000000004,[1. 1.]
1989,2.0,1990,0,False,1.0,995.0,0.0,1,1,0,[1. 1.],[1 2],0.0,1,0.6,0.7,0.30000000000000004,[1. 1.]
1990,0.0,1991,1,False,0.0,996.0,1.0,1,0,2,[1. 1.],[1 2],0.0,1,0.6,0.7,0.30000000000000004,[1. 1.]
1991,1.0,1992,0,False,1.0,996.0,0.0,1,1,0,[0. 1.],[1 2],0.0,1,0.6,0.7,0.30000000000000004,[1. 1.]
1992,0.0,1993,1,False,0.0,997.0,1.0,1,0,2,[0. 1.],[1 2],0.0,1,0.6,0.7,0.30000000000000004,[1. 1.]
1993,1.0,1994,0,False,1.0,997.0,0.0,1,1,0,[1. 1.],[1 2],1.0,1,0.6,0.7,0.30000000000000004,[1. 1.]
1994,0.0,1995,1,False,0.0,998.0,2.0,1,0,2,[1. 1.],[1 2],1.0,1,0.6,0.7,0.30000000000000004,[1. 1.]
1995,2.0,1996,0,False,1.0,998.0,0.0,1,1,0,[0. 1.],[1 2],1.0,1,0.6,0.7,0.30000000000000004,[1. 1.]
1996,0.0,1997,1,False,0.0,999.0,2.0,1,0,2,[0. 1.],[1 2],1.0,1,0.6,0.7,0.30000000000000004,[1. 1.]
1997,2.0,1998,0,False,1.0,999.0,0.0,1,1,0,[1. 1.],[1 2],1.0,1,0.6,0.7,0.30000000000000004,[1. 1.]
1998,0.0,1999,1,False,0.0,1000.0,2.0,1,0,2,[1. 1.],[1 2],1.0,1,0.6,0.7,0.30000000000000004,[1. 1.]
1999,2.0,2000,0,True,1.0,1000.0,0.0,1,1,0,[1. 1.],[1 2],0.0,1,0.6,0.7,0.30000000000000004,[1. 1.]
0,0.0,1,1,False,0.0,1.0,2.0,1,0,1,[0. 1.],[2 1],1.0,0,0.6,0.7,0.30000000000000004,[0. 0.]
1,2.0,2,0,False,1.0,1.0,0.0,1,1,0,[1. 1.],[2 1],,0,0.6,0.7,0.30000000000000004,[0. 0.]
2,0.0,3,1,False,0.0,2.0,2.0,1,0,1,[1. 1.],[2 1],,0,0.6,0.7,0.30000000000000004,[0. 0.]
3,2.0,4,0,False,1.0,2.0,0.0,1,1,0,[1. 0.],[2 1],0.0,0,0.6,0.7,0.30000000000000004,[0. 0.]
4,0.0,5,1,False,0.0,3.0,1.0,1,0,1,[1. 0.],[2 1],0.0,0,0.6,0.7,0.30000000000000004,[0. 0.]
5,1.0,6,0,False,0.0,3.0,0.0,1,1,0,[0. 0.],[2 1],0.0,0,0.6,0.7,0.30000000000000004,[0. 0.]
6,0.0,7,1,False,0.0,4.0,1.0,1,0,1,[0. 0.],[2 1],0.0,0,0.6,0.7,0.30000000000000004,[0. 0.]
7,1.0,8,0,False,0.0,4.0,0.0,1,1,0,[1. 0.],[2 1],,0,0.6,0.7,0.30000000000000004,[0. 0.]
8,0.0,9,1,False,0.0,5.0,1.0,1,0,2,[1. 0.],[2 1],,0,0.6,0.7,0.30000000000000004,[0. 0.]
9,1.0,10,0,False,1.0,5.0,0.0,1,1,0,[0. 0.],[2 1],0.0,0,0.6,0.7,0.30000000000000004,[0. 0.]
10,0.0,11,1,False,0.0,6.0,1.0,1,0,2,[0. 0.],[2 1],0.0,0,0.6,0.7,0.30000000000000004,[0. 0.]
11,1.0,12,0,False,0.0,6.0,0.0,1,1,0,[1. 0.],[2 1],1.0,0,0.6,0.7,0.30000000000000004,[0. 0.]
12,0.0,13,1,False,0.0,7.0,2.0,1,0,2,[1. 0.],[2 1],1.0,0,0.6,0.7,0.30000000000000004,[0. 0.]
13,2.0,14,0,False,1.0,7.0,0.0,1,1,0,[1. 0.],[2 1],,0,0.6,0.7,0.30000000000000004,[0. 0.]
14,0.0,15,1,False,0.0,8.0,1.0,1,0,2,[1. 0.],[2 1],,0,0.6,0.7,0.30000000000000004,[0. 0.]
15,1.0,16,0,False,1.0,8.0,0.0,1,1,0,[0. 0.],[2 1],1.0,0,0.6,0.7,0.30000000000000004,[0. 0.]
16,0.0,17,1,False,0.0,9.0,2.0,1,0,2,[0. 0.],[2 1],1.0,0,0.6,0.7,0.30000000000000004,[0. 0.]
17,2.0,18,0,False,0.0,9.0,0.0,1,1,0,[1. 1.],[2 1],,0,0.6,0.7,0.30000000000000004,[0. 0.]
18,0.0,19,1,False,0.0,10.0,1.0,1,0,2,[1. 1.],[2 1],,0,0.6,0.7,0.30000000000000004,[0. 0.]
19,1.0,20,0,False,1.0,10.0,0.0,1,1,0,[0. 0.],[2 1],,0,0.6,0.7,0.30000000000000004,[0. 0.]
20,0.0,21,1,False,0.0,11.0,1.0,1,0,2,[0. 0.],[2 1],,0,0.6,0.7,0.30000000000000004,[0. 0.]
21,1.0,22,0,False,0.0,11.0,0.0,1,1,0,[1. 1.],[2 1],1.0,0,0.6,0.7,0.30000000000000004,[0. 0.]
22,0.0,23,1,False,0.0,12.0,2.0,1,0,2,[1. 1.],[2 1],1.0,0,0.6,0.7,0.30000000000000004,[0. 0.]
23,2.0,24,0,False,1.0,12.0,0.0,1,1,0,[0. 0.],[2 1],1.0,0,0.6,0.7,0.30000000000000004,[0. 0.]
24,0.0,25,1,False,0.0,13.0,2.0,1,0,2,[0. 0.],[2 1],1.0,0,0.6,0.7,0.30000000000000004,[0. 0.]
25,2.0,26,0,False,0.0,13.0,0.0,1,1,0,[0. 0.],[2 1],,0,0.6,0.7,0.30000000000000004,[0. 0.]
26,0.0,27,1,False,0.0,14.0,1.0,1,0,2,[0. 0.],[2 1],,0,0.6,0.7,0.30000000000000004,[0. 0.]
27,1.0,28,0,False,0.0,14.0,0.0,1,1,0,[1. 1.],[2 1],,0,0.6,0.7,0.30000000000000004,[0. 0.]
28,0.0,29,1,False,0.0,15.0,1.0,1,0,2,[1. 1.],[2 1],,0,0.6,0.7,0.30000000000000004,[0. 0.]
29,1.0,30,0,False,1.0,15.0,0.0,1,1,0,[0. 0.],[2 1],,0,0.6,0.7,0.30000000000000004,[0. 0.]
30,0.0,31,1,False,0.0,16.0,1.0,1,0,2,[0. 0.],[2 1],,0,0.6,0.7,0.30000000000000004,[0. 0.]
31,1.0,32,0,False,0.0,16.0,0.0,1,1,0,[0. 1.],[2 1],0.0,0,0.6,0.7,0.30000000000000004,[0. 0.]
32,0.0,33,1,False,0.0,17.0,1.0,1,0,2,[0. 1.],[2 1],0.0,0,0.6,0.7,0.30000000000000004,[0. 0.]
33,1.0,34,0,False,0.0,17.0,0.0,1,1,0,[1. 0.],[2 1],0.0,0,0.6,0.7,0.30000000000000004,[0. 0.]
34,0.0,35,1,False,0.0,18.0,1.0,1,0,1,[1. 0.],[2 1],0.0,0,0.6,0.7,0.30000000000000004,[0. 0.]
35,1.0,36,0,False,0.0,18.0,0.0,1,1,0,[1. 0.],[2 1],0.0,0,0.6,0.7,0.30000000000000004,[0. 0.]
36,0.0,37,1,False,0.0,19.0,1.0,1,0,2,[1. 0.],[2 1],0.0,0,0.6,0.7,0.30000000000000004,[0. 0.]
37,1.0,38,0,False,1.0,19.0,0.0,1,1,0,[0. 1.],[2 1],,0,0.6,0.7,0.30000000000000004,[0. 0.]
38,0.0,39,1,False,0.0,20.0,1.0,1,0,2,[0. 1.],[2 1],,0,0.6,0.7,0.30000000000000004,[0. 0.]
39,1.0,40,0,False,0.0,20.0,0.0,1,1,0,[0. 1.],[2 1],1.0,0,0.6,0.7,0.30000000000000004,[0. 0.]
40,0.0,41,1,False,0.0,21.0,2.0,1,0,2,[0. 1.],[2 1],1.0,0,0.6,0.7,0.30000000000000004,[0. 0.]
41,2.0,42,0,False,0.0,21.0,0.0,1,1,0,[0. 0.],[2 1],1.0,0,0.6,0.7,0.30000000000000004,[0. 0.]
42,0.0,43,1,False,0.0,22.0,2.0,1,0,1,[0. 0.],[2 1],1.0,0,0.6,0.7,0.30000000000000004,[0. 0.]
43,2.0,44,0,False,0.0,22.0,0.0,1,1,0,[1. 0.],[2 1],1.0,0,0.6,0.7,0.30000000000000004,[0. 0.]
44,0.0,45,1,False,0.0,23.0,2.0,1,0,1,[1. 0.],[2 1],1.0,0,0.6,0.7,0.30000000000000004,[0. 0.]
45,2.0,46,0,False,0.0,23.0,0.0,1,1,0,[1. 0.],[2 1],,0,0.6,0.7,0.30000000000000004,[0. 0.]
46,0.0,47,1,False,0.0,24.0,1.0,1,0,2,[1. 0.],[2 1],,0,0.6,0.7,0.30000000000000004,[0. 0.]
47,1.0,48,0,False,1.0,24.0,0.0,1,1,0,[1. 0.],[2 1],1.0,0,0.6,0.7,0.30000000000000004,[0. 0.]
48,0.0,49,1,False,0.0,25.0,2.0,1,0,2,[1. 0.],[2 1],1.0,0,0.6,0.7,0.30000000000000004,[0. 0.]
49,2.0,50,0,False,1.0,25.0,0.0,1,1,0,[1. 0.],[1 2],1.0,0,0.6,0.7,0.30000000000000004,[0. 0.]
50,0.0,51,1,False,0.0,26.0,2.0,1,0,2,[1. 0.],[1 2],1.0,0,0.6,0.7,0.30000000000000004,[0. 0.]
51,2.0,52,0,False,0.0,26.0,0.0,1,1,0,[0. 1.],[1 2],,1,0.6,0.7,0.30000000000000004,[0. 0.]
52,0.0,53,1,False,0.0,27.0,2.0,1,0,2,[0. 1.],[1 2],,1,0.6,0.7,0.30000000000000004,[0. 0.]
53,2.0,54,0,False,1.0,27.0,0.0,1,1,0,[1. 0.],[1 2],0.0,1,0.6,0.7,0.30000000000000004,[0. 0.]
54,0.0,55,1,False,0.0,28.0,1.0,1,0,2,[1. 0.],[1 2],0.0,1,0.6,0.7,0.30000000000000004,[0. 0.]
55,1.0,56,0,False,0.0,28.0,0.0,1,1,0,[0. 1.],[1 2],1.0,1,0.6,0.7,0.30000000000000004,[0. 0.]
56,0.0,57,1,False,0.0,29.0,2.0,1,0,2,[0. 1.],[1 2],1.0,1,0.6,0.7,0.30000000000000004,[0. 0.]
57,2.0,58,0,False,1.0,29.0,0.0,1,1,0,[0. 1.],[1 2],0.0,1,0.6,0.7,0.30000000000000004,[0. 0.]
58,0.0,59,1,False,0.0,30.0,1.0,1,0,2,[0. 1.],[1 2],0.0,1,0.6,0.7,0.30000000000000004,[0. 0.]
59,1.0,60,0,False,1.0,30.0,0.0,1,1,0,[0. 1.],[1 2],1.0,1,0.6,0.7,0.30000000000000004,[0. 0.]
60,0.0,61,1,False,0.0,31.0,2.0,1,0,2,[0. 1.],[1 2],1.0,1,0.6,0.7,0.30000000000000004,[0. 0.]
61,2.0,62,0,False,1.0,31.0,0.0,1,1,0,[0. 1.],[1 2],1.0,1,0.6,0.7,0.30000000000000004,[0. 0.]
62,0.0,63,1,False,0.0,32.0,2.0,1,0,2,[0. 1.],[1 2],1.0,1,0.6,0.7,0.30000000000000004,[0. 0.]
63,2.0,64,0,False,1.0,32.0,0.0,1,1,0,[1. 1.],[1 2],0.0,1,0.6,0.7,0.30000000000000004,[0. 0.]
64,0.0,65,1,False,0.0,33.0,1.0,1,0,2,[1. 1.],[1 2],0.0,1,0.6,0.7,0.30000000000000004,[0. 0.]
65,1.0,66,0,False,1.0,33.0,0.0,1,1,0,[0. 0.],[1 2],0.0,1,0.6,0.7,0.30000000000000004,[0. 0.]
66,0.0,67,1,False,0.0,34.0,1.0,1,0,2,[0. 0.],[1 2],0.0,1,0.6,0.7,0.30000000000000004,[0. 0.]
67,1.0,68,0,False,0.0,34.0,0.0,1,1,0,[1. 0.],[1 2],1.0,1,0.6,0.7,0.30000000000000004,[0. 0.]
68,0.0,69,1,False,0.0,35.0,2.0,1,0,2,[1. 0.],[1 2],1.0,1,0.6,0.7,0.30000000000000004,[0. 0.]
69,2.0,70,0,False,0.0,35.0,0.0,1,1,0,[0. 0.],[1 2],0.0,1,0.6,0.7,0.30000000000000004,[0. 0.]
70,0.0,71,1,False,0.0,36.0,1.0,1,0,2,[0. 0.],[1 2],0.0,1,0.6,0.7,0.30000000000000004,[0. 0.]
71,1.0,72,0,False,0.0,36.0,0.0,1,1,0,[0. 1.],[1 2],1.0,1,0.6,0.7,0.30000000000000004,[0. 0.]
72,0.0,73,1,False,0.0,37.0,2.0,1,0,1,[0. 1.],[1 2],1.0,1,0.6,0.7,0.30000000000000004,[0. 0.]
73,2.0,74,0,False,0.0,37.0,0.0,1,1,0,[1. 1.],[1 2],,1,0.6,0.7,0.30000000000000004,[0. 0.]
74,0.0,75,1,False,0.0,38.0,1.0,1,0,1,[1. 1.],[1 2],,1,0.6,0.7,0.30000000000000004,[0. 0.]
75,1.0,76,0,False,1.0,38.0,0.0,1,1,0,[0. 1.],[1 2],1.0,1,0.6,0.7,0.30000000000000004,[0. 0.]
76,0.0,77,1,False,0.0,39.0,2.0,1,0,1,[0. 1.],[1 2],1.0,1,0.6,0.7,0.30000000000000004,[0. 0.]
77,2.0,78,0,False,0.0,39.0,0.0,1,1,0,[1. 1.],[1 2],,1,0.6,0.7,0.30000000000000004,[0. 0.]
78,0.0,79,1,False,0.0,40.0,1.0,1,0,1,[1. 1.],[1 2],,1,0.6,0.7,0.30000000000000004,[0. 0.]
79,1.0,80,0,False,1.0,40.0,0.0,1,1,0,[0. 1.],[1 2],,1,0.6,0.7,0.30000000000000004,[0. 0.]
80,0.0,81,1,False,0.0,41.0,1.0,1,0,1,[0. 1.],[1 2],,1,0.6,0.7,0.30000000000000004,[0. 0.]
81,1.0,82,0,False,0.0,41.0,0.0,1,1,0,[0. 0.],[1 2],1.0,1,0.6,0.7,0.30000000000000004,[0. 0.]
82,0.0,83,1,False,0.0,42.0,2.0,1,0,1,[0. 0.],[1 2],1.0,1,0.6,0.7,0.30000000000000004,[0. 0.]
83,2.0,84,0,False,0.0,42.0,0.0,1,1,0,[0. 0.],[2 1],1.0,1,0.6,0.7,0.30000000000000004,[0. 0.]
84,0.0,85,1,False,0.0,43.0,2.0,1,0,1,[0. 0.],[2 1],1.0,1,0.6,0.7,0.30000000000000004,[0. 0.]
85,2.0,86,0,False,0.0,43.0,0.0,1,1,0,[0. 1.],[2 1],,1,0.6,0.7,0.30000000000000004,[0. 0.]
86,0.0,87,1,False,0.0,44.0,1.0,1,0,2,[0. 1.],[2 1],,1,0.6,0.7,0.30000000000000004,[0. 0.]
87,1.0,88,0,False,0.0,44.0,0.0,1,1,0,[1. 0.],[2 1],0.0,1,0.6,0.7,0.30000000000000004,[0. 0.]
88,0.0,89,1,False,0.0,45.0,1.0,1,0,1,[1. 0.],[2 1],0.0,1,0.6,0.7,0.30000000000000004,[0. 0.]
89,1.0,90,0,False,0.0,45.0,0.0,1,1,0,[0. 1.],[2 1],0.0,1,0.6,0.7,0.30000000000000004,[0. 0.]
90,0.0,91,1,False,0.0,46.0,1.0,1,0,2,[0. 1.],[2 1],0.0,1,0.6,0.7,0.30000000000000004,[0. 0.]
91,1.0,92,0,False,0.0,46.0,0.0,1,1,0,[1. 0.],[2 1],0.0,1,0.6,0.7,0.30000000000000004,[0. 0.]
92,0.0,93,1,False,0.0,47.0,1.0,1,0,1,[1. 0.],[2 1],0.0,1,0.6,0.7,0.30000000000000004,[0. 0.]
93,1.0,94,0,False,0.0,47.0,0.0,1,1,0,[0. 1.],[2 1],,1,0.6,0.7,0.30000000000000004,[0. 0.]
94,0.0,95,1,False,0.0,48.0,1.0,1,0,2,[0. 1.],[2 1],,1,0.6,0.7,0.30000000000000004,[0. 0.]
95,1.0,96,0,False,0.0,48.0,0.0,1,1,0,[0. 1.],[2 1],,1,0.6,0.7,0.30000000000000004,[0. 0.]
96,0.0,97,1,False,0.0,49.0,2.0,1,0,1,[0. 1.],[2 1],,1,0.6,0.7,0.30000000000000004,[0. 0.]
97,2.0,98,0,False,1.0,49.0,0.0,1,1,0,[0. 1.],[2 1],1.0,1,0.6,0.7,0.30000000000000004,[0. 0.]
98,0.0,99,1,False,0.0,50.0,2.0,1,0,1,[0. 1.],[2 1],1.0,1,0.6,0.7,0.30000000000000004,[0. 0.]
99,2.0,100,0,False,1.0,50.0,0.0,1,1,0,[0. 1.],[2 1],,0,0.6,0.7,0.30000000000000004,[0. 0.]
100,0.0,101,1,False,0.0,51.0,2.0,1,0,1,[0. 1.],[2 1],,0,0.6,0.7,0.30000000000000004,[0. 0.]
101,2.0,102,0,False,1.0,51.0,0.0,1,1,0,[1. 1.],[2 1],0.0,0,0.6,0.7,0.30000000000000004,[0. 0.]
102,0.0,103,1,False,0.0,52.0,1.0,1,0,1,[1. 1.],[2 1],0.0,0,0.6,0.7,0.30000000000000004,[0. 0.]
103,1.0,104,0,False,1.0,52.0,0.0,1,1,0,[1. 0.],[2 1],1.0,0,0.6,0.7,0.30000000000000004,[0. 0.]
104,0.0,105,1,False,0.0,53.0,2.0,1,0,1,[1. 0.],[2 1],1.0,0,0.6,0.7,0.30000000000000004,[0. 0.]
105,2.0,106,0,False,0.0,53.0,0.0,1,1,0,[1. 0.],[2 1],0.0,0,0.6,0.7,0.30000000000000004,[0. 0.]
106,0.0,107,1,False,0.0,54.0,1.0,1,0,1,[1. 0.],[2 1],0.0,0,0.6,0.7,0.30000000000000004,[0. 0.]
107,1.0,108,0,False,0.0,54.0,0.0,1,1,0,[1. 0.],[2 1],1.0,0,0.6,0.7,0.30000000000000004,[0. 0.]
108,0.0,109,1,False,0.0,55.0,2.0,1,0,1,[1. 0.],[2 1],1.0,0,0.6,0.7,0.30000000000000004,[0. 0.]
109,2.0,110,0,False,0.0,55.0,0.0,1,1,0,[1. 0.],[2 1],0.0,0,0.6,0.7,0.30000000000000004,[0. 0.]
110,0.0,111,1,False,0.0,56.0,1.0,1,0,1,[1. 0.],[2 1],0.0,0,0.6,0.7,0.30000000000000004,[0. 0.]
111,1.0,112,0,False,0.0,56.0,0.0,1,1,0,[1. 0.],[2 1],,0,0.6,0.7,0.30000000000000004,[0. 0.]
112,0.0,113,1,False,0.0,57.0,1.0,1,0,2,[1. 0.],[2 1],,0,0.6,0.7,0.30000000000000004,[0. 0.]
113,1.0,114,0,False,1.0,57.0,0.0,1,1,0,[1. 0.],[2 1],1.0,0,0.6,0.7,0.30000000000000004,[0. 0.]
114,0.0,115,1,False,0.0,58.0,2.0,1,0,2,[1. 0.],[2 1],1.0,0,0.6,0.7,0.30000000000000004,[0. 0.]
115,2.0,116,0,False,1.0,58.0,0.0,1,1,0,[1. 1.],[2 1],0.0,0,0.6,0.7,0.30000000000000004,[0. 0.]
116,0.0,117,1,False,0.0,59.0,1.0,1,0,2,[1. 1.],[2 1],0.0,0,0.6,0.7,0.30000000000000004,[0. 0.]
117,1.0,118,0,False,1.0,59.0,0.0,1,1,0,[1. 0.],[2 1],0.0,0,0.6,0.7,0.30000000000000004,[0. 0.]
118,0.0,119,1,False,0.0,60.0,1.0,1,0,2,[1. 0.],[2 1],0.0,0,0.6,0.7,0.30000000000000004,[0. 0.]
119,1.0,120,0,False,1.0,60.0,0.0,1,1,0,[1. 0.],[2 1],1.0,0,0.6,0.7,0.30000000000000004,[0. 0.]
120,0.0,121,1,False,0.0,61.0,2.0,1,0,2,[1. 0.],[2 1],1.0,0,0.6,0.7,0.30000000000000004,[0. 0.]
121,2.0,122,0,False,1.0,61.0,0.0,1,1,0,[1. 0.],[2 1],0.0,0,0.6,0.7,0.30000000000000004,[0. 0.]
122,0.0,123,1,False,0.0,62.0,1.0,1,0,2,[1. 0.],[2 1],0.0,0,0.6,0.7,0.30000000000000004,[0. 0.]
123,1.0,124,0,False,1.0,62.0,0.0,1,1,0,[1. 0.],[2 1],,0,0.6,0.7,0.30000000000000004,[0. 0.]
124,0.0,125,1,False,0.0,63.0,1.0,1,0,2,[1. 0.],[2 1],,0,0.6,0.7,0.30000000000000004,[0. 0.]
125,1.0,126,0,False,1.0,63.0,0.0,1,1,0,[0. 0.],[2 1],1.0,0,0.6,0.7,0.30000000000000004,[0. 0.]
126,0.0,127,1,False,0.0,64.0,2.0,1,0,2,[0. 0.],[2 1],1.0,0,0.6,0.7,0.30000000000000004,[0. 0.]
127,2.0,128,0,False,0.0,64.0,0.0,1,1,0,[1. 0.],[2 1],,0,0.6,0.7,0.30000000000000004,[0. 0.]
128,0.0,129,1,False,0.0,65.0,1.0,1,0,2,[1. 0.],[2 1],,0,0.6,0.7,0.30000000000000004,[0. 0.]
129,1.0,130,0,False,1.0,65.0,0.0,1,1,0,[1. 0.],[2 1],,0,0.6,0.7,0.30000000000000004,[0. 0.]
130,0.0,131,1,False,0.0,66.0,1.0,1,0,2,[1. 0.],[2 1],,0,0.6,0.7,0.30000000000000004,[0. 0.]
131,1.0,132,0,False,1.0,66.0,0.0,1,1,0,[1. 0.],[2 1],1.0,0,0.6,0.7,0.30000000000000004,[0. 0.]
132,0.0,133,1,False,0.0,67.0,2.0,1,0,2,[1. 0.],[2 1],1.0,0,0.6,0.7,0.30000000000000004,[0. 0.]
133,2.0,134,0,False,1.0,67.0,0.0,1,1,0,[1. 0.],[2 1],,0,0.6,0.7,0.30000000000000004,[0. 0.]
134,0.0,135,1,False,0.0,68.0,1.0,1,0,2,[1. 0.],[2 1],,0,0.6,0.7,0.30000000000000004,[0. 0.]
135,1.0,136,0,False,1.0,68.0,0.0,1,1,0,[1. 1.],[2 1],0.0,0,0.6,0.7,0.30000000000000004,[0. 0.]
136,0.0,137,1,False,0.0,69.0,1.0,1,0,2,[1. 1.],[2 1],0.0,0,0.6,0.7,0.30000000000000004,[0. 0.]
137,1.0,138,0,False,1.0,69.0,0.0,1,1,0,[1. 0.],[2 1],1.0,0,0.6,0.7,0.30000000000000004,[0. 0.]
138,0.0,139,1,False,0.0,70.0,2.0,1,0,2,[1. 0.],[2 1],1.0,0,0.6,0.7,0.30000000000000004,[0. 0.]
139,2.0,140,0,False,1.0,70.0,0.0,1,1,0,[1. 0.],[2 1],0.0,0,0.6,0.7,0.30000000000000004,[0. 0.]
140,0.0,141,1,False,0.0,71.0,1.0,1,0,2,[1. 0.],[2 1],0.0,0,0.6,0.7,0.30000000000000004,[0. 0.]
141,1.0,142,0,False,1.0,71.0,0.0,1,1,0,[1. 0.],[2 1],0.0,0,0.6,0.7,0.30000000000000004,[0. 0.]
142,0.0,143,1,False,0.0,72.0,1.0,1,0,2,[1. 0.],[2 1],0.0,0,0.6,0.7,0.30000000000000004,[0. 0.]
143,1.0,144,0,False,1.0,72.0,0.0,1,1,0,[1. 0.],[2 1],0.0,0,0.6,0.7,0.30000000000000004,[0. 0.]
144,0.0,145,1,False,0.0,73.0,1.0,1,0,2,[1. 0.],[2 1],0.0,0,0.6,0.7,0.30000000000000004,[0. 0.]
145,1.0,146,0,False,1.0,73.0,0.0,1,1,0,[1. 0.],[2 1],1.0,0,0.6,0.7,0.30000000000000004,[0. 0.]
146,0.0,147,1,False,0.0,74.0,2.0,1,0,2,[1. 0.],[2 1],1.0,0,0.6,0.7,0.30000000000000004,[0. 0.]
147,2.0,148,0,False,1.0,74.0,0.0,1,1,0,[1. 1.],[2 1],0.0,1,0.6,0.7,0.30000000000000004,[0. 0.]
148,0.0,149,1,False,0.0,75.0,1.0,1,0,2,[1. 1.],[2 1],0.0,1,0.6,0.7,0.30000000000000004,[0. 0.]
149,1.0,150,0,False,1.0,75.0,0.0,1,1,0,[0. 0.],[2 1],1.0,1,0.6,0.7,0.30000000000000004,[0. 0.]
150,0.0,151,1,False,0.0,76.0,2.0,1,0,2,[0. 0.],[2 1],1.0,1,0.6,0.7,0.30000000000000004,[0. 0.]
151,2.0,152,0,False,0.0,76.0,0.0,1,1,0,[0. 1.],[2 1],,1,0.6,0.7,0.30000000000000004,[0. 0.]
152,0.0,153,1,False,0.0,77.0,1.0,1,0,2,[0. 1.],[2 1],,1,0.6,0.7,0.30000000000000004,[0. 0.]
153,1.0,154,0,False,0.0,77.0,0.0,1,1,0,[1. 0.],[2 1],,1,0.6,0.7,0.30000000000000004,[0. 0.]
154,0.0,155,1,False,0.0,78.0,1.0,1,0,2,[1. 0.],[2 1],,1,0.6,0.7,0.30000000000000004,[0. 0.]
155,1.0,156,0,False,1.0,78.0,0.0,1,1,0,[0. 1.],[2 1],,1,0.6,0.7,0.30000000000000004,[0. 0.]
156,0.0,157,1,False,0.0,79.0,1.0,1,0,2,[0. 1.],[2 1],,1,0.6,0.7,0.30000000000000004,[0. 0.]
157,1.0,158,0,False,0.0,79.0,0.0,1,1,0,[1. 0.],[2 1],,1,0.6,0.7,0.30000000000000004,[0. 0.]
158,0.0,159,1,False,0.0,80.0,1.0,1,0,2,[1. 0.],[2 1],,1,0.6,0.7,0.30000000000000004,[0. 0.]
159,1.0,160,0,False,1.0,80.0,0.0,1,1,0,[1. 1.],[2 1],0.0,1,0.6,0.7,0.30000000000000004,[0. 0.]
160,0.0,161,1,False,0.0,81.0,1.0,1,0,2,[1. 1.],[2 1],0.0,1,0.6,0.7,0.30000000000000004,[0. 0.]
161,1.0,162,0,False,1.0,81.0,0.0,1,1,0,[0. 0.],[2 1],0.0,1,0.6,0.7,0.30000000000000004,[0. 0.]
162,0.0,163,1,False,0.0,82.0,1.0,1,0,2,[0. 0.],[2 1],0.0,1,0.6,0.7,0.30000000000000004,[0. 0.]
163,1.0,164,0,False,0.0,82.0,0.0,1,1,0,[1. 0.],[2 1],,1,0.6,0.7,0.30000000000000004,[0. 0.]
164,0.0,165,1,False,0.0,83.0,1.0,1,0,2,[1. 0.],[2 1],,1,0.6,0.7,0.30000000000000004,[0. 0.]
165,1.0,166,0,False,1.0,83.0,0.0,1,1,0,[0. 1.],[2 1],0.0,1,0.6,0.7,0.30000000000000004,[0. 0.]
166,0.0,167,1,False,0.0,84.0,1.0,1,0,2,[0. 1.],[2 1],0.0,1,0.6,0.7,0.30000000000000004,[0. 0.]
167,1.0,168,0,False,0.0,84.0,0.0,1,1,0,[1. 1.],[2 1],,1,0.6,0.7,0.30000000000000004,[0. 0.]
168,0.0,169,1,False,0.0,85.0,1.0,1,0,2,[1. 1.],[2 1],,1,0.6,0.7,0.30000000000000004,[0. 0.]
169,1.0,170,0,False,1.0,85.0,0.0,1,1,0,[1. 0.],[2 1],0.0,0,0.6,0.7,0.30000000000000004,[0. 0.]
170,0.0,171,1,False,0.0,86.0,1.0,1,0,2,[1. 0.],[2 1],0.0,0,0.6,0.7,0.30000000000000004,[0. 0.]
171,1.0,172,0,False,1.0,86.0,0.0,1,1,0,[1. 0.],[2 1],0.0,0,0.6,0.7,0.30000000000000004,[0. 0.]
172,0.0,173,1,False,0.0,87.0,1.0,1,0,2,[1. 0.],[2 1],0.0,0,0.6,0.7,0.30000000000000004,[0. 0.]
173,1.0,174,0,False,1.0,87.0,0.0,1,1,0,[1. 1.],[2 1],,0,0.6,0.7,0.30000000000000004,[0. 0.]
174,0.0,175,1,False,0.0,88.0,1.0,1,0,2,[1. 1.],[2 1],,0,0.6,0.7,0.30000000000000004,[0. 0.]
175,1.0,176,0,False,1.0,88.0,0.0,1,1,0,[0. 0.],[2 1],0.0,0,0.6,0.7,0.30000000000000004,[0. 0.]
176,0.0,177,1,False,0.0,89.0,1.0,1,0,2,[0. 0.],[2 1],0.0,0,0.6,0.7,0.30000000000000004,[0. 0.]
177,1.0,178,0,False,0.0,89.0,0.0,1,1,0,[1. 0.],[2 1],,0,0.6,0.7,0.30000000000000004,[0. 0.]
178,0.0,179,1,False,0.0,90.0,1.0,1,0,2,[1. 0.],[2 1],,0,0.6,0.7,0.30000000000000004,[0. 0.]
179,1.0,180,0,False,1.0,90.0,0.0,1,1,0,[1. 0.],[2 1],1.0,0,0.6,0.7,0.30000000000000004,[0. 0.]
180,0.0,181,1,False,0.0,91.0,2.0,1,0,2,[1. 0.],[2 1],1.0,0,0.6,0.7,0.30000000000000004,[0. 0.]
181,2.0,182,0,False,1.0,91.0,0.0,1,1,0,[0. 0.],[2 1],1.0,0,0.6,0.7,0.30000000000000004,[0. 0.]
182,0.0,183,1,False,0.0,92.0,2.0,1,0,2,[0. 0.],[2 1],1.0,0,0.6,0.7,0.30000000000000004,[0. 0.]
183,2.0,184,0,False,0.0,92.0,0.0,1,1,0,[0. 0.],[2 1],0.0,0,0.6,0.7,0.30000000000000004,[0. 0.]
184,0.0,185,1,False,0.0,93.0,1.0,1,0,2,[0. 0.],[2 1],0.0,0,0.6,0.7,0.30000000000000004,[0. 0.]
185,1.0,186,0,False,0.0,93.0,0.0,1,1,0,[1. 1.],[2 1],,0,0.6,0.7,0.30000000000000004,[0. 0.]
186,0.0,187,1,False,0.0,94.0,1.0,1,0,2,[1. 1.],[2 1],,0,0.6,0.7,0.30000000000000004,[0. 0.]
187,1.0,188,0,False,1.0,94.0,0.0,1,1,0,[0. 0.],[2 1],,0,0.6,0.7,0.30000000000000004,[0. 0.]
188,0.0,189,1,False,0.0,95.0,1.0,1,0,2,[0. 0.],[2 1],,0,0.6,0.7,0.30000000000000004,[0. 0.]
189,1.0,190,0,False,0.0,95.0,0.0,1,1,0,[0. 0.],[2 1],,0,0.6,0.7,0.30000000000000004,[0. 0.]
190,0.0,191,1,False,0.0,96.0,1.0,1,0,2,[0. 0.],[2 1],,0,0.6,0.7,0.30000000000000004,[0. 0.]
191,1.0,192,0,False,0.0,96.0,0.0,1,1,0,[1. 0.],[2 1],1.0,0,0.6,0.7,0.30000000000000004,[0. 0.]
192,0.0,193,1,False,0.0,97.0,2.0,1,0,2,[1. 0.],[2 1],1.0,0,0.6,0.7,0.30000000000000004,[0. 0.]
193,2.0,194,0,False,1.0,97.0,0.0,1,1,0,[0. 1.],[2 1],,0,0.6,0.7,0.30000000000000004,[0. 0.]
194,0.0,195,1,False,0.0,98.0,1.0,1,0,2,[0. 1.],[2 1],,0,0.6,0.7,0.30000000000000004,[0. 0.]
195,1.0,196,0,False,0.0,98.0,0.0,1,1,0,[1. 0.],[2 1],1.0,0,0.6,0.7,0.30000000000000004,[0. 0.]
196,0.0,197,1,False,0.0,99.0,2.0,1,0,2,[1. 0.],[2 1],1.0,0,0.6,0.7,0.30000000000000004,[0. 0.]
197,2.0,198,0,False,1.0,99.0,0.0,1,1,0,[0. 0.],[2 1],,0,0.6,0.7,0.30000000000000004,[0. 0.]
198,0.0,199,1,False,0.0,100.0,1.0,1,0,2,[0. 0.],[2 1],,0,0.6,0.7,0.30000000000000004,[0. 0.]
199,1.0,200,0,False,0.0,100.0,0.0,1,1,0,[1. 0.],[2 1],0.0,0,0.6,0.7,0.30000000000000004,[0. 0.]
200,0.0,201,1,False,0.0,101.0,1.0,1,0,2,[1. 0.],[2 1],0.0,0,0.6,0.7,0.30000000000000004,[0. 0.]
201,1.0,202,0,False,1.0,101.0,0.0,1,1,0,[1. 0.],[2 1],0.0,0,0.6,0.7,0.30000000000000004,[0. 0.]
202,0.0,203,1,False,0.0,102.0,1.0,1,0,2,[1. 0.],[2 1],0.0,0,0.6,0.7,0.30000000000000004,[0. 0.]
203,1.0,204,0,False,1.0,102.0,0.0,1,1,0,[0. 0.],[2 1],1.0,0,0.6,0.7,0.30000000000000004,[0. 0.]
204,0.0,205,1,False,0.0,103.0,2.0,1,0,2,[0. 0.],[2 1],1.0,0,0.6,0.7,0.30000000000000004,[0. 0.]
205,2.0,206,0,False,0.0,103.0,0.0,1,1,0,[1. 0.],[2 1],,0,0.6,0.7,0.30000000000000004,[0. 0.]
206,0.0,207,1,False,0.0,104.0,2.0,1,0,1,[1. 0.],[2 1],,0,0.6,0.7,0.30000000000000004,[0. 0.]
207,2.0,208,0,False,0.0,104.0,0.0,1,1,0,[1. 0.],[2 1],0.0,0,0.6,0.7,0.30000000000000004,[0. 0.]
208,0.0,209,1,False,0.0,105.0,1.0,1,0,2,[1. 0.],[2 1],0.0,0,0.6,0.7,0.30000000000000004,[0. 0.]
209,1.0,210,0,False,1.0,105.0,0.0,1,1,0,[1. 0.],[2 1],,0,0.6,0.7,0.30000000000000004,[0. 0.]
210,0.0,211,1,False,0.0,106.0,1.0,1,0,2,[1. 0.],[2 1],,0,0.6,0.7,0.30000000000000004,[0. 0.]
211,1.0,212,0,False,1.0,106.0,0.0,1,1,0,[1. 0.],[2 1],1.0,0,0.6,0.7,0.30000000000000004,[0. 0.]
212,0.0,213,1,False,0.0,107.0,2.0,1,0,2,[1. 0.],[2 1],1.0,0,0.6,0.7,0.30000000000000004,[0. 0.]
213,2.0,214,0,False,1.0,107.0,0.0,1,1,0,[1. 0.],[2 1],0.0,0,0.6,0.7,0.30000000000000004,[0. 0.]
214,0.0,215,1,False,0.0,108.0,1.0,1,0,2,[1. 0.],[2 1],0.0,0,0.6,0.7,0.30000000000000004,[0. 0.]
215,1.0,216,0,False,1.0,108.0,0.0,1,1,0,[1. 1.],[2 1],,0,0.6,0.7,0.30000000000000004,[0. 0.]
216,0.0,217,1,False,0.0,109.0,1.0,1,0,2,[1. 1.],[2 1],,0,0.6,0.7,0.30000000000000004,[0. 0.]
217,1.0,218,0,False,1.0,109.0,0.0,1,1,0,[1. 0.],[2 1],,0,0.6,0.7,0.30000000000000004,[0. 0.]
218,0.0,219,1,False,0.0,110.0,1.0,1,0,2,[1. 0.],[2 1],,0,0.6,0.7,0.30000000000000004,[0. 0.]
219,1.0,220,0,False,1.0,110.0,0.0,1,1,0,[1. 1.],[2 1],0.0,0,0.6,0.7,0.30000000000000004,[0. 0.]
220,0.0,221,1,False,0.0,111.0,1.0,1,0,2,[1. 1.],[2 1],0.0,0,0.6,0.7,0.30000000000000004,[0. 0.]
221,1.0,222,0,False,1.0,111.0,0.0,1,1,0,[0. 1.],[2 1],1.0,0,0.6,0.7,0.30000000000000004,[0. 0.]
222,0.0,223,1,False,0.0,112.0,2.0,1,0,2,[0. 1.],[2 1],1.0,0,0.6,0.7,0.30000000000000004,[0. 0.]
223,2.0,224,0,False,0.0,112.0,0.0,1,1,0,[0. 0.],[2 1],,0,0.6,0.7,0.30000000000000004,[0. 0.]
224,0.0,225,1,False,0.0,113.0,1.0,1,0,2,[0. 0.],[2 1],,0,0.6,0.7,0.30000000000000004,[0. 0.]
225,1.0,226,0,False,0.0,113.0,0.0,1,1,0,[1. 0.],[2 1],,0,0.6,0.7,0.30000000000000004,[0. 0.]
226,0.0,227,1,False,0.0,114.0,1.0,1,0,2,[1. 0.],[2 1],,0,0.6,0.7,0.30000000000000004,[0. 0.]
227,1.0,228,0,False,1.0,114.0,0.0,1,1,0,[1. 1.],[2 1],,0,0.6,0.7,0.30000000000000004,[0. 0.]
228,0.0,229,1,False,0.0,115.0,1.0,1,0,2,[1. 1.],[2 1],,0,0.6,0.7,0.30000000000000004,[0. 0.]
229,1.0,230,0,False,1.0,115.0,0.0,1,1,0,[1. 0.],[2 1],0.0,0,0.6,0.7,0.30000000000000004,[0. 0.]
230,0.0,231,1,False,0.0,116.0,1.0,1,0,2,[1. 0.],[2 1],0.0,0,0.6,0.7,0.30000000000000004,[0. 0.]
231,1.0,232,0,False,1.0,116.0,0.0,1,1,0,[0. 1.],[2 1],,0,0.6,0.7,0.30000000000000004,[0. 0.]
232,0.0,233,1,False,0.0,117.0,1.0,1,0,2,[0. 1.],[2 1],,0,0.6,0.7,0.30000000000000004,[0. 0.]
233,1.0,234,0,False,0.0,117.0,0.0,1,1,0,[0. 1.],[2 1],,0,0.6,0.7,0.30000000000000004,[0. 0.]
234,0.0,235,1,False,0.0,118.0,1.0,1,0,2,[0. 1.],[2 1],,0,0.6,0.7,0.30000000000000004,[0. 0.]
235,1.0,236,0,False,0.0,118.0,0.0,1,1,0,[1. 0.],[2 1],0.0,0,0.6,0.7,0.30000000000000004,[0. 0.]
236,0.0,237,1,False,0.0,119.0,1.0,1,0,2,[1. 0.],[2 1],0.0,0,0.6,0.7,0.30000000000000004,[0. 0.]
237,1.0,238,0,False,1.0,119.0,0.0,1,1,0,[1. 1.],[2 1],,0,0.6,0.7,0.30000000000000004,[0. 0.]
238,0.0,239,1,False,0.0,120.0,1.0,1,0,2,[1. 1.],[2 1],,0,0.6,0.7,0.30000000000000004,[0. 0.]
239,1.0,240,0,False,1.0,120.0,0.0,1,1,0,[1. 0.],[1 2],0.0,0,0.6,0.7,0.30000000000000004,[0. 0.]
240,0.0,241,1,False,0.0,121.0,1.0,1,0,2,[1. 0.],[1 2],0.0,0,0.6,0.7,0.30000000000000004,[0. 0.]
241,1.0,242,0,False,0.0,121.0,0.0,1,1,0,[0. 1.],[1 2],,0,0.6,0.7,0.30000000000000004,[0. 0.]
242,0.0,243,1,False,0.0,122.0,2.0,1,0,2,[0. 1.],[1 2],,0,0.6,0.7,0.30000000000000004,[0. 0.]
243,2.0,244,0,False,1.0,122.0,0.0,1,1,0,[0. 0.],[1 2],1.0,0,0.6,0.7,0.30000000000000004,[0. 0.]
244,0.0,245,1,False,0.0,123.0,2.0,1,0,2,[0. 0.],[1 2],1.0,0,0.6,0.7,0.30000000000000004,[0. 0.]
245,2.0,246,0,False,0.0,123.0,0.0,1,1,0,[1. 1.],[1 2],,0,0.6,0.7,0.30000000000000004,[0. 0.]
246,0.0,247,1,False,0.0,124.0,1.0,1,0,1,[1. 1.],[1 2],,0,0.6,0.7,0.30000000000000004,[0. 0.]
247,1.0,248,0,False,1.0,124.0,0.0,1,1,0,[1. 0.],[1 2],0.0,0,0.6,0.7,0.30000000000000004,[0. 0.]
248,0.0,249,1,False,0.0,125.0,1.0,1,0,1,[1. 0.],[1 2],0.0,0,0.6,0.7,0.30000000000000004,[0. 0.]
249,1.0,250,0,False,1.0,125.0,0.0,1,1,0,[1. 1.],[1 2],1.0,0,0.6,0.7,0.30000000000000004,[0. 0.]
250,0.0,251,1,False,0.0,126.0,2.0,1,0,1,[1. 1.],[1 2],1.0,0,0.6,0.7,0.30000000000000004,[0. 0.]
251,2.0,252,0,False,1.0,126.0,0.0,1,1,0,[0. 1.],[1 2],1.0,0,0.6,0.7,0.30000000000000004,[0. 0.]
252,0.0,253,1,False,0.0,127.0,2.0,1,0,1,[0. 1.],[1 2],1.0,0,0.6,0.7,0.30000000000000004,[0. 0.]
253,2.0,254,0,False,0.0,127.0,0.0,1,1,0,[0. 1.],[1 2],0.0,0,0.6,0.7,0.30000000000000004,[0. 0.]
254,0.0,255,1,False,0.0,128.0,1.0,1,0,1,[0. 1.],[1 2],0.0,0,0.6,0.7,0.30000000000000004,[0. 0.]
255,1.0,256,0,False,0.0,128.0,0.0,1,1,0,[1. 0.],[1 2],,0,0.6,0.7,0.30000000000000004,[0. 0.]
256,0.0,257,1,False,0.0,129.0,1.0,1,0,1,[1. 0.],[1 2],,0,0.6,0.7,0.30000000000000004,[0. 0.]
257,1.0,258,0,False,1.0,129.0,0.0,1,1,0,[0. 0.],[1 2],,0,0.6,0.7,0.30000000000000004,[0. 0.]
258,0.0,259,1,False,0.0,130.0,1.0,1,0,1,[0. 0.],[1 2],,0,0.6,0.7,0.30000000000000004,[0. 0.]
259,1.0,260,0,False,0.0,130.0,0.0,1,1,0,[1. 0.],[1 2],,0,0.6,0.7,0.30000000000000004,[0. 0.]
260,0.0,261,1,False,0.0,131.0,1.0,1,0,1,[1. 0.],[1 2],,0,0.6,0.7,0.30000000000000004,[0. 0.]
261,1.0,262,0,False,1.0,131.0,0.0,1,1,0,[1. 0.],[1 2],,0,0.6,0.7,0.30000000000000004,[0. 0.]
262,0.0,263,1,False,0.0,132.0,1.0,1,0,1,[1. 0.],[1 2],,0,0.6,0.7,0.30000000000000004,[0. 0.]
263,1.0,264,0,False,1.0,132.0,0.0,1,1,0,[1. 0.],[1 2],,0,0.6,0.7,0.30000000000000004,[0. 0.]
264,0.0,265,1,False,0.0,133.0,1.0,1,0,1,[1. 0.],[1 2],,0,0.6,0.7,0.30000000000000004,[0. 0.]
265,1.0,266,0,False,1.0,133.0,0.0,1,1,0,[0. 0.],[1 2],,0,0.6,0.7,0.30000000000000004,[0. 0.]
266,0.0,267,1,False,0.0,134.0,1.0,1,0,1,[0. 0.],[1 2],,0,0.6,0.7,0.30000000000000004,[0. 0.]
267,1.0,268,0,False,0.0,134.0,0.0,1,1,0,[1. 0.],[1 2],0.0,0,0.6,0.7,0.30000000000000004,[0. 0.]
268,0.0,269,1,False,0.0,135.0,1.0,1,0,1,[1. 0.],[1 2],0.0,0,0.6,0.7,0.30000000000000004,[0. 0.]
269,1.0,270,0,False,1.0,135.0,0.0,1,1,0,[1. 0.],[1 2],0.0,0,0.6,0.7,0.30000000000000004,[0. 0.]
270,0.0,271,1,False,0.0,136.0,1.0,1,0,1,[1. 0.],[1 2],0.0,0,0.6,0.7,0.30000000000000004,[0. 0.]
271,1.0,272,0,False,1.0,136.0,0.0,1,1,0,[0. 1.],[1 2],0.0,1,0.6,0.7,0.30000000000000004,[0. 0.]
272,0.0,273,1,False,0.0,137.0,1.0,1,0,1,[0. 1.],[1 2],0.0,1,0.6,0.7,0.30000000000000004,[0. 0.]
273,1.0,274,0,False,0.0,137.0,0.0,1,1,0,[0. 1.],[1 2],,1,0.6,0.7,0.30000000000000004,[0. 0.]
274,0.0,275,1,False,0.0,138.0,1.0,1,0,1,[0. 1.],[1 2],,1,0.6,0.7,0.30000000000000004,[0. 0.]
275,1.0,276,0,False,0.0,138.0,0.0,1,1,0,[0. 1.],[1 2],0.0,1,0.6,0.7,0.30000000000000004,[0. 0.]
276,0.0,277,1,False,0.0,139.0,1.0,1,0,1,[0. 1.],[1 2],0.0,1,0.6,0.7,0.30000000000000004,[0. 0.]
277,1.0,278,0,False,0.0,139.0,0.0,1,1,0,[0. 1.],[1 2],,1,0.6,0.7,0.30000000000000004,[0. 0.]
278,0.0,279,1,False,0.0,140.0,1.0,1,0,1,[0. 1.],[1 2],,1,0.6,0.7,0.30000000000000004,[0. 0.]
279,1.0,280,0,False,0.0,140.0,0.0,1,1,0,[0. 1.],[1 2],0.0,1,0.6,0.7,0.30000000000000004,[0. 0.]
280,0.0,281,1,False,0.0,141.0,1.0,1,0,2,[0. 1.],[1 2],0.0,1,0.6,0.7,0.30000000000000004,[0. 0.]
281,1.0,282,0,False,1.0,141.0,0.0,1,1,0,[1. 1.],[1 2],1.0,1,0.6,0.7,0.30000000000000004,[0. 0.]
282,0.0,283,1,False,0.0,142.0,2.0,1,0,2,[1. 1.],[1 2],1.0,1,0.6,0.7,0.30000000000000004,[0. 0.]
283,2.0,284,0,False,1.0,142.0,0.0,1,1,0,[1. 1.],[1 2],0.0,1,0.6,0.7,0.30000000000000004,[0. 0.]
284,0.0,285,1,False,0.0,143.0,1.0,1,0,2,[1. 1.],[1 2],0.0,1,0.6,0.7,0.30000000000000004,[0. 0.]
285,1.0,286,0,False,1.0,143.0,0.0,1,1,0,[0. 1.],[1 2],,1,0.6,0.7,0.30000000000000004,[0. 0.]
286,0.0,287,1,False,0.0,144.0,2.0,1,0,2,[0. 1.],[1 2],,1,0.6,0.7,0.30000000000000004,[0. 0.]
287,2.0,288,0,False,1.0,144.0,0.0,1,1,0,[0. 0.],[1 2],,1,0.6,0.7,0.30000000000000004,[0. 0.]
288,0.0,289,1,False,0.0,145.0,2.0,1,0,2,[0. 0.],[1 2],,1,0.6,0.7,0.30000000000000004,[0. 0.]
289,2.0,290,0,False,0.0,145.0,0.0,1,1,0,[0. 1.],[1 2],,1,0.6,0.7,0.30000000000000004,[0. 0.]
290,0.0,291,1,False,0.0,146.0,2.0,1,0,2,[0. 1.],[1 2],,1,0.6,0.7,0.30000000000000004,[0. 0.]
291,2.0,292,0,False,1.0,146.0,0.0,1,1,0,[1. 0.],[1 2],0.0,1,0.6,0.7,0.30000000000000004,[0. 0.]
292,0.0,293,1,False,0.0,147.0,1.0,1,0,2,[1. 0.],[1 2],0.0,1,0.6,0.7,0.30000000000000004,[0. 0.]
293,1.0,294,0,False,0.0,147.0,0.0,1,1,0,[0. 1.],[1 2],,1,0.6,0.7,0.30000000000000004,[0. 0.]
294,0.0,295,1,False,0.0,148.0,1.0,1,0,1,[0. 1.],[1 2],,1,0.6,0.7,0.30000000000000004,[0. 0.]
295,1.0,296,0,False,0.0,148.0,0.0,1,1,0,[1. 1.],[1 2],1.0,1,0.6,0.7,0.30000000000000004,[0. 0.]
296,0.0,297,1,False,0.0,149.0,2.0,1,0,2,[1. 1.],[1 2],1.0,1,0.6,0.7,0.30000000000000004,[0. 0.]
297,2.0,298,0,False,1.0,149.0,0.0,1,1,0,[0. 1.],[1 2],1.0,1,0.6,0.7,0.30000000000000004,[0. 0.]
298,0.0,299,1,False,0.0,150.0,2.0,1,0,2,[0. 1.],[1 2],1.0,1,0.6,0.7,0.30000000000000004,[0. 0.]
299,2.0,300,0,False,1.0,150.0,0.0,1,1,0,[1. 0.],[1 2],0.0,1,0.6,0.7,0.30000000000000004,[0. 0.]
300,0.0,301,1,False,0.0,151.0,1.0,1,0,2,[1. 0.],[1 2],0.0,1,0.6,0.7,0.30000000000000004,[0. 0.]
301,1.0,302,0,False,0.0,151.0,0.0,1,1,0,[0. 1.],[1 2],,1,0.6,0.7,0.30000000000000004,[0. 0.]
302,0.0,303,1,False,0.0,152.0,2.0,1,0,2,[0. 1.],[1 2],,1,0.6,0.7,0.30000000000000004,[0. 0.]
303,2.0,304,0,False,1.0,152.0,0.0,1,1,0,[0. 0.],[1 2],1.0,1,0.6,0.7,0.30000000000000004,[0. 0.]
304,0.0,305,1,False,0.0,153.0,2.0,1,0,2,[0. 0.],[1 2],1.0,1,0.6,0.7,0.30000000000000004,[0. 0.]
305,2.0,306,0,False,0.0,153.0,0.0,1,1,0,[0. 1.],[1 2],,1,0.6,0.7,0.30000000000000004,[0. 0.]
306,0.0,307,1,False,0.0,154.0,1.0,1,0,1,[0. 1.],[1 2],,1,0.6,0.7,0.30000000000000004,[0. 0.]
307,1.0,308,0,False,0.0,154.0,0.0,1,1,0,[0. 1.],[1 2],1.0,1,0.6,0.7,0.30000000000000004,[0. 0.]
308,0.0,309,1,False,0.0,155.0,2.0,1,0,2,[0. 1.],[1 2],1.0,1,0.6,0.7,0.30000000000000004,[0. 0.]
309,2.0,310,0,False,1.0,155.0,0.0,1,1,0,[0. 1.],[1 2],1.0,1,0.6,0.7,0.30000000000000004,[0. 0.]
310,0.0,311,1,False,0.0,156.0,2.0,1,0,2,[0. 1.],[1 2],1.0,1,0.6,0.7,0.30000000000000004,[0. 0.]
311,2.0,312,0,False,1.0,156.0,0.0,1,1,0,[0. 1.],[1 2],0.0,1,0.6,0.7,0.30000000000000004,[0. 0.]
312,0.0,313,1,False,0.0,157.0,1.0,1,0,2,[0. 1.],[1 2],0.0,1,0.6,0.7,0.30000000000000004,[0. 0.]
313,1.0,314,0,False,1.0,157.0,0.0,1,1,0,[1. 1.],[1 2],0.0,1,0.6,0.7,0.30000000000000004,[0. 0.]
314,0.0,315,1,False,0.0,158.0,1.0,1,0,2,[1. 1.],[1 2],0.0,1,0.6,0.7,0.30000000000000004,[0. 0.]
315,1.0,316,0,False,1.0,158.0,0.0,1,1,0,[1. 1.],[1 2],1.0,1,0.6,0.7,0.30000000000000004,[0. 0.]
316,0.0,317,1,False,0.0,159.0,2.0,1,0,2,[1. 1.],[1 2],1.0,1,0.6,0.7,0.30000000000000004,[0. 0.]
317,2.0,318,0,False,1.0,159.0,0.0,1,1,0,[0. 1.],[1 2],1.0,1,0.6,0.7,0.30000000000000004,[0. 0.]
318,0.0,319,1,False,0.0,160.0,2.0,1,0,2,[0. 1.],[1 2],1.0,1,0.6,0.7,0.30000000000000004,[0. 0.]
319,2.0,320,0,False,1.0,160.0,0.0,1,1,0,[0. 1.],[1 2],0.0,1,0.6,0.7,0.30000000000000004,[0. 0.]
320,0.0,321,1,False,0.0,161.0,1.0,1,0,2,[0. 1.],[1 2],0.0,1,0.6,0.7,0.30000000000000004,[0. 0.]
321,1.0,322,0,False,1.0,161.0,0.0,1,1,0,[1. 1.],[1 2],1.0,1,0.6,0.7,0.30000000000000004,[0. 0.]
322,0.0,323,1,False,0.0,162.0,2.0,1,0,2,[1. 1.],[1 2],1.0,1,0.6,0.7,0.30000000000000004,[0. 0.]
323,2.0,324,0,False,1.0,162.0,0.0,1,1,0,[1. 1.],[1 2],,1,0.6,0.7,0.30000000000000004,[0. 0.]
324,0.0,325,1,False,0.0,163.0,2.0,1,0,2,[1. 1.],[1 2],,1,0.6,0.7,0.30000000000000004,[0. 0.]
325,2.0,326,0,False,1.0,163.0,0.0,1,1,0,[0. 1.],[1 2],0.0,1,0.6,0.7,0.30000000000000004,[0. 0.]
326,0.0,327,1,False,0.0,164.0,1.0,1,0,2,[0. 1.],[1 2],0.0,1,0.6,0.7,0.30000000000000004,[0. 0.]
327,1.0,328,0,False,1.0,164.0,0.0,1,1,0,[1. 1.],[1 2],0.0,1,0.6,0.7,0.30000000000000004,[0. 0.]
328,0.0,329,1,False,0.0,165.0,1.0,1,0,2,[1. 1.],[1 2],0.0,1,0.6,0.7,0.30000000000000004,[0. 0.]
329,1.0,330,0,False,1.0,165.0,0.0,1,1,0,[0. 1.],[1 2],,1,0.6,0.7,0.30000000000000004,[0. 0.]
330,0.0,331,1,False,0.0,166.0,2.0,1,0,2,[0. 1.],[1 2],,1,0.6,0.7,0.30000000000000004,[0. 0.]
331,2.0,332,0,False,1.0,166.0,0.0,1,1,0,[0. 0.],[1 2],,1,0.6,0.7,0.30000000000000004,[0. 0.]
332,0.0,333,1,False,0.0,167.0,2.0,1,0,2,[0. 0.],[1 2],,1,0.6,0.7,0.30000000000000004,[0. 0.]
333,2.0,334,0,False,0.0,167.0,0.0,1,1,0,[0. 1.],[1 2],0.0,1,0.6,0.7,0.30000000000000004,[0. 0.]
334,0.0,335,1,False,0.0,168.0,1.0,1,0,2,[0. 1.],[1 2],0.0,1,0.6,0.7,0.30000000000000004,[0. 0.]
335,1.0,336,0,False,1.0,168.0,0.0,1,1,0,[1. 0.],[1 2],1.0,1,0.6,0.7,0.30000000000000004,[0. 0.]
336,0.0,337,1,False,0.0,169.0,2.0,1,0,2,[1. 0.],[1 2],1.0,1,0.6,0.7,0.30000000000000004,[0. 0.]
337,2.0,338,0,False,0.0,169.0,0.0,1,1,0,[0. 0.],[2 1],,1,0.6,0.7,0.30000000000000004,[0. 0.]
338,0.0,339,1,False,0.0,170.0,1.0,1,0,2,[0. 0.],[2 1],,1,0.6,0.7,0.30000000000000004,[0. 0.]
339,1.0,340,0,False,0.0,170.0,0.0,1,1,0,[0. 0.],[2 1],1.0,1,0.6,0.7,0.30000000000000004,[0. 0.]
340,0.0,341,1,False,0.0,171.0,2.0,1,0,2,[0. 0.],[2 1],1.0,1,0.6,0.7,0.30000000000000004,[0. 0.]
341,2.0,342,0,False,0.0,171.0,0.0,1,1,0,[1. 1.],[2 1],,1,0.6,0.7,0.30000000000000004,[0. 0.]
342,0.0,343,1,False,0.0,172.0,2.0,1,0,1,[1. 1.],[2 1],,1,0.6,0.7,0.30000000000000004,[0. 0.]
343,2.0,344,0,False,1.0,172.0,0.0,1,1,0,[1. 0.],[2 1],0.0,0,0.6,0.7,0.30000000000000004,[0. 0.]
344,0.0,345,1,False,0.0,173.0,1.0,1,0,1,[1. 0.],[2 1],0.0,0,0.6,0.7,0.30000000000000004,[0. 0.]
345,1.0,346,0,False,0.0,173.0,0.0,1,1,0,[1. 0.],[2 1],1.0,0,0.6,0.7,0.30000000000000004,[0. 0.]
346,0.0,347,1,False,0.0,174.0,2.0,1,0,1,[1. 0.],[2 1],1.0,0,0.6,0.7,0.30000000000000004,[0. 0.]
347,2.0,348,0,False,0.0,174.0,0.0,1,1,0,[1. 0.],[2 1],1.0,0,0.6,0.7,0.30000000000000004,[0. 0.]
348,0.0,349,1,False,0.0,175.0,2.0,1,0,2,[1. 0.],[2 1],1.0,0,0.6,0.7,0.30000000000000004,[0. 0.]
349,2.0,350,0,False,1.0,175.0,0.0,1,1,0,[1. 0.],[2 1],0.0,0,0.6,0.7,0.30000000000000004,[0. 0.]
350,0.0,351,1,False,0.0,176.0,1.0,1,0,2,[1. 0.],[2 1],0.0,0,0.6,0.7,0.30000000000000004,[0. 0.]
351,1.0,352,0,False,1.0,176.0,0.0,1,1,0,[1. 0.],[2 1],,0,0.6,0.7,0.30000000000000004,[0. 0.]
352,0.0,353,1,False,0.0,177.0,1.0,1,0,2,[1. 0.],[2 1],,0,0.6,0.7,0.30000000000000004,[0. 0.]
353,1.0,354,0,False,1.0,177.0,0.0,1,1,0,[1. 0.],[2 1],1.0,0,0.6,0.7,0.30000000000000004,[0. 0.]
354,0.0,355,1,False,0.0,178.0,2.0,1,0,2,[1. 0.],[2 1],1.0,0,0.6,0.7,0.30000000000000004,[0. 0.]
355,2.0,356,0,False,1.0,178.0,0.0,1,1,0,[1. 0.],[2 1],,0,0.6,0.7,0.30000000000000004,[0. 0.]
356,0.0,357,1,False,0.0,179.0,1.0,1,0,2,[1. 0.],[2 1],,0,0.6,0.7,0.30000000000000004,[0. 0.]
357,1.0,358,0,False,1.0,179.0,0.0,1,1,0,[1. 0.],[2 1],0.0,0,0.6,0.7,0.30000000000000004,[0. 0.]
358,0.0,359,1,False,0.0,180.0,1.0,1,0,2,[1. 0.],[2 1],0.0,0,0.6,0.7,0.30000000000000004,[0. 0.]
359,1.0,360,0,False,1.0,180.0,0.0,1,1,0,[1. 0.],[2 1],,0,0.6,0.7,0.30000000000000004,[0. 0.]
360,0.0,361,1,False,0.0,181.0,1.0,1,0,2,[1. 0.],[2 1],,0,0.6,0.7,0.30000000000000004,[0. 0.]
361,1.0,362,0,False,1.0,181.0,0.0,1,1,0,[0. 1.],[1 2],0.0,0,0.6,0.7,0.30000000000000004,[0. 0.]
362,0.0,363,1,False,0.0,182.0,1.0,1,0,2,[0. 1.],[1 2],0.0,0,0.6,0.7,0.30000000000000004,[0. 0.]
363,1.0,364,0,False,1.0,182.0,0.0,1,1,0,[1. 0.],[1 2],0.0,0,0.6,0.7,0.30000000000000004,[0. 0.]
364,0.0,365,1,False,0.0,183.0,1.0,1,0,2,[1. 0.],[1 2],0.0,0,0.6,0.7,0.30000000000000004,[0. 0.]
365,1.0,366,0,False,0.0,183.0,0.0,1,1,0,[1. 1.],[1 2],0.0,0,0.6,0.7,0.30000000000000004,[0. 0.]
366,0.0,367,1,False,0.0,184.0,1.0,1,0,2,[1. 1.],[1 2],0.0,0,0.6,0.7,0.30000000000000004,[0. 0.]
367,1.0,368,0,False,1.0,184.0,0.0,1,1,0,[1. 0.],[1 2],,0,0.6,0.7,0.30000000000000004,[0. 0.]
368,0.0,369,1,False,0.0,185.0,2.0,1,0,2,[1. 0.],[1 2],,0,0.6,0.7,0.30000000000000004,[0. 0.]
369,2.0,370,0,False,0.0,185.0,0.0,1,1,0,[1. 0.],[1 2],1.0,0,0.6,0.7,0.30000000000000004,[0. 0.]
370,0.0,371,1,False,0.0,186.0,2.0,1,0,2,[1. 0.],[1 2],1.0,0,0.6,0.7,0.30000000000000004,[0. 0.]
371,2.0,372,0,False,0.0,186.0,0.0,1,1,0,[1. 1.],[1 2],0.0,0,0.6,0.7,0.30000000000000004,[0. 0.]
372,0.0,373,1,False,0.0,187.0,1.0,1,0,1,[1. 1.],[1 2],0.0,0,0.6,0.7,0.30000000000000004,[0. 0.]
373,1.0,374,0,False,1.0,187.0,0.0,1,1,0,[1. 0.],[1 2],,0,0.6,0.7,0.30000000000000004,[0. 0.]
374,0.0,375,1,False,0.0,188.0,1.0,1,0,1,[1. 0.],[1 2],,0,0.6,0.7,0.30000000000000004,[0. 0.]
375,1.0,376,0,False,1.0,188.0,0.0,1,1,0,[1. 1.],[1 2],0.0,0,0.6,0.7,0.30000000000000004,[0. 0.]
376,0.0,377,1,False,0.0,189.0,1.0,1,0,1,[1. 1.],[1 2],0.0,0,0.6,0.7,0.30000000000000004,[0. 0.]
377,1.0,378,0,False,1.0,189.0,0.0,1,1,0,[1. 0.],[1 2],,0,0.6,0.7,0.30000000000000004,[0. 0.]
378,0.0,379,1,False,0.0,190.0,1.0,1,0,1,[1. 0.],[1 2],,0,0.6,0.7,0.30000000000000004,[0. 0.]
379,1.0,380,0,False,1.0,190.0,0.0,1,1,0,[1. 0.],[1 2],,0,0.6,0.7,0.30000000000000004,[0. 0.]
380,0.0,381,1,False,0.0,191.0,1.0,1,0,1,[1. 0.],[1 2],,0,0.6,0.7,0.30000000000000004,[0. 0.]
381,1.0,382,0,False,1.0,191.0,0.0,1,1,0,[1. 0.],[1 2],,0,0.6,0.7,0.30000000000000004,[0. 0.]
382,0.0,383,1,False,0.0,192.0,1.0,1,0,1,[1. 0.],[1 2],,0,0.6,0.7,0.30000000000000004,[0. 0.]
383,1.0,384,0,False,1.0,192.0,0.0,1,1,0,[0. 1.],[1 2],,0,0.6,0.7,0.30000000000000004,[0. 0.]
384,0.0,385,1,False,0.0,193.0,1.0,1,0,1,[0. 1.],[1 2],,0,0.6,0.7,0.30000000000000004,[0. 0.]
385,1.0,386,0,False,0.0,193.0,0.0,1,1,0,[0. 0.],[1 2],,0,0.6,0.7,0.30000000000000004,[0. 0.]
386,0.0,387,1,False,0.0,194.0,1.0,1,0,1,[0. 0.],[1 2],,0,0.6,0.7,0.30000000000000004,[0. 0.]
387,1.0,388,0,False,0.0,194.0,0.0,1,1,0,[1. 0.],[1 2],1.0,0,0.6,0.7,0.30000000000000004,[0. 0.]
388,0.0,389,1,False,0.0,195.0,2.0,1,0,1,[1. 0.],[1 2],1.0,0,0.6,0.7,0.30000000000000004,[0. 0.]
389,2.0,390,0,False,1.0,195.0,0.0,1,1,0,[1. 0.],[1 2],1.0,0,0.6,0.7,0.30000000000000004,[0. 0.]
390,0.0,391,1,False,0.0,196.0,2.0,1,0,1,[1. 0.],[1 2],1.0,0,0.6,0.7,0.30000000000000004,[0. 0.]
391,2.0,392,0,False,1.0,196.0,0.0,1,1,0,[0. 0.],[1 2],,0,0.6,0.7,0.30000000000000004,[0. 0.]
392,0.0,393,1,False,0.0,197.0,1.0,1,0,1,[0. 0.],[1 2],,0,0.6,0.7,0.30000000000000004,[0. 0.]
393,1.0,394,0,False,0.0,197.0,0.0,1,1,0,[0. 1.],[1 2],1.0,0,0.6,0.7,0.30000000000000004,[0. 0.]
394,0.0,395,1,False,0.0,198.0,2.0,1,0,1,[0. 1.],[1 2],1.0,0,0.6,0.7,0.30000000000000004,[0. 0.]
395,2.0,396,0,False,0.0,198.0,0.0,1,1,0,[0. 0.],[1 2],0.0,0,0.6,0.7,0.30000000000000004,[0. 0.]
396,0.0,397,1,False,0.0,199.0,1.0,1,0,2,[0. 0.],[1 2],0.0,0,0.6,0.7,0.30000000000000004,[0. 0.]
397,1.0,398,0,False,0.0,199.0,0.0,1,1,0,[1. 0.],[1 2],,0,0.6,0.7,0.30000000000000004,[0. 0.]
398,0.0,399,1,False,0.0,200.0,1.0,1,0,1,[1. 0.],[1 2],,0,0.6,0.7,0.30000000000000004,[0. 0.]
399,1.0,400,0,False,1.0,200.0,0.0,1,1,0,[0. 0.],[1 2],,0,0.6,0.7,0.30000000000000004,[0. 0.]
400,0.0,401,1,False,0.0,201.0,1.0,1,0,1,[0. 0.],[1 2],,0,0.6,0.7,0.30000000000000004,[0. 0.]
401,1.0,402,0,False,0.0,201.0,0.0,1,1,0,[0. 0.],[1 2],0.0,0,0.6,0.7,0.30000000000000004,[0. 0.]
402,0.0,403,1,False,0.0,202.0,1.0,1,0,1,[0. 0.],[1 2],0.0,0,0.6,0.7,0.30000000000000004,[0. 0.]
403,1.0,404,0,False,0.0,202.0,0.0,1,1,0,[0. 0.],[1 2],,0,0.6,0.7,0.30000000000000004,[0. 0.]
404,0.0,405,1,False,0.0,203.0,1.0,1,0,1,[0. 0.],[1 2],,0,0.6,0.7,0.30000000000000004,[0. 0.]
405,1.0,406,0,False,0.0,203.0,0.0,1,1,0,[1. 0.],[1 2],0.0,0,0.6,0.7,0.30000000000000004,[0. 0.]
406,0.0,407,1,False,0.0,204.0,1.0,1,0,2,[1. 0.],[1 2],0.0,0,0.6,0.7,0.30000000000000004,[0. 0.]
407,1.0,408,0,False,0.0,204.0,0.0,1,1,0,[0. 1.],[1 2],,0,0.6,0.7,0.30000000000000004,[0. 0.]
408,0.0,409,1,False,0.0,205.0,1.0,1,0,1,[0. 1.],[1 2],,0,0.6,0.7,0.30000000000000004,[0. 0.]
409,1.0,410,0,False,0.0,205.0,0.0,1,1,0,[1. 0.],[1 2],0.0,0,0.6,0.7,0.30000000000000004,[0. 0.]
410,0.0,411,1,False,0.0,206.0,1.0,1,0,2,[1. 0.],[1 2],0.0,0,0.6,0.7,0.30000000000000004,[0. 0.]
411,1.0,412,0,False,0.0,206.0,0.0,1,1,0,[0. 0.],[1 2],,0,0.6,0.7,0.30000000000000004,[0. 0.]
412,0.0,413,1,False,0.0,207.0,1.0,1,0,1,[0. 0.],[1 2],,0,0.6,0.7,0.30000000000000004,[0. 0.]
413,1.0,414,0,False,0.0,207.0,0.0,1,1,0,[1. 0.],[1 2],0.0,0,0.6,0.7,0.30000000000000004,[0. 0.]
414,0.0,415,1,False,0.0,208.0,1.0,1,0,2,[1. 0.],[1 2],0.0,0,0.6,0.7,0.30000000000000004,[0. 0.]
415,1.0,416,0,False,0.0,208.0,0.0,1,1,0,[0. 0.],[1 2],,0,0.6,0.7,0.30000000000000004,[0. 0.]
416,0.0,417,1,False,0.0,209.0,1.0,1,0,1,[0. 0.],[1 2],,0,0.6,0.7,0.30000000000000004,[0. 0.]
417,1.0,418,0,False,0.0,209.0,0.0,1,1,0,[0. 1.],[1 2],,0,0.6,0.7,0.30000000000000004,[0. 0.]
418,0.0,419,1,False,0.0,210.0,2.0,1,0,2,[0. 1.],[1 2],,0,0.6,0.7,0.30000000000000004,[0. 0.]
419,2.0,420,0,False,1.0,210.0,0.0,1,1,0,[1. 0.],[1 2],,0,0.6,0.7,0.30000000000000004,[0. 0.]
420,0.0,421,1,False,0.0,211.0,2.0,1,0,2,[1. 0.],[1 2],,0,0.6,0.7,0.30000000000000004,[0. 0.]
421,2.0,422,0,False,0.0,211.0,0.0,1,1,0,[1. 0.],[1 2],,0,0.6,0.7,0.30000000000000004,[0. 0.]
422,0.0,423,1,False,0.0,212.0,1.0,1,0,1,[1. 0.],[1 2],,0,0.6,0.7,0.30000000000000004,[0. 0.]
423,1.0,424,0,False,1.0,212.0,0.0,1,1,0,[1. 0.],[1 2],1.0,0,0.6,0.7,0.30000000000000004,[0. 0.]
424,0.0,425,1,False,0.0,213.0,2.0,1,0,1,[1. 0.],[1 2],1.0,0,0.6,0.7,0.30000000000000004,[0. 0.]
425,2.0,426,0,False,1.0,213.0,0.0,1,1,0,[0. 1.],[1 2],0.0,0,0.6,0.7,0.30000000000000004,[0. 0.]
426,0.0,427,1,False,0.0,214.0,1.0,1,0,1,[0. 1.],[1 2],0.0,0,0.6,0.7,0.30000000000000004,[0. 0.]
427,1.0,428,0,False,0.0,214.0,0.0,1,1,0,[0. 0.],[1 2],1.0,0,0.6,0.7,0.30000000000000004,[0. 0.]
428,0.0,429,1,False,0.0,215.0,2.0,1,0,1,[0. 0.],[1 2],1.0,0,0.6,0.7,0.30000000000000004,[0. 0.]
429,2.0,430,0,False,0.0,215.0,0.0,1,1,0,[1. 0.],[1 2],,0,0.6,0.7,0.30000000000000004,[0. 0.]
430,0.0,431,1,False,0.0,216.0,2.0,1,0,2,[1. 0.],[1 2],,0,0.6,0.7,0.30000000000000004,[0. 0.]
431,2.0,432,0,False,0.0,216.0,0.0,1,1,0,[1. 1.],[1 2],,0,0.6,0.7,0.30000000000000004,[0. 0.]
432,0.0,433,1,False,0.0,217.0,1.0,1,0,1,[1. 1.],[1 2],,0,0.6,0.7,0.30000000000000004,[0. 0.]
433,1.0,434,0,False,1.0,217.0,0.0,1,1,0,[1. 0.],[1 2],1.0,0,0.6,0.7,0.30000000000000004,[0. 0.]
434,0.0,435,1,False,0.0,218.0,2.0,1,0,1,[1. 0.],[1 2],1.0,0,0.6,0.7,0.30000000000000004,[0. 0.]
435,2.0,436,0,False,1.0,218.0,0.0,1,1,0,[0. 0.],[1 2],,0,0.6,0.7,0.30000000000000004,[0. 0.]
436,0.0,437,1,False,0.0,219.0,1.0,1,0,1,[0. 0.],[1 2],,0,0.6,0.7,0.30000000000000004,[0. 0.]
437,1.0,438,0,False,0.0,219.0,0.0,1,1,0,[1. 1.],[1 2],0.0,0,0.6,0.7,0.30000000000000004,[0. 0.]
438,0.0,439,1,False,0.0,220.0,1.0,1,0,1,[1. 1.],[1 2],0.0,0,0.6,0.7,0.30000000000000004,[0. 0.]
439,1.0,440,0,False,1.0,220.0,0.0,1,1,0,[1. 0.],[1 2],1.0,0,0.6,0.7,0.30000000000000004,[0. 0.]
440,0.0,441,1,False,0.0,221.0,2.0,1,0,1,[1. 0.],[1 2],1.0,0,0.6,0.7,0.30000000000000004,[0. 0.]
441,2.0,442,0,False,1.0,221.0,0.0,1,1,0,[1. 0.],[1 2],,0,0.6,0.7,0.30000000000000004,[0. 0.]
442,0.0,443,1,False,0.0,222.0,1.0,1,0,1,[1. 0.],[1 2],,0,0.6,0.7,0.30000000000000004,[0. 0.]
443,1.0,444,0,False,1.0,222.0,0.0,1,1,0,[1. 0.],[1 2],,0,0.6,0.7,0.30000000000000004,[0. 0.]
444,0.0,445,1,False,0.0,223.0,1.0,1,0,1,[1. 0.],[1 2],,0,0.6,0.7,0.30000000000000004,[0. 0.]
445,1.0,446,0,False,1.0,223.0,0.0,1,1,0,[1. 1.],[1 2],,0,0.6,0.7,0.30000000000000004,[0. 0.]
446,0.0,447,1,False,0.0,224.0,1.0,1,0,1,[1. 1.],[1 2],,0,0.6,0.7,0.30000000000000004,[0. 0.]
447,1.0,448,0,False,1.0,224.0,0.0,1,1,0,[1. 0.],[1 2],1.0,0,0.6,0.7,0.30000000000000004,[0. 0.]
448,0.0,449,1,False,0.0,225.0,2.0,1,0,1,[1. 0.],[1 2],1.0,0,0.6,0.7,0.30000000000000004,[0. 0.]
449,2.0,450,0,False,1.0,225.0,0.0,1,1,0,[0. 0.],[1 2],0.0,0,0.6,0.7,0.30000000000000004,[0. 0.]
450,0.0,451,1,False,0.0,226.0,1.0,1,0,1,[0. 0.],[1 2],0.0,0,0.6,0.7,0.30000000000000004,[0. 0.]
451,1.0,452,0,False,0.0,226.0,0.0,1,1,0,[1. 1.],[1 2],0.0,0,0.6,0.7,0.30000000000000004,[0. 0.]
452,0.0,453,1,False,0.0,227.0,1.0,1,0,1,[1. 1.],[1 2],0.0,0,0.6,0.7,0.30000000000000004,[0. 0.]
453,1.0,454,0,False,1.0,227.0,0.0,1,1,0,[0. 0.],[1 2],,0,0.6,0.7,0.30000000000000004,[0. 0.]
454,0.0,455,1,False,0.0,228.0,1.0,1,0,1,[0. 0.],[1 2],,0,0.6,0.7,0.30000000000000004,[0. 0.]
455,1.0,456,0,False,0.0,228.0,0.0,1,1,0,[0. 0.],[1 2],,0,0.6,0.7,0.30000000000000004,[0. 0.]
456,0.0,457,1,False,0.0,229.0,1.0,1,0,1,[0. 0.],[1 2],,0,0.6,0.7,0.30000000000000004,[0. 0.]
457,1.0,458,0,False,0.0,229.0,0.0,1,1,0,[0. 1.],[1 2],0.0,0,0.6,0.7,0.30000000000000004,[0. 0.]
458,0.0,459,1,False,0.0,230.0,1.0,1,0,1,[0. 1.],[1 2],0.0,0,0.6,0.7,0.30000000000000004,[0. 0.]
459,1.0,460,0,False,0.0,230.0,0.0,1,1,0,[1. 1.],[1 2],,0,0.6,0.7,0.30000000000000004,[0. 0.]
460,0.0,461,1,False,0.0,231.0,1.0,1,0,1,[1. 1.],[1 2],,0,0.6,0.7,0.30000000000000004,[0. 0.]
461,1.0,462,0,False,1.0,231.0,0.0,1,1,0,[0. 1.],[1 2],1.0,0,0.6,0.7,0.30000000000000004,[0. 0.]
462,0.0,463,1,False,0.0,232.0,2.0,1,0,1,[0. 1.],[1 2],1.0,0,0.6,0.7,0.30000000000000004,[0. 0.]
463,2.0,464,0,False,0.0,232.0,0.0,1,1,0,[1. 1.],[1 2],,0,0.6,0.7,0.30000000000000004,[0. 0.]
464,0.0,465,1,False,0.0,233.0,1.0,1,0,1,[1. 1.],[1 2],,0,0.6,0.7,0.30000000000000004,[0. 0.]
465,1.0,466,0,False,1.0,233.0,0.0,1,1,0,[1. 1.],[1 2],0.0,0,0.6,0.7,0.30000000000000004,[0. 0.]
466,0.0,467,1,False,0.0,234.0,1.0,1,0,1,[1. 1.],[1 2],0.0,0,0.6,0.7,0.30000000000000004,[0. 0.]
467,1.0,468,0,False,1.0,234.0,0.0,1,1,0,[1. 0.],[1 2],1.0,0,0.6,0.7,0.30000000000000004,[0. 0.]
468,0.0,469,1,False,0.0,235.0,2.0,1,0,1,[1. 0.],[1 2],1.0,0,0.6,0.7,0.30000000000000004,[0. 0.]
469,2.0,470,0,False,1.0,235.0,0.0,1,1,0,[1. 0.],[1 2],1.0,0,0.6,0.7,0.30000000000000004,[0. 0.]
470,0.0,471,1,False,0.0,236.0,2.0,1,0,1,[1. 0.],[1 2],1.0,0,0.6,0.7,0.30000000000000004,[0. 0.]
471,2.0,472,0,False,1.0,236.0,0.0,1,1,0,[0. 0.],[1 2],1.0,0,0.6,0.7,0.30000000000000004,[0. 0.]
472,0.0,473,1,False,0.0,237.0,2.0,1,0,1,[0. 0.],[1 2],1.0,0,0.6,0.7,0.30000000000000004,[0. 0.]
473,2.0,474,0,False,0.0,237.0,0.0,1,1,0,[1. 1.],[1 2],1.0,0,0.6,0.7,0.30000000000000004,[0. 0.]
474,0.0,475,1,False,0.0,238.0,2.0,1,0,1,[1. 1.],[1 2],1.0,0,0.6,0.7,0.30000000000000004,[0. 0.]
475,2.0,476,0,False,1.0,238.0,0.0,1,1,0,[0. 0.],[1 2],,0,0.6,0.7,0.30000000000000004,[0. 0.]
476,0.0,477,1,False,0.0,239.0,1.0,1,0,1,[0. 0.],[1 2],,0,0.6,0.7,0.30000000000000004,[0. 0.]
477,1.0,478,0,False,0.0,239.0,0.0,1,1,0,[1. 0.],[1 2],1.0,0,0.6,0.7,0.30000000000000004,[0. 0.]
478,0.0,479,1,False,0.0,240.0,2.0,1,0,1,[1. 0.],[1 2],1.0,0,0.6,0.7,0.30000000000000004,[0. 0.]
479,2.0,480,0,False,1.0,240.0,0.0,1,1,0,[1. 1.],[1 2],0.0,0,0.6,0.7,0.30000000000000004,[0. 0.]
480,0.0,481,1,False,0.0,241.0,1.0,1,0,1,[1. 1.],[1 2],0.0,0,0.6,0.7,0.30000000000000004,[0. 0.]
481,1.0,482,0,False,1.0,241.0,0.0,1,1,0,[1. 0.],[1 2],,0,0.6,0.7,0.30000000000000004,[0. 0.]
482,0.0,483,1,False,0.0,242.0,1.0,1,0,1,[1. 0.],[1 2],,0,0.6,0.7,0.30000000000000004,[0. 0.]
483,1.0,484,0,False,1.0,242.0,0.0,1,1,0,[1. 0.],[1 2],0.0,0,0.6,0.7,0.30000000000000004,[0. 0.]
484,0.0,485,1,False,0.0,243.0,1.0,1,0,1,[1. 0.],[1 2],0.0,0,0.6,0.7,0.30000000000000004,[0. 0.]
485,1.0,486,0,False,1.0,243.0,0.0,1,1,0,[1. 0.],[1 2],1.0,0,0.6,0.7,0.30000000000000004,[0. 0.]
486,0.0,487,1,False,0.0,244.0,2.0,1,0,1,[1. 0.],[1 2],1.0,0,0.6,0.7,0.30000000000000004,[0. 0.]
487,2.0,488,0,False,1.0,244.0,0.0,1,1,0,[0. 0.],[1 2],0.0,0,0.6,0.7,0.30000000000000004,[0. 0.]
488,0.0,489,1,False,0.0,245.0,1.0,1,0,1,[0. 0.],[1 2],0.0,0,0.6,0.7,0.30000000000000004,[0. 0.]
489,1.0,490,0,False,0.0,245.0,0.0,1,1,0,[1. 0.],[2 1],,0,0.6,0.7,0.30000000000000004,[0. 0.]
490,0.0,491,1,False,0.0,246.0,2.0,1,0,1,[1. 0.],[2 1],,0,0.6,0.7,0.30000000000000004,[0. 0.]
491,2.0,492,0,False,0.0,246.0,0.0,1,1,0,[1. 0.],[2 1],0.0,0,0.6,0.7,0.30000000000000004,[0. 0.]
492,0.0,493,1,False,0.0,247.0,1.0,1,0,1,[1. 0.],[2 1],0.0,0,0.6,0.7,0.30000000000000004,[0. 0.]
493,1.0,494,0,False,0.0,247.0,0.0,1,1,0,[1. 0.],[2 1],1.0,0,0.6,0.7,0.30000000000000004,[0. 0.]
494,0.0,495,1,False,0.0,248.0,2.0,1,0,1,[1. 0.],[2 1],1.0,0,0.6,0.7,0.30000000000000004,[0. 0.]
495,2.0,496,0,False,0.0,248.0,0.0,1,1,0,[0. 0.],[2 1],0.0,0,0.6,0.7,0.30000000000000004,[0. 0.]
496,0.0,497,1,False,0.0,249.0,1.0,1,0,2,[0. 0.],[2 1],0.0,0,0.6,0.7,0.30000000000000004,[0. 0.]
497,1.0,498,0,False,0.0,249.0,0.0,1,1,0,[1. 0.],[2 1],0.0,0,0.6,0.7,0.30000000000000004,[0. 0.]
498,0.0,499,1,False,0.0,250.0,1.0,1,0,2,[1. 0.],[2 1],0.0,0,0.6,0.7,0.30000000000000004,[0. 0.]
499,1.0,500,0,False,1.0,250.0,0.0,1,1,0,[0. 0.],[2 1],,0,0.6,0.7,0.30000000000000004,[0. 0.]
500,0.0,501,1,False,0.0,251.0,1.0,1,0,2,[0. 0.],[2 1],,0,0.6,0.7,0.30000000000000004,[0. 0.]
501,1.0,502,0,False,0.0,251.0,0.0,1,1,0,[1. 0.],[2 1],1.0,0,0.6,0.7,0.30000000000000004,[0. 0.]
502,0.0,503,1,False,0.0,252.0,2.0,1,0,2,[1. 0.],[2 1],1.0,0,0.6,0.7,0.30000000000000004,[0. 0.]
503,2.0,504,0,False,1.0,252.0,0.0,1,1,0,[1. 0.],[2 1],0.0,0,0.6,0.7,0.30000000000000004,[0. 0.]
504,0.0,505,1,False,0.0,253.0,1.0,1,0,2,[1. 0.],[2 1],0.0,0,0.6,0.7,0.30000000000000004,[0. 0.]
505,1.0,506,0,False,1.0,253.0,0.0,1,1,0,[0. 0.],[2 1],0.0,0,0.6,0.7,0.30000000000000004,[0. 0.]
506,0.0,507,1,False,0.0,254.0,1.0,1,0,2,[0. 0.],[2 1],0.0,0,0.6,0.7,0.30000000000000004,[0. 0.]
507,1.0,508,0,False,0.0,254.0,0.0,1,1,0,[0. 0.],[2 1],1.0,0,0.6,0.7,0.30000000000000004,[0. 0.]
508,0.0,509,1,False,0.0,255.0,2.0,1,0,2,[0. 0.],[2 1],1.0,0,0.6,0.7,0.30000000000000004,[0. 0.]
509,2.0,510,0,False,0.0,255.0,0.0,1,1,0,[1. 1.],[2 1],,0,0.6,0.7,0.30000000000000004,[0. 0.]
510,0.0,511,1,False,0.0,256.0,2.0,1,0,1,[1. 1.],[2 1],,0,0.6,0.7,0.30000000000000004,[0. 0.]
511,2.0,512,0,False,1.0,256.0,0.0,1,1,0,[0. 1.],[2 1],0.0,0,0.6,0.7,0.30000000000000004,[0. 0.]
512,0.0,513,1,False,0.0,257.0,1.0,1,0,1,[0. 1.],[2 1],0.0,0,0.6,0.7,0.30000000000000004,[0. 0.]
513,1.0,514,0,False,1.0,257.0,0.0,1,1,0,[1. 1.],[2 1],,0,0.6,0.7,0.30000000000000004,[0. 0.]
514,0.0,515,1,False,0.0,258.0,2.0,1,0,1,[1. 1.],[2 1],,0,0.6,0.7,0.30000000000000004,[0. 0.]
515,2.0,516,0,False,1.0,258.0,0.0,1,1,0,[1. 1.],[2 1],,0,0.6,0.7,0.30000000000000004,[0. 0.]
516,0.0,517,1,False,0.0,259.0,2.0,1,0,1,[1. 1.],[2 1],,0,0.6,0.7,0.30000000000000004,[0. 0.]
517,2.0,518,0,False,1.0,259.0,0.0,1,1,0,[1. 0.],[2 1],,0,0.6,0.7,0.30000000000000004,[0. 0.]
518,0.0,519,1,False,0.0,260.0,2.0,1,0,1,[1. 0.],[2 1],,0,0.6,0.7,0.30000000000000004,[0. 0.]
519,2.0,520,0,False,0.0,260.0,0.0,1,1,0,[0. 0.],[1 2],,0,0.6,0.7,0.30000000000000004,[0. 0.]
520,0.0,521,1,False,0.0,261.0,1.0,1,0,1,[0. 0.],[1 2],,0,0.6,0.7,0.30000000000000004,[0. 0.]
521,1.0,522,0,False,0.0,261.0,0.0,1,1,0,[0. 0.],[1 2],,0,0.6,0.7,0.30000000000000004,[0. 0.]
522,0.0,523,1,False,0.0,262.0,1.0,1,0,1,[0. 0.],[1 2],,0,0.6,0.7,0.30000000000000004,[0. 0.]
523,1.0,524,0,False,0.0,262.0,0.0,1,1,0,[0. 0.],[1 2],0.0,0,0.6,0.7,0.30000000000000004,[0. 0.]
524,0.0,525,1,False,0.0,263.0,1.0,1,0,2,[0. 0.],[1 2],0.0,0,0.6,0.7,0.30000000000000004,[0. 0.]
525,1.0,526,0,False,0.0,263.0,0.0,1,1,0,[0. 0.],[1 2],1.0,0,0.6,0.7,0.30000000000000004,[0. 0.]
526,0.0,527,1,False,0.0,264.0,2.0,1,0,1,[0. 0.],[1 2],1.0,0,0.6,0.7,0.30000000000000004,[0. 0.]
527,2.0,528,0,False,0.0,264.0,0.0,1,1,0,[1. 0.],[1 2],,0,0.6,0.7,0.30000000000000004,[0. 0.]
528,0.0,529,1,False,0.0,265.0,1.0,1,0,1,[1. 0.],[1 2],,0,0.6,0.7,0.30000000000000004,[0. 0.]
529,1.0,530,0,False,1.0,265.0,0.0,1,1,0,[1. 0.],[1 2],0.0,0,0.6,0.7,0.30000000000000004,[0. 0.]
530,0.0,531,1,False,0.0,266.0,1.0,1,0,1,[1. 0.],[1 2],0.0,0,0.6,0.7,0.30000000000000004,[0. 0.]
531,1.0,532,0,False,1.0,266.0,0.0,1,1,0,[1. 0.],[1 2],1.0,0,0.6,0.7,0.30000000000000004,[0. 0.]
532,0.0,533,1,False,0.0,267.0,2.0,1,0,1,[1. 0.],[1 2],1.0,0,0.6,0.7,0.30000000000000004,[0. 0.]
533,2.0,534,0,False,1.0,267.0,0.0,1,1,0,[0. 0.],[1 2],0.0,0,0.6,0.7,0.30000000000000004,[0. 0.]
534,0.0,535,1,False,0.0,268.0,1.0,1,0,1,[0. 0.],[1 2],0.0,0,0.6,0.7,0.30000000000000004,[0. 0.]
535,1.0,536,0,False,0.0,268.0,0.0,1,1,0,[1. 0.],[1 2],,0,0.6,0.7,0.30000000000000004,[0. 0.]
536,0.0,537,1,False,0.0,269.0,1.0,1,0,1,[1. 0.],[1 2],,0,0.6,0.7,0.30000000000000004,[0. 0.]
537,1.0,538,0,False,1.0,269.0,0.0,1,1,0,[0. 0.],[1 2],,0,0.6,0.7,0.30000000000000004,[0. 0.]
538,0.0,539,1,False,0.0,270.0,1.0,1,0,1,[0. 0.],[1 2],,0,0.6,0.7,0.30000000000000004,[0. 0.]
539,1.0,540,0,False,0.0,270.0,0.0,1,1,0,[1. 0.],[1 2],1.0,0,0.6,0.7,0.30000000000000004,[0. 0.]
540,0.0,541,1,False,0.0,271.0,2.0,1,0,1,[1. 0.],[1 2],1.0,0,0.6,0.7,0.30000000000000004,[0. 0.]
541,2.0,542,0,False,1.0,271.0,0.0,1,1,0,[1. 1.],[1 2],0.0,0,0.6,0.7,0.30000000000000004,[0. 0.]
542,0.0,543,1,False,0.0,272.0,1.0,1,0,1,[1. 1.],[1 2],0.0,0,0.6,0.7,0.30000000000000004,[0. 0.]
543,1.0,544,0,False,1.0,272.0,0.0,1,1,0,[1. 1.],[1 2],0.0,0,0.6,0.7,0.30000000000000004,[0. 0.]
544,0.0,545,1,False,0.0,273.0,1.0,1,0,1,[1. 1.],[1 2],0.0,0,0.6,0.7,0.30000000000000004,[0. 0.]
545,1.0,546,0,False,1.0,273.0,0.0,1,1,0,[0. 0.],[1 2],,0,0.6,0.7,0.30000000000000004,[0. 0.]
546,0.0,547,1,False,0.0,274.0,1.0,1,0,1,[0. 0.],[1 2],,0,0.6,0.7,0.30000000000000004,[0. 0.]
547,1.0,548,0,False,0.0,274.0,0.0,1,1,0,[0. 0.],[1 2],,0,0.6,0.7,0.30000000000000004,[0. 0.]
548,0.0,549,1,False,0.0,275.0,1.0,1,0,1,[0. 0.],[1 2],,0,0.6,0.7,0.30000000000000004,[0. 0.]
549,1.0,550,0,False,0.0,275.0,0.0,1,1,0,[1. 1.],[2 1],,0,0.6,0.7,0.30000000000000004,[0. 0.]
550,0.0,551,1,False,0.0,276.0,2.0,1,0,1,[1. 1.],[2 1],,0,0.6,0.7,0.30000000000000004,[0. 0.]
551,2.0,552,0,False,1.0,276.0,0.0,1,1,0,[1. 1.],[2 1],,0,0.6,0.7,0.30000000000000004,[0. 0.]
552,0.0,553,1,False,0.0,277.0,2.0,1,0,1,[1. 1.],[2 1],,0,0.6,0.7,0.30000000000000004,[0. 0.]
553,2.0,554,0,False,1.0,277.0,0.0,1,1,0,[0. 0.],[2 1],0.0,0,0.6,0.7,0.30000000000000004,[0. 0.]
554,0.0,555,1,False,0.0,278.0,1.0,1,0,1,[0. 0.],[2 1],0.0,0,0.6,0.7,0.30000000000000004,[0. 0.]
555,1.0,556,0,False,0.0,278.0,0.0,1,1,0,[0. 0.],[2 1],1.0,0,0.6,0.7,0.30000000000000004,[0. 0.]
556,0.0,557,1,False,0.0,279.0,2.0,1,0,1,[0. 0.],[2 1],1.0,0,0.6,0.7,0.30000000000000004,[0. 0.]
557,2.0,558,0,False,0.0,279.0,0.0,1,1,0,[1. 0.],[2 1],1.0,0,0.6,0.7,0.30000000000000004,[0. 0.]
558,0.0,559,1,False,0.0,280.0,2.0,1,0,1,[1. 0.],[2 1],1.0,0,0.6,0.7,0.30000000000000004,[0. 0.]
559,2.0,560,0,False,0.0,280.0,0.0,1,1,0,[1. 0.],[2 1],1.0,0,0.6,0.7,0.30000000000000004,[0. 0.]
560,0.0,561,1,False,0.0,281.0,2.0,1,0,2,[1. 0.],[2 1],1.0,0,0.6,0.7,0.30000000000000004,[0. 0.]
561,2.0,562,0,False,1.0,281.0,0.0,1,1,0,[1. 0.],[2 1],,0,0.6,0.7,0.30000000000000004,[0. 0.]
562,0.0,563,1,False,0.0,282.0,1.0,1,0,2,[1. 0.],[2 1],,0,0.6,0.7,0.30000000000000004,[0. 0.]
563,1.0,564,0,False,1.0,282.0,0.0,1,1,0,[0. 0.],[2 1],1.0,0,0.6,0.7,0.30000000000000004,[0. 0.]
564,0.0,565,1,False,0.0,283.0,2.0,1,0,2,[0. 0.],[2 1],1.0,0,0.6,0.7,0.30000000000000004,[0. 0.]
565,2.0,566,0,False,0.0,283.0,0.0,1,1,0,[0. 0.],[2 1],1.0,0,0.6,0.7,0.30000000000000004,[0. 0.]
566,0.0,567,1,False,0.0,284.0,2.0,1,0,2,[0. 0.],[2 1],1.0,0,0.6,0.7,0.30000000000000004,[0. 0.]
567,2.0,568,0,False,0.0,284.0,0.0,1,1,0,[1. 0.],[2 1],1.0,0,0.6,0.7,0.30000000000000004,[0. 0.]
568,0.0,569,1,False,0.0,285.0,2.0,1,0,1,[1. 0.],[2 1],1.0,0,0.6,0.7,0.30000000000000004,[0. 0.]
569,2.0,570,0,False,0.0,285.0,0.0,1,1,0,[0. 0.],[2 1],,0,0.6,0.7,0.30000000000000004,[0. 0.]
570,0.0,571,1,False,0.0,286.0,1.0,1,0,2,[0. 0.],[2 1],,0,0.6,0.7,0.30000000000000004,[0. 0.]
571,1.0,572,0,False,0.0,286.0,0.0,1,1,0,[1. 0.],[2 1],,0,0.6,0.7,0.30000000000000004,[0. 0.]
572,0.0,573,1,False,0.0,287.0,2.0,1,0,1,[1. 0.],[2 1],,0,0.6,0.7,0.30000000000000004,[0. 0.]
573,2.0,574,0,False,0.0,287.0,0.0,1,1,0,[1. 1.],[2 1],0.0,0,0.6,0.7,0.30000000000000004,[0. 0.]
574,0.0,575,1,False,0.0,288.0,1.0,1,0,1,[1. 1.],[2 1],0.0,0,0.6,0.7,0.30000000000000004,[0. 0.]
575,1.0,576,0,False,1.0,288.0,0.0,1,1,0,[1. 0.],[2 1],,0,0.6,0.7,0.30000000000000004,[0. 0.]
576,0.0,577,1,False,0.0,289.0,2.0,1,0,1,[1. 0.],[2 1],,0,0.6,0.7,0.30000000000000004,[0. 0.]
577,2.0,578,0,False,0.0,289.0,0.0,1,1,0,[1. 0.],[2 1],1.0,0,0.6,0.7,0.30000000000000004,[0. 0.]
578,0.0,579,1,False,0.0,290.0,2.0,1,0,1,[1. 0.],[2 1],1.0,0,0.6,0.7,0.30000000000000004,[0. 0.]
579,2.0,580,0,False,0.0,290.0,0.0,1,1,0,[1. 0.],[2 1],,0,0.6,0.7,0.30000000000000004,[0. 0.]
580,0.0,581,1,False,0.0,291.0,1.0,1,0,2,[1. 0.],[2 1],,0,0.6,0.7,0.30000000000000004,[0. 0.]
581,1.0,582,0,False,1.0,291.0,0.0,1,1,0,[1. 1.],[2 1],1.0,0,0.6,0.7,0.30000000000000004,[0. 0.]
582,0.0,583,1,False,0.0,292.0,2.0,1,0,2,[1. 1.],[2 1],1.0,0,0.6,0.7,0.30000000000000004,[0. 0.]
583,2.0,584,0,False,1.0,292.0,0.0,1,1,0,[1. 1.],[2 1],0.0,0,0.6,0.7,0.30000000000000004,[0. 0.]
584,0.0,585,1,False,0.0,293.0,1.0,1,0,2,[1. 1.],[2 1],0.0,0,0.6,0.7,0.30000000000000004,[0. 0.]
585,1.0,586,0,False,1.0,293.0,0.0,1,1,0,[1. 0.],[2 1],0.0,0,0.6,0.7,0.30000000000000004,[0. 0.]
586,0.0,587,1,False,0.0,294.0,1.0,1,0,2,[1. 0.],[2 1],0.0,0,0.6,0.7,0.30000000000000004,[0. 0.]
587,1.0,588,0,False,1.0,294.0,0.0,1,1,0,[1. 1.],[1 2],0.0,0,0.6,0.7,0.30000000000000004,[0. 0.]
588,0.0,589,1,False,0.0,295.0,1.0,1,0,2,[1. 1.],[1 2],0.0,0,0.6,0.7,0.30000000000000004,[0. 0.]
589,1.0,590,0,False,1.0,295.0,0.0,1,1,0,[1. 0.],[1 2],0.0,0,0.6,0.7,0.30000000000000004,[0. 0.]
590,0.0,591,1,False,0.0,296.0,1.0,1,0,2,[1. 0.],[1 2],0.0,0,0.6,0.7,0.30000000000000004,[0. 0.]
591,1.0,592,0,False,0.0,296.0,0.0,1,1,0,[1. 1.],[1 2],1.0,0,0.6,0.7,0.30000000000000004,[0. 0.]
592,0.0,593,1,False,0.0,297.0,2.0,1,0,2,[1. 1.],[1 2],1.0,0,0.6,0.7,0.30000000000000004,[0. 0.]
593,2.0,594,0,False,1.0,297.0,0.0,1,1,0,[1. 1.],[1 2],,0,0.6,0.7,0.30000000000000004,[0. 0.]
594,0.0,595,1,False,0.0,298.0,2.0,1,0,2,[1. 1.],[1 2],,0,0.6,0.7,0.30000000000000004,[0. 0.]
595,2.0,596,0,False,1.0,298.0,0.0,1,1,0,[1. 1.],[1 2],0.0,0,0.6,0.7,0.30000000000000004,[0. 0.]
596,0.0,597,1,False,0.0,299.0,1.0,1,0,2,[1. 1.],[1 2],0.0,0,0.6,0.7,0.30000000000000004,[0. 0.]
597,1.0,598,0,False,1.0,299.0,0.0,1,1,0,[1. 1.],[1 2],0.0,0,0.6,0.7,0.30000000000000004,[0. 0.]
598,0.0,599,1,False,0.0,300.0,1.0,1,0,2,[1. 1.],[1 2],0.0,0,0.6,0.7,0.30000000000000004,[0. 0.]
599,1.0,600,0,False,1.0,300.0,0.0,1,1,0,[0. 0.],[1 2],1.0,0,0.6,0.7,0.30000000000000004,[0. 0.]
600,0.0,601,1,False,0.0,301.0,2.0,1,0,2,[0. 0.],[1 2],1.0,0,0.6,0.7,0.30000000000000004,[0. 0.]
601,2.0,602,0,False,0.0,301.0,0.0,1,1,0,[1. 1.],[1 2],1.0,0,0.6,0.7,0.30000000000000004,[0. 0.]
602,0.0,603,1,False,0.0,302.0,2.0,1,0,2,[1. 1.],[1 2],1.0,0,0.6,0.7,0.30000000000000004,[0. 0.]
603,2.0,604,0,False,1.0,302.0,0.0,1,1,0,[1. 0.],[1 2],,0,0.6,0.7,0.30000000000000004,[0. 0.]
604,0.0,605,1,False,0.0,303.0,2.0,1,0,2,[1. 0.],[1 2],,0,0.6,0.7,0.30000000000000004,[0. 0.]
605,2.0,606,0,False,0.0,303.0,0.0,1,1,0,[1. 0.],[1 2],0.0,0,0.6,0.7,0.30000000000000004,[0. 0.]
606,0.0,607,1,False,0.0,304.0,1.0,1,0,1,[1. 0.],[1 2],0.0,0,0.6,0.7,0.30000000000000004,[0. 0.]
607,1.0,608,0,False,1.0,304.0,0.0,1,1,0,[1. 1.],[1 2],1.0,0,0.6,0.7,0.30000000000000004,[0. 0.]
608,0.0,609,1,False,0.0,305.0,2.0,1,0,1,[1. 1.],[1 2],1.0,0,0.6,0.7,0.30000000000000004,[0. 0.]
609,2.0,610,0,False,1.0,305.0,0.0,1,1,0,[1. 0.],[1 2],,0,0.6,0.7,0.30000000000000004,[0. 0.]
610,0.0,611,1,False,0.0,306.0,1.0,1,0,1,[1. 0.],[1 2],,0,0.6,0.7,0.30000000000000004,[0. 0.]
611,1.0,612,0,False,1.0,306.0,0.0,1,1,0,[1. 0.],[1 2],,0,0.6,0.7,0.30000000000000004,[0. 0.]
612,0.0,613,1,False,0.0,307.0,1.0,1,0,1,[1. 0.],[1 2],,0,0.6,0.7,0.30000000000000004,[0. 0.]
613,1.0,614,0,False,1.0,307.0,0.0,1,1,0,[1. 0.],[1 2],0.0,0,0.6,0.7,0.30000000000000004,[0. 0.]
614,0.0,615,1,False,0.0,308.0,1.0,1,0,1,[1. 0.],[1 2],0.0,0,0.6,0.7,0.30000000000000004,[0. 0.]
615,1.0,616,0,False,1.0,308.0,0.0,1,1,0,[0. 0.],[1 2],0.0,0,0.6,0.7,0.30000000000000004,[0. 0.]
616,0.0,617,1,False,0.0,309.0,1.0,1,0,1,[0. 0.],[1 2],0.0,0,0.6,0.7,0.30000000000000004,[0. 0.]
617,1.0,618,0,False,0.0,309.0,0.0,1,1,0,[0. 0.],[1 2],,0,0.6,0.7,0.30000000000000004,[0. 0.]
618,0.0,619,1,False,0.0,310.0,1.0,1,0,1,[0. 0.],[1 2],,0,0.6,0.7,0.30000000000000004,[0. 0.]
619,1.0,620,0,False,0.0,310.0,0.0,1,1,0,[1. 0.],[1 2],1.0,0,0.6,0.7,0.30000000000000004,[0. 0.]
620,0.0,621,1,False,0.0,311.0,2.0,1,0,1,[1. 0.],[1 2],1.0,0,0.6,0.7,0.30000000000000004,[0. 0.]
621,2.0,622,0,False,1.0,311.0,0.0,1,1,0,[0. 0.],[1 2],,0,0.6,0.7,0.30000000000000004,[0. 0.]
622,0.0,623,1,False,0.0,312.0,1.0,1,0,1,[0. 0.],[1 2],,0,0.6,0.7,0.30000000000000004,[0. 0.]
623,1.0,624,0,False,0.0,312.0,0.0,1,1,0,[1. 0.],[1 2],,0,0.6,0.7,0.30000000000000004,[0. 0.]
624,0.0,625,1,False,0.0,313.0,1.0,1,0,1,[1. 0.],[1 2],,0,0.6,0.7,0.30000000000000004,[0. 0.]
625,1.0,626,0,False,1.0,313.0,0.0,1,1,0,[0. 0.],[1 2],0.0,0,0.6,0.7,0.30000000000000004,[0. 0.]
626,0.0,627,1,False,0.0,314.0,1.0,1,0,1,[0. 0.],[1 2],0.0,0,0.6,0.7,0.30000000000000004,[0. 0.]
627,1.0,628,0,False,0.0,314.0,0.0,1,1,0,[1. 0.],[1 2],,0,0.6,0.7,0.30000000000000004,[0. 0.]
628,0.0,629,1,False,0.0,315.0,1.0,1,0,1,[1. 0.],[1 2],,0,0.6,0.7,0.30000000000000004,[0. 0.]
629,1.0,630,0,False,1.0,315.0,0.0,1,1,0,[1. 0.],[1 2],0.0,0,0.6,0.7,0.30000000000000004,[0. 0.]
630,0.0,631,1,False,0.0,316.0,1.0,1,0,1,[1. 0.],[1 2],0.0,0,0.6,0.7,0.30000000000000004,[0. 0.]
631,1.0,632,0,False,1.0,316.0,0.0,1,1,0,[1. 0.],[1 2],0.0,0,0.6,0.7,0.30000000000000004,[0. 0.]
632,0.0,633,1,False,0.0,317.0,1.0,1,0,1,[1. 0.],[1 2],0.0,0,0.6,0.7,0.30000000000000004,[0. 0.]
633,1.0,634,0,False,1.0,317.0,0.0,1,1,0,[1. 0.],[1 2],0.0,0,0.6,0.7,0.30000000000000004,[0. 0.]
634,0.0,635,1,False,0.0,318.0,1.0,1,0,1,[1. 0.],[1 2],0.0,0,0.6,0.7,0.30000000000000004,[0. 0.]
635,1.0,636,0,False,1.0,318.0,0.0,1,1,0,[1. 0.],[1 2],1.0,0,0.6,0.7,0.30000000000000004,[0. 0.]
636,0.0,637,1,False,0.0,319.0,2.0,1,0,1,[1. 0.],[1 2],1.0,0,0.6,0.7,0.30000000000000004,[0. 0.]
637,2.0,638,0,False,1.0,319.0,0.0,1,1,0,[1. 1.],[1 2],1.0,0,0.6,0.7,0.30000000000000004,[0. 0.]
638,0.0,639,1,False,0.0,320.0,2.0,1,0,1,[1. 1.],[1 2],1.0,0,0.6,0.7,0.30000000000000004,[0. 0.]
639,2.0,640,0,False,1.0,320.0,0.0,1,1,0,[1. 0.],[1 2],1.0,0,0.6,0.7,0.30000000000000004,[0. 0.]
640,0.0,641,1,False,0.0,321.0,2.0,1,0,1,[1. 0.],[1 2],1.0,0,0.6,0.7,0.30000000000000004,[0. 0.]
641,2.0,642,0,False,1.0,321.0,0.0,1,1,0,[0. 0.],[1 2],,0,0.6,0.7,0.30000000000000004,[0. 0.]
642,0.0,643,1,False,0.0,322.0,1.0,1,0,1,[0. 0.],[1 2],,0,0.6,0.7,0.30000000000000004,[0. 0.]
643,1.0,644,0,False,0.0,322.0,0.0,1,1,0,[0. 0.],[1 2],0.0,0,0.6,0.7,0.30000000000000004,[0. 0.]
644,0.0,645,1,False,0.0,323.0,1.0,1,0,1,[0. 0.],[1 2],0.0,0,0.6,0.7,0.30000000000000004,[0. 0.]
645,1.0,646,0,False,0.0,323.0,0.0,1,1,0,[0. 0.],[1 2],,0,0.6,0.7,0.30000000000000004,[0. 0.]
646,0.0,647,1,False,0.0,324.0,2.0,1,0,2,[0. 0.],[1 2],,0,0.6,0.7,0.30000000000000004,[0. 0.]
647,2.0,648,0,False,0.0,324.0,0.0,1,1,0,[0. 1.],[1 2],,0,0.6,0.7,0.30000000000000004,[0. 0.]
648,0.0,649,1,False,0.0,325.0,1.0,1,0,1,[0. 1.],[1 2],,0,0.6,0.7,0.30000000000000004,[0. 0.]
649,1.0,650,0,False,0.0,325.0,0.0,1,1,0,[1. 1.],[1 2],1.0,0,0.6,0.7,0.30000000000000004,[0. 0.]
650,0.0,651,1,False,0.0,326.0,2.0,1,0,1,[1. 1.],[1 2],1.0,0,0.6,0.7,0.30000000000000004,[0. 0.]
651,2.0,652,0,False,1.0,326.0,0.0,1,1,0,[1. 0.],[1 2],,0,0.6,0.7,0.30000000000000004,[0. 0.]
652,0.0,653,1,False,0.0,327.0,1.0,1,0,1,[1. 0.],[1 2],,0,0.6,0.7,0.30000000000000004,[0. 0.]
653,1.0,654,0,False,1.0,327.0,0.0,1,1,0,[0. 0.],[1 2],1.0,1,0.6,0.7,0.30000000000000004,[0. 0.]
654,0.0,655,1,False,0.0,328.0,2.0,1,0,1,[0. 0.],[1 2],1.0,1,0.6,0.7,0.30000000000000004,[0. 0.]
655,2.0,656,0,False,0.0,328.0,0.0,1,1,0,[0. 1.],[1 2],0.0,1,0.6,0.7,0.30000000000000004,[0. 0.]
656,0.0,657,1,False,0.0,329.0,1.0,1,0,1,[0. 1.],[1 2],0.0,1,0.6,0.7,0.30000000000000004,[0. 0.]
657,1.0,658,0,False,0.0,329.0,0.0,1,1,0,[0. 1.],[1 2],,1,0.6,0.7,0.30000000000000004,[0. 0.]
658,0.0,659,1,False,0.0,330.0,1.0,1,0,1,[0. 1.],[1 2],,1,0.6,0.7,0.30000000000000004,[0. 0.]
659,1.0,660,0,False,0.0,330.0,0.0,1,1,0,[1. 0.],[1 2],,1,0.6,0.7,0.30000000000000004,[0. 0.]
660,0.0,661,1,False,0.0,331.0,1.0,1,0,1,[1. 0.],[1 2],,1,0.6,0.7,0.30000000000000004,[0. 0.]
661,1.0,662,0,False,1.0,331.0,0.0,1,1,0,[0. 1.],[1 2],0.0,1,0.6,0.7,0.30000000000000004,[0. 0.]
662,0.0,663,1,False,0.0,332.0,1.0,1,0,1,[0. 1.],[1 2],0.0,1,0.6,0.7,0.30000000000000004,[0. 0.]
663,1.0,664,0,False,0.0,332.0,0.0,1,1,0,[0. 0.],[1 2],0.0,1,0.6,0.7,0.30000000000000004,[0. 0.]
664,0.0,665,1,False,0.0,333.0,1.0,1,0,1,[0. 0.],[1 2],0.0,1,0.6,0.7,0.30000000000000004,[0. 0.]
665,1.0,666,0,False,0.0,333.0,0.0,1,1,0,[0. 1.],[1 2],0.0,1,0.6,0.7,0.30000000000000004,[0. 0.]
666,0.0,667,1,False,0.0,334.0,1.0,1,0,1,[0. 1.],[1 2],0.0,1,0.6,0.7,0.30000000000000004,[0. 0.]
667,1.0,668,0,False,0.0,334.0,0.0,1,1,0,[0. 1.],[1 2],,1,0.6,0.7,0.30000000000000004,[0. 0.]
668,0.0,669,1,False,0.0,335.0,2.0,1,0,2,[0. 1.],[1 2],,1,0.6,0.7,0.30000000000000004,[0. 0.]
669,2.0,670,0,False,1.0,335.0,0.0,1,1,0,[0. 0.],[1 2],1.0,1,0.6,0.7,0.30000000000000004,[0. 0.]
670,0.0,671,1,False,0.0,336.0,2.0,1,0,2,[0. 0.],[1 2],1.0,1,0.6,0.7,0.30000000000000004,[0. 0.]
671,2.0,672,0,False,0.0,336.0,0.0,1,1,0,[0. 1.],[1 2],,1,0.6,0.7,0.30000000000000004,[0. 0.]
672,0.0,673,1,False,0.0,337.0,1.0,1,0,1,[0. 1.],[1 2],,1,0.6,0.7,0.30000000000000004,[0. 0.]
673,1.0,674,0,False,0.0,337.0,0.0,1,1,0,[1. 0.],[1 2],,1,0.6,0.7,0.30000000000000004,[0. 0.]
674,0.0,675,1,False,0.0,338.0,1.0,1,0,1,[1. 0.],[1 2],,1,0.6,0.7,0.30000000000000004,[0. 0.]
675,1.0,676,0,False,1.0,338.0,0.0,1,1,0,[0. 1.],[1 2],,1,0.6,0.7,0.30000000000000004,[0. 0.]
676,0.0,677,1,False,0.0,339.0,1.0,1,0,1,[0. 1.],[1 2],,1,0.6,0.7,0.30000000000000004,[0. 0.]
677,1.0,678,0,False,0.0,339.0,0.0,1,1,0,[1. 1.],[1 2],1.0,1,0.6,0.7,0.30000000000000004,[0. 0.]
678,0.0,679,1,False,0.0,340.0,2.0,1,0,1,[1. 1.],[1 2],1.0,1,0.6,0.7,0.30000000000000004,[0. 0.]
679,2.0,680,0,False,1.0,340.0,0.0,1,1,0,[0. 1.],[1 2],1.0,1,0.6,0.7,0.30000000000000004,[0. 0.]
680,0.0,681,1,False,0.0,341.0,2.0,1,0,1,[0. 1.],[1 2],1.0,1,0.6,0.7,0.30000000000000004,[0. 0.]
681,2.0,682,0,False,0.0,341.0,0.0,1,1,0,[0. 0.],[1 2],0.0,1,0.6,0.7,0.30000000000000004,[0. 0.]
682,0.0,683,1,False,0.0,342.0,1.0,1,0,1,[0. 0.],[1 2],0.0,1,0.6,0.7,0.30000000000000004,[0. 0.]
683,1.0,684,0,False,0.0,342.0,0.0,1,1,0,[0. 0.],[1 2],1.0,1,0.6,0.7,0.30000000000000004,[0. 0.]
684,0.0,685,1,False,0.0,343.0,2.0,1,0,1,[0. 0.],[1 2],1.0,1,0.6,0.7,0.30000000000000004,[0. 0.]
685,2.0,686,0,False,0.0,343.0,0.0,1,1,0,[0. 0.],[1 2],0.0,1,0.6,0.7,0.30000000000000004,[0. 0.]
686,0.0,687,1,False,0.0,344.0,1.0,1,0,2,[0. 0.],[1 2],0.0,1,0.6,0.7,0.30000000000000004,[0. 0.]
687,1.0,688,0,False,0.0,344.0,0.0,1,1,0,[0. 0.],[1 2],0.0,1,0.6,0.7,0.30000000000000004,[0. 0.]
688,0.0,689,1,False,0.0,345.0,1.0,1,0,1,[0. 0.],[1 2],0.0,1,0.6,0.7,0.30000000000000004,[0. 0.]
689,1.0,690,0,False,0.0,345.0,0.0,1,1,0,[0. 0.],[1 2],0.0,1,0.6,0.7,0.30000000000000004,[0. 0.]
690,0.0,691,1,False,0.0,346.0,1.0,1,0,2,[0. 0.],[1 2],0.0,1,0.6,0.7,0.30000000000000004,[0. 0.]
691,1.0,692,0,False,0.0,346.0,0.0,1,1,0,[0. 1.],[1 2],0.0,1,0.6,0.7,0.30000000000000004,[0. 0.]
692,0.0,693,1,False,0.0,347.0,1.0,1,0,1,[0. 1.],[1 2],0.0,1,0.6,0.7,0.30000000000000004,[0. 0.]
693,1.0,694,0,False,0.0,347.0,0.0,1,1,0,[0. 1.],[1 2],0.0,1,0.6,0.7,0.30000000000000004,[0. 0.]
694,0.0,695,1,False,0.0,348.0,1.0,1,0,2,[0. 1.],[1 2],0.0,1,0.6,0.7,0.30000000000000004,[0. 0.]
695,1.0,696,0,False,1.0,348.0,0.0,1,1,0,[1. 1.],[1 2],1.0,1,0.6,0.7,0.30000000000000004,[0. 0.]
696,0.0,697,1,False,0.0,349.0,2.0,1,0,2,[1. 1.],[1 2],1.0,1,0.6,0.7,0.30000000000000004,[0. 0.]
697,2.0,698,0,False,1.0,349.0,0.0,1,1,0,[0. 1.],[1 2],,1,0.6,0.7,0.30000000000000004,[0. 0.]
698,0.0,699,1,False,0.0,350.0,2.0,1,0,2,[0. 1.],[1 2],,1,0.6,0.7,0.30000000000000004,[0. 0.]
699,2.0,700,0,False,1.0,350.0,0.0,1,1,0,[0. 1.],[1 2],0.0,1,0.6,0.7,0.30000000000000004,[0. 0.]
700,0.0,701,1,False,0.0,351.0,1.0,1,0,2,[0. 1.],[1 2],0.0,1,0.6,0.7,0.30000000000000004,[0. 0.]
701,1.0,702,0,False,1.0,351.0,0.0,1,1,0,[1. 0.],[1 2],0.0,1,0.6,0.7,0.30000000000000004,[0. 0.]
702,0.0,703,1,False,0.0,352.0,1.0,1,0,2,[1. 0.],[1 2],0.0,1,0.6,0.7,0.30000000000000004,[0. 0.]
703,1.0,704,0,False,0.0,352.0,0.0,1,1,0,[0. 1.],[1 2],,1,0.6,0.7,0.30000000000000004,[0. 0.]
704,0.0,705,1,False,0.0,353.0,2.0,1,0,2,[0. 1.],[1 2],,1,0.6,0.7,0.30000000000000004,[0. 0.]
705,2.0,706,0,False,1.0,353.0,0.0,1,1,0,[1. 1.],[1 2],,1,0.6,0.7,0.30000000000000004,[0. 0.]
706,0.0,707,1,False,0.0,354.0,2.0,1,0,2,[1. 1.],[1 2],,1,0.6,0.7,0.30000000000000004,[0. 0.]
707,2.0,708,0,False,1.0,354.0,0.0,1,1,0,[1. 1.],[1 2],1.0,1,0.6,0.7,0.30000000000000004,[0. 0.]
708,0.0,709,1,False,0.0,355.0,2.0,1,0,2,[1. 1.],[1 2],1.0,1,0.6,0.7,0.30000000000000004,[0. 0.]
709,2.0,710,0,False,1.0,355.0,0.0,1,1,0,[0. 1.],[1 2],1.0,1,0.6,0.7,0.30000000000000004,[0. 0.]
710,0.0,711,1,False,0.0,356.0,2.0,1,0,2,[0. 1.],[1 2],1.0,1,0.6,0.7,0.30000000000000004,[0. 0.]
711,2.0,712,0,False,1.0,356.0,0.0,1,1,0,[1. 0.],[1 2],,1,0.6,0.7,0.30000000000000004,[0. 0.]
712,0.0,713,1,False,0.0,357.0,2.0,1,0,2,[1. 0.],[1 2],,1,0.6,0.7,0.30000000000000004,[0. 0.]
713,2.0,714,0,False,0.0,357.0,0.0,1,1,0,[0. 0.],[1 2],1.0,1,0.6,0.7,0.30000000000000004,[0. 0.]
714,0.0,715,1,False,0.0,358.0,2.0,1,0,2,[0. 0.],[1 2],1.0,1,0.6,0.7,0.30000000000000004,[0. 0.]
715,2.0,716,0,False,0.0,358.0,0.0,1,1,0,[0. 0.],[1 2],1.0,1,0.6,0.7,0.30000000000000004,[0. 0.]
716,0.0,717,1,False,0.0,359.0,2.0,1,0,2,[0. 0.],[1 2],1.0,1,0.6,0.7,0.30000000000000004,[0. 0.]
717,2.0,718,0,False,0.0,359.0,0.0,1,1,0,[0. 0.],[1 2],1.0,1,0.6,0.7,0.30000000000000004,[0. 0.]
718,0.0,719,1,False,0.0,360.0,2.0,1,0,2,[0. 0.],[1 2],1.0,1,0.6,0.7,0.30000000000000004,[0. 0.]
719,2.0,720,0,False,0.0,360.0,0.0,1,1,0,[0. 0.],[1 2],,1,0.6,0.7,0.30000000000000004,[0. 0.]
720,0.0,721,1,False,0.0,361.0,2.0,1,0,2,[0. 0.],[1 2],,1,0.6,0.7,0.30000000000000004,[0. 0.]
721,2.0,722,0,False,0.0,361.0,0.0,1,1,0,[0. 0.],[1 2],,1,0.6,0.7,0.30000000000000004,[0. 0.]
722,0.0,723,1,False,0.0,362.0,2.0,1,0,2,[0. 0.],[1 2],,1,0.6,0.7,0.30000000000000004,[0. 0.]
723,2.0,724,0,False,0.0,362.0,0.0,1,1,0,[0. 0.],[1 2],0.0,1,0.6,0.7,0.30000000000000004,[0. 0.]
724,0.0,725,1,False,0.0,363.0,1.0,1,0,1,[0. 0.],[1 2],0.0,1,0.6,0.7,0.30000000000000004,[0. 0.]
725,1.0,726,0,False,0.0,363.0,0.0,1,1,0,[1. 1.],[1 2],,1,0.6,0.7,0.30000000000000004,[0. 0.]
726,0.0,727,1,False,0.0,364.0,2.0,1,0,2,[1. 1.],[1 2],,1,0.6,0.7,0.30000000000000004,[0. 0.]
727,2.0,728,0,False,1.0,364.0,0.0,1,1,0,[0. 0.],[1 2],,1,0.6,0.7,0.30000000000000004,[0. 0.]
728,0.0,729,1,False,0.0,365.0,2.0,1,0,2,[0. 0.],[1 2],,1,0.6,0.7,0.30000000000000004,[0. 0.]
729,2.0,730,0,False,0.0,365.0,0.0,1,1,0,[1. 1.],[1 2],0.0,1,0.6,0.7,0.30000000000000004,[0. 0.]
730,0.0,731,1,False,0.0,366.0,1.0,1,0,2,[1. 1.],[1 2],0.0,1,0.6,0.7,0.30000000000000004,[0. 0.]
731,1.0,732,0,False,1.0,366.0,0.0,1,1,0,[0. 1.],[1 2],1.0,1,0.6,0.7,0.30000000000000004,[0. 0.]
732,0.0,733,1,False,0.0,367.0,2.0,1,0,2,[0. 1.],[1 2],1.0,1,0.6,0.7,0.30000000000000004,[0. 0.]
733,2.0,734,0,False,1.0,367.0,0.0,1,1,0,[0. 1.],[1 2],,1,0.6,0.7,0.30000000000000004,[0. 0.]
734,0.0,735,1,False,0.0,368.0,2.0,1,0,2,[0. 1.],[1 2],,1,0.6,0.7,0.30000000000000004,[0. 0.]
735,2.0,736,0,False,1.0,368.0,0.0,1,1,0,[0. 1.],[1 2],1.0,1,0.6,0.7,0.30000000000000004,[0. 0.]
736,0.0,737,1,False,0.0,369.0,2.0,1,0,2,[0. 1.],[1 2],1.0,1,0.6,0.7,0.30000000000000004,[0. 0.]
737,2.0,738,0,False,1.0,369.0,0.0,1,1,0,[0. 1.],[1 2],1.0,1,0.6,0.7,0.30000000000000004,[0. 0.]
738,0.0,739,1,False,0.0,370.0,2.0,1,0,2,[0. 1.],[1 2],1.0,1,0.6,0.7,0.30000000000000004,[0. 0.]
739,2.0,740,0,False,1.0,370.0,0.0,1,1,0,[1. 0.],[1 2],,1,0.6,0.7,0.30000000000000004,[0. 0.]
740,0.0,741,1,False,0.0,371.0,2.0,1,0,2,[1. 0.],[1 2],,1,0.6,0.7,0.30000000000000004,[0. 0.]
741,2.0,742,0,False,0.0,371.0,0.0,1,1,0,[1. 0.],[1 2],1.0,1,0.6,0.7,0.30000000000000004,[0. 0.]
742,0.0,743,1,False,0.0,372.0,2.0,1,0,2,[1. 0.],[1 2],1.0,1,0.6,0.7,0.30000000000000004,[0. 0.]
743,2.0,744,0,False,0.0,372.0,0.0,1,1,0,[0. 1.],[1 2],,1,0.6,0.7,0.30000000000000004,[0. 0.]
744,0.0,745,1,False,0.0,373.0,2.0,1,0,2,[0. 1.],[1 2],,1,0.6,0.7,0.30000000000000004,[0. 0.]
745,2.0,746,0,False,1.0,373.0,0.0,1,1,0,[0. 1.],[1 2],,1,0.6,0.7,0.30000000000000004,[0. 0.]
746,0.0,747,1,False,0.0,374.0,2.0,1,0,2,[0. 1.],[1 2],,1,0.6,0.7,0.30000000000000004,[0. 0.]
747,2.0,748,0,False,1.0,374.0,0.0,1,1,0,[0. 1.],[1 2],1.0,1,0.6,0.7,0.30000000000000004,[0. 0.]
748,0.0,749,1,False,0.0,375.0,2.0,1,0,2,[0. 1.],[1 2],1.0,1,0.6,0.7,0.30000000000000004,[0. 0.]
749,2.0,750,0,False,1.0,375.0,0.0,1,1,0,[1. 1.],[1 2],1.0,1,0.6,0.7,0.30000000000000004,[0. 0.]
750,0.0,751,1,False,0.0,376.0,2.0,1,0,2,[1. 1.],[1 2],1.0,1,0.6,0.7,0.30000000000000004,[0. 0.]
751,2.0,752,0,False,1.0,376.0,0.0,1,1,0,[1. 1.],[1 2],0.0,1,0.6,0.7,0.30000000000000004,[0. 0.]
752,0.0,753,1,False,0.0,377.0,1.0,1,0,2,[1. 1.],[1 2],0.0,1,0.6,0.7,0.30000000000000004,[0. 0.]
753,1.0,754,0,False,1.0,377.0,0.0,1,1,0,[1. 1.],[1 2],0.0,1,0.6,0.7,0.30000000000000004,[0. 0.]
754,0.0,755,1,False,0.0,378.0,1.0,1,0,2,[1. 1.],[1 2],0.0,1,0.6,0.7,0.30000000000000004,[0. 0.]
755,1.0,756,0,False,1.0,378.0,0.0,1,1,0,[0. 1.],[1 2],,1,0.6,0.7,0.30000000000000004,[0. 0.]
756,0.0,757,1,False,0.0,379.0,2.0,1,0,2,[0. 1.],[1 2],,1,0.6,0.7,0.30000000000000004,[0. 0.]
757,2.0,758,0,False,1.0,379.0,0.0,1,1,0,[0. 0.],[1 2],,1,0.6,0.7,0.30000000000000004,[0. 0.]
758,0.0,759,1,False,0.0,380.0,2.0,1,0,2,[0. 0.],[1 2],,1,0.6,0.7,0.30000000000000004,[0. 0.]
759,2.0,760,0,False,0.0,380.0,0.0,1,1,0,[1. 1.],[1 2],0.0,1,0.6,0.7,0.30000000000000004,[0. 0.]
760,0.0,761,1,False,0.0,381.0,1.0,1,0,2,[1. 1.],[1 2],0.0,1,0.6,0.7,0.30000000000000004,[0. 0.]
761,1.0,762,0,False,1.0,381.0,0.0,1,1,0,[0. 1.],[1 2],,1,0.6,0.7,0.30000000000000004,[0. 0.]
762,0.0,763,1,False,0.0,382.0,2.0,1,0,2,[0. 1.],[1 2],,1,0.6,0.7,0.30000000000000004,[0. 0.]
763,2.0,764,0,False,1.0,382.0,0.0,1,1,0,[0. 0.],[1 2],0.0,1,0.6,0.7,0.30000000000000004,[0. 0.]
764,0.0,765,1,False,0.0,383.0,1.0,1,0,2,[0. 0.],[1 2],0.0,1,0.6,0.7,0.30000000000000004,[0. 0.]
765,1.0,766,0,False,0.0,383.0,0.0,1,1,0,[0. 1.],[1 2],,1,0.6,0.7,0.30000000000000004,[0. 0.]
766,0.0,767,1,False,0.0,384.0,2.0,1,0,2,[0. 1.],[1 2],,1,0.6,0.7,0.30000000000000004,[0. 0.]
767,2.0,768,0,False,1.0,384.0,0.0,1,1,0,[0. 1.],[1 2],,1,0.6,0.7,0.30000000000000004,[0. 0.]
768,0.0,769,1,False,0.0,385.0,2.0,1,0,2,[0. 1.],[1 2],,1,0.6,0.7,0.30000000000000004,[0. 0.]
769,2.0,770,0,False,1.0,385.0,0.0,1,1,0,[0. 0.],[1 2],0.0,1,0.6,0.7,0.30000000000000004,[0. 0.]
770,0.0,771,1,False,0.0,386.0,1.0,1,0,2,[0. 0.],[1 2],0.0,1,0.6,0.7,0.30000000000000004,[0. 0.]
771,1.0,772,0,False,0.0,386.0,0.0,1,1,0,[0. 1.],[1 2],1.0,1,0.6,0.7,0.30000000000000004,[0. 0.]
772,0.0,773,1,False,0.0,387.0,2.0,1,0,2,[0. 1.],[1 2],1.0,1,0.6,0.7,0.30000000000000004,[0. 0.]
773,2.0,774,0,False,1.0,387.0,0.0,1,1,0,[0. 0.],[1 2],0.0,1,0.6,0.7,0.30000000000000004,[0. 0.]
774,0.0,775,1,False,0.0,388.0,1.0,1,0,2,[0. 0.],[1 2],0.0,1,0.6,0.7,0.30000000000000004,[0. 0.]
775,1.0,776,0,False,0.0,388.0,0.0,1,1,0,[1. 1.],[1 2],0.0,1,0.6,0.7,0.30000000000000004,[0. 0.]
776,0.0,777,1,False,0.0,389.0,1.0,1,0,2,[1. 1.],[1 2],0.0,1,0.6,0.7,0.30000000000000004,[0. 0.]
777,1.0,778,0,False,1.0,389.0,0.0,1,1,0,[1. 1.],[1 2],,1,0.6,0.7,0.30000000000000004,[0. 0.]
778,0.0,779,1,False,0.0,390.0,2.0,1,0,2,[1. 1.],[1 2],,1,0.6,0.7,0.30000000000000004,[0. 0.]
779,2.0,780,0,False,1.0,390.0,0.0,1,1,0,[0. 1.],[1 2],0.0,1,0.6,0.7,0.30000000000000004,[0. 0.]
780,0.0,781,1,False,0.0,391.0,1.0,1,0,2,[0. 1.],[1 2],0.0,1,0.6,0.7,0.30000000000000004,[0. 0.]
781,1.0,782,0,False,1.0,391.0,0.0,1,1,0,[0. 0.],[2 1],0.0,1,0.6,0.7,0.30000000000000004,[0. 0.]
782,0.0,783,1,False,0.0,392.0,1.0,1,0,2,[0. 0.],[2 1],0.0,1,0.6,0.7,0.30000000000000004,[0. 0.]
783,1.0,784,0,False,0.0,392.0,0.0,1,1,0,[1. 0.],[2 1],,0,0.6,0.7,0.30000000000000004,[0. 0.]
784,0.0,785,1,False,0.0,393.0,1.0,1,0,2,[1. 0.],[2 1],,0,0.6,0.7,0.30000000000000004,[0. 0.]
785,1.0,786,0,False,1.0,393.0,0.0,1,1,0,[0. 0.],[2 1],1.0,0,0.6,0.7,0.30000000000000004,[0. 0.]
786,0.0,787,1,False,0.0,394.0,2.0,1,0,2,[0. 0.],[2 1],1.0,0,0.6,0.7,0.30000000000000004,[0. 0.]
787,2.0,788,0,False,0.0,394.0,0.0,1,1,0,[1. 0.],[1 2],,0,0.6,0.7,0.30000000000000004,[0. 0.]
788,0.0,789,1,False,0.0,395.0,2.0,1,0,2,[1. 0.],[1 2],,0,0.6,0.7,0.30000000000000004,[0. 0.]
789,2.0,790,0,False,0.0,395.0,0.0,1,1,0,[1. 0.],[1 2],,0,0.6,0.7,0.30000000000000004,[0. 0.]
790,0.0,791,1,False,0.0,396.0,2.0,1,0,2,[1. 0.],[1 2],,0,0.6,0.7,0.30000000000000004,[0. 0.]
791,2.0,792,0,False,0.0,396.0,0.0,1,1,0,[1. 0.],[1 2],,0,0.6,0.7,0.30000000000000004,[0. 0.]
792,0.0,793,1,False,0.0,397.0,1.0,1,0,1,[1. 0.],[1 2],,0,0.6,0.7,0.30000000000000004,[0. 0.]
793,1.0,794,0,False,1.0,397.0,0.0,1,1,0,[1. 1.],[1 2],1.0,0,0.6,0.7,0.30000000000000004,[0. 0.]
794,0.0,795,1,False,0.0,398.0,2.0,1,0,1,[1. 1.],[1 2],1.0,0,0.6,0.7,0.30000000000000004,[0. 0.]
795,2.0,796,0,False,1.0,398.0,0.0,1,1,0,[1. 0.],[1 2],0.0,0,0.6,0.7,0.30000000000000004,[0. 0.]
796,0.0,797,1,False,0.0,399.0,1.0,1,0,1,[1. 0.],[1 2],0.0,0,0.6,0.7,0.30000000000000004,[0. 0.]
797,1.0,798,0,False,1.0,399.0,0.0,1,1,0,[0. 0.],[1 2],1.0,0,0.6,0.7,0.30000000000000004,[0. 0.]
798,0.0,799,1,False,0.0,400.0,2.0,1,0,1,[0. 0.],[1 2],1.0,0,0.6,0.7,0.30000000000000004,[0. 0.]
799,2.0,800,0,False,0.0,400.0,0.0,1,1,0,[0. 0.],[1 2],,0,0.6,0.7,0.30000000000000004,[0. 0.]
800,0.0,801,1,False,0.0,401.0,1.0,1,0,1,[0. 0.],[1 2],,0,0.6,0.7,0.30000000000000004,[0. 0.]
801,1.0,802,0,False,0.0,401.0,0.0,1,1,0,[1. 0.],[2 1],1.0,0,0.6,0.7,0.30000000000000004,[0. 0.]
802,0.0,803,1,False,0.0,402.0,2.0,1,0,1,[1. 0.],[2 1],1.0,0,0.6,0.7,0.30000000000000004,[0. 0.]
803,2.0,804,0,False,0.0,402.0,0.0,1,1,0,[0. 1.],[2 1],,0,0.6,0.7,0.30000000000000004,[0. 0.]
804,0.0,805,1,False,0.0,403.0,2.0,1,0,1,[0. 1.],[2 1],,0,0.6,0.7,0.30000000000000004,[0. 0.]
805,2.0,806,0,False,1.0,403.0,0.0,1,1,0,[0. 0.],[2 1],1.0,0,0.6,0.7,0.30000000000000004,[0. 0.]
806,0.0,807,1,False,0.0,404.0,2.0,1,0,1,[0. 0.],[2 1],1.0,0,0.6,0.7,0.30000000000000004,[0. 0.]
807,2.0,808,0,False,0.0,404.0,0.0,1,1,0,[1. 0.],[2 1],0.0,0,0.6,0.7,0.30000000000000004,[0. 0.]
808,0.0,809,1,False,0.0,405.0,1.0,1,0,1,[1. 0.],[2 1],0.0,0,0.6,0.7,0.30000000000000004,[0. 0.]
809,1.0,810,0,False,0.0,405.0,0.0,1,1,0,[0. 0.],[2 1],1.0,0,0.6,0.7,0.30000000000000004,[0. 0.]
810,0.0,811,1,False,0.0,406.0,2.0,1,0,2,[0. 0.],[2 1],1.0,0,0.6,0.7,0.30000000000000004,[0. 0.]
811,2.0,812,0,False,0.0,406.0,0.0,1,1,0,[1. 0.],[2 1],0.0,0,0.6,0.7,0.30000000000000004,[0. 0.]
812,0.0,813,1,False,0.0,407.0,1.0,1,0,1,[1. 0.],[2 1],0.0,0,0.6,0.7,0.30000000000000004,[0. 0.]
813,1.0,814,0,False,0.0,407.0,0.0,1,1,0,[0. 0.],[2 1],0.0,0,0.6,0.7,0.30000000000000004,[0. 0.]
814,0.0,815,1,False,0.0,408.0,1.0,1,0,2,[0. 0.],[2 1],0.0,0,0.6,0.7,0.30000000000000004,[0. 0.]
815,1.0,816,0,False,0.0,408.0,0.0,1,1,0,[1. 0.],[2 1],0.0,0,0.6,0.7,0.30000000000000004,[0. 0.]
816,0.0,817,1,False,0.0,409.0,1.0,1,0,1,[1. 0.],[2 1],0.0,0,0.6,0.7,0.30000000000000004,[0. 0.]
817,1.0,818,0,False,0.0,409.0,0.0,1,1,0,[1. 0.],[2 1],0.0,0,0.6,0.7,0.30000000000000004,[0. 0.]
818,0.0,819,1,False,0.0,410.0,1.0,1,0,1,[1. 0.],[2 1],0.0,0,0.6,0.7,0.30000000000000004,[0. 0.]
819,1.0,820,0,False,0.0,410.0,0.0,1,1,0,[1. 1.],[2 1],,0,0.6,0.7,0.30000000000000004,[0. 0.]
820,0.0,821,1,False,0.0,411.0,1.0,1,0,2,[1. 1.],[2 1],,0,0.6,0.7,0.30000000000000004,[0. 0.]
821,1.0,822,0,False,1.0,411.0,0.0,1,1,0,[1. 0.],[2 1],0.0,0,0.6,0.7,0.30000000000000004,[0. 0.]
822,0.0,823,1,False,0.0,412.0,1.0,1,0,2,[1. 0.],[2 1],0.0,0,0.6,0.7,0.30000000000000004,[0. 0.]
823,1.0,824,0,False,1.0,412.0,0.0,1,1,0,[1. 0.],[1 2],,0,0.6,0.7,0.30000000000000004,[0. 0.]
824,0.0,825,1,False,0.0,413.0,2.0,1,0,2,[1. 0.],[1 2],,0,0.6,0.7,0.30000000000000004,[0. 0.]
825,2.0,826,0,False,0.0,413.0,0.0,1,1,0,[0. 1.],[1 2],1.0,0,0.6,0.7,0.30000000000000004,[0. 0.]
826,0.0,827,1,False,0.0,414.0,2.0,1,0,2,[0. 1.],[1 2],1.0,0,0.6,0.7,0.30000000000000004,[0. 0.]
827,2.0,828,0,False,1.0,414.0,0.0,1,1,0,[1. 0.],[1 2],0.0,0,0.6,0.7,0.30000000000000004,[0. 0.]
828,0.0,829,1,False,0.0,415.0,1.0,1,0,2,[1. 0.],[1 2],0.0,0,0.6,0.7,0.30000000000000004,[0. 0.]
829,1.0,830,0,False,0.0,415.0,0.0,1,1,0,[1. 0.],[1 2],,0,0.6,0.7,0.30000000000000004,[0. 0.]
830,0.0,831,1,False,0.0,416.0,2.0,1,0,2,[1. 0.],[1 2],,0,0.6,0.7,0.30000000000000004,[0. 0.]
831,2.0,832,0,False,0.0,416.0,0.0,1,1,0,[0. 0.],[1 2],0.0,0,0.6,0.7,0.30000000000000004,[0. 0.]
832,0.0,833,1,False,0.0,417.0,1.0,1,0,2,[0. 0.],[1 2],0.0,0,0.6,0.7,0.30000000000000004,[0. 0.]
833,1.0,834,0,False,0.0,417.0,0.0,1,1,0,[1. 0.],[1 2],1.0,0,0.6,0.7,0.30000000000000004,[0. 0.]
834,0.0,835,1,False,0.0,418.0,2.0,1,0,1,[1. 0.],[1 2],1.0,0,0.6,0.7,0.30000000000000004,[0. 0.]
835,2.0,836,0,False,1.0,418.0,0.0,1,1,0,[1. 0.],[1 2],1.0,0,0.6,0.7,0.30000000000000004,[0. 0.]
836,0.0,837,1,False,0.0,419.0,2.0,1,0,1,[1. 0.],[1 2],1.0,0,0.6,0.7,0.30000000000000004,[0. 0.]
837,2.0,838,0,False,1.0,419.0,0.0,1,1,0,[1. 0.],[1 2],1.0,0,0.6,0.7,0.30000000000000004,[0. 0.]
838,0.0,839,1,False,0.0,420.0,2.0,1,0,1,[1. 0.],[1 2],1.0,0,0.6,0.7,0.30000000000000004,[0. 0.]
839,2.0,840,0,False,1.0,420.0,0.0,1,1,0,[0. 0.],[1 2],,0,0.6,0.7,0.30000000000000004,[0. 0.]
840,0.0,841,1,False,0.0,421.0,1.0,1,0,1,[0. 0.],[1 2],,0,0.6,0.7,0.30000000000000004,[0. 0.]
841,1.0,842,0,False,0.0,421.0,0.0,1,1,0,[0. 1.],[1 2],,0,0.6,0.7,0.30000000000000004,[0. 0.]
842,0.0,843,1,False,0.0,422.0,1.0,1,0,1,[0. 1.],[1 2],,0,0.6,0.7,0.30000000000000004,[0. 0.]
843,1.0,844,0,False,0.0,422.0,0.0,1,1,0,[1. 1.],[1 2],,0,0.6,0.7,0.30000000000000004,[0. 0.]
844,0.0,845,1,False,0.0,423.0,2.0,1,0,2,[1. 1.],[1 2],,0,0.6,0.7,0.30000000000000004,[0. 0.]
845,2.0,846,0,False,1.0,423.0,0.0,1,1,0,[0. 0.],[1 2],0.0,0,0.6,0.7,0.30000000000000004,[0. 0.]
846,0.0,847,1,False,0.0,424.0,1.0,1,0,2,[0. 0.],[1 2],0.0,0,0.6,0.7,0.30000000000000004,[0. 0.]
847,1.0,848,0,False,0.0,424.0,0.0,1,1,0,[1. 0.],[1 2],,0,0.6,0.7,0.30000000000000004,[0. 0.]
848,0.0,849,1,False,0.0,425.0,2.0,1,0,2,[1. 0.],[1 2],,0,0.6,0.7,0.30000000000000004,[0. 0.]
849,2.0,850,0,False,0.0,425.0,0.0,1,1,0,[0. 0.],[1 2],1.0,0,0.6,0.7,0.30000000000000004,[0. 0.]
850,0.0,851,1,False,0.0,426.0,2.0,1,0,2,[0. 0.],[1 2],1.0,0,0.6,0.7,0.30000000000000004,[0. 0.]
851,2.0,852,0,False,0.0,426.0,0.0,1,1,0,[1. 1.],[1 2],,0,0.6,0.7,0.30000000000000004,[0. 0.]
852,0.0,853,1,False,0.0,427.0,1.0,1,0,1,[1. 1.],[1 2],,0,0.6,0.7,0.30000000000000004,[0. 0.]
853,1.0,854,0,False,1.0,427.0,0.0,1,1,0,[1. 0.],[1 2],,0,0.6,0.7,0.30000000000000004,[0. 0.]
854,0.0,855,1,False,0.0,428.0,1.0,1,0,1,[1. 0.],[1 2],,0,0.6,0.7,0.30000000000000004,[0. 0.]
855,1.0,856,0,False,1.0,428.0,0.0,1,1,0,[1. 0.],[1 2],1.0,0,0.6,0.7,0.30000000000000004,[0. 0.]
856,0.0,857,1,False,0.0,429.0,2.0,1,0,1,[1. 0.],[1 2],1.0,0,0.6,0.7,0.30000000000000004,[0. 0.]
857,2.0,858,0,False,1.0,429.0,0.0,1,1,0,[1. 1.],[2 1],1.0,0,0.6,0.7,0.30000000000000004,[0. 0.]
858,0.0,859,1,False,0.0,430.0,2.0,1,0,1,[1. 1.],[2 1],1.0,0,0.6,0.7,0.30000000000000004,[0. 0.]
859,2.0,860,0,False,1.0,430.0,0.0,1,1,0,[0. 1.],[2 1],1.0,0,0.6,0.7,0.30000000000000004,[0. 0.]
860,0.0,861,1,False,0.0,431.0,2.0,1,0,1,[0. 1.],[2 1],1.0,0,0.6,0.7,0.30000000000000004,[0. 0.]
861,2.0,862,0,False,1.0,431.0,0.0,1,1,0,[0. 0.],[2 1],,0,0.6,0.7,0.30000000000000004,[0. 0.]
862,0.0,863,1,False,0.0,432.0,2.0,1,0,1,[0. 0.],[2 1],,0,0.6,0.7,0.30000000000000004,[0. 0.]
863,2.0,864,0,False,0.0,432.0,0.0,1,1,0,[1. 1.],[2 1],,0,0.6,0.7,0.30000000000000004,[0. 0.]
864,0.0,865,1,False,0.0,433.0,2.0,1,0,1,[1. 1.],[2 1],,0,0.6,0.7,0.30000000000000004,[0. 0.]
865,2.0,866,0,False,1.0,433.0,0.0,1,1,0,[1. 1.],[2 1],1.0,0,0.6,0.7,0.30000000000000004,[0. 0.]
866,0.0,867,1,False,0.0,434.0,2.0,1,0,1,[1. 1.],[2 1],1.0,0,0.6,0.7,0.30000000000000004,[0. 0.]
867,2.0,868,0,False,1.0,434.0,0.0,1,1,0,[0. 1.],[2 1],0.0,0,0.6,0.7,0.30000000000000004,[0. 0.]
868,0.0,869,1,False,0.0,435.0,1.0,1,0,1,[0. 1.],[2 1],0.0,0,0.6,0.7,0.30000000000000004,[0. 0.]
869,1.0,870,0,False,1.0,435.0,0.0,1,1,0,[1. 1.],[2 1],,0,0.6,0.7,0.30000000000000004,[0. 0.]
870,0.0,871,1,False,0.0,436.0,2.0,1,0,1,[1. 1.],[2 1],,0,0.6,0.7,0.30000000000000004,[0. 0.]
871,2.0,872,0,False,1.0,436.0,0.0,1,1,0,[1. 0.],[2 1],0.0,0,0.6,0.7,0.30000000000000004,[0. 0.]
872,0.0,873,1,False,0.0,437.0,1.0,1,0,1,[1. 0.],[2 1],0.0,0,0.6,0.7,0.30000000000000004,[0. 0.]
873,1.0,874,0,False,0.0,437.0,0.0,1,1,0,[1. 0.],[2 1],0.0,0,0.6,0.7,0.30000000000000004,[0. 0.]
874,0.0,875,1,False,0.0,438.0,1.0,1,0,1,[1. 0.],[2 1],0.0,0,0.6,0.7,0.30000000000000004,[0. 0.]
875,1.0,876,0,False,0.0,438.0,0.0,1,1,0,[1. 0.],[2 1],1.0,0,0.6,0.7,0.30000000000000004,[0. 0.]
876,0.0,877,1,False,0.0,439.0,2.0,1,0,2,[1. 0.],[2 1],1.0,0,0.6,0.7,0.30000000000000004,[0. 0.]
877,2.0,878,0,False,1.0,439.0,0.0,1,1,0,[1. 0.],[2 1],0.0,0,0.6,0.7,0.30000000000000004,[0. 0.]
878,0.0,879,1,False,0.0,440.0,1.0,1,0,2,[1. 0.],[2 1],0.0,0,0.6,0.7,0.30000000000000004,[0. 0.]
879,1.0,880,0,False,1.0,440.0,0.0,1,1,0,[0. 0.],[2 1],0.0,0,0.6,0.7,0.30000000000000004,[0. 0.]
880,0.0,881,1,False,0.0,441.0,1.0,1,0,2,[0. 0.],[2 1],0.0,0,0.6,0.7,0.30000000000000004,[0. 0.]
881,1.0,882,0,False,0.0,441.0,0.0,1,1,0,[0. 0.],[2 1],1.0,0,0.6,0.7,0.30000000000000004,[0. 0.]
882,0.0,883,1,False,0.0,442.0,2.0,1,0,2,[0. 0.],[2 1],1.0,0,0.6,0.7,0.30000000000000004,[0. 0.]
883,2.0,884,0,False,0.0,442.0,0.0,1,1,0,[1. 0.],[2 1],,0,0.6,0.7,0.30000000000000004,[0. 0.]
884,0.0,885,1,False,0.0,443.0,1.0,1,0,2,[1. 0.],[2 1],,0,0.6,0.7,0.30000000000000004,[0. 0.]
885,1.0,886,0,False,1.0,443.0,0.0,1,1,0,[0. 1.],[2 1],0.0,0,0.6,0.7,0.30000000000000004,[0. 0.]
886,0.0,887,1,False,0.0,444.0,1.0,1,0,2,[0. 1.],[2 1],0.0,0,0.6,0.7,0.30000000000000004,[0. 0.]
887,1.0,888,0,False,0.0,444.0,0.0,1,1,0,[1. 0.],[2 1],0.0,0,0.6,0.7,0.30000000000000004,[0. 0.]
888,0.0,889,1,False,0.0,445.0,1.0,1,0,2,[1. 0.],[2 1],0.0,0,0.6,0.7,0.30000000000000004,[0. 0.]
889,1.0,890,0,False,1.0,445.0,0.0,1,1,0,[0. 0.],[2 1],,0,0.6,0.7,0.30000000000000004,[0. 0.]
890,0.0,891,1,False,0.0,446.0,1.0,1,0,2,[0. 0.],[2 1],,0,0.6,0.7,0.30000000000000004,[0. 0.]
891,1.0,892,0,False,0.0,446.0,0.0,1,1,0,[1. 0.],[2 1],0.0,0,0.6,0.7,0.30000000000000004,[0. 0.]
892,0.0,893,1,False,0.0,447.0,1.0,1,0,2,[1. 0.],[2 1],0.0,0,0.6,0.7,0.30000000000000004,[0. 0.]
893,1.0,894,0,False,1.0,447.0,0.0,1,1,0,[1. 1.],[2 1],,0,0.6,0.7,0.30000000000000004,[0. 0.]
894,0.0,895,1,False,0.0,448.0,1.0,1,0,2,[1. 1.],[2 1],,0,0.6,0.7,0.30000000000000004,[0. 0.]
895,1.0,896,0,False,1.0,448.0,0.0,1,1,0,[0. 0.],[2 1],1.0,0,0.6,0.7,0.30000000000000004,[0. 0.]
896,0.0,897,1,False,0.0,449.0,2.0,1,0,2,[0. 0.],[2 1],1.0,0,0.6,0.7,0.30000000000000004,[0. 0.]
897,2.0,898,0,False,0.0,449.0,0.0,1,1,0,[1. 0.],[2 1],0.0,0,0.6,0.7,0.30000000000000004,[0. 0.]
898,0.0,899,1,False,0.0,450.0,1.0,1,0,2,[1. 0.],[2 1],0.0,0,0.6,0.7,0.30000000000000004,[0. 0.]
899,1.0,900,0,False,1.0,450.0,0.0,1,1,0,[1. 0.],[2 1],0.0,0,0.6,0.7,0.30000000000000004,[0. 0.]
900,0.0,901,1,False,0.0,451.0,1.0,1,0,2,[1. 0.],[2 1],0.0,0,0.6,0.7,0.30000000000000004,[0. 0.]
901,1.0,902,0,False,1.0,451.0,0.0,1,1,0,[1. 1.],[2 1],0.0,0,0.6,0.7,0.30000000000000004,[0. 0.]
902,0.0,903,1,False,0.0,452.0,1.0,1,0,2,[1. 1.],[2 1],0.0,0,0.6,0.7,0.30000000000000004,[0. 0.]
903,1.0,904,0,False,1.0,452.0,0.0,1,1,0,[1. 0.],[2 1],1.0,0,0.6,0.7,0.30000000000000004,[0. 0.]
904,0.0,905,1,False,0.0,453.0,2.0,1,0,2,[1. 0.],[2 1],1.0,0,0.6,0.7,0.30000000000000004,[0. 0.]
905,2.0,906,0,False,1.0,453.0,0.0,1,1,0,[0. 1.],[2 1],,0,0.6,0.7,0.30000000000000004,[0. 0.]
906,0.0,907,1,False,0.0,454.0,1.0,1,0,2,[0. 1.],[2 1],,0,0.6,0.7,0.30000000000000004,[0. 0.]
907,1.0,908,0,False,0.0,454.0,0.0,1,1,0,[1. 0.],[2 1],0.0,0,0.6,0.7,0.30000000000000004,[0. 0.]
908,0.0,909,1,False,0.0,455.0,1.0,1,0,2,[1. 0.],[2 1],0.0,0,0.6,0.7,0.30000000000000004,[0. 0.]
909,1.0,910,0,False,1.0,455.0,0.0,1,1,0,[1. 1.],[2 1],1.0,1,0.6,0.7,0.30000000000000004,[0. 0.]
910,0.0,911,1,False,0.0,456.0,2.0,1,0,2,[1. 1.],[2 1],1.0,1,0.6,0.7,0.30000000000000004,[0. 0.]
911,2.0,912,0,False,1.0,456.0,0.0,1,1,0,[0. 1.],[2 1],0.0,1,0.6,0.7,0.30000000000000004,[0. 0.]
912,0.0,913,1,False,0.0,457.0,1.0,1,0,2,[0. 1.],[2 1],0.0,1,0.6,0.7,0.30000000000000004,[0. 0.]
913,1.0,914,0,False,0.0,457.0,0.0,1,1,0,[0. 1.],[2 1],,1,0.6,0.7,0.30000000000000004,[0. 0.]
914,0.0,915,1,False,0.0,458.0,1.0,1,0,2,[0. 1.],[2 1],,1,0.6,0.7,0.30000000000000004,[0. 0.]
915,1.0,916,0,False,0.0,458.0,0.0,1,1,0,[0. 0.],[2 1],0.0,1,0.6,0.7,0.30000000000000004,[0. 0.]
916,0.0,917,1,False,0.0,459.0,1.0,1,0,1,[0. 0.],[2 1],0.0,1,0.6,0.7,0.30000000000000004,[0. 0.]
917,1.0,918,0,False,0.0,459.0,0.0,1,1,0,[0. 1.],[2 1],1.0,1,0.6,0.7,0.30000000000000004,[0. 0.]
918,0.0,919,1,False,0.0,460.0,2.0,1,0,2,[0. 1.],[2 1],1.0,1,0.6,0.7,0.30000000000000004,[0. 0.]
919,2.0,920,0,False,0.0,460.0,0.0,1,1,0,[0. 1.],[2 1],1.0,1,0.6,0.7,0.30000000000000004,[0. 0.]
920,0.0,921,1,False,0.0,461.0,2.0,1,0,1,[0. 1.],[2 1],1.0,1,0.6,0.7,0.30000000000000004,[0. 0.]
921,2.0,922,0,False,1.0,461.0,0.0,1,1,0,[0. 0.],[2 1],0.0,1,0.6,0.7,0.30000000000000004,[0. 0.]
922,0.0,923,1,False,0.0,462.0,1.0,1,0,1,[0. 0.],[2 1],0.0,1,0.6,0.7,0.30000000000000004,[0. 0.]
923,1.0,924,0,False,0.0,462.0,0.0,1,1,0,[0. 1.],[2 1],0.0,1,0.6,0.7,0.30000000000000004,[0. 0.]
924,0.0,925,1,False,0.0,463.0,1.0,1,0,1,[0. 1.],[2 1],0.0,1,0.6,0.7,0.30000000000000004,[0. 0.]
925,1.0,926,0,False,1.0,463.0,0.0,1,1,0,[0. 1.],[2 1],,1,0.6,0.7,0.30000000000000004,[0. 0.]
926,0.0,927,1,False,0.0,464.0,2.0,1,0,1,[0. 1.],[2 1],,1,0.6,0.7,0.30000000000000004,[0. 0.]
927,2.0,928,0,False,1.0,464.0,0.0,1,1,0,[0. 0.],[2 1],1.0,1,0.6,0.7,0.30000000000000004,[0. 0.]
928,0.0,929,1,False,0.0,465.0,2.0,1,0,1,[0. 0.],[2 1],1.0,1,0.6,0.7,0.30000000000000004,[0. 0.]
929,2.0,930,0,False,0.0,465.0,0.0,1,1,0,[0. 1.],[2 1],1.0,1,0.6,0.7,0.30000000000000004,[0. 0.]
930,0.0,931,1,False,0.0,466.0,2.0,1,0,1,[0. 1.],[2 1],1.0,1,0.6,0.7,0.30000000000000004,[0. 0.]
931,2.0,932,0,False,1.0,466.0,0.0,1,1,0,[0. 1.],[2 1],0.0,1,0.6,0.7,0.30000000000000004,[0. 0.]
932,0.0,933,1,False,0.0,467.0,1.0,1,0,1,[0. 1.],[2 1],0.0,1,0.6,0.7,0.30000000000000004,[0. 0.]
933,1.0,934,0,False,1.0,467.0,0.0,1,1,0,[0. 0.],[2 1],,1,0.6,0.7,0.30000000000000004,[0. 0.]
934,0.0,935,1,False,0.0,468.0,2.0,1,0,1,[0. 0.],[2 1],,1,0.6,0.7,0.30000000000000004,[0. 0.]
935,2.0,936,0,False,0.0,468.0,0.0,1,1,0,[1. 1.],[2 1],,1,0.6,0.7,0.30000000000000004,[0. 0.]
936,0.0,937,1,False,0.0,469.0,2.0,1,0,1,[1. 1.],[2 1],,1,0.6,0.7,0.30000000000000004,[0. 0.]
937,2.0,938,0,False,1.0,469.0,0.0,1,1,0,[1. 1.],[2 1],1.0,1,0.6,0.7,0.30000000000000004,[0. 0.]
938,0.0,939,1,False,0.0,470.0,2.0,1,0,1,[1. 1.],[2 1],1.0,1,0.6,0.7,0.30000000000000004,[0. 0.]
939,2.0,940,0,False,1.0,470.0,0.0,1,1,0,[0. 1.],[2 1],,1,0.6,0.7,0.30000000000000004,[0. 0.]
940,0.0,941,1,False,0.0,471.0,2.0,1,0,1,[0. 1.],[2 1],,1,0.6,0.7,0.30000000000000004,[0. 0.]
941,2.0,942,0,False,1.0,471.0,0.0,1,1,0,[0. 1.],[2 1],1.0,1,0.6,0.7,0.30000000000000004,[0. 0.]
942,0.0,943,1,False,0.0,472.0,2.0,1,0,1,[0. 1.],[2 1],1.0,1,0.6,0.7,0.30000000000000004,[0. 0.]
943,2.0,944,0,False,1.0,472.0,0.0,1,1,0,[0. 1.],[2 1],1.0,1,0.6,0.7,0.30000000000000004,[0. 0.]
944,0.0,945,1,False,0.0,473.0,2.0,1,0,1,[0. 1.],[2 1],1.0,1,0.6,0.7,0.30000000000000004,[0. 0.]
945,2.0,946,0,False,1.0,473.0,0.0,1,1,0,[1. 0.],[2 1],0.0,1,0.6,0.7,0.30000000000000004,[0. 0.]
946,0.0,947,1,False,0.0,474.0,1.0,1,0,1,[1. 0.],[2 1],0.0,1,0.6,0.7,0.30000000000000004,[0. 0.]
947,1.0,948,0,False,0.0,474.0,0.0,1,1,0,[0. 1.],[2 1],1.0,1,0.6,0.7,0.30000000000000004,[0. 0.]
948,0.0,949,1,False,0.0,475.0,2.0,1,0,1,[0. 1.],[2 1],1.0,1,0.6,0.7,0.30000000000000004,[0. 0.]
949,2.0,950,0,False,1.0,475.0,0.0,1,1,0,[1. 0.],[2 1],1.0,1,0.6,0.7,0.30000000000000004,[0. 0.]
950,0.0,951,1,False,0.0,476.0,2.0,1,0,1,[1. 0.],[2 1],1.0,1,0.6,0.7,0.30000000000000004,[0. 0.]
951,2.0,952,0,False,0.0,476.0,0.0,1,1,0,[1. 1.],[2 1],,1,0.6,0.7,0.30000000000000004,[0. 0.]
952,0.0,953,1,False,0.0,477.0,2.0,1,0,1,[1. 1.],[2 1],,1,0.6,0.7,0.30000000000000004,[0. 0.]
953,2.0,954,0,False,1.0,477.0,0.0,1,1,0,[1. 1.],[2 1],,1,0.6,0.7,0.30000000000000004,[0. 0.]
954,0.0,955,1,False,0.0,478.0,2.0,1,0,1,[1. 1.],[2 1],,1,0.6,0.7,0.30000000000000004,[0. 0.]
955,2.0,956,0,False,1.0,478.0,0.0,1,1,0,[0. 0.],[2 1],,1,0.6,0.7,0.30000000000000004,[0. 0.]
956,0.0,957,1,False,0.0,479.0,2.0,1,0,1,[0. 0.],[2 1],,1,0.6,0.7,0.30000000000000004,[0. 0.]
957,2.0,958,0,False,0.0,479.0,0.0,1,1,0,[0. 1.],[2 1],0.0,1,0.6,0.7,0.30000000000000004,[0. 0.]
958,0.0,959,1,False,0.0,480.0,1.0,1,0,1,[0. 1.],[2 1],0.0,1,0.6,0.7,0.30000000000000004,[0. 0.]
959,1.0,960,0,False,1.0,480.0,0.0,1,1,0,[1. 1.],[2 1],,1,0.6,0.7,0.30000000000000004,[0. 0.]
960,0.0,961,1,False,0.0,481.0,2.0,1,0,1,[1. 1.],[2 1],,1,0.6,0.7,0.30000000000000004,[0. 0.]
961,2.0,962,0,False,1.0,481.0,0.0,1,1,0,[0. 0.],[2 1],0.0,1,0.6,0.7,0.30000000000000004,[0. 0.]
962,0.0,963,1,False,0.0,482.0,1.0,1,0,1,[0. 0.],[2 1],0.0,1,0.6,0.7,0.30000000000000004,[0. 0.]
963,1.0,964,0,False,0.0,482.0,0.0,1,1,0,[0. 0.],[2 1],1.0,1,0.6,0.7,0.30000000000000004,[0. 0.]
964,0.0,965,1,False,0.0,483.0,2.0,1,0,1,[0. 0.],[2 1],1.0,1,0.6,0.7,0.30000000000000004,[0. 0.]
965,2.0,966,0,False,0.0,483.0,0.0,1,1,0,[0. 1.],[2 1],,1,0.6,0.7,0.30000000000000004,[0. 0.]
966,0.0,967,1,False,0.0,484.0,2.0,1,0,1,[0. 1.],[2 1],,1,0.6,0.7,0.30000000000000004,[0. 0.]
967,2.0,968,0,False,1.0,484.0,0.0,1,1,0,[0. 1.],[2 1],,1,0.6,0.7,0.30000000000000004,[0. 0.]
968,0.0,969,1,False,0.0,485.0,2.0,1,0,1,[0. 1.],[2 1],,1,0.6,0.7,0.30000000000000004,[0. 0.]
969,2.0,970,0,False,1.0,485.0,0.0,1,1,0,[1. 1.],[2 1],,1,0.6,0.7,0.30000000000000004,[0. 0.]
970,0.0,971,1,False,0.0,486.0,2.0,1,0,1,[1. 1.],[2 1],,1,0.6,0.7,0.30000000000000004,[0. 0.]
971,2.0,972,0,False,1.0,486.0,0.0,1,1,0,[0. 0.],[2 1],1.0,1,0.6,0.7,0.30000000000000004,[0. 0.]
972,0.0,973,1,False,0.0,487.0,2.0,1,0,1,[0. 0.],[2 1],1.0,1,0.6,0.7,0.30000000000000004,[0. 0.]
973,2.0,974,0,False,0.0,487.0,0.0,1,1,0,[0. 0.],[2 1],0.0,1,0.6,0.7,0.30000000000000004,[0. 0.]
974,0.0,975,1,False,0.0,488.0,1.0,1,0,1,[0. 0.],[2 1],0.0,1,0.6,0.7,0.30000000000000004,[0. 0.]
975,1.0,976,0,False,0.0,488.0,0.0,1,1,0,[0. 1.],[2 1],,1,0.6,0.7,0.30000000000000004,[0. 0.]
976,0.0,977,1,False,0.0,489.0,2.0,1,0,1,[0. 1.],[2 1],,1,0.6,0.7,0.30000000000000004,[0. 0.]
977,2.0,978,0,False,1.0,489.0,0.0,1,1,0,[1. 0.],[2 1],0.0,1,0.6,0.7,0.30000000000000004,[0. 0.]
978,0.0,979,1,False,0.0,490.0,1.0,1,0,1,[1. 0.],[2 1],0.0,1,0.6,0.7,0.30000000000000004,[0. 0.]
979,1.0,980,0,False,0.0,490.0,0.0,1,1,0,[0. 1.],[2 1],0.0,1,0.6,0.7,0.30000000000000004,[0. 0.]
980,0.0,981,1,False,0.0,491.0,1.0,1,0,1,[0. 1.],[2 1],0.0,1,0.6,0.7,0.30000000000000004,[0. 0.]
981,1.0,982,0,False,1.0,491.0,0.0,1,1,0,[0. 0.],[2 1],,1,0.6,0.7,0.30000000000000004,[0. 0.]
982,0.0,983,1,False,0.0,492.0,2.0,1,0,1,[0. 0.],[2 1],,1,0.6,0.7,0.30000000000000004,[0. 0.]
983,2.0,984,0,False,0.0,492.0,0.0,1,1,0,[0. 0.],[1 2],0.0,1,0.6,0.7,0.30000000000000004,[0. 0.]
984,0.0,985,1,False,0.0,493.0,1.0,1,0,1,[0. 0.],[1 2],0.0,1,0.6,0.7,0.30000000000000004,[0. 0.]
985,1.0,986,0,False,0.0,493.0,0.0,1,1,0,[0. 1.],[1 2],,1,0.6,0.7,0.30000000000000004,[0. 0.]
986,0.0,987,1,False,0.0,494.0,1.0,1,0,1,[0. 1.],[1 2],,1,0.6,0.7,0.30000000000000004,[0. 0.]
987,1.0,988,0,False,0.0,494.0,0.0,1,1,0,[1. 0.],[1 2],0.0,0,0.6,0.7,0.30000000000000004,[0. 0.]
988,0.0,989,1,False,0.0,495.0,1.0,1,0,2,[1. 0.],[1 2],0.0,0,0.6,0.7,0.30000000000000004,[0. 0.]
989,1.0,990,0,False,0.0,495.0,0.0,1,1,0,[0. 0.],[1 2],,0,0.6,0.7,0.30000000000000004,[0. 0.]
990,0.0,991,1,False,0.0,496.0,1.0,1,0,1,[0. 0.],[1 2],,0,0.6,0.7,0.30000000000000004,[0. 0.]
991,1.0,992,0,False,0.0,496.0,0.0,1,1,0,[1. 0.],[1 2],0.0,0,0.6,0.7,0.30000000000000004,[0. 0.]
992,0.0,993,1,False,0.0,497.0,1.0,1,0,1,[1. 0.],[1 2],0.0,0,0.6,0.7,0.30000000000000004,[0. 0.]
993,1.0,994,0,False,1.0,497.0,0.0,1,1,0,[1. 0.],[1 2],1.0,0,0.6,0.7,0.30000000000000004,[0. 0.]
994,0.0,995,1,False,0.0,498.0,2.0,1,0,1,[1. 0.],[1 2],1.0,0,0.6,0.7,0.30000000000000004,[0. 0.]
995,2.0,996,0,False,1.0,498.0,0.0,1,1,0,[1. 0.],[1 2],,0,0.6,0.7,0.30000000000000004,[0. 0.]
996,0.0,997,1,False,0.0,499.0,1.0,1,0,1,[1. 0.],[1 2],,0,0.6,0.7,0.30000000000000004,[0. 0.]
997,1.0,998,0,False,1.0,499.0,0.0,1,1,0,[1. 1.],[1 2],,0,0.6,0.7,0.30000000000000004,[0. 0.]
998,0.0,999,1,False,0.0,500.0,1.0,1,0,1,[1. 1.],[1 2],,0,0.6,0.7,0.30000000000000004,[0. 0.]
999,1.0,1000,0,False,1.0,500.0,0.0,1,1,0,[1. 1.],[1 2],0.0,0,0.6,0.7,0.30000000000000004,[0. 0.]
1000,0.0,1001,1,False,0.0,501.0,1.0,1,0,1,[1. 1.],[1 2],0.0,0,0.6,0.7,0.30000000000000004,[0. 0.]
1001,1.0,1002,0,False,1.0,501.0,0.0,1,1,0,[1. 0.],[1 2],1.0,0,0.6,0.7,0.30000000000000004,[0. 0.]
1002,0.0,1003,1,False,0.0,502.0,2.0,1,0,1,[1. 0.],[1 2],1.0,0,0.6,0.7,0.30000000000000004,[0. 0.]
1003,2.0,1004,0,False,1.0,502.0,0.0,1,1,0,[1. 0.],[1 2],0.0,0,0.6,0.7,0.30000000000000004,[0. 0.]
1004,0.0,1005,1,False,0.0,503.0,1.0,1,0,1,[1. 0.],[1 2],0.0,0,0.6,0.7,0.30000000000000004,[0. 0.]
1005,1.0,1006,0,False,1.0,503.0,0.0,1,1,0,[1. 0.],[1 2],0.0,0,0.6,0.7,0.30000000000000004,[0. 0.]
1006,0.0,1007,1,False,0.0,504.0,1.0,1,0,1,[1. 0.],[1 2],0.0,0,0.6,0.7,0.30000000000000004,[0. 0.]
1007,1.0,1008,0,False,1.0,504.0,0.0,1,1,0,[1. 0.],[1 2],,0,0.6,0.7,0.30000000000000004,[0. 0.]
1008,0.0,1009,1,False,0.0,505.0,1.0,1,0,1,[1. 0.],[1 2],,0,0.6,0.7,0.30000000000000004,[0. 0.]
1009,1.0,1010,0,False,1.0,505.0,0.0,1,1,0,[1. 0.],[1 2],,0,0.6,0.7,0.30000000000000004,[0. 0.]
1010,0.0,1011,1,False,0.0,506.0,1.0,1,0,1,[1. 0.],[1 2],,0,0.6,0.7,0.30000000000000004,[0. 0.]
1011,1.0,1012,0,False,1.0,506.0,0.0,1,1,0,[1. 0.],[1 2],1.0,0,0.6,0.7,0.30000000000000004,[0. 0.]
1012,0.0,1013,1,False,0.0,507.0,2.0,1,0,1,[1. 0.],[1 2],1.0,0,0.6,0.7,0.30000000000000004,[0. 0.]
1013,2.0,1014,0,False,1.0,507.0,0.0,1,1,0,[1. 0.],[1 2],0.0,0,0.6,0.7,0.30000000000000004,[0. 0.]
1014,0.0,1015,1,False,0.0,508.0,1.0,1,0,1,[1. 0.],[1 2],0.0,0,0.6,0.7,0.30000000000000004,[0. 0.]
1015,1.0,1016,0,False,1.0,508.0,0.0,1,1,0,[1. 0.],[1 2],0.0,0,0.6,0.7,0.30000000000000004,[0. 0.]
1016,0.0,1017,1,False,0.0,509.0,1.0,1,0,1,[1. 0.],[1 2],0.0,0,0.6,0.7,0.30000000000000004,[0. 0.]
1017,1.0,1018,0,False,1.0,509.0,0.0,1,1,0,[1. 0.],[1 2],1.0,0,0.6,0.7,0.30000000000000004,[0. 0.]
1018,0.0,1019,1,False,0.0,510.0,2.0,1,0,1,[1. 0.],[1 2],1.0,0,0.6,0.7,0.30000000000000004,[0. 0.]
1019,2.0,1020,0,False,1.0,510.0,0.0,1,1,0,[0. 1.],[1 2],1.0,0,0.6,0.7,0.30000000000000004,[0. 0.]
1020,0.0,1021,1,False,0.0,511.0,2.0,1,0,1,[0. 1.],[1 2],1.0,0,0.6,0.7,0.30000000000000004,[0. 0.]
1021,2.0,1022,0,False,0.0,511.0,0.0,1,1,0,[1. 1.],[2 1],0.0,0,0.6,0.7,0.30000000000000004,[0. 0.]
1022,0.0,1023,1,False,0.0,512.0,1.0,1,0,1,[1. 1.],[2 1],0.0,0,0.6,0.7,0.30000000000000004,[0. 0.]
1023,1.0,1024,0,False,1.0,512.0,0.0,1,1,0,[1. 1.],[2 1],1.0,0,0.6,0.7,0.30000000000000004,[0. 0.]
1024,0.0,1025,1,False,0.0,513.0,2.0,1,0,1,[1. 1.],[2 1],1.0,0,0.6,0.7,0.30000000000000004,[0. 0.]
1025,2.0,1026,0,False,1.0,513.0,0.0,1,1,0,[1. 0.],[2 1],,0,0.6,0.7,0.30000000000000004,[0. 0.]
1026,0.0,1027,1,False,0.0,514.0,2.0,1,0,1,[1. 0.],[2 1],,0,0.6,0.7,0.30000000000000004,[0. 0.]
1027,2.0,1028,0,False,0.0,514.0,0.0,1,1,0,[0. 1.],[2 1],,0,0.6,0.7,0.30000000000000004,[0. 0.]
1028,0.0,1029,1,False,0.0,515.0,2.0,1,0,1,[0. 1.],[2 1],,0,0.6,0.7,0.30000000000000004,[0. 0.]
1029,2.0,1030,0,False,1.0,515.0,0.0,1,1,0,[1. 0.],[2 1],0.0,0,0.6,0.7,0.30000000000000004,[0. 0.]
1030,0.0,1031,1,False,0.0,516.0,1.0,1,0,1,[1. 0.],[2 1],0.0,0,0.6,0.7,0.30000000000000004,[0. 0.]
1031,1.0,1032,0,False,0.0,516.0,0.0,1,1,0,[0. 0.],[2 1],1.0,0,0.6,0.7,0.30000000000000004,[0. 0.]
1032,0.0,1033,1,False,0.0,517.0,2.0,1,0,1,[0. 0.],[2 1],1.0,0,0.6,0.7,0.30000000000000004,[0. 0.]
1033,2.0,1034,0,False,0.0,517.0,0.0,1,1,0,[1. 1.],[2 1],1.0,0,0.6,0.7,0.30000000000000004,[0. 0.]
1034,0.0,1035,1,False,0.0,518.0,2.0,1,0,2,[1. 1.],[2 1],1.0,0,0.6,0.7,0.30000000000000004,[0. 0.]
1035,2.0,1036,0,False,1.0,518.0,0.0,1,1,0,[1. 0.],[2 1],,0,0.6,0.7,0.30000000000000004,[0. 0.]
1036,0.0,1037,1,False,0.0,519.0,1.0,1,0,2,[1. 0.],[2 1],,0,0.6,0.7,0.30000000000000004,[0. 0.]
1037,1.0,1038,0,False,1.0,519.0,0.0,1,1,0,[0. 0.],[2 1],0.0,0,0.6,0.7,0.30000000000000004,[0. 0.]
1038,0.0,1039,1,False,0.0,520.0,1.0,1,0,2,[0. 0.],[2 1],0.0,0,0.6,0.7,0.30000000000000004,[0. 0.]
1039,1.0,1040,0,False,0.0,520.0,0.0,1,1,0,[0. 0.],[2 1],,0,0.6,0.7,0.30000000000000004,[0. 0.]
1040,0.0,1041,1,False,0.0,521.0,1.0,1,0,2,[0. 0.],[2 1],,0,0.6,0.7,0.30000000000000004,[0. 0.]
1041,1.0,1042,0,False,0.0,521.0,0.0,1,1,0,[0. 0.],[2 1],0.0,0,0.6,0.7,0.30000000000000004,[0. 0.]
1042,0.0,1043,1,False,0.0,522.0,1.0,1,0,1,[0. 0.],[2 1],0.0,0,0.6,0.7,0.30000000000000004,[0. 0.]
1043,1.0,1044,0,False,0.0,522.0,0.0,1,1,0,[1. 0.],[2 1],,0,0.6,0.7,0.30000000000000004,[0. 0.]
1044,0.0,1045,1,False,0.0,523.0,2.0,1,0,1,[1. 0.],[2 1],,0,0.6,0.7,0.30000000000000004,[0. 0.]
1045,2.0,1046,0,False,0.0,523.0,0.0,1,1,0,[0. 0.],[2 1],0.0,0,0.6,0.7,0.30000000000000004,[0. 0.]
1046,0.0,1047,1,False,0.0,524.0,1.0,1,0,2,[0. 0.],[2 1],0.0,0,0.6,0.7,0.30000000000000004,[0. 0.]
1047,1.0,1048,0,False,0.0,524.0,0.0,1,1,0,[1. 1.],[2 1],0.0,0,0.6,0.7,0.30000000000000004,[0. 0.]
1048,0.0,1049,1,False,0.0,525.0,1.0,1,0,1,[1. 1.],[2 1],0.0,0,0.6,0.7,0.30000000000000004,[0. 0.]
1049,1.0,1050,0,False,1.0,525.0,0.0,1,1,0,[1. 0.],[2 1],,0,0.6,0.7,0.30000000000000004,[0. 0.]
1050,0.0,1051,1,False,0.0,526.0,2.0,1,0,1,[1. 0.],[2 1],,0,0.6,0.7,0.30000000000000004,[0. 0.]
1051,2.0,1052,0,False,0.0,526.0,0.0,1,1,0,[0. 1.],[2 1],1.0,0,0.6,0.7,0.30000000000000004,[0. 0.]
1052,0.0,1053,1,False,0.0,527.0,2.0,1,0,1,[0. 1.],[2 1],1.0,0,0.6,0.7,0.30000000000000004,[0. 0.]
1053,2.0,1054,0,False,1.0,527.0,0.0,1,1,0,[1. 0.],[2 1],1.0,0,0.6,0.7,0.30000000000000004,[0. 0.]
1054,0.0,1055,1,False,0.0,528.0,2.0,1,0,1,[1. 0.],[2 1],1.0,0,0.6,0.7,0.30000000000000004,[0. 0.]
1055,2.0,1056,0,False,0.0,528.0,0.0,1,1,0,[1. 0.],[2 1],1.0,0,0.6,0.7,0.30000000000000004,[0. 0.]
1056,0.0,1057,1,False,0.0,529.0,2.0,1,0,1,[1. 0.],[2 1],1.0,0,0.6,0.7,0.30000000000000004,[0. 0.]
1057,2.0,1058,0,False,0.0,529.0,0.0,1,1,0,[0. 0.],[2 1],0.0,0,0.6,0.7,0.30000000000000004,[0. 0.]
1058,0.0,1059,1,False,0.0,530.0,1.0,1,0,1,[0. 0.],[2 1],0.0,0,0.6,0.7,0.30000000000000004,[0. 0.]
1059,1.0,1060,0,False,0.0,530.0,0.0,1,1,0,[1. 1.],[2 1],,0,0.6,0.7,0.30000000000000004,[0. 0.]
1060,0.0,1061,1,False,0.0,531.0,1.0,1,0,2,[1. 1.],[2 1],,0,0.6,0.7,0.30000000000000004,[0. 0.]
1061,1.0,1062,0,False,1.0,531.0,0.0,1,1,0,[1. 0.],[2 1],1.0,0,0.6,0.7,0.30000000000000004,[0. 0.]
1062,0.0,1063,1,False,0.0,532.0,2.0,1,0,2,[1. 0.],[2 1],1.0,0,0.6,0.7,0.30000000000000004,[0. 0.]
1063,2.0,1064,0,False,1.0,532.0,0.0,1,1,0,[1. 0.],[2 1],1.0,0,0.6,0.7,0.30000000000000004,[0. 0.]
1064,0.0,1065,1,False,0.0,533.0,2.0,1,0,2,[1. 0.],[2 1],1.0,0,0.6,0.7,0.30000000000000004,[0. 0.]
1065,2.0,1066,0,False,1.0,533.0,0.0,1,1,0,[1. 1.],[2 1],,0,0.6,0.7,0.30000000000000004,[0. 0.]
1066,0.0,1067,1,False,0.0,534.0,1.0,1,0,2,[1. 1.],[2 1],,0,0.6,0.7,0.30000000000000004,[0. 0.]
1067,1.0,1068,0,False,1.0,534.0,0.0,1,1,0,[0. 0.],[2 1],0.0,0,0.6,0.7,0.30000000000000004,[0. 0.]
1068,0.0,1069,1,False,0.0,535.0,1.0,1,0,2,[0. 0.],[2 1],0.0,0,0.6,0.7,0.30000000000000004,[0. 0.]
1069,1.0,1070,0,False,0.0,535.0,0.0,1,1,0,[1. 0.],[2 1],1.0,0,0.6,0.7,0.30000000000000004,[0. 0.]
1070,0.0,1071,1,False,0.0,536.0,2.0,1,0,2,[1. 0.],[2 1],1.0,0,0.6,0.7,0.30000000000000004,[0. 0.]
1071,2.0,1072,0,False,1.0,536.0,0.0,1,1,0,[1. 1.],[2 1],,0,0.6,0.7,0.30000000000000004,[0. 0.]
1072,0.0,1073,1,False,0.0,537.0,1.0,1,0,2,[1. 1.],[2 1],,0,0.6,0.7,0.30000000000000004,[0. 0.]
1073,1.0,1074,0,False,1.0,537.0,0.0,1,1,0,[1. 0.],[2 1],1.0,0,0.6,0.7,0.30000000000000004,[0. 0.]
1074,0.0,1075,1,False,0.0,538.0,2.0,1,0,2,[1. 0.],[2 1],1.0,0,0.6,0.7,0.30000000000000004,[0. 0.]
1075,2.0,1076,0,False,1.0,538.0,0.0,1,1,0,[0. 0.],[2 1],1.0,0,0.6,0.7,0.30000000000000004,[0. 0.]
1076,0.0,1077,1,False,0.0,539.0,2.0,1,0,2,[0. 0.],[2 1],1.0,0,0.6,0.7,0.30000000000000004,[0. 0.]
1077,2.0,1078,0,False,0.0,539.0,0.0,1,1,0,[0. 0.],[2 1],,0,0.6,0.7,0.30000000000000004,[0. 0.]
1078,0.0,1079,1,False,0.0,540.0,1.0,1,0,2,[0. 0.],[2 1],,0,0.6,0.7,0.30000000000000004,[0. 0.]
1079,1.0,1080,0,False,0.0,540.0,0.0,1,1,0,[1. 0.],[2 1],,0,0.6,0.7,0.30000000000000004,[0. 0.]
1080,0.0,1081,1,False,0.0,541.0,1.0,1,0,2,[1. 0.],[2 1],,0,0.6,0.7,0.30000000000000004,[0. 0.]
1081,1.0,1082,0,False,1.0,541.0,0.0,1,1,0,[1. 0.],[2 1],1.0,0,0.6,0.7,0.30000000000000004,[0. 0.]
1082,0.0,1083,1,False,0.0,542.0,2.0,1,0,2,[1. 0.],[2 1],1.0,0,0.6,0.7,0.30000000000000004,[0. 0.]
1083,2.0,1084,0,False,1.0,542.0,0.0,1,1,0,[1. 0.],[2 1],1.0,0,0.6,0.7,0.30000000000000004,[0. 0.]
1084,0.0,1085,1,False,0.0,543.0,2.0,1,0,2,[1. 0.],[2 1],1.0,0,0.6,0.7,0.30000000000000004,[0. 0.]
1085,2.0,1086,0,False,1.0,543.0,0.0,1,1,0,[1. 0.],[2 1],,0,0.6,0.7,0.30000000000000004,[0. 0.]
1086,0.0,1087,1,False,0.0,544.0,1.0,1,0,2,[1. 0.],[2 1],,0,0.6,0.7,0.30000000000000004,[0. 0.]
1087,1.0,1088,0,False,1.0,544.0,0.0,1,1,0,[0. 0.],[2 1],0.0,0,0.6,0.7,0.30000000000000004,[0. 0.]
1088,0.0,1089,1,False,0.0,545.0,1.0,1,0,2,[0. 0.],[2 1],0.0,0,0.6,0.7,0.30000000000000004,[0. 0.]
1089,1.0,1090,0,False,0.0,545.0,0.0,1,1,0,[1. 1.],[2 1],0.0,0,0.6,0.7,0.30000000000000004,[0. 0.]
1090,0.0,1091,1,False,0.0,546.0,1.0,1,0,2,[1. 1.],[2 1],0.0,0,0.6,0.7,0.30000000000000004,[0. 0.]
1091,1.0,1092,0,False,1.0,546.0,0.0,1,1,0,[1. 0.],[2 1],1.0,0,0.6,0.7,0.30000000000000004,[0. 0.]
1092,0.0,1093,1,False,0.0,547.0,2.0,1,0,2,[1. 0.],[2 1],1.0,0,0.6,0.7,0.30000000000000004,[0. 0.]
1093,2.0,1094,0,False,1.0,547.0,0.0,1,1,0,[1. 0.],[2 1],0.0,0,0.6,0.7,0.30000000000000004,[0. 0.]
1094,0.0,1095,1,False,0.0,548.0,1.0,1,0,2,[1. 0.],[2 1],0.0,0,0.6,0.7,0.30000000000000004,[0. 0.]
1095,1.0,1096,0,False,1.0,548.0,0.0,1,1,0,[1. 0.],[2 1],0.0,0,0.6,0.7,0.30000000000000004,[0. 0.]
1096,0.0,1097,1,False,0.0,549.0,1.0,1,0,2,[1. 0.],[2 1],0.0,0,0.6,0.7,0.30000000000000004,[0. 0.]
1097,1.0,1098,0,False,1.0,549.0,0.0,1,1,0,[1. 0.],[2 1],0.0,0,0.6,0.7,0.30000000000000004,[0. 0.]
1098,0.0,1099,1,False,0.0,550.0,1.0,1,0,2,[1. 0.],[2 1],0.0,0,0.6,0.7,0.30000000000000004,[0. 0.]
1099,1.0,1100,0,False,1.0,550.0,0.0,1,1,0,[0. 0.],[2 1],1.0,0,0.6,0.7,0.30000000000000004,[0. 0.]
1100,0.0,1101,1,False,0.0,551.0,2.0,1,0,2,[0. 0.],[2 1],1.0,0,0.6,0.7,0.30000000000000004,[0. 0.]
1101,2.0,1102,0,False,0.0,551.0,0.0,1,1,0,[1. 0.],[2 1],1.0,0,0.6,0.7,0.30000000000000004,[0. 0.]
1102,0.0,1103,1,False,0.0,552.0,2.0,1,0,2,[1. 0.],[2 1],1.0,0,0.6,0.7,0.30000000000000004,[0. 0.]
1103,2.0,1104,0,False,1.0,552.0,0.0,1,1,0,[1. 0.],[2 1],,0,0.6,0.7,0.30000000000000004,[0. 0.]
1104,0.0,1105,1,False,0.0,553.0,1.0,1,0,2,[1. 0.],[2 1],,0,0.6,0.7,0.30000000000000004,[0. 0.]
1105,1.0,1106,0,False,1.0,553.0,0.0,1,1,0,[1. 0.],[2 1],0.0,0,0.6,0.7,0.30000000000000004,[0. 0.]
1106,0.0,1107,1,False,0.0,554.0,1.0,1,0,2,[1. 0.],[2 1],0.0,0,0.6,0.7,0.30000000000000004,[0. 0.]
1107,1.0,1108,0,False,1.0,554.0,0.0,1,1,0,[0. 0.],[2 1],,0,0.6,0.7,0.30000000000000004,[0. 0.]
1108,0.0,1109,1,False,0.0,555.0,1.0,1,0,2,[0. 0.],[2 1],,0,0.6,0.7,0.30000000000000004,[0. 0.]
1109,1.0,1110,0,False,0.0,555.0,0.0,1,1,0,[0. 0.],[2 1],,0,0.6,0.7,0.30000000000000004,[0. 0.]
1110,0.0,1111,1,False,0.0,556.0,1.0,1,0,2,[0. 0.],[2 1],,0,0.6,0.7,0.30000000000000004,[0. 0.]
1111,1.0,1112,0,False,0.0,556.0,0.0,1,1,0,[0. 0.],[2 1],,0,0.6,0.7,0.30000000000000004,[0. 0.]
1112,0.0,1113,1,False,0.0,557.0,2.0,1,0,1,[0. 0.],[2 1],,0,0.6,0.7,0.30000000000000004,[0. 0.]
1113,2.0,1114,0,False,0.0,557.0,0.0,1,1,0,[0. 0.],[2 1],,0,0.6,0.7,0.30000000000000004,[0. 0.]
1114,0.0,1115,1,False,0.0,558.0,2.0,1,0,1,[0. 0.],[2 1],,0,0.6,0.7,0.30000000000000004,[0. 0.]
1115,2.0,1116,0,False,0.0,558.0,0.0,1,1,0,[1. 0.],[2 1],1.0,0,0.6,0.7,0.30000000000000004,[0. 0.]
1116,0.0,1117,1,False,0.0,559.0,2.0,1,0,2,[1. 0.],[2 1],1.0,0,0.6,0.7,0.30000000000000004,[0. 0.]
1117,2.0,1118,0,False,1.0,559.0,0.0,1,1,0,[1. 1.],[2 1],1.0,0,0.6,0.7,0.30000000000000004,[0. 0.]
1118,0.0,1119,1,False,0.0,560.0,2.0,1,0,2,[1. 1.],[2 1],1.0,0,0.6,0.7,0.30000000000000004,[0. 0.]
1119,2.0,1120,0,False,1.0,560.0,0.0,1,1,0,[1. 0.],[2 1],0.0,1,0.6,0.7,0.30000000000000004,[0. 0.]
1120,0.0,1121,1,False,0.0,561.0,1.0,1,0,2,[1. 0.],[2 1],0.0,1,0.6,0.7,0.30000000000000004,[0. 0.]
1121,1.0,1122,0,False,1.0,561.0,0.0,1,1,0,[0. 1.],[2 1],,1,0.6,0.7,0.30000000000000004,[0. 0.]
1122,0.0,1123,1,False,0.0,562.0,1.0,1,0,2,[0. 1.],[2 1],,1,0.6,0.7,0.30000000000000004,[0. 0.]
1123,1.0,1124,0,False,0.0,562.0,0.0,1,1,0,[1. 1.],[2 1],0.0,1,0.6,0.7,0.30000000000000004,[0. 0.]
1124,0.0,1125,1,False,0.0,563.0,1.0,1,0,2,[1. 1.],[2 1],0.0,1,0.6,0.7,0.30000000000000004,[0. 0.]
1125,1.0,1126,0,False,1.0,563.0,0.0,1,1,0,[0. 1.],[2 1],,1,0.6,0.7,0.30000000000000004,[0. 0.]
1126,0.0,1127,1,False,0.0,564.0,1.0,1,0,2,[0. 1.],[2 1],,1,0.6,0.7,0.30000000000000004,[0. 0.]
1127,1.0,1128,0,False,0.0,564.0,0.0,1,1,0,[1. 1.],[2 1],,1,0.6,0.7,0.30000000000000004,[0. 0.]
1128,0.0,1129,1,False,0.0,565.0,1.0,1,0,2,[1. 1.],[2 1],,1,0.6,0.7,0.30000000000000004,[0. 0.]
1129,1.0,1130,0,False,1.0,565.0,0.0,1,1,0,[1. 1.],[2 1],,1,0.6,0.7,0.30000000000000004,[0. 0.]
1130,0.0,1131,1,False,0.0,566.0,1.0,1,0,2,[1. 1.],[2 1],,1,0.6,0.7,0.30000000000000004,[0. 0.]
1131,1.0,1132,0,False,1.0,566.0,0.0,1,1,0,[0. 1.],[2 1],0.0,1,0.6,0.7,0.30000000000000004,[0. 0.]
1132,0.0,1133,1,False,0.0,567.0,1.0,1,0,2,[0. 1.],[2 1],0.0,1,0.6,0.7,0.30000000000000004,[0. 0.]
1133,1.0,1134,0,False,0.0,567.0,0.0,1,1,0,[1. 1.],[2 1],,1,0.6,0.7,0.30000000000000004,[0. 0.]
1134,0.0,1135,1,False,0.0,568.0,1.0,1,0,2,[1. 1.],[2 1],,1,0.6,0.7,0.30000000000000004,[0. 0.]
1135,1.0,1136,0,False,1.0,568.0,0.0,1,1,0,[0. 0.],[2 1],1.0,1,0.6,0.7,0.30000000000000004,[0. 0.]
1136,0.0,1137,1,False,0.0,569.0,2.0,1,0,2,[0. 0.],[2 1],1.0,1,0.6,0.7,0.30000000000000004,[0. 0.]
1137,2.0,1138,0,False,0.0,569.0,0.0,1,1,0,[0. 1.],[2 1],1.0,1,0.6,0.7,0.30000000000000004,[0. 0.]
1138,0.0,1139,1,False,0.0,570.0,2.0,1,0,2,[0. 1.],[2 1],1.0,1,0.6,0.7,0.30000000000000004,[0. 0.]
1139,2.0,1140,0,False,0.0,570.0,0.0,1,1,0,[0. 1.],[2 1],,1,0.6,0.7,0.30000000000000004,[0. 0.]
1140,0.0,1141,1,False,0.0,571.0,1.0,1,0,2,[0. 1.],[2 1],,1,0.6,0.7,0.30000000000000004,[0. 0.]
1141,1.0,1142,0,False,0.0,571.0,0.0,1,1,0,[0. 1.],[2 1],0.0,1,0.6,0.7,0.30000000000000004,[0. 0.]
1142,0.0,1143,1,False,0.0,572.0,1.0,1,0,1,[0. 1.],[2 1],0.0,1,0.6,0.7,0.30000000000000004,[0. 0.]
1143,1.0,1144,0,False,1.0,572.0,0.0,1,1,0,[1. 0.],[2 1],,1,0.6,0.7,0.30000000000000004,[0. 0.]
1144,0.0,1145,1,False,0.0,573.0,2.0,1,0,1,[1. 0.],[2 1],,1,0.6,0.7,0.30000000000000004,[0. 0.]
1145,2.0,1146,0,False,0.0,573.0,0.0,1,1,0,[0. 0.],[2 1],,1,0.6,0.7,0.30000000000000004,[0. 0.]
1146,0.0,1147,1,False,0.0,574.0,2.0,1,0,1,[0. 0.],[2 1],,1,0.6,0.7,0.30000000000000004,[0. 0.]
1147,2.0,1148,0,False,0.0,574.0,0.0,1,1,0,[1. 1.],[2 1],1.0,1,0.6,0.7,0.30000000000000004,[0. 0.]
1148,0.0,1149,1,False,0.0,575.0,2.0,1,0,1,[1. 1.],[2 1],1.0,1,0.6,0.7,0.30000000000000004,[0. 0.]
1149,2.0,1150,0,False,1.0,575.0,0.0,1,1,0,[1. 1.],[2 1],0.0,1,0.6,0.7,0.30000000000000004,[0. 0.]
1150,0.0,1151,1,False,0.0,576.0,1.0,1,0,1,[1. 1.],[2 1],0.0,1,0.6,0.7,0.30000000000000004,[0. 0.]
1151,1.0,1152,0,False,1.0,576.0,0.0,1,1,0,[0. 1.],[2 1],1.0,1,0.6,0.7,0.30000000000000004,[0. 0.]
1152,0.0,1153,1,False,0.0,577.0,2.0,1,0,1,[0. 1.],[2 1],1.0,1,0.6,0.7,0.30000000000000004,[0. 0.]
1153,2.0,1154,0,False,1.0,577.0,0.0,1,1,0,[1. 1.],[2 1],0.0,1,0.6,0.7,0.30000000000000004,[0. 0.]
1154,0.0,1155,1,False,0.0,578.0,1.0,1,0,1,[1. 1.],[2 1],0.0,1,0.6,0.7,0.30000000000000004,[0. 0.]
1155,1.0,1156,0,False,1.0,578.0,0.0,1,1,0,[1. 0.],[2 1],1.0,1,0.6,0.7,0.30000000000000004,[0. 0.]
1156,0.0,1157,1,False,0.0,579.0,2.0,1,0,1,[1. 0.],[2 1],1.0,1,0.6,0.7,0.30000000000000004,[0. 0.]
1157,2.0,1158,0,False,0.0,579.0,0.0,1,1,0,[0. 1.],[2 1],,1,0.6,0.7,0.30000000000000004,[0. 0.]
1158,0.0,1159,1,False,0.0,580.0,2.0,1,0,1,[0. 1.],[2 1],,1,0.6,0.7,0.30000000000000004,[0. 0.]
1159,2.0,1160,0,False,1.0,580.0,0.0,1,1,0,[0. 1.],[2 1],,1,0.6,0.7,0.30000000000000004,[0. 0.]
1160,0.0,1161,1,False,0.0,581.0,2.0,1,0,1,[0. 1.],[2 1],,1,0.6,0.7,0.30000000000000004,[0. 0.]
1161,2.0,1162,0,False,1.0,581.0,0.0,1,1,0,[1. 0.],[2 1],,1,0.6,0.7,0.30000000000000004,[0. 0.]
1162,0.0,1163,1,False,0.0,582.0,2.0,1,0,1,[1. 0.],[2 1],,1,0.6,0.7,0.30000000000000004,[0. 0.]
1163,2.0,1164,0,False,0.0,582.0,0.0,1,1,0,[0. 1.],[2 1],1.0,1,0.6,0.7,0.30000000000000004,[0. 0.]
1164,0.0,1165,1,False,0.0,583.0,2.0,1,0,1,[0. 1.],[2 1],1.0,1,0.6,0.7,0.30000000000000004,[0. 0.]
1165,2.0,1166,0,False,1.0,583.0,0.0,1,1,0,[0. 1.],[2 1],0.0,1,0.6,0.7,0.30000000000000004,[0. 0.]
1166,0.0,1167,1,False,0.0,584.0,1.0,1,0,1,[0. 1.],[2 1],0.0,1,0.6,0.7,0.30000000000000004,[0. 0.]
1167,1.0,1168,0,False,1.0,584.0,0.0,1,1,0,[1. 1.],[2 1],0.0,1,0.6,0.7,0.30000000000000004,[0. 0.]
1168,0.0,1169,1,False,0.0,585.0,1.0,1,0,1,[1. 1.],[2 1],0.0,1,0.6,0.7,0.30000000000000004,[0. 0.]
1169,1.0,1170,0,False,1.0,585.0,0.0,1,1,0,[1. 0.],[2 1],1.0,1,0.6,0.7,0.30000000000000004,[0. 0.]
1170,0.0,1171,1,False,0.0,586.0,2.0,1,0,1,[1. 0.],[2 1],1.0,1,0.6,0.7,0.30000000000000004,[0. 0.]
1171,2.0,1172,0,False,0.0,586.0,0.0,1,1,0,[1. 1.],[2 1],1.0,1,0.6,0.7,0.30000000000000004,[0. 0.]
1172,0.0,1173,1,False,0.0,587.0,2.0,1,0,1,[1. 1.],[2 1],1.0,1,0.6,0.7,0.30000000000000004,[0. 0.]
1173,2.0,1174,0,False,1.0,587.0,0.0,1,1,0,[0. 1.],[2 1],0.0,1,0.6,0.7,0.30000000000000004,[0. 0.]
1174,0.0,1175,1,False,0.0,588.0,1.0,1,0,1,[0. 1.],[2 1],0.0,1,0.6,0.7,0.30000000000000004,[0. 0.]
1175,1.0,1176,0,False,1.0,588.0,0.0,1,1,0,[0. 1.],[2 1],1.0,1,0.6,0.7,0.30000000000000004,[0. 0.]
1176,0.0,1177,1,False,0.0,589.0,2.0,1,0,1,[0. 1.],[2 1],1.0,1,0.6,0.7,0.30000000000000004,[0. 0.]
1177,2.0,1178,0,False,1.0,589.0,0.0,1,1,0,[0. 0.],[2 1],0.0,1,0.6,0.7,0.30000000000000004,[0. 0.]
1178,0.0,1179,1,False,0.0,590.0,1.0,1,0,1,[0. 0.],[2 1],0.0,1,0.6,0.7,0.30000000000000004,[0. 0.]
1179,1.0,1180,0,False,0.0,590.0,0.0,1,1,0,[0. 0.],[2 1],1.0,1,0.6,0.7,0.30000000000000004,[0. 0.]
1180,0.0,1181,1,False,0.0,591.0,2.0,1,0,1,[0. 0.],[2 1],1.0,1,0.6,0.7,0.30000000000000004,[0. 0.]
1181,2.0,1182,0,False,0.0,591.0,0.0,1,1,0,[0. 1.],[2 1],,1,0.6,0.7,0.30000000000000004,[0. 0.]
1182,0.0,1183,1,False,0.0,592.0,2.0,1,0,1,[0. 1.],[2 1],,1,0.6,0.7,0.30000000000000004,[0. 0.]
1183,2.0,1184,0,False,1.0,592.0,0.0,1,1,0,[0. 1.],[2 1],0.0,1,0.6,0.7,0.30000000000000004,[0. 0.]
1184,0.0,1185,1,False,0.0,593.0,1.0,1,0,1,[0. 1.],[2 1],0.0,1,0.6,0.7,0.30000000000000004,[0. 0.]
1185,1.0,1186,0,False,1.0,593.0,0.0,1,1,0,[0. 1.],[2 1],0.0,1,0.6,0.7,0.30000000000000004,[0. 0.]
1186,0.0,1187,1,False,0.0,594.0,1.0,1,0,1,[0. 1.],[2 1],0.0,1,0.6,0.7,0.30000000000000004,[0. 0.]
1187,1.0,1188,0,False,1.0,594.0,0.0,1,1,0,[0. 1.],[2 1],1.0,1,0.6,0.7,0.30000000000000004,[0. 0.]
1188,0.0,1189,1,False,0.0,595.0,2.0,1,0,1,[0. 1.],[2 1],1.0,1,0.6,0.7,0.30000000000000004,[0. 0.]
1189,2.0,1190,0,False,1.0,595.0,0.0,1,1,0,[0. 1.],[2 1],0.0,1,0.6,0.7,0.30000000000000004,[0. 0.]
1190,0.0,1191,1,False,0.0,596.0,1.0,1,0,1,[0. 1.],[2 1],0.0,1,0.6,0.7,0.30000000000000004,[0. 0.]
1191,1.0,1192,0,False,1.0,596.0,0.0,1,1,0,[1. 1.],[2 1],,1,0.6,0.7,0.30000000000000004,[0. 0.]
1192,0.0,1193,1,False,0.0,597.0,2.0,1,0,1,[1. 1.],[2 1],,1,0.6,0.7,0.30000000000000004,[0. 0.]
1193,2.0,1194,0,False,1.0,597.0,0.0,1,1,0,[1. 1.],[2 1],1.0,1,0.6,0.7,0.30000000000000004,[0. 0.]
1194,0.0,1195,1,False,0.0,598.0,2.0,1,0,1,[1. 1.],[2 1],1.0,1,0.6,0.7,0.30000000000000004,[0. 0.]
1195,2.0,1196,0,False,1.0,598.0,0.0,1,1,0,[0. 1.],[2 1],0.0,1,0.6,0.7,0.30000000000000004,[0. 0.]
1196,0.0,1197,1,False,0.0,599.0,1.0,1,0,1,[0. 1.],[2 1],0.0,1,0.6,0.7,0.30000000000000004,[0. 0.]
1197,1.0,1198,0,False,1.0,599.0,0.0,1,1,0,[0. 1.],[2 1],0.0,1,0.6,0.7,0.30000000000000004,[0. 0.]
1198,0.0,1199,1,False,0.0,600.0,1.0,1,0,1,[0. 1.],[2 1],0.0,1,0.6,0.7,0.30000000000000004,[0. 0.]
1199,1.0,1200,0,False,1.0,600.0,0.0,1,1,0,[0. 1.],[2 1],0.0,1,0.6,0.7,0.30000000000000004,[0. 0.]
1200,0.0,1201,1,False,0.0,601.0,1.0,1,0,1,[0. 1.],[2 1],0.0,1,0.6,0.7,0.30000000000000004,[0. 0.]
1201,1.0,1202,0,False,1.0,601.0,0.0,1,1,0,[1. 1.],[2 1],1.0,1,0.6,0.7,0.30000000000000004,[0. 0.]
1202,0.0,1203,1,False,0.0,602.0,2.0,1,0,1,[1. 1.],[2 1],1.0,1,0.6,0.7,0.30000000000000004,[0. 0.]
1203,2.0,1204,0,False,1.0,602.0,0.0,1,1,0,[1. 1.],[2 1],0.0,1,0.6,0.7,0.30000000000000004,[0. 0.]
1204,0.0,1205,1,False,0.0,603.0,1.0,1,0,1,[1. 1.],[2 1],0.0,1,0.6,0.7,0.30000000000000004,[0. 0.]
1205,1.0,1206,0,False,1.0,603.0,0.0,1,1,0,[1. 0.],[2 1],,1,0.6,0.7,0.30000000000000004,[0. 0.]
1206,0.0,1207,1,False,0.0,604.0,2.0,1,0,1,[1. 0.],[2 1],,1,0.6,0.7,0.30000000000000004,[0. 0.]
1207,2.0,1208,0,False,0.0,604.0,0.0,1,1,0,[1. 1.],[2 1],,1,0.6,0.7,0.30000000000000004,[0. 0.]
1208,0.0,1209,1,False,0.0,605.0,2.0,1,0,1,[1. 1.],[2 1],,1,0.6,0.7,0.30000000000000004,[0. 0.]
1209,2.0,1210,0,False,1.0,605.0,0.0,1,1,0,[0. 0.],[2 1],0.0,1,0.6,0.7,0.30000000000000004,[0. 0.]
1210,0.0,1211,1,False,0.0,606.0,1.0,1,0,1,[0. 0.],[2 1],0.0,1,0.6,0.7,0.30000000000000004,[0. 0.]
1211,1.0,1212,0,False,0.0,606.0,0.0,1,1,0,[1. 1.],[2 1],1.0,1,0.6,0.7,0.30000000000000004,[0. 0.]
1212,0.0,1213,1,False,0.0,607.0,2.0,1,0,1,[1. 1.],[2 1],1.0,1,0.6,0.7,0.30000000000000004,[0. 0.]
1213,2.0,1214,0,False,1.0,607.0,0.0,1,1,0,[0. 1.],[2 1],,1,0.6,0.7,0.30000000000000004,[0. 0.]
1214,0.0,1215,1,False,0.0,608.0,2.0,1,0,1,[0. 1.],[2 1],,1,0.6,0.7,0.30000000000000004,[0. 0.]
1215,2.0,1216,0,False,1.0,608.0,0.0,1,1,0,[1. 0.],[2 1],1.0,1,0.6,0.7,0.30000000000000004,[0. 0.]
1216,0.0,1217,1,False,0.0,609.0,2.0,1,0,1,[1. 0.],[2 1],1.0,1,0.6,0.7,0.30000000000000004,[0. 0.]
1217,2.0,1218,0,False,0.0,609.0,0.0,1,1,0,[0. 1.],[2 1],,1,0.6,0.7,0.30000000000000004,[0. 0.]
1218,0.0,1219,1,False,0.0,610.0,2.0,1,0,1,[0. 1.],[2 1],,1,0.6,0.7,0.30000000000000004,[0. 0.]
1219,2.0,1220,0,False,1.0,610.0,0.0,1,1,0,[0. 1.],[2 1],0.0,1,0.6,0.7,0.30000000000000004,[0. 0.]
1220,0.0,1221,1,False,0.0,611.0,1.0,1,0,1,[0. 1.],[2 1],0.0,1,0.6,0.7,0.30000000000000004,[0. 0.]
1221,1.0,1222,0,False,1.0,611.0,0.0,1,1,0,[0. 1.],[2 1],,1,0.6,0.7,0.30000000000000004,[0. 0.]
1222,0.0,1223,1,False,0.0,612.0,2.0,1,0,1,[0. 1.],[2 1],,1,0.6,0.7,0.30000000000000004,[0. 0.]
1223,2.0,1224,0,False,1.0,612.0,0.0,1,1,0,[0. 0.],[2 1],0.0,1,0.6,0.7,0.30000000000000004,[0. 0.]
1224,0.0,1225,1,False,0.0,613.0,1.0,1,0,1,[0. 0.],[2 1],0.0,1,0.6,0.7,0.30000000000000004,[0. 0.]
1225,1.0,1226,0,False,0.0,613.0,0.0,1,1,0,[0. 0.],[2 1],,1,0.6,0.7,0.30000000000000004,[0. 0.]
1226,0.0,1227,1,False,0.0,614.0,2.0,1,0,1,[0. 0.],[2 1],,1,0.6,0.7,0.30000000000000004,[0. 0.]
1227,2.0,1228,0,False,0.0,614.0,0.0,1,1,0,[0. 1.],[2 1],,1,0.6,0.7,0.30000000000000004,[0. 0.]
1228,0.0,1229,1,False,0.0,615.0,2.0,1,0,1,[0. 1.],[2 1],,1,0.6,0.7,0.30000000000000004,[0. 0.]
1229,2.0,1230,0,False,1.0,615.0,0.0,1,1,0,[0. 1.],[2 1],1.0,1,0.6,0.7,0.30000000000000004,[0. 0.]
1230,0.0,1231,1,False,0.0,616.0,2.0,1,0,1,[0. 1.],[2 1],1.0,1,0.6,0.7,0.30000000000000004,[0. 0.]
1231,2.0,1232,0,False,1.0,616.0,0.0,1,1,0,[0. 1.],[2 1],0.0,1,0.6,0.7,0.30000000000000004,[0. 0.]
1232,0.0,1233,1,False,0.0,617.0,1.0,1,0,1,[0. 1.],[2 1],0.0,1,0.6,0.7,0.30000000000000004,[0. 0.]
1233,1.0,1234,0,False,1.0,617.0,0.0,1,1,0,[1. 1.],[2 1],1.0,1,0.6,0.7,0.30000000000000004,[0. 0.]
1234,0.0,1235,1,False,0.0,618.0,2.0,1,0,1,[1. 1.],[2 1],1.0,1,0.6,0.7,0.30000000000000004,[0. 0.]
1235,2.0,1236,0,False,1.0,618.0,0.0,1,1,0,[1. 1.],[2 1],,1,0.6,0.7,0.30000000000000004,[0. 0.]
1236,0.0,1237,1,False,0.0,619.0,2.0,1,0,1,[1. 1.],[2 1],,1,0.6,0.7,0.30000000000000004,[0. 0.]
1237,2.0,1238,0,False,1.0,619.0,0.0,1,1,0,[1. 1.],[2 1],0.0,1,0.6,0.7,0.30000000000000004,[0. 0.]
1238,0.0,1239,1,False,0.0,620.0,1.0,1,0,1,[1. 1.],[2 1],0.0,1,0.6,0.7,0.30000000000000004,[0. 0.]
1239,1.0,1240,0,False,1.0,620.0,0.0,1,1,0,[0. 1.],[2 1],0.0,1,0.6,0.7,0.30000000000000004,[0. 0.]
1240,0.0,1241,1,False,0.0,621.0,1.0,1,0,1,[0. 1.],[2 1],0.0,1,0.6,0.7,0.30000000000000004,[0. 0.]
1241,1.0,1242,0,False,1.0,621.0,0.0,1,1,0,[1. 0.],[2 1],1.0,1,0.6,0.7,0.30000000000000004,[0. 0.]
1242,0.0,1243,1,False,0.0,622.0,2.0,1,0,1,[1. 0.],[2 1],1.0,1,0.6,0.7,0.30000000000000004,[0. 0.]
1243,2.0,1244,0,False,0.0,622.0,0.0,1,1,0,[0. 1.],[2 1],0.0,1,0.6,0.7,0.30000000000000004,[0. 0.]
1244,0.0,1245,1,False,0.0,623.0,1.0,1,0,1,[0. 1.],[2 1],0.0,1,0.6,0.7,0.30000000000000004,[0. 0.]
1245,1.0,1246,0,False,1.0,623.0,0.0,1,1,0,[0. 1.],[2 1],1.0,1,0.6,0.7,0.30000000000000004,[0. 0.]
1246,0.0,1247,1,False,0.0,624.0,2.0,1,0,1,[0. 1.],[2 1],1.0,1,0.6,0.7,0.30000000000000004,[0. 0.]
1247,2.0,1248,0,False,1.0,624.0,0.0,1,1,0,[0. 0.],[2 1],,1,0.6,0.7,0.30000000000000004,[0. 0.]
1248,0.0,1249,1,False,0.0,625.0,2.0,1,0,1,[0. 0.],[2 1],,1,0.6,0.7,0.30000000000000004,[0. 0.]
1249,2.0,1250,0,False,0.0,625.0,0.0,1,1,0,[1. 1.],[2 1],0.0,1,0.6,0.7,0.30000000000000004,[0. 0.]
1250,0.0,1251,1,False,0.0,626.0,1.0,1,0,1,[1. 1.],[2 1],0.0,1,0.6,0.7,0.30000000000000004,[0. 0.]
1251,1.0,1252,0,False,1.0,626.0,0.0,1,1,0,[0. 1.],[2 1],1.0,1,0.6,0.7,0.30000000000000004,[0. 0.]
1252,0.0,1253,1,False,0.0,627.0,2.0,1,0,1,[0. 1.],[2 1],1.0,1,0.6,0.7,0.30000000000000004,[0. 0.]
1253,2.0,1254,0,False,1.0,627.0,0.0,1,1,0,[0. 1.],[2 1],0.0,1,0.6,0.7,0.30000000000000004,[0. 0.]
1254,0.0,1255,1,False,0.0,628.0,1.0,1,0,1,[0. 1.],[2 1],0.0,1,0.6,0.7,0.30000000000000004,[0. 0.]
1255,1.0,1256,0,False,1.0,628.0,0.0,1,1,0,[1. 0.],[2 1],,1,0.6,0.7,0.30000000000000004,[0. 0.]
1256,0.0,1257,1,False,0.0,629.0,2.0,1,0,1,[1. 0.],[2 1],,1,0.6,0.7,0.30000000000000004,[0. 0.]
1257,2.0,1258,0,False,0.0,629.0,0.0,1,1,0,[0. 0.],[2 1],0.0,1,0.6,0.7,0.30000000000000004,[0. 0.]
1258,0.0,1259,1,False,0.0,630.0,1.0,1,0,1,[0. 0.],[2 1],0.0,1,0.6,0.7,0.30000000000000004,[0. 0.]
1259,1.0,1260,0,False,0.0,630.0,0.0,1,1,0,[1. 1.],[2 1],,1,0.6,0.7,0.30000000000000004,[0. 0.]
1260,0.0,1261,1,False,0.0,631.0,2.0,1,0,1,[1. 1.],[2 1],,1,0.6,0.7,0.30000000000000004,[0. 0.]
1261,2.0,1262,0,False,1.0,631.0,0.0,1,1,0,[0. 1.],[2 1],1.0,1,0.6,0.7,0.30000000000000004,[0. 0.]
1262,0.0,1263,1,False,0.0,632.0,2.0,1,0,1,[0. 1.],[2 1],1.0,1,0.6,0.7,0.30000000000000004,[0. 0.]
1263,2.0,1264,0,False,1.0,632.0,0.0,1,1,0,[0. 1.],[2 1],1.0,1,0.6,0.7,0.30000000000000004,[0. 0.]
1264,0.0,1265,1,False,0.0,633.0,2.0,1,0,1,[0. 1.],[2 1],1.0,1,0.6,0.7,0.30000000000000004,[0. 0.]
1265,2.0,1266,0,False,1.0,633.0,0.0,1,1,0,[0. 1.],[1 2],1.0,1,0.6,0.7,0.30000000000000004,[0. 0.]
1266,0.0,1267,1,False,0.0,634.0,2.0,1,0,1,[0. 1.],[1 2],1.0,1,0.6,0.7,0.30000000000000004,[0. 0.]
1267,2.0,1268,0,False,0.0,634.0,0.0,1,1,0,[0. 1.],[1 2],1.0,1,0.6,0.7,0.30000000000000004,[0. 0.]
1268,0.0,1269,1,False,0.0,635.0,2.0,1,0,1,[0. 1.],[1 2],1.0,1,0.6,0.7,0.30000000000000004,[0. 0.]
1269,2.0,1270,0,False,0.0,635.0,0.0,1,1,0,[0. 1.],[1 2],,1,0.6,0.7,0.30000000000000004,[0. 0.]
1270,0.0,1271,1,False,0.0,636.0,1.0,1,0,1,[0. 1.],[1 2],,1,0.6,0.7,0.30000000000000004,[0. 0.]
1271,1.0,1272,0,False,0.0,636.0,0.0,1,1,0,[1. 1.],[1 2],1.0,1,0.6,0.7,0.30000000000000004,[0. 0.]
1272,0.0,1273,1,False,0.0,637.0,2.0,1,0,1,[1. 1.],[1 2],1.0,1,0.6,0.7,0.30000000000000004,[0. 0.]
1273,2.0,1274,0,False,1.0,637.0,0.0,1,1,0,[0. 1.],[1 2],0.0,1,0.6,0.7,0.30000000000000004,[0. 0.]
1274,0.0,1275,1,False,0.0,638.0,1.0,1,0,1,[0. 1.],[1 2],0.0,1,0.6,0.7,0.30000000000000004,[0. 0.]
1275,1.0,1276,0,False,0.0,638.0,0.0,1,1,0,[1. 0.],[1 2],0.0,0,0.6,0.7,0.30000000000000004,[0. 0.]
1276,0.0,1277,1,False,0.0,639.0,1.0,1,0,1,[1. 0.],[1 2],0.0,0,0.6,0.7,0.30000000000000004,[0. 0.]
1277,1.0,1278,0,False,1.0,639.0,0.0,1,1,0,[0. 0.],[1 2],0.0,0,0.6,0.7,0.30000000000000004,[0. 0.]
1278,0.0,1279,1,False,0.0,640.0,1.0,1,0,1,[0. 0.],[1 2],0.0,0,0.6,0.7,0.30000000000000004,[0. 0.]
1279,1.0,1280,0,False,0.0,640.0,0.0,1,1,0,[1. 0.],[1 2],,0,0.6,0.7,0.30000000000000004,[0. 0.]
1280,0.0,1281,1,False,0.0,641.0,1.0,1,0,1,[1. 0.],[1 2],,0,0.6,0.7,0.30000000000000004,[0. 0.]
1281,1.0,1282,0,False,1.0,641.0,0.0,1,1,0,[0. 0.],[1 2],0.0,0,0.6,0.7,0.30000000000000004,[0. 0.]
1282,0.0,1283,1,False,0.0,642.0,1.0,1,0,1,[0. 0.],[1 2],0.0,0,0.6,0.7,0.30000000000000004,[0. 0.]
1283,1.0,1284,0,False,0.0,642.0,0.0,1,1,0,[1. 1.],[1 2],1.0,0,0.6,0.7,0.30000000000000004,[0. 0.]
1284,0.0,1285,1,False,0.0,643.0,2.0,1,0,1,[1. 1.],[1 2],1.0,0,0.6,0.7,0.30000000000000004,[0. 0.]
1285,2.0,1286,0,False,1.0,643.0,0.0,1,1,0,[0. 0.],[1 2],1.0,0,0.6,0.7,0.30000000000000004,[0. 0.]
1286,0.0,1287,1,False,0.0,644.0,2.0,1,0,1,[0. 0.],[1 2],1.0,0,0.6,0.7,0.30000000000000004,[0. 0.]
1287,2.0,1288,0,False,0.0,644.0,0.0,1,1,0,[1. 0.],[1 2],0.0,0,0.6,0.7,0.30000000000000004,[0. 0.]
1288,0.0,1289,1,False,0.0,645.0,1.0,1,0,1,[1. 0.],[1 2],0.0,0,0.6,0.7,0.30000000000000004,[0. 0.]
1289,1.0,1290,0,False,1.0,645.0,0.0,1,1,0,[1. 0.],[1 2],,0,0.6,0.7,0.30000000000000004,[0. 0.]
1290,0.0,1291,1,False,0.0,646.0,1.0,1,0,1,[1. 0.],[1 2],,0,0.6,0.7,0.30000000000000004,[0. 0.]
1291,1.0,1292,0,False,1.0,646.0,0.0,1,1,0,[1. 0.],[1 2],1.0,0,0.6,0.7,0.30000000000000004,[0. 0.]
1292,0.0,1293,1,False,0.0,647.0,2.0,1,0,1,[1. 0.],[1 2],1.0,0,0.6,0.7,0.30000000000000004,[0. 0.]
1293,2.0,1294,0,False,1.0,647.0,0.0,1,1,0,[1. 0.],[1 2],,0,0.6,0.7,0.30000000000000004,[0. 0.]
1294,0.0,1295,1,False,0.0,648.0,1.0,1,0,1,[1. 0.],[1 2],,0,0.6,0.7,0.30000000000000004,[0. 0.]
1295,1.0,1296,0,False,1.0,648.0,0.0,1,1,0,[1. 0.],[1 2],,0,0.6,0.7,0.30000000000000004,[0. 0.]
1296,0.0,1297,1,False,0.0,649.0,1.0,1,0,1,[1. 0.],[1 2],,0,0.6,0.7,0.30000000000000004,[0. 0.]
1297,1.0,1298,0,False,1.0,649.0,0.0,1,1,0,[1. 0.],[1 2],0.0,0,0.6,0.7,0.30000000000000004,[0. 0.]
1298,0.0,1299,1,False,0.0,650.0,1.0,1,0,1,[1. 0.],[1 2],0.0,0,0.6,0.7,0.30000000000000004,[0. 0.]
1299,1.0,1300,0,False,1.0,650.0,0.0,1,1,0,[1. 1.],[1 2],,0,0.6,0.7,0.30000000000000004,[0. 0.]
1300,0.0,1301,1,False,0.0,651.0,1.0,1,0,1,[1. 1.],[1 2],,0,0.6,0.7,0.30000000000000004,[0. 0.]
1301,1.0,1302,0,False,1.0,651.0,0.0,1,1,0,[1. 1.],[1 2],,0,0.6,0.7,0.30000000000000004,[0. 0.]
1302,0.0,1303,1,False,0.0,652.0,1.0,1,0,1,[1. 1.],[1 2],,0,0.6,0.7,0.30000000000000004,[0. 0.]
1303,1.0,1304,0,False,1.0,652.0,0.0,1,1,0,[1. 1.],[1 2],,0,0.6,0.7,0.30000000000000004,[0. 0.]
1304,0.0,1305,1,False,0.0,653.0,1.0,1,0,1,[1. 1.],[1 2],,0,0.6,0.7,0.30000000000000004,[0. 0.]
1305,1.0,1306,0,False,1.0,653.0,0.0,1,1,0,[1. 0.],[1 2],,0,0.6,0.7,0.30000000000000004,[0. 0.]
1306,0.0,1307,1,False,0.0,654.0,1.0,1,0,1,[1. 0.],[1 2],,0,0.6,0.7,0.30000000000000004,[0. 0.]
1307,1.0,1308,0,False,1.0,654.0,0.0,1,1,0,[1. 0.],[1 2],,0,0.6,0.7,0.30000000000000004,[0. 0.]
1308,0.0,1309,1,False,0.0,655.0,1.0,1,0,1,[1. 0.],[1 2],,0,0.6,0.7,0.30000000000000004,[0. 0.]
1309,1.0,1310,0,False,1.0,655.0,0.0,1,1,0,[0. 1.],[1 2],1.0,0,0.6,0.7,0.30000000000000004,[0. 0.]
1310,0.0,1311,1,False,0.0,656.0,2.0,1,0,1,[0. 1.],[1 2],1.0,0,0.6,0.7,0.30000000000000004,[0. 0.]
1311,2.0,1312,0,False,0.0,656.0,0.0,1,1,0,[1. 0.],[1 2],0.0,0,0.6,0.7,0.30000000000000004,[0. 0.]
1312,0.0,1313,1,False,0.0,657.0,1.0,1,0,1,[1. 0.],[1 2],0.0,0,0.6,0.7,0.30000000000000004,[0. 0.]
1313,1.0,1314,0,False,1.0,657.0,0.0,1,1,0,[1. 0.],[1 2],,0,0.6,0.7,0.30000000000000004,[0. 0.]
1314,0.0,1315,1,False,0.0,658.0,1.0,1,0,1,[1. 0.],[1 2],,0,0.6,0.7,0.30000000000000004,[0. 0.]
1315,1.0,1316,0,False,1.0,658.0,0.0,1,1,0,[1. 0.],[1 2],,0,0.6,0.7,0.30000000000000004,[0. 0.]
1316,0.0,1317,1,False,0.0,659.0,1.0,1,0,1,[1. 0.],[1 2],,0,0.6,0.7,0.30000000000000004,[0. 0.]
1317,1.0,1318,0,False,1.0,659.0,0.0,1,1,0,[1. 0.],[1 2],,0,0.6,0.7,0.30000000000000004,[0. 0.]
1318,0.0,1319,1,False,0.0,660.0,1.0,1,0,1,[1. 0.],[1 2],,0,0.6,0.7,0.30000000000000004,[0. 0.]
1319,1.0,1320,0,False,1.0,660.0,0.0,1,1,0,[1. 0.],[1 2],,0,0.6,0.7,0.30000000000000004,[0. 0.]
1320,0.0,1321,1,False,0.0,661.0,1.0,1,0,1,[1. 0.],[1 2],,0,0.6,0.7,0.30000000000000004,[0. 0.]
1321,1.0,1322,0,False,1.0,661.0,0.0,1,1,0,[1. 0.],[1 2],1.0,0,0.6,0.7,0.30000000000000004,[0. 0.]
1322,0.0,1323,1,False,0.0,662.0,2.0,1,0,1,[1. 0.],[1 2],1.0,0,0.6,0.7,0.30000000000000004,[0. 0.]
1323,2.0,1324,0,False,1.0,662.0,0.0,1,1,0,[1. 0.],[1 2],1.0,0,0.6,0.7,0.30000000000000004,[0. 0.]
1324,0.0,1325,1,False,0.0,663.0,2.0,1,0,1,[1. 0.],[1 2],1.0,0,0.6,0.7,0.30000000000000004,[0. 0.]
1325,2.0,1326,0,False,1.0,663.0,0.0,1,1,0,[1. 1.],[1 2],,0,0.6,0.7,0.30000000000000004,[0. 0.]
1326,0.0,1327,1,False,0.0,664.0,1.0,1,0,1,[1. 1.],[1 2],,0,0.6,0.7,0.30000000000000004,[0. 0.]
1327,1.0,1328,0,False,1.0,664.0,0.0,1,1,0,[1. 1.],[1 2],,0,0.6,0.7,0.30000000000000004,[0. 0.]
1328,0.0,1329,1,False,0.0,665.0,1.0,1,0,1,[1. 1.],[1 2],,0,0.6,0.7,0.30000000000000004,[0. 0.]
1329,1.0,1330,0,False,1.0,665.0,0.0,1,1,0,[1. 0.],[1 2],1.0,0,0.6,0.7,0.30000000000000004,[0. 0.]
1330,0.0,1331,1,False,0.0,666.0,2.0,1,0,1,[1. 0.],[1 2],1.0,0,0.6,0.7,0.30000000000000004,[0. 0.]
1331,2.0,1332,0,False,1.0,666.0,0.0,1,1,0,[0. 0.],[1 2],0.0,0,0.6,0.7,0.30000000000000004,[0. 0.]
1332,0.0,1333,1,False,0.0,667.0,1.0,1,0,1,[0. 0.],[1 2],0.0,0,0.6,0.7,0.30000000000000004,[0. 0.]
1333,1.0,1334,0,False,0.0,667.0,0.0,1,1,0,[0. 1.],[1 2],0.0,1,0.6,0.7,0.30000000000000004,[0. 0.]
1334,0.0,1335,1,False,0.0,668.0,1.0,1,0,1,[0. 1.],[1 2],0.0,1,0.6,0.7,0.30000000000000004,[0. 0.]
1335,1.0,1336,0,False,0.0,668.0,0.0,1,1,0,[0. 1.],[1 2],0.0,1,0.6,0.7,0.30000000000000004,[0. 0.]
1336,0.0,1337,1,False,0.0,669.0,1.0,1,0,2,[0. 1.],[1 2],0.0,1,0.6,0.7,0.30000000000000004,[0. 0.]
1337,1.0,1338,0,False,1.0,669.0,0.0,1,1,0,[0. 1.],[1 2],1.0,1,0.6,0.7,0.30000000000000004,[0. 0.]
1338,0.0,1339,1,False,0.0,670.0,2.0,1,0,2,[0. 1.],[1 2],1.0,1,0.6,0.7,0.30000000000000004,[0. 0.]
1339,2.0,1340,0,False,1.0,670.0,0.0,1,1,0,[0. 1.],[1 2],1.0,1,0.6,0.7,0.30000000000000004,[0. 0.]
1340,0.0,1341,1,False,0.0,671.0,2.0,1,0,2,[0. 1.],[1 2],1.0,1,0.6,0.7,0.30000000000000004,[0. 0.]
1341,2.0,1342,0,False,1.0,671.0,0.0,1,1,0,[1. 1.],[1 2],0.0,1,0.6,0.7,0.30000000000000004,[0. 0.]
1342,0.0,1343,1,False,0.0,672.0,1.0,1,0,2,[1. 1.],[1 2],0.0,1,0.6,0.7,0.30000000000000004,[0. 0.]
1343,1.0,1344,0,False,1.0,672.0,0.0,1,1,0,[0. 1.],[1 2],,1,0.6,0.7,0.30000000000000004,[0. 0.]
1344,0.0,1345,1,False,0.0,673.0,2.0,1,0,2,[0. 1.],[1 2],,1,0.6,0.7,0.30000000000000004,[0. 0.]
1345,2.0,1346,0,False,1.0,673.0,0.0,1,1,0,[1. 0.],[1 2],,1,0.6,0.7,0.30000000000000004,[0. 0.]
1346,0.0,1347,1,False,0.0,674.0,2.0,1,0,2,[1. 0.],[1 2],,1,0.6,0.7,0.30000000000000004,[0. 0.]
1347,2.0,1348,0,False,0.0,674.0,0.0,1,1,0,[0. 1.],[1 2],,1,0.6,0.7,0.30000000000000004,[0. 0.]
1348,0.0,1349,1,False,0.0,675.0,2.0,1,0,2,[0. 1.],[1 2],,1,0.6,0.7,0.30000000000000004,[0. 0.]
1349,2.0,1350,0,False,1.0,675.0,0.0,1,1,0,[0. 0.],[1 2],1.0,1,0.6,0.7,0.30000000000000004,[0. 0.]
1350,0.0,1351,1,False,0.0,676.0,2.0,1,0,2,[0. 0.],[1 2],1.0,1,0.6,0.7,0.30000000000000004,[0. 0.]
1351,2.0,1352,0,False,0.0,676.0,0.0,1,1,0,[1. 0.],[1 2],0.0,1,0.6,0.7,0.30000000000000004,[0. 0.]
1352,0.0,1353,1,False,0.0,677.0,1.0,1,0,1,[1. 0.],[1 2],0.0,1,0.6,0.7,0.30000000000000004,[0. 0.]
1353,1.0,1354,0,False,1.0,677.0,0.0,1,1,0,[0. 1.],[1 2],0.0,1,0.6,0.7,0.30000000000000004,[0. 0.]
1354,0.0,1355,1,False,0.0,678.0,1.0,1,0,1,[0. 1.],[1 2],0.0,1,0.6,0.7,0.30000000000000004,[0. 0.]
1355,1.0,1356,0,False,0.0,678.0,0.0,1,1,0,[1. 0.],[1 2],1.0,1,0.6,0.7,0.30000000000000004,[0. 0.]
1356,0.0,1357,1,False,0.0,679.0,2.0,1,0,1,[1. 0.],[1 2],1.0,1,0.6,0.7,0.30000000000000004,[0. 0.]
1357,2.0,1358,0,False,1.0,679.0,0.0,1,1,0,[0. 1.],[1 2],,1,0.6,0.7,0.30000000000000004,[0. 0.]
1358,0.0,1359,1,False,0.0,680.0,1.0,1,0,1,[0. 1.],[1 2],,1,0.6,0.7,0.30000000000000004,[0. 0.]
1359,1.0,1360,0,False,0.0,680.0,0.0,1,1,0,[0. 0.],[1 2],0.0,1,0.6,0.7,0.30000000000000004,[0. 0.]
1360,0.0,1361,1,False,0.0,681.0,1.0,1,0,1,[0. 0.],[1 2],0.0,1,0.6,0.7,0.30000000000000004,[0. 0.]
1361,1.0,1362,0,False,0.0,681.0,0.0,1,1,0,[1. 0.],[1 2],,1,0.6,0.7,0.30000000000000004,[0. 0.]
1362,0.0,1363,1,False,0.0,682.0,1.0,1,0,1,[1. 0.],[1 2],,1,0.6,0.7,0.30000000000000004,[0. 0.]
1363,1.0,1364,0,False,1.0,682.0,0.0,1,1,0,[0. 1.],[1 2],0.0,1,0.6,0.7,0.30000000000000004,[0. 0.]
1364,0.0,1365,1,False,0.0,683.0,1.0,1,0,1,[0. 1.],[1 2],0.0,1,0.6,0.7,0.30000000000000004,[0. 0.]
1365,1.0,1366,0,False,0.0,683.0,0.0,1,1,0,[0. 1.],[1 2],,1,0.6,0.7,0.30000000000000004,[0. 0.]
1366,0.0,1367,1,False,0.0,684.0,1.0,1,0,1,[0. 1.],[1 2],,1,0.6,0.7,0.30000000000000004,[0. 0.]
1367,1.0,1368,0,False,0.0,684.0,0.0,1,1,0,[0. 0.],[1 2],0.0,1,0.6,0.7,0.30000000000000004,[0. 0.]
1368,0.0,1369,1,False,0.0,685.0,1.0,1,0,2,[0. 0.],[1 2],0.0,1,0.6,0.7,0.30000000000000004,[0. 0.]
1369,1.0,1370,0,False,0.0,685.0,0.0,1,1,0,[0. 1.],[1 2],,1,0.6,0.7,0.30000000000000004,[0. 0.]
1370,0.0,1371,1,False,0.0,686.0,1.0,1,0,1,[0. 1.],[1 2],,1,0.6,0.7,0.30000000000000004,[0. 0.]
1371,1.0,1372,0,False,0.0,686.0,0.0,1,1,0,[0. 0.],[1 2],0.0,1,0.6,0.7,0.30000000000000004,[0. 0.]
1372,0.0,1373,1,False,0.0,687.0,1.0,1,0,2,[0. 0.],[1 2],0.0,1,0.6,0.7,0.30000000000000004,[0. 0.]
1373,1.0,1374,0,False,0.0,687.0,0.0,1,1,0,[1. 1.],[1 2],,1,0.6,0.7,0.30000000000000004,[0. 0.]
1374,0.0,1375,1,False,0.0,688.0,1.0,1,0,1,[1. 1.],[1 2],,1,0.6,0.7,0.30000000000000004,[0. 0.]
1375,1.0,1376,0,False,1.0,688.0,0.0,1,1,0,[1. 1.],[1 2],,1,0.6,0.7,0.30000000000000004,[0. 0.]
1376,0.0,1377,1,False,0.0,689.0,1.0,1,0,1,[1. 1.],[1 2],,1,0.6,0.7,0.30000000000000004,[0. 0.]
1377,1.0,1378,0,False,1.0,689.0,0.0,1,1,0,[0. 0.],[1 2],,1,0.6,0.7,0.30000000000000004,[0. 0.]
1378,0.0,1379,1,False,0.0,690.0,1.0,1,0,1,[0. 0.],[1 2],,1,0.6,0.7,0.30000000000000004,[0. 0.]
1379,1.0,1380,0,False,0.0,690.0,0.0,1,1,0,[1. 0.],[1 2],0.0,1,0.6,0.7,0.30000000000000004,[0. 0.]
1380,0.0,1381,1,False,0.0,691.0,1.0,1,0,1,[1. 0.],[1 2],0.0,1,0.6,0.7,0.30000000000000004,[0. 0.]
1381,1.0,1382,0,False,1.0,691.0,0.0,1,1,0,[0. 1.],[1 2],,1,0.6,0.7,0.30000000000000004,[0. 0.]
1382,0.0,1383,1,False,0.0,692.0,1.0,1,0,1,[0. 1.],[1 2],,1,0.6,0.7,0.30000000000000004,[0. 0.]
1383,1.0,1384,0,False,0.0,692.0,0.0,1,1,0,[1. 1.],[1 2],,1,0.6,0.7,0.30000000000000004,[0. 0.]
1384,0.0,1385,1,False,0.0,693.0,1.0,1,0,1,[1. 1.],[1 2],,1,0.6,0.7,0.30000000000000004,[0. 0.]
1385,1.0,1386,0,False,1.0,693.0,0.0,1,1,0,[0. 1.],[1 2],0.0,1,0.6,0.7,0.30000000000000004,[0. 0.]
1386,0.0,1387,1,False,0.0,694.0,1.0,1,0,1,[0. 1.],[1 2],0.0,1,0.6,0.7,0.30000000000000004,[0. 0.]
1387,1.0,1388,0,False,0.0,694.0,0.0,1,1,0,[0. 1.],[1 2],,1,0.6,0.7,0.30000000000000004,[0. 0.]
1388,0.0,1389,1,False,0.0,695.0,1.0,1,0,1,[0. 1.],[1 2],,1,0.6,0.7,0.30000000000000004,[0. 0.]
1389,1.0,1390,0,False,0.0,695.0,0.0,1,1,0,[0. 1.],[1 2],,1,0.6,0.7,0.30000000000000004,[0. 0.]
1390,0.0,1391,1,False,0.0,696.0,1.0,1,0,1,[0. 1.],[1 2],,1,0.6,0.7,0.30000000000000004,[0. 0.]
1391,1.0,1392,0,False,0.0,696.0,0.0,1,1,0,[0. 1.],[1 2],1.0,1,0.6,0.7,0.30000000000000004,[0. 0.]
1392,0.0,1393,1,False,0.0,697.0,2.0,1,0,1,[0. 1.],[1 2],1.0,1,0.6,0.7,0.30000000000000004,[0. 0.]
1393,2.0,1394,0,False,0.0,697.0,0.0,1,1,0,[0. 0.],[1 2],0.0,1,0.6,0.7,0.30000000000000004,[0. 0.]
1394,0.0,1395,1,False,0.0,698.0,1.0,1,0,2,[0. 0.],[1 2],0.0,1,0.6,0.7,0.30000000000000004,[0. 0.]
1395,1.0,1396,0,False,0.0,698.0,0.0,1,1,0,[0. 1.],[1 2],0.0,1,0.6,0.7,0.30000000000000004,[0. 0.]
1396,0.0,1397,1,False,0.0,699.0,1.0,1,0,1,[0. 1.],[1 2],0.0,1,0.6,0.7,0.30000000000000004,[0. 0.]
1397,1.0,1398,0,False,0.0,699.0,0.0,1,1,0,[1. 0.],[1 2],0.0,0,0.6,0.7,0.30000000000000004,[0. 0.]
1398,0.0,1399,1,False,0.0,700.0,1.0,1,0,2,[1. 0.],[1 2],0.0,0,0.6,0.7,0.30000000000000004,[0. 0.]
1399,1.0,1400,0,False,0.0,700.0,0.0,1,1,0,[1. 0.],[1 2],1.0,0,0.6,0.7,0.30000000000000004,[0. 0.]
1400,0.0,1401,1,False,0.0,701.0,2.0,1,0,1,[1. 0.],[1 2],1.0,0,0.6,0.7,0.30000000000000004,[0. 0.]
1401,2.0,1402,0,False,1.0,701.0,0.0,1,1,0,[1. 0.],[1 2],,0,0.6,0.7,0.30000000000000004,[0. 0.]
1402,0.0,1403,1,False,0.0,702.0,1.0,1,0,1,[1. 0.],[1 2],,0,0.6,0.7,0.30000000000000004,[0. 0.]
1403,1.0,1404,0,False,1.0,702.0,0.0,1,1,0,[0. 0.],[1 2],1.0,0,0.6,0.7,0.30000000000000004,[0. 0.]
1404,0.0,1405,1,False,0.0,703.0,2.0,1,0,1,[0. 0.],[1 2],1.0,0,0.6,0.7,0.30000000000000004,[0. 0.]
1405,2.0,1406,0,False,0.0,703.0,0.0,1,1,0,[0. 0.],[2 1],1.0,0,0.6,0.7,0.30000000000000004,[0. 0.]
1406,0.0,1407,1,False,0.0,704.0,2.0,1,0,1,[0. 0.],[2 1],1.0,0,0.6,0.7,0.30000000000000004,[0. 0.]
1407,2.0,1408,0,False,0.0,704.0,0.0,1,1,0,[1. 0.],[2 1],0.0,0,0.6,0.7,0.30000000000000004,[0. 0.]
1408,0.0,1409,1,False,0.0,705.0,1.0,1,0,2,[1. 0.],[2 1],0.0,0,0.6,0.7,0.30000000000000004,[0. 0.]
1409,1.0,1410,0,False,1.0,705.0,0.0,1,1,0,[1. 0.],[2 1],1.0,0,0.6,0.7,0.30000000000000004,[0. 0.]
1410,0.0,1411,1,False,0.0,706.0,2.0,1,0,2,[1. 0.],[2 1],1.0,0,0.6,0.7,0.30000000000000004,[0. 0.]
1411,2.0,1412,0,False,1.0,706.0,0.0,1,1,0,[0. 1.],[2 1],0.0,0,0.6,0.7,0.30000000000000004,[0. 0.]
1412,0.0,1413,1,False,0.0,707.0,1.0,1,0,2,[0. 1.],[2 1],0.0,0,0.6,0.7,0.30000000000000004,[0. 0.]
1413,1.0,1414,0,False,0.0,707.0,0.0,1,1,0,[1. 1.],[2 1],1.0,0,0.6,0.7,0.30000000000000004,[0. 0.]
1414,0.0,1415,1,False,0.0,708.0,2.0,1,0,2,[1. 1.],[2 1],1.0,0,0.6,0.7,0.30000000000000004,[0. 0.]
1415,2.0,1416,0,False,1.0,708.0,0.0,1,1,0,[0. 0.],[2 1],1.0,0,0.6,0.7,0.30000000000000004,[0. 0.]
1416,0.0,1417,1,False,0.0,709.0,2.0,1,0,2,[0. 0.],[2 1],1.0,0,0.6,0.7,0.30000000000000004,[0. 0.]
1417,2.0,1418,0,False,0.0,709.0,0.0,1,1,0,[1. 0.],[2 1],1.0,0,0.6,0.7,0.30000000000000004,[0. 0.]
1418,0.0,1419,1,False,0.0,710.0,2.0,1,0,1,[1. 0.],[2 1],1.0,0,0.6,0.7,0.30000000000000004,[0. 0.]
1419,2.0,1420,0,False,0.0,710.0,0.0,1,1,0,[1. 0.],[2 1],,0,0.6,0.7,0.30000000000000004,[0. 0.]
1420,0.0,1421,1,False,0.0,711.0,1.0,1,0,2,[1. 0.],[2 1],,0,0.6,0.7,0.30000000000000004,[0. 0.]
1421,1.0,1422,0,False,1.0,711.0,0.0,1,1,0,[1. 0.],[2 1],,0,0.6,0.7,0.30000000000000004,[0. 0.]
1422,0.0,1423,1,False,0.0,712.0,1.0,1,0,2,[1. 0.],[2 1],,0,0.6,0.7,0.30000000000000004,[0. 0.]
1423,1.0,1424,0,False,1.0,712.0,0.0,1,1,0,[1. 1.],[2 1],1.0,0,0.6,0.7,0.30000000000000004,[0. 0.]
1424,0.0,1425,1,False,0.0,713.0,2.0,1,0,2,[1. 1.],[2 1],1.0,0,0.6,0.7,0.30000000000000004,[0. 0.]
1425,2.0,1426,0,False,1.0,713.0,0.0,1,1,0,[1. 0.],[2 1],,0,0.6,0.7,0.30000000000000004,[0. 0.]
1426,0.0,1427,1,False,0.0,714.0,1.0,1,0,2,[1. 0.],[2 1],,0,0.6,0.7,0.30000000000000004,[0. 0.]
1427,1.0,1428,0,False,1.0,714.0,0.0,1,1,0,[0. 0.],[2 1],,0,0.6,0.7,0.30000000000000004,[0. 0.]
1428,0.0,1429,1,False,0.0,715.0,1.0,1,0,2,[0. 0.],[2 1],,0,0.6,0.7,0.30000000000000004,[0. 0.]
1429,1.0,1430,0,False,0.0,715.0,0.0,1,1,0,[1. 1.],[2 1],,0,0.6,0.7,0.30000000000000004,[0. 0.]
1430,0.0,1431,1,False,0.0,716.0,1.0,1,0,2,[1. 1.],[2 1],,0,0.6,0.7,0.30000000000000004,[0. 0.]
1431,1.0,1432,0,False,1.0,716.0,0.0,1,1,0,[1. 0.],[2 1],0.0,0,0.6,0.7,0.30000000000000004,[0. 0.]
1432,0.0,1433,1,False,0.0,717.0,1.0,1,0,2,[1. 0.],[2 1],0.0,0,0.6,0.7,0.30000000000000004,[0. 0.]
1433,1.0,1434,0,False,1.0,717.0,0.0,1,1,0,[1. 1.],[2 1],,0,0.6,0.7,0.30000000000000004,[0. 0.]
1434,0.0,1435,1,False,0.0,718.0,1.0,1,0,2,[1. 1.],[2 1],,0,0.6,0.7,0.30000000000000004,[0. 0.]
1435,1.0,1436,0,False,1.0,718.0,0.0,1,1,0,[1. 0.],[2 1],1.0,0,0.6,0.7,0.30000000000000004,[0. 0.]
1436,0.0,1437,1,False,0.0,719.0,2.0,1,0,2,[1. 0.],[2 1],1.0,0,0.6,0.7,0.30000000000000004,[0. 0.]
1437,2.0,1438,0,False,1.0,719.0,0.0,1,1,0,[1. 0.],[2 1],1.0,0,0.6,0.7,0.30000000000000004,[0. 0.]
1438,0.0,1439,1,False,0.0,720.0,2.0,1,0,2,[1. 0.],[2 1],1.0,0,0.6,0.7,0.30000000000000004,[0. 0.]
1439,2.0,1440,0,False,1.0,720.0,0.0,1,1,0,[1. 0.],[2 1],,0,0.6,0.7,0.30000000000000004,[0. 0.]
1440,0.0,1441,1,False,0.0,721.0,1.0,1,0,2,[1. 0.],[2 1],,0,0.6,0.7,0.30000000000000004,[0. 0.]
1441,1.0,1442,0,False,1.0,721.0,0.0,1,1,0,[1. 1.],[2 1],1.0,0,0.6,0.7,0.30000000000000004,[0. 0.]
1442,0.0,1443,1,False,0.0,722.0,2.0,1,0,2,[1. 1.],[2 1],1.0,0,0.6,0.7,0.30000000000000004,[0. 0.]
1443,2.0,1444,0,False,1.0,722.0,0.0,1,1,0,[0. 0.],[2 1],,0,0.6,0.7,0.30000000000000004,[0. 0.]
1444,0.0,1445,1,False,0.0,723.0,1.0,1,0,2,[0. 0.],[2 1],,0,0.6,0.7,0.30000000000000004,[0. 0.]
1445,1.0,1446,0,False,0.0,723.0,0.0,1,1,0,[1. 0.],[2 1],,0,0.6,0.7,0.30000000000000004,[0. 0.]
1446,0.0,1447,1,False,0.0,724.0,1.0,1,0,2,[1. 0.],[2 1],,0,0.6,0.7,0.30000000000000004,[0. 0.]
1447,1.0,1448,0,False,1.0,724.0,0.0,1,1,0,[1. 0.],[1 2],,0,0.6,0.7,0.30000000000000004,[0. 0.]
1448,0.0,1449,1,False,0.0,725.0,2.0,1,0,2,[1. 0.],[1 2],,0,0.6,0.7,0.30000000000000004,[0. 0.]
1449,2.0,1450,0,False,0.0,725.0,0.0,1,1,0,[0. 0.],[1 2],1.0,0,0.6,0.7,0.30000000000000004,[0. 0.]
1450,0.0,1451,1,False,0.0,726.0,2.0,1,0,2,[0. 0.],[1 2],1.0,0,0.6,0.7,0.30000000000000004,[0. 0.]
1451,2.0,1452,0,False,0.0,726.0,0.0,1,1,0,[0. 0.],[2 1],0.0,0,0.6,0.7,0.30000000000000004,[0. 0.]
1452,0.0,1453,1,False,0.0,727.0,1.0,1,0,1,[0. 0.],[2 1],0.0,0,0.6,0.7,0.30000000000000004,[0. 0.]
1453,1.0,1454,0,False,0.0,727.0,0.0,1,1,0,[1. 1.],[2 1],0.0,0,0.6,0.7,0.30000000000000004,[0. 0.]
1454,0.0,1455,1,False,0.0,728.0,1.0,1,0,1,[1. 1.],[2 1],0.0,0,0.6,0.7,0.30000000000000004,[0. 0.]
1455,1.0,1456,0,False,1.0,728.0,0.0,1,1,0,[1. 0.],[2 1],1.0,0,0.6,0.7,0.30000000000000004,[0. 0.]
1456,0.0,1457,1,False,0.0,729.0,2.0,1,0,1,[1. 0.],[2 1],1.0,0,0.6,0.7,0.30000000000000004,[0. 0.]
1457,2.0,1458,0,False,0.0,729.0,0.0,1,1,0,[1. 0.],[2 1],,0,0.6,0.7,0.30000000000000004,[0. 0.]
1458,0.0,1459,1,False,0.0,730.0,2.0,1,0,1,[1. 0.],[2 1],,0,0.6,0.7,0.30000000000000004,[0. 0.]
1459,2.0,1460,0,False,0.0,730.0,0.0,1,1,0,[0. 1.],[2 1],0.0,0,0.6,0.7,0.30000000000000004,[0. 0.]
1460,0.0,1461,1,False,0.0,731.0,1.0,1,0,2,[0. 1.],[2 1],0.0,0,0.6,0.7,0.30000000000000004,[0. 0.]
1461,1.0,1462,0,False,0.0,731.0,0.0,1,1,0,[1. 1.],[2 1],0.0,0,0.6,0.7,0.30000000000000004,[0. 0.]
1462,0.0,1463,1,False,0.0,732.0,1.0,1,0,1,[1. 1.],[2 1],0.0,0,0.6,0.7,0.30000000000000004,[0. 0.]
1463,1.0,1464,0,False,1.0,732.0,0.0,1,1,0,[1. 0.],[2 1],0.0,0,0.6,0.7,0.30000000000000004,[0. 0.]
1464,0.0,1465,1,False,0.0,733.0,1.0,1,0,1,[1. 0.],[2 1],0.0,0,0.6,0.7,0.30000000000000004,[0. 0.]
1465,1.0,1466,0,False,0.0,733.0,0.0,1,1,0,[0. 0.],[2 1],,0,0.6,0.7,0.30000000000000004,[0. 0.]
1466,0.0,1467,1,False,0.0,734.0,2.0,1,0,1,[0. 0.],[2 1],,0,0.6,0.7,0.30000000000000004,[0. 0.]
1467,2.0,1468,0,False,0.0,734.0,0.0,1,1,0,[1. 0.],[2 1],0.0,0,0.6,0.7,0.30000000000000004,[0. 0.]
1468,0.0,1469,1,False,0.0,735.0,1.0,1,0,1,[1. 0.],[2 1],0.0,0,0.6,0.7,0.30000000000000004,[0. 0.]
1469,1.0,1470,0,False,0.0,735.0,0.0,1,1,0,[1. 1.],[2 1],0.0,0,0.6,0.7,0.30000000000000004,[0. 0.]
1470,0.0,1471,1,False,0.0,736.0,1.0,1,0,2,[1. 1.],[2 1],0.0,0,0.6,0.7,0.30000000000000004,[0. 0.]
1471,1.0,1472,0,False,1.0,736.0,0.0,1,1,0,[1. 0.],[2 1],1.0,0,0.6,0.7,0.30000000000000004,[0. 0.]
1472,0.0,1473,1,False,0.0,737.0,2.0,1,0,2,[1. 0.],[2 1],1.0,0,0.6,0.7,0.30000000000000004,[0. 0.]
1473,2.0,1474,0,False,1.0,737.0,0.0,1,1,0,[1. 0.],[2 1],1.0,0,0.6,0.7,0.30000000000000004,[0. 0.]
1474,0.0,1475,1,False,0.0,738.0,2.0,1,0,2,[1. 0.],[2 1],1.0,0,0.6,0.7,0.30000000000000004,[0. 0.]
1475,2.0,1476,0,False,1.0,738.0,0.0,1,1,0,[0. 0.],[2 1],,0,0.6,0.7,0.30000000000000004,[0. 0.]
1476,0.0,1477,1,False,0.0,739.0,1.0,1,0,2,[0. 0.],[2 1],,0,0.6,0.7,0.30000000000000004,[0. 0.]
1477,1.0,1478,0,False,0.0,739.0,0.0,1,1,0,[0. 0.],[2 1],,0,0.6,0.7,0.30000000000000004,[0. 0.]
1478,0.0,1479,1,False,0.0,740.0,1.0,1,0,2,[0. 0.],[2 1],,0,0.6,0.7,0.30000000000000004,[0. 0.]
1479,1.0,1480,0,False,0.0,740.0,0.0,1,1,0,[1. 0.],[2 1],0.0,0,0.6,0.7,0.30000000000000004,[0. 0.]
1480,0.0,1481,1,False,0.0,741.0,1.0,1,0,1,[1. 0.],[2 1],0.0,0,0.6,0.7,0.30000000000000004,[0. 0.]
1481,1.0,1482,0,False,0.0,741.0,0.0,1,1,0,[1. 0.],[2 1],1.0,0,0.6,0.7,0.30000000000000004,[0. 0.]
1482,0.0,1483,1,False,0.0,742.0,2.0,1,0,2,[1. 0.],[2 1],1.0,0,0.6,0.7,0.30000000000000004,[0. 0.]
1483,2.0,1484,0,False,1.0,742.0,0.0,1,1,0,[0. 0.],[2 1],1.0,0,0.6,0.7,0.30000000000000004,[0. 0.]
1484,0.0,1485,1,False,0.0,743.0,2.0,1,0,2,[0. 0.],[2 1],1.0,0,0.6,0.7,0.30000000000000004,[0. 0.]
1485,2.0,1486,0,False,0.0,743.0,0.0,1,1,0,[1. 1.],[2 1],1.0,0,0.6,0.7,0.30000000000000004,[0. 0.]
1486,0.0,1487,1,False,0.0,744.0,2.0,1,0,2,[1. 1.],[2 1],1.0,0,0.6,0.7,0.30000000000000004,[0. 0.]
1487,2.0,1488,0,False,1.0,744.0,0.0,1,1,0,[1. 0.],[2 1],1.0,0,0.6,0.7,0.30000000000000004,[0. 0.]
1488,0.0,1489,1,False,0.0,745.0,2.0,1,0,2,[1. 0.],[2 1],1.0,0,0.6,0.7,0.30000000000000004,[0. 0.]
1489,2.0,1490,0,False,1.0,745.0,0.0,1,1,0,[0. 0.],[2 1],1.0,0,0.6,0.7,0.30000000000000004,[0. 0.]
1490,0.0,1491,1,False,0.0,746.0,2.0,1,0,2,[0. 0.],[2 1],1.0,0,0.6,0.7,0.30000000000000004,[0. 0.]
1491,2.0,1492,0,False,0.0,746.0,0.0,1,1,0,[1. 0.],[2 1],,0,0.6,0.7,0.30000000000000004,[0. 0.]
1492,0.0,1493,1,False,0.0,747.0,1.0,1,0,2,[1. 0.],[2 1],,0,0.6,0.7,0.30000000000000004,[0. 0.]
1493,1.0,1494,0,False,1.0,747.0,0.0,1,1,0,[0. 0.],[2 1],1.0,0,0.6,0.7,0.30000000000000004,[0. 0.]
1494,0.0,1495,1,False,0.0,748.0,2.0,1,0,2,[0. 0.],[2 1],1.0,0,0.6,0.7,0.30000000000000004,[0. 0.]
1495,2.0,1496,0,False,0.0,748.0,0.0,1,1,0,[1. 0.],[1 2],1.0,0,0.6,0.7,0.30000000000000004,[0. 0.]
1496,0.0,1497,1,False,0.0,749.0,2.0,1,0,2,[1. 0.],[1 2],1.0,0,0.6,0.7,0.30000000000000004,[0. 0.]
1497,2.0,1498,0,False,0.0,749.0,0.0,1,1,0,[1. 1.],[1 2],1.0,0,0.6,0.7,0.30000000000000004,[0. 0.]
1498,0.0,1499,1,False,0.0,750.0,2.0,1,0,2,[1. 1.],[1 2],1.0,0,0.6,0.7,0.30000000000000004,[0. 0.]
1499,2.0,1500,0,False,1.0,750.0,0.0,1,1,0,[1. 0.],[1 2],0.0,0,0.6,0.7,0.30000000000000004,[0. 0.]
1500,0.0,1501,1,False,0.0,751.0,1.0,1,0,2,[1. 0.],[1 2],0.0,0,0.6,0.7,0.30000000000000004,[0. 0.]
1501,1.0,1502,0,False,0.0,751.0,0.0,1,1,0,[0. 0.],[1 2],1.0,0,0.6,0.7,0.30000000000000004,[0. 0.]
1502,0.0,1503,1,False,0.0,752.0,2.0,1,0,2,[0. 0.],[1 2],1.0,0,0.6,0.7,0.30000000000000004,[0. 0.]
1503,2.0,1504,0,False,0.0,752.0,0.0,1,1,0,[1. 1.],[1 2],0.0,0,0.6,0.7,0.30000000000000004,[0. 0.]
1504,0.0,1505,1,False,0.0,753.0,1.0,1,0,2,[1. 1.],[1 2],0.0,0,0.6,0.7,0.30000000000000004,[0. 0.]
1505,1.0,1506,0,False,1.0,753.0,0.0,1,1,0,[1. 1.],[1 2],1.0,0,0.6,0.7,0.30000000000000004,[0. 0.]
1506,0.0,1507,1,False,0.0,754.0,2.0,1,0,2,[1. 1.],[1 2],1.0,0,0.6,0.7,0.30000000000000004,[0. 0.]
1507,2.0,1508,0,False,1.0,754.0,0.0,1,1,0,[1. 1.],[1 2],1.0,0,0.6,0.7,0.30000000000000004,[0. 0.]
1508,0.0,1509,1,False,0.0,755.0,2.0,1,0,2,[1. 1.],[1 2],1.0,0,0.6,0.7,0.30000000000000004,[0. 0.]
1509,2.0,1510,0,False,1.0,755.0,0.0,1,1,0,[0. 0.],[1 2],1.0,0,0.6,0.7,0.30000000000000004,[0. 0.]
1510,0.0,1511,1,False,0.0,756.0,2.0,1,0,2,[0. 0.],[1 2],1.0,0,0.6,0.7,0.30000000000000004,[0. 0.]
1511,2.0,1512,0,False,0.0,756.0,0.0,1,1,0,[0. 1.],[1 2],1.0,0,0.6,0.7,0.30000000000000004,[0. 0.]
1512,0.0,1513,1,False,0.0,757.0,2.0,1,0,2,[0. 1.],[1 2],1.0,0,0.6,0.7,0.30000000000000004,[0. 0.]
1513,2.0,1514,0,False,1.0,757.0,0.0,1,1,0,[1. 0.],[1 2],,0,0.6,0.7,0.30000000000000004,[0. 0.]
1514,0.0,1515,1,False,0.0,758.0,2.0,1,0,2,[1. 0.],[1 2],,0,0.6,0.7,0.30000000000000004,[0. 0.]
1515,2.0,1516,0,False,0.0,758.0,0.0,1,1,0,[1. 0.],[1 2],1.0,0,0.6,0.7,0.30000000000000004,[0. 0.]
1516,0.0,1517,1,False,0.0,759.0,2.0,1,0,2,[1. 0.],[1 2],1.0,0,0.6,0.7,0.30000000000000004,[0. 0.]
1517,2.0,1518,0,False,0.0,759.0,0.0,1,1,0,[1. 1.],[1 2],0.0,0,0.6,0.7,0.30000000000000004,[0. 0.]
1518,0.0,1519,1,False,0.0,760.0,1.0,1,0,2,[1. 1.],[1 2],0.0,0,0.6,0.7,0.30000000000000004,[0. 0.]
1519,1.0,1520,0,False,1.0,760.0,0.0,1,1,0,[1. 0.],[1 2],1.0,0,0.6,0.7,0.30000000000000004,[0. 0.]
1520,0.0,1521,1,False,0.0,761.0,2.0,1,0,2,[1. 0.],[1 2],1.0,0,0.6,0.7,0.30000000000000004,[0. 0.]
1521,2.0,1522,0,False,0.0,761.0,0.0,1,1,0,[1. 0.],[1 2],,0,0.6,0.7,0.30000000000000004,[0. 0.]
1522,0.0,1523,1,False,0.0,762.0,2.0,1,0,2,[1. 0.],[1 2],,0,0.6,0.7,0.30000000000000004,[0. 0.]
1523,2.0,1524,0,False,0.0,762.0,0.0,1,1,0,[1. 0.],[1 2],1.0,0,0.6,0.7,0.30000000000000004,[0. 0.]
1524,0.0,1525,1,False,0.0,763.0,2.0,1,0,2,[1. 0.],[1 2],1.0,0,0.6,0.7,0.30000000000000004,[0. 0.]
1525,2.0,1526,0,False,0.0,763.0,0.0,1,1,0,[0. 1.],[1 2],,0,0.6,0.7,0.30000000000000004,[0. 0.]
1526,0.0,1527,1,False,0.0,764.0,2.0,1,0,2,[0. 1.],[1 2],,0,0.6,0.7,0.30000000000000004,[0. 0.]
1527,2.0,1528,0,False,1.0,764.0,0.0,1,1,0,[1. 1.],[1 2],0.0,0,0.6,0.7,0.30000000000000004,[0. 0.]
1528,0.0,1529,1,False,0.0,765.0,1.0,1,0,2,[1. 1.],[1 2],0.0,0,0.6,0.7,0.30000000000000004,[0. 0.]
1529,1.0,1530,0,False,1.0,765.0,0.0,1,1,0,[0. 0.],[1 2],0.0,0,0.6,0.7,0.30000000000000004,[0. 0.]
1530,0.0,1531,1,False,0.0,766.0,1.0,1,0,2,[0. 0.],[1 2],0.0,0,0.6,0.7,0.30000000000000004,[0. 0.]
1531,1.0,1532,0,False,0.0,766.0,0.0,1,1,0,[1. 0.],[1 2],1.0,0,0.6,0.7,0.30000000000000004,[0. 0.]
1532,0.0,1533,1,False,0.0,767.0,2.0,1,0,2,[1. 0.],[1 2],1.0,0,0.6,0.7,0.30000000000000004,[0. 0.]
1533,2.0,1534,0,False,0.0,767.0,0.0,1,1,0,[0. 0.],[1 2],,0,0.6,0.7,0.30000000000000004,[0. 0.]
1534,0.0,1535,1,False,0.0,768.0,2.0,1,0,2,[0. 0.],[1 2],,0,0.6,0.7,0.30000000000000004,[0. 0.]
1535,2.0,1536,0,False,0.0,768.0,0.0,1,1,0,[1. 0.],[1 2],1.0,0,0.6,0.7,0.30000000000000004,[0. 0.]
1536,0.0,1537,1,False,0.0,769.0,2.0,1,0,1,[1. 0.],[1 2],1.0,0,0.6,0.7,0.30000000000000004,[0. 0.]
1537,2.0,1538,0,False,1.0,769.0,0.0,1,1,0,[1. 0.],[1 2],,0,0.6,0.7,0.30000000000000004,[0. 0.]
1538,0.0,1539,1,False,0.0,770.0,1.0,1,0,1,[1. 0.],[1 2],,0,0.6,0.7,0.30000000000000004,[0. 0.]
1539,1.0,1540,0,False,1.0,770.0,0.0,1,1,0,[0. 1.],[1 2],0.0,1,0.6,0.7,0.30000000000000004,[0. 0.]
1540,0.0,1541,1,False,0.0,771.0,1.0,1,0,1,[0. 1.],[1 2],0.0,1,0.6,0.7,0.30000000000000004,[0. 0.]
1541,1.0,1542,0,False,0.0,771.0,0.0,1,1,0,[1. 0.],[1 2],1.0,1,0.6,0.7,0.30000000000000004,[0. 0.]
1542,0.0,1543,1,False,0.0,772.0,2.0,1,0,1,[1. 0.],[1 2],1.0,1,0.6,0.7,0.30000000000000004,[0. 0.]
1543,2.0,1544,0,False,1.0,772.0,0.0,1,1,0,[0. 1.],[1 2],,1,0.6,0.7,0.30000000000000004,[0. 0.]
1544,0.0,1545,1,False,0.0,773.0,1.0,1,0,1,[0. 1.],[1 2],,1,0.6,0.7,0.30000000000000004,[0. 0.]
1545,1.0,1546,0,False,0.0,773.0,0.0,1,1,0,[0. 1.],[1 2],0.0,1,0.6,0.7,0.30000000000000004,[0. 0.]
1546,0.0,1547,1,False,0.0,774.0,1.0,1,0,1,[0. 1.],[1 2],0.0,1,0.6,0.7,0.30000000000000004,[0. 0.]
1547,1.0,1548,0,False,0.0,774.0,0.0,1,1,0,[0. 1.],[1 2],,1,0.6,0.7,0.30000000000000004,[0. 0.]
1548,0.0,1549,1,False,0.0,775.0,2.0,1,0,2,[0. 1.],[1 2],,1,0.6,0.7,0.30000000000000004,[0. 0.]
1549,2.0,1550,0,False,1.0,775.0,0.0,1,1,0,[0. 0.],[1 2],,1,0.6,0.7,0.30000000000000004,[0. 0.]
1550,0.0,1551,1,False,0.0,776.0,2.0,1,0,2,[0. 0.],[1 2],,1,0.6,0.7,0.30000000000000004,[0. 0.]
1551,2.0,1552,0,False,0.0,776.0,0.0,1,1,0,[1. 1.],[1 2],1.0,1,0.6,0.7,0.30000000000000004,[0. 0.]
1552,0.0,1553,1,False,0.0,777.0,2.0,1,0,2,[1. 1.],[1 2],1.0,1,0.6,0.7,0.30000000000000004,[0. 0.]
1553,2.0,1554,0,False,1.0,777.0,0.0,1,1,0,[1. 1.],[1 2],1.0,1,0.6,0.7,0.30000000000000004,[0. 0.]
1554,0.0,1555,1,False,0.0,778.0,2.0,1,0,2,[1. 1.],[1 2],1.0,1,0.6,0.7,0.30000000000000004,[0. 0.]
1555,2.0,1556,0,False,1.0,778.0,0.0,1,1,0,[0. 1.],[1 2],,1,0.6,0.7,0.30000000000000004,[0. 0.]
1556,0.0,1557,1,False,0.0,779.0,2.0,1,0,2,[0. 1.],[1 2],,1,0.6,0.7,0.30000000000000004,[0. 0.]
1557,2.0,1558,0,False,1.0,779.0,0.0,1,1,0,[0. 1.],[1 2],0.0,1,0.6,0.7,0.30000000000000004,[0. 0.]
1558,0.0,1559,1,False,0.0,780.0,1.0,1,0,2,[0. 1.],[1 2],0.0,1,0.6,0.7,0.30000000000000004,[0. 0.]
1559,1.0,1560,0,False,1.0,780.0,0.0,1,1,0,[1. 1.],[1 2],0.0,1,0.6,0.7,0.30000000000000004,[0. 0.]
1560,0.0,1561,1,False,0.0,781.0,1.0,1,0,2,[1. 1.],[1 2],0.0,1,0.6,0.7,0.30000000000000004,[0. 0.]
1561,1.0,1562,0,False,1.0,781.0,0.0,1,1,0,[0. 0.],[1 2],0.0,1,0.6,0.7,0.30000000000000004,[0. 0.]
1562,0.0,1563,1,False,0.0,782.0,1.0,1,0,2,[0. 0.],[1 2],0.0,1,0.6,0.7,0.30000000000000004,[0. 0.]
1563,1.0,1564,0,False,0.0,782.0,0.0,1,1,0,[1. 0.],[1 2],,1,0.6,0.7,0.30000000000000004,[0. 0.]
1564,0.0,1565,1,False,0.0,783.0,2.0,1,0,2,[1. 0.],[1 2],,1,0.6,0.7,0.30000000000000004,[0. 0.]
1565,2.0,1566,0,False,0.0,783.0,0.0,1,1,0,[0. 1.],[1 2],0.0,1,0.6,0.7,0.30000000000000004,[0. 0.]
1566,0.0,1567,1,False,0.0,784.0,1.0,1,0,2,[0. 1.],[1 2],0.0,1,0.6,0.7,0.30000000000000004,[0. 0.]
1567,1.0,1568,0,False,1.0,784.0,0.0,1,1,0,[0. 1.],[1 2],,1,0.6,0.7,0.30000000000000004,[0. 0.]
1568,0.0,1569,1,False,0.0,785.0,2.0,1,0,2,[0. 1.],[1 2],,1,0.6,0.7,0.30000000000000004,[0. 0.]
1569,2.0,1570,0,False,1.0,785.0,0.0,1,1,0,[0. 1.],[1 2],0.0,1,0.6,0.7,0.30000000000000004,[0. 0.]
1570,0.0,1571,1,False,0.0,786.0,1.0,1,0,2,[0. 1.],[1 2],0.0,1,0.6,0.7,0.30000000000000004,[0. 0.]
1571,1.0,1572,0,False,1.0,786.0,0.0,1,1,0,[1. 1.],[1 2],1.0,1,0.6,0.7,0.30000000000000004,[0. 0.]
1572,0.0,1573,1,False,0.0,787.0,2.0,1,0,2,[1. 1.],[1 2],1.0,1,0.6,0.7,0.30000000000000004,[0. 0.]
1573,2.0,1574,0,False,1.0,787.0,0.0,1,1,0,[0. 1.],[1 2],1.0,1,0.6,0.7,0.30000000000000004,[0. 0.]
1574,0.0,1575,1,False,0.0,788.0,2.0,1,0,2,[0. 1.],[1 2],1.0,1,0.6,0.7,0.30000000000000004,[0. 0.]
1575,2.0,1576,0,False,1.0,788.0,0.0,1,1,0,[1. 1.],[1 2],1.0,1,0.6,0.7,0.30000000000000004,[0. 0.]
1576,0.0,1577,1,False,0.0,789.0,2.0,1,0,2,[1. 1.],[1 2],1.0,1,0.6,0.7,0.30000000000000004,[0. 0.]
1577,2.0,1578,0,False,1.0,789.0,0.0,1,1,0,[1. 1.],[2 1],1.0,1,0.6,0.7,0.30000000000000004,[0. 0.]
1578,0.0,1579,1,False,0.0,790.0,2.0,1,0,2,[1. 1.],[2 1],1.0,1,0.6,0.7,0.30000000000000004,[0. 0.]
1579,2.0,1580,0,False,1.0,790.0,0.0,1,1,0,[0. 0.],[2 1],,1,0.6,0.7,0.30000000000000004,[0. 0.]
1580,0.0,1581,1,False,0.0,791.0,1.0,1,0,2,[0. 0.],[2 1],,1,0.6,0.7,0.30000000000000004,[0. 0.]
1581,1.0,1582,0,False,0.0,791.0,0.0,1,1,0,[0. 0.],[2 1],,1,0.6,0.7,0.30000000000000004,[0. 0.]
1582,0.0,1583,1,False,0.0,792.0,1.0,1,0,2,[0. 0.],[2 1],,1,0.6,0.7,0.30000000000000004,[0. 0.]
1583,1.0,1584,0,False,0.0,792.0,0.0,1,1,0,[0. 0.],[2 1],0.0,1,0.6,0.7,0.30000000000000004,[0. 0.]
1584,0.0,1585,1,False,0.0,793.0,1.0,1,0,2,[0. 0.],[2 1],0.0,1,0.6,0.7,0.30000000000000004,[0. 0.]
1585,1.0,1586,0,False,0.0,793.0,0.0,1,1,0,[0. 1.],[2 1],,1,0.6,0.7,0.30000000000000004,[0. 0.]
1586,0.0,1587,1,False,0.0,794.0,2.0,1,0,1,[0. 1.],[2 1],,1,0.6,0.7,0.30000000000000004,[0. 0.]
1587,2.0,1588,0,False,1.0,794.0,0.0,1,1,0,[0. 0.],[2 1],1.0,1,0.6,0.7,0.30000000000000004,[0. 0.]
1588,0.0,1589,1,False,0.0,795.0,2.0,1,0,1,[0. 0.],[2 1],1.0,1,0.6,0.7,0.30000000000000004,[0. 0.]
1589,2.0,1590,0,False,0.0,795.0,0.0,1,1,0,[1. 1.],[2 1],,1,0.6,0.7,0.30000000000000004,[0. 0.]
1590,0.0,1591,1,False,0.0,796.0,2.0,1,0,1,[1. 1.],[2 1],,1,0.6,0.7,0.30000000000000004,[0. 0.]
1591,2.0,1592,0,False,1.0,796.0,0.0,1,1,0,[0. 0.],[2 1],0.0,1,0.6,0.7,0.30000000000000004,[0. 0.]
1592,0.0,1593,1,False,0.0,797.0,1.0,1,0,1,[0. 0.],[2 1],0.0,1,0.6,0.7,0.30000000000000004,[0. 0.]
1593,1.0,1594,0,False,0.0,797.0,0.0,1,1,0,[0. 1.],[2 1],0.0,1,0.6,0.7,0.30000000000000004,[0. 0.]
1594,0.0,1595,1,False,0.0,798.0,1.0,1,0,1,[0. 1.],[2 1],0.0,1,0.6,0.7,0.30000000000000004,[0. 0.]
1595,1.0,1596,0,False,1.0,798.0,0.0,1,1,0,[0. 1.],[2 1],1.0,1,0.6,0.7,0.30000000000000004,[0. 0.]
1596,0.0,1597,1,False,0.0,799.0,2.0,1,0,1,[0. 1.],[2 1],1.0,1,0.6,0.7,0.30000000000000004,[0. 0.]
1597,2.0,1598,0,False,1.0,799.0,0.0,1,1,0,[0. 1.],[1 2],0.0,1,0.6,0.7,0.30000000000000004,[0. 0.]
1598,0.0,1599,1,False,0.0,800.0,1.0,1,0,1,[0. 1.],[1 2],0.0,1,0.6,0.7,0.30000000000000004,[0. 0.]
1599,1.0,1600,0,False,0.0,800.0,0.0,1,1,0,[0. 0.],[1 2],,1,0.6,0.7,0.30000000000000004,[0. 0.]
1600,0.0,1601,1,False,0.0,801.0,1.0,1,0,1,[0. 0.],[1 2],,1,0.6,0.7,0.30000000000000004,[0. 0.]
1601,1.0,1602,0,False,0.0,801.0,0.0,1,1,0,[0. 1.],[1 2],,1,0.6,0.7,0.30000000000000004,[0. 0.]
1602,0.0,1603,1,False,0.0,802.0,2.0,1,0,2,[0. 1.],[1 2],,1,0.6,0.7,0.30000000000000004,[0. 0.]
1603,2.0,1604,0,False,1.0,802.0,0.0,1,1,0,[0. 1.],[1 2],0.0,1,0.6,0.7,0.30000000000000004,[0. 0.]
1604,0.0,1605,1,False,0.0,803.0,1.0,1,0,2,[0. 1.],[1 2],0.0,1,0.6,0.7,0.30000000000000004,[0. 0.]
1605,1.0,1606,0,False,1.0,803.0,0.0,1,1,0,[0. 1.],[1 2],0.0,1,0.6,0.7,0.30000000000000004,[0. 0.]
1606,0.0,1607,1,False,0.0,804.0,1.0,1,0,2,[0. 1.],[1 2],0.0,1,0.6,0.7,0.30000000000000004,[0. 0.]
1607,1.0,1608,0,False,1.0,804.0,0.0,1,1,0,[0. 0.],[1 2],1.0,1,0.6,0.7,0.30000000000000004,[0. 0.]
1608,0.0,1609,1,False,0.0,805.0,2.0,1,0,2,[0. 0.],[1 2],1.0,1,0.6,0.7,0.30000000000000004,[0. 0.]
1609,2.0,1610,0,False,0.0,805.0,0.0,1,1,0,[0. 0.],[1 2],,1,0.6,0.7,0.30000000000000004,[0. 0.]
1610,0.0,1611,1,False,0.0,806.0,2.0,1,0,2,[0. 0.],[1 2],,1,0.6,0.7,0.30000000000000004,[0. 0.]
1611,2.0,1612,0,False,0.0,806.0,0.0,1,1,0,[0. 0.],[1 2],,1,0.6,0.7,0.30000000000000004,[0. 0.]
1612,0.0,1613,1,False,0.0,807.0,2.0,1,0,2,[0. 0.],[1 2],,1,0.6,0.7,0.30000000000000004,[0. 0.]
1613,2.0,1614,0,False,0.0,807.0,0.0,1,1,0,[0. 1.],[1 2],0.0,1,0.6,0.7,0.30000000000000004,[0. 0.]
1614,0.0,1615,1,False,0.0,808.0,1.0,1,0,1,[0. 1.],[1 2],0.0,1,0.6,0.7,0.30000000000000004,[0. 0.]
1615,1.0,1616,0,False,0.0,808.0,0.0,1,1,0,[0. 0.],[1 2],0.0,1,0.6,0.7,0.30000000000000004,[0. 0.]
1616,0.0,1617,1,False,0.0,809.0,1.0,1,0,2,[0. 0.],[1 2],0.0,1,0.6,0.7,0.30000000000000004,[0. 0.]
1617,1.0,1618,0,False,0.0,809.0,0.0,1,1,0,[0. 0.],[1 2],,1,0.6,0.7,0.30000000000000004,[0. 0.]
1618,0.0,1619,1,False,0.0,810.0,1.0,1,0,1,[0. 0.],[1 2],,1,0.6,0.7,0.30000000000000004,[0. 0.]
1619,1.0,1620,0,False,0.0,810.0,0.0,1,1,0,[1. 0.],[1 2],,1,0.6,0.7,0.30000000000000004,[0. 0.]
1620,0.0,1621,1,False,0.0,811.0,2.0,1,0,2,[1. 0.],[1 2],,1,0.6,0.7,0.30000000000000004,[0. 0.]
1621,2.0,1622,0,False,0.0,811.0,0.0,1,1,0,[0. 1.],[1 2],0.0,1,0.6,0.7,0.30000000000000004,[0. 0.]
1622,0.0,1623,1,False,0.0,812.0,1.0,1,0,1,[0. 1.],[1 2],0.0,1,0.6,0.7,0.30000000000000004,[0. 0.]
1623,1.0,1624,0,False,0.0,812.0,0.0,1,1,0,[0. 1.],[1 2],1.0,0,0.6,0.7,0.30000000000000004,[0. 0.]
1624,0.0,1625,1,False,0.0,813.0,2.0,1,0,2,[0. 1.],[1 2],1.0,0,0.6,0.7,0.30000000000000004,[0. 0.]
1625,2.0,1626,0,False,1.0,813.0,0.0,1,1,0,[1. 0.],[1 2],0.0,0,0.6,0.7,0.30000000000000004,[0. 0.]
1626,0.0,1627,1,False,0.0,814.0,1.0,1,0,2,[1. 0.],[1 2],0.0,0,0.6,0.7,0.30000000000000004,[0. 0.]
1627,1.0,1628,0,False,0.0,814.0,0.0,1,1,0,[1. 0.],[1 2],1.0,0,0.6,0.7,0.30000000000000004,[0. 0.]
1628,0.0,1629,1,False,0.0,815.0,2.0,1,0,2,[1. 0.],[1 2],1.0,0,0.6,0.7,0.30000000000000004,[0. 0.]
1629,2.0,1630,0,False,0.0,815.0,0.0,1,1,0,[1. 1.],[1 2],,1,0.6,0.7,0.30000000000000004,[0. 0.]
1630,0.0,1631,1,False,0.0,816.0,2.0,1,0,2,[1. 1.],[1 2],,1,0.6,0.7,0.30000000000000004,[0. 0.]
1631,2.0,1632,0,False,1.0,816.0,0.0,1,1,0,[0. 1.],[1 2],1.0,1,0.6,0.7,0.30000000000000004,[0. 0.]
1632,0.0,1633,1,False,0.0,817.0,2.0,1,0,2,[0. 1.],[1 2],1.0,1,0.6,0.7,0.30000000000000004,[0. 0.]
1633,2.0,1634,0,False,1.0,817.0,0.0,1,1,0,[1. 1.],[1 2],0.0,1,0.6,0.7,0.30000000000000004,[0. 0.]
1634,0.0,1635,1,False,0.0,818.0,1.0,1,0,2,[1. 1.],[1 2],0.0,1,0.6,0.7,0.30000000000000004,[0. 0.]
1635,1.0,1636,0,False,1.0,818.0,0.0,1,1,0,[1. 1.],[1 2],,1,0.6,0.7,0.30000000000000004,[0. 0.]
1636,0.0,1637,1,False,0.0,819.0,2.0,1,0,2,[1. 1.],[1 2],,1,0.6,0.7,0.30000000000000004,[0. 0.]
1637,2.0,1638,0,False,1.0,819.0,0.0,1,1,0,[1. 0.],[1 2],0.0,1,0.6,0.7,0.30000000000000004,[0. 0.]
1638,0.0,1639,1,False,0.0,820.0,1.0,1,0,2,[1. 0.],[1 2],0.0,1,0.6,0.7,0.30000000000000004,[0. 0.]
1639,1.0,1640,0,False,0.0,820.0,0.0,1,1,0,[0. 1.],[1 2],1.0,1,0.6,0.7,0.30000000000000004,[0. 0.]
1640,0.0,1641,1,False,0.0,821.0,2.0,1,0,2,[0. 1.],[1 2],1.0,1,0.6,0.7,0.30000000000000004,[0. 0.]
1641,2.0,1642,0,False,1.0,821.0,0.0,1,1,0,[0. 1.],[1 2],,1,0.6,0.7,0.30000000000000004,[0. 0.]
1642,0.0,1643,1,False,0.0,822.0,2.0,1,0,2,[0. 1.],[1 2],,1,0.6,0.7,0.30000000000000004,[0. 0.]
1643,2.0,1644,0,False,1.0,822.0,0.0,1,1,0,[0. 0.],[1 2],,1,0.6,0.7,0.30000000000000004,[0. 0.]
1644,0.0,1645,1,False,0.0,823.0,2.0,1,0,2,[0. 0.],[1 2],,1,0.6,0.7,0.30000000000000004,[0. 0.]
1645,2.0,1646,0,False,0.0,823.0,0.0,1,1,0,[0. 0.],[1 2],,1,0.6,0.7,0.30000000000000004,[0. 0.]
1646,0.0,1647,1,False,0.0,824.0,2.0,1,0,2,[0. 0.],[1 2],,1,0.6,0.7,0.30000000000000004,[0. 0.]
1647,2.0,1648,0,False,0.0,824.0,0.0,1,1,0,[0. 1.],[1 2],0.0,1,0.6,0.7,0.30000000000000004,[0. 0.]
1648,0.0,1649,1,False,0.0,825.0,1.0,1,0,2,[0. 1.],[1 2],0.0,1,0.6,0.7,0.30000000000000004,[0. 0.]
1649,1.0,1650,0,False,1.0,825.0,0.0,1,1,0,[0. 1.],[1 2],0.0,1,0.6,0.7,0.30000000000000004,[0. 0.]
1650,0.0,1651,1,False,0.0,826.0,1.0,1,0,2,[0. 1.],[1 2],0.0,1,0.6,0.7,0.30000000000000004,[0. 0.]
1651,1.0,1652,0,False,1.0,826.0,0.0,1,1,0,[0. 0.],[1 2],,1,0.6,0.7,0.30000000000000004,[0. 0.]
1652,0.0,1653,1,False,0.0,827.0,2.0,1,0,2,[0. 0.],[1 2],,1,0.6,0.7,0.30000000000000004,[0. 0.]
1653,2.0,1654,0,False,0.0,827.0,0.0,1,1,0,[1. 1.],[1 2],,1,0.6,0.7,0.30000000000000004,[0. 0.]
1654,0.0,1655,1,False,0.0,828.0,2.0,1,0,2,[1. 1.],[1 2],,1,0.6,0.7,0.30000000000000004,[0. 0.]
1655,2.0,1656,0,False,1.0,828.0,0.0,1,1,0,[1. 1.],[1 2],1.0,1,0.6,0.7,0.30000000000000004,[0. 0.]
1656,0.0,1657,1,False,0.0,829.0,2.0,1,0,2,[1. 1.],[1 2],1.0,1,0.6,0.7,0.30000000000000004,[0. 0.]
1657,2.0,1658,0,False,1.0,829.0,0.0,1,1,0,[0. 1.],[1 2],0.0,1,0.6,0.7,0.30000000000000004,[0. 0.]
1658,0.0,1659,1,False,0.0,830.0,1.0,1,0,2,[0. 1.],[1 2],0.0,1,0.6,0.7,0.30000000000000004,[0. 0.]
1659,1.0,1660,0,False,1.0,830.0,0.0,1,1,0,[0. 0.],[1 2],,1,0.6,0.7,0.30000000000000004,[0. 0.]
1660,0.0,1661,1,False,0.0,831.0,2.0,1,0,2,[0. 0.],[1 2],,1,0.6,0.7,0.30000000000000004,[0. 0.]
1661,2.0,1662,0,False,0.0,831.0,0.0,1,1,0,[0. 1.],[1 2],0.0,1,0.6,0.7,0.30000000000000004,[0. 0.]
1662,0.0,1663,1,False,0.0,832.0,1.0,1,0,2,[0. 1.],[1 2],0.0,1,0.6,0.7,0.30000000000000004,[0. 0.]
1663,1.0,1664,0,False,1.0,832.0,0.0,1,1,0,[0. 0.],[1 2],1.0,1,0.6,0.7,0.30000000000000004,[0. 0.]
1664,0.0,1665,1,False,0.0,833.0,2.0,1,0,2,[0. 0.],[1 2],1.0,1,0.6,0.7,0.30000000000000004,[0. 0.]
1665,2.0,1666,0,False,0.0,833.0,0.0,1,1,0,[0. 1.],[1 2],1.0,1,0.6,0.7,0.30000000000000004,[0. 0.]
1666,0.0,1667,1,False,0.0,834.0,2.0,1,0,2,[0. 1.],[1 2],1.0,1,0.6,0.7,0.30000000000000004,[0. 0.]
1667,2.0,1668,0,False,1.0,834.0,0.0,1,1,0,[0. 1.],[1 2],,1,0.6,0.7,0.30000000000000004,[0. 0.]
1668,0.0,1669,1,False,0.0,835.0,2.0,1,0,2,[0. 1.],[1 2],,1,0.6,0.7,0.30000000000000004,[0. 0.]
1669,2.0,1670,0,False,1.0,835.0,0.0,1,1,0,[0. 0.],[1 2],,1,0.6,0.7,0.30000000000000004,[0. 0.]
1670,0.0,1671,1,False,0.0,836.0,2.0,1,0,2,[0. 0.],[1 2],,1,0.6,0.7,0.30000000000000004,[0. 0.]
1671,2.0,1672,0,False,0.0,836.0,0.0,1,1,0,[0. 1.],[1 2],,1,0.6,0.7,0.30000000000000004,[0. 0.]
1672,0.0,1673,1,False,0.0,837.0,2.0,1,0,2,[0. 1.],[1 2],,1,0.6,0.7,0.30000000000000004,[0. 0.]
1673,2.0,1674,0,False,1.0,837.0,0.0,1,1,0,[0. 1.],[1 2],,1,0.6,0.7,0.30000000000000004,[0. 0.]
1674,0.0,1675,1,False,0.0,838.0,2.0,1,0,2,[0. 1.],[1 2],,1,0.6,0.7,0.30000000000000004,[0. 0.]
1675,2.0,1676,0,False,1.0,838.0,0.0,1,1,0,[0. 1.],[1 2],,1,0.6,0.7,0.30000000000000004,[0. 0.]
1676,0.0,1677,1,False,0.0,839.0,2.0,1,0,2,[0. 1.],[1 2],,1,0.6,0.7,0.30000000000000004,[0. 0.]
1677,2.0,1678,0,False,1.0,839.0,0.0,1,1,0,[1. 1.],[1 2],1.0,1,0.6,0.7,0.30000000000000004,[0. 0.]
1678,0.0,1679,1,False,0.0,840.0,2.0,1,0,2,[1. 1.],[1 2],1.0,1,0.6,0.7,0.30000000000000004,[0. 0.]
1679,2.0,1680,0,False,1.0,840.0,0.0,1,1,0,[0. 0.],[1 2],0.0,1,0.6,0.7,0.30000000000000004,[0. 0.]
1680,0.0,1681,1,False,0.0,841.0,1.0,1,0,2,[0. 0.],[1 2],0.0,1,0.6,0.7,0.30000000000000004,[0. 0.]
1681,1.0,1682,0,False,0.0,841.0,0.0,1,1,0,[0. 1.],[1 2],,1,0.6,0.7,0.30000000000000004,[0. 0.]
1682,0.0,1683,1,False,0.0,842.0,2.0,1,0,2,[0. 1.],[1 2],,1,0.6,0.7,0.30000000000000004,[0. 0.]
1683,2.0,1684,0,False,1.0,842.0,0.0,1,1,0,[1. 1.],[1 2],1.0,1,0.6,0.7,0.30000000000000004,[0. 0.]
1684,0.0,1685,1,False,0.0,843.0,2.0,1,0,2,[1. 1.],[1 2],1.0,1,0.6,0.7,0.30000000000000004,[0. 0.]
1685,2.0,1686,0,False,1.0,843.0,0.0,1,1,0,[1. 1.],[1 2],0.0,1,0.6,0.7,0.30000000000000004,[0. 0.]
1686,0.0,1687,1,False,0.0,844.0,1.0,1,0,2,[1. 1.],[1 2],0.0,1,0.6,0.7,0.30000000000000004,[0. 0.]
1687,1.0,1688,0,False,1.0,844.0,0.0,1,1,0,[0. 1.],[1 2],1.0,1,0.6,0.7,0.30000000000000004,[0. 0.]
1688,0.0,1689,1,False,0.0,845.0,2.0,1,0,2,[0. 1.],[1 2],1.0,1,0.6,0.7,0.30000000000000004,[0. 0.]
1689,2.0,1690,0,False,1.0,845.0,0.0,1,1,0,[1. 0.],[1 2],,1,0.6,0.7,0.30000000000000004,[0. 0.]
1690,0.0,1691,1,False,0.0,846.0,2.0,1,0,2,[1. 0.],[1 2],,1,0.6,0.7,0.30000000000000004,[0. 0.]
1691,2.0,1692,0,False,0.0,846.0,0.0,1,1,0,[0. 1.],[1 2],1.0,1,0.6,0.7,0.30000000000000004,[0. 0.]
1692,0.0,1693,1,False,0.0,847.0,2.0,1,0,2,[0. 1.],[1 2],1.0,1,0.6,0.7,0.30000000000000004,[0. 0.]
1693,2.0,1694,0,False,1.0,847.0,0.0,1,1,0,[0. 1.],[1 2],0.0,1,0.6,0.7,0.30000000000000004,[0. 0.]
1694,0.0,1695,1,False,0.0,848.0,1.0,1,0,2,[0. 1.],[1 2],0.0,1,0.6,0.7,0.30000000000000004,[0. 0.]
1695,1.0,1696,0,False,1.0,848.0,0.0,1,1,0,[1. 1.],[1 2],1.0,1,0.6,0.7,0.30000000000000004,[0. 0.]
1696,0.0,1697,1,False,0.0,849.0,2.0,1,0,2,[1. 1.],[1 2],1.0,1,0.6,0.7,0.30000000000000004,[0. 0.]
1697,2.0,1698,0,False,1.0,849.0,0.0,1,1,0,[0. 1.],[1 2],0.0,1,0.6,0.7,0.30000000000000004,[0. 0.]
1698,0.0,1699,1,False,0.0,850.0,1.0,1,0,2,[0. 1.],[1 2],0.0,1,0.6,0.7,0.30000000000000004,[0. 0.]
1699,1.0,1700,0,False,1.0,850.0,0.0,1,1,0,[0. 0.],[1 2],,1,0.6,0.7,0.30000000000000004,[0. 0.]
1700,0.0,1701,1,False,0.0,851.0,2.0,1,0,2,[0. 0.],[1 2],,1,0.6,0.7,0.30000000000000004,[0. 0.]
1701,2.0,1702,0,False,0.0,851.0,0.0,1,1,0,[1. 1.],[1 2],,1,0.6,0.7,0.30000000000000004,[0. 0.]
1702,0.0,1703,1,False,0.0,852.0,2.0,1,0,2,[1. 1.],[1 2],,1,0.6,0.7,0.30000000000000004,[0. 0.]
1703,2.0,1704,0,False,1.0,852.0,0.0,1,1,0,[1. 1.],[1 2],,1,0.6,0.7,0.30000000000000004,[0. 0.]
1704,0.0,1705,1,False,0.0,853.0,2.0,1,0,2,[1. 1.],[1 2],,1,0.6,0.7,0.30000000000000004,[0. 0.]
1705,2.0,1706,0,False,1.0,853.0,0.0,1,1,0,[0. 0.],[1 2],0.0,0,0.6,0.7,0.30000000000000004,[0. 0.]
1706,0.0,1707,1,False,0.0,854.0,1.0,1,0,2,[0. 0.],[1 2],0.0,0,0.6,0.7,0.30000000000000004,[0. 0.]
1707,1.0,1708,0,False,0.0,854.0,0.0,1,1,0,[1. 1.],[1 2],,0,0.6,0.7,0.30000000000000004,[0. 0.]
1708,0.0,1709,1,False,0.0,855.0,2.0,1,0,2,[1. 1.],[1 2],,0,0.6,0.7,0.30000000000000004,[0. 0.]
1709,2.0,1710,0,False,1.0,855.0,0.0,1,1,0,[0. 0.],[1 2],,0,0.6,0.7,0.30000000000000004,[0. 0.]
1710,0.0,1711,1,False,0.0,856.0,2.0,1,0,2,[0. 0.],[1 2],,0,0.6,0.7,0.30000000000000004,[0. 0.]
1711,2.0,1712,0,False,0.0,856.0,0.0,1,1,0,[1. 0.],[1 2],,0,0.6,0.7,0.30000000000000004,[0. 0.]
1712,0.0,1713,1,False,0.0,857.0,2.0,1,0,2,[1. 0.],[1 2],,0,0.6,0.7,0.30000000000000004,[0. 0.]
1713,2.0,1714,0,False,0.0,857.0,0.0,1,1,0,[0. 0.],[1 2],0.0,0,0.6,0.7,0.30000000000000004,[0. 0.]
1714,0.0,1715,1,False,0.0,858.0,1.0,1,0,2,[0. 0.],[1 2],0.0,0,0.6,0.7,0.30000000000000004,[0. 0.]
1715,1.0,1716,0,False,0.0,858.0,0.0,1,1,0,[1. 1.],[1 2],0.0,0,0.6,0.7,0.30000000000000004,[0. 0.]
1716,0.0,1717,1,False,0.0,859.0,1.0,1,0,2,[1. 1.],[1 2],0.0,0,0.6,0.7,0.30000000000000004,[0. 0.]
1717,1.0,1718,0,False,1.0,859.0,0.0,1,1,0,[0. 1.],[2 1],0.0,0,0.6,0.7,0.30000000000000004,[0. 0.]
1718,0.0,1719,1,False,0.0,860.0,1.0,1,0,2,[0. 1.],[2 1],0.0,0,0.6,0.7,0.30000000000000004,[0. 0.]
1719,1.0,1720,0,False,0.0,860.0,0.0,1,1,0,[1. 0.],[2 1],,0,0.6,0.7,0.30000000000000004,[0. 0.]
1720,0.0,1721,1,False,0.0,861.0,1.0,1,0,2,[1. 0.],[2 1],,0,0.6,0.7,0.30000000000000004,[0. 0.]
1721,1.0,1722,0,False,1.0,861.0,0.0,1,1,0,[0. 1.],[2 1],1.0,0,0.6,0.7,0.30000000000000004,[0. 0.]
1722,0.0,1723,1,False,0.0,862.0,2.0,1,0,2,[0. 1.],[2 1],1.0,0,0.6,0.7,0.30000000000000004,[0. 0.]
1723,2.0,1724,0,False,0.0,862.0,0.0,1,1,0,[1. 1.],[2 1],,0,0.6,0.7,0.30000000000000004,[0. 0.]
1724,0.0,1725,1,False,0.0,863.0,1.0,1,0,2,[1. 1.],[2 1],,0,0.6,0.7,0.30000000000000004,[0. 0.]
1725,1.0,1726,0,False,1.0,863.0,0.0,1,1,0,[1. 0.],[2 1],0.0,0,0.6,0.7,0.30000000000000004,[0. 0.]
1726,0.0,1727,1,False,0.0,864.0,1.0,1,0,2,[1. 0.],[2 1],0.0,0,0.6,0.7,0.30000000000000004,[0. 0.]
1727,1.0,1728,0,False,1.0,864.0,0.0,1,1,0,[1. 0.],[2 1],,0,0.6,0.7,0.30000000000000004,[0. 0.]
1728,0.0,1729,1,False,0.0,865.0,1.0,1,0,2,[1. 0.],[2 1],,0,0.6,0.7,0.30000000000000004,[0. 0.]
1729,1.0,1730,0,False,1.0,865.0,0.0,1,1,0,[1. 0.],[2 1],,0,0.6,0.7,0.30000000000000004,[0. 0.]
1730,0.0,1731,1,False,0.0,866.0,1.0,1,0,2,[1. 0.],[2 1],,0,0.6,0.7,0.30000000000000004,[0. 0.]
1731,1.0,1732,0,False,1.0,866.0,0.0,1,1,0,[0. 0.],[2 1],0.0,0,0.6,0.7,0.30000000000000004,[0. 0.]
1732,0.0,1733,1,False,0.0,867.0,1.0,1,0,2,[0. 0.],[2 1],0.0,0,0.6,0.7,0.30000000000000004,[0. 0.]
1733,1.0,1734,0,False,0.0,867.0,0.0,1,1,0,[1. 0.],[2 1],0.0,0,0.6,0.7,0.30000000000000004,[0. 0.]
1734,0.0,1735,1,False,0.0,868.0,1.0,1,0,2,[1. 0.],[2 1],0.0,0,0.6,0.7,0.30000000000000004,[0. 0.]
1735,1.0,1736,0,False,1.0,868.0,0.0,1,1,0,[1. 0.],[2 1],1.0,0,0.6,0.7,0.30000000000000004,[0. 0.]
1736,0.0,1737,1,False,0.0,869.0,2.0,1,0,2,[1. 0.],[2 1],1.0,0,0.6,0.7,0.30000000000000004,[0. 0.]
1737,2.0,1738,0,False,1.0,869.0,0.0,1,1,0,[1. 0.],[2 1],1.0,0,0.6,0.7,0.30000000000000004,[0. 0.]
1738,0.0,1739,1,False,0.0,870.0,2.0,1,0,2,[1. 0.],[2 1],1.0,0,0.6,0.7,0.30000000000000004,[0. 0.]
1739,2.0,1740,0,False,1.0,870.0,0.0,1,1,0,[1. 0.],[2 1],,0,0.6,0.7,0.30000000000000004,[0. 0.]
1740,0.0,1741,1,False,0.0,871.0,1.0,1,0,2,[1. 0.],[2 1],,0,0.6,0.7,0.30000000000000004,[0. 0.]
1741,1.0,1742,0,False,1.0,871.0,0.0,1,1,0,[1. 0.],[2 1],0.0,0,0.6,0.7,0.30000000000000004,[0. 0.]
1742,0.0,1743,1,False,0.0,872.0,1.0,1,0,2,[1. 0.],[2 1],0.0,0,0.6,0.7,0.30000000000000004,[0. 0.]
1743,1.0,1744,0,False,1.0,872.0,0.0,1,1,0,[0. 0.],[2 1],,0,0.6,0.7,0.30000000000000004,[0. 0.]
1744,0.0,1745,1,False,0.0,873.0,1.0,1,0,2,[0. 0.],[2 1],,0,0.6,0.7,0.30000000000000004,[0. 0.]
1745,1.0,1746,0,False,0.0,873.0,0.0,1,1,0,[0. 1.],[2 1],0.0,0,0.6,0.7,0.30000000000000004,[0. 0.]
1746,0.0,1747,1,False,0.0,874.0,1.0,1,0,2,[0. 1.],[2 1],0.0,0,0.6,0.7,0.30000000000000004,[0. 0.]
1747,1.0,1748,0,False,0.0,874.0,0.0,1,1,0,[1. 1.],[2 1],0.0,0,0.6,0.7,0.30000000000000004,[0. 0.]
1748,0.0,1749,1,False,0.0,875.0,1.0,1,0,1,[1. 1.],[2 1],0.0,0,0.6,0.7,0.30000000000000004,[0. 0.]
1749,1.0,1750,0,False,1.0,875.0,0.0,1,1,0,[1. 0.],[2 1],0.0,0,0.6,0.7,0.30000000000000004,[0. 0.]
1750,0.0,1751,1,False,0.0,876.0,1.0,1,0,1,[1. 0.],[2 1],0.0,0,0.6,0.7,0.30000000000000004,[0. 0.]
1751,1.0,1752,0,False,0.0,876.0,0.0,1,1,0,[1. 1.],[2 1],1.0,0,0.6,0.7,0.30000000000000004,[0. 0.]
1752,0.0,1753,1,False,0.0,877.0,2.0,1,0,1,[1. 1.],[2 1],1.0,0,0.6,0.7,0.30000000000000004,[0. 0.]
1753,2.0,1754,0,False,1.0,877.0,0.0,1,1,0,[0. 1.],[2 1],,0,0.6,0.7,0.30000000000000004,[0. 0.]
1754,0.0,1755,1,False,0.0,878.0,2.0,1,0,1,[0. 1.],[2 1],,0,0.6,0.7,0.30000000000000004,[0. 0.]
1755,2.0,1756,0,False,1.0,878.0,0.0,1,1,0,[1. 0.],[2 1],,0,0.6,0.7,0.30000000000000004,[0. 0.]
1756,0.0,1757,1,False,0.0,879.0,2.0,1,0,1,[1. 0.],[2 1],,0,0.6,0.7,0.30000000000000004,[0. 0.]
1757,2.0,1758,0,False,0.0,879.0,0.0,1,1,0,[0. 1.],[2 1],0.0,0,0.6,0.7,0.30000000000000004,[0. 0.]
1758,0.0,1759,1,False,0.0,880.0,1.0,1,0,1,[0. 1.],[2 1],0.0,0,0.6,0.7,0.30000000000000004,[0. 0.]
1759,1.0,1760,0,False,1.0,880.0,0.0,1,1,0,[0. 0.],[2 1],0.0,0,0.6,0.7,0.30000000000000004,[0. 0.]
1760,0.0,1761,1,False,0.0,881.0,1.0,1,0,1,[0. 0.],[2 1],0.0,0,0.6,0.7,0.30000000000000004,[0. 0.]
1761,1.0,1762,0,False,0.0,881.0,0.0,1,1,0,[0. 1.],[2 1],,0,0.6,0.7,0.30000000000000004,[0. 0.]
1762,0.0,1763,1,False,0.0,882.0,2.0,1,0,1,[0. 1.],[2 1],,0,0.6,0.7,0.30000000000000004,[0. 0.]
1763,2.0,1764,0,False,1.0,882.0,0.0,1,1,0,[1. 1.],[2 1],,0,0.6,0.7,0.30000000000000004,[0. 0.]
1764,0.0,1765,1,False,0.0,883.0,2.0,1,0,1,[1. 1.],[2 1],,0,0.6,0.7,0.30000000000000004,[0. 0.]
1765,2.0,1766,0,False,1.0,883.0,0.0,1,1,0,[0. 1.],[2 1],0.0,0,0.6,0.7,0.30000000000000004,[0. 0.]
1766,0.0,1767,1,False,0.0,884.0,1.0,1,0,1,[0. 1.],[2 1],0.0,0,0.6,0.7,0.30000000000000004,[0. 0.]
1767,1.0,1768,0,False,1.0,884.0,0.0,1,1,0,[0. 0.],[2 1],,0,0.6,0.7,0.30000000000000004,[0. 0.]
1768,0.0,1769,1,False,0.0,885.0,2.0,1,0,1,[0. 0.],[2 1],,0,0.6,0.7,0.30000000000000004,[0. 0.]
1769,2.0,1770,0,False,0.0,885.0,0.0,1,1,0,[0. 0.],[2 1],1.0,0,0.6,0.7,0.30000000000000004,[0. 0.]
1770,0.0,1771,1,False,0.0,886.0,2.0,1,0,1,[0. 0.],[2 1],1.0,0,0.6,0.7,0.30000000000000004,[0. 0.]
1771,2.0,1772,0,False,0.0,886.0,0.0,1,1,0,[1. 0.],[2 1],0.0,0,0.6,0.7,0.30000000000000004,[0. 0.]
1772,0.0,1773,1,False,0.0,887.0,1.0,1,0,1,[1. 0.],[2 1],0.0,0,0.6,0.7,0.30000000000000004,[0. 0.]
1773,1.0,1774,0,False,0.0,887.0,0.0,1,1,0,[1. 0.],[2 1],,0,0.6,0.7,0.30000000000000004,[0. 0.]
1774,0.0,1775,1,False,0.0,888.0,2.0,1,0,1,[1. 0.],[2 1],,0,0.6,0.7,0.30000000000000004,[0. 0.]
1775,2.0,1776,0,False,0.0,888.0,0.0,1,1,0,[1. 0.],[2 1],,0,0.6,0.7,0.30000000000000004,[0. 0.]
1776,0.0,1777,1,False,0.0,889.0,2.0,1,0,1,[1. 0.],[2 1],,0,0.6,0.7,0.30000000000000004,[0. 0.]
1777,2.0,1778,0,False,0.0,889.0,0.0,1,1,0,[0. 1.],[2 1],,0,0.6,0.7,0.30000000000000004,[0. 0.]
1778,0.0,1779,1,False,0.0,890.0,1.0,1,0,2,[0. 1.],[2 1],,0,0.6,0.7,0.30000000000000004,[0. 0.]
1779,1.0,1780,0,False,0.0,890.0,0.0,1,1,0,[0. 0.],[2 1],1.0,0,0.6,0.7,0.30000000000000004,[0. 0.]
1780,0.0,1781,1,False,0.0,891.0,2.0,1,0,1,[0. 0.],[2 1],1.0,0,0.6,0.7,0.30000000000000004,[0. 0.]
1781,2.0,1782,0,False,0.0,891.0,0.0,1,1,0,[1. 0.],[2 1],0.0,0,0.6,0.7,0.30000000000000004,[0. 0.]
1782,0.0,1783,1,False,0.0,892.0,1.0,1,0,1,[1. 0.],[2 1],0.0,0,0.6,0.7,0.30000000000000004,[0. 0.]
1783,1.0,1784,0,False,0.0,892.0,0.0,1,1,0,[0. 0.],[2 1],1.0,0,0.6,0.7,0.30000000000000004,[0. 0.]
1784,0.0,1785,1,False,0.0,893.0,2.0,1,0,2,[0. 0.],[2 1],1.0,0,0.6,0.7,0.30000000000000004,[0. 0.]
1785,2.0,1786,0,False,0.0,893.0,0.0,1,1,0,[1. 0.],[2 1],,0,0.6,0.7,0.30000000000000004,[0. 0.]
1786,0.0,1787,1,False,0.0,894.0,1.0,1,0,2,[1. 0.],[2 1],,0,0.6,0.7,0.30000000000000004,[0. 0.]
1787,1.0,1788,0,False,1.0,894.0,0.0,1,1,0,[1. 0.],[2 1],,0,0.6,0.7,0.30000000000000004,[0. 0.]
1788,0.0,1789,1,False,0.0,895.0,1.0,1,0,2,[1. 0.],[2 1],,0,0.6,0.7,0.30000000000000004,[0. 0.]
1789,1.0,1790,0,False,1.0,895.0,0.0,1,1,0,[1. 0.],[2 1],1.0,0,0.6,0.7,0.30000000000000004,[0. 0.]
1790,0.0,1791,1,False,0.0,896.0,2.0,1,0,2,[1. 0.],[2 1],1.0,0,0.6,0.7,0.30000000000000004,[0. 0.]
1791,2.0,1792,0,False,1.0,896.0,0.0,1,1,0,[1. 0.],[2 1],1.0,0,0.6,0.7,0.30000000000000004,[0. 0.]
1792,0.0,1793,1,False,0.0,897.0,2.0,1,0,2,[1. 0.],[2 1],1.0,0,0.6,0.7,0.30000000000000004,[0. 0.]
1793,2.0,1794,0,False,1.0,897.0,0.0,1,1,0,[1. 1.],[2 1],,0,0.6,0.7,0.30000000000000004,[0. 0.]
1794,0.0,1795,1,False,0.0,898.0,1.0,1,0,2,[1. 1.],[2 1],,0,0.6,0.7,0.30000000000000004,[0. 0.]
1795,1.0,1796,0,False,1.0,898.0,0.0,1,1,0,[1. 1.],[2 1],,0,0.6,0.7,0.30000000000000004,[0. 0.]
1796,0.0,1797,1,False,0.0,899.0,1.0,1,0,2,[1. 1.],[2 1],,0,0.6,0.7,0.30000000000000004,[0. 0.]
1797,1.0,1798,0,False,1.0,899.0,0.0,1,1,0,[1. 0.],[2 1],,0,0.6,0.7,0.30000000000000004,[0. 0.]
1798,0.0,1799,1,False,0.0,900.0,1.0,1,0,2,[1. 0.],[2 1],,0,0.6,0.7,0.30000000000000004,[0. 0.]
1799,1.0,1800,0,False,1.0,900.0,0.0,1,1,0,[1. 1.],[2 1],,0,0.6,0.7,0.30000000000000004,[0. 0.]
1800,0.0,1801,1,False,0.0,901.0,1.0,1,0,2,[1. 1.],[2 1],,0,0.6,0.7,0.30000000000000004,[0. 0.]
1801,1.0,1802,0,False,1.0,901.0,0.0,1,1,0,[0. 0.],[2 1],,0,0.6,0.7,0.30000000000000004,[0. 0.]
1802,0.0,1803,1,False,0.0,902.0,1.0,1,0,2,[0. 0.],[2 1],,0,0.6,0.7,0.30000000000000004,[0. 0.]
1803,1.0,1804,0,False,0.0,902.0,0.0,1,1,0,[1. 1.],[2 1],1.0,0,0.6,0.7,0.30000000000000004,[0. 0.]
1804,0.0,1805,1,False,0.0,903.0,2.0,1,0,2,[1. 1.],[2 1],1.0,0,0.6,0.7,0.30000000000000004,[0. 0.]
1805,2.0,1806,0,False,1.0,903.0,0.0,1,1,0,[1. 0.],[2 1],0.0,0,0.6,0.7,0.30000000000000004,[0. 0.]
1806,0.0,1807,1,False,0.0,904.0,1.0,1,0,2,[1. 0.],[2 1],0.0,0,0.6,0.7,0.30000000000000004,[0. 0.]
1807,1.0,1808,0,False,1.0,904.0,0.0,1,1,0,[1. 0.],[2 1],0.0,0,0.6,0.7,0.30000000000000004,[0. 0.]
1808,0.0,1809,1,False,0.0,905.0,1.0,1,0,2,[1. 0.],[2 1],0.0,0,0.6,0.7,0.30000000000000004,[0. 0.]
1809,1.0,1810,0,False,1.0,905.0,0.0,1,1,0,[1. 0.],[2 1],0.0,0,0.6,0.7,0.30000000000000004,[0. 0.]
1810,0.0,1811,1,False,0.0,906.0,1.0,1,0,2,[1. 0.],[2 1],0.0,0,0.6,0.7,0.30000000000000004,[0. 0.]
1811,1.0,1812,0,False,1.0,906.0,0.0,1,1,0,[1. 0.],[2 1],0.0,0,0.6,0.7,0.30000000000000004,[0. 0.]
1812,0.0,1813,1,False,0.0,907.0,1.0,1,0,2,[1. 0.],[2 1],0.0,0,0.6,0.7,0.30000000000000004,[0. 0.]
1813,1.0,1814,0,False,1.0,907.0,0.0,1,1,0,[0. 0.],[2 1],1.0,0,0.6,0.7,0.30000000000000004,[0. 0.]
1814,0.0,1815,1,False,0.0,908.0,2.0,1,0,2,[0. 0.],[2 1],1.0,0,0.6,0.7,0.30000000000000004,[0. 0.]
1815,2.0,1816,0,False,0.0,908.0,0.0,1,1,0,[1. 0.],[2 1],,0,0.6,0.7,0.30000000000000004,[0. 0.]
1816,0.0,1817,1,False,0.0,909.0,1.0,1,0,2,[1. 0.],[2 1],,0,0.6,0.7,0.30000000000000004,[0. 0.]
1817,1.0,1818,0,False,1.0,909.0,0.0,1,1,0,[1. 1.],[2 1],,0,0.6,0.7,0.30000000000000004,[0. 0.]
1818,0.0,1819,1,False,0.0,910.0,1.0,1,0,2,[1. 1.],[2 1],,0,0.6,0.7,0.30000000000000004,[0. 0.]
1819,1.0,1820,0,False,1.0,910.0,0.0,1,1,0,[1. 0.],[2 1],1.0,0,0.6,0.7,0.30000000000000004,[0. 0.]
1820,0.0,1821,1,False,0.0,911.0,2.0,1,0,2,[1. 0.],[2 1],1.0,0,0.6,0.7,0.30000000000000004,[0. 0.]
1821,2.0,1822,0,False,1.0,911.0,0.0,1,1,0,[0. 0.],[2 1],,0,0.6,0.7,0.30000000000000004,[0. 0.]
1822,0.0,1823,1,False,0.0,912.0,1.0,1,0,2,[0. 0.],[2 1],,0,0.6,0.7,0.30000000000000004,[0. 0.]
1823,1.0,1824,0,False,0.0,912.0,0.0,1,1,0,[1. 1.],[2 1],0.0,0,0.6,0.7,0.30000000000000004,[0. 0.]
1824,0.0,1825,1,False,0.0,913.0,1.0,1,0,2,[1. 1.],[2 1],0.0,0,0.6,0.7,0.30000000000000004,[0. 0.]
1825,1.0,1826,0,False,1.0,913.0,0.0,1,1,0,[1. 1.],[2 1],1.0,0,0.6,0.7,0.30000000000000004,[0. 0.]
1826,0.0,1827,1,False,0.0,914.0,2.0,1,0,2,[1. 1.],[2 1],1.0,0,0.6,0.7,0.30000000000000004,[0. 0.]
1827,2.0,1828,0,False,1.0,914.0,0.0,1,1,0,[1. 0.],[2 1],1.0,0,0.6,0.7,0.30000000000000004,[0. 0.]
1828,0.0,1829,1,False,0.0,915.0,2.0,1,0,2,[1. 0.],[2 1],1.0,0,0.6,0.7,0.30000000000000004,[0. 0.]
1829,2.0,1830,0,False,1.0,915.0,0.0,1,1,0,[1. 0.],[2 1],,0,0.6,0.7,0.30000000000000004,[0. 0.]
1830,0.0,1831,1,False,0.0,916.0,1.0,1,0,2,[1. 0.],[2 1],,0,0.6,0.7,0.30000000000000004,[0. 0.]
1831,1.0,1832,0,False,1.0,916.0,0.0,1,1,0,[1. 1.],[2 1],0.0,0,0.6,0.7,0.30000000000000004,[0. 0.]
1832,0.0,1833,1,False,0.0,917.0,1.0,1,0,2,[1. 1.],[2 1],0.0,0,0.6,0.7,0.30000000000000004,[0. 0.]
1833,1.0,1834,0,False,1.0,917.0,0.0,1,1,0,[1. 0.],[2 1],0.0,0,0.6,0.7,0.30000000000000004,[0. 0.]
1834,0.0,1835,1,False,0.0,918.0,1.0,1,0,2,[1. 0.],[2 1],0.0,0,0.6,0.7,0.30000000000000004,[0. 0.]
1835,1.0,1836,0,False,1.0,918.0,0.0,1,1,0,[1. 0.],[2 1],,0,0.6,0.7,0.30000000000000004,[0. 0.]
1836,0.0,1837,1,False,0.0,919.0,1.0,1,0,2,[1. 0.],[2 1],,0,0.6,0.7,0.30000000000000004,[0. 0.]
1837,1.0,1838,0,False,1.0,919.0,0.0,1,1,0,[1. 0.],[2 1],0.0,0,0.6,0.7,0.30000000000000004,[0. 0.]
1838,0.0,1839,1,False,0.0,920.0,1.0,1,0,2,[1. 0.],[2 1],0.0,0,0.6,0.7,0.30000000000000004,[0. 0.]
1839,1.0,1840,0,False,1.0,920.0,0.0,1,1,0,[0. 1.],[2 1],,0,0.6,0.7,0.30000000000000004,[0. 0.]
1840,0.0,1841,1,False,0.0,921.0,1.0,1,0,2,[0. 1.],[2 1],,0,0.6,0.7,0.30000000000000004,[0. 0.]
1841,1.0,1842,0,False,0.0,921.0,0.0,1,1,0,[1. 1.],[2 1],1.0,0,0.6,0.7,0.30000000000000004,[0. 0.]
1842,0.0,1843,1,False,0.0,922.0,2.0,1,0,2,[1. 1.],[2 1],1.0,0,0.6,0.7,0.30000000000000004,[0. 0.]
1843,2.0,1844,0,False,1.0,922.0,0.0,1,1,0,[1. 0.],[2 1],,0,0.6,0.7,0.30000000000000004,[0. 0.]
1844,0.0,1845,1,False,0.0,923.0,1.0,1,0,2,[1. 0.],[2 1],,0,0.6,0.7,0.30000000000000004,[0. 0.]
1845,1.0,1846,0,False,1.0,923.0,0.0,1,1,0,[0. 1.],[2 1],,0,0.6,0.7,0.30000000000000004,[0. 0.]
1846,0.0,1847,1,False,0.0,924.0,1.0,1,0,2,[0. 1.],[2 1],,0,0.6,0.7,0.30000000000000004,[0. 0.]
1847,1.0,1848,0,False,0.0,924.0,0.0,1,1,0,[1. 0.],[2 1],,0,0.6,0.7,0.30000000000000004,[0. 0.]
1848,0.0,1849,1,False,0.0,925.0,1.0,1,0,2,[1. 0.],[2 1],,0,0.6,0.7,0.30000000000000004,[0. 0.]
1849,1.0,1850,0,False,1.0,925.0,0.0,1,1,0,[1. 0.],[2 1],0.0,0,0.6,0.7,0.30000000000000004,[0. 0.]
1850,0.0,1851,1,False,0.0,926.0,1.0,1,0,2,[1. 0.],[2 1],0.0,0,0.6,0.7,0.30000000000000004,[0. 0.]
1851,1.0,1852,0,False,1.0,926.0,0.0,1,1,0,[1. 1.],[2 1],1.0,0,0.6,0.7,0.30000000000000004,[0. 0.]
1852,0.0,1853,1,False,0.0,927.0,2.0,1,0,2,[1. 1.],[2 1],1.0,0,0.6,0.7,0.30000000000000004,[0. 0.]
1853,2.0,1854,0,False,1.0,927.0,0.0,1,1,0,[1. 0.],[2 1],,0,0.6,0.7,0.30000000000000004,[0. 0.]
1854,0.0,1855,1,False,0.0,928.0,1.0,1,0,2,[1. 0.],[2 1],,0,0.6,0.7,0.30000000000000004,[0. 0.]
1855,1.0,1856,0,False,1.0,928.0,0.0,1,1,0,[1. 0.],[2 1],1.0,0,0.6,0.7,0.30000000000000004,[0. 0.]
1856,0.0,1857,1,False,0.0,929.0,2.0,1,0,2,[1. 0.],[2 1],1.0,0,0.6,0.7,0.30000000000000004,[0. 0.]
1857,2.0,1858,0,False,1.0,929.0,0.0,1,1,0,[1. 0.],[2 1],,0,0.6,0.7,0.30000000000000004,[0. 0.]
1858,0.0,1859,1,False,0.0,930.0,1.0,1,0,2,[1. 0.],[2 1],,0,0.6,0.7,0.30000000000000004,[0. 0.]
1859,1.0,1860,0,False,1.0,930.0,0.0,1,1,0,[1. 0.],[2 1],,0,0.6,0.7,0.30000000000000004,[0. 0.]
1860,0.0,1861,1,False,0.0,931.0,1.0,1,0,2,[1. 0.],[2 1],,0,0.6,0.7,0.30000000000000004,[0. 0.]
1861,1.0,1862,0,False,1.0,931.0,0.0,1,1,0,[1. 0.],[2 1],0.0,0,0.6,0.7,0.30000000000000004,[0. 0.]
1862,0.0,1863,1,False,0.0,932.0,1.0,1,0,2,[1. 0.],[2 1],0.0,0,0.6,0.7,0.30000000000000004,[0. 0.]
1863,1.0,1864,0,False,1.0,932.0,0.0,1,1,0,[1. 1.],[2 1],,0,0.6,0.7,0.30000000000000004,[0. 0.]
1864,0.0,1865,1,False,0.0,933.0,1.0,1,0,2,[1. 1.],[2 1],,0,0.6,0.7,0.30000000000000004,[0. 0.]
1865,1.0,1866,0,False,1.0,933.0,0.0,1,1,0,[1. 0.],[2 1],1.0,0,0.6,0.7,0.30000000000000004,[0. 0.]
1866,0.0,1867,1,False,0.0,934.0,2.0,1,0,2,[1. 0.],[2 1],1.0,0,0.6,0.7,0.30000000000000004,[0. 0.]
1867,2.0,1868,0,False,1.0,934.0,0.0,1,1,0,[1. 1.],[2 1],0.0,0,0.6,0.7,0.30000000000000004,[0. 0.]
1868,0.0,1869,1,False,0.0,935.0,1.0,1,0,2,[1. 1.],[2 1],0.0,0,0.6,0.7,0.30000000000000004,[0. 0.]
1869,1.0,1870,0,False,1.0,935.0,0.0,1,1,0,[1. 1.],[2 1],,0,0.6,0.7,0.30000000000000004,[0. 0.]
1870,0.0,1871,1,False,0.0,936.0,1.0,1,0,2,[1. 1.],[2 1],,0,0.6,0.7,0.30000000000000004,[0. 0.]
1871,1.0,1872,0,False,1.0,936.0,0.0,1,1,0,[1. 0.],[2 1],,0,0.6,0.7,0.30000000000000004,[0. 0.]
1872,0.0,1873,1,False,0.0,937.0,1.0,1,0,2,[1. 0.],[2 1],,0,0.6,0.7,0.30000000000000004,[0. 0.]
1873,1.0,1874,0,False,1.0,937.0,0.0,1,1,0,[1. 0.],[2 1],1.0,0,0.6,0.7,0.30000000000000004,[0. 0.]
1874,0.0,1875,1,False,0.0,938.0,2.0,1,0,2,[1. 0.],[2 1],1.0,0,0.6,0.7,0.30000000000000004,[0. 0.]
1875,2.0,1876,0,False,1.0,938.0,0.0,1,1,0,[1. 1.],[2 1],,0,0.6,0.7,0.30000000000000004,[0. 0.]
1876,0.0,1877,1,False,0.0,939.0,1.0,1,0,2,[1. 1.],[2 1],,0,0.6,0.7,0.30000000000000004,[0. 0.]
1877,1.0,1878,0,False,1.0,939.0,0.0,1,1,0,[0. 0.],[2 1],,0,0.6,0.7,0.30000000000000004,[0. 0.]
1878,0.0,1879,1,False,0.0,940.0,1.0,1,0,2,[0. 0.],[2 1],,0,0.6,0.7,0.30000000000000004,[0. 0.]
1879,1.0,1880,0,False,0.0,940.0,0.0,1,1,0,[1. 1.],[2 1],,0,0.6,0.7,0.30000000000000004,[0. 0.]
1880,0.0,1881,1,False,0.0,941.0,1.0,1,0,2,[1. 1.],[2 1],,0,0.6,0.7,0.30000000000000004,[0. 0.]
1881,1.0,1882,0,False,1.0,941.0,0.0,1,1,0,[0. 0.],[2 1],,0,0.6,0.7,0.30000000000000004,[0. 0.]
1882,0.0,1883,1,False,0.0,942.0,1.0,1,0,2,[0. 0.],[2 1],,0,0.6,0.7,0.30000000000000004,[0. 0.]
1883,1.0,1884,0,False,0.0,942.0,0.0,1,1,0,[1. 1.],[2 1],0.0,1,0.6,0.7,0.30000000000000004,[0. 0.]
1884,0.0,1885,1,False,0.0,943.0,1.0,1,0,2,[1. 1.],[2 1],0.0,1,0.6,0.7,0.30000000000000004,[0. 0.]
1885,1.0,1886,0,False,1.0,943.0,0.0,1,1,0,[0. 1.],[2 1],1.0,1,0.6,0.7,0.30000000000000004,[0. 0.]
1886,0.0,1887,1,False,0.0,944.0,2.0,1,0,2,[0. 1.],[2 1],1.0,1,0.6,0.7,0.30000000000000004,[0. 0.]
1887,2.0,1888,0,False,0.0,944.0,0.0,1,1,0,[0. 1.],[2 1],,1,0.6,0.7,0.30000000000000004,[0. 0.]
1888,0.0,1889,1,False,0.0,945.0,1.0,1,0,2,[0. 1.],[2 1],,1,0.6,0.7,0.30000000000000004,[0. 0.]
1889,1.0,1890,0,False,0.0,945.0,0.0,1,1,0,[0. 1.],[2 1],0.0,1,0.6,0.7,0.30000000000000004,[0. 0.]
1890,0.0,1891,1,False,0.0,946.0,1.0,1,0,2,[0. 1.],[2 1],0.0,1,0.6,0.7,0.30000000000000004,[0. 0.]
1891,1.0,1892,0,False,0.0,946.0,0.0,1,1,0,[0. 0.],[2 1],0.0,1,0.6,0.7,0.30000000000000004,[0. 0.]
1892,0.0,1893,1,False,0.0,947.0,1.0,1,0,1,[0. 0.],[2 1],0.0,1,0.6,0.7,0.30000000000000004,[0. 0.]
1893,1.0,1894,0,False,0.0,947.0,0.0,1,1,0,[1. 1.],[2 1],,1,0.6,0.7,0.30000000000000004,[0. 0.]
1894,0.0,1895,1,False,0.0,948.0,1.0,1,0,2,[1. 1.],[2 1],,1,0.6,0.7,0.30000000000000004,[0. 0.]
1895,1.0,1896,0,False,1.0,948.0,0.0,1,1,0,[0. 1.],[2 1],1.0,1,0.6,0.7,0.30000000000000004,[0. 0.]
1896,0.0,1897,1,False,0.0,949.0,2.0,1,0,2,[0. 1.],[2 1],1.0,1,0.6,0.7,0.30000000000000004,[0. 0.]
1897,2.0,1898,0,False,0.0,949.0,0.0,1,1,0,[1. 0.],[2 1],,1,0.6,0.7,0.30000000000000004,[0. 0.]
1898,0.0,1899,1,False,0.0,950.0,2.0,1,0,1,[1. 0.],[2 1],,1,0.6,0.7,0.30000000000000004,[0. 0.]
1899,2.0,1900,0,False,0.0,950.0,0.0,1,1,0,[1. 1.],[2 1],,1,0.6,0.7,0.30000000000000004,[0. 0.]
1900,0.0,1901,1,False,0.0,951.0,1.0,1,0,2,[1. 1.],[2 1],,1,0.6,0.7,0.30000000000000004,[0. 0.]
1901,1.0,1902,0,False,1.0,951.0,0.0,1,1,0,[0. 1.],[2 1],0.0,1,0.6,0.7,0.30000000000000004,[0. 0.]
1902,0.0,1903,1,False,0.0,952.0,1.0,1,0,2,[0. 1.],[2 1],0.0,1,0.6,0.7,0.30000000000000004,[0. 0.]
1903,1.0,1904,0,False,0.0,952.0,0.0,1,1,0,[0. 0.],[2 1],1.0,1,0.6,0.7,0.30000000000000004,[0. 0.]
1904,0.0,1905,1,False,0.0,953.0,2.0,1,0,2,[0. 0.],[2 1],1.0,1,0.6,0.7,0.30000000000000004,[0. 0.]
1905,2.0,1906,0,False,0.0,953.0,0.0,1,1,0,[0. 1.],[2 1],0.0,1,0.6,0.7,0.30000000000000004,[0. 0.]
1906,0.0,1907,1,False,0.0,954.0,1.0,1,0,1,[0. 1.],[2 1],0.0,1,0.6,0.7,0.30000000000000004,[0. 0.]
1907,1.0,1908,0,False,1.0,954.0,0.0,1,1,0,[1. 1.],[2 1],0.0,1,0.6,0.7,0.30000000000000004,[0. 0.]
1908,0.0,1909,1,False,0.0,955.0,1.0,1,0,1,[1. 1.],[2 1],0.0,1,0.6,0.7,0.30000000000000004,[0. 0.]
1909,1.0,1910,0,False,1.0,955.0,0.0,1,1,0,[0. 1.],[2 1],0.0,1,0.6,0.7,0.30000000000000004,[0. 0.]
1910,0.0,1911,1,False,0.0,956.0,1.0,1,0,1,[0. 1.],[2 1],0.0,1,0.6,0.7,0.30000000000000004,[0. 0.]
1911,1.0,1912,0,False,1.0,956.0,0.0,1,1,0,[0. 1.],[2 1],1.0,1,0.6,0.7,0.30000000000000004,[0. 0.]
1912,0.0,1913,1,False,0.0,957.0,2.0,1,0,1,[0. 1.],[2 1],1.0,1,0.6,0.7,0.30000000000000004,[0. 0.]
1913,2.0,1914,0,False,1.0,957.0,0.0,1,1,0,[1. 1.],[2 1],0.0,1,0.6,0.7,0.30000000000000004,[0. 0.]
1914,0.0,1915,1,False,0.0,958.0,1.0,1,0,1,[1. 1.],[2 1],0.0,1,0.6,0.7,0.30000000000000004,[0. 0.]
1915,1.0,1916,0,False,1.0,958.0,0.0,1,1,0,[1. 1.],[2 1],,1,0.6,0.7,0.30000000000000004,[0. 0.]
1916,0.0,1917,1,False,0.0,959.0,2.0,1,0,1,[1. 1.],[2 1],,1,0.6,0.7,0.30000000000000004,[0. 0.]
1917,2.0,1918,0,False,1.0,959.0,0.0,1,1,0,[0. 1.],[2 1],,1,0.6,0.7,0.30000000000000004,[0. 0.]
1918,0.0,1919,1,False,0.0,960.0,2.0,1,0,1,[0. 1.],[2 1],,1,0.6,0.7,0.30000000000000004,[0. 0.]
1919,2.0,1920,0,False,1.0,960.0,0.0,1,1,0,[0. 1.],[2 1],0.0,1,0.6,0.7,0.30000000000000004,[0. 0.]
1920,0.0,1921,1,False,0.0,961.0,1.0,1,0,1,[0. 1.],[2 1],0.0,1,0.6,0.7,0.30000000000000004,[0. 0.]
1921,1.0,1922,0,False,1.0,961.0,0.0,1,1,0,[0. 1.],[2 1],0.0,1,0.6,0.7,0.30000000000000004,[0. 0.]
1922,0.0,1923,1,False,0.0,962.0,1.0,1,0,1,[0. 1.],[2 1],0.0,1,0.6,0.7,0.30000000000000004,[0. 0.]
1923,1.0,1924,0,False,1.0,962.0,0.0,1,1,0,[0. 1.],[2 1],0.0,1,0.6,0.7,0.30000000000000004,[0. 0.]
1924,0.0,1925,1,False,0.0,963.0,1.0,1,0,1,[0. 1.],[2 1],0.0,1,0.6,0.7,0.30000000000000004,[0. 0.]
1925,1.0,1926,0,False,1.0,963.0,0.0,1,1,0,[0. 1.],[2 1],1.0,1,0.6,0.7,0.30000000000000004,[0. 0.]
1926,0.0,1927,1,False,0.0,964.0,2.0,1,0,1,[0. 1.],[2 1],1.0,1,0.6,0.7,0.30000000000000004,[0. 0.]
1927,2.0,1928,0,False,1.0,964.0,0.0,1,1,0,[0. 0.],[2 1],,1,0.6,0.7,0.30000000000000004,[0. 0.]
1928,0.0,1929,1,False,0.0,965.0,2.0,1,0,1,[0. 0.],[2 1],,1,0.6,0.7,0.30000000000000004,[0. 0.]
1929,2.0,1930,0,False,0.0,965.0,0.0,1,1,0,[0. 1.],[2 1],0.0,1,0.6,0.7,0.30000000000000004,[0. 0.]
1930,0.0,1931,1,False,0.0,966.0,1.0,1,0,1,[0. 1.],[2 1],0.0,1,0.6,0.7,0.30000000000000004,[0. 0.]
1931,1.0,1932,0,False,1.0,966.0,0.0,1,1,0,[0. 1.],[2 1],0.0,1,0.6,0.7,0.30000000000000004,[0. 0.]
1932,0.0,1933,1,False,0.0,967.0,1.0,1,0,1,[0. 1.],[2 1],0.0,1,0.6,0.7,0.30000000000000004,[0. 0.]
1933,1.0,1934,0,False,1.0,967.0,0.0,1,1,0,[0. 0.],[2 1],1.0,1,0.6,0.7,0.30000000000000004,[0. 0.]
1934,0.0,1935,1,False,0.0,968.0,2.0,1,0,1,[0. 0.],[2 1],1.0,1,0.6,0.7,0.30000000000000004,[0. 0.]
1935,2.0,1936,0,False,0.0,968.0,0.0,1,1,0,[0. 1.],[2 1],0.0,1,0.6,0.7,0.30000000000000004,[0. 0.]
1936,0.0,1937,1,False,0.0,969.0,1.0,1,0,1,[0. 1.],[2 1],0.0,1,0.6,0.7,0.30000000000000004,[0. 0.]
1937,1.0,1938,0,False,1.0,969.0,0.0,1,1,0,[0. 0.],[2 1],,1,0.6,0.7,0.30000000000000004,[0. 0.]
1938,0.0,1939,1,False,0.0,970.0,2.0,1,0,1,[0. 0.],[2 1],,1,0.6,0.7,0.30000000000000004,[0. 0.]
1939,2.0,1940,0,False,0.0,970.0,0.0,1,1,0,[0. 1.],[2 1],1.0,1,0.6,0.7,0.30000000000000004,[0. 0.]
1940,0.0,1941,1,False,0.0,971.0,2.0,1,0,1,[0. 1.],[2 1],1.0,1,0.6,0.7,0.30000000000000004,[0. 0.]
1941,2.0,1942,0,False,1.0,971.0,0.0,1,1,0,[0. 1.],[2 1],0.0,1,0.6,0.7,0.30000000000000004,[0. 0.]
1942,0.0,1943,1,False,0.0,972.0,1.0,1,0,1,[0. 1.],[2 1],0.0,1,0.6,0.7,0.30000000000000004,[0. 0.]
1943,1.0,1944,0,False,1.0,972.0,0.0,1,1,0,[0. 1.],[2 1],1.0,1,0.6,0.7,0.30000000000000004,[0. 0.]
1944,0.0,1945,1,False,0.0,973.0,2.0,1,0,1,[0. 1.],[2 1],1.0,1,0.6,0.7,0.30000000000000004,[0. 0.]
1945,2.0,1946,0,False,1.0,973.0,0.0,1,1,0,[0. 1.],[2 1],0.0,1,0.6,0.7,0.30000000000000004,[0. 0.]
1946,0.0,1947,1,False,0.0,974.0,1.0,1,0,1,[0. 1.],[2 1],0.0,1,0.6,0.7,0.30000000000000004,[0. 0.]
1947,1.0,1948,0,False,1.0,974.0,0.0,1,1,0,[1. 0.],[2 1],,1,0.6,0.7,0.30000000000000004,[0. 0.]
1948,0.0,1949,1,False,0.0,975.0,2.0,1,0,1,[1. 0.],[2 1],,1,0.6,0.7,0.30000000000000004,[0. 0.]
1949,2.0,1950,0,False,0.0,975.0,0.0,1,1,0,[0. 0.],[2 1],1.0,1,0.6,0.7,0.30000000000000004,[0. 0.]
1950,0.0,1951,1,False,0.0,976.0,2.0,1,0,1,[0. 0.],[2 1],1.0,1,0.6,0.7,0.30000000000000004,[0. 0.]
1951,2.0,1952,0,False,0.0,976.0,0.0,1,1,0,[0. 1.],[2 1],1.0,1,0.6,0.7,0.30000000000000004,[0. 0.]
1952,0.0,1953,1,False,0.0,977.0,2.0,1,0,2,[0. 1.],[2 1],1.0,1,0.6,0.7,0.30000000000000004,[0. 0.]
1953,2.0,1954,0,False,0.0,977.0,0.0,1,1,0,[0. 1.],[2 1],,1,0.6,0.7,0.30000000000000004,[0. 0.]
1954,0.0,1955,1,False,0.0,978.0,2.0,1,0,1,[0. 1.],[2 1],,1,0.6,0.7,0.30000000000000004,[0. 0.]
1955,2.0,1956,0,False,1.0,978.0,0.0,1,1,0,[0. 1.],[2 1],,1,0.6,0.7,0.30000000000000004,[0. 0.]
1956,0.0,1957,1,False,0.0,979.0,2.0,1,0,1,[0. 1.],[2 1],,1,0.6,0.7,0.30000000000000004,[0. 0.]
1957,2.0,1958,0,False,1.0,979.0,0.0,1,1,0,[0. 1.],[2 1],,1,0.6,0.7,0.30000000000000004,[0. 0.]
1958,0.0,1959,1,False,0.0,980.0,2.0,1,0,1,[0. 1.],[2 1],,1,0.6,0.7,0.30000000000000004,[0. 0.]
1959,2.0,1960,0,False,1.0,980.0,0.0,1,1,0,[0. 0.],[2 1],1.0,1,0.6,0.7,0.30000000000000004,[0. 0.]
1960,0.0,1961,1,False,0.0,981.0,2.0,1,0,1,[0. 0.],[2 1],1.0,1,0.6,0.7,0.30000000000000004,[0. 0.]
1961,2.0,1962,0,False,0.0,981.0,0.0,1,1,0,[0. 1.],[2 1],,1,0.6,0.7,0.30000000000000004,[0. 0.]
1962,0.0,1963,1,False,0.0,982.0,2.0,1,0,1,[0. 1.],[2 1],,1,0.6,0.7,0.30000000000000004,[0. 0.]
1963,2.0,1964,0,False,1.0,982.0,0.0,1,1,0,[0. 1.],[2 1],,1,0.6,0.7,0.30000000000000004,[0. 0.]
1964,0.0,1965,1,False,0.0,983.0,2.0,1,0,1,[0. 1.],[2 1],,1,0.6,0.7,0.30000000000000004,[0. 0.]
1965,2.0,1966,0,False,1.0,983.0,0.0,1,1,0,[1. 1.],[2 1],1.0,1,0.6,0.7,0.30000000000000004,[0. 0.]
1966,0.0,1967,1,False,0.0,984.0,2.0,1,0,1,[1. 1.],[2 1],1.0,1,0.6,0.7,0.30000000000000004,[0. 0.]
1967,2.0,1968,0,False,1.0,984.0,0.0,1,1,0,[1. 0.],[2 1],0.0,0,0.6,0.7,0.30000000000000004,[0. 0.]
1968,0.0,1969,1,False,0.0,985.0,1.0,1,0,1,[1. 0.],[2 1],0.0,0,0.6,0.7,0.30000000000000004,[0. 0.]
1969,1.0,1970,0,False,0.0,985.0,0.0,1,1,0,[0. 1.],[2 1],,0,0.6,0.7,0.30000000000000004,[0. 0.]
1970,0.0,1971,1,False,0.0,986.0,2.0,1,0,1,[0. 1.],[2 1],,0,0.6,0.7,0.30000000000000004,[0. 0.]
1971,2.0,1972,0,False,1.0,986.0,0.0,1,1,0,[1. 1.],[2 1],,0,0.6,0.7,0.30000000000000004,[0. 0.]
1972,0.0,1973,1,False,0.0,987.0,2.0,1,0,1,[1. 1.],[2 1],,0,0.6,0.7,0.30000000000000004,[0. 0.]
1973,2.0,1974,0,False,1.0,987.0,0.0,1,1,0,[1. 0.],[2 1],1.0,0,0.6,0.7,0.30000000000000004,[0. 0.]
1974,0.0,1975,1,False,0.0,988.0,2.0,1,0,1,[1. 0.],[2 1],1.0,0,0.6,0.7,0.30000000000000004,[0. 0.]
1975,2.0,1976,0,False,0.0,988.0,0.0,1,1,0,[1. 0.],[2 1],1.0,0,0.6,0.7,0.30000000000000004,[0. 0.]
1976,0.0,1977,1,False,0.0,989.0,2.0,1,0,1,[1. 0.],[2 1],1.0,0,0.6,0.7,0.30000000000000004,[0. 0.]
1977,2.0,1978,0,False,0.0,989.0,0.0,1,1,0,[1. 1.],[2 1],,0,0.6,0.7,0.30000000000000004,[0. 0.]
1978,0.0,1979,1,False,0.0,990.0,2.0,1,0,1,[1. 1.],[2 1],,0,0.6,0.7,0.30000000000000004,[0. 0.]
1979,2.0,1980,0,False,1.0,990.0,0.0,1,1,0,[1. 1.],[2 1],1.0,0,0.6,0.7,0.30000000000000004,[0. 0.]
1980,0.0,1981,1,False,0.0,991.0,2.0,1,0,1,[1. 1.],[2 1],1.0,0,0.6,0.7,0.30000000000000004,[0. 0.]
1981,2.0,1982,0,False,1.0,991.0,0.0,1,1,0,[1. 1.],[2 1],1.0,0,0.6,0.7,0.30000000000000004,[0. 0.]
1982,0.0,1983,1,False,0.0,992.0,2.0,1,0,1,[1. 1.],[2 1],1.0,0,0.6,0.7,0.30000000000000004,[0. 0.]
1983,2.0,1984,0,False,1.0,992.0,0.0,1,1,0,[0. 0.],[2 1],1.0,0,0.6,0.7,0.30000000000000004,[0. 0.]
1984,0.0,1985,1,False,0.0,993.0,2.0,1,0,1,[0. 0.],[2 1],1.0,0,0.6,0.7,0.30000000000000004,[0. 0.]
1985,2.0,1986,0,False,0.0,993.0,0.0,1,1,0,[1. 1.],[2 1],0.0,0,0.6,0.7,0.30000000000000004,[0. 0.]
1986,0.0,1987,1,False,0.0,994.0,1.0,1,0,1,[1. 1.],[2 1],0.0,0,0.6,0.7,0.30000000000000004,[0. 0.]
1987,1.0,1988,0,False,1.0,994.0,0.0,1,1,0,[1. 0.],[2 1],,0,0.6,0.7,0.30000000000000004,[0. 0.]
1988,0.0,1989,1,False,0.0,995.0,2.0,1,0,1,[1. 0.],[2 1],,0,0.6,0.7,0.30000000000000004,[0. 0.]
1989,2.0,1990,0,False,0.0,995.0,0.0,1,1,0,[1. 1.],[2 1],,0,0.6,0.7,0.30000000000000004,[0. 0.]
1990,0.0,1991,1,False,0.0,996.0,2.0,1,0,1,[1. 1.],[2 1],,0,0.6,0.7,0.30000000000000004,[0. 0.]
1991,2.0,1992,0,False,1.0,996.0,0.0,1,1,0,[1. 0.],[2 1],0.0,0,0.6,0.7,0.30000000000000004,[0. 0.]
1992,0.0,1993,1,False,0.0,997.0,1.0,1,0,1,[1. 0.],[2 1],0.0,0,0.6,0.7,0.30000000000000004,[0. 0.]
1993,1.0,1994,0,False,0.0,997.0,0.0,1,1,0,[0. 1.],[2 1],,1,0.6,0.7,0.30000000000000004,[0. 0.]
1994,0.0,1995,1,False,0.0,998.0,2.0,1,0,1,[0. 1.],[2 1],,1,0.6,0.7,0.30000000000000004,[0. 0.]
1995,2.0,1996,0,False,1.0,998.0,0.0,1,1,0,[0. 1.],[2 1],0.0,1,0.6,0.7,0.30000000000000004,[0. 0.]
1996,0.0,1997,1,False,0.0,999.0,1.0,1,0,1,[0. 1.],[2 1],0.0,1,0.6,0.7,0.30000000000000004,[0. 0.]
1997,1.0,1998,0,False,1.0,999.0,0.0,1,1,0,[0. 1.],[2 1],,1,0.6,0.7,0.30000000000000004,[0. 0.]
1998,0.0,1999,1,False,0.0,1000.0,2.0,1,0,1,[0. 1.],[2 1],,1,0.6,0.7,0.30000000000000004,[0. 0.]
1999,2.0,2000,0,True,1.0,1000.0,0.0,1,1,0,[1. 1.],[2 1],1.0,1,0.6,0.7,0.30000000000000004,[0. 0.]
0,0.0,1,1,False,0.0,1.0,1.0,1,0,1,[1. 0.],[1 2],,0,0.6,0.7,0.30000000000000004,[1. 1.]
1,1.0,2,0,False,1.0,1.0,0.0,1,1,0,[0. 0.],[1 2],,0,0.6,0.7,0.30000000000000004,[1. 1.]
2,0.0,3,1,False,0.0,2.0,1.0,1,0,1,[0. 0.],[1 2],,0,0.6,0.7,0.30000000000000004,[1. 1.]
3,1.0,4,0,False,0.0,2.0,0.0,1,1,0,[1. 1.],[1 2],0.0,0,0.6,0.7,0.30000000000000004,[1. 1.]
4,0.0,5,1,False,0.0,3.0,1.0,1,0,1,[1. 1.],[1 2],0.0,0,0.6,0.7,0.30000000000000004,[1. 1.]
5,1.0,6,0,False,1.0,3.0,0.0,1,1,0,[1. 1.],[1 2],0.0,0,0.6,0.7,0.30000000000000004,[1. 1.]
6,0.0,7,1,False,0.0,4.0,1.0,1,0,1,[1. 1.],[1 2],0.0,0,0.6,0.7,0.30000000000000004,[1. 1.]
7,1.0,8,0,False,1.0,4.0,0.0,1,1,0,[1. 0.],[1 2],0.0,0,0.6,0.7,0.30000000000000004,[1. 1.]
8,0.0,9,1,False,0.0,5.0,1.0,1,0,1,[1. 0.],[1 2],0.0,0,0.6,0.7,0.30000000000000004,[1. 1.]
9,1.0,10,0,False,1.0,5.0,0.0,1,1,0,[1. 0.],[1 2],,0,0.6,0.7,0.30000000000000004,[1. 1.]
10,0.0,11,1,False,0.0,6.0,1.0,1,0,1,[1. 0.],[1 2],,0,0.6,0.7,0.30000000000000004,[1. 1.]
11,1.0,12,0,False,1.0,6.0,0.0,1,1,0,[1. 0.],[1 2],,0,0.6,0.7,0.30000000000000004,[1. 1.]
12,0.0,13,1,False,0.0,7.0,1.0,1,0,1,[1. 0.],[1 2],,0,0.6,0.7,0.30000000000000004,[1. 1.]
13,1.0,14,0,False,1.0,7.0,0.0,1,1,0,[1. 0.],[1 2],,0,0.6,0.7,0.30000000000000004,[1. 1.]
14,0.0,15,1,False,0.0,8.0,1.0,1,0,1,[1. 0.],[1 2],,0,0.6,0.7,0.30000000000000004,[1. 1.]
15,1.0,16,0,False,1.0,8.0,0.0,1,1,0,[1. 0.],[1 2],0.0,0,0.6,0.7,0.30000000000000004,[1. 1.]
16,0.0,17,1,False,0.0,9.0,1.0,1,0,1,[1. 0.],[1 2],0.0,0,0.6,0.7,0.30000000000000004,[1. 1.]
17,1.0,18,0,False,1.0,9.0,0.0,1,1,0,[1. 0.],[1 2],0.0,0,0.6,0.7,0.30000000000000004,[1. 1.]
18,0.0,19,1,False,0.0,10.0,1.0,1,0,1,[1. 0.],[1 2],0.0,0,0.6,0.7,0.30000000000000004,[1. 1.]
19,1.0,20,0,False,1.0,10.0,0.0,1,1,0,[0. 0.],[1 2],1.0,0,0.6,0.7,0.30000000000000004,[1. 1.]
20,0.0,21,1,False,0.0,11.0,2.0,1,0,1,[0. 0.],[1 2],1.0,0,0.6,0.7,0.30000000000000004,[1. 1.]
21,2.0,22,0,False,0.0,11.0,0.0,1,1,0,[1. 0.],[1 2],1.0,0,0.6,0.7,0.30000000000000004,[1. 1.]
22,0.0,23,1,False,0.0,12.0,2.0,1,0,1,[1. 0.],[1 2],1.0,0,0.6,0.7,0.30000000000000004,[1. 1.]
23,2.0,24,0,False,1.0,12.0,0.0,1,1,0,[1. 0.],[1 2],1.0,0,0.6,0.7,0.30000000000000004,[1. 1.]
24,0.0,25,1,False,0.0,13.0,2.0,1,0,1,[1. 0.],[1 2],1.0,0,0.6,0.7,0.30000000000000004,[1. 1.]
25,2.0,26,0,False,1.0,13.0,0.0,1,1,0,[1. 1.],[1 2],1.0,0,0.6,0.7,0.30000000000000004,[1. 1.]
26,0.0,27,1,False,0.0,14.0,2.0,1,0,1,[1. 1.],[1 2],1.0,0,0.6,0.7,0.30000000000000004,[1. 1.]
27,2.0,28,0,False,1.0,14.0,0.0,1,1,0,[1. 1.],[1 2],1.0,0,0.6,0.7,0.30000000000000004,[1. 1.]
28,0.0,29,1,False,0.0,15.0,2.0,1,0,1,[1. 1.],[1 2],1.0,0,0.6,0.7,0.30000000000000004,[1. 1.]
29,2.0,30,0,False,1.0,15.0,0.0,1,1,0,[1. 0.],[1 2],,0,0.6,0.7,0.30000000000000004,[1. 1.]
30,0.0,31,1,False,0.0,16.0,1.0,1,0,1,[1. 0.],[1 2],,0,0.6,0.7,0.30000000000000004,[1. 1.]
31,1.0,32,0,False,1.0,16.0,0.0,1,1,0,[1. 0.],[1 2],1.0,0,0.6,0.7,0.30000000000000004,[1. 1.]
32,0.0,33,1,False,0.0,17.0,2.0,1,0,1,[1. 0.],[1 2],1.0,0,0.6,0.7,0.30000000000000004,[1. 1.]
33,2.0,34,0,False,1.0,17.0,0.0,1,1,0,[1. 0.],[1 2],,0,0.6,0.7,0.30000000000000004,[1. 1.]
34,0.0,35,1,False,0.0,18.0,1.0,1,0,1,[1. 0.],[1 2],,0,0.6,0.7,0.30000000000000004,[1. 1.]
35,1.0,36,0,False,1.0,18.0,0.0,1,1,0,[0. 0.],[1 2],,0,0.6,0.7,0.30000000000000004,[1. 1.]
36,0.0,37,1,False,0.0,19.0,1.0,1,0,1,[0. 0.],[1 2],,0,0.6,0.7,0.30000000000000004,[1. 1.]
37,1.0,38,0,False,0.0,19.0,0.0,1,1,0,[0. 1.],[1 2],,0,0.6,0.7,0.30000000000000004,[1. 1.]
38,0.0,39,1,False,0.0,20.0,1.0,1,0,1,[0. 1.],[1 2],,0,0.6,0.7,0.30000000000000004,[1. 1.]
39,1.0,40,0,False,0.0,20.0,0.0,1,1,0,[0. 0.],[1 2],0.0,0,0.6,0.7,0.30000000000000004,[1. 1.]
40,0.0,41,1,False,0.0,21.0,1.0,1,0,2,[0. 0.],[1 2],0.0,0,0.6,0.7,0.30000000000000004,[1. 1.]
41,1.0,42,0,False,0.0,21.0,0.0,1,1,0,[1. 0.],[1 2],,0,0.6,0.7,0.30000000000000004,[1. 1.]
42,0.0,43,1,False,0.0,22.0,1.0,1,0,1,[1. 0.],[1 2],,0,0.6,0.7,0.30000000000000004,[1. 1.]
43,1.0,44,0,False,1.0,22.0,0.0,1,1,0,[1. 0.],[1 2],0.0,0,0.6,0.7,0.30000000000000004,[1. 1.]
44,0.0,45,1,False,0.0,23.0,1.0,1,0,1,[1. 0.],[1 2],0.0,0,0.6,0.7,0.30000000000000004,[1. 1.]
45,1.0,46,0,False,1.0,23.0,0.0,1,1,0,[1. 1.],[1 2],1.0,0,0.6,0.7,0.30000000000000004,[1. 1.]
46,0.0,47,1,False,0.0,24.0,2.0,1,0,1,[1. 1.],[1 2],1.0,0,0.6,0.7,0.30000000000000004,[1. 1.]
47,2.0,48,0,False,1.0,24.0,0.0,1,1,0,[1. 1.],[1 2],0.0,0,0.6,0.7,0.30000000000000004,[1. 1.]
48,0.0,49,1,False,0.0,25.0,1.0,1,0,1,[1. 1.],[1 2],0.0,0,0.6,0.7,0.30000000000000004,[1. 1.]
49,1.0,50,0,False,1.0,25.0,0.0,1,1,0,[0. 1.],[1 2],0.0,0,0.6,0.7,0.30000000000000004,[1. 1.]
50,0.0,51,1,False,0.0,26.0,1.0,1,0,1,[0. 1.],[1 2],0.0,0,0.6,0.7,0.30000000000000004,[1. 1.]
51,1.0,52,0,False,0.0,26.0,0.0,1,1,0,[1. 1.],[1 2],0.0,0,0.6,0.7,0.30000000000000004,[1. 1.]
52,0.0,53,1,False,0.0,27.0,1.0,1,0,1,[1. 1.],[1 2],0.0,0,0.6,0.7,0.30000000000000004,[1. 1.]
53,1.0,54,0,False,1.0,27.0,0.0,1,1,0,[1. 1.],[1 2],,0,0.6,0.7,0.30000000000000004,[1. 1.]
54,0.0,55,1,False,0.0,28.0,1.0,1,0,1,[1. 1.],[1 2],,0,0.6,0.7,0.30000000000000004,[1. 1.]
55,1.0,56,0,False,1.0,28.0,0.0,1,1,0,[1. 0.],[1 2],,0,0.6,0.7,0.30000000000000004,[1. 1.]
56,0.0,57,1,False,0.0,29.0,1.0,1,0,1,[1. 0.],[1 2],,0,0.6,0.7,0.30000000000000004,[1. 1.]
57,1.0,58,0,False,1.0,29.0,0.0,1,1,0,[0. 1.],[1 2],0.0,0,0.6,0.7,0.30000000000000004,[1. 1.]
58,0.0,59,1,False,0.0,30.0,1.0,1,0,1,[0. 1.],[1 2],0.0,0,0.6,0.7,0.30000000000000004,[1. 1.]
59,1.0,60,0,False,0.0,30.0,0.0,1,1,0,[1. 1.],[1 2],,0,0.6,0.7,0.30000000000000004,[1. 1.]
60,0.0,61,1,False,0.0,31.0,1.0,1,0,1,[1. 1.],[1 2],,0,0.6,0.7,0.30000000000000004,[1. 1.]
61,1.0,62,0,False,1.0,31.0,0.0,1,1,0,[0. 1.],[1 2],1.0,0,0.6,0.7,0.30000000000000004,[1. 1.]
62,0.0,63,1,False,0.0,32.0,2.0,1,0,1,[0. 1.],[1 2],1.0,0,0.6,0.7,0.30000000000000004,[1. 1.]
63,2.0,64,0,False,0.0,32.0,0.0,1,1,0,[1. 1.],[1 2],0.0,0,0.6,0.7,0.30000000000000004,[1. 1.]
64,0.0,65,1,False,0.0,33.0,1.0,1,0,1,[1. 1.],[1 2],0.0,0,0.6,0.7,0.30000000000000004,[1. 1.]
65,1.0,66,0,False,1.0,33.0,0.0,1,1,0,[1. 1.],[1 2],1.0,0,0.6,0.7,0.30000000000000004,[1. 1.]
66,0.0,67,1,False,0.0,34.0,2.0,1,0,1,[1. 1.],[1 2],1.0,0,0.6,0.7,0.30000000000000004,[1. 1.]
67,2.0,68,0,False,1.0,34.0,0.0,1,1,0,[1. 0.],[1 2],,0,0.6,0.7,0.30000000000000004,[1. 1.]
68,0.0,69,1,False,0.0,35.0,1.0,1,0,1,[1. 0.],[1 2],,0,0.6,0.7,0.30000000000000004,[1. 1.]
69,1.0,70,0,False,1.0,35.0,0.0,1,1,0,[0. 1.],[1 2],1.0,1,0.6,0.7,0.30000000000000004,[1. 1.]
70,0.0,71,1,False,0.0,36.0,2.0,1,0,1,[0. 1.],[1 2],1.0,1,0.6,0.7,0.30000000000000004,[1. 1.]
71,2.0,72,0,False,0.0,36.0,0.0,1,1,0,[1. 1.],[1 2],,1,0.6,0.7,0.30000000000000004,[1. 1.]
72,0.0,73,1,False,0.0,37.0,1.0,1,0,1,[1. 1.],[1 2],,1,0.6,0.7,0.30000000000000004,[1. 1.]
73,1.0,74,0,False,1.0,37.0,0.0,1,1,0,[0. 1.],[1 2],,1,0.6,0.7,0.30000000000000004,[1. 1.]
74,0.0,75,1,False,0.0,38.0,1.0,1,0,1,[0. 1.],[1 2],,1,0.6,0.7,0.30000000000000004,[1. 1.]
75,1.0,76,0,False,0.0,38.0,0.0,1,1,0,[0. 1.],[1 2],0.0,1,0.6,0.7,0.30000000000000004,[1. 1.]
76,0.0,77,1,False,0.0,39.0,1.0,1,0,1,[0. 1.],[1 2],0.0,1,0.6,0.7,0.30000000000000004,[1. 1.]
77,1.0,78,0,False,0.0,39.0,0.0,1,1,0,[1. 0.],[1 2],1.0,1,0.6,0.7,0.30000000000000004,[1. 1.]
78,0.0,79,1,False,0.0,40.0,2.0,1,0,1,[1. 0.],[1 2],1.0,1,0.6,0.7,0.30000000000000004,[1. 1.]
79,2.0,80,0,False,1.0,40.0,0.0,1,1,0,[1. 1.],[1 2],1.0,1,0.6,0.7,0.30000000000000004,[1. 1.]
80,0.0,81,1,False,0.0,41.0,2.0,1,0,1,[1. 1.],[1 2],1.0,1,0.6,0.7,0.30000000000000004,[1. 1.]
81,2.0,82,0,False,1.0,41.0,0.0,1,1,0,[1. 1.],[1 2],,1,0.6,0.7,0.30000000000000004,[1. 1.]
82,0.0,83,1,False,0.0,42.0,1.0,1,0,1,[1. 1.],[1 2],,1,0.6,0.7,0.30000000000000004,[1. 1.]
83,1.0,84,0,False,1.0,42.0,0.0,1,1,0,[0. 1.],[1 2],1.0,1,0.6,0.7,0.30000000000000004,[1. 1.]
84,0.0,85,1,False,0.0,43.0,2.0,1,0,1,[0. 1.],[1 2],1.0,1,0.6,0.7,0.30000000000000004,[1. 1.]
85,2.0,86,0,False,0.0,43.0,0.0,1,1,0,[1. 0.],[1 2],0.0,1,0.6,0.7,0.30000000000000004,[1. 1.]
86,0.0,87,1,False,0.0,44.0,1.0,1,0,1,[1. 0.],[1 2],0.0,1,0.6,0.7,0.30000000000000004,[1. 1.]
87,1.0,88,0,False,1.0,44.0,0.0,1,1,0,[0. 1.],[1 2],1.0,1,0.6,0.7,0.30000000000000004,[1. 1.]
88,0.0,89,1,False,0.0,45.0,2.0,1,0,1,[0. 1.],[1 2],1.0,1,0.6,0.7,0.30000000000000004,[1. 1.]
89,2.0,90,0,False,0.0,45.0,0.0,1,1,0,[0. 1.],[1 2],,1,0.6,0.7,0.30000000000000004,[1. 1.]
90,0.0,91,1,False,0.0,46.0,1.0,1,0,1,[0. 1.],[1 2],,1,0.6,0.7,0.30000000000000004,[1. 1.]
91,1.0,92,0,False,0.0,46.0,0.0,1,1,0,[0. 0.],[1 2],1.0,1,0.6,0.7,0.30000000000000004,[1. 1.]
92,0.0,93,1,False,0.0,47.0,2.0,1,0,1,[0. 0.],[1 2],1.0,1,0.6,0.7,0.30000000000000004,[1. 1.]
93,2.0,94,0,False,0.0,47.0,0.0,1,1,0,[0. 1.],[1 2],,1,0.6,0.7,0.30000000000000004,[1. 1.]
94,0.0,95,1,False,0.0,48.0,2.0,1,0,2,[0. 1.],[1 2],,1,0.6,0.7,0.30000000000000004,[1. 1.]
95,2.0,96,0,False,1.0,48.0,0.0,1,1,0,[0. 1.],[1 2],,1,0.6,0.7,0.30000000000000004,[1. 1.]
96,0.0,97,1,False,0.0,49.0,2.0,1,0,2,[0. 1.],[1 2],,1,0.6,0.7,0.30000000000000004,[1. 1.]
97,2.0,98,0,False,1.0,49.0,0.0,1,1,0,[0. 1.],[1 2],,1,0.6,0.7,0.30000000000000004,[1. 1.]
98,0.0,99,1,False,0.0,50.0,2.0,1,0,2,[0. 1.],[1 2],,1,0.6,0.7,0.30000000000000004,[1. 1.]
99,2.0,100,0,False,1.0,50.0,0.0,1,1,0,[0. 1.],[1 2],1.0,1,0.6,0.7,0.30000000000000004,[1. 1.]
100,0.0,101,1,False,0.0,51.0,2.0,1,0,2,[0. 1.],[1 2],1.0,1,0.6,0.7,0.30000000000000004,[1. 1.]
101,2.0,102,0,False,1.0,51.0,0.0,1,1,0,[0. 0.],[1 2],,1,0.6,0.7,0.30000000000000004,[1. 1.]
102,0.0,103,1,False,0.0,52.0,2.0,1,0,2,[0. 0.],[1 2],,1,0.6,0.7,0.30000000000000004,[1. 1.]
103,2.0,104,0,False,0.0,52.0,0.0,1,1,0,[1. 1.],[1 2],,1,0.6,0.7,0.30000000000000004,[1. 1.]
104,0.0,105,1,False,0.0,53.0,2.0,1,0,2,[1. 1.],[1 2],,1,0.6,0.7,0.30000000000000004,[1. 1.]
105,2.0,106,0,False,1.0,53.0,0.0,1,1,0,[0. 0.],[1 2],1.0,1,0.6,0.7,0.30000000000000004,[1. 1.]
106,0.0,107,1,False,0.0,54.0,2.0,1,0,2,[0. 0.],[1 2],1.0,1,0.6,0.7,0.30000000000000004,[1. 1.]
107,2.0,108,0,False,0.0,54.0,0.0,1,1,0,[0. 1.],[1 2],,1,0.6,0.7,0.30000000000000004,[1. 1.]
108,0.0,109,1,False,0.0,55.0,2.0,1,0,2,[0. 1.],[1 2],,1,0.6,0.7,0.30000000000000004,[1. 1.]
109,2.0,110,0,False,1.0,55.0,0.0,1,1,0,[0. 1.],[1 2],0.0,1,0.6,0.7,0.30000000000000004,[1. 1.]
110,0.0,111,1,False,0.0,56.0,1.0,1,0,2,[0. 1.],[1 2],0.0,1,0.6,0.7,0.30000000000000004,[1. 1.]
111,1.0,112,0,False,1.0,56.0,0.0,1,1,0,[0. 1.],[1 2],,1,0.6,0.7,0.30000000000000004,[1. 1.]
112,0.0,113,1,False,0.0,57.0,2.0,1,0,2,[0. 1.],[1 2],,1,0.6,0.7,0.30000000000000004,[1. 1.]
113,2.0,114,0,False,1.0,57.0,0.0,1,1,0,[0. 1.],[1 2],,1,0.6,0.7,0.30000000000000004,[1. 1.]
114,0.0,115,1,False,0.0,58.0,2.0,1,0,2,[0. 1.],[1 2],,1,0.6,0.7,0.30000000000000004,[1. 1.]
115,2.0,116,0,False,1.0,58.0,0.0,1,1,0,[0. 1.],[1 2],,1,0.6,0.7,0.30000000000000004,[1. 1.]
116,0.0,117,1,False,0.0,59.0,2.0,1,0,2,[0. 1.],[1 2],,1,0.6,0.7,0.30000000000000004,[1. 1.]
117,2.0,118,0,False,1.0,59.0,0.0,1,1,0,[0. 1.],[1 2],0.0,1,0.6,0.7,0.30000000000000004,[1. 1.]
118,0.0,119,1,False,0.0,60.0,1.0,1,0,2,[0. 1.],[1 2],0.0,1,0.6,0.7,0.30000000000000004,[1. 1.]
119,1.0,120,0,False,1.0,60.0,0.0,1,1,0,[1. 1.],[1 2],1.0,1,0.6,0.7,0.30000000000000004,[1. 1.]
120,0.0,121,1,False,0.0,61.0,2.0,1,0,2,[1. 1.],[1 2],1.0,1,0.6,0.7,0.30000000000000004,[1. 1.]
121,2.0,122,0,False,1.0,61.0,0.0,1,1,0,[0. 1.],[1 2],,1,0.6,0.7,0.30000000000000004,[1. 1.]
122,0.0,123,1,False,0.0,62.0,2.0,1,0,2,[0. 1.],[1 2],,1,0.6,0.7,0.30000000000000004,[1. 1.]
123,2.0,124,0,False,1.0,62.0,0.0,1,1,0,[0. 1.],[2 1],0.0,1,0.6,0.7,0.30000000000000004,[1. 1.]
124,0.0,125,1,False,0.0,63.0,1.0,1,0,2,[0. 1.],[2 1],0.0,1,0.6,0.7,0.30000000000000004,[1. 1.]
125,1.0,126,0,False,0.0,63.0,0.0,1,1,0,[0. 0.],[2 1],,1,0.6,0.7,0.30000000000000004,[1. 1.]
126,0.0,127,1,False,0.0,64.0,1.0,1,0,2,[0. 0.],[2 1],,1,0.6,0.7,0.30000000000000004,[1. 1.]
127,1.0,128,0,False,0.0,64.0,0.0,1,1,0,[0. 1.],[2 1],1.0,1,0.6,0.7,0.30000000000000004,[1. 1.]
128,0.0,129,1,False,0.0,65.0,2.0,1,0,1,[0. 1.],[2 1],1.0,1,0.6,0.7,0.30000000000000004,[1. 1.]
129,2.0,130,0,False,1.0,65.0,0.0,1,1,0,[1. 1.],[2 1],1.0,1,0.6,0.7,0.30000000000000004,[1. 1.]
130,0.0,131,1,False,0.0,66.0,2.0,1,0,1,[1. 1.],[2 1],1.0,1,0.6,0.7,0.30000000000000004,[1. 1.]
131,2.0,132,0,False,1.0,66.0,0.0,1,1,0,[0. 1.],[2 1],,1,0.6,0.7,0.30000000000000004,[1. 1.]
132,0.0,133,1,False,0.0,67.0,2.0,1,0,1,[0. 1.],[2 1],,1,0.6,0.7,0.30000000000000004,[1. 1.]
133,2.0,134,0,False,1.0,67.0,0.0,1,1,0,[0. 1.],[2 1],,1,0.6,0.7,0.30000000000000004,[1. 1.]
134,0.0,135,1,False,0.0,68.0,2.0,1,0,1,[0. 1.],[2 1],,1,0.6,0.7,0.30000000000000004,[1. 1.]
135,2.0,136,0,False,1.0,68.0,0.0,1,1,0,[0. 1.],[2 1],,1,0.6,0.7,0.30000000000000004,[1. 1.]
136,0.0,137,1,False,0.0,69.0,2.0,1,0,1,[0. 1.],[2 1],,1,0.6,0.7,0.30000000000000004,[1. 1.]
137,2.0,138,0,False,1.0,69.0,0.0,1,1,0,[1. 0.],[2 1],,1,0.6,0.7,0.30000000000000004,[1. 1.]
138,0.0,139,1,False,0.0,70.0,2.0,1,0,1,[1. 0.],[2 1],,1,0.6,0.7,0.30000000000000004,[1. 1.]
139,2.0,140,0,False,0.0,70.0,0.0,1,1,0,[0. 1.],[2 1],1.0,1,0.6,0.7,0.30000000000000004,[1. 1.]
140,0.0,141,1,False,0.0,71.0,2.0,1,0,1,[0. 1.],[2 1],1.0,1,0.6,0.7,0.30000000000000004,[1. 1.]
141,2.0,142,0,False,1.0,71.0,0.0,1,1,0,[0. 1.],[2 1],1.0,1,0.6,0.7,0.30000000000000004,[1. 1.]
142,0.0,143,1,False,0.0,72.0,2.0,1,0,1,[0. 1.],[2 1],1.0,1,0.6,0.7,0.30000000000000004,[1. 1.]
143,2.0,144,0,False,1.0,72.0,0.0,1,1,0,[0. 1.],[2 1],,1,0.6,0.7,0.30000000000000004,[1. 1.]
144,0.0,145,1,False,0.0,73.0,2.0,1,0,1,[0. 1.],[2 1],,1,0.6,0.7,0.30000000000000004,[1. 1.]
145,2.0,146,0,False,1.0,73.0,0.0,1,1,0,[1. 0.],[1 2],1.0,0,0.6,0.7,0.30000000000000004,[1. 1.]
146,0.0,147,1,False,0.0,74.0,2.0,1,0,1,[1. 0.],[1 2],1.0,0,0.6,0.7,0.30000000000000004,[1. 1.]
147,2.0,148,0,False,1.0,74.0,0.0,1,1,0,[0. 1.],[1 2],1.0,0,0.6,0.7,0.30000000000000004,[1. 1.]
148,0.0,149,1,False,0.0,75.0,2.0,1,0,1,[0. 1.],[1 2],1.0,0,0.6,0.7,0.30000000000000004,[1. 1.]
149,2.0,150,0,False,0.0,75.0,0.0,1,1,0,[1. 0.],[1 2],1.0,0,0.6,0.7,0.30000000000000004,[1. 1.]
150,0.0,151,1,False,0.0,76.0,2.0,1,0,1,[1. 0.],[1 2],1.0,0,0.6,0.7,0.30000000000000004,[1. 1.]
151,2.0,152,0,False,1.0,76.0,0.0,1,1,0,[1. 1.],[1 2],0.0,0,0.6,0.7,0.30000000000000004,[1. 1.]
152,0.0,153,1,False,0.0,77.0,1.0,1,0,1,[1. 1.],[1 2],0.0,0,0.6,0.7,0.30000000000000004,[1. 1.]
153,1.0,154,0,False,1.0,77.0,0.0,1,1,0,[1. 0.],[1 2],,0,0.6,0.7,0.30000000000000004,[1. 1.]
154,0.0,155,1,False,0.0,78.0,1.0,1,0,1,[1. 0.],[1 2],,0,0.6,0.7,0.30000000000000004,[1. 1.]
155,1.0,156,0,False,1.0,78.0,0.0,1,1,0,[1. 0.],[1 2],0.0,0,0.6,0.7,0.30000000000000004,[1. 1.]
156,0.0,157,1,False,0.0,79.0,1.0,1,0,1,[1. 0.],[1 2],0.0,0,0.6,0.7,0.30000000000000004,[1. 1.]
157,1.0,158,0,False,1.0,79.0,0.0,1,1,0,[1. 0.],[1 2],,0,0.6,0.7,0.30000000000000004,[1. 1.]
158,0.0,159,1,False,0.0,80.0,1.0,1,0,1,[1. 0.],[1 2],,0,0.6,0.7,0.30000000000000004,[1. 1.]
159,1.0,160,0,False,1.0,80.0,0.0,1,1,0,[1. 0.],[1 2],1.0,0,0.6,0.7,0.30000000000000004,[1. 1.]
160,0.0,161,1,False,0.0,81.0,2.0,1,0,1,[1. 0.],[1 2],1.0,0,0.6,0.7,0.30000000000000004,[1. 1.]
161,2.0,162,0,False,1.0,81.0,0.0,1,1,0,[1. 0.],[1 2],,0,0.6,0.7,0.30000000000000004,[1. 1.]
162,0.0,163,1,False,0.0,82.0,1.0,1,0,1,[1. 0.],[1 2],,0,0.6,0.7,0.30000000000000004,[1. 1.]
163,1.0,164,0,False,1.0,82.0,0.0,1,1,0,[0. 0.],[1 2],0.0,0,0.6,0.7,0.30000000000000004,[1. 1.]
164,0.0,165,1,False,0.0,83.0,1.0,1,0,1,[0. 0.],[1 2],0.0,0,0.6,0.7,0.30000000000000004,[1. 1.]
165,1.0,166,0,False,0.0,83.0,0.0,1,1,0,[0. 0.],[1 2],0.0,0,0.6,0.7,0.30000000000000004,[1. 1.]
166,0.0,167,1,False,0.0,84.0,1.0,1,0,1,[0. 0.],[1 2],0.0,0,0.6,0.7,0.30000000000000004,[1. 1.]
167,1.0,168,0,False,0.0,84.0,0.0,1,1,0,[0. 0.],[1 2],1.0,0,0.6,0.7,0.30000000000000004,[1. 1.]
168,0.0,169,1,False,0.0,85.0,2.0,1,0,2,[0. 0.],[1 2],1.0,0,0.6,0.7,0.30000000000000004,[1. 1.]
169,2.0,170,0,False,0.0,85.0,0.0,1,1,0,[1. 0.],[1 2],,0,0.6,0.7,0.30000000000000004,[1. 1.]
170,0.0,171,1,False,0.0,86.0,2.0,1,0,2,[1. 0.],[1 2],,0,0.6,0.7,0.30000000000000004,[1. 1.]
171,2.0,172,0,False,0.0,86.0,0.0,1,1,0,[1. 0.],[1 2],,0,0.6,0.7,0.30000000000000004,[1. 1.]
172,0.0,173,1,False,0.0,87.0,1.0,1,0,1,[1. 0.],[1 2],,0,0.6,0.7,0.30000000000000004,[1. 1.]
173,1.0,174,0,False,1.0,87.0,0.0,1,1,0,[1. 0.],[1 2],1.0,0,0.6,0.7,0.30000000000000004,[1. 1.]
174,0.0,175,1,False,0.0,88.0,2.0,1,0,1,[1. 0.],[1 2],1.0,0,0.6,0.7,0.30000000000000004,[1. 1.]
175,2.0,176,0,False,1.0,88.0,0.0,1,1,0,[1. 1.],[1 2],1.0,1,0.6,0.7,0.30000000000000004,[1. 1.]
176,0.0,177,1,False,0.0,89.0,2.0,1,0,1,[1. 1.],[1 2],1.0,1,0.6,0.7,0.30000000000000004,[1. 1.]
177,2.0,178,0,False,1.0,89.0,0.0,1,1,0,[0. 1.],[1 2],0.0,1,0.6,0.7,0.30000000000000004,[1. 1.]
178,0.0,179,1,False,0.0,90.0,1.0,1,0,1,[0. 1.],[1 2],0.0,1,0.6,0.7,0.30000000000000004,[1. 1.]
179,1.0,180,0,False,0.0,90.0,0.0,1,1,0,[1. 1.],[1 2],1.0,1,0.6,0.7,0.30000000000000004,[1. 1.]
180,0.0,181,1,False,0.0,91.0,2.0,1,0,1,[1. 1.],[1 2],1.0,1,0.6,0.7,0.30000000000000004,[1. 1.]
181,2.0,182,0,False,1.0,91.0,0.0,1,1,0,[0. 0.],[1 2],,1,0.6,0.7,0.30000000000000004,[1. 1.]
182,0.0,183,1,False,0.0,92.0,1.0,1,0,1,[0. 0.],[1 2],,1,0.6,0.7,0.30000000000000004,[1. 1.]
183,1.0,184,0,False,0.0,92.0,0.0,1,1,0,[0. 1.],[1 2],,1,0.6,0.7,0.30000000000000004,[1. 1.]
184,0.0,185,1,False,0.0,93.0,1.0,1,0,1,[0. 1.],[1 2],,1,0.6,0.7,0.30000000000000004,[1. 1.]
185,1.0,186,0,False,0.0,93.0,0.0,1,1,0,[0. 1.],[1 2],,1,0.6,0.7,0.30000000000000004,[1. 1.]
186,0.0,187,1,False,0.0,94.0,2.0,1,0,2,[0. 1.],[1 2],,1,0.6,0.7,0.30000000000000004,[1. 1.]
187,2.0,188,0,False,1.0,94.0,0.0,1,1,0,[1. 0.],[1 2],,1,0.6,0.7,0.30000000000000004,[1. 1.]
188,0.0,189,1,False,0.0,95.0,2.0,1,0,2,[1. 0.],[1 2],,1,0.6,0.7,0.30000000000000004,[1. 1.]
189,2.0,190,0,False,0.0,95.0,0.0,1,1,0,[0. 1.],[1 2],1.0,1,0.6,0.7,0.30000000000000004,[1. 1.]
190,0.0,191,1,False,0.0,96.0,2.0,1,0,2,[0. 1.],[1 2],1.0,1,0.6,0.7,0.30000000000000004,[1. 1.]
191,2.0,192,0,False,1.0,96.0,0.0,1,1,0,[0. 0.],[1 2],,1,0.6,0.7,0.30000000000000004,[1. 1.]
192,0.0,193,1,False,0.0,97.0,2.0,1,0,2,[0. 0.],[1 2],,1,0.6,0.7,0.30000000000000004,[1. 1.]
193,2.0,194,0,False,0.0,97.0,0.0,1,1,0,[1. 1.],[1 2],,1,0.6,0.7,0.30000000000000004,[1. 1.]
194,0.0,195,1,False,0.0,98.0,2.0,1,0,2,[1. 1.],[1 2],,1,0.6,0.7,0.30000000000000004,[1. 1.]
195,2.0,196,0,False,1.0,98.0,0.0,1,1,0,[0. 1.],[1 2],0.0,1,0.6,0.7,0.30000000000000004,[1. 1.]
196,0.0,197,1,False,0.0,99.0,1.0,1,0,2,[0. 1.],[1 2],0.0,1,0.6,0.7,0.30000000000000004,[1. 1.]
197,1.0,198,0,False,1.0,99.0,0.0,1,1,0,[1. 0.],[1 2],,1,0.6,0.7,0.30000000000000004,[1. 1.]
198,0.0,199,1,False,0.0,100.0,2.0,1,0,2,[1. 0.],[1 2],,1,0.6,0.7,0.30000000000000004,[1. 1.]
199,2.0,200,0,False,0.0,100.0,0.0,1,1,0,[0. 0.],[1 2],,1,0.6,0.7,0.30000000000000004,[1. 1.]
200,0.0,201,1,False,0.0,101.0,2.0,1,0,2,[0. 0.],[1 2],,1,0.6,0.7,0.30000000000000004,[1. 1.]
201,2.0,202,0,False,0.0,101.0,0.0,1,1,0,[0. 1.],[1 2],0.0,1,0.6,0.7,0.30000000000000004,[1. 1.]
202,0.0,203,1,False,0.0,102.0,1.0,1,0,2,[0. 1.],[1 2],0.0,1,0.6,0.7,0.30000000000000004,[1. 1.]
203,1.0,204,0,False,1.0,102.0,0.0,1,1,0,[1. 1.],[1 2],1.0,1,0.6,0.7,0.30000000000000004,[1. 1.]
204,0.0,205,1,False,0.0,103.0,2.0,1,0,2,[1. 1.],[1 2],1.0,1,0.6,0.7,0.30000000000000004,[1. 1.]
205,2.0,206,0,False,1.0,103.0,0.0,1,1,0,[0. 1.],[1 2],1.0,1,0.6,0.7,0.30000000000000004,[1. 1.]
206,0.0,207,1,False,0.0,104.0,2.0,1,0,2,[0. 1.],[1 2],1.0,1,0.6,0.7,0.30000000000000004,[1. 1.]
207,2.0,208,0,False,1.0,104.0,0.0,1,1,0,[0. 1.],[1 2],,1,0.6,0.7,0.30000000000000004,[1. 1.]
208,0.0,209,1,False,0.0,105.0,2.0,1,0,2,[0. 1.],[1 2],,1,0.6,0.7,0.30000000000000004,[1. 1.]
209,2.0,210,0,False,1.0,105.0,0.0,1,1,0,[1. 0.],[1 2],0.0,1,0.6,0.7,0.30000000000000004,[1. 1.]
210,0.0,211,1,False,0.0,106.0,1.0,1,0,2,[1. 0.],[1 2],0.0,1,0.6,0.7,0.30000000000000004,[1. 1.]
211,1.0,212,0,False,0.0,106.0,0.0,1,1,0,[0. 1.],[1 2],1.0,1,0.6,0.7,0.30000000000000004,[1. 1.]
212,0.0,213,1,False,0.0,107.0,2.0,1,0,2,[0. 1.],[1 2],1.0,1,0.6,0.7,0.30000000000000004,[1. 1.]
213,2.0,214,0,False,1.0,107.0,0.0,1,1,0,[0. 1.],[1 2],,1,0.6,0.7,0.30000000000000004,[1. 1.]
214,0.0,215,1,False,0.0,108.0,2.0,1,0,2,[0. 1.],[1 2],,1,0.6,0.7,0.30000000000000004,[1. 1.]
215,2.0,216,0,False,1.0,108.0,0.0,1,1,0,[1. 0.],[1 2],,1,0.6,0.7,0.30000000000000004,[1. 1.]
216,0.0,217,1,False,0.0,109.0,2.0,1,0,2,[1. 0.],[1 2],,1,0.6,0.7,0.30000000000000004,[1. 1.]
217,2.0,218,0,False,0.0,109.0,0.0,1,1,0,[1. 0.],[1 2],0.0,1,0.6,0.7,0.30000000000000004,[1. 1.]
218,0.0,219,1,False,0.0,110.0,1.0,1,0,2,[1. 0.],[1 2],0.0,1,0.6,0.7,0.30000000000000004,[1. 1.]
219,1.0,220,0,False,0.0,110.0,0.0,1,1,0,[0. 1.],[1 2],1.0,1,0.6,0.7,0.30000000000000004,[1. 1.]
220,0.0,221,1,False,0.0,111.0,2.0,1,0,2,[0. 1.],[1 2],1.0,1,0.6,0.7,0.30000000000000004,[1. 1.]
221,2.0,222,0,False,1.0,111.0,0.0,1,1,0,[0. 1.],[1 2],,1,0.6,0.7,0.30000000000000004,[1. 1.]
222,0.0,223,1,False,0.0,112.0,2.0,1,0,2,[0. 1.],[1 2],,1,0.6,0.7,0.30000000000000004,[1. 1.]
223,2.0,224,0,False,1.0,112.0,0.0,1,1,0,[1. 1.],[1 2],,1,0.6,0.7,0.30000000000000004,[1. 1.]
224,0.0,225,1,False,0.0,113.0,2.0,1,0,2,[1. 1.],[1 2],,1,0.6,0.7,0.30000000000000004,[1. 1.]
225,2.0,226,0,False,1.0,113.0,0.0,1,1,0,[1. 1.],[1 2],,1,0.6,0.7,0.30000000000000004,[1. 1.]
226,0.0,227,1,False,0.0,114.0,2.0,1,0,2,[1. 1.],[1 2],,1,0.6,0.7,0.30000000000000004,[1. 1.]
227,2.0,228,0,False,1.0,114.0,0.0,1,1,0,[0. 1.],[1 2],,1,0.6,0.7,0.30000000000000004,[1. 1.]
228,0.0,229,1,False,0.0,115.0,2.0,1,0,2,[0. 1.],[1 2],,1,0.6,0.7,0.30000000000000004,[1. 1.]
229,2.0,230,0,False,1.0,115.0,0.0,1,1,0,[0. 0.],[1 2],1.0,1,0.6,0.7,0.30000000000000004,[1. 1.]
230,0.0,231,1,False,0.0,116.0,2.0,1,0,2,[0. 0.],[1 2],1.0,1,0.6,0.7,0.30000000000000004,[1. 1.]
231,2.0,232,0,False,0.0,116.0,0.0,1,1,0,[0. 0.],[1 2],,1,0.6,0.7,0.30000000000000004,[1. 1.]
232,0.0,233,1,False,0.0,117.0,2.0,1,0,2,[0. 0.],[1 2],,1,0.6,0.7,0.30000000000000004,[1. 1.]
233,2.0,234,0,False,0.0,117.0,0.0,1,1,0,[0. 1.],[1 2],,1,0.6,0.7,0.30000000000000004,[1. 1.]
234,0.0,235,1,False,0.0,118.0,2.0,1,0,2,[0. 1.],[1 2],,1,0.6,0.7,0.30000000000000004,[1. 1.]
235,2.0,236,0,False,1.0,118.0,0.0,1,1,0,[0. 0.],[1 2],,1,0.6,0.7,0.30000000000000004,[1. 1.]
236,0.0,237,1,False,0.0,119.0,2.0,1,0,2,[0. 0.],[1 2],,1,0.6,0.7,0.30000000000000004,[1. 1.]
237,2.0,238,0,False,0.0,119.0,0.0,1,1,0,[1. 0.],[2 1],1.0,1,0.6,0.7,0.30000000000000004,[1. 1.]
238,0.0,239,1,False,0.0,120.0,2.0,1,0,2,[1. 0.],[2 1],1.0,1,0.6,0.7,0.30000000000000004,[1. 1.]
239,2.0,240,0,False,1.0,120.0,0.0,1,1,0,[0. 1.],[2 1],,0,0.6,0.7,0.30000000000000004,[1. 1.]
240,0.0,241,1,False,0.0,121.0,1.0,1,0,2,[0. 1.],[2 1],,0,0.6,0.7,0.30000000000000004,[1. 1.]
241,1.0,242,0,False,0.0,121.0,0.0,1,1,0,[1. 1.],[2 1],,0,0.6,0.7,0.30000000000000004,[1. 1.]
242,0.0,243,1,False,0.0,122.0,1.0,1,0,2,[1. 1.],[2 1],,0,0.6,0.7,0.30000000000000004,[1. 1.]
243,1.0,244,0,False,1.0,122.0,0.0,1,1,0,[1. 0.],[2 1],1.0,0,0.6,0.7,0.30000000000000004,[1. 1.]
244,0.0,245,1,False,0.0,123.0,2.0,1,0,2,[1. 0.],[2 1],1.0,0,0.6,0.7,0.30000000000000004,[1. 1.]
245,2.0,246,0,False,1.0,123.0,0.0,1,1,0,[1. 0.],[2 1],,0,0.6,0.7,0.30000000000000004,[1. 1.]
246,0.0,247,1,False,0.0,124.0,1.0,1,0,2,[1. 0.],[2 1],,0,0.6,0.7,0.30000000000000004,[1. 1.]
247,1.0,248,0,False,1.0,124.0,0.0,1,1,0,[0. 1.],[2 1],,0,0.6,0.7,0.30000000000000004,[1. 1.]
248,0.0,249,1,False,0.0,125.0,1.0,1,0,2,[0. 1.],[2 1],,0,0.6,0.7,0.30000000000000004,[1. 1.]
249,1.0,250,0,False,0.0,125.0,0.0,1,1,0,[1. 0.],[2 1],1.0,0,0.6,0.7,0.30000000000000004,[1. 1.]
250,0.0,251,1,False,0.0,126.0,2.0,1,0,2,[1. 0.],[2 1],1.0,0,0.6,0.7,0.30000000000000004,[1. 1.]
251,2.0,252,0,False,1.0,126.0,0.0,1,1,0,[0. 0.],[2 1],1.0,0,0.6,0.7,0.30000000000000004,[1. 1.]
252,0.0,253,1,False,0.0,127.0,2.0,1,0,2,[0. 0.],[2 1],1.0,0,0.6,0.7,0.30000000000000004,[1. 1.]
253,2.0,254,0,False,0.0,127.0,0.0,1,1,0,[1. 1.],[2 1],0.0,0,0.6,0.7,0.30000000000000004,[1. 1.]
254,0.0,255,1,False,0.0,128.0,1.0,1,0,2,[1. 1.],[2 1],0.0,0,0.6,0.7,0.30000000000000004,[1. 1.]
255,1.0,256,0,False,1.0,128.0,0.0,1,1,0,[1. 0.],[2 1],,0,0.6,0.7,0.30000000000000004,[1. 1.]
256,0.0,257,1,False,0.0,129.0,1.0,1,0,2,[1. 0.],[2 1],,0,0.6,0.7,0.30000000000000004,[1. 1.]
257,1.0,258,0,False,1.0,129.0,0.0,1,1,0,[1. 0.],[2 1],1.0,0,0.6,0.7,0.30000000000000004,[1. 1.]
258,0.0,259,1,False,0.0,130.0,2.0,1,0,2,[1. 0.],[2 1],1.0,0,0.6,0.7,0.30000000000000004,[1. 1.]
259,2.0,260,0,False,1.0,130.0,0.0,1,1,0,[0. 0.],[2 1],,0,0.6,0.7,0.30000000000000004,[1. 1.]
260,0.0,261,1,False,0.0,131.0,1.0,1,0,2,[0. 0.],[2 1],,0,0.6,0.7,0.30000000000000004,[1. 1.]
261,1.0,262,0,False,0.0,131.0,0.0,1,1,0,[0. 0.],[2 1],1.0,0,0.6,0.7,0.30000000000000004,[1. 1.]
262,0.0,263,1,False,0.0,132.0,2.0,1,0,2,[0. 0.],[2 1],1.0,0,0.6,0.7,0.30000000000000004,[1. 1.]
263,2.0,264,0,False,0.0,132.0,0.0,1,1,0,[1. 1.],[2 1],1.0,0,0.6,0.7,0.30000000000000004,[1. 1.]
264,0.0,265,1,False,0.0,133.0,2.0,1,0,2,[1. 1.],[2 1],1.0,0,0.6,0.7,0.30000000000000004,[1. 1.]
265,2.0,266,0,False,1.0,133.0,0.0,1,1,0,[1. 1.],[2 1],1.0,0,0.6,0.7,0.30000000000000004,[1. 1.]
266,0.0,267,1,False,0.0,134.0,2.0,1,0,2,[1. 1.],[2 1],1.0,0,0.6,0.7,0.30000000000000004,[1. 1.]
267,2.0,268,0,False,1.0,134.0,0.0,1,1,0,[1. 0.],[2 1],,0,0.6,0.7,0.30000000000000004,[1. 1.]
268,0.0,269,1,False,0.0,135.0,1.0,1,0,2,[1. 0.],[2 1],,0,0.6,0.7,0.30000000000000004,[1. 1.]
269,1.0,270,0,False,1.0,135.0,0.0,1,1,0,[1. 0.],[2 1],1.0,0,0.6,0.7,0.30000000000000004,[1. 1.]
270,0.0,271,1,False,0.0,136.0,2.0,1,0,2,[1. 0.],[2 1],1.0,0,0.6,0.7,0.30000000000000004,[1. 1.]
271,2.0,272,0,False,1.0,136.0,0.0,1,1,0,[1. 1.],[2 1],,0,0.6,0.7,0.30000000000000004,[1. 1.]
272,0.0,273,1,False,0.0,137.0,1.0,1,0,2,[1. 1.],[2 1],,0,0.6,0.7,0.30000000000000004,[1. 1.]
273,1.0,274,0,False,1.0,137.0,0.0,1,1,0,[1. 1.],[2 1],0.0,0,0.6,0.7,0.30000000000000004,[1. 1.]
274,0.0,275,1,False,0.0,138.0,1.0,1,0,2,[1. 1.],[2 1],0.0,0,0.6,0.7,0.30000000000000004,[1. 1.]
275,1.0,276,0,False,1.0,138.0,0.0,1,1,0,[1. 1.],[2 1],1.0,0,0.6,0.7,0.30000000000000004,[1. 1.]
276,0.0,277,1,False,0.0,139.0,2.0,1,0,2,[1. 1.],[2 1],1.0,0,0.6,0.7,0.30000000000000004,[1. 1.]
277,2.0,278,0,False,1.0,139.0,0.0,1,1,0,[1. 1.],[2 1],1.0,0,0.6,0.7,0.30000000000000004,[1. 1.]
278,0.0,279,1,False,0.0,140.0,2.0,1,0,2,[1. 1.],[2 1],1.0,0,0.6,0.7,0.30000000000000004,[1. 1.]
279,2.0,280,0,False,1.0,140.0,0.0,1,1,0,[0. 0.],[2 1],,0,0.6,0.7,0.30000000000000004,[1. 1.]
280,0.0,281,1,False,0.0,141.0,1.0,1,0,2,[0. 0.],[2 1],,0,0.6,0.7,0.30000000000000004,[1. 1.]
281,1.0,282,0,False,0.0,141.0,0.0,1,1,0,[1. 1.],[2 1],,0,0.6,0.7,0.30000000000000004,[1. 1.]
282,0.0,283,1,False,0.0,142.0,1.0,1,0,2,[1. 1.],[2 1],,0,0.6,0.7,0.30000000000000004,[1. 1.]
283,1.0,284,0,False,1.0,142.0,0.0,1,1,0,[0. 0.],[2 1],1.0,0,0.6,0.7,0.30000000000000004,[1. 1.]
284,0.0,285,1,False,0.0,143.0,2.0,1,0,2,[0. 0.],[2 1],1.0,0,0.6,0.7,0.30000000000000004,[1. 1.]
285,2.0,286,0,False,0.0,143.0,0.0,1,1,0,[1. 0.],[2 1],0.0,0,0.6,0.7,0.30000000000000004,[1. 1.]
286,0.0,287,1,False,0.0,144.0,1.0,1,0,2,[1. 0.],[2 1],0.0,0,0.6,0.7,0.30000000000000004,[1. 1.]
287,1.0,288,0,False,1.0,144.0,0.0,1,1,0,[1. 0.],[2 1],,0,0.6,0.7,0.30000000000000004,[1. 1.]
288,0.0,289,1,False,0.0,145.0,1.0,1,0,2,[1. 0.],[2 1],,0,0.6,0.7,0.30000000000000004,[1. 1.]
289,1.0,290,0,False,1.0,145.0,0.0,1,1,0,[1. 1.],[2 1],,0,0.6,0.7,0.30000000000000004,[1. 1.]
290,0.0,291,1,False,0.0,146.0,1.0,1,0,2,[1. 1.],[2 1],,0,0.6,0.7,0.30000000000000004,[1. 1.]
291,1.0,292,0,False,1.0,146.0,0.0,1,1,0,[1. 0.],[2 1],,0,0.6,0.7,0.30000000000000004,[1. 1.]
292,0.0,293,1,False,0.0,147.0,1.0,1,0,2,[1. 0.],[2 1],,0,0.6,0.7,0.30000000000000004,[1. 1.]
293,1.0,294,0,False,1.0,147.0,0.0,1,1,0,[1. 1.],[2 1],0.0,0,0.6,0.7,0.30000000000000004,[1. 1.]
294,0.0,295,1,False,0.0,148.0,1.0,1,0,2,[1. 1.],[2 1],0.0,0,0.6,0.7,0.30000000000000004,[1. 1.]
295,1.0,296,0,False,1.0,148.0,0.0,1,1,0,[1. 1.],[2 1],,0,0.6,0.7,0.30000000000000004,[1. 1.]
296,0.0,297,1,False,0.0,149.0,1.0,1,0,2,[1. 1.],[2 1],,0,0.6,0.7,0.30000000000000004,[1. 1.]
297,1.0,298,0,False,1.0,149.0,0.0,1,1,0,[1. 0.],[2 1],,0,0.6,0.7,0.30000000000000004,[1. 1.]
298,0.0,299,1,False,0.0,150.0,1.0,1,0,2,[1. 0.],[2 1],,0,0.6,0.7,0.30000000000000004,[1. 1.]
299,1.0,300,0,False,1.0,150.0,0.0,1,1,0,[1. 1.],[2 1],0.0,0,0.6,0.7,0.30000000000000004,[1. 1.]
300,0.0,301,1,False,0.0,151.0,1.0,1,0,2,[1. 1.],[2 1],0.0,0,0.6,0.7,0.30000000000000004,[1. 1.]
301,1.0,302,0,False,1.0,151.0,0.0,1,1,0,[1. 0.],[2 1],,0,0.6,0.7,0.30000000000000004,[1. 1.]
302,0.0,303,1,False,0.0,152.0,1.0,1,0,2,[1. 0.],[2 1],,0,0.6,0.7,0.30000000000000004,[1. 1.]
303,1.0,304,0,False,1.0,152.0,0.0,1,1,0,[1. 0.],[2 1],,0,0.6,0.7,0.30000000000000004,[1. 1.]
304,0.0,305,1,False,0.0,153.0,1.0,1,0,2,[1. 0.],[2 1],,0,0.6,0.7,0.30000000000000004,[1. 1.]
305,1.0,306,0,False,1.0,153.0,0.0,1,1,0,[1. 1.],[2 1],,0,0.6,0.7,0.30000000000000004,[1. 1.]
306,0.0,307,1,False,0.0,154.0,1.0,1,0,2,[1. 1.],[2 1],,0,0.6,0.7,0.30000000000000004,[1. 1.]
307,1.0,308,0,False,1.0,154.0,0.0,1,1,0,[0. 0.],[2 1],0.0,0,0.6,0.7,0.30000000000000004,[1. 1.]
308,0.0,309,1,False,0.0,155.0,1.0,1,0,2,[0. 0.],[2 1],0.0,0,0.6,0.7,0.30000000000000004,[1. 1.]
309,1.0,310,0,False,0.0,155.0,0.0,1,1,0,[0. 0.],[1 2],1.0,0,0.6,0.7,0.30000000000000004,[1. 1.]
310,0.0,311,1,False,0.0,156.0,2.0,1,0,2,[0. 0.],[1 2],1.0,0,0.6,0.7,0.30000000000000004,[1. 1.]
311,2.0,312,0,False,0.0,156.0,0.0,1,1,0,[0. 1.],[1 2],0.0,0,0.6,0.7,0.30000000000000004,[1. 1.]
312,0.0,313,1,False,0.0,157.0,1.0,1,0,2,[0. 1.],[1 2],0.0,0,0.6,0.7,0.30000000000000004,[1. 1.]
313,1.0,314,0,False,1.0,157.0,0.0,1,1,0,[1. 0.],[1 2],0.0,0,0.6,0.7,0.30000000000000004,[1. 1.]
314,0.0,315,1,False,0.0,158.0,1.0,1,0,2,[1. 0.],[1 2],0.0,0,0.6,0.7,0.30000000000000004,[1. 1.]
315,1.0,316,0,False,0.0,158.0,0.0,1,1,0,[1. 0.],[1 2],,0,0.6,0.7,0.30000000000000004,[1. 1.]
316,0.0,317,1,False,0.0,159.0,2.0,1,0,2,[1. 0.],[1 2],,0,0.6,0.7,0.30000000000000004,[1. 1.]
317,2.0,318,0,False,0.0,159.0,0.0,1,1,0,[1. 0.],[1 2],0.0,0,0.6,0.7,0.30000000000000004,[1. 1.]
318,0.0,319,1,False,0.0,160.0,1.0,1,0,2,[1. 0.],[1 2],0.0,0,0.6,0.7,0.30000000000000004,[1. 1.]
319,1.0,320,0,False,0.0,160.0,0.0,1,1,0,[1. 1.],[1 2],,0,0.6,0.7,0.30000000000000004,[1. 1.]
320,0.0,321,1,False,0.0,161.0,1.0,1,0,1,[1. 1.],[1 2],,0,0.6,0.7,0.30000000000000004,[1. 1.]
321,1.0,322,0,False,1.0,161.0,0.0,1,1,0,[0. 0.],[1 2],,0,0.6,0.7,0.30000000000000004,[1. 1.]
322,0.0,323,1,False,0.0,162.0,1.0,1,0,1,[0. 0.],[1 2],,0,0.6,0.7,0.30000000000000004,[1. 1.]
323,1.0,324,0,False,0.0,162.0,0.0,1,1,0,[1. 0.],[1 2],,0,0.6,0.7,0.30000000000000004,[1. 1.]
324,0.0,325,1,False,0.0,163.0,1.0,1,0,1,[1. 0.],[1 2],,0,0.6,0.7,0.30000000000000004,[1. 1.]
325,1.0,326,0,False,1.0,163.0,0.0,1,1,0,[1. 1.],[1 2],1.0,0,0.6,0.7,0.30000000000000004,[1. 1.]
326,0.0,327,1,False,0.0,164.0,2.0,1,0,1,[1. 1.],[1 2],1.0,0,0.6,0.7,0.30000000000000004,[1. 1.]
327,2.0,328,0,False,1.0,164.0,0.0,1,1,0,[1. 1.],[1 2],0.0,0,0.6,0.7,0.30000000000000004,[1. 1.]
328,0.0,329,1,False,0.0,165.0,1.0,1,0,1,[1. 1.],[1 2],0.0,0,0.6,0.7,0.30000000000000004,[1. 1.]
329,1.0,330,0,False,1.0,165.0,0.0,1,1,0,[1. 0.],[1 2],,0,0.6,0.7,0.30000000000000004,[1. 1.]
330,0.0,331,1,False,0.0,166.0,1.0,1,0,1,[1. 0.],[1 2],,0,0.6,0.7,0.30000000000000004,[1. 1.]
331,1.0,332,0,False,1.0,166.0,0.0,1,1,0,[0. 0.],[1 2],0.0,0,0.6,0.7,0.30000000000000004,[1. 1.]
332,0.0,333,1,False,0.0,167.0,1.0,1,0,1,[0. 0.],[1 2],0.0,0,0.6,0.7,0.30000000000000004,[1. 1.]
333,1.0,334,0,False,0.0,167.0,0.0,1,1,0,[1. 0.],[1 2],1.0,0,0.6,0.7,0.30000000000000004,[1. 1.]
334,0.0,335,1,False,0.0,168.0,2.0,1,0,1,[1. 0.],[1 2],1.0,0,0.6,0.7,0.30000000000000004,[1. 1.]
335,2.0,336,0,False,1.0,168.0,0.0,1,1,0,[1. 0.],[1 2],,0,0.6,0.7,0.30000000000000004,[1. 1.]
336,0.0,337,1,False,0.0,169.0,1.0,1,0,1,[1. 0.],[1 2],,0,0.6,0.7,0.30000000000000004,[1. 1.]
337,1.0,338,0,False,1.0,169.0,0.0,1,1,0,[1. 0.],[1 2],,0,0.6,0.7,0.30000000000000004,[1. 1.]
338,0.0,339,1,False,0.0,170.0,1.0,1,0,1,[1. 0.],[1 2],,0,0.6,0.7,0.30000000000000004,[1. 1.]
339,1.0,340,0,False,1.0,170.0,0.0,1,1,0,[0. 0.],[1 2],1.0,0,0.6,0.7,0.30000000000000004,[1. 1.]
340,0.0,341,1,False,0.0,171.0,2.0,1,0,1,[0. 0.],[1 2],1.0,0,0.6,0.7,0.30000000000000004,[1. 1.]
341,2.0,342,0,False,0.0,171.0,0.0,1,1,0,[1. 0.],[1 2],,0,0.6,0.7,0.30000000000000004,[1. 1.]
342,0.0,343,1,False,0.0,172.0,1.0,1,0,1,[1. 0.],[1 2],,0,0.6,0.7,0.30000000000000004,[1. 1.]
343,1.0,344,0,False,1.0,172.0,0.0,1,1,0,[1. 0.],[1 2],0.0,0,0.6,0.7,0.30000000000000004,[1. 1.]
344,0.0,345,1,False,0.0,173.0,1.0,1,0,1,[1. 0.],[1 2],0.0,0,0.6,0.7,0.30000000000000004,[1. 1.]
345,1.0,346,0,False,1.0,173.0,0.0,1,1,0,[0. 0.],[1 2],0.0,0,0.6,0.7,0.30000000000000004,[1. 1.]
346,0.0,347,1,False,0.0,174.0,1.0,1,0,1,[0. 0.],[1 2],0.0,0,0.6,0.7,0.30000000000000004,[1. 1.]
347,1.0,348,0,False,0.0,174.0,0.0,1,1,0,[1. 0.],[1 2],1.0,0,0.6,0.7,0.30000000000000004,[1. 1.]
348,0.0,349,1,False,0.0,175.0,2.0,1,0,1,[1. 0.],[1 2],1.0,0,0.6,0.7,0.30000000000000004,[1. 1.]
349,2.0,350,0,False,1.0,175.0,0.0,1,1,0,[0. 0.],[1 2],,0,0.6,0.7,0.30000000000000004,[1. 1.]
350,0.0,351,1,False,0.0,176.0,1.0,1,0,1,[0. 0.],[1 2],,0,0.6,0.7,0.30000000000000004,[1. 1.]
351,1.0,352,0,False,0.0,176.0,0.0,1,1,0,[1. 0.],[1 2],0.0,0,0.6,0.7,0.30000000000000004,[1. 1.]
352,0.0,353,1,False,0.0,177.0,1.0,1,0,1,[1. 0.],[1 2],0.0,0,0.6,0.7,0.30000000000000004,[1. 1.]
353,1.0,354,0,False,1.0,177.0,0.0,1,1,0,[1. 0.],[1 2],,0,0.6,0.7,0.30000000000000004,[1. 1.]
354,0.0,355,1,False,0.0,178.0,1.0,1,0,1,[1. 0.],[1 2],,0,0.6,0.7,0.30000000000000004,[1. 1.]
355,1.0,356,0,False,1.0,178.0,0.0,1,1,0,[1. 0.],[1 2],0.0,0,0.6,0.7,0.30000000000000004,[1. 1.]
356,0.0,357,1,False,0.0,179.0,1.0,1,0,1,[1. 0.],[1 2],0.0,0,0.6,0.7,0.30000000000000004,[1. 1.]
357,1.0,358,0,False,1.0,179.0,0.0,1,1,0,[1. 1.],[1 2],,0,0.6,0.7,0.30000000000000004,[1. 1.]
358,0.0,359,1,False,0.0,180.0,1.0,1,0,1,[1. 1.],[1 2],,0,0.6,0.7,0.30000000000000004,[1. 1.]
359,1.0,360,0,False,1.0,180.0,0.0,1,1,0,[0. 0.],[1 2],0.0,0,0.6,0.7,0.30000000000000004,[1. 1.]
360,0.0,361,1,False,0.0,181.0,1.0,1,0,1,[0. 0.],[1 2],0.0,0,0.6,0.7,0.30000000000000004,[1. 1.]
361,1.0,362,0,False,0.0,181.0,0.0,1,1,0,[1. 0.],[1 2],,0,0.6,0.7,0.30000000000000004,[1. 1.]
362,0.0,363,1,False,0.0,182.0,1.0,1,0,1,[1. 0.],[1 2],,0,0.6,0.7,0.30000000000000004,[1. 1.]
363,1.0,364,0,False,1.0,182.0,0.0,1,1,0,[1. 0.],[1 2],,0,0.6,0.7,0.30000000000000004,[1. 1.]
364,0.0,365,1,False,0.0,183.0,1.0,1,0,1,[1. 0.],[1 2],,0,0.6,0.7,0.30000000000000004,[1. 1.]
365,1.0,366,0,False,1.0,183.0,0.0,1,1,0,[1. 0.],[1 2],,0,0.6,0.7,0.30000000000000004,[1. 1.]
366,0.0,367,1,False,0.0,184.0,1.0,1,0,1,[1. 0.],[1 2],,0,0.6,0.7,0.30000000000000004,[1. 1.]
367,1.0,368,0,False,1.0,184.0,0.0,1,1,0,[1. 1.],[1 2],,0,0.6,0.7,0.30000000000000004,[1. 1.]
368,0.0,369,1,False,0.0,185.0,1.0,1,0,1,[1. 1.],[1 2],,0,0.6,0.7,0.30000000000000004,[1. 1.]
369,1.0,370,0,False,1.0,185.0,0.0,1,1,0,[0. 0.],[1 2],0.0,0,0.6,0.7,0.30000000000000004,[1. 1.]
370,0.0,371,1,False,0.0,186.0,1.0,1,0,1,[0. 0.],[1 2],0.0,0,0.6,0.7,0.30000000000000004,[1. 1.]
371,1.0,372,0,False,0.0,186.0,0.0,1,1,0,[1. 1.],[1 2],1.0,0,0.6,0.7,0.30000000000000004,[1. 1.]
372,0.0,373,1,False,0.0,187.0,2.0,1,0,1,[1. 1.],[1 2],1.0,0,0.6,0.7,0.30000000000000004,[1. 1.]
373,2.0,374,0,False,1.0,187.0,0.0,1,1,0,[0. 0.],[1 2],0.0,0,0.6,0.7,0.30000000000000004,[1. 1.]
374,0.0,375,1,False,0.0,188.0,1.0,1,0,1,[0. 0.],[1 2],0.0,0,0.6,0.7,0.30000000000000004,[1. 1.]
375,1.0,376,0,False,0.0,188.0,0.0,1,1,0,[1. 1.],[1 2],,0,0.6,0.7,0.30000000000000004,[1. 1.]
376,0.0,377,1,False,0.0,189.0,1.0,1,0,1,[1. 1.],[1 2],,0,0.6,0.7,0.30000000000000004,[1. 1.]
377,1.0,378,0,False,1.0,189.0,0.0,1,1,0,[1. 0.],[1 2],0.0,0,0.6,0.7,0.30000000000000004,[1. 1.]
378,0.0,379,1,False,0.0,190.0,1.0,1,0,1,[1. 0.],[1 2],0.0,0,0.6,0.7,0.30000000000000004,[1. 1.]
379,1.0,380,0,False,1.0,190.0,0.0,1,1,0,[1. 1.],[2 1],,0,0.6,0.7,0.30000000000000004,[1. 1.]
380,0.0,381,1,False,0.0,191.0,2.0,1,0,1,[1. 1.],[2 1],,0,0.6,0.7,0.30000000000000004,[1. 1.]
381,2.0,382,0,False,1.0,191.0,0.0,1,1,0,[1. 0.],[2 1],,0,0.6,0.7,0.30000000000000004,[1. 1.]
382,0.0,383,1,False,0.0,192.0,2.0,1,0,1,[1. 0.],[2 1],,0,0.6,0.7,0.30000000000000004,[1. 1.]
383,2.0,384,0,False,0.0,192.0,0.0,1,1,0,[1. 0.],[2 1],1.0,0,0.6,0.7,0.30000000000000004,[1. 1.]
384,0.0,385,1,False,0.0,193.0,2.0,1,0,1,[1. 0.],[2 1],1.0,0,0.6,0.7,0.30000000000000004,[1. 1.]
385,2.0,386,0,False,0.0,193.0,0.0,1,1,0,[1. 0.],[2 1],0.0,0,0.6,0.7,0.30000000000000004,[1. 1.]
386,0.0,387,1,False,0.0,194.0,1.0,1,0,2,[1. 0.],[2 1],0.0,0,0.6,0.7,0.30000000000000004,[1. 1.]
387,1.0,388,0,False,1.0,194.0,0.0,1,1,0,[1. 0.],[2 1],,0,0.6,0.7,0.30000000000000004,[1. 1.]
388,0.0,389,1,False,0.0,195.0,1.0,1,0,2,[1. 0.],[2 1],,0,0.6,0.7,0.30000000000000004,[1. 1.]
389,1.0,390,0,False,1.0,195.0,0.0,1,1,0,[1. 0.],[2 1],0.0,0,0.6,0.7,0.30000000000000004,[1. 1.]
390,0.0,391,1,False,0.0,196.0,1.0,1,0,2,[1. 0.],[2 1],0.0,0,0.6,0.7,0.30000000000000004,[1. 1.]
391,1.0,392,0,False,1.0,196.0,0.0,1,1,0,[0. 0.],[2 1],0.0,0,0.6,0.7,0.30000000000000004,[1. 1.]
392,0.0,393,1,False,0.0,197.0,1.0,1,0,2,[0. 0.],[2 1],0.0,0,0.6,0.7,0.30000000000000004,[1. 1.]
393,1.0,394,0,False,0.0,197.0,0.0,1,1,0,[1. 1.],[2 1],,0,0.6,0.7,0.30000000000000004,[1. 1.]
394,0.0,395,1,False,0.0,198.0,1.0,1,0,2,[1. 1.],[2 1],,0,0.6,0.7,0.30000000000000004,[1. 1.]
395,1.0,396,0,False,1.0,198.0,0.0,1,1,0,[0. 1.],[2 1],,0,0.6,0.7,0.30000000000000004,[1. 1.]
396,0.0,397,1,False,0.0,199.0,1.0,1,0,2,[0. 1.],[2 1],,0,0.6,0.7,0.30000000000000004,[1. 1.]
397,1.0,398,0,False,0.0,199.0,0.0,1,1,0,[1. 1.],[2 1],1.0,0,0.6,0.7,0.30000000000000004,[1. 1.]
398,0.0,399,1,False,0.0,200.0,2.0,1,0,2,[1. 1.],[2 1],1.0,0,0.6,0.7,0.30000000000000004,[1. 1.]
399,2.0,400,0,False,1.0,200.0,0.0,1,1,0,[1. 0.],[2 1],,0,0.6,0.7,0.30000000000000004,[1. 1.]
400,0.0,401,1,False,0.0,201.0,1.0,1,0,2,[1. 0.],[2 1],,0,0.6,0.7,0.30000000000000004,[1. 1.]
401,1.0,402,0,False,1.0,201.0,0.0,1,1,0,[0. 1.],[2 1],,0,0.6,0.7,0.30000000000000004,[1. 1.]
402,0.0,403,1,False,0.0,202.0,1.0,1,0,2,[0. 1.],[2 1],,0,0.6,0.7,0.30000000000000004,[1. 1.]
403,1.0,404,0,False,0.0,202.0,0.0,1,1,0,[1. 1.],[2 1],,0,0.6,0.7,0.30000000000000004,[1. 1.]
404,0.0,405,1,False,0.0,203.0,1.0,1,0,2,[1. 1.],[2 1],,0,0.6,0.7,0.30000000000000004,[1. 1.]
405,1.0,406,0,False,1.0,203.0,0.0,1,1,0,[1. 0.],[2 1],0.0,0,0.6,0.7,0.30000000000000004,[1. 1.]
406,0.0,407,1,False,0.0,204.0,1.0,1,0,2,[1. 0.],[2 1],0.0,0,0.6,0.7,0.30000000000000004,[1. 1.]
407,1.0,408,0,False,1.0,204.0,0.0,1,1,0,[0. 0.],[2 1],,0,0.6,0.7,0.30000000000000004,[1. 1.]
408,0.0,409,1,False,0.0,205.0,1.0,1,0,2,[0. 0.],[2 1],,0,0.6,0.7,0.30000000000000004,[1. 1.]
409,1.0,410,0,False,0.0,205.0,0.0,1,1,0,[1. 0.],[2 1],1.0,0,0.6,0.7,0.30000000000000004,[1. 1.]
410,0.0,411,1,False,0.0,206.0,2.0,1,0,2,[1. 0.],[2 1],1.0,0,0.6,0.7,0.30000000000000004,[1. 1.]
411,2.0,412,0,False,1.0,206.0,0.0,1,1,0,[1. 1.],[2 1],1.0,0,0.6,0.7,0.30000000000000004,[1. 1.]
412,0.0,413,1,False,0.0,207.0,2.0,1,0,2,[1. 1.],[2 1],1.0,0,0.6,0.7,0.30000000000000004,[1. 1.]
413,2.0,414,0,False,1.0,207.0,0.0,1,1,0,[1. 1.],[2 1],1.0,0,0.6,0.7,0.30000000000000004,[1. 1.]
414,0.0,415,1,False,0.0,208.0,2.0,1,0,2,[1. 1.],[2 1],1.0,0,0.6,0.7,0.30000000000000004,[1. 1.]
415,2.0,416,0,False,1.0,208.0,0.0,1,1,0,[0. 0.],[2 1],,0,0.6,0.7,0.30000000000000004,[1. 1.]
416,0.0,417,1,False,0.0,209.0,1.0,1,0,2,[0. 0.],[2 1],,0,0.6,0.7,0.30000000000000004,[1. 1.]
417,1.0,418,0,False,0.0,209.0,0.0,1,1,0,[0. 0.],[2 1],1.0,0,0.6,0.7,0.30000000000000004,[1. 1.]
418,0.0,419,1,False,0.0,210.0,2.0,1,0,2,[0. 0.],[2 1],1.0,0,0.6,0.7,0.30000000000000004,[1. 1.]
419,2.0,420,0,False,0.0,210.0,0.0,1,1,0,[1. 1.],[2 1],0.0,0,0.6,0.7,0.30000000000000004,[1. 1.]
420,0.0,421,1,False,0.0,211.0,1.0,1,0,1,[1. 1.],[2 1],0.0,0,0.6,0.7,0.30000000000000004,[1. 1.]
421,1.0,422,0,False,1.0,211.0,0.0,1,1,0,[1. 0.],[2 1],0.0,0,0.6,0.7,0.30000000000000004,[1. 1.]
422,0.0,423,1,False,0.0,212.0,1.0,1,0,1,[1. 0.],[2 1],0.0,0,0.6,0.7,0.30000000000000004,[1. 1.]
423,1.0,424,0,False,0.0,212.0,0.0,1,1,0,[1. 1.],[2 1],,0,0.6,0.7,0.30000000000000004,[1. 1.]
424,0.0,425,1,False,0.0,213.0,2.0,1,0,1,[1. 1.],[2 1],,0,0.6,0.7,0.30000000000000004,[1. 1.]
425,2.0,426,0,False,1.0,213.0,0.0,1,1,0,[1. 0.],[2 1],1.0,0,0.6,0.7,0.30000000000000004,[1. 1.]
426,0.0,427,1,False,0.0,214.0,2.0,1,0,1,[1. 0.],[2 1],1.0,0,0.6,0.7,0.30000000000000004,[1. 1.]
427,2.0,428,0,False,0.0,214.0,0.0,1,1,0,[0. 1.],[2 1],1.0,0,0.6,0.7,0.30000000000000004,[1. 1.]
428,0.0,429,1,False,0.0,215.0,2.0,1,0,1,[0. 1.],[2 1],1.0,0,0.6,0.7,0.30000000000000004,[1. 1.]
429,2.0,430,0,False,1.0,215.0,0.0,1,1,0,[1. 0.],[2 1],,0,0.6,0.7,0.30000000000000004,[1. 1.]
430,0.0,431,1,False,0.0,216.0,2.0,1,0,1,[1. 0.],[2 1],,0,0.6,0.7,0.30000000000000004,[1. 1.]
431,2.0,432,0,False,0.0,216.0,0.0,1,1,0,[1. 0.],[2 1],1.0,0,0.6,0.7,0.30000000000000004,[1. 1.]
432,0.0,433,1,False,0.0,217.0,2.0,1,0,1,[1. 0.],[2 1],1.0,0,0.6,0.7,0.30000000000000004,[1. 1.]
433,2.0,434,0,False,0.0,217.0,0.0,1,1,0,[0. 0.],[2 1],0.0,0,0.6,0.7,0.30000000000000004,[1. 1.]
434,0.0,435,1,False,0.0,218.0,1.0,1,0,2,[0. 0.],[2 1],0.0,0,0.6,0.7,0.30000000000000004,[1. 1.]
435,1.0,436,0,False,0.0,218.0,0.0,1,1,0,[1. 1.],[2 1],,0,0.6,0.7,0.30000000000000004,[1. 1.]
436,0.0,437,1,False,0.0,219.0,1.0,1,0,2,[1. 1.],[2 1],,0,0.6,0.7,0.30000000000000004,[1. 1.]
437,1.0,438,0,False,1.0,219.0,0.0,1,1,0,[1. 1.],[2 1],,0,0.6,0.7,0.30000000000000004,[1. 1.]
438,0.0,439,1,False,0.0,220.0,1.0,1,0,2,[1. 1.],[2 1],,0,0.6,0.7,0.30000000000000004,[1. 1.]
439,1.0,440,0,False,1.0,220.0,0.0,1,1,0,[1. 1.],[2 1],,0,0.6,0.7,0.30000000000000004,[1. 1.]
440,0.0,441,1,False,0.0,221.0,1.0,1,0,2,[1. 1.],[2 1],,0,0.6,0.7,0.30000000000000004,[1. 1.]
441,1.0,442,0,False,1.0,221.0,0.0,1,1,0,[1. 0.],[2 1],0.0,0,0.6,0.7,0.30000000000000004,[1. 1.]
442,0.0,443,1,False,0.0,222.0,1.0,1,0,2,[1. 0.],[2 1],0.0,0,0.6,0.7,0.30000000000000004,[1. 1.]
443,1.0,444,0,False,1.0,222.0,0.0,1,1,0,[1. 0.],[2 1],,0,0.6,0.7,0.30000000000000004,[1. 1.]
444,0.0,445,1,False,0.0,223.0,1.0,1,0,2,[1. 0.],[2 1],,0,0.6,0.7,0.30000000000000004,[1. 1.]
445,1.0,446,0,False,1.0,223.0,0.0,1,1,0,[1. 0.],[1 2],1.0,0,0.6,0.7,0.30000000000000004,[1. 1.]
446,0.0,447,1,False,0.0,224.0,2.0,1,0,2,[1. 0.],[1 2],1.0,0,0.6,0.7,0.30000000000000004,[1. 1.]
447,2.0,448,0,False,0.0,224.0,0.0,1,1,0,[1. 0.],[1 2],1.0,0,0.6,0.7,0.30000000000000004,[1. 1.]
448,0.0,449,1,False,0.0,225.0,2.0,1,0,2,[1. 0.],[1 2],1.0,0,0.6,0.7,0.30000000000000004,[1. 1.]
449,2.0,450,0,False,0.0,225.0,0.0,1,1,0,[0. 0.],[1 2],0.0,0,0.6,0.7,0.30000000000000004,[1. 1.]
450,0.0,451,1,False,0.0,226.0,1.0,1,0,1,[0. 0.],[1 2],0.0,0,0.6,0.7,0.30000000000000004,[1. 1.]
451,1.0,452,0,False,0.0,226.0,0.0,1,1,0,[1. 1.],[1 2],0.0,0,0.6,0.7,0.30000000000000004,[1. 1.]
452,0.0,453,1,False,0.0,227.0,1.0,1,0,1,[1. 1.],[1 2],0.0,0,0.6,0.7,0.30000000000000004,[1. 1.]
453,1.0,454,0,False,1.0,227.0,0.0,1,1,0,[1. 1.],[1 2],0.0,0,0.6,0.7,0.30000000000000004,[1. 1.]
454,0.0,455,1,False,0.0,228.0,1.0,1,0,1,[1. 1.],[1 2],0.0,0,0.6,0.7,0.30000000000000004,[1. 1.]
455,1.0,456,0,False,1.0,228.0,0.0,1,1,0,[0. 0.],[1 2],0.0,0,0.6,0.7,0.30000000000000004,[1. 1.]
456,0.0,457,1,False,0.0,229.0,1.0,1,0,1,[0. 0.],[1 2],0.0,0,0.6,0.7,0.30000000000000004,[1. 1.]
457,1.0,458,0,False,0.0,229.0,0.0,1,1,0,[1. 0.],[1 2],,0,0.6,0.7,0.30000000000000004,[1. 1.]
458,0.0,459,1,False,0.0,230.0,1.0,1,0,1,[1. 0.],[1 2],,0,0.6,0.7,0.30000000000000004,[1. 1.]
459,1.0,460,0,False,1.0,230.0,0.0,1,1,0,[1. 0.],[1 2],,0,0.6,0.7,0.30000000000000004,[1. 1.]
460,0.0,461,1,False,0.0,231.0,1.0,1,0,1,[1. 0.],[1 2],,0,0.6,0.7,0.30000000000000004,[1. 1.]
461,1.0,462,0,False,1.0,231.0,0.0,1,1,0,[1. 0.],[1 2],,0,0.6,0.7,0.30000000000000004,[1. 1.]
462,0.0,463,1,False,0.0,232.0,1.0,1,0,1,[1. 0.],[1 2],,0,0.6,0.7,0.30000000000000004,[1. 1.]
463,1.0,464,0,False,1.0,232.0,0.0,1,1,0,[1. 0.],[1 2],0.0,0,0.6,0.7,0.30000000000000004,[1. 1.]
464,0.0,465,1,False,0.0,233.0,1.0,1,0,1,[1. 0.],[1 2],0.0,0,0.6,0.7,0.30000000000000004,[1. 1.]
465,1.0,466,0,False,1.0,233.0,0.0,1,1,0,[1. 0.],[1 2],0.0,0,0.6,0.7,0.30000000000000004,[1. 1.]
466,0.0,467,1,False,0.0,234.0,1.0,1,0,1,[1. 0.],[1 2],0.0,0,0.6,0.7,0.30000000000000004,[1. 1.]
467,1.0,468,0,False,1.0,234.0,0.0,1,1,0,[1. 0.],[1 2],,0,0.6,0.7,0.30000000000000004,[1. 1.]
468,0.0,469,1,False,0.0,235.0,1.0,1,0,1,[1. 0.],[1 2],,0,0.6,0.7,0.30000000000000004,[1. 1.]
469,1.0,470,0,False,1.0,235.0,0.0,1,1,0,[1. 0.],[1 2],0.0,0,0.6,0.7,0.30000000000000004,[1. 1.]
470,0.0,471,1,False,0.0,236.0,1.0,1,0,1,[1. 0.],[1 2],0.0,0,0.6,0.7,0.30000000000000004,[1. 1.]
471,1.0,472,0,False,1.0,236.0,0.0,1,1,0,[1. 0.],[1 2],,0,0.6,0.7,0.30000000000000004,[1. 1.]
472,0.0,473,1,False,0.0,237.0,1.0,1,0,1,[1. 0.],[1 2],,0,0.6,0.7,0.30000000000000004,[1. 1.]
473,1.0,474,0,False,1.0,237.0,0.0,1,1,0,[1. 0.],[1 2],,0,0.6,0.7,0.30000000000000004,[1. 1.]
474,0.0,475,1,False,0.0,238.0,1.0,1,0,1,[1. 0.],[1 2],,0,0.6,0.7,0.30000000000000004,[1. 1.]
475,1.0,476,0,False,1.0,238.0,0.0,1,1,0,[1. 1.],[1 2],0.0,0,0.6,0.7,0.30000000000000004,[1. 1.]
476,0.0,477,1,False,0.0,239.0,1.0,1,0,1,[1. 1.],[1 2],0.0,0,0.6,0.7,0.30000000000000004,[1. 1.]
477,1.0,478,0,False,1.0,239.0,0.0,1,1,0,[1. 1.],[1 2],0.0,0,0.6,0.7,0.30000000000000004,[1. 1.]
478,0.0,479,1,False,0.0,240.0,1.0,1,0,1,[1. 1.],[1 2],0.0,0,0.6,0.7,0.30000000000000004,[1. 1.]
479,1.0,480,0,False,1.0,240.0,0.0,1,1,0,[0. 0.],[1 2],,0,0.6,0.7,0.30000000000000004,[1. 1.]
480,0.0,481,1,False,0.0,241.0,1.0,1,0,1,[0. 0.],[1 2],,0,0.6,0.7,0.30000000000000004,[1. 1.]
481,1.0,482,0,False,0.0,241.0,0.0,1,1,0,[1. 0.],[1 2],0.0,0,0.6,0.7,0.30000000000000004,[1. 1.]
482,0.0,483,1,False,0.0,242.0,1.0,1,0,1,[1. 0.],[1 2],0.0,0,0.6,0.7,0.30000000000000004,[1. 1.]
483,1.0,484,0,False,1.0,242.0,0.0,1,1,0,[1. 0.],[1 2],1.0,0,0.6,0.7,0.30000000000000004,[1. 1.]
484,0.0,485,1,False,0.0,243.0,2.0,1,0,1,[1. 0.],[1 2],1.0,0,0.6,0.7,0.30000000000000004,[1. 1.]
485,2.0,486,0,False,1.0,243.0,0.0,1,1,0,[1. 0.],[1 2],0.0,0,0.6,0.7,0.30000000000000004,[1. 1.]
486,0.0,487,1,False,0.0,244.0,1.0,1,0,1,[1. 0.],[1 2],0.0,0,0.6,0.7,0.30000000000000004,[1. 1.]
487,1.0,488,0,False,1.0,244.0,0.0,1,1,0,[1. 1.],[1 2],1.0,0,0.6,0.7,0.30000000000000004,[1. 1.]
488,0.0,489,1,False,0.0,245.0,2.0,1,0,1,[1. 1.],[1 2],1.0,0,0.6,0.7,0.30000000000000004,[1. 1.]
489,2.0,490,0,False,1.0,245.0,0.0,1,1,0,[0. 0.],[1 2],0.0,0,0.6,0.7,0.30000000000000004,[1. 1.]
490,0.0,491,1,False,0.0,246.0,1.0,1,0,1,[0. 0.],[1 2],0.0,0,0.6,0.7,0.30000000000000004,[1. 1.]
491,1.0,492,0,False,0.0,246.0,0.0,1,1,0,[1. 0.],[1 2],,0,0.6,0.7,0.30000000000000004,[1. 1.]
492,0.0,493,1,False,0.0,247.0,1.0,1,0,1,[1. 0.],[1 2],,0,0.6,0.7,0.30000000000000004,[1. 1.]
493,1.0,494,0,False,1.0,247.0,0.0,1,1,0,[1. 0.],[1 2],,0,0.6,0.7,0.30000000000000004,[1. 1.]
494,0.0,495,1,False,0.0,248.0,1.0,1,0,1,[1. 0.],[1 2],,0,0.6,0.7,0.30000000000000004,[1. 1.]
495,1.0,496,0,False,1.0,248.0,0.0,1,1,0,[1. 0.],[1 2],0.0,0,0.6,0.7,0.30000000000000004,[1. 1.]
496,0.0,497,1,False,0.0,249.0,1.0,1,0,1,[1. 0.],[1 2],0.0,0,0.6,0.7,0.30000000000000004,[1. 1.]
497,1.0,498,0,False,1.0,249.0,0.0,1,1,0,[0. 1.],[1 2],,0,0.6,0.7,0.30000000000000004,[1. 1.]
498,0.0,499,1,False,0.0,250.0,1.0,1,0,1,[0. 1.],[1 2],,0,0.6,0.7,0.30000000000000004,[1. 1.]
499,1.0,500,0,False,0.0,250.0,0.0,1,1,0,[1. 0.],[1 2],0.0,0,0.6,0.7,0.30000000000000004,[1. 1.]
500,0.0,501,1,False,0.0,251.0,1.0,1,0,1,[1. 0.],[1 2],0.0,0,0.6,0.7,0.30000000000000004,[1. 1.]
501,1.0,502,0,False,1.0,251.0,0.0,1,1,0,[1. 0.],[1 2],1.0,0,0.6,0.7,0.30000000000000004,[1. 1.]
502,0.0,503,1,False,0.0,252.0,2.0,1,0,1,[1. 0.],[1 2],1.0,0,0.6,0.7,0.30000000000000004,[1. 1.]
503,2.0,504,0,False,1.0,252.0,0.0,1,1,0,[0. 0.],[1 2],,0,0.6,0.7,0.30000000000000004,[1. 1.]
504,0.0,505,1,False,0.0,253.0,1.0,1,0,1,[0. 0.],[1 2],,0,0.6,0.7,0.30000000000000004,[1. 1.]
505,1.0,506,0,False,0.0,253.0,0.0,1,1,0,[1. 0.],[1 2],,0,0.6,0.7,0.30000000000000004,[1. 1.]
506,0.0,507,1,False,0.0,254.0,1.0,1,0,1,[1. 0.],[1 2],,0,0.6,0.7,0.30000000000000004,[1. 1.]
507,1.0,508,0,False,1.0,254.0,0.0,1,1,0,[1. 0.],[1 2],1.0,0,0.6,0.7,0.30000000000000004,[1. 1.]
508,0.0,509,1,False,0.0,255.0,2.0,1,0,1,[1. 0.],[1 2],1.0,0,0.6,0.7,0.30000000000000004,[1. 1.]
509,2.0,510,0,False,1.0,255.0,0.0,1,1,0,[0. 0.],[1 2],0.0,0,0.6,0.7,0.30000000000000004,[1. 1.]
510,0.0,511,1,False,0.0,256.0,1.0,1,0,1,[0. 0.],[1 2],0.0,0,0.6,0.7,0.30000000000000004,[1. 1.]
511,1.0,512,0,False,0.0,256.0,0.0,1,1,0,[1. 0.],[1 2],1.0,0,0.6,0.7,0.30000000000000004,[1. 1.]
512,0.0,513,1,False,0.0,257.0,2.0,1,0,1,[1. 0.],[1 2],1.0,0,0.6,0.7,0.30000000000000004,[1. 1.]
513,2.0,514,0,False,1.0,257.0,0.0,1,1,0,[1. 0.],[1 2],1.0,0,0.6,0.7,0.30000000000000004,[1. 1.]
514,0.0,515,1,False,0.0,258.0,2.0,1,0,1,[1. 0.],[1 2],1.0,0,0.6,0.7,0.30000000000000004,[1. 1.]
515,2.0,516,0,False,1.0,258.0,0.0,1,1,0,[0. 0.],[1 2],0.0,0,0.6,0.7,0.30000000000000004,[1. 1.]
516,0.0,517,1,False,0.0,259.0,1.0,1,0,1,[0. 0.],[1 2],0.0,0,0.6,0.7,0.30000000000000004,[1. 1.]
517,1.0,518,0,False,0.0,259.0,0.0,1,1,0,[0. 0.],[1 2],,0,0.6,0.7,0.30000000000000004,[1. 1.]
518,0.0,519,1,False,0.0,260.0,1.0,1,0,1,[0. 0.],[1 2],,0,0.6,0.7,0.30000000000000004,[1. 1.]
519,1.0,520,0,False,0.0,260.0,0.0,1,1,0,[1. 1.],[1 2],,0,0.6,0.7,0.30000000000000004,[1. 1.]
520,0.0,521,1,False,0.0,261.0,1.0,1,0,1,[1. 1.],[1 2],,0,0.6,0.7,0.30000000000000004,[1. 1.]
521,1.0,522,0,False,1.0,261.0,0.0,1,1,0,[1. 1.],[1 2],,0,0.6,0.7,0.30000000000000004,[1. 1.]
522,0.0,523,1,False,0.0,262.0,1.0,1,0,1,[1. 1.],[1 2],,0,0.6,0.7,0.30000000000000004,[1. 1.]
523,1.0,524,0,False,1.0,262.0,0.0,1,1,0,[1. 1.],[1 2],,0,0.6,0.7,0.30000000000000004,[1. 1.]
524,0.0,525,1,False,0.0,263.0,1.0,1,0,1,[1. 1.],[1 2],,0,0.6,0.7,0.30000000000000004,[1. 1.]
525,1.0,526,0,False,1.0,263.0,0.0,1,1,0,[1. 0.],[1 2],0.0,0,0.6,0.7,0.30000000000000004,[1. 1.]
526,0.0,527,1,False,0.0,264.0,1.0,1,0,1,[1. 0.],[1 2],0.0,0,0.6,0.7,0.30000000000000004,[1. 1.]
527,1.0,528,0,False,1.0,264.0,0.0,1,1,0,[0. 0.],[1 2],0.0,0,0.6,0.7,0.30000000000000004,[1. 1.]
528,0.0,529,1,False,0.0,265.0,1.0,1,0,1,[0. 0.],[1 2],0.0,0,0.6,0.7,0.30000000000000004,[1. 1.]
529,1.0,530,0,False,0.0,265.0,0.0,1,1,0,[1. 0.],[1 2],,0,0.6,0.7,0.30000000000000004,[1. 1.]
530,0.0,531,1,False,0.0,266.0,1.0,1,0,1,[1. 0.],[1 2],,0,0.6,0.7,0.30000000000000004,[1. 1.]
531,1.0,532,0,False,1.0,266.0,0.0,1,1,0,[0. 0.],[1 2],0.0,0,0.6,0.7,0.30000000000000004,[1. 1.]
532,0.0,533,1,False,0.0,267.0,1.0,1,0,1,[0. 0.],[1 2],0.0,0,0.6,0.7,0.30000000000000004,[1. 1.]
533,1.0,534,0,False,0.0,267.0,0.0,1,1,0,[0. 1.],[1 2],1.0,0,0.6,0.7,0.30000000000000004,[1. 1.]
534,0.0,535,1,False,0.0,268.0,2.0,1,0,1,[0. 1.],[1 2],1.0,0,0.6,0.7,0.30000000000000004,[1. 1.]
535,2.0,536,0,False,0.0,268.0,0.0,1,1,0,[0. 0.],[1 2],,0,0.6,0.7,0.30000000000000004,[1. 1.]
536,0.0,537,1,False,0.0,269.0,2.0,1,0,2,[0. 0.],[1 2],,0,0.6,0.7,0.30000000000000004,[1. 1.]
537,2.0,538,0,False,0.0,269.0,0.0,1,1,0,[1. 1.],[1 2],,0,0.6,0.7,0.30000000000000004,[1. 1.]
538,0.0,539,1,False,0.0,270.0,1.0,1,0,1,[1. 1.],[1 2],,0,0.6,0.7,0.30000000000000004,[1. 1.]
539,1.0,540,0,False,1.0,270.0,0.0,1,1,0,[1. 0.],[1 2],1.0,0,0.6,0.7,0.30000000000000004,[1. 1.]
540,0.0,541,1,False,0.0,271.0,2.0,1,0,1,[1. 0.],[1 2],1.0,0,0.6,0.7,0.30000000000000004,[1. 1.]
541,2.0,542,0,False,1.0,271.0,0.0,1,1,0,[0. 1.],[1 2],0.0,0,0.6,0.7,0.30000000000000004,[1. 1.]
542,0.0,543,1,False,0.0,272.0,1.0,1,0,1,[0. 1.],[1 2],0.0,0,0.6,0.7,0.30000000000000004,[1. 1.]
543,1.0,544,0,False,0.0,272.0,0.0,1,1,0,[0. 1.],[1 2],,0,0.6,0.7,0.30000000000000004,[1. 1.]
544,0.0,545,1,False,0.0,273.0,1.0,1,0,1,[0. 1.],[1 2],,0,0.6,0.7,0.30000000000000004,[1. 1.]
545,1.0,546,0,False,0.0,273.0,0.0,1,1,0,[1. 0.],[1 2],,0,0.6,0.7,0.30000000000000004,[1. 1.]
546,0.0,547,1,False,0.0,274.0,1.0,1,0,1,[1. 0.],[1 2],,0,0.6,0.7,0.30000000000000004,[1. 1.]
547,1.0,548,0,False,1.0,274.0,0.0,1,1,0,[0. 0.],[1 2],0.0,0,0.6,0.7,0.30000000000000004,[1. 1.]
548,0.0,549,1,False,0.0,275.0,1.0,1,0,1,[0. 0.],[1 2],0.0,0,0.6,0.7,0.30000000000000004,[1. 1.]
549,1.0,550,0,False,0.0,275.0,0.0,1,1,0,[1. 0.],[1 2],1.0,0,0.6,0.7,0.30000000000000004,[1. 1.]
550,0.0,551,1,False,0.0,276.0,2.0,1,0,1,[1. 0.],[1 2],1.0,0,0.6,0.7,0.30000000000000004,[1. 1.]
551,2.0,552,0,False,1.0,276.0,0.0,1,1,0,[1. 1.],[1 2],,0,0.6,0.7,0.30000000000000004,[1. 1.]
552,0.0,553,1,False,0.0,277.0,1.0,1,0,1,[1. 1.],[1 2],,0,0.6,0.7,0.30000000000000004,[1. 1.]
553,1.0,554,0,False,1.0,277.0,0.0,1,1,0,[1. 0.],[1 2],1.0,0,0.6,0.7,0.30000000000000004,[1. 1.]
554,0.0,555,1,False,0.0,278.0,2.0,1,0,1,[1. 0.],[1 2],1.0,0,0.6,0.7,0.30000000000000004,[1. 1.]
555,2.0,556,0,False,1.0,278.0,0.0,1,1,0,[1. 1.],[1 2],,0,0.6,0.7,0.30000000000000004,[1. 1.]
556,0.0,557,1,False,0.0,279.0,1.0,1,0,1,[1. 1.],[1 2],,0,0.6,0.7,0.30000000000000004,[1. 1.]
557,1.0,558,0,False,1.0,279.0,0.0,1,1,0,[0. 0.],[1 2],,0,0.6,0.7,0.30000000000000004,[1. 1.]
558,0.0,559,1,False,0.0,280.0,1.0,1,0,1,[0. 0.],[1 2],,0,0.6,0.7,0.30000000000000004,[1. 1.]
559,1.0,560,0,False,0.0,280.0,0.0,1,1,0,[1. 0.],[1 2],,0,0.6,0.7,0.30000000000000004,[1. 1.]
560,0.0,561,1,False,0.0,281.0,1.0,1,0,1,[1. 0.],[1 2],,0,0.6,0.7,0.30000000000000004,[1. 1.]
561,1.0,562,0,False,1.0,281.0,0.0,1,1,0,[0. 0.],[1 2],,0,0.6,0.7,0.30000000000000004,[1. 1.]
562,0.0,563,1,False,0.0,282.0,1.0,1,0,1,[0. 0.],[1 2],,0,0.6,0.7,0.30000000000000004,[1. 1.]
563,1.0,564,0,False,0.0,282.0,0.0,1,1,0,[1. 0.],[1 2],,0,0.6,0.7,0.30000000000000004,[1. 1.]
564,0.0,565,1,False,0.0,283.0,1.0,1,0,1,[1. 0.],[1 2],,0,0.6,0.7,0.30000000000000004,[1. 1.]
565,1.0,566,0,False,1.0,283.0,0.0,1,1,0,[1. 1.],[1 2],1.0,0,0.6,0.7,0.30000000000000004,[1. 1.]
566,0.0,567,1,False,0.0,284.0,2.0,1,0,1,[1. 1.],[1 2],1.0,0,0.6,0.7,0.30000000000000004,[1. 1.]
567,2.0,568,0,False,1.0,284.0,0.0,1,1,0,[1. 0.],[1 2],1.0,0,0.6,0.7,0.30000000000000004,[1. 1.]
568,0.0,569,1,False,0.0,285.0,2.0,1,0,1,[1. 0.],[1 2],1.0,0,0.6,0.7,0.30000000000000004,[1. 1.]
569,2.0,570,0,False,1.0,285.0,0.0,1,1,0,[1. 0.],[1 2],1.0,0,0.6,0.7,0.30000000000000004,[1. 1.]
570,0.0,571,1,False,0.0,286.0,2.0,1,0,1,[1. 0.],[1 2],1.0,0,0.6,0.7,0.30000000000000004,[1. 1.]
571,2.0,572,0,False,1.0,286.0,0.0,1,1,0,[1. 1.],[1 2],,0,0.6,0.7,0.30000000000000004,[1. 1.]
572,0.0,573,1,False,0.0,287.0,1.0,1,0,1,[1. 1.],[1 2],,0,0.6,0.7,0.30000000000000004,[1. 1.]
573,1.0,574,0,False,1.0,287.0,0.0,1,1,0,[0. 0.],[1 2],,0,0.6,0.7,0.30000000000000004,[1. 1.]
574,0.0,575,1,False,0.0,288.0,1.0,1,0,1,[0. 0.],[1 2],,0,0.6,0.7,0.30000000000000004,[1. 1.]
575,1.0,576,0,False,0.0,288.0,0.0,1,1,0,[0. 0.],[2 1],,0,0.6,0.7,0.30000000000000004,[1. 1.]
576,0.0,577,1,False,0.0,289.0,2.0,1,0,1,[0. 0.],[2 1],,0,0.6,0.7,0.30000000000000004,[1. 1.]
577,2.0,578,0,False,0.0,289.0,0.0,1,1,0,[1. 0.],[2 1],,0,0.6,0.7,0.30000000000000004,[1. 1.]
578,0.0,579,1,False,0.0,290.0,1.0,1,0,2,[1. 0.],[2 1],,0,0.6,0.7,0.30000000000000004,[1. 1.]
579,1.0,580,0,False,1.0,290.0,0.0,1,1,0,[1. 0.],[2 1],1.0,0,0.6,0.7,0.30000000000000004,[1. 1.]
580,0.0,581,1,False,0.0,291.0,2.0,1,0,2,[1. 0.],[2 1],1.0,0,0.6,0.7,0.30000000000000004,[1. 1.]
581,2.0,582,0,False,1.0,291.0,0.0,1,1,0,[1. 0.],[2 1],0.0,0,0.6,0.7,0.30000000000000004,[1. 1.]
582,0.0,583,1,False,0.0,292.0,1.0,1,0,2,[1. 0.],[2 1],0.0,0,0.6,0.7,0.30000000000000004,[1. 1.]
583,1.0,584,0,False,1.0,292.0,0.0,1,1,0,[1. 1.],[2 1],0.0,0,0.6,0.7,0.30000000000000004,[1. 1.]
584,0.0,585,1,False,0.0,293.0,1.0,1,0,2,[1. 1.],[2 1],0.0,0,0.6,0.7,0.30000000000000004,[1. 1.]
585,1.0,586,0,False,1.0,293.0,0.0,1,1,0,[1. 0.],[2 1],0.0,0,0.6,0.7,0.30000000000000004,[1. 1.]
586,0.0,587,1,False,0.0,294.0,1.0,1,0,2,[1. 0.],[2 1],0.0,0,0.6,0.7,0.30000000000000004,[1. 1.]
587,1.0,588,0,False,1.0,294.0,0.0,1,1,0,[1. 0.],[2 1],1.0,0,0.6,0.7,0.30000000000000004,[1. 1.]
588,0.0,589,1,False,0.0,295.0,2.0,1,0,2,[1. 0.],[2 1],1.0,0,0.6,0.7,0.30000000000000004,[1. 1.]
589,2.0,590,0,False,1.0,295.0,0.0,1,1,0,[1. 0.],[2 1],0.0,0,0.6,0.7,0.30000000000000004,[1. 1.]
590,0.0,591,1,False,0.0,296.0,1.0,1,0,2,[1. 0.],[2 1],0.0,0,0.6,0.7,0.30000000000000004,[1. 1.]
591,1.0,592,0,False,1.0,296.0,0.0,1,1,0,[1. 0.],[2 1],0.0,0,0.6,0.7,0.30000000000000004,[1. 1.]
592,0.0,593,1,False,0.0,297.0,1.0,1,0,2,[1. 0.],[2 1],0.0,0,0.6,0.7,0.30000000000000004,[1. 1.]
593,1.0,594,0,False,1.0,297.0,0.0,1,1,0,[1. 0.],[2 1],1.0,0,0.6,0.7,0.30000000000000004,[1. 1.]
594,0.0,595,1,False,0.0,298.0,2.0,1,0,2,[1. 0.],[2 1],1.0,0,0.6,0.7,0.30000000000000004,[1. 1.]
595,2.0,596,0,False,1.0,298.0,0.0,1,1,0,[0. 1.],[2 1],1.0,0,0.6,0.7,0.30000000000000004,[1. 1.]
596,0.0,597,1,False,0.0,299.0,2.0,1,0,2,[0. 1.],[2 1],1.0,0,0.6,0.7,0.30000000000000004,[1. 1.]
597,2.0,598,0,False,0.0,299.0,0.0,1,1,0,[0. 0.],[2 1],0.0,0,0.6,0.7,0.30000000000000004,[1. 1.]
598,0.0,599,1,False,0.0,300.0,1.0,1,0,2,[0. 0.],[2 1],0.0,0,0.6,0.7,0.30000000000000004,[1. 1.]
599,1.0,600,0,False,0.0,300.0,0.0,1,1,0,[1. 0.],[2 1],,0,0.6,0.7,0.30000000000000004,[1. 1.]
600,0.0,601,1,False,0.0,301.0,1.0,1,0,2,[1. 0.],[2 1],,0,0.6,0.7,0.30000000000000004,[1. 1.]
601,1.0,602,0,False,1.0,301.0,0.0,1,1,0,[1. 0.],[2 1],,0,0.6,0.7,0.30000000000000004,[1. 1.]
602,0.0,603,1,False,0.0,302.0,1.0,1,0,2,[1. 0.],[2 1],,0,0.6,0.7,0.30000000000000004,[1. 1.]
603,1.0,604,0,False,1.0,302.0,0.0,1,1,0,[1. 0.],[2 1],1.0,0,0.6,0.7,0.30000000000000004,[1. 1.]
604,0.0,605,1,False,0.0,303.0,2.0,1,0,2,[1. 0.],[2 1],1.0,0,0.6,0.7,0.30000000000000004,[1. 1.]
605,2.0,606,0,False,1.0,303.0,0.0,1,1,0,[0. 1.],[2 1],,0,0.6,0.7,0.30000000000000004,[1. 1.]
606,0.0,607,1,False,0.0,304.0,1.0,1,0,2,[0. 1.],[2 1],,0,0.6,0.7,0.30000000000000004,[1. 1.]
607,1.0,608,0,False,0.0,304.0,0.0,1,1,0,[0. 0.],[2 1],,0,0.6,0.7,0.30000000000000004,[1. 1.]
608,0.0,609,1,False,0.0,305.0,1.0,1,0,2,[0. 0.],[2 1],,0,0.6,0.7,0.30000000000000004,[1. 1.]
609,1.0,610,0,False,0.0,305.0,0.0,1,1,0,[1. 0.],[2 1],,0,0.6,0.7,0.30000000000000004,[1. 1.]
610,0.0,611,1,False,0.0,306.0,1.0,1,0,2,[1. 0.],[2 1],,0,0.6,0.7,0.30000000000000004,[1. 1.]
611,1.0,612,0,False,1.0,306.0,0.0,1,1,0,[1. 0.],[2 1],,0,0.6,0.7,0.30000000000000004,[1. 1.]
612,0.0,613,1,False,0.0,307.0,1.0,1,0,2,[1. 0.],[2 1],,0,0.6,0.7,0.30000000000000004,[1. 1.]
613,1.0,614,0,False,1.0,307.0,0.0,1,1,0,[0. 1.],[2 1],,0,0.6,0.7,0.30000000000000004,[1. 1.]
614,0.0,615,1,False,0.0,308.0,1.0,1,0,2,[0. 1.],[2 1],,0,0.6,0.7,0.30000000000000004,[1. 1.]
615,1.0,616,0,False,0.0,308.0,0.0,1,1,0,[0. 0.],[2 1],,0,0.6,0.7,0.30000000000000004,[1. 1.]
616,0.0,617,1,False,0.0,309.0,1.0,1,0,2,[0. 0.],[2 1],,0,0.6,0.7,0.30000000000000004,[1. 1.]
617,1.0,618,0,False,0.0,309.0,0.0,1,1,0,[1. 0.],[2 1],1.0,0,0.6,0.7,0.30000000000000004,[1. 1.]
618,0.0,619,1,False,0.0,310.0,2.0,1,0,2,[1. 0.],[2 1],1.0,0,0.6,0.7,0.30000000000000004,[1. 1.]
619,2.0,620,0,False,1.0,310.0,0.0,1,1,0,[1. 1.],[2 1],,0,0.6,0.7,0.30000000000000004,[1. 1.]
620,0.0,621,1,False,0.0,311.0,1.0,1,0,2,[1. 1.],[2 1],,0,0.6,0.7,0.30000000000000004,[1. 1.]
621,1.0,622,0,False,1.0,311.0,0.0,1,1,0,[0. 1.],[2 1],,0,0.6,0.7,0.30000000000000004,[1. 1.]
622,0.0,623,1,False,0.0,312.0,1.0,1,0,2,[0. 1.],[2 1],,0,0.6,0.7,0.30000000000000004,[1. 1.]
623,1.0,624,0,False,0.0,312.0,0.0,1,1,0,[0. 0.],[2 1],,0,0.6,0.7,0.30000000000000004,[1. 1.]
624,0.0,625,1,False,0.0,313.0,1.0,1,0,2,[0. 0.],[2 1],,0,0.6,0.7,0.30000000000000004,[1. 1.]
625,1.0,626,0,False,0.0,313.0,0.0,1,1,0,[1. 0.],[2 1],,0,0.6,0.7,0.30000000000000004,[1. 1.]
626,0.0,627,1,False,0.0,314.0,2.0,1,0,1,[1. 0.],[2 1],,0,0.6,0.7,0.30000000000000004,[1. 1.]
627,2.0,628,0,False,0.0,314.0,0.0,1,1,0,[1. 0.],[2 1],1.0,0,0.6,0.7,0.30000000000000004,[1. 1.]
628,0.0,629,1,False,0.0,315.0,2.0,1,0,2,[1. 0.],[2 1],1.0,0,0.6,0.7,0.30000000000000004,[1. 1.]
629,2.0,630,0,False,1.0,315.0,0.0,1,1,0,[1. 1.],[2 1],0.0,0,0.6,0.7,0.30000000000000004,[1. 1.]
630,0.0,631,1,False,0.0,316.0,1.0,1,0,2,[1. 1.],[2 1],0.0,0,0.6,0.7,0.30000000000000004,[1. 1.]
631,1.0,632,0,False,1.0,316.0,0.0,1,1,0,[1. 0.],[2 1],0.0,0,0.6,0.7,0.30000000000000004,[1. 1.]
632,0.0,633,1,False,0.0,317.0,1.0,1,0,2,[1. 0.],[2 1],0.0,0,0.6,0.7,0.30000000000000004,[1. 1.]
633,1.0,634,0,False,1.0,317.0,0.0,1,1,0,[0. 1.],[2 1],1.0,0,0.6,0.7,0.30000000000000004,[1. 1.]
634,0.0,635,1,False,0.0,318.0,2.0,1,0,2,[0. 1.],[2 1],1.0,0,0.6,0.7,0.30000000000000004,[1. 1.]
635,2.0,636,0,False,0.0,318.0,0.0,1,1,0,[1. 1.],[2 1],1.0,0,0.6,0.7,0.30000000000000004,[1. 1.]
636,0.0,637,1,False,0.0,319.0,2.0,1,0,2,[1. 1.],[2 1],1.0,0,0.6,0.7,0.30000000000000004,[1. 1.]
637,2.0,638,0,False,1.0,319.0,0.0,1,1,0,[1. 1.],[2 1],,0,0.6,0.7,0.30000000000000004,[1. 1.]
638,0.0,639,1,False,0.0,320.0,1.0,1,0,2,[1. 1.],[2 1],,0,0.6,0.7,0.30000000000000004,[1. 1.]
639,1.0,640,0,False,1.0,320.0,0.0,1,1,0,[1. 1.],[2 1],,0,0.6,0.7,0.30000000000000004,[1. 1.]
640,0.0,641,1,False,0.0,321.0,1.0,1,0,2,[1. 1.],[2 1],,0,0.6,0.7,0.30000000000000004,[1. 1.]
641,1.0,642,0,False,1.0,321.0,0.0,1,1,0,[0. 1.],[2 1],,0,0.6,0.7,0.30000000000000004,[1. 1.]
642,0.0,643,1,False,0.0,322.0,1.0,1,0,2,[0. 1.],[2 1],,0,0.6,0.7,0.30000000000000004,[1. 1.]
643,1.0,644,0,False,0.0,322.0,0.0,1,1,0,[1. 0.],[2 1],1.0,0,0.6,0.7,0.30000000000000004,[1. 1.]
644,0.0,645,1,False,0.0,323.0,2.0,1,0,2,[1. 0.],[2 1],1.0,0,0.6,0.7,0.30000000000000004,[1. 1.]
645,2.0,646,0,False,1.0,323.0,0.0,1,1,0,[0. 0.],[2 1],1.0,0,0.6,0.7,0.30000000000000004,[1. 1.]
646,0.0,647,1,False,0.0,324.0,2.0,1,0,2,[0. 0.],[2 1],1.0,0,0.6,0.7,0.30000000000000004,[1. 1.]
647,2.0,648,0,False,0.0,324.0,0.0,1,1,0,[1. 0.],[2 1],,0,0.6,0.7,0.30000000000000004,[1. 1.]
648,0.0,649,1,False,0.0,325.0,1.0,1,0,2,[1. 0.],[2 1],,0,0.6,0.7,0.30000000000000004,[1. 1.]
649,1.0,650,0,False,1.0,325.0,0.0,1,1,0,[1. 1.],[2 1],1.0,0,0.6,0.7,0.30000000000000004,[1. 1.]
650,0.0,651,1,False,0.0,326.0,2.0,1,0,2,[1. 1.],[2 1],1.0,0,0.6,0.7,0.30000000000000004,[1. 1.]
651,2.0,652,0,False,1.0,326.0,0.0,1,1,0,[1. 0.],[2 1],,0,0.6,0.7,0.30000000000000004,[1. 1.]
652,0.0,653,1,False,0.0,327.0,1.0,1,0,2,[1. 0.],[2 1],,0,0.6,0.7,0.30000000000000004,[1. 1.]
653,1.0,654,0,False,1.0,327.0,0.0,1,1,0,[1. 0.],[2 1],1.0,0,0.6,0.7,0.30000000000000004,[1. 1.]
654,0.0,655,1,False,0.0,328.0,2.0,1,0,2,[1. 0.],[2 1],1.0,0,0.6,0.7,0.30000000000000004,[1. 1.]
655,2.0,656,0,False,1.0,328.0,0.0,1,1,0,[0. 0.],[2 1],1.0,0,0.6,0.7,0.30000000000000004,[1. 1.]
656,0.0,657,1,False,0.0,329.0,2.0,1,0,2,[0. 0.],[2 1],1.0,0,0.6,0.7,0.30000000000000004,[1. 1.]
657,2.0,658,0,False,0.0,329.0,0.0,1,1,0,[1. 0.],[2 1],0.0,0,0.6,0.7,0.30000000000000004,[1. 1.]
658,0.0,659,1,False,0.0,330.0,1.0,1,0,1,[1. 0.],[2 1],0.0,0,0.6,0.7,0.30000000000000004,[1. 1.]
659,1.0,660,0,False,0.0,330.0,0.0,1,1,0,[1. 1.],[2 1],,0,0.6,0.7,0.30000000000000004,[1. 1.]
660,0.0,661,1,False,0.0,331.0,1.0,1,0,2,[1. 1.],[2 1],,0,0.6,0.7,0.30000000000000004,[1. 1.]
661,1.0,662,0,False,1.0,331.0,0.0,1,1,0,[1. 0.],[2 1],,0,0.6,0.7,0.30000000000000004,[1. 1.]
662,0.0,663,1,False,0.0,332.0,1.0,1,0,2,[1. 0.],[2 1],,0,0.6,0.7,0.30000000000000004,[1. 1.]
663,1.0,664,0,False,1.0,332.0,0.0,1,1,0,[1. 0.],[2 1],0.0,0,0.6,0.7,0.30000000000000004,[1. 1.]
664,0.0,665,1,False,0.0,333.0,1.0,1,0,2,[1. 0.],[2 1],0.0,0,0.6,0.7,0.30000000000000004,[1. 1.]
665,1.0,666,0,False,1.0,333.0,0.0,1,1,0,[1. 0.],[2 1],,0,0.6,0.7,0.30000000000000004,[1. 1.]
666,0.0,667,1,False,0.0,334.0,1.0,1,0,2,[1. 0.],[2 1],,0,0.6,0.7,0.30000000000000004,[1. 1.]
667,1.0,668,0,False,1.0,334.0,0.0,1,1,0,[1. 1.],[2 1],0.0,0,0.6,0.7,0.30000000000000004,[1. 1.]
668,0.0,669,1,False,0.0,335.0,1.0,1,0,2,[1. 1.],[2 1],0.0,0,0.6,0.7,0.30000000000000004,[1. 1.]
669,1.0,670,0,False,1.0,335.0,0.0,1,1,0,[1. 0.],[2 1],0.0,0,0.6,0.7,0.30000000000000004,[1. 1.]
670,0.0,671,1,False,0.0,336.0,1.0,1,0,2,[1. 0.],[2 1],0.0,0,0.6,0.7,0.30000000000000004,[1. 1.]
671,1.0,672,0,False,1.0,336.0,0.0,1,1,0,[1. 1.],[2 1],0.0,0,0.6,0.7,0.30000000000000004,[1. 1.]
672,0.0,673,1,False,0.0,337.0,1.0,1,0,2,[1. 1.],[2 1],0.0,0,0.6,0.7,0.30000000000000004,[1. 1.]
673,1.0,674,0,False,1.0,337.0,0.0,1,1,0,[1. 0.],[1 2],1.0,0,0.6,0.7,0.30000000000000004,[1. 1.]
674,0.0,675,1,False,0.0,338.0,2.0,1,0,2,[1. 0.],[1 2],1.0,0,0.6,0.7,0.30000000000000004,[1. 1.]
675,2.0,676,0,False,0.0,338.0,0.0,1,1,0,[1. 0.],[1 2],,0,0.6,0.7,0.30000000000000004,[1. 1.]
676,0.0,677,1,False,0.0,339.0,1.0,1,0,1,[1. 0.],[1 2],,0,0.6,0.7,0.30000000000000004,[1. 1.]
677,1.0,678,0,False,1.0,339.0,0.0,1,1,0,[1. 0.],[1 2],0.0,0,0.6,0.7,0.30000000000000004,[1. 1.]
678,0.0,679,1,False,0.0,340.0,1.0,1,0,1,[1. 0.],[1 2],0.0,0,0.6,0.7,0.30000000000000004,[1. 1.]
679,1.0,680,0,False,1.0,340.0,0.0,1,1,0,[1. 0.],[1 2],0.0,0,0.6,0.7,0.30000000000000004,[1. 1.]
680,0.0,681,1,False,0.0,341.0,1.0,1,0,1,[1. 0.],[1 2],0.0,0,0.6,0.7,0.30000000000000004,[1. 1.]
681,1.0,682,0,False,1.0,341.0,0.0,1,1,0,[1. 1.],[1 2],,0,0.6,0.7,0.30000000000000004,[1. 1.]
682,0.0,683,1,False,0.0,342.0,1.0,1,0,1,[1. 1.],[1 2],,0,0.6,0.7,0.30000000000000004,[1. 1.]
683,1.0,684,0,False,1.0,342.0,0.0,1,1,0,[1. 1.],[1 2],1.0,0,0.6,0.7,0.30000000000000004,[1. 1.]
684,0.0,685,1,False,0.0,343.0,2.0,1,0,1,[1. 1.],[1 2],1.0,0,0.6,0.7,0.30000000000000004,[1. 1.]
685,2.0,686,0,False,1.0,343.0,0.0,1,1,0,[1. 0.],[1 2],0.0,0,0.6,0.7,0.30000000000000004,[1. 1.]
686,0.0,687,1,False,0.0,344.0,1.0,1,0,1,[1. 0.],[1 2],0.0,0,0.6,0.7,0.30000000000000004,[1. 1.]
687,1.0,688,0,False,1.0,344.0,0.0,1,1,0,[0. 1.],[1 2],,0,0.6,0.7,0.30000000000000004,[1. 1.]
688,0.0,689,1,False,0.0,345.0,1.0,1,0,1,[0. 1.],[1 2],,0,0.6,0.7,0.30000000000000004,[1. 1.]
689,1.0,690,0,False,0.0,345.0,0.0,1,1,0,[1. 0.],[1 2],1.0,0,0.6,0.7,0.30000000000000004,[1. 1.]
690,0.0,691,1,False,0.0,346.0,2.0,1,0,1,[1. 0.],[1 2],1.0,0,0.6,0.7,0.30000000000000004,[1. 1.]
691,2.0,692,0,False,1.0,346.0,0.0,1,1,0,[1. 1.],[1 2],0.0,0,0.6,0.7,0.30000000000000004,[1. 1.]
692,0.0,693,1,False,0.0,347.0,1.0,1,0,1,[1. 1.],[1 2],0.0,0,0.6,0.7,0.30000000000000004,[1. 1.]
693,1.0,694,0,False,1.0,347.0,0.0,1,1,0,[1. 1.],[1 2],0.0,0,0.6,0.7,0.30000000000000004,[1. 1.]
694,0.0,695,1,False,0.0,348.0,1.0,1,0,1,[1. 1.],[1 2],0.0,0,0.6,0.7,0.30000000000000004,[1. 1.]
695,1.0,696,0,False,1.0,348.0,0.0,1,1,0,[0. 0.],[1 2],0.0,0,0.6,0.7,0.30000000000000004,[1. 1.]
696,0.0,697,1,False,0.0,349.0,1.0,1,0,1,[0. 0.],[1 2],0.0,0,0.6,0.7,0.30000000000000004,[1. 1.]
697,1.0,698,0,False,0.0,349.0,0.0,1,1,0,[1. 0.],[1 2],,0,0.6,0.7,0.30000000000000004,[1. 1.]
698,0.0,699,1,False,0.0,350.0,1.0,1,0,1,[1. 0.],[1 2],,0,0.6,0.7,0.30000000000000004,[1. 1.]
699,1.0,700,0,False,1.0,350.0,0.0,1,1,0,[1. 0.],[1 2],,0,0.6,0.7,0.30000000000000004,[1. 1.]
700,0.0,701,1,False,0.0,351.0,1.0,1,0,1,[1. 0.],[1 2],,0,0.6,0.7,0.30000000000000004,[1. 1.]
701,1.0,702,0,False,1.0,351.0,0.0,1,1,0,[1. 0.],[1 2],0.0,0,0.6,0.7,0.30000000000000004,[1. 1.]
702,0.0,703,1,False,0.0,352.0,1.0,1,0,1,[1. 0.],[1 2],0.0,0,0.6,0.7,0.30000000000000004,[1. 1.]
703,1.0,704,0,False,1.0,352.0,0.0,1,1,0,[0. 0.],[1 2],0.0,0,0.6,0.7,0.30000000000000004,[1. 1.]
704,0.0,705,1,False,0.0,353.0,1.0,1,0,1,[0. 0.],[1 2],0.0,0,0.6,0.7,0.30000000000000004,[1. 1.]
705,1.0,706,0,False,0.0,353.0,0.0,1,1,0,[0. 1.],[1 2],,0,0.6,0.7,0.30000000000000004,[1. 1.]
706,0.0,707,1,False,0.0,354.0,1.0,1,0,1,[0. 1.],[1 2],,0,0.6,0.7,0.30000000000000004,[1. 1.]
707,1.0,708,0,False,0.0,354.0,0.0,1,1,0,[1. 0.],[1 2],1.0,0,0.6,0.7,0.30000000000000004,[1. 1.]
708,0.0,709,1,False,0.0,355.0,2.0,1,0,1,[1. 0.],[1 2],1.0,0,0.6,0.7,0.30000000000000004,[1. 1.]
709,2.0,710,0,False,1.0,355.0,0.0,1,1,0,[1. 0.],[1 2],1.0,0,0.6,0.7,0.30000000000000004,[1. 1.]
710,0.0,711,1,False,0.0,356.0,2.0,1,0,1,[1. 0.],[1 2],1.0,0,0.6,0.7,0.30000000000000004,[1. 1.]
711,2.0,712,0,False,1.0,356.0,0.0,1,1,0,[1. 1.],[1 2],1.0,0,0.6,0.7,0.30000000000000004,[1. 1.]
712,0.0,713,1,False,0.0,357.0,2.0,1,0,1,[1. 1.],[1 2],1.0,0,0.6,0.7,0.30000000000000004,[1. 1.]
713,2.0,714,0,False,1.0,357.0,0.0,1,1,0,[1. 0.],[1 2],,0,0.6,0.7,0.30000000000000004,[1. 1.]
714,0.0,715,1,False,0.0,358.0,1.0,1,0,1,[1. 0.],[1 2],,0,0.6,0.7,0.30000000000000004,[1. 1.]
715,1.0,716,0,False,1.0,358.0,0.0,1,1,0,[1. 1.],[1 2],1.0,0,0.6,0.7,0.30000000000000004,[1. 1.]
716,0.0,717,1,False,0.0,359.0,2.0,1,0,1,[1. 1.],[1 2],1.0,0,0.6,0.7,0.30000000000000004,[1. 1.]
717,2.0,718,0,False,1.0,359.0,0.0,1,1,0,[0. 0.],[1 2],0.0,0,0.6,0.7,0.30000000000000004,[1. 1.]
718,0.0,719,1,False,0.0,360.0,1.0,1,0,1,[0. 0.],[1 2],0.0,0,0.6,0.7,0.30000000000000004,[1. 1.]
719,1.0,720,0,False,0.0,360.0,0.0,1,1,0,[0. 1.],[1 2],0.0,0,0.6,0.7,0.30000000000000004,[1. 1.]
720,0.0,721,1,False,0.0,361.0,1.0,1,0,1,[0. 1.],[1 2],0.0,0,0.6,0.7,0.30000000000000004,[1. 1.]
721,1.0,722,0,False,0.0,361.0,0.0,1,1,0,[1. 1.],[1 2],,0,0.6,0.7,0.30000000000000004,[1. 1.]
722,0.0,723,1,False,0.0,362.0,2.0,1,0,2,[1. 1.],[1 2],,0,0.6,0.7,0.30000000000000004,[1. 1.]
723,2.0,724,0,False,1.0,362.0,0.0,1,1,0,[1. 0.],[1 2],,0,0.6,0.7,0.30000000000000004,[1. 1.]
724,0.0,725,1,False,0.0,363.0,2.0,1,0,2,[1. 0.],[1 2],,0,0.6,0.7,0.30000000000000004,[1. 1.]
725,2.0,726,0,False,0.0,363.0,0.0,1,1,0,[1. 0.],[1 2],0.0,0,0.6,0.7,0.30000000000000004,[1. 1.]
726,0.0,727,1,False,0.0,364.0,1.0,1,0,1,[1. 0.],[1 2],0.0,0,0.6,0.7,0.30000000000000004,[1. 1.]
727,1.0,728,0,False,1.0,364.0,0.0,1,1,0,[1. 1.],[1 2],0.0,0,0.6,0.7,0.30000000000000004,[1. 1.]
728,0.0,729,1,False,0.0,365.0,1.0,1,0,1,[1. 1.],[1 2],0.0,0,0.6,0.7,0.30000000000000004,[1. 1.]
729,1.0,730,0,False,1.0,365.0,0.0,1,1,0,[1. 0.],[1 2],,0,0.6,0.7,0.30000000000000004,[1. 1.]
730,0.0,731,1,False,0.0,366.0,1.0,1,0,1,[1. 0.],[1 2],,0,0.6,0.7,0.30000000000000004,[1. 1.]
731,1.0,732,0,False,1.0,366.0,0.0,1,1,0,[1. 0.],[1 2],,0,0.6,0.7,0.30000000000000004,[1. 1.]
732,0.0,733,1,False,0.0,367.0,1.0,1,0,1,[1. 0.],[1 2],,0,0.6,0.7,0.30000000000000004,[1. 1.]
733,1.0,734,0,False,1.0,367.0,0.0,1,1,0,[1. 1.],[1 2],,0,0.6,0.7,0.30000000000000004,[1. 1.]
734,0.0,735,1,False,0.0,368.0,1.0,1,0,1,[1. 1.],[1 2],,0,0.6,0.7,0.30000000000000004,[1. 1.]
735,1.0,736,0,False,1.0,368.0,0.0,1,1,0,[1. 0.],[1 2],,0,0.6,0.7,0.30000000000000004,[1. 1.]
736,0.0,737,1,False,0.0,369.0,1.0,1,0,1,[1. 0.],[1 2],,0,0.6,0.7,0.30000000000000004,[1. 1.]
737,1.0,738,0,False,1.0,369.0,0.0,1,1,0,[1. 0.],[1 2],1.0,0,0.6,0.7,0.30000000000000004,[1. 1.]
738,0.0,739,1,False,0.0,370.0,2.0,1,0,1,[1. 0.],[1 2],1.0,0,0.6,0.7,0.30000000000000004,[1. 1.]
739,2.0,740,0,False,1.0,370.0,0.0,1,1,0,[1. 1.],[1 2],0.0,0,0.6,0.7,0.30000000000000004,[1. 1.]
740,0.0,741,1,False,0.0,371.0,1.0,1,0,1,[1. 1.],[1 2],0.0,0,0.6,0.7,0.30000000000000004,[1. 1.]
741,1.0,742,0,False,1.0,371.0,0.0,1,1,0,[1. 1.],[1 2],1.0,0,0.6,0.7,0.30000000000000004,[1. 1.]
742,0.0,743,1,False,0.0,372.0,2.0,1,0,1,[1. 1.],[1 2],1.0,0,0.6,0.7,0.30000000000000004,[1. 1.]
743,2.0,744,0,False,1.0,372.0,0.0,1,1,0,[1. 0.],[1 2],,0,0.6,0.7,0.30000000000000004,[1. 1.]
744,0.0,745,1,False,0.0,373.0,1.0,1,0,1,[1. 0.],[1 2],,0,0.6,0.7,0.30000000000000004,[1. 1.]
745,1.0,746,0,False,1.0,373.0,0.0,1,1,0,[1. 1.],[1 2],1.0,0,0.6,0.7,0.30000000000000004,[1. 1.]
746,0.0,747,1,False,0.0,374.0,2.0,1,0,1,[1. 1.],[1 2],1.0,0,0.6,0.7,0.30000000000000004,[1. 1.]
747,2.0,748,0,False,1.0,374.0,0.0,1,1,0,[0. 1.],[1 2],0.0,0,0.6,0.7,0.30000000000000004,[1. 1.]
748,0.0,749,1,False,0.0,375.0,1.0,1,0,1,[0. 1.],[1 2],0.0,0,0.6,0.7,0.30000000000000004,[1. 1.]
749,1.0,750,0,False,0.0,375.0,0.0,1,1,0,[1. 0.],[1 2],1.0,0,0.6,0.7,0.30000000000000004,[1. 1.]
750,0.0,751,1,False,0.0,376.0,2.0,1,0,1,[1. 0.],[1 2],1.0,0,0.6,0.7,0.30000000000000004,[1. 1.]
751,2.0,752,0,False,1.0,376.0,0.0,1,1,0,[1. 1.],[1 2],,0,0.6,0.7,0.30000000000000004,[1. 1.]
752,0.0,753,1,False,0.0,377.0,1.0,1,0,1,[1. 1.],[1 2],,0,0.6,0.7,0.30000000000000004,[1. 1.]
753,1.0,754,0,False,1.0,377.0,0.0,1,1,0,[1. 1.],[1 2],,0,0.6,0.7,0.30000000000000004,[1. 1.]
754,0.0,755,1,False,0.0,378.0,1.0,1,0,1,[1. 1.],[1 2],,0,0.6,0.7,0.30000000000000004,[1. 1.]
755,1.0,756,0,False,1.0,378.0,0.0,1,1,0,[1. 0.],[1 2],,0,0.6,0.7,0.30000000000000004,[1. 1.]
756,0.0,757,1,False,0.0,379.0,1.0,1,0,1,[1. 0.],[1 2],,0,0.6,0.7,0.30000000000000004,[1. 1.]
757,1.0,758,0,False,1.0,379.0,0.0,1,1,0,[1. 0.],[1 2],,0,0.6,0.7,0.30000000000000004,[1. 1.]
758,0.0,759,1,False,0.0,380.0,1.0,1,0,1,[1. 0.],[1 2],,0,0.6,0.7,0.30000000000000004,[1. 1.]
759,1.0,760,0,False,1.0,380.0,0.0,1,1,0,[0. 1.],[1 2],1.0,0,0.6,0.7,0.30000000000000004,[1. 1.]
760,0.0,761,1,False,0.0,381.0,2.0,1,0,1,[0. 1.],[1 2],1.0,0,0.6,0.7,0.30000000000000004,[1. 1.]
761,2.0,762,0,False,0.0,381.0,0.0,1,1,0,[0. 0.],[1 2],0.0,0,0.6,0.7,0.30000000000000004,[1. 1.]
762,0.0,763,1,False,0.0,382.0,1.0,1,0,1,[0. 0.],[1 2],0.0,0,0.6,0.7,0.30000000000000004,[1. 1.]
763,1.0,764,0,False,0.0,382.0,0.0,1,1,0,[0. 1.],[1 2],0.0,1,0.6,0.7,0.30000000000000004,[1. 1.]
764,0.0,765,1,False,0.0,383.0,1.0,1,0,1,[0. 1.],[1 2],0.0,1,0.6,0.7,0.30000000000000004,[1. 1.]
765,1.0,766,0,False,0.0,383.0,0.0,1,1,0,[1. 1.],[1 2],,1,0.6,0.7,0.30000000000000004,[1. 1.]
766,0.0,767,1,False,0.0,384.0,2.0,1,0,2,[1. 1.],[1 2],,1,0.6,0.7,0.30000000000000004,[1. 1.]
767,2.0,768,0,False,1.0,384.0,0.0,1,1,0,[0. 1.],[2 1],,1,0.6,0.7,0.30000000000000004,[1. 1.]
768,0.0,769,1,False,0.0,385.0,1.0,1,0,2,[0. 1.],[2 1],,1,0.6,0.7,0.30000000000000004,[1. 1.]
769,1.0,770,0,False,0.0,385.0,0.0,1,1,0,[1. 1.],[2 1],,1,0.6,0.7,0.30000000000000004,[1. 1.]
770,0.0,771,1,False,0.0,386.0,1.0,1,0,2,[1. 1.],[2 1],,1,0.6,0.7,0.30000000000000004,[1. 1.]
771,1.0,772,0,False,1.0,386.0,0.0,1,1,0,[0. 1.],[2 1],,1,0.6,0.7,0.30000000000000004,[1. 1.]
772,0.0,773,1,False,0.0,387.0,1.0,1,0,2,[0. 1.],[2 1],,1,0.6,0.7,0.30000000000000004,[1. 1.]
773,1.0,774,0,False,0.0,387.0,0.0,1,1,0,[0. 1.],[2 1],0.0,1,0.6,0.7,0.30000000000000004,[1. 1.]
774,0.0,775,1,False,0.0,388.0,1.0,1,0,2,[0. 1.],[2 1],0.0,1,0.6,0.7,0.30000000000000004,[1. 1.]
775,1.0,776,0,False,0.0,388.0,0.0,1,1,0,[0. 1.],[2 1],,1,0.6,0.7,0.30000000000000004,[1. 1.]
776,0.0,777,1,False,0.0,389.0,2.0,1,0,1,[0. 1.],[2 1],,1,0.6,0.7,0.30000000000000004,[1. 1.]
777,2.0,778,0,False,1.0,389.0,0.0,1,1,0,[0. 0.],[2 1],1.0,1,0.6,0.7,0.30000000000000004,[1. 1.]
778,0.0,779,1,False,0.0,390.0,2.0,1,0,1,[0. 0.],[2 1],1.0,1,0.6,0.7,0.30000000000000004,[1. 1.]
779,2.0,780,0,False,0.0,390.0,0.0,1,1,0,[1. 1.],[1 2],0.0,1,0.6,0.7,0.30000000000000004,[1. 1.]
780,0.0,781,1,False,0.0,391.0,1.0,1,0,1,[1. 1.],[1 2],0.0,1,0.6,0.7,0.30000000000000004,[1. 1.]
781,1.0,782,0,False,1.0,391.0,0.0,1,1,0,[0. 1.],[1 2],0.0,1,0.6,0.7,0.30000000000000004,[1. 1.]
782,0.0,783,1,False,0.0,392.0,1.0,1,0,1,[0. 1.],[1 2],0.0,1,0.6,0.7,0.30000000000000004,[1. 1.]
783,1.0,784,0,False,0.0,392.0,0.0,1,1,0,[0. 1.],[1 2],0.0,1,0.6,0.7,0.30000000000000004,[1. 1.]
784,0.0,785,1,False,0.0,393.0,1.0,1,0,1,[0. 1.],[1 2],0.0,1,0.6,0.7,0.30000000000000004,[1. 1.]
785,1.0,786,0,False,0.0,393.0,0.0,1,1,0,[0. 1.],[2 1],1.0,1,0.6,0.7,0.30000000000000004,[1. 1.]
786,0.0,787,1,False,0.0,394.0,2.0,1,0,1,[0. 1.],[2 1],1.0,1,0.6,0.7,0.30000000000000004,[1. 1.]
787,2.0,788,0,False,1.0,394.0,0.0,1,1,0,[0. 0.],[2 1],,1,0.6,0.7,0.30000000000000004,[1. 1.]
788,0.0,789,1,False,0.0,395.0,2.0,1,0,1,[0. 0.],[2 1],,1,0.6,0.7,0.30000000000000004,[1. 1.]
789,2.0,790,0,False,0.0,395.0,0.0,1,1,0,[1. 1.],[2 1],1.0,1,0.6,0.7,0.30000000000000004,[1. 1.]
790,0.0,791,1,False,0.0,396.0,2.0,1,0,1,[1. 1.],[2 1],1.0,1,0.6,0.7,0.30000000000000004,[1. 1.]
791,2.0,792,0,False,1.0,396.0,0.0,1,1,0,[1. 1.],[2 1],1.0,1,0.6,0.7,0.30000000000000004,[1. 1.]
792,0.0,793,1,False,0.0,397.0,2.0,1,0,1,[1. 1.],[2 1],1.0,1,0.6,0.7,0.30000000000000004,[1. 1.]
793,2.0,794,0,False,1.0,397.0,0.0,1,1,0,[0. 1.],[2 1],1.0,1,0.6,0.7,0.30000000000000004,[1. 1.]
794,0.0,795,1,False,0.0,398.0,2.0,1,0,1,[0. 1.],[2 1],1.0,1,0.6,0.7,0.30000000000000004,[1. 1.]
795,2.0,796,0,False,1.0,398.0,0.0,1,1,0,[0. 0.],[2 1],0.0,1,0.6,0.7,0.30000000000000004,[1. 1.]
796,0.0,797,1,False,0.0,399.0,1.0,1,0,1,[0. 0.],[2 1],0.0,1,0.6,0.7,0.30000000000000004,[1. 1.]
797,1.0,798,0,False,0.0,399.0,0.0,1,1,0,[0. 1.],[2 1],,1,0.6,0.7,0.30000000000000004,[1. 1.]
798,0.0,799,1,False,0.0,400.0,2.0,1,0,1,[0. 1.],[2 1],,1,0.6,0.7,0.30000000000000004,[1. 1.]
799,2.0,800,0,False,1.0,400.0,0.0,1,1,0,[1. 1.],[2 1],0.0,1,0.6,0.7,0.30000000000000004,[1. 1.]
800,0.0,801,1,False,0.0,401.0,1.0,1,0,1,[1. 1.],[2 1],0.0,1,0.6,0.7,0.30000000000000004,[1. 1.]
801,1.0,802,0,False,1.0,401.0,0.0,1,1,0,[1. 1.],[2 1],1.0,1,0.6,0.7,0.30000000000000004,[1. 1.]
802,0.0,803,1,False,0.0,402.0,2.0,1,0,1,[1. 1.],[2 1],1.0,1,0.6,0.7,0.30000000000000004,[1. 1.]
803,2.0,804,0,False,1.0,402.0,0.0,1,1,0,[0. 0.],[2 1],0.0,1,0.6,0.7,0.30000000000000004,[1. 1.]
804,0.0,805,1,False,0.0,403.0,1.0,1,0,1,[0. 0.],[2 1],0.0,1,0.6,0.7,0.30000000000000004,[1. 1.]
805,1.0,806,0,False,0.0,403.0,0.0,1,1,0,[0. 1.],[2 1],0.0,1,0.6,0.7,0.30000000000000004,[1. 1.]
806,0.0,807,1,False,0.0,404.0,1.0,1,0,1,[0. 1.],[2 1],0.0,1,0.6,0.7,0.30000000000000004,[1. 1.]
807,1.0,808,0,False,1.0,404.0,0.0,1,1,0,[1. 0.],[2 1],,1,0.6,0.7,0.30000000000000004,[1. 1.]
808,0.0,809,1,False,0.0,405.0,2.0,1,0,1,[1. 0.],[2 1],,1,0.6,0.7,0.30000000000000004,[1. 1.]
809,2.0,810,0,False,0.0,405.0,0.0,1,1,0,[0. 1.],[2 1],1.0,1,0.6,0.7,0.30000000000000004,[1. 1.]
810,0.0,811,1,False,0.0,406.0,2.0,1,0,1,[0. 1.],[2 1],1.0,1,0.6,0.7,0.30000000000000004,[1. 1.]
811,2.0,812,0,False,1.0,406.0,0.0,1,1,0,[1. 1.],[2 1],1.0,1,0.6,0.7,0.30000000000000004,[1. 1.]
812,0.0,813,1,False,0.0,407.0,2.0,1,0,1,[1. 1.],[2 1],1.0,1,0.6,0.7,0.30000000000000004,[1. 1.]
813,2.0,814,0,False,1.0,407.0,0.0,1,1,0,[1. 0.],[2 1],0.0,1,0.6,0.7,0.30000000000000004,[1. 1.]
814,0.0,815,1,False,0.0,408.0,1.0,1,0,1,[1. 0.],[2 1],0.0,1,0.6,0.7,0.30000000000000004,[1. 1.]
815,1.0,816,0,False,0.0,408.0,0.0,1,1,0,[1. 0.],[1 2],,1,0.6,0.7,0.30000000000000004,[1. 1.]
816,0.0,817,1,False,0.0,409.0,1.0,1,0,1,[1. 0.],[1 2],,1,0.6,0.7,0.30000000000000004,[1. 1.]
817,1.0,818,0,False,1.0,409.0,0.0,1,1,0,[0. 0.],[1 2],0.0,1,0.6,0.7,0.30000000000000004,[1. 1.]
818,0.0,819,1,False,0.0,410.0,1.0,1,0,1,[0. 0.],[1 2],0.0,1,0.6,0.7,0.30000000000000004,[1. 1.]
819,1.0,820,0,False,0.0,410.0,0.0,1,1,0,[1. 1.],[1 2],,0,0.6,0.7,0.30000000000000004,[1. 1.]
820,0.0,821,1,False,0.0,411.0,1.0,1,0,1,[1. 1.],[1 2],,0,0.6,0.7,0.30000000000000004,[1. 1.]
821,1.0,822,0,False,1.0,411.0,0.0,1,1,0,[1. 0.],[1 2],,0,0.6,0.7,0.30000000000000004,[1. 1.]
822,0.0,823,1,False,0.0,412.0,1.0,1,0,1,[1. 0.],[1 2],,0,0.6,0.7,0.30000000000000004,[1. 1.]
823,1.0,824,0,False,1.0,412.0,0.0,1,1,0,[1. 0.],[1 2],1.0,0,0.6,0.7,0.30000000000000004,[1. 1.]
824,0.0,825,1,False,0.0,413.0,2.0,1,0,1,[1. 0.],[1 2],1.0,0,0.6,0.7,0.30000000000000004,[1. 1.]
825,2.0,826,0,False,1.0,413.0,0.0,1,1,0,[1. 0.],[1 2],0.0,0,0.6,0.7,0.30000000000000004,[1. 1.]
826,0.0,827,1,False,0.0,414.0,1.0,1,0,1,[1. 0.],[1 2],0.0,0,0.6,0.7,0.30000000000000004,[1. 1.]
827,1.0,828,0,False,1.0,414.0,0.0,1,1,0,[1. 1.],[1 2],0.0,0,0.6,0.7,0.30000000000000004,[1. 1.]
828,0.0,829,1,False,0.0,415.0,1.0,1,0,1,[1. 1.],[1 2],0.0,0,0.6,0.7,0.30000000000000004,[1. 1.]
829,1.0,830,0,False,1.0,415.0,0.0,1,1,0,[1. 1.],[1 2],,0,0.6,0.7,0.30000000000000004,[1. 1.]
830,0.0,831,1,False,0.0,416.0,1.0,1,0,1,[1. 1.],[1 2],,0,0.6,0.7,0.30000000000000004,[1. 1.]
831,1.0,832,0,False,1.0,416.0,0.0,1,1,0,[1. 1.],[1 2],1.0,0,0.6,0.7,0.30000000000000004,[1. 1.]
832,0.0,833,1,False,0.0,417.0,2.0,1,0,1,[1. 1.],[1 2],1.0,0,0.6,0.7,0.30000000000000004,[1. 1.]
833,2.0,834,0,False,1.0,417.0,0.0,1,1,0,[0. 1.],[1 2],,0,0.6,0.7,0.30000000000000004,[1. 1.]
834,0.0,835,1,False,0.0,418.0,1.0,1,0,1,[0. 1.],[1 2],,0,0.6,0.7,0.30000000000000004,[1. 1.]
835,1.0,836,0,False,0.0,418.0,0.0,1,1,0,[0. 0.],[1 2],1.0,0,0.6,0.7,0.30000000000000004,[1. 1.]
836,0.0,837,1,False,0.0,419.0,2.0,1,0,1,[0. 0.],[1 2],1.0,0,0.6,0.7,0.30000000000000004,[1. 1.]
837,2.0,838,0,False,0.0,419.0,0.0,1,1,0,[1. 1.],[1 2],,0,0.6,0.7,0.30000000000000004,[1. 1.]
838,0.0,839,1,False,0.0,420.0,1.0,1,0,1,[1. 1.],[1 2],,0,0.6,0.7,0.30000000000000004,[1. 1.]
839,1.0,840,0,False,1.0,420.0,0.0,1,1,0,[0. 0.],[1 2],,0,0.6,0.7,0.30000000000000004,[1. 1.]
840,0.0,841,1,False,0.0,421.0,1.0,1,0,1,[0. 0.],[1 2],,0,0.6,0.7,0.30000000000000004,[1. 1.]
841,1.0,842,0,False,0.0,421.0,0.0,1,1,0,[1. 0.],[1 2],,0,0.6,0.7,0.30000000000000004,[1. 1.]
842,0.0,843,1,False,0.0,422.0,1.0,1,0,1,[1. 0.],[1 2],,0,0.6,0.7,0.30000000000000004,[1. 1.]
843,1.0,844,0,False,1.0,422.0,0.0,1,1,0,[0. 0.],[1 2],0.0,0,0.6,0.7,0.30000000000000004,[1. 1.]
844,0.0,845,1,False,0.0,423.0,1.0,1,0,1,[0. 0.],[1 2],0.0,0,0.6,0.7,0.30000000000000004,[1. 1.]
845,1.0,846,0,False,0.0,423.0,0.0,1,1,0,[1. 0.],[1 2],,0,0.6,0.7,0.30000000000000004,[1. 1.]
846,0.0,847,1,False,0.0,424.0,1.0,1,0,1,[1. 0.],[1 2],,0,0.6,0.7,0.30000000000000004,[1. 1.]
847,1.0,848,0,False,1.0,424.0,0.0,1,1,0,[1. 1.],[1 2],1.0,0,0.6,0.7,0.30000000000000004,[1. 1.]
848,0.0,849,1,False,0.0,425.0,2.0,1,0,1,[1. 1.],[1 2],1.0,0,0.6,0.7,0.30000000000000004,[1. 1.]
849,2.0,850,0,False,1.0,425.0,0.0,1,1,0,[1. 1.],[1 2],0.0,0,0.6,0.7,0.30000000000000004,[1. 1.]
850,0.0,851,1,False,0.0,426.0,1.0,1,0,1,[1. 1.],[1 2],0.0,0,0.6,0.7,0.30000000000000004,[1. 1.]
851,1.0,852,0,False,1.0,426.0,0.0,1,1,0,[1. 0.],[1 2],1.0,0,0.6,0.7,0.30000000000000004,[1. 1.]
852,0.0,853,1,False,0.0,427.0,2.0,1,0,1,[1. 0.],[1 2],1.0,0,0.6,0.7,0.30000000000000004,[1. 1.]
853,2.0,854,0,False,1.0,427.0,0.0,1,1,0,[1. 0.],[1 2],0.0,0,0.6,0.7,0.30000000000000004,[1. 1.]
854,0.0,855,1,False,0.0,428.0,1.0,1,0,1,[1. 0.],[1 2],0.0,0,0.6,0.7,0.30000000000000004,[1. 1.]
855,1.0,856,0,False,1.0,428.0,0.0,1,1,0,[1. 1.],[1 2],0.0,0,0.6,0.7,0.30000000000000004,[1. 1.]
856,0.0,857,1,False,0.0,429.0,1.0,1,0,1,[1. 1.],[1 2],0.0,0,0.6,0.7,0.30000000000000004,[1. 1.]
857,1.0,858,0,False,1.0,429.0,0.0,1,1,0,[0. 0.],[1 2],1.0,0,0.6,0.7,0.30000000000000004,[1. 1.]
858,0.0,859,1,False,0.0,430.0,2.0,1,0,1,[0. 0.],[1 2],1.0,0,0.6,0.7,0.30000000000000004,[1. 1.]
859,2.0,860,0,False,0.0,430.0,0.0,1,1,0,[0. 0.],[1 2],1.0,0,0.6,0.7,0.30000000000000004,[1. 1.]
860,0.0,861,1,False,0.0,431.0,2.0,1,0,1,[0. 0.],[1 2],1.0,0,0.6,0.7,0.30000000000000004,[1. 1.]
861,2.0,862,0,False,0.0,431.0,0.0,1,1,0,[1. 0.],[1 2],,0,0.6,0.7,0.30000000000000004,[1. 1.]
862,0.0,863,1,False,0.0,432.0,2.0,1,0,2,[1. 0.],[1 2],,0,0.6,0.7,0.30000000000000004,[1. 1.]
863,2.0,864,0,False,0.0,432.0,0.0,1,1,0,[0. 0.],[1 2],1.0,0,0.6,0.7,0.30000000000000004,[1. 1.]
864,0.0,865,1,False,0.0,433.0,2.0,1,0,1,[0. 0.],[1 2],1.0,0,0.6,0.7,0.30000000000000004,[1. 1.]
865,2.0,866,0,False,0.0,433.0,0.0,1,1,0,[1. 1.],[1 2],1.0,0,0.6,0.7,0.30000000000000004,[1. 1.]
866,0.0,867,1,False,0.0,434.0,2.0,1,0,2,[1. 1.],[1 2],1.0,0,0.6,0.7,0.30000000000000004,[1. 1.]
867,2.0,868,0,False,1.0,434.0,0.0,1,1,0,[1. 0.],[2 1],1.0,0,0.6,0.7,0.30000000000000004,[1. 1.]
868,0.0,869,1,False,0.0,435.0,2.0,1,0,2,[1. 0.],[2 1],1.0,0,0.6,0.7,0.30000000000000004,[1. 1.]
869,2.0,870,0,False,1.0,435.0,0.0,1,1,0,[0. 1.],[2 1],0.0,0,0.6,0.7,0.30000000000000004,[1. 1.]
870,0.0,871,1,False,0.0,436.0,1.0,1,0,2,[0. 1.],[2 1],0.0,0,0.6,0.7,0.30000000000000004,[1. 1.]
871,1.0,872,0,False,0.0,436.0,0.0,1,1,0,[0. 0.],[2 1],0.0,0,0.6,0.7,0.30000000000000004,[1. 1.]
872,0.0,873,1,False,0.0,437.0,1.0,1,0,2,[0. 0.],[2 1],0.0,0,0.6,0.7,0.30000000000000004,[1. 1.]
873,1.0,874,0,False,0.0,437.0,0.0,1,1,0,[1. 1.],[2 1],,0,0.6,0.7,0.30000000000000004,[1. 1.]
874,0.0,875,1,False,0.0,438.0,2.0,1,0,1,[1. 1.],[2 1],,0,0.6,0.7,0.30000000000000004,[1. 1.]
875,2.0,876,0,False,1.0,438.0,0.0,1,1,0,[0. 1.],[2 1],,0,0.6,0.7,0.30000000000000004,[1. 1.]
876,0.0,877,1,False,0.0,439.0,2.0,1,0,1,[0. 1.],[2 1],,0,0.6,0.7,0.30000000000000004,[1. 1.]
877,2.0,878,0,False,1.0,439.0,0.0,1,1,0,[1. 0.],[2 1],,0,0.6,0.7,0.30000000000000004,[1. 1.]
878,0.0,879,1,False,0.0,440.0,2.0,1,0,1,[1. 0.],[2 1],,0,0.6,0.7,0.30000000000000004,[1. 1.]
879,2.0,880,0,False,0.0,440.0,0.0,1,1,0,[0. 0.],[2 1],,0,0.6,0.7,0.30000000000000004,[1. 1.]
880,0.0,881,1,False,0.0,441.0,2.0,1,0,1,[0. 0.],[2 1],,0,0.6,0.7,0.30000000000000004,[1. 1.]
881,2.0,882,0,False,0.0,441.0,0.0,1,1,0,[1. 1.],[2 1],,0,0.6,0.7,0.30000000000000004,[1. 1.]
882,0.0,883,1,False,0.0,442.0,2.0,1,0,1,[1. 1.],[2 1],,0,0.6,0.7,0.30000000000000004,[1. 1.]
883,2.0,884,0,False,1.0,442.0,0.0,1,1,0,[1. 0.],[2 1],1.0,0,0.6,0.7,0.30000000000000004,[1. 1.]
884,0.0,885,1,False,0.0,443.0,2.0,1,0,1,[1. 0.],[2 1],1.0,0,0.6,0.7,0.30000000000000004,[1. 1.]
885,2.0,886,0,False,0.0,443.0,0.0,1,1,0,[1. 1.],[2 1],1.0,0,0.6,0.7,0.30000000000000004,[1. 1.]
886,0.0,887,1,False,0.0,444.0,2.0,1,0,1,[1. 1.],[2 1],1.0,0,0.6,0.7,0.30000000000000004,[1. 1.]
887,2.0,888,0,False,1.0,444.0,0.0,1,1,0,[0. 0.],[2 1],0.0,0,0.6,0.7,0.30000000000000004,[1. 1.]
888,0.0,889,1,False,0.0,445.0,1.0,1,0,1,[0. 0.],[2 1],0.0,0,0.6,0.7,0.30000000000000004,[1. 1.]
889,1.0,890,0,False,0.0,445.0,0.0,1,1,0,[1. 0.],[2 1],1.0,0,0.6,0.7,0.30000000000000004,[1. 1.]
890,0.0,891,1,False,0.0,446.0,2.0,1,0,1,[1. 0.],[2 1],1.0,0,0.6,0.7,0.30000000000000004,[1. 1.]
891,2.0,892,0,False,0.0,446.0,0.0,1,1,0,[0. 0.],[2 1],,0,0.6,0.7,0.30000000000000004,[1. 1.]
892,0.0,893,1,False,0.0,447.0,2.0,1,0,1,[0. 0.],[2 1],,0,0.6,0.7,0.30000000000000004,[1. 1.]
893,2.0,894,0,False,0.0,447.0,0.0,1,1,0,[1. 1.],[2 1],1.0,0,0.6,0.7,0.30000000000000004,[1. 1.]
894,0.0,895,1,False,0.0,448.0,2.0,1,0,2,[1. 1.],[2 1],1.0,0,0.6,0.7,0.30000000000000004,[1. 1.]
895,2.0,896,0,False,1.0,448.0,0.0,1,1,0,[1. 0.],[2 1],0.0,0,0.6,0.7,0.30000000000000004,[1. 1.]
896,0.0,897,1,False,0.0,449.0,1.0,1,0,2,[1. 0.],[2 1],0.0,0,0.6,0.7,0.30000000000000004,[1. 1.]
897,1.0,898,0,False,1.0,449.0,0.0,1,1,0,[1. 0.],[2 1],0.0,0,0.6,0.7,0.30000000000000004,[1. 1.]
898,0.0,899,1,False,0.0,450.0,1.0,1,0,2,[1. 0.],[2 1],0.0,0,0.6,0.7,0.30000000000000004,[1. 1.]
899,1.0,900,0,False,1.0,450.0,0.0,1,1,0,[0. 0.],[2 1],0.0,0,0.6,0.7,0.30000000000000004,[1. 1.]
900,0.0,901,1,False,0.0,451.0,1.0,1,0,2,[0. 0.],[2 1],0.0,0,0.6,0.7,0.30000000000000004,[1. 1.]
901,1.0,902,0,False,0.0,451.0,0.0,1,1,0,[1. 1.],[2 1],0.0,0,0.6,0.7,0.30000000000000004,[1. 1.]
902,0.0,903,1,False,0.0,452.0,1.0,1,0,2,[1. 1.],[2 1],0.0,0,0.6,0.7,0.30000000000000004,[1. 1.]
903,1.0,904,0,False,1.0,452.0,0.0,1,1,0,[1. 0.],[2 1],1.0,0,0.6,0.7,0.30000000000000004,[1. 1.]
904,0.0,905,1,False,0.0,453.0,2.0,1,0,2,[1. 0.],[2 1],1.0,0,0.6,0.7,0.30000000000000004,[1. 1.]
905,2.0,906,0,False,1.0,453.0,0.0,1,1,0,[1. 0.],[2 1],,0,0.6,0.7,0.30000000000000004,[1. 1.]
906,0.0,907,1,False,0.0,454.0,1.0,1,0,2,[1. 0.],[2 1],,0,0.6,0.7,0.30000000000000004,[1. 1.]
907,1.0,908,0,False,1.0,454.0,0.0,1,1,0,[0. 1.],[2 1],1.0,0,0.6,0.7,0.30000000000000004,[1. 1.]
908,0.0,909,1,False,0.0,455.0,2.0,1,0,2,[0. 1.],[2 1],1.0,0,0.6,0.7,0.30000000000000004,[1. 1.]
909,2.0,910,0,False,0.0,455.0,0.0,1,1,0,[1. 0.],[2 1],0.0,0,0.6,0.7,0.30000000000000004,[1. 1.]
910,0.0,911,1,False,0.0,456.0,1.0,1,0,2,[1. 0.],[2 1],0.0,0,0.6,0.7,0.30000000000000004,[1. 1.]
911,1.0,912,0,False,1.0,456.0,0.0,1,1,0,[0. 0.],[2 1],,0,0.6,0.7,0.30000000000000004,[1. 1.]
912,0.0,913,1,False,0.0,457.0,1.0,1,0,2,[0. 0.],[2 1],,0,0.6,0.7,0.30000000000000004,[1. 1.]
913,1.0,914,0,False,0.0,457.0,0.0,1,1,0,[0. 0.],[2 1],,0,0.6,0.7,0.30000000000000004,[1. 1.]
914,0.0,915,1,False,0.0,458.0,1.0,1,0,2,[0. 0.],[2 1],,0,0.6,0.7,0.30000000000000004,[1. 1.]
915,1.0,916,0,False,0.0,458.0,0.0,1,1,0,[1. 1.],[2 1],0.0,0,0.6,0.7,0.30000000000000004,[1. 1.]
916,0.0,917,1,False,0.0,459.0,1.0,1,0,1,[1. 1.],[2 1],0.0,0,0.6,0.7,0.30000000000000004,[1. 1.]
917,1.0,918,0,False,1.0,459.0,0.0,1,1,0,[1. 0.],[2 1],,0,0.6,0.7,0.30000000000000004,[1. 1.]
918,0.0,919,1,False,0.0,460.0,2.0,1,0,1,[1. 0.],[2 1],,0,0.6,0.7,0.30000000000000004,[1. 1.]
919,2.0,920,0,False,0.0,460.0,0.0,1,1,0,[0. 0.],[2 1],,0,0.6,0.7,0.30000000000000004,[1. 1.]
920,0.0,921,1,False,0.0,461.0,2.0,1,0,1,[0. 0.],[2 1],,0,0.6,0.7,0.30000000000000004,[1. 1.]
921,2.0,922,0,False,0.0,461.0,0.0,1,1,0,[0. 0.],[2 1],,0,0.6,0.7,0.30000000000000004,[1. 1.]
922,0.0,923,1,False,0.0,462.0,1.0,1,0,2,[0. 0.],[2 1],,0,0.6,0.7,0.30000000000000004,[1. 1.]
923,1.0,924,0,False,0.0,462.0,0.0,1,1,0,[1. 0.],[2 1],0.0,0,0.6,0.7,0.30000000000000004,[1. 1.]
924,0.0,925,1,False,0.0,463.0,1.0,1,0,1,[1. 0.],[2 1],0.0,0,0.6,0.7,0.30000000000000004,[1. 1.]
925,1.0,926,0,False,0.0,463.0,0.0,1,1,0,[1. 0.],[2 1],,0,0.6,0.7,0.30000000000000004,[1. 1.]
926,0.0,927,1,False,0.0,464.0,1.0,1,0,2,[1. 0.],[2 1],,0,0.6,0.7,0.30000000000000004,[1. 1.]
927,1.0,928,0,False,1.0,464.0,0.0,1,1,0,[1. 0.],[2 1],0.0,0,0.6,0.7,0.30000000000000004,[1. 1.]
928,0.0,929,1,False,0.0,465.0,1.0,1,0,2,[1. 0.],[2 1],0.0,0,0.6,0.7,0.30000000000000004,[1. 1.]
929,1.0,930,0,False,1.0,465.0,0.0,1,1,0,[1. 0.],[2 1],,0,0.6,0.7,0.30000000000000004,[1. 1.]
930,0.0,931,1,False,0.0,466.0,1.0,1,0,2,[1. 0.],[2 1],,0,0.6,0.7,0.30000000000000004,[1. 1.]
931,1.0,932,0,False,1.0,466.0,0.0,1,1,0,[0. 0.],[2 1],,0,0.6,0.7,0.30000000000000004,[1. 1.]
932,0.0,933,1,False,0.0,467.0,1.0,1,0,2,[0. 0.],[2 1],,0,0.6,0.7,0.30000000000000004,[1. 1.]
933,1.0,934,0,False,0.0,467.0,0.0,1,1,0,[1. 1.],[2 1],0.0,0,0.6,0.7,0.30000000000000004,[1. 1.]
934,0.0,935,1,False,0.0,468.0,1.0,1,0,2,[1. 1.],[2 1],0.0,0,0.6,0.7,0.30000000000000004,[1. 1.]
935,1.0,936,0,False,1.0,468.0,0.0,1,1,0,[1. 0.],[2 1],,0,0.6,0.7,0.30000000000000004,[1. 1.]
936,0.0,937,1,False,0.0,469.0,1.0,1,0,2,[1. 0.],[2 1],,0,0.6,0.7,0.30000000000000004,[1. 1.]
937,1.0,938,0,False,1.0,469.0,0.0,1,1,0,[1. 1.],[2 1],,0,0.6,0.7,0.30000000000000004,[1. 1.]
938,0.0,939,1,False,0.0,470.0,1.0,1,0,2,[1. 1.],[2 1],,0,0.6,0.7,0.30000000000000004,[1. 1.]
939,1.0,940,0,False,1.0,470.0,0.0,1,1,0,[0. 0.],[2 1],,0,0.6,0.7,0.30000000000000004,[1. 1.]
940,0.0,941,1,False,0.0,471.0,1.0,1,0,2,[0. 0.],[2 1],,0,0.6,0.7,0.30000000000000004,[1. 1.]
941,1.0,942,0,False,0.0,471.0,0.0,1,1,0,[0. 1.],[2 1],,0,0.6,0.7,0.30000000000000004,[1. 1.]
942,0.0,943,1,False,0.0,472.0,1.0,1,0,2,[0. 1.],[2 1],,0,0.6,0.7,0.30000000000000004,[1. 1.]
943,1.0,944,0,False,0.0,472.0,0.0,1,1,0,[1. 0.],[2 1],,0,0.6,0.7,0.30000000000000004,[1. 1.]
944,0.0,945,1,False,0.0,473.0,1.0,1,0,2,[1. 0.],[2 1],,0,0.6,0.7,0.30000000000000004,[1. 1.]
945,1.0,946,0,False,1.0,473.0,0.0,1,1,0,[0. 1.],[2 1],0.0,0,0.6,0.7,0.30000000000000004,[1. 1.]
946,0.0,947,1,False,0.0,474.0,1.0,1,0,2,[0. 1.],[2 1],0.0,0,0.6,0.7,0.30000000000000004,[1. 1.]
947,1.0,948,0,False,0.0,474.0,0.0,1,1,0,[1. 0.],[2 1],,0,0.6,0.7,0.30000000000000004,[1. 1.]
948,0.0,949,1,False,0.0,475.0,1.0,1,0,2,[1. 0.],[2 1],,0,0.6,0.7,0.30000000000000004,[1. 1.]
949,1.0,950,0,False,1.0,475.0,0.0,1,1,0,[0. 0.],[2 1],0.0,0,0.6,0.7,0.30000000000000004,[1. 1.]
950,0.0,951,1,False,0.0,476.0,1.0,1,0,2,[0. 0.],[2 1],0.0,0,0.6,0.7,0.30000000000000004,[1. 1.]
951,1.0,952,0,False,0.0,476.0,0.0,1,1,0,[1. 0.],[2 1],,0,0.6,0.7,0.30000000000000004,[1. 1.]
952,0.0,953,1,False,0.0,477.0,1.0,1,0,2,[1. 0.],[2 1],,0,0.6,0.7,0.30000000000000004,[1. 1.]
953,1.0,954,0,False,1.0,477.0,0.0,1,1,0,[1. 0.],[2 1],0.0,0,0.6,0.7,0.30000000000000004,[1. 1.]
954,0.0,955,1,False,0.0,478.0,1.0,1,0,2,[1. 0.],[2 1],0.0,0,0.6,0.7,0.30000000000000004,[1. 1.]
955,1.0,956,0,False,1.0,478.0,0.0,1,1,0,[0. 1.],[2 1],1.0,0,0.6,0.7,0.30000000000000004,[1. 1.]
956,0.0,957,1,False,0.0,479.0,2.0,1,0,2,[0. 1.],[2 1],1.0,0,0.6,0.7,0.30000000000000004,[1. 1.]
957,2.0,958,0,False,0.0,479.0,0.0,1,1,0,[1. 0.],[2 1],0.0,0,0.6,0.7,0.30000000000000004,[1. 1.]
958,0.0,959,1,False,0.0,480.0,1.0,1,0,2,[1. 0.],[2 1],0.0,0,0.6,0.7,0.30000000000000004,[1. 1.]
959,1.0,960,0,False,1.0,480.0,0.0,1,1,0,[1. 0.],[2 1],,0,0.6,0.7,0.30000000000000004,[1. 1.]
960,0.0,961,1,False,0.0,481.0,1.0,1,0,2,[1. 0.],[2 1],,0,0.6,0.7,0.30000000000000004,[1. 1.]
961,1.0,962,0,False,1.0,481.0,0.0,1,1,0,[0. 1.],[2 1],1.0,0,0.6,0.7,0.30000000000000004,[1. 1.]
962,0.0,963,1,False,0.0,482.0,2.0,1,0,2,[0. 1.],[2 1],1.0,0,0.6,0.7,0.30000000000000004,[1. 1.]
963,2.0,964,0,False,0.0,482.0,0.0,1,1,0,[1. 1.],[2 1],1.0,0,0.6,0.7,0.30000000000000004,[1. 1.]
964,0.0,965,1,False,0.0,483.0,2.0,1,0,2,[1. 1.],[2 1],1.0,0,0.6,0.7,0.30000000000000004,[1. 1.]
965,2.0,966,0,False,1.0,483.0,0.0,1,1,0,[1. 1.],[2 1],,0,0.6,0.7,0.30000000000000004,[1. 1.]
966,0.0,967,1,False,0.0,484.0,1.0,1,0,2,[1. 1.],[2 1],,0,0.6,0.7,0.30000000000000004,[1. 1.]
967,1.0,968,0,False,1.0,484.0,0.0,1,1,0,[1. 1.],[2 1],1.0,0,0.6,0.7,0.30000000000000004,[1. 1.]
968,0.0,969,1,False,0.0,485.0,2.0,1,0,2,[1. 1.],[2 1],1.0,0,0.6,0.7,0.30000000000000004,[1. 1.]
969,2.0,970,0,False,1.0,485.0,0.0,1,1,0,[1. 0.],[2 1],0.0,0,0.6,0.7,0.30000000000000004,[1. 1.]
970,0.0,971,1,False,0.0,486.0,1.0,1,0,2,[1. 0.],[2 1],0.0,0,0.6,0.7,0.30000000000000004,[1. 1.]
971,1.0,972,0,False,1.0,486.0,0.0,1,1,0,[0. 1.],[2 1],0.0,1,0.6,0.7,0.30000000000000004,[1. 1.]
972,0.0,973,1,False,0.0,487.0,1.0,1,0,2,[0. 1.],[2 1],0.0,1,0.6,0.7,0.30000000000000004,[1. 1.]
973,1.0,974,0,False,0.0,487.0,0.0,1,1,0,[0. 1.],[2 1],,1,0.6,0.7,0.30000000000000004,[1. 1.]
974,0.0,975,1,False,0.0,488.0,1.0,1,0,2,[0. 1.],[2 1],,1,0.6,0.7,0.30000000000000004,[1. 1.]
975,1.0,976,0,False,0.0,488.0,0.0,1,1,0,[1. 0.],[2 1],,1,0.6,0.7,0.30000000000000004,[1. 1.]
976,0.0,977,1,False,0.0,489.0,1.0,1,0,2,[1. 0.],[2 1],,1,0.6,0.7,0.30000000000000004,[1. 1.]
977,1.0,978,0,False,1.0,489.0,0.0,1,1,0,[1. 1.],[2 1],,1,0.6,0.7,0.30000000000000004,[1. 1.]
978,0.0,979,1,False,0.0,490.0,1.0,1,0,2,[1. 1.],[2 1],,1,0.6,0.7,0.30000000000000004,[1. 1.]
979,1.0,980,0,False,1.0,490.0,0.0,1,1,0,[0. 1.],[2 1],,1,0.6,0.7,0.30000000000000004,[1. 1.]
980,0.0,981,1,False,0.0,491.0,1.0,1,0,2,[0. 1.],[2 1],,1,0.6,0.7,0.30000000000000004,[1. 1.]
981,1.0,982,0,False,0.0,491.0,0.0,1,1,0,[0. 1.],[2 1],,1,0.6,0.7,0.30000000000000004,[1. 1.]
982,0.0,983,1,False,0.0,492.0,1.0,1,0,2,[0. 1.],[2 1],,1,0.6,0.7,0.30000000000000004,[1. 1.]
983,1.0,984,0,False,0.0,492.0,0.0,1,1,0,[0. 1.],[2 1],0.0,1,0.6,0.7,0.30000000000000004,[1. 1.]
984,0.0,985,1,False,0.0,493.0,1.0,1,0,2,[0. 1.],[2 1],0.0,1,0.6,0.7,0.30000000000000004,[1. 1.]
985,1.0,986,0,False,0.0,493.0,0.0,1,1,0,[0. 1.],[2 1],,1,0.6,0.7,0.30000000000000004,[1. 1.]
986,0.0,987,1,False,0.0,494.0,2.0,1,0,1,[0. 1.],[2 1],,1,0.6,0.7,0.30000000000000004,[1. 1.]
987,2.0,988,0,False,1.0,494.0,0.0,1,1,0,[0. 0.],[2 1],1.0,1,0.6,0.7,0.30000000000000004,[1. 1.]
988,0.0,989,1,False,0.0,495.0,2.0,1,0,1,[0. 0.],[2 1],1.0,1,0.6,0.7,0.30000000000000004,[1. 1.]
989,2.0,990,0,False,0.0,495.0,0.0,1,1,0,[0. 1.],[2 1],1.0,1,0.6,0.7,0.30000000000000004,[1. 1.]
990,0.0,991,1,False,0.0,496.0,2.0,1,0,1,[0. 1.],[2 1],1.0,1,0.6,0.7,0.30000000000000004,[1. 1.]
991,2.0,992,0,False,1.0,496.0,0.0,1,1,0,[1. 1.],[2 1],1.0,1,0.6,0.7,0.30000000000000004,[1. 1.]
992,0.0,993,1,False,0.0,497.0,2.0,1,0,1,[1. 1.],[2 1],1.0,1,0.6,0.7,0.30000000000000004,[1. 1.]
993,2.0,994,0,False,1.0,497.0,0.0,1,1,0,[1. 1.],[2 1],1.0,1,0.6,0.7,0.30000000000000004,[1. 1.]
994,0.0,995,1,False,0.0,498.0,2.0,1,0,1,[1. 1.],[2 1],1.0,1,0.6,0.7,0.30000000000000004,[1. 1.]
995,2.0,996,0,False,1.0,498.0,0.0,1,1,0,[0. 0.],[1 2],1.0,1,0.6,0.7,0.30000000000000004,[1. 1.]
996,0.0,997,1,False,0.0,499.0,2.0,1,0,1,[0. 0.],[1 2],1.0,1,0.6,0.7,0.30000000000000004,[1. 1.]
997,2.0,998,0,False,0.0,499.0,0.0,1,1,0,[1. 0.],[1 2],,1,0.6,0.7,0.30000000000000004,[1. 1.]
998,0.0,999,1,False,0.0,500.0,1.0,1,0,1,[1. 0.],[1 2],,1,0.6,0.7,0.30000000000000004,[1. 1.]
999,1.0,1000,0,False,1.0,500.0,0.0,1,1,0,[0. 0.],[2 1],0.0,0,0.6,0.7,0.30000000000000004,[1. 1.]
1000,0.0,1001,1,False,0.0,501.0,1.0,1,0,1,[0. 0.],[2 1],0.0,0,0.6,0.7,0.30000000000000004,[1. 1.]
1001,1.0,1002,0,False,0.0,501.0,0.0,1,1,0,[1. 0.],[2 1],,0,0.6,0.7,0.30000000000000004,[1. 1.]
1002,0.0,1003,1,False,0.0,502.0,2.0,1,0,1,[1. 0.],[2 1],,0,0.6,0.7,0.30000000000000004,[1. 1.]
1003,2.0,1004,0,False,0.0,502.0,0.0,1,1,0,[0. 1.],[2 1],0.0,1,0.6,0.7,0.30000000000000004,[1. 1.]
1004,0.0,1005,1,False,0.0,503.0,1.0,1,0,2,[0. 1.],[2 1],0.0,1,0.6,0.7,0.30000000000000004,[1. 1.]
1005,1.0,1006,0,False,0.0,503.0,0.0,1,1,0,[1. 1.],[2 1],,1,0.6,0.7,0.30000000000000004,[1. 1.]
1006,0.0,1007,1,False,0.0,504.0,2.0,1,0,1,[1. 1.],[2 1],,1,0.6,0.7,0.30000000000000004,[1. 1.]
1007,2.0,1008,0,False,1.0,504.0,0.0,1,1,0,[0. 1.],[2 1],1.0,1,0.6,0.7,0.30000000000000004,[1. 1.]
1008,0.0,1009,1,False,0.0,505.0,2.0,1,0,1,[0. 1.],[2 1],1.0,1,0.6,0.7,0.30000000000000004,[1. 1.]
1009,2.0,1010,0,False,1.0,505.0,0.0,1,1,0,[0. 1.],[2 1],1.0,1,0.6,0.7,0.30000000000000004,[1. 1.]
1010,0.0,1011,1,False,0.0,506.0,2.0,1,0,1,[0. 1.],[2 1],1.0,1,0.6,0.7,0.30000000000000004,[1. 1.]
1011,2.0,1012,0,False,1.0,506.0,0.0,1,1,0,[0. 1.],[2 1],,1,0.6,0.7,0.30000000000000004,[1. 1.]
1012,0.0,1013,1,False,0.0,507.0,2.0,1,0,1,[0. 1.],[2 1],,1,0.6,0.7,0.30000000000000004,[1. 1.]
1013,2.0,1014,0,False,1.0,507.0,0.0,1,1,0,[1. 1.],[2 1],,1,0.6,0.7,0.30000000000000004,[1. 1.]
1014,0.0,1015,1,False,0.0,508.0,2.0,1,0,1,[1. 1.],[2 1],,1,0.6,0.7,0.30000000000000004,[1. 1.]
1015,2.0,1016,0,False,1.0,508.0,0.0,1,1,0,[0. 1.],[2 1],,1,0.6,0.7,0.30000000000000004,[1. 1.]
1016,0.0,1017,1,False,0.0,509.0,2.0,1,0,1,[0. 1.],[2 1],,1,0.6,0.7,0.30000000000000004,[1. 1.]
1017,2.0,1018,0,False,1.0,509.0,0.0,1,1,0,[1. 0.],[2 1],,1,0.6,0.7,0.30000000000000004,[1. 1.]
1018,0.0,1019,1,False,0.0,510.0,2.0,1,0,1,[1. 0.],[2 1],,1,0.6,0.7,0.30000000000000004,[1. 1.]
1019,2.0,1020,0,False,0.0,510.0,0.0,1,1,0,[0. 1.],[2 1],1.0,1,0.6,0.7,0.30000000000000004,[1. 1.]
1020,0.0,1021,1,False,0.0,511.0,2.0,1,0,1,[0. 1.],[2 1],1.0,1,0.6,0.7,0.30000000000000004,[1. 1.]
1021,2.0,1022,0,False,1.0,511.0,0.0,1,1,0,[1. 1.],[2 1],1.0,1,0.6,0.7,0.30000000000000004,[1. 1.]
1022,0.0,1023,1,False,0.0,512.0,2.0,1,0,1,[1. 1.],[2 1],1.0,1,0.6,0.7,0.30000000000000004,[1. 1.]
1023,2.0,1024,0,False,1.0,512.0,0.0,1,1,0,[1. 1.],[2 1],1.0,1,0.6,0.7,0.30000000000000004,[1. 1.]
1024,0.0,1025,1,False,0.0,513.0,2.0,1,0,1,[1. 1.],[2 1],1.0,1,0.6,0.7,0.30000000000000004,[1. 1.]
1025,2.0,1026,0,False,1.0,513.0,0.0,1,1,0,[0. 0.],[2 1],0.0,1,0.6,0.7,0.30000000000000004,[1. 1.]
1026,0.0,1027,1,False,0.0,514.0,1.0,1,0,1,[0. 0.],[2 1],0.0,1,0.6,0.7,0.30000000000000004,[1. 1.]
1027,1.0,1028,0,False,0.0,514.0,0.0,1,1,0,[0. 0.],[2 1],,1,0.6,0.7,0.30000000000000004,[1. 1.]
1028,0.0,1029,1,False,0.0,515.0,2.0,1,0,1,[0. 0.],[2 1],,1,0.6,0.7,0.30000000000000004,[1. 1.]
1029,2.0,1030,0,False,0.0,515.0,0.0,1,1,0,[0. 1.],[2 1],1.0,1,0.6,0.7,0.30000000000000004,[1. 1.]
1030,0.0,1031,1,False,0.0,516.0,2.0,1,0,1,[0. 1.],[2 1],1.0,1,0.6,0.7,0.30000000000000004,[1. 1.]
1031,2.0,1032,0,False,1.0,516.0,0.0,1,1,0,[1. 0.],[2 1],,1,0.6,0.7,0.30000000000000004,[1. 1.]
1032,0.0,1033,1,False,0.0,517.0,2.0,1,0,1,[1. 0.],[2 1],,1,0.6,0.7,0.30000000000000004,[1. 1.]
1033,2.0,1034,0,False,0.0,517.0,0.0,1,1,0,[0. 1.],[2 1],0.0,1,0.6,0.7,0.30000000000000004,[1. 1.]
1034,0.0,1035,1,False,0.0,518.0,1.0,1,0,1,[0. 1.],[2 1],0.0,1,0.6,0.7,0.30000000000000004,[1. 1.]
1035,1.0,1036,0,False,1.0,518.0,0.0,1,1,0,[0. 0.],[2 1],,1,0.6,0.7,0.30000000000000004,[1. 1.]
1036,0.0,1037,1,False,0.0,519.0,2.0,1,0,1,[0. 0.],[2 1],,1,0.6,0.7,0.30000000000000004,[1. 1.]
1037,2.0,1038,0,False,0.0,519.0,0.0,1,1,0,[1. 0.],[2 1],1.0,1,0.6,0.7,0.30000000000000004,[1. 1.]
1038,0.0,1039,1,False,0.0,520.0,2.0,1,0,1,[1. 0.],[2 1],1.0,1,0.6,0.7,0.30000000000000004,[1. 1.]
1039,2.0,1040,0,False,0.0,520.0,0.0,1,1,0,[1. 0.],[2 1],,1,0.6,0.7,0.30000000000000004,[1. 1.]
1040,0.0,1041,1,False,0.0,521.0,2.0,1,0,1,[1. 0.],[2 1],,1,0.6,0.7,0.30000000000000004,[1. 1.]
1041,2.0,1042,0,False,0.0,521.0,0.0,1,1,0,[0. 1.],[2 1],,1,0.6,0.7,0.30000000000000004,[1. 1.]
1042,0.0,1043,1,False,0.0,522.0,2.0,1,0,1,[0. 1.],[2 1],,1,0.6,0.7,0.30000000000000004,[1. 1.]
1043,2.0,1044,0,False,1.0,522.0,0.0,1,1,0,[0. 0.],[2 1],,1,0.6,0.7,0.30000000000000004,[1. 1.]
1044,0.0,1045,1,False,0.0,523.0,2.0,1,0,1,[0. 0.],[2 1],,1,0.6,0.7,0.30000000000000004,[1. 1.]
1045,2.0,1046,0,False,0.0,523.0,0.0,1,1,0,[1. 1.],[2 1],0.0,1,0.6,0.7,0.30000000000000004,[1. 1.]
1046,0.0,1047,1,False,0.0,524.0,1.0,1,0,1,[1. 1.],[2 1],0.0,1,0.6,0.7,0.30000000000000004,[1. 1.]
1047,1.0,1048,0,False,1.0,524.0,0.0,1,1,0,[0. 1.],[2 1],1.0,1,0.6,0.7,0.30000000000000004,[1. 1.]
1048,0.0,1049,1,False,0.0,525.0,2.0,1,0,1,[0. 1.],[2 1],1.0,1,0.6,0.7,0.30000000000000004,[1. 1.]
1049,2.0,1050,0,False,1.0,525.0,0.0,1,1,0,[0. 1.],[2 1],1.0,1,0.6,0.7,0.30000000000000004,[1. 1.]
1050,0.0,1051,1,False,0.0,526.0,2.0,1,0,1,[0. 1.],[2 1],1.0,1,0.6,0.7,0.30000000000000004,[1. 1.]
1051,2.0,1052,0,False,1.0,526.0,0.0,1,1,0,[0. 1.],[1 2],,1,0.6,0.7,0.30000000000000004,[1. 1.]
1052,0.0,1053,1,False,0.0,527.0,1.0,1,0,1,[0. 1.],[1 2],,1,0.6,0.7,0.30000000000000004,[1. 1.]
1053,1.0,1054,0,False,0.0,527.0,0.0,1,1,0,[0. 1.],[1 2],1.0,1,0.6,0.7,0.30000000000000004,[1. 1.]
1054,0.0,1055,1,False,0.0,528.0,2.0,1,0,1,[0. 1.],[1 2],1.0,1,0.6,0.7,0.30000000000000004,[1. 1.]
1055,2.0,1056,0,False,0.0,528.0,0.0,1,1,0,[0. 1.],[1 2],,1,0.6,0.7,0.30000000000000004,[1. 1.]
1056,0.0,1057,1,False,0.0,529.0,1.0,1,0,1,[0. 1.],[1 2],,1,0.6,0.7,0.30000000000000004,[1. 1.]
1057,1.0,1058,0,False,0.0,529.0,0.0,1,1,0,[0. 1.],[1 2],1.0,1,0.6,0.7,0.30000000000000004,[1. 1.]
1058,0.0,1059,1,False,0.0,530.0,2.0,1,0,2,[0. 1.],[1 2],1.0,1,0.6,0.7,0.30000000000000004,[1. 1.]
1059,2.0,1060,0,False,1.0,530.0,0.0,1,1,0,[0. 1.],[1 2],0.0,1,0.6,0.7,0.30000000000000004,[1. 1.]
1060,0.0,1061,1,False,0.0,531.0,1.0,1,0,2,[0. 1.],[1 2],0.0,1,0.6,0.7,0.30000000000000004,[1. 1.]
1061,1.0,1062,0,False,1.0,531.0,0.0,1,1,0,[1. 1.],[1 2],,1,0.6,0.7,0.30000000000000004,[1. 1.]
1062,0.0,1063,1,False,0.0,532.0,2.0,1,0,2,[1. 1.],[1 2],,1,0.6,0.7,0.30000000000000004,[1. 1.]
1063,2.0,1064,0,False,1.0,532.0,0.0,1,1,0,[0. 0.],[1 2],,1,0.6,0.7,0.30000000000000004,[1. 1.]
1064,0.0,1065,1,False,0.0,533.0,2.0,1,0,2,[0. 0.],[1 2],,1,0.6,0.7,0.30000000000000004,[1. 1.]
1065,2.0,1066,0,False,0.0,533.0,0.0,1,1,0,[1. 1.],[1 2],0.0,1,0.6,0.7,0.30000000000000004,[1. 1.]
1066,0.0,1067,1,False,0.0,534.0,1.0,1,0,2,[1. 1.],[1 2],0.0,1,0.6,0.7,0.30000000000000004,[1. 1.]
1067,1.0,1068,0,False,1.0,534.0,0.0,1,1,0,[0. 1.],[1 2],,1,0.6,0.7,0.30000000000000004,[1. 1.]
1068,0.0,1069,1,False,0.0,535.0,2.0,1,0,2,[0. 1.],[1 2],,1,0.6,0.7,0.30000000000000004,[1. 1.]
1069,2.0,1070,0,False,1.0,535.0,0.0,1,1,0,[0. 1.],[2 1],0.0,1,0.6,0.7,0.30000000000000004,[1. 1.]
1070,0.0,1071,1,False,0.0,536.0,1.0,1,0,2,[0. 1.],[2 1],0.0,1,0.6,0.7,0.30000000000000004,[1. 1.]
1071,1.0,1072,0,False,0.0,536.0,0.0,1,1,0,[1. 0.],[2 1],,1,0.6,0.7,0.30000000000000004,[1. 1.]
1072,0.0,1073,1,False,0.0,537.0,1.0,1,0,2,[1. 0.],[2 1],,1,0.6,0.7,0.30000000000000004,[1. 1.]
1073,1.0,1074,0,False,1.0,537.0,0.0,1,1,0,[1. 0.],[2 1],,1,0.6,0.7,0.30000000000000004,[1. 1.]
1074,0.0,1075,1,False,0.0,538.0,1.0,1,0,2,[1. 0.],[2 1],,1,0.6,0.7,0.30000000000000004,[1. 1.]
1075,1.0,1076,0,False,1.0,538.0,0.0,1,1,0,[0. 1.],[2 1],,1,0.6,0.7,0.30000000000000004,[1. 1.]
1076,0.0,1077,1,False,0.0,539.0,1.0,1,0,2,[0. 1.],[2 1],,1,0.6,0.7,0.30000000000000004,[1. 1.]
1077,1.0,1078,0,False,0.0,539.0,0.0,1,1,0,[1. 0.],[2 1],,1,0.6,0.7,0.30000000000000004,[1. 1.]
1078,0.0,1079,1,False,0.0,540.0,1.0,1,0,2,[1. 0.],[2 1],,1,0.6,0.7,0.30000000000000004,[1. 1.]
1079,1.0,1080,0,False,1.0,540.0,0.0,1,1,0,[0. 1.],[2 1],,1,0.6,0.7,0.30000000000000004,[1. 1.]
1080,0.0,1081,1,False,0.0,541.0,1.0,1,0,2,[0. 1.],[2 1],,1,0.6,0.7,0.30000000000000004,[1. 1.]
1081,1.0,1082,0,False,0.0,541.0,0.0,1,1,0,[1. 1.],[2 1],0.0,1,0.6,0.7,0.30000000000000004,[1. 1.]
1082,0.0,1083,1,False,0.0,542.0,1.0,1,0,2,[1. 1.],[2 1],0.0,1,0.6,0.7,0.30000000000000004,[1. 1.]
1083,1.0,1084,0,False,1.0,542.0,0.0,1,1,0,[0. 1.],[2 1],,1,0.6,0.7,0.30000000000000004,[1. 1.]
1084,0.0,1085,1,False,0.0,543.0,1.0,1,0,2,[0. 1.],[2 1],,1,0.6,0.7,0.30000000000000004,[1. 1.]
1085,1.0,1086,0,False,0.0,543.0,0.0,1,1,0,[0. 1.],[2 1],,1,0.6,0.7,0.30000000000000004,[1. 1.]
1086,0.0,1087,1,False,0.0,544.0,1.0,1,0,2,[0. 1.],[2 1],,1,0.6,0.7,0.30000000000000004,[1. 1.]
1087,1.0,1088,0,False,0.0,544.0,0.0,1,1,0,[1. 1.],[2 1],,1,0.6,0.7,0.30000000000000004,[1. 1.]
1088,0.0,1089,1,False,0.0,545.0,2.0,1,0,1,[1. 1.],[2 1],,1,0.6,0.7,0.30000000000000004,[1. 1.]
1089,2.0,1090,0,False,1.0,545.0,0.0,1,1,0,[0. 1.],[2 1],0.0,1,0.6,0.7,0.30000000000000004,[1. 1.]
1090,0.0,1091,1,False,0.0,546.0,1.0,1,0,1,[0. 1.],[2 1],0.0,1,0.6,0.7,0.30000000000000004,[1. 1.]
1091,1.0,1092,0,False,1.0,546.0,0.0,1,1,0,[0. 1.],[2 1],0.0,1,0.6,0.7,0.30000000000000004,[1. 1.]
1092,0.0,1093,1,False,0.0,547.0,1.0,1,0,1,[0. 1.],[2 1],0.0,1,0.6,0.7,0.30000000000000004,[1. 1.]
1093,1.0,1094,0,False,1.0,547.0,0.0,1,1,0,[0. 1.],[2 1],1.0,1,0.6,0.7,0.30000000000000004,[1. 1.]
1094,0.0,1095,1,False,0.0,548.0,2.0,1,0,1,[0. 1.],[2 1],1.0,1,0.6,0.7,0.30000000000000004,[1. 1.]
1095,2.0,1096,0,False,1.0,548.0,0.0,1,1,0,[0. 1.],[2 1],1.0,1,0.6,0.7,0.30000000000000004,[1. 1.]
1096,0.0,1097,1,False,0.0,549.0,2.0,1,0,1,[0. 1.],[2 1],1.0,1,0.6,0.7,0.30000000000000004,[1. 1.]
1097,2.0,1098,0,False,1.0,549.0,0.0,1,1,0,[0. 1.],[2 1],,1,0.6,0.7,0.30000000000000004,[1. 1.]
1098,0.0,1099,1,False,0.0,550.0,2.0,1,0,1,[0. 1.],[2 1],,1,0.6,0.7,0.30000000000000004,[1. 1.]
1099,2.0,1100,0,False,1.0,550.0,0.0,1,1,0,[1. 0.],[2 1],1.0,1,0.6,0.7,0.30000000000000004,[1. 1.]
1100,0.0,1101,1,False,0.0,551.0,2.0,1,0,1,[1. 0.],[2 1],1.0,1,0.6,0.7,0.30000000000000004,[1. 1.]
1101,2.0,1102,0,False,0.0,551.0,0.0,1,1,0,[0. 1.],[2 1],,1,0.6,0.7,0.30000000000000004,[1. 1.]
1102,0.0,1103,1,False,0.0,552.0,2.0,1,0,1,[0. 1.],[2 1],,1,0.6,0.7,0.30000000000000004,[1. 1.]
1103,2.0,1104,0,False,1.0,552.0,0.0,1,1,0,[1. 0.],[2 1],0.0,1,0.6,0.7,0.30000000000000004,[1. 1.]
1104,0.0,1105,1,False,0.0,553.0,1.0,1,0,1,[1. 0.],[2 1],0.0,1,0.6,0.7,0.30000000000000004,[1. 1.]
1105,1.0,1106,0,False,0.0,553.0,0.0,1,1,0,[1. 1.],[2 1],0.0,1,0.6,0.7,0.30000000000000004,[1. 1.]
1106,0.0,1107,1,False,0.0,554.0,1.0,1,0,1,[1. 1.],[2 1],0.0,1,0.6,0.7,0.30000000000000004,[1. 1.]
1107,1.0,1108,0,False,1.0,554.0,0.0,1,1,0,[0. 1.],[2 1],1.0,1,0.6,0.7,0.30000000000000004,[1. 1.]
1108,0.0,1109,1,False,0.0,555.0,2.0,1,0,1,[0. 1.],[2 1],1.0,1,0.6,0.7,0.30000000000000004,[1. 1.]
1109,2.0,1110,0,False,1.0,555.0,0.0,1,1,0,[0. 0.],[2 1],0.0,1,0.6,0.7,0.30000000000000004,[1. 1.]
1110,0.0,1111,1,False,0.0,556.0,1.0,1,0,1,[0. 0.],[2 1],0.0,1,0.6,0.7,0.30000000000000004,[1. 1.]
1111,1.0,1112,0,False,0.0,556.0,0.0,1,1,0,[0. 1.],[2 1],0.0,1,0.6,0.7,0.30000000000000004,[1. 1.]
1112,0.0,1113,1,False,0.0,557.0,1.0,1,0,1,[0. 1.],[2 1],0.0,1,0.6,0.7,0.30000000000000004,[1. 1.]
1113,1.0,1114,0,False,1.0,557.0,0.0,1,1,0,[0. 0.],[2 1],,1,0.6,0.7,0.30000000000000004,[1. 1.]
1114,0.0,1115,1,False,0.0,558.0,2.0,1,0,1,[0. 0.],[2 1],,1,0.6,0.7,0.30000000000000004,[1. 1.]
1115,2.0,1116,0,False,0.0,558.0,0.0,1,1,0,[1. 1.],[2 1],1.0,1,0.6,0.7,0.30000000000000004,[1. 1.]
1116,0.0,1117,1,False,0.0,559.0,2.0,1,0,1,[1. 1.],[2 1],1.0,1,0.6,0.7,0.30000000000000004,[1. 1.]
1117,2.0,1118,0,False,1.0,559.0,0.0,1,1,0,[0. 1.],[2 1],1.0,1,0.6,0.7,0.30000000000000004,[1. 1.]
1118,0.0,1119,1,False,0.0,560.0,2.0,1,0,1,[0. 1.],[2 1],1.0,1,0.6,0.7,0.30000000000000004,[1. 1.]
1119,2.0,1120,0,False,1.0,560.0,0.0,1,1,0,[0. 1.],[2 1],,1,0.6,0.7,0.30000000000000004,[1. 1.]
1120,0.0,1121,1,False,0.0,561.0,2.0,1,0,1,[0. 1.],[2 1],,1,0.6,0.7,0.30000000000000004,[1. 1.]
1121,2.0,1122,0,False,1.0,561.0,0.0,1,1,0,[0. 1.],[2 1],,1,0.6,0.7,0.30000000000000004,[1. 1.]
1122,0.0,1123,1,False,0.0,562.0,2.0,1,0,1,[0. 1.],[2 1],,1,0.6,0.7,0.30000000000000004,[1. 1.]
1123,2.0,1124,0,False,1.0,562.0,0.0,1,1,0,[1. 1.],[2 1],1.0,1,0.6,0.7,0.30000000000000004,[1. 1.]
1124,0.0,1125,1,False,0.0,563.0,2.0,1,0,1,[1. 1.],[2 1],1.0,1,0.6,0.7,0.30000000000000004,[1. 1.]
1125,2.0,1126,0,False,1.0,563.0,0.0,1,1,0,[0. 1.],[2 1],1.0,1,0.6,0.7,0.30000000000000004,[1. 1.]
1126,0.0,1127,1,False,0.0,564.0,2.0,1,0,1,[0. 1.],[2 1],1.0,1,0.6,0.7,0.30000000000000004,[1. 1.]
1127,2.0,1128,0,False,1.0,564.0,0.0,1,1,0,[0. 1.],[2 1],1.0,1,0.6,0.7,0.30000000000000004,[1. 1.]
1128,0.0,1129,1,False,0.0,565.0,2.0,1,0,1,[0. 1.],[2 1],1.0,1,0.6,0.7,0.30000000000000004,[1. 1.]
1129,2.0,1130,0,False,1.0,565.0,0.0,1,1,0,[1. 0.],[2 1],,1,0.6,0.7,0.30000000000000004,[1. 1.]
1130,0.0,1131,1,False,0.0,566.0,2.0,1,0,1,[1. 0.],[2 1],,1,0.6,0.7,0.30000000000000004,[1. 1.]
1131,2.0,1132,0,False,0.0,566.0,0.0,1,1,0,[0. 1.],[2 1],0.0,1,0.6,0.7,0.30000000000000004,[1. 1.]
1132,0.0,1133,1,False,0.0,567.0,1.0,1,0,1,[0. 1.],[2 1],0.0,1,0.6,0.7,0.30000000000000004,[1. 1.]
1133,1.0,1134,0,False,1.0,567.0,0.0,1,1,0,[0. 1.],[2 1],0.0,1,0.6,0.7,0.30000000000000004,[1. 1.]
1134,0.0,1135,1,False,0.0,568.0,1.0,1,0,1,[0. 1.],[2 1],0.0,1,0.6,0.7,0.30000000000000004,[1. 1.]
1135,1.0,1136,0,False,1.0,568.0,0.0,1,1,0,[1. 1.],[2 1],,1,0.6,0.7,0.30000000000000004,[1. 1.]
1136,0.0,1137,1,False,0.0,569.0,2.0,1,0,1,[1. 1.],[2 1],,1,0.6,0.7,0.30000000000000004,[1. 1.]
1137,2.0,1138,0,False,1.0,569.0,0.0,1,1,0,[0. 1.],[2 1],,1,0.6,0.7,0.30000000000000004,[1. 1.]
1138,0.0,1139,1,False,0.0,570.0,2.0,1,0,1,[0. 1.],[2 1],,1,0.6,0.7,0.30000000000000004,[1. 1.]
1139,2.0,1140,0,False,1.0,570.0,0.0,1,1,0,[0. 1.],[1 2],,1,0.6,0.7,0.30000000000000004,[1. 1.]
1140,0.0,1141,1,False,0.0,571.0,1.0,1,0,1,[0. 1.],[1 2],,1,0.6,0.7,0.30000000000000004,[1. 1.]
1141,1.0,1142,0,False,0.0,571.0,0.0,1,1,0,[0. 1.],[1 2],,1,0.6,0.7,0.30000000000000004,[1. 1.]
1142,0.0,1143,1,False,0.0,572.0,1.0,1,0,1,[0. 1.],[1 2],,1,0.6,0.7,0.30000000000000004,[1. 1.]
1143,1.0,1144,0,False,0.0,572.0,0.0,1,1,0,[0. 1.],[1 2],1.0,1,0.6,0.7,0.30000000000000004,[1. 1.]
1144,0.0,1145,1,False,0.0,573.0,2.0,1,0,1,[0. 1.],[1 2],1.0,1,0.6,0.7,0.30000000000000004,[1. 1.]
1145,2.0,1146,0,False,0.0,573.0,0.0,1,1,0,[1. 1.],[1 2],,1,0.6,0.7,0.30000000000000004,[1. 1.]
1146,0.0,1147,1,False,0.0,574.0,2.0,1,0,2,[1. 1.],[1 2],,1,0.6,0.7,0.30000000000000004,[1. 1.]
1147,2.0,1148,0,False,1.0,574.0,0.0,1,1,0,[0. 1.],[1 2],,1,0.6,0.7,0.30000000000000004,[1. 1.]
1148,0.0,1149,1,False,0.0,575.0,2.0,1,0,2,[0. 1.],[1 2],,1,0.6,0.7,0.30000000000000004,[1. 1.]
1149,2.0,1150,0,False,1.0,575.0,0.0,1,1,0,[1. 0.],[1 2],1.0,1,0.6,0.7,0.30000000000000004,[1. 1.]
1150,0.0,1151,1,False,0.0,576.0,2.0,1,0,2,[1. 0.],[1 2],1.0,1,0.6,0.7,0.30000000000000004,[1. 1.]
1151,2.0,1152,0,False,0.0,576.0,0.0,1,1,0,[1. 1.],[1 2],,1,0.6,0.7,0.30000000000000004,[1. 1.]
1152,0.0,1153,1,False,0.0,577.0,2.0,1,0,2,[1. 1.],[1 2],,1,0.6,0.7,0.30000000000000004,[1. 1.]
1153,2.0,1154,0,False,1.0,577.0,0.0,1,1,0,[0. 0.],[1 2],1.0,1,0.6,0.7,0.30000000000000004,[1. 1.]
1154,0.0,1155,1,False,0.0,578.0,2.0,1,0,2,[0. 0.],[1 2],1.0,1,0.6,0.7,0.30000000000000004,[1. 1.]
1155,2.0,1156,0,False,0.0,578.0,0.0,1,1,0,[0. 1.],[1 2],1.0,1,0.6,0.7,0.30000000000000004,[1. 1.]
1156,0.0,1157,1,False,0.0,579.0,2.0,1,0,2,[0. 1.],[1 2],1.0,1,0.6,0.7,0.30000000000000004,[1. 1.]
1157,2.0,1158,0,False,1.0,579.0,0.0,1,1,0,[0. 1.],[1 2],0.0,1,0.6,0.7,0.30000000000000004,[1. 1.]
1158,0.0,1159,1,False,0.0,580.0,1.0,1,0,2,[0. 1.],[1 2],0.0,1,0.6,0.7,0.30000000000000004,[1. 1.]
1159,1.0,1160,0,False,1.0,580.0,0.0,1,1,0,[1. 1.],[1 2],1.0,1,0.6,0.7,0.30000000000000004,[1. 1.]
1160,0.0,1161,1,False,0.0,581.0,2.0,1,0,2,[1. 1.],[1 2],1.0,1,0.6,0.7,0.30000000000000004,[1. 1.]
1161,2.0,1162,0,False,1.0,581.0,0.0,1,1,0,[0. 1.],[1 2],1.0,1,0.6,0.7,0.30000000000000004,[1. 1.]
1162,0.0,1163,1,False,0.0,582.0,2.0,1,0,2,[0. 1.],[1 2],1.0,1,0.6,0.7,0.30000000000000004,[1. 1.]
1163,2.0,1164,0,False,1.0,582.0,0.0,1,1,0,[1. 1.],[1 2],1.0,1,0.6,0.7,0.30000000000000004,[1. 1.]
1164,0.0,1165,1,False,0.0,583.0,2.0,1,0,2,[1. 1.],[1 2],1.0,1,0.6,0.7,0.30000000000000004,[1. 1.]
1165,2.0,1166,0,False,1.0,583.0,0.0,1,1,0,[0. 1.],[1 2],1.0,1,0.6,0.7,0.30000000000000004,[1. 1.]
1166,0.0,1167,1,False,0.0,584.0,2.0,1,0,2,[0. 1.],[1 2],1.0,1,0.6,0.7,0.30000000000000004,[1. 1.]
1167,2.0,1168,0,False,1.0,584.0,0.0,1,1,0,[0. 1.],[1 2],,1,0.6,0.7,0.30000000000000004,[1. 1.]
1168,0.0,1169,1,False,0.0,585.0,2.0,1,0,2,[0. 1.],[1 2],,1,0.6,0.7,0.30000000000000004,[1. 1.]
1169,2.0,1170,0,False,1.0,585.0,0.0,1,1,0,[0. 0.],[1 2],1.0,1,0.6,0.7,0.30000000000000004,[1. 1.]
1170,0.0,1171,1,False,0.0,586.0,2.0,1,0,2,[0. 0.],[1 2],1.0,1,0.6,0.7,0.30000000000000004,[1. 1.]
1171,2.0,1172,0,False,0.0,586.0,0.0,1,1,0,[1. 1.],[1 2],1.0,1,0.6,0.7,0.30000000000000004,[1. 1.]
1172,0.0,1173,1,False,0.0,587.0,2.0,1,0,2,[1. 1.],[1 2],1.0,1,0.6,0.7,0.30000000000000004,[1. 1.]
1173,2.0,1174,0,False,1.0,587.0,0.0,1,1,0,[1. 1.],[1 2],1.0,1,0.6,0.7,0.30000000000000004,[1. 1.]
1174,0.0,1175,1,False,0.0,588.0,2.0,1,0,2,[1. 1.],[1 2],1.0,1,0.6,0.7,0.30000000000000004,[1. 1.]
1175,2.0,1176,0,False,1.0,588.0,0.0,1,1,0,[0. 0.],[1 2],0.0,1,0.6,0.7,0.30000000000000004,[1. 1.]
1176,0.0,1177,1,False,0.0,589.0,1.0,1,0,2,[0. 0.],[1 2],0.0,1,0.6,0.7,0.30000000000000004,[1. 1.]
1177,1.0,1178,0,False,0.0,589.0,0.0,1,1,0,[0. 1.],[1 2],,1,0.6,0.7,0.30000000000000004,[1. 1.]
1178,0.0,1179,1,False,0.0,590.0,2.0,1,0,2,[0. 1.],[1 2],,1,0.6,0.7,0.30000000000000004,[1. 1.]
1179,2.0,1180,0,False,1.0,590.0,0.0,1,1,0,[0. 1.],[1 2],,1,0.6,0.7,0.30000000000000004,[1. 1.]
1180,0.0,1181,1,False,0.0,591.0,2.0,1,0,2,[0. 1.],[1 2],,1,0.6,0.7,0.30000000000000004,[1. 1.]
1181,2.0,1182,0,False,1.0,591.0,0.0,1,1,0,[0. 0.],[1 2],1.0,1,0.6,0.7,0.30000000000000004,[1. 1.]
1182,0.0,1183,1,False,0.0,592.0,2.0,1,0,2,[0. 0.],[1 2],1.0,1,0.6,0.7,0.30000000000000004,[1. 1.]
1183,2.0,1184,0,False,0.0,592.0,0.0,1,1,0,[1. 1.],[1 2],,1,0.6,0.7,0.30000000000000004,[1. 1.]
1184,0.0,1185,1,False,0.0,593.0,2.0,1,0,2,[1. 1.],[1 2],,1,0.6,0.7,0.30000000000000004,[1. 1.]
1185,2.0,1186,0,False,1.0,593.0,0.0,1,1,0,[0. 1.],[1 2],1.0,1,0.6,0.7,0.30000000000000004,[1. 1.]
1186,0.0,1187,1,False,0.0,594.0,2.0,1,0,2,[0. 1.],[1 2],1.0,1,0.6,0.7,0.30000000000000004,[1. 1.]
1187,2.0,1188,0,False,1.0,594.0,0.0,1,1,0,[1. 1.],[1 2],,1,0.6,0.7,0.30000000000000004,[1. 1.]
1188,0.0,1189,1,False,0.0,595.0,2.0,1,0,2,[1. 1.],[1 2],,1,0.6,0.7,0.30000000000000004,[1. 1.]
1189,2.0,1190,0,False,1.0,595.0,0.0,1,1,0,[0. 0.],[1 2],0.0,1,0.6,0.7,0.30000000000000004,[1. 1.]
1190,0.0,1191,1,False,0.0,596.0,1.0,1,0,2,[0. 0.],[1 2],0.0,1,0.6,0.7,0.30000000000000004,[1. 1.]
1191,1.0,1192,0,False,0.0,596.0,0.0,1,1,0,[0. 1.],[1 2],,1,0.6,0.7,0.30000000000000004,[1. 1.]
1192,0.0,1193,1,False,0.0,597.0,2.0,1,0,2,[0. 1.],[1 2],,1,0.6,0.7,0.30000000000000004,[1. 1.]
1193,2.0,1194,0,False,1.0,597.0,0.0,1,1,0,[1. 1.],[1 2],0.0,1,0.6,0.7,0.30000000000000004,[1. 1.]
1194,0.0,1195,1,False,0.0,598.0,1.0,1,0,2,[1. 1.],[1 2],0.0,1,0.6,0.7,0.30000000000000004,[1. 1.]
1195,1.0,1196,0,False,1.0,598.0,0.0,1,1,0,[0. 1.],[1 2],1.0,1,0.6,0.7,0.30000000000000004,[1. 1.]
1196,0.0,1197,1,False,0.0,599.0,2.0,1,0,2,[0. 1.],[1 2],1.0,1,0.6,0.7,0.30000000000000004,[1. 1.]
1197,2.0,1198,0,False,1.0,599.0,0.0,1,1,0,[0. 0.],[1 2],0.0,1,0.6,0.7,0.30000000000000004,[1. 1.]
1198,0.0,1199,1,False,0.0,600.0,1.0,1,0,2,[0. 0.],[1 2],0.0,1,0.6,0.7,0.30000000000000004,[1. 1.]
1199,1.0,1200,0,False,0.0,600.0,0.0,1,1,0,[0. 0.],[1 2],1.0,1,0.6,0.7,0.30000000000000004,[1. 1.]
1200,0.0,1201,1,False,0.0,601.0,2.0,1,0,2,[0. 0.],[1 2],1.0,1,0.6,0.7,0.30000000000000004,[1. 1.]
1201,2.0,1202,0,False,0.0,601.0,0.0,1,1,0,[0. 0.],[1 2],1.0,1,0.6,0.7,0.30000000000000004,[1. 1.]
1202,0.0,1203,1,False,0.0,602.0,2.0,1,0,2,[0. 0.],[1 2],1.0,1,0.6,0.7,0.30000000000000004,[1. 1.]
1203,2.0,1204,0,False,0.0,602.0,0.0,1,1,0,[0. 1.],[1 2],,1,0.6,0.7,0.30000000000000004,[1. 1.]
1204,0.0,1205,1,False,0.0,603.0,2.0,1,0,2,[0. 1.],[1 2],,1,0.6,0.7,0.30000000000000004,[1. 1.]
1205,2.0,1206,0,False,1.0,603.0,0.0,1,1,0,[1. 1.],[1 2],1.0,1,0.6,0.7,0.30000000000000004,[1. 1.]
1206,0.0,1207,1,False,0.0,604.0,2.0,1,0,2,[1. 1.],[1 2],1.0,1,0.6,0.7,0.30000000000000004,[1. 1.]
1207,2.0,1208,0,False,1.0,604.0,0.0,1,1,0,[0. 0.],[1 2],0.0,1,0.6,0.7,0.30000000000000004,[1. 1.]
1208,0.0,1209,1,False,0.0,605.0,1.0,1,0,2,[0. 0.],[1 2],0.0,1,0.6,0.7,0.30000000000000004,[1. 1.]
1209,1.0,1210,0,False,0.0,605.0,0.0,1,1,0,[1. 0.],[1 2],0.0,1,0.6,0.7,0.30000000000000004,[1. 1.]
1210,0.0,1211,1,False,0.0,606.0,1.0,1,0,2,[1. 0.],[1 2],0.0,1,0.6,0.7,0.30000000000000004,[1. 1.]
1211,1.0,1212,0,False,0.0,606.0,0.0,1,1,0,[1. 1.],[1 2],,1,0.6,0.7,0.30000000000000004,[1. 1.]
1212,0.0,1213,1,False,0.0,607.0,2.0,1,0,2,[1. 1.],[1 2],,1,0.6,0.7,0.30000000000000004,[1. 1.]
1213,2.0,1214,0,False,1.0,607.0,0.0,1,1,0,[1. 1.],[1 2],,1,0.6,0.7,0.30000000000000004,[1. 1.]
1214,0.0,1215,1,False,0.0,608.0,2.0,1,0,2,[1. 1.],[1 2],,1,0.6,0.7,0.30000000000000004,[1. 1.]
1215,2.0,1216,0,False,1.0,608.0,0.0,1,1,0,[1. 1.],[1 2],1.0,1,0.6,0.7,0.30000000000000004,[1. 1.]
1216,0.0,1217,1,False,0.0,609.0,2.0,1,0,2,[1. 1.],[1 2],1.0,1,0.6,0.7,0.30000000000000004,[1. 1.]
1217,2.0,1218,0,False,1.0,609.0,0.0,1,1,0,[0. 1.],[1 2],,1,0.6,0.7,0.30000000000000004,[1. 1.]
1218,0.0,1219,1,False,0.0,610.0,2.0,1,0,2,[0. 1.],[1 2],,1,0.6,0.7,0.30000000000000004,[1. 1.]
1219,2.0,1220,0,False,1.0,610.0,0.0,1,1,0,[0. 0.],[1 2],,1,0.6,0.7,0.30000000000000004,[1. 1.]
1220,0.0,1221,1,False,0.0,611.0,2.0,1,0,2,[0. 0.],[1 2],,1,0.6,0.7,0.30000000000000004,[1. 1.]
1221,2.0,1222,0,False,0.0,611.0,0.0,1,1,0,[1. 1.],[1 2],,1,0.6,0.7,0.30000000000000004,[1. 1.]
1222,0.0,1223,1,False,0.0,612.0,2.0,1,0,2,[1. 1.],[1 2],,1,0.6,0.7,0.30000000000000004,[1. 1.]
1223,2.0,1224,0,False,1.0,612.0,0.0,1,1,0,[0. 1.],[1 2],,1,0.6,0.7,0.30000000000000004,[1. 1.]
1224,0.0,1225,1,False,0.0,613.0,2.0,1,0,2,[0. 1.],[1 2],,1,0.6,0.7,0.30000000000000004,[1. 1.]
1225,2.0,1226,0,False,1.0,613.0,0.0,1,1,0,[0. 1.],[1 2],,1,0.6,0.7,0.30000000000000004,[1. 1.]
1226,0.0,1227,1,False,0.0,614.0,2.0,1,0,2,[0. 1.],[1 2],,1,0.6,0.7,0.30000000000000004,[1. 1.]
1227,2.0,1228,0,False,1.0,614.0,0.0,1,1,0,[1. 0.],[1 2],,1,0.6,0.7,0.30000000000000004,[1. 1.]
1228,0.0,1229,1,False,0.0,615.0,2.0,1,0,2,[1. 0.],[1 2],,1,0.6,0.7,0.30000000000000004,[1. 1.]
1229,2.0,1230,0,False,0.0,615.0,0.0,1,1,0,[0. 1.],[1 2],,1,0.6,0.7,0.30000000000000004,[1. 1.]
1230,0.0,1231,1,False,0.0,616.0,2.0,1,0,2,[0. 1.],[1 2],,1,0.6,0.7,0.30000000000000004,[1. 1.]
1231,2.0,1232,0,False,1.0,616.0,0.0,1,1,0,[0. 1.],[1 2],1.0,1,0.6,0.7,0.30000000000000004,[1. 1.]
1232,0.0,1233,1,False,0.0,617.0,2.0,1,0,2,[0. 1.],[1 2],1.0,1,0.6,0.7,0.30000000000000004,[1. 1.]
1233,2.0,1234,0,False,1.0,617.0,0.0,1,1,0,[0. 1.],[1 2],0.0,1,0.6,0.7,0.30000000000000004,[1. 1.]
1234,0.0,1235,1,False,0.0,618.0,1.0,1,0,2,[0. 1.],[1 2],0.0,1,0.6,0.7,0.30000000000000004,[1. 1.]
1235,1.0,1236,0,False,1.0,618.0,0.0,1,1,0,[1. 1.],[1 2],0.0,1,0.6,0.7,0.30000000000000004,[1. 1.]
1236,0.0,1237,1,False,0.0,619.0,1.0,1,0,2,[1. 1.],[1 2],0.0,1,0.6,0.7,0.30000000000000004,[1. 1.]
1237,1.0,1238,0,False,1.0,619.0,0.0,1,1,0,[0. 1.],[1 2],0.0,1,0.6,0.7,0.30000000000000004,[1. 1.]
1238,0.0,1239,1,False,0.0,620.0,1.0,1,0,2,[0. 1.],[1 2],0.0,1,0.6,0.7,0.30000000000000004,[1. 1.]
1239,1.0,1240,0,False,1.0,620.0,0.0,1,1,0,[0. 1.],[1 2],0.0,1,0.6,0.7,0.30000000000000004,[1. 1.]
1240,0.0,1241,1,False,0.0,621.0,1.0,1,0,2,[0. 1.],[1 2],0.0,1,0.6,0.7,0.30000000000000004,[1. 1.]
1241,1.0,1242,0,False,1.0,621.0,0.0,1,1,0,[1. 1.],[1 2],0.0,1,0.6,0.7,0.30000000000000004,[1. 1.]
1242,0.0,1243,1,False,0.0,622.0,1.0,1,0,2,[1. 1.],[1 2],0.0,1,0.6,0.7,0.30000000000000004,[1. 1.]
1243,1.0,1244,0,False,1.0,622.0,0.0,1,1,0,[0. 0.],[1 2],1.0,1,0.6,0.7,0.30000000000000004,[1. 1.]
1244,0.0,1245,1,False,0.0,623.0,2.0,1,0,2,[0. 0.],[1 2],1.0,1,0.6,0.7,0.30000000000000004,[1. 1.]
1245,2.0,1246,0,False,0.0,623.0,0.0,1,1,0,[0. 1.],[1 2],0.0,1,0.6,0.7,0.30000000000000004,[1. 1.]
1246,0.0,1247,1,False,0.0,624.0,1.0,1,0,2,[0. 1.],[1 2],0.0,1,0.6,0.7,0.30000000000000004,[1. 1.]
1247,1.0,1248,0,False,1.0,624.0,0.0,1,1,0,[1. 1.],[1 2],1.0,1,0.6,0.7,0.30000000000000004,[1. 1.]
1248,0.0,1249,1,False,0.0,625.0,2.0,1,0,2,[1. 1.],[1 2],1.0,1,0.6,0.7,0.30000000000000004,[1. 1.]
1249,2.0,1250,0,False,1.0,625.0,0.0,1,1,0,[0. 1.],[1 2],1.0,1,0.6,0.7,0.30000000000000004,[1. 1.]
1250,0.0,1251,1,False,0.0,626.0,2.0,1,0,2,[0. 1.],[1 2],1.0,1,0.6,0.7,0.30000000000000004,[1. 1.]
1251,2.0,1252,0,False,1.0,626.0,0.0,1,1,0,[1. 1.],[1 2],1.0,1,0.6,0.7,0.30000000000000004,[1. 1.]
1252,0.0,1253,1,False,0.0,627.0,2.0,1,0,2,[1. 1.],[1 2],1.0,1,0.6,0.7,0.30000000000000004,[1. 1.]
1253,2.0,1254,0,False,1.0,627.0,0.0,1,1,0,[0. 0.],[1 2],1.0,1,0.6,0.7,0.30000000000000004,[1. 1.]
1254,0.0,1255,1,False,0.0,628.0,2.0,1,0,2,[0. 0.],[1 2],1.0,1,0.6,0.7,0.30000000000000004,[1. 1.]
1255,2.0,1256,0,False,0.0,628.0,0.0,1,1,0,[1. 0.],[2 1],1.0,1,0.6,0.7,0.30000000000000004,[1. 1.]
1256,0.0,1257,1,False,0.0,629.0,2.0,1,0,2,[1. 0.],[2 1],1.0,1,0.6,0.7,0.30000000000000004,[1. 1.]
1257,2.0,1258,0,False,1.0,629.0,0.0,1,1,0,[0. 1.],[2 1],0.0,1,0.6,0.7,0.30000000000000004,[1. 1.]
1258,0.0,1259,1,False,0.0,630.0,1.0,1,0,2,[0. 1.],[2 1],0.0,1,0.6,0.7,0.30000000000000004,[1. 1.]
1259,1.0,1260,0,False,0.0,630.0,0.0,1,1,0,[0. 1.],[2 1],0.0,1,0.6,0.7,0.30000000000000004,[1. 1.]
1260,0.0,1261,1,False,0.0,631.0,1.0,1,0,2,[0. 1.],[2 1],0.0,1,0.6,0.7,0.30000000000000004,[1. 1.]
1261,1.0,1262,0,False,0.0,631.0,0.0,1,1,0,[0. 1.],[2 1],0.0,1,0.6,0.7,0.30000000000000004,[1. 1.]
1262,0.0,1263,1,False,0.0,632.0,1.0,1,0,1,[0. 1.],[2 1],0.0,1,0.6,0.7,0.30000000000000004,[1. 1.]
1263,1.0,1264,0,False,1.0,632.0,0.0,1,1,0,[1. 1.],[2 1],1.0,1,0.6,0.7,0.30000000000000004,[1. 1.]
1264,0.0,1265,1,False,0.0,633.0,2.0,1,0,2,[1. 1.],[2 1],1.0,1,0.6,0.7,0.30000000000000004,[1. 1.]
1265,2.0,1266,0,False,1.0,633.0,0.0,1,1,0,[1. 1.],[2 1],,1,0.6,0.7,0.30000000000000004,[1. 1.]
1266,0.0,1267,1,False,0.0,634.0,1.0,1,0,2,[1. 1.],[2 1],,1,0.6,0.7,0.30000000000000004,[1. 1.]
1267,1.0,1268,0,False,1.0,634.0,0.0,1,1,0,[0. 1.],[2 1],0.0,1,0.6,0.7,0.30000000000000004,[1. 1.]
1268,0.0,1269,1,False,0.0,635.0,1.0,1,0,2,[0. 1.],[2 1],0.0,1,0.6,0.7,0.30000000000000004,[1. 1.]
1269,1.0,1270,0,False,0.0,635.0,0.0,1,1,0,[0. 1.],[2 1],1.0,1,0.6,0.7,0.30000000000000004,[1. 1.]
1270,0.0,1271,1,False,0.0,636.0,2.0,1,0,2,[0. 1.],[2 1],1.0,1,0.6,0.7,0.30000000000000004,[1. 1.]
1271,2.0,1272,0,False,0.0,636.0,0.0,1,1,0,[0. 0.],[2 1],1.0,1,0.6,0.7,0.30000000000000004,[1. 1.]
1272,0.0,1273,1,False,0.0,637.0,2.0,1,0,2,[0. 0.],[2 1],1.0,1,0.6,0.7,0.30000000000000004,[1. 1.]
1273,2.0,1274,0,False,0.0,637.0,0.0,1,1,0,[1. 1.],[2 1],0.0,1,0.6,0.7,0.30000000000000004,[1. 1.]
1274,0.0,1275,1,False,0.0,638.0,1.0,1,0,1,[1. 1.],[2 1],0.0,1,0.6,0.7,0.30000000000000004,[1. 1.]
1275,1.0,1276,0,False,1.0,638.0,0.0,1,1,0,[1. 0.],[2 1],,1,0.6,0.7,0.30000000000000004,[1. 1.]
1276,0.0,1277,1,False,0.0,639.0,2.0,1,0,1,[1. 0.],[2 1],,1,0.6,0.7,0.30000000000000004,[1. 1.]
1277,2.0,1278,0,False,0.0,639.0,0.0,1,1,0,[0. 1.],[2 1],1.0,1,0.6,0.7,0.30000000000000004,[1. 1.]
1278,0.0,1279,1,False,0.0,640.0,2.0,1,0,1,[0. 1.],[2 1],1.0,1,0.6,0.7,0.30000000000000004,[1. 1.]
1279,2.0,1280,0,False,1.0,640.0,0.0,1,1,0,[0. 1.],[2 1],1.0,1,0.6,0.7,0.30000000000000004,[1. 1.]
1280,0.0,1281,1,False,0.0,641.0,2.0,1,0,1,[0. 1.],[2 1],1.0,1,0.6,0.7,0.30000000000000004,[1. 1.]
1281,2.0,1282,0,False,1.0,641.0,0.0,1,1,0,[0. 1.],[2 1],0.0,1,0.6,0.7,0.30000000000000004,[1. 1.]
1282,0.0,1283,1,False,0.0,642.0,1.0,1,0,1,[0. 1.],[2 1],0.0,1,0.6,0.7,0.30000000000000004,[1. 1.]
1283,1.0,1284,0,False,1.0,642.0,0.0,1,1,0,[0. 1.],[2 1],0.0,1,0.6,0.7,0.30000000000000004,[1. 1.]
1284,0.0,1285,1,False,0.0,643.0,1.0,1,0,1,[0. 1.],[2 1],0.0,1,0.6,0.7,0.30000000000000004,[1. 1.]
1285,1.0,1286,0,False,1.0,643.0,0.0,1,1,0,[0. 1.],[2 1],1.0,1,0.6,0.7,0.30000000000000004,[1. 1.]
1286,0.0,1287,1,False,0.0,644.0,2.0,1,0,1,[0. 1.],[2 1],1.0,1,0.6,0.7,0.30000000000000004,[1. 1.]
1287,2.0,1288,0,False,1.0,644.0,0.0,1,1,0,[0. 1.],[2 1],0.0,1,0.6,0.7,0.30000000000000004,[1. 1.]
1288,0.0,1289,1,False,0.0,645.0,1.0,1,0,1,[0. 1.],[2 1],0.0,1,0.6,0.7,0.30000000000000004,[1. 1.]
1289,1.0,1290,0,False,1.0,645.0,0.0,1,1,0,[1. 1.],[1 2],,1,0.6,0.7,0.30000000000000004,[1. 1.]
1290,0.0,1291,1,False,0.0,646.0,1.0,1,0,1,[1. 1.],[1 2],,1,0.6,0.7,0.30000000000000004,[1. 1.]
1291,1.0,1292,0,False,1.0,646.0,0.0,1,1,0,[1. 0.],[1 2],0.0,0,0.6,0.7,0.30000000000000004,[1. 1.]
1292,0.0,1293,1,False,0.0,647.0,1.0,1,0,1,[1. 0.],[1 2],0.0,0,0.6,0.7,0.30000000000000004,[1. 1.]
1293,1.0,1294,0,False,1.0,647.0,0.0,1,1,0,[0. 0.],[1 2],0.0,0,0.6,0.7,0.30000000000000004,[1. 1.]
1294,0.0,1295,1,False,0.0,648.0,1.0,1,0,1,[0. 0.],[1 2],0.0,0,0.6,0.7,0.30000000000000004,[1. 1.]
1295,1.0,1296,0,False,0.0,648.0,0.0,1,1,0,[1. 1.],[1 2],,0,0.6,0.7,0.30000000000000004,[1. 1.]
1296,0.0,1297,1,False,0.0,649.0,1.0,1,0,1,[1. 1.],[1 2],,0,0.6,0.7,0.30000000000000004,[1. 1.]
1297,1.0,1298,0,False,1.0,649.0,0.0,1,1,0,[1. 1.],[1 2],,0,0.6,0.7,0.30000000000000004,[1. 1.]
1298,0.0,1299,1,False,0.0,650.0,1.0,1,0,1,[1. 1.],[1 2],,0,0.6,0.7,0.30000000000000004,[1. 1.]
1299,1.0,1300,0,False,1.0,650.0,0.0,1,1,0,[0. 0.],[1 2],,0,0.6,0.7,0.30000000000000004,[1. 1.]
1300,0.0,1301,1,False,0.0,651.0,1.0,1,0,1,[0. 0.],[1 2],,0,0.6,0.7,0.30000000000000004,[1. 1.]
1301,1.0,1302,0,False,0.0,651.0,0.0,1,1,0,[0. 0.],[1 2],,0,0.6,0.7,0.30000000000000004,[1. 1.]
1302,0.0,1303,1,False,0.0,652.0,1.0,1,0,1,[0. 0.],[1 2],,0,0.6,0.7,0.30000000000000004,[1. 1.]
1303,1.0,1304,0,False,0.0,652.0,0.0,1,1,0,[1. 1.],[1 2],0.0,0,0.6,0.7,0.30000000000000004,[1. 1.]
1304,0.0,1305,1,False,0.0,653.0,1.0,1,0,2,[1. 1.],[1 2],0.0,0,0.6,0.7,0.30000000000000004,[1. 1.]
1305,1.0,1306,0,False,1.0,653.0,0.0,1,1,0,[1. 0.],[1 2],0.0,0,0.6,0.7,0.30000000000000004,[1. 1.]
1306,0.0,1307,1,False,0.0,654.0,1.0,1,0,2,[1. 0.],[1 2],0.0,0,0.6,0.7,0.30000000000000004,[1. 1.]
1307,1.0,1308,0,False,0.0,654.0,0.0,1,1,0,[1. 1.],[1 2],,0,0.6,0.7,0.30000000000000004,[1. 1.]
1308,0.0,1309,1,False,0.0,655.0,2.0,1,0,2,[1. 1.],[1 2],,0,0.6,0.7,0.30000000000000004,[1. 1.]
1309,2.0,1310,0,False,1.0,655.0,0.0,1,1,0,[1. 1.],[1 2],1.0,0,0.6,0.7,0.30000000000000004,[1. 1.]
1310,0.0,1311,1,False,0.0,656.0,2.0,1,0,2,[1. 1.],[1 2],1.0,0,0.6,0.7,0.30000000000000004,[1. 1.]
1311,2.0,1312,0,False,1.0,656.0,0.0,1,1,0,[1. 0.],[1 2],1.0,0,0.6,0.7,0.30000000000000004,[1. 1.]
1312,0.0,1313,1,False,0.0,657.0,2.0,1,0,2,[1. 0.],[1 2],1.0,0,0.6,0.7,0.30000000000000004,[1. 1.]
1313,2.0,1314,0,False,0.0,657.0,0.0,1,1,0,[1. 0.],[1 2],,0,0.6,0.7,0.30000000000000004,[1. 1.]
1314,0.0,1315,1,False,0.0,658.0,2.0,1,0,2,[1. 0.],[1 2],,0,0.6,0.7,0.30000000000000004,[1. 1.]
1315,2.0,1316,0,False,0.0,658.0,0.0,1,1,0,[0. 1.],[1 2],1.0,0,0.6,0.7,0.30000000000000004,[1. 1.]
1316,0.0,1317,1,False,0.0,659.0,2.0,1,0,2,[0. 1.],[1 2],1.0,0,0.6,0.7,0.30000000000000004,[1. 1.]
1317,2.0,1318,0,False,1.0,659.0,0.0,1,1,0,[1. 0.],[1 2],1.0,0,0.6,0.7,0.30000000000000004,[1. 1.]
1318,0.0,1319,1,False,0.0,660.0,2.0,1,0,2,[1. 0.],[1 2],1.0,0,0.6,0.7,0.30000000000000004,[1. 1.]
1319,2.0,1320,0,False,0.0,660.0,0.0,1,1,0,[1. 0.],[1 2],,0,0.6,0.7,0.30000000000000004,[1. 1.]
1320,0.0,1321,1,False,0.0,661.0,2.0,1,0,2,[1. 0.],[1 2],,0,0.6,0.7,0.30000000000000004,[1. 1.]
1321,2.0,1322,0,False,0.0,661.0,0.0,1,1,0,[1. 0.],[1 2],1.0,0,0.6,0.7,0.30000000000000004,[1. 1.]
1322,0.0,1323,1,False,0.0,662.0,2.0,1,0,2,[1. 0.],[1 2],1.0,0,0.6,0.7,0.30000000000000004,[1. 1.]
1323,2.0,1324,0,False,0.0,662.0,0.0,1,1,0,[1. 0.],[1 2],1.0,0,0.6,0.7,0.30000000000000004,[1. 1.]
1324,0.0,1325,1,False,0.0,663.0,2.0,1,0,2,[1. 0.],[1 2],1.0,0,0.6,0.7,0.30000000000000004,[1. 1.]
1325,2.0,1326,0,False,0.0,663.0,0.0,1,1,0,[1. 0.],[1 2],,0,0.6,0.7,0.30000000000000004,[1. 1.]
1326,0.0,1327,1,False,0.0,664.0,2.0,1,0,2,[1. 0.],[1 2],,0,0.6,0.7,0.30000000000000004,[1. 1.]
1327,2.0,1328,0,False,0.0,664.0,0.0,1,1,0,[0. 0.],[1 2],,0,0.6,0.7,0.30000000000000004,[1. 1.]
1328,0.0,1329,1,False,0.0,665.0,1.0,1,0,1,[0. 0.],[1 2],,0,0.6,0.7,0.30000000000000004,[1. 1.]
1329,1.0,1330,0,False,0.0,665.0,0.0,1,1,0,[1. 0.],[1 2],0.0,0,0.6,0.7,0.30000000000000004,[1. 1.]
1330,0.0,1331,1,False,0.0,666.0,1.0,1,0,2,[1. 0.],[1 2],0.0,0,0.6,0.7,0.30000000000000004,[1. 1.]
1331,1.0,1332,0,False,0.0,666.0,0.0,1,1,0,[1. 0.],[1 2],1.0,0,0.6,0.7,0.30000000000000004,[1. 1.]
1332,0.0,1333,1,False,0.0,667.0,2.0,1,0,1,[1. 0.],[1 2],1.0,0,0.6,0.7,0.30000000000000004,[1. 1.]
1333,2.0,1334,0,False,1.0,667.0,0.0,1,1,0,[1. 1.],[1 2],0.0,0,0.6,0.7,0.30000000000000004,[1. 1.]
1334,0.0,1335,1,False,0.0,668.0,1.0,1,0,1,[1. 1.],[1 2],0.0,0,0.6,0.7,0.30000000000000004,[1. 1.]
1335,1.0,1336,0,False,1.0,668.0,0.0,1,1,0,[1. 0.],[1 2],1.0,0,0.6,0.7,0.30000000000000004,[1. 1.]
1336,0.0,1337,1,False,0.0,669.0,2.0,1,0,1,[1. 0.],[1 2],1.0,0,0.6,0.7,0.30000000000000004,[1. 1.]
1337,2.0,1338,0,False,1.0,669.0,0.0,1,1,0,[0. 0.],[1 2],0.0,0,0.6,0.7,0.30000000000000004,[1. 1.]
1338,0.0,1339,1,False,0.0,670.0,1.0,1,0,1,[0. 0.],[1 2],0.0,0,0.6,0.7,0.30000000000000004,[1. 1.]
1339,1.0,1340,0,False,0.0,670.0,0.0,1,1,0,[0. 1.],[1 2],,0,0.6,0.7,0.30000000000000004,[1. 1.]
1340,0.0,1341,1,False,0.0,671.0,1.0,1,0,1,[0. 1.],[1 2],,0,0.6,0.7,0.30000000000000004,[1. 1.]
1341,1.0,1342,0,False,0.0,671.0,0.0,1,1,0,[1. 0.],[1 2],1.0,0,0.6,0.7,0.30000000000000004,[1. 1.]
1342,0.0,1343,1,False,0.0,672.0,2.0,1,0,2,[1. 0.],[1 2],1.0,0,0.6,0.7,0.30000000000000004,[1. 1.]
1343,2.0,1344,0,False,0.0,672.0,0.0,1,1,0,[1. 0.],[1 2],,0,0.6,0.7,0.30000000000000004,[1. 1.]
1344,0.0,1345,1,False,0.0,673.0,1.0,1,0,1,[1. 0.],[1 2],,0,0.6,0.7,0.30000000000000004,[1. 1.]
1345,1.0,1346,0,False,1.0,673.0,0.0,1,1,0,[0. 0.],[1 2],,0,0.6,0.7,0.30000000000000004,[1. 1.]
1346,0.0,1347,1,False,0.0,674.0,1.0,1,0,1,[0. 0.],[1 2],,0,0.6,0.7,0.30000000000000004,[1. 1.]
1347,1.0,1348,0,False,0.0,674.0,0.0,1,1,0,[0. 0.],[1 2],,0,0.6,0.7,0.30000000000000004,[1. 1.]
1348,0.0,1349,1,False,0.0,675.0,1.0,1,0,1,[0. 0.],[1 2],,0,0.6,0.7,0.30000000000000004,[1. 1.]
1349,1.0,1350,0,False,0.0,675.0,0.0,1,1,0,[1. 1.],[1 2],,0,0.6,0.7,0.30000000000000004,[1. 1.]
1350,0.0,1351,1,False,0.0,676.0,2.0,1,0,2,[1. 1.],[1 2],,0,0.6,0.7,0.30000000000000004,[1. 1.]
1351,2.0,1352,0,False,1.0,676.0,0.0,1,1,0,[1. 0.],[1 2],,0,0.6,0.7,0.30000000000000004,[1. 1.]
1352,0.0,1353,1,False,0.0,677.0,2.0,1,0,2,[1. 0.],[1 2],,0,0.6,0.7,0.30000000000000004,[1. 1.]
1353,2.0,1354,0,False,0.0,677.0,0.0,1,1,0,[1. 0.],[1 2],0.0,0,0.6,0.7,0.30000000000000004,[1. 1.]
1354,0.0,1355,1,False,0.0,678.0,1.0,1,0,2,[1. 0.],[1 2],0.0,0,0.6,0.7,0.30000000000000004,[1. 1.]
1355,1.0,1356,0,False,0.0,678.0,0.0,1,1,0,[1. 0.],[1 2],,0,0.6,0.7,0.30000000000000004,[1. 1.]
1356,0.0,1357,1,False,0.0,679.0,2.0,1,0,2,[1. 0.],[1 2],,0,0.6,0.7,0.30000000000000004,[1. 1.]
1357,2.0,1358,0,False,0.0,679.0,0.0,1,1,0,[1. 1.],[2 1],1.0,0,0.6,0.7,0.30000000000000004,[1. 1.]
1358,0.0,1359,1,False,0.0,680.0,2.0,1,0,1,[1. 1.],[2 1],1.0,0,0.6,0.7,0.30000000000000004,[1. 1.]
1359,2.0,1360,0,False,1.0,680.0,0.0,1,1,0,[1. 0.],[1 2],0.0,0,0.6,0.7,0.30000000000000004,[1. 1.]
1360,0.0,1361,1,False,0.0,681.0,1.0,1,0,1,[1. 0.],[1 2],0.0,0,0.6,0.7,0.30000000000000004,[1. 1.]
1361,1.0,1362,0,False,1.0,681.0,0.0,1,1,0,[0. 0.],[1 2],1.0,0,0.6,0.7,0.30000000000000004,[1. 1.]
1362,0.0,1363,1,False,0.0,682.0,2.0,1,0,1,[0. 0.],[1 2],1.0,0,0.6,0.7,0.30000000000000004,[1. 1.]
1363,2.0,1364,0,False,0.0,682.0,0.0,1,1,0,[1. 0.],[1 2],,0,0.6,0.7,0.30000000000000004,[1. 1.]
1364,0.0,1365,1,False,0.0,683.0,1.0,1,0,1,[1. 0.],[1 2],,0,0.6,0.7,0.30000000000000004,[1. 1.]
1365,1.0,1366,0,False,1.0,683.0,0.0,1,1,0,[0. 0.],[1 2],1.0,0,0.6,0.7,0.30000000000000004,[1. 1.]
1366,0.0,1367,1,False,0.0,684.0,2.0,1,0,1,[0. 0.],[1 2],1.0,0,0.6,0.7,0.30000000000000004,[1. 1.]
1367,2.0,1368,0,False,0.0,684.0,0.0,1,1,0,[1. 0.],[1 2],0.0,0,0.6,0.7,0.30000000000000004,[1. 1.]
1368,0.0,1369,1,False,0.0,685.0,1.0,1,0,1,[1. 0.],[1 2],0.0,0,0.6,0.7,0.30000000000000004,[1. 1.]
1369,1.0,1370,0,False,1.0,685.0,0.0,1,1,0,[0. 0.],[1 2],,0,0.6,0.7,0.30000000000000004,[1. 1.]
1370,0.0,1371,1,False,0.0,686.0,1.0,1,0,1,[0. 0.],[1 2],,0,0.6,0.7,0.30000000000000004,[1. 1.]
1371,1.0,1372,0,False,0.0,686.0,0.0,1,1,0,[1. 0.],[1 2],,0,0.6,0.7,0.30000000000000004,[1. 1.]
1372,0.0,1373,1,False,0.0,687.0,1.0,1,0,1,[1. 0.],[1 2],,0,0.6,0.7,0.30000000000000004,[1. 1.]
1373,1.0,1374,0,False,1.0,687.0,0.0,1,1,0,[0. 0.],[1 2],0.0,0,0.6,0.7,0.30000000000000004,[1. 1.]
1374,0.0,1375,1,False,0.0,688.0,1.0,1,0,1,[0. 0.],[1 2],0.0,0,0.6,0.7,0.30000000000000004,[1. 1.]
1375,1.0,1376,0,False,0.0,688.0,0.0,1,1,0,[0. 1.],[1 2],0.0,0,0.6,0.7,0.30000000000000004,[1. 1.]
1376,0.0,1377,1,False,0.0,689.0,1.0,1,0,1,[0. 1.],[1 2],0.0,0,0.6,0.7,0.30000000000000004,[1. 1.]
1377,1.0,1378,0,False,0.0,689.0,0.0,1,1,0,[1. 0.],[1 2],,0,0.6,0.7,0.30000000000000004,[1. 1.]
1378,0.0,1379,1,False,0.0,690.0,2.0,1,0,2,[1. 0.],[1 2],,0,0.6,0.7,0.30000000000000004,[1. 1.]
1379,2.0,1380,0,False,0.0,690.0,0.0,1,1,0,[0. 0.],[1 2],0.0,0,0.6,0.7,0.30000000000000004,[1. 1.]
1380,0.0,1381,1,False,0.0,691.0,1.0,1,0,1,[0. 0.],[1 2],0.0,0,0.6,0.7,0.30000000000000004,[1. 1.]
1381,1.0,1382,0,False,0.0,691.0,0.0,1,1,0,[0. 0.],[1 2],1.0,0,0.6,0.7,0.30000000000000004,[1. 1.]
1382,0.0,1383,1,False,0.0,692.0,2.0,1,0,1,[0. 0.],[1 2],1.0,0,0.6,0.7,0.30000000000000004,[1. 1.]
1383,2.0,1384,0,False,0.0,692.0,0.0,1,1,0,[0. 0.],[1 2],1.0,0,0.6,0.7,0.30000000000000004,[1. 1.]
1384,0.0,1385,1,False,0.0,693.0,2.0,1,0,2,[0. 0.],[1 2],1.0,0,0.6,0.7,0.30000000000000004,[1. 1.]
1385,2.0,1386,0,False,0.0,693.0,0.0,1,1,0,[1. 1.],[1 2],1.0,0,0.6,0.7,0.30000000000000004,[1. 1.]
1386,0.0,1387,1,False,0.0,694.0,2.0,1,0,1,[1. 1.],[1 2],1.0,0,0.6,0.7,0.30000000000000004,[1. 1.]
1387,2.0,1388,0,False,1.0,694.0,0.0,1,1,0,[0. 0.],[1 2],,0,0.6,0.7,0.30000000000000004,[1. 1.]
1388,0.0,1389,1,False,0.0,695.0,1.0,1,0,1,[0. 0.],[1 2],,0,0.6,0.7,0.30000000000000004,[1. 1.]
1389,1.0,1390,0,False,0.0,695.0,0.0,1,1,0,[1. 1.],[1 2],,0,0.6,0.7,0.30000000000000004,[1. 1.]
1390,0.0,1391,1,False,0.0,696.0,1.0,1,0,1,[1. 1.],[1 2],,0,0.6,0.7,0.30000000000000004,[1. 1.]
1391,1.0,1392,0,False,1.0,696.0,0.0,1,1,0,[0. 0.],[1 2],1.0,0,0.6,0.7,0.30000000000000004,[1. 1.]
1392,0.0,1393,1,False,0.0,697.0,2.0,1,0,1,[0. 0.],[1 2],1.0,0,0.6,0.7,0.30000000000000004,[1. 1.]
1393,2.0,1394,0,False,0.0,697.0,0.0,1,1,0,[0. 0.],[1 2],,0,0.6,0.7,0.30000000000000004,[1. 1.]
1394,0.0,1395,1,False,0.0,698.0,1.0,1,0,1,[0. 0.],[1 2],,0,0.6,0.7,0.30000000000000004,[1. 1.]
1395,1.0,1396,0,False,0.0,698.0,0.0,1,1,0,[1. 1.],[1 2],0.0,0,0.6,0.7,0.30000000000000004,[1. 1.]
1396,0.0,1397,1,False,0.0,699.0,1.0,1,0,2,[1. 1.],[1 2],0.0,0,0.6,0.7,0.30000000000000004,[1. 1.]
1397,1.0,1398,0,False,1.0,699.0,0.0,1,1,0,[1. 0.],[1 2],0.0,0,0.6,0.7,0.30000000000000004,[1. 1.]
1398,0.0,1399,1,False,0.0,700.0,1.0,1,0,2,[1. 0.],[1 2],0.0,0,0.6,0.7,0.30000000000000004,[1. 1.]
1399,1.0,1400,0,False,0.0,700.0,0.0,1,1,0,[1. 0.],[1 2],1.0,0,0.6,0.7,0.30000000000000004,[1. 1.]
1400,0.0,1401,1,False,0.0,701.0,2.0,1,0,2,[1. 0.],[1 2],1.0,0,0.6,0.7,0.30000000000000004,[1. 1.]
1401,2.0,1402,0,False,0.0,701.0,0.0,1,1,0,[0. 0.],[1 2],1.0,0,0.6,0.7,0.30000000000000004,[1. 1.]
1402,0.0,1403,1,False,0.0,702.0,2.0,1,0,1,[0. 0.],[1 2],1.0,0,0.6,0.7,0.30000000000000004,[1. 1.]
1403,2.0,1404,0,False,0.0,702.0,0.0,1,1,0,[1. 1.],[1 2],1.0,0,0.6,0.7,0.30000000000000004,[1. 1.]
1404,0.0,1405,1,False,0.0,703.0,2.0,1,0,1,[1. 1.],[1 2],1.0,0,0.6,0.7,0.30000000000000004,[1. 1.]
1405,2.0,1406,0,False,1.0,703.0,0.0,1,1,0,[0. 1.],[1 2],,0,0.6,0.7,0.30000000000000004,[1. 1.]
1406,0.0,1407,1,False,0.0,704.0,1.0,1,0,1,[0. 1.],[1 2],,0,0.6,0.7,0.30000000000000004,[1. 1.]
1407,1.0,1408,0,False,0.0,704.0,0.0,1,1,0,[0. 0.],[1 2],1.0,0,0.6,0.7,0.30000000000000004,[1. 1.]
1408,0.0,1409,1,False,0.0,705.0,2.0,1,0,1,[0. 0.],[1 2],1.0,0,0.6,0.7,0.30000000000000004,[1. 1.]
1409,2.0,1410,0,False,0.0,705.0,0.0,1,1,0,[1. 1.],[1 2],,0,0.6,0.7,0.30000000000000004,[1. 1.]
1410,0.0,1411,1,False,0.0,706.0,2.0,1,0,2,[1. 1.],[1 2],,0,0.6,0.7,0.30000000000000004,[1. 1.]
1411,2.0,1412,0,False,1.0,706.0,0.0,1,1,0,[1. 0.],[1 2],1.0,0,0.6,0.7,0.30000000000000004,[1. 1.]
1412,0.0,1413,1,False,0.0,707.0,2.0,1,0,2,[1. 0.],[1 2],1.0,0,0.6,0.7,0.30000000000000004,[1. 1.]
1413,2.0,1414,0,False,0.0,707.0,0.0,1,1,0,[1. 0.],[1 2],,0,0.6,0.7,0.30000000000000004,[1. 1.]
1414,0.0,1415,1,False,0.0,708.0,2.0,1,0,2,[1. 0.],[1 2],,0,0.6,0.7,0.30000000000000004,[1. 1.]
1415,2.0,1416,0,False,0.0,708.0,0.0,1,1,0,[0. 1.],[1 2],,0,0.6,0.7,0.30000000000000004,[1. 1.]
1416,0.0,1417,1,False,0.0,709.0,1.0,1,0,1,[0. 1.],[1 2],,0,0.6,0.7,0.30000000000000004,[1. 1.]
1417,1.0,1418,0,False,0.0,709.0,0.0,1,1,0,[0. 0.],[2 1],0.0,0,0.6,0.7,0.30000000000000004,[1. 1.]
1418,0.0,1419,1,False,0.0,710.0,1.0,1,0,2,[0. 0.],[2 1],0.0,0,0.6,0.7,0.30000000000000004,[1. 1.]
1419,1.0,1420,0,False,0.0,710.0,0.0,1,1,0,[1. 0.],[2 1],1.0,0,0.6,0.7,0.30000000000000004,[1. 1.]
1420,0.0,1421,1,False,0.0,711.0,2.0,1,0,1,[1. 0.],[2 1],1.0,0,0.6,0.7,0.30000000000000004,[1. 1.]
1421,2.0,1422,0,False,0.0,711.0,0.0,1,1,0,[1. 1.],[2 1],0.0,0,0.6,0.7,0.30000000000000004,[1. 1.]
1422,0.0,1423,1,False,0.0,712.0,1.0,1,0,1,[1. 1.],[2 1],0.0,0,0.6,0.7,0.30000000000000004,[1. 1.]
1423,1.0,1424,0,False,1.0,712.0,0.0,1,1,0,[1. 1.],[2 1],,0,0.6,0.7,0.30000000000000004,[1. 1.]
1424,0.0,1425,1,False,0.0,713.0,2.0,1,0,1,[1. 1.],[2 1],,0,0.6,0.7,0.30000000000000004,[1. 1.]
1425,2.0,1426,0,False,1.0,713.0,0.0,1,1,0,[1. 0.],[2 1],0.0,0,0.6,0.7,0.30000000000000004,[1. 1.]
1426,0.0,1427,1,False,0.0,714.0,1.0,1,0,1,[1. 0.],[2 1],0.0,0,0.6,0.7,0.30000000000000004,[1. 1.]
1427,1.0,1428,0,False,0.0,714.0,0.0,1,1,0,[1. 0.],[2 1],,0,0.6,0.7,0.30000000000000004,[1. 1.]
1428,0.0,1429,1,False,0.0,715.0,2.0,1,0,1,[1. 0.],[2 1],,0,0.6,0.7,0.30000000000000004,[1. 1.]
1429,2.0,1430,0,False,0.0,715.0,0.0,1,1,0,[1. 0.],[2 1],,0,0.6,0.7,0.30000000000000004,[1. 1.]
1430,0.0,1431,1,False,0.0,716.0,2.0,1,0,1,[1. 0.],[2 1],,0,0.6,0.7,0.30000000000000004,[1. 1.]
1431,2.0,1432,0,False,0.0,716.0,0.0,1,1,0,[1. 0.],[2 1],0.0,0,0.6,0.7,0.30000000000000004,[1. 1.]
1432,0.0,1433,1,False,0.0,717.0,1.0,1,0,2,[1. 0.],[2 1],0.0,0,0.6,0.7,0.30000000000000004,[1. 1.]
1433,1.0,1434,0,False,1.0,717.0,0.0,1,1,0,[1. 1.],[2 1],,0,0.6,0.7,0.30000000000000004,[1. 1.]
1434,0.0,1435,1,False,0.0,718.0,1.0,1,0,2,[1. 1.],[2 1],,0,0.6,0.7,0.30000000000000004,[1. 1.]
1435,1.0,1436,0,False,1.0,718.0,0.0,1,1,0,[0. 0.],[2 1],,0,0.6,0.7,0.30000000000000004,[1. 1.]
1436,0.0,1437,1,False,0.0,719.0,1.0,1,0,2,[0. 0.],[2 1],,0,0.6,0.7,0.30000000000000004,[1. 1.]
1437,1.0,1438,0,False,0.0,719.0,0.0,1,1,0,[1. 1.],[2 1],,0,0.6,0.7,0.30000000000000004,[1. 1.]
1438,0.0,1439,1,False,0.0,720.0,1.0,1,0,2,[1. 1.],[2 1],,0,0.6,0.7,0.30000000000000004,[1. 1.]
1439,1.0,1440,0,False,1.0,720.0,0.0,1,1,0,[1. 0.],[2 1],,0,0.6,0.7,0.30000000000000004,[1. 1.]
1440,0.0,1441,1,False,0.0,721.0,1.0,1,0,2,[1. 0.],[2 1],,0,0.6,0.7,0.30000000000000004,[1. 1.]
1441,1.0,1442,0,False,1.0,721.0,0.0,1,1,0,[1. 0.],[2 1],,0,0.6,0.7,0.30000000000000004,[1. 1.]
1442,0.0,1443,1,False,0.0,722.0,1.0,1,0,2,[1. 0.],[2 1],,0,0.6,0.7,0.30000000000000004,[1. 1.]
1443,1.0,1444,0,False,1.0,722.0,0.0,1,1,0,[1. 0.],[2 1],1.0,0,0.6,0.7,0.30000000000000004,[1. 1.]
1444,0.0,1445,1,False,0.0,723.0,2.0,1,0,2,[1. 0.],[2 1],1.0,0,0.6,0.7,0.30000000000000004,[1. 1.]
1445,2.0,1446,0,False,1.0,723.0,0.0,1,1,0,[0. 0.],[2 1],1.0,0,0.6,0.7,0.30000000000000004,[1. 1.]
1446,0.0,1447,1,False,0.0,724.0,2.0,1,0,2,[0. 0.],[2 1],1.0,0,0.6,0.7,0.30000000000000004,[1. 1.]
1447,2.0,1448,0,False,0.0,724.0,0.0,1,1,0,[1. 0.],[2 1],1.0,0,0.6,0.7,0.30000000000000004,[1. 1.]
1448,0.0,1449,1,False,0.0,725.0,2.0,1,0,2,[1. 0.],[2 1],1.0,0,0.6,0.7,0.30000000000000004,[1. 1.]
1449,2.0,1450,0,False,1.0,725.0,0.0,1,1,0,[1. 0.],[2 1],,0,0.6,0.7,0.30000000000000004,[1. 1.]
1450,0.0,1451,1,False,0.0,726.0,1.0,1,0,2,[1. 0.],[2 1],,0,0.6,0.7,0.30000000000000004,[1. 1.]
1451,1.0,1452,0,False,1.0,726.0,0.0,1,1,0,[0. 1.],[2 1],1.0,0,0.6,0.7,0.30000000000000004,[1. 1.]
1452,0.0,1453,1,False,0.0,727.0,2.0,1,0,2,[0. 1.],[2 1],1.0,0,0.6,0.7,0.30000000000000004,[1. 1.]
1453,2.0,1454,0,False,0.0,727.0,0.0,1,1,0,[1. 0.],[2 1],0.0,0,0.6,0.7,0.30000000000000004,[1. 1.]
1454,0.0,1455,1,False,0.0,728.0,1.0,1,0,2,[1. 0.],[2 1],0.0,0,0.6,0.7,0.30000000000000004,[1. 1.]
1455,1.0,1456,0,False,1.0,728.0,0.0,1,1,0,[1. 0.],[2 1],1.0,0,0.6,0.7,0.30000000000000004,[1. 1.]
1456,0.0,1457,1,False,0.0,729.0,2.0,1,0,2,[1. 0.],[2 1],1.0,0,0.6,0.7,0.30000000000000004,[1. 1.]
1457,2.0,1458,0,False,1.0,729.0,0.0,1,1,0,[1. 1.],[2 1],,0,0.6,0.7,0.30000000000000004,[1. 1.]
1458,0.0,1459,1,False,0.0,730.0,1.0,1,0,2,[1. 1.],[2 1],,0,0.6,0.7,0.30000000000000004,[1. 1.]
1459,1.0,1460,0,False,1.0,730.0,0.0,1,1,0,[0. 0.],[2 1],1.0,0,0.6,0.7,0.30000000000000004,[1. 1.]
1460,0.0,1461,1,False,0.0,731.0,2.0,1,0,2,[0. 0.],[2 1],1.0,0,0.6,0.7,0.30000000000000004,[1. 1.]
1461,2.0,1462,0,False,0.0,731.0,0.0,1,1,0,[1. 0.],[2 1],,0,0.6,0.7,0.30000000000000004,[1. 1.]
1462,0.0,1463,1,False,0.0,732.0,1.0,1,0,2,[1. 0.],[2 1],,0,0.6,0.7,0.30000000000000004,[1. 1.]
1463,1.0,1464,0,False,1.0,732.0,0.0,1,1,0,[0. 0.],[2 1],,0,0.6,0.7,0.30000000000000004,[1. 1.]
1464,0.0,1465,1,False,0.0,733.0,1.0,1,0,2,[0. 0.],[2 1],,0,0.6,0.7,0.30000000000000004,[1. 1.]
1465,1.0,1466,0,False,0.0,733.0,0.0,1,1,0,[0. 0.],[2 1],,0,0.6,0.7,0.30000000000000004,[1. 1.]
1466,0.0,1467,1,False,0.0,734.0,1.0,1,0,2,[0. 0.],[2 1],,0,0.6,0.7,0.30000000000000004,[1. 1.]
1467,1.0,1468,0,False,0.0,734.0,0.0,1,1,0,[1. 0.],[2 1],,0,0.6,0.7,0.30000000000000004,[1. 1.]
1468,0.0,1469,1,False,0.0,735.0,2.0,1,0,1,[1. 0.],[2 1],,0,0.6,0.7,0.30000000000000004,[1. 1.]
1469,2.0,1470,0,False,0.0,735.0,0.0,1,1,0,[1. 0.],[2 1],,0,0.6,0.7,0.30000000000000004,[1. 1.]
1470,0.0,1471,1,False,0.0,736.0,1.0,1,0,2,[1. 0.],[2 1],,0,0.6,0.7,0.30000000000000004,[1. 1.]
1471,1.0,1472,0,False,1.0,736.0,0.0,1,1,0,[0. 0.],[2 1],0.0,0,0.6,0.7,0.30000000000000004,[1. 1.]
1472,0.0,1473,1,False,0.0,737.0,1.0,1,0,2,[0. 0.],[2 1],0.0,0,0.6,0.7,0.30000000000000004,[1. 1.]
1473,1.0,1474,0,False,0.0,737.0,0.0,1,1,0,[1. 0.],[2 1],1.0,0,0.6,0.7,0.30000000000000004,[1. 1.]
1474,0.0,1475,1,False,0.0,738.0,2.0,1,0,2,[1. 0.],[2 1],1.0,0,0.6,0.7,0.30000000000000004,[1. 1.]
1475,2.0,1476,0,False,1.0,738.0,0.0,1,1,0,[0. 1.],[2 1],,0,0.6,0.7,0.30000000000000004,[1. 1.]
1476,0.0,1477,1,False,0.0,739.0,1.0,1,0,2,[0. 1.],[2 1],,0,0.6,0.7,0.30000000000000004,[1. 1.]
1477,1.0,1478,0,False,0.0,739.0,0.0,1,1,0,[1. 1.],[2 1],0.0,0,0.6,0.7,0.30000000000000004,[1. 1.]
1478,0.0,1479,1,False,0.0,740.0,1.0,1,0,2,[1. 1.],[2 1],0.0,0,0.6,0.7,0.30000000000000004,[1. 1.]
1479,1.0,1480,0,False,1.0,740.0,0.0,1,1,0,[0. 0.],[2 1],0.0,0,0.6,0.7,0.30000000000000004,[1. 1.]
1480,0.0,1481,1,False,0.0,741.0,1.0,1,0,2,[0. 0.],[2 1],0.0,0,0.6,0.7,0.30000000000000004,[1. 1.]
1481,1.0,1482,0,False,0.0,741.0,0.0,1,1,0,[1. 1.],[2 1],0.0,0,0.6,0.7,0.30000000000000004,[1. 1.]
1482,0.0,1483,1,False,0.0,742.0,1.0,1,0,2,[1. 1.],[2 1],0.0,0,0.6,0.7,0.30000000000000004,[1. 1.]
1483,1.0,1484,0,False,1.0,742.0,0.0,1,1,0,[0. 0.],[2 1],,0,0.6,0.7,0.30000000000000004,[1. 1.]
1484,0.0,1485,1,False,0.0,743.0,1.0,1,0,2,[0. 0.],[2 1],,0,0.6,0.7,0.30000000000000004,[1. 1.]
1485,1.0,1486,0,False,0.0,743.0,0.0,1,1,0,[0. 1.],[2 1],,0,0.6,0.7,0.30000000000000004,[1. 1.]
1486,0.0,1487,1,False,0.0,744.0,1.0,1,0,2,[0. 1.],[2 1],,0,0.6,0.7,0.30000000000000004,[1. 1.]
1487,1.0,1488,0,False,0.0,744.0,0.0,1,1,0,[0. 1.],[2 1],,0,0.6,0.7,0.30000000000000004,[1. 1.]
1488,0.0,1489,1,False,0.0,745.0,2.0,1,0,1,[0. 1.],[2 1],,0,0.6,0.7,0.30000000000000004,[1. 1.]
1489,2.0,1490,0,False,1.0,745.0,0.0,1,1,0,[1. 1.],[2 1],0.0,0,0.6,0.7,0.30000000000000004,[1. 1.]
1490,0.0,1491,1,False,0.0,746.0,1.0,1,0,1,[1. 1.],[2 1],0.0,0,0.6,0.7,0.30000000000000004,[1. 1.]
1491,1.0,1492,0,False,1.0,746.0,0.0,1,1,0,[0. 1.],[2 1],1.0,0,0.6,0.7,0.30000000000000004,[1. 1.]
1492,0.0,1493,1,False,0.0,747.0,2.0,1,0,1,[0. 1.],[2 1],1.0,0,0.6,0.7,0.30000000000000004,[1. 1.]
1493,2.0,1494,0,False,1.0,747.0,0.0,1,1,0,[1. 0.],[2 1],0.0,0,0.6,0.7,0.30000000000000004,[1. 1.]
1494,0.0,1495,1,False,0.0,748.0,1.0,1,0,1,[1. 0.],[2 1],0.0,0,0.6,0.7,0.30000000000000004,[1. 1.]
1495,1.0,1496,0,False,0.0,748.0,0.0,1,1,0,[1. 1.],[2 1],,0,0.6,0.7,0.30000000000000004,[1. 1.]
1496,0.0,1497,1,False,0.0,749.0,2.0,1,0,1,[1. 1.],[2 1],,0,0.6,0.7,0.30000000000000004,[1. 1.]
1497,2.0,1498,0,False,1.0,749.0,0.0,1,1,0,[1. 1.],[2 1],1.0,0,0.6,0.7,0.30000000000000004,[1. 1.]
1498,0.0,1499,1,False,0.0,750.0,2.0,1,0,1,[1. 1.],[2 1],1.0,0,0.6,0.7,0.30000000000000004,[1. 1.]
1499,2.0,1500,0,False,1.0,750.0,0.0,1,1,0,[1. 0.],[2 1],1.0,0,0.6,0.7,0.30000000000000004,[1. 1.]
1500,0.0,1501,1,False,0.0,751.0,2.0,1,0,1,[1. 0.],[2 1],1.0,0,0.6,0.7,0.30000000000000004,[1. 1.]
1501,2.0,1502,0,False,0.0,751.0,0.0,1,1,0,[1. 0.],[2 1],,0,0.6,0.7,0.30000000000000004,[1. 1.]
1502,0.0,1503,1,False,0.0,752.0,2.0,1,0,1,[1. 0.],[2 1],,0,0.6,0.7,0.30000000000000004,[1. 1.]
1503,2.0,1504,0,False,0.0,752.0,0.0,1,1,0,[0. 0.],[2 1],1.0,0,0.6,0.7,0.30000000000000004,[1. 1.]
1504,0.0,1505,1,False,0.0,753.0,2.0,1,0,1,[0. 0.],[2 1],1.0,0,0.6,0.7,0.30000000000000004,[1. 1.]
1505,2.0,1506,0,False,0.0,753.0,0.0,1,1,0,[0. 0.],[2 1],,0,0.6,0.7,0.30000000000000004,[1. 1.]
1506,0.0,1507,1,False,0.0,754.0,2.0,1,0,1,[0. 0.],[2 1],,0,0.6,0.7,0.30000000000000004,[1. 1.]
1507,2.0,1508,0,False,0.0,754.0,0.0,1,1,0,[0. 0.],[2 1],0.0,0,0.6,0.7,0.30000000000000004,[1. 1.]
1508,0.0,1509,1,False,0.0,755.0,1.0,1,0,2,[0. 0.],[2 1],0.0,0,0.6,0.7,0.30000000000000004,[1. 1.]
1509,1.0,1510,0,False,0.0,755.0,0.0,1,1,0,[1. 1.],[2 1],,0,0.6,0.7,0.30000000000000004,[1. 1.]
1510,0.0,1511,1,False,0.0,756.0,2.0,1,0,1,[1. 1.],[2 1],,0,0.6,0.7,0.30000000000000004,[1. 1.]
1511,2.0,1512,0,False,1.0,756.0,0.0,1,1,0,[1. 0.],[2 1],1.0,0,0.6,0.7,0.30000000000000004,[1. 1.]
1512,0.0,1513,1,False,0.0,757.0,2.0,1,0,1,[1. 0.],[2 1],1.0,0,0.6,0.7,0.30000000000000004,[1. 1.]
1513,2.0,1514,0,False,0.0,757.0,0.0,1,1,0,[1. 0.],[2 1],,0,0.6,0.7,0.30000000000000004,[1. 1.]
1514,0.0,1515,1,False,0.0,758.0,2.0,1,0,1,[1. 0.],[2 1],,0,0.6,0.7,0.30000000000000004,[1. 1.]
1515,2.0,1516,0,False,0.0,758.0,0.0,1,1,0,[1. 0.],[2 1],,0,0.6,0.7,0.30000000000000004,[1. 1.]
1516,0.0,1517,1,False,0.0,759.0,2.0,1,0,1,[1. 0.],[2 1],,0,0.6,0.7,0.30000000000000004,[1. 1.]
1517,2.0,1518,0,False,0.0,759.0,0.0,1,1,0,[1. 0.],[2 1],,0,0.6,0.7,0.30000000000000004,[1. 1.]
1518,0.0,1519,1,False,0.0,760.0,2.0,1,0,1,[1. 0.],[2 1],,0,0.6,0.7,0.30000000000000004,[1. 1.]
1519,2.0,1520,0,False,0.0,760.0,0.0,1,1,0,[1. 0.],[2 1],0.0,0,0.6,0.7,0.30000000000000004,[1. 1.]
1520,0.0,1521,1,False,0.0,761.0,1.0,1,0,2,[1. 0.],[2 1],0.0,0,0.6,0.7,0.30000000000000004,[1. 1.]
1521,1.0,1522,0,False,1.0,761.0,0.0,1,1,0,[0. 0.],[2 1],0.0,0,0.6,0.7,0.30000000000000004,[1. 1.]
1522,0.0,1523,1,False,0.0,762.0,1.0,1,0,2,[0. 0.],[2 1],0.0,0,0.6,0.7,0.30000000000000004,[1. 1.]
1523,1.0,1524,0,False,0.0,762.0,0.0,1,1,0,[1. 1.],[2 1],1.0,0,0.6,0.7,0.30000000000000004,[1. 1.]
1524,0.0,1525,1,False,0.0,763.0,2.0,1,0,2,[1. 1.],[2 1],1.0,0,0.6,0.7,0.30000000000000004,[1. 1.]
1525,2.0,1526,0,False,1.0,763.0,0.0,1,1,0,[1. 1.],[2 1],,0,0.6,0.7,0.30000000000000004,[1. 1.]
1526,0.0,1527,1,False,0.0,764.0,1.0,1,0,2,[1. 1.],[2 1],,0,0.6,0.7,0.30000000000000004,[1. 1.]
1527,1.0,1528,0,False,1.0,764.0,0.0,1,1,0,[1. 0.],[2 1],,0,0.6,0.7,0.30000000000000004,[1. 1.]
1528,0.0,1529,1,False,0.0,765.0,1.0,1,0,2,[1. 0.],[2 1],,0,0.6,0.7,0.30000000000000004,[1. 1.]
1529,1.0,1530,0,False,1.0,765.0,0.0,1,1,0,[0. 1.],[2 1],,0,0.6,0.7,0.30000000000000004,[1. 1.]
1530,0.0,1531,1,False,0.0,766.0,1.0,1,0,2,[0. 1.],[2 1],,0,0.6,0.7,0.30000000000000004,[1. 1.]
1531,1.0,1532,0,False,0.0,766.0,0.0,1,1,0,[0. 0.],[2 1],1.0,0,0.6,0.7,0.30000000000000004,[1. 1.]
1532,0.0,1533,1,False,0.0,767.0,2.0,1,0,2,[0. 0.],[2 1],1.0,0,0.6,0.7,0.30000000000000004,[1. 1.]
1533,2.0,1534,0,False,0.0,767.0,0.0,1,1,0,[1. 0.],[2 1],1.0,0,0.6,0.7,0.30000000000000004,[1. 1.]
1534,0.0,1535,1,False,0.0,768.0,2.0,1,0,2,[1. 0.],[2 1],1.0,0,0.6,0.7,0.30000000000000004,[1. 1.]
1535,2.0,1536,0,False,1.0,768.0,0.0,1,1,0,[1. 0.],[2 1],1.0,0,0.6,0.7,0.30000000000000004,[1. 1.]
1536,0.0,1537,1,False,0.0,769.0,2.0,1,0,2,[1. 0.],[2 1],1.0,0,0.6,0.7,0.30000000000000004,[1. 1.]
1537,2.0,1538,0,False,1.0,769.0,0.0,1,1,0,[1. 1.],[2 1],1.0,0,0.6,0.7,0.30000000000000004,[1. 1.]
1538,0.0,1539,1,False,0.0,770.0,2.0,1,0,2,[1. 1.],[2 1],1.0,0,0.6,0.7,0.30000000000000004,[1. 1.]
1539,2.0,1540,0,False,1.0,770.0,0.0,1,1,0,[1. 0.],[2 1],0.0,0,0.6,0.7,0.30000000000000004,[1. 1.]
1540,0.0,1541,1,False,0.0,771.0,1.0,1,0,2,[1. 0.],[2 1],0.0,0,0.6,0.7,0.30000000000000004,[1. 1.]
1541,1.0,1542,0,False,1.0,771.0,0.0,1,1,0,[0. 0.],[2 1],0.0,0,0.6,0.7,0.30000000000000004,[1. 1.]
1542,0.0,1543,1,False,0.0,772.0,1.0,1,0,2,[0. 0.],[2 1],0.0,0,0.6,0.7,0.30000000000000004,[1. 1.]
1543,1.0,1544,0,False,0.0,772.0,0.0,1,1,0,[1. 0.],[2 1],0.0,0,0.6,0.7,0.30000000000000004,[1. 1.]
1544,0.0,1545,1,False,0.0,773.0,1.0,1,0,2,[1. 0.],[2 1],0.0,0,0.6,0.7,0.30000000000000004,[1. 1.]
1545,1.0,1546,0,False,1.0,773.0,0.0,1,1,0,[0. 0.],[2 1],0.0,0,0.6,0.7,0.30000000000000004,[1. 1.]
1546,0.0,1547,1,False,0.0,774.0,1.0,1,0,2,[0. 0.],[2 1],0.0,0,0.6,0.7,0.30000000000000004,[1. 1.]
1547,1.0,1548,0,False,0.0,774.0,0.0,1,1,0,[1. 0.],[2 1],0.0,0,0.6,0.7,0.30000000000000004,[1. 1.]
1548,0.0,1549,1,False,0.0,775.0,1.0,1,0,2,[1. 0.],[2 1],0.0,0,0.6,0.7,0.30000000000000004,[1. 1.]
1549,1.0,1550,0,False,1.0,775.0,0.0,1,1,0,[1. 0.],[2 1],0.0,0,0.6,0.7,0.30000000000000004,[1. 1.]
1550,0.0,1551,1,False,0.0,776.0,1.0,1,0,2,[1. 0.],[2 1],0.0,0,0.6,0.7,0.30000000000000004,[1. 1.]
1551,1.0,1552,0,False,1.0,776.0,0.0,1,1,0,[1. 0.],[2 1],1.0,0,0.6,0.7,0.30000000000000004,[1. 1.]
1552,0.0,1553,1,False,0.0,777.0,2.0,1,0,2,[1. 0.],[2 1],1.0,0,0.6,0.7,0.30000000000000004,[1. 1.]
1553,2.0,1554,0,False,1.0,777.0,0.0,1,1,0,[1. 1.],[2 1],1.0,0,0.6,0.7,0.30000000000000004,[1. 1.]
1554,0.0,1555,1,False,0.0,778.0,2.0,1,0,2,[1. 1.],[2 1],1.0,0,0.6,0.7,0.30000000000000004,[1. 1.]
1555,2.0,1556,0,False,1.0,778.0,0.0,1,1,0,[1. 0.],[2 1],1.0,0,0.6,0.7,0.30000000000000004,[1. 1.]
1556,0.0,1557,1,False,0.0,779.0,2.0,1,0,2,[1. 0.],[2 1],1.0,0,0.6,0.7,0.30000000000000004,[1. 1.]
1557,2.0,1558,0,False,1.0,779.0,0.0,1,1,0,[1. 0.],[2 1],,0,0.6,0.7,0.30000000000000004,[1. 1.]
1558,0.0,1559,1,False,0.0,780.0,1.0,1,0,2,[1. 0.],[2 1],,0,0.6,0.7,0.30000000000000004,[1. 1.]
1559,1.0,1560,0,False,1.0,780.0,0.0,1,1,0,[1. 1.],[2 1],1.0,0,0.6,0.7,0.30000000000000004,[1. 1.]
1560,0.0,1561,1,False,0.0,781.0,2.0,1,0,2,[1. 1.],[2 1],1.0,0,0.6,0.7,0.30000000000000004,[1. 1.]
1561,2.0,1562,0,False,1.0,781.0,0.0,1,1,0,[0. 0.],[2 1],0.0,0,0.6,0.7,0.30000000000000004,[1. 1.]
1562,0.0,1563,1,False,0.0,782.0,1.0,1,0,2,[0. 0.],[2 1],0.0,0,0.6,0.7,0.30000000000000004,[1. 1.]
1563,1.0,1564,0,False,0.0,782.0,0.0,1,1,0,[0. 1.],[2 1],0.0,0,0.6,0.7,0.30000000000000004,[1. 1.]
1564,0.0,1565,1,False,0.0,783.0,1.0,1,0,2,[0. 1.],[2 1],0.0,0,0.6,0.7,0.30000000000000004,[1. 1.]
1565,1.0,1566,0,False,0.0,783.0,0.0,1,1,0,[1. 0.],[2 1],,0,0.6,0.7,0.30000000000000004,[1. 1.]
1566,0.0,1567,1,False,0.0,784.0,1.0,1,0,2,[1. 0.],[2 1],,0,0.6,0.7,0.30000000000000004,[1. 1.]
1567,1.0,1568,0,False,1.0,784.0,0.0,1,1,0,[0. 0.],[2 1],1.0,0,0.6,0.7,0.30000000000000004,[1. 1.]
1568,0.0,1569,1,False,0.0,785.0,2.0,1,0,2,[0. 0.],[2 1],1.0,0,0.6,0.7,0.30000000000000004,[1. 1.]
1569,2.0,1570,0,False,0.0,785.0,0.0,1,1,0,[0. 0.],[2 1],0.0,0,0.6,0.7,0.30000000000000004,[1. 1.]
1570,0.0,1571,1,False,0.0,786.0,1.0,1,0,2,[0. 0.],[2 1],0.0,0,0.6,0.7,0.30000000000000004,[1. 1.]
1571,1.0,1572,0,False,0.0,786.0,0.0,1,1,0,[0. 0.],[2 1],1.0,0,0.6,0.7,0.30000000000000004,[1. 1.]
1572,0.0,1573,1,False,0.0,787.0,2.0,1,0,1,[0. 0.],[2 1],1.0,0,0.6,0.7,0.30000000000000004,[1. 1.]
1573,2.0,1574,0,False,0.0,787.0,0.0,1,1,0,[1. 1.],[2 1],,0,0.6,0.7,0.30000000000000004,[1. 1.]
1574,0.0,1575,1,False,0.0,788.0,1.0,1,0,2,[1. 1.],[2 1],,0,0.6,0.7,0.30000000000000004,[1. 1.]
1575,1.0,1576,0,False,1.0,788.0,0.0,1,1,0,[1. 1.],[2 1],0.0,0,0.6,0.7,0.30000000000000004,[1. 1.]
1576,0.0,1577,1,False,0.0,789.0,1.0,1,0,2,[1. 1.],[2 1],0.0,0,0.6,0.7,0.30000000000000004,[1. 1.]
1577,1.0,1578,0,False,1.0,789.0,0.0,1,1,0,[1. 0.],[2 1],,0,0.6,0.7,0.30000000000000004,[1. 1.]
1578,0.0,1579,1,False,0.0,790.0,1.0,1,0,2,[1. 0.],[2 1],,0,0.6,0.7,0.30000000000000004,[1. 1.]
1579,1.0,1580,0,False,1.0,790.0,0.0,1,1,0,[1. 1.],[2 1],1.0,0,0.6,0.7,0.30000000000000004,[1. 1.]
1580,0.0,1581,1,False,0.0,791.0,2.0,1,0,2,[1. 1.],[2 1],1.0,0,0.6,0.7,0.30000000000000004,[1. 1.]
1581,2.0,1582,0,False,1.0,791.0,0.0,1,1,0,[1. 0.],[2 1],1.0,0,0.6,0.7,0.30000000000000004,[1. 1.]
1582,0.0,1583,1,False,0.0,792.0,2.0,1,0,2,[1. 0.],[2 1],1.0,0,0.6,0.7,0.30000000000000004,[1. 1.]
1583,2.0,1584,0,False,1.0,792.0,0.0,1,1,0,[0. 1.],[2 1],0.0,0,0.6,0.7,0.30000000000000004,[1. 1.]
1584,0.0,1585,1,False,0.0,793.0,1.0,1,0,2,[0. 1.],[2 1],0.0,0,0.6,0.7,0.30000000000000004,[1. 1.]
1585,1.0,1586,0,False,0.0,793.0,0.0,1,1,0,[1. 0.],[2 1],0.0,0,0.6,0.7,0.30000000000000004,[1. 1.]
1586,0.0,1587,1,False,0.0,794.0,1.0,1,0,2,[1. 0.],[2 1],0.0,0,0.6,0.7,0.30000000000000004,[1. 1.]
1587,1.0,1588,0,False,1.0,794.0,0.0,1,1,0,[0. 0.],[2 1],0.0,0,0.6,0.7,0.30000000000000004,[1. 1.]
1588,0.0,1589,1,False,0.0,795.0,1.0,1,0,2,[0. 0.],[2 1],0.0,0,0.6,0.7,0.30000000000000004,[1. 1.]
1589,1.0,1590,0,False,0.0,795.0,0.0,1,1,0,[1. 1.],[2 1],0.0,0,0.6,0.7,0.30000000000000004,[1. 1.]
1590,0.0,1591,1,False,0.0,796.0,1.0,1,0,2,[1. 1.],[2 1],0.0,0,0.6,0.7,0.30000000000000004,[1. 1.]
1591,1.0,1592,0,False,1.0,796.0,0.0,1,1,0,[1. 0.],[1 2],,0,0.6,0.7,0.30000000000000004,[1. 1.]
1592,0.0,1593,1,False,0.0,797.0,2.0,1,0,2,[1. 0.],[1 2],,0,0.6,0.7,0.30000000000000004,[1. 1.]
1593,2.0,1594,0,False,0.0,797.0,0.0,1,1,0,[1. 0.],[1 2],1.0,0,0.6,0.7,0.30000000000000004,[1. 1.]
1594,0.0,1595,1,False,0.0,798.0,2.0,1,0,2,[1. 0.],[1 2],1.0,0,0.6,0.7,0.30000000000000004,[1. 1.]
1595,2.0,1596,0,False,0.0,798.0,0.0,1,1,0,[1. 0.],[1 2],,0,0.6,0.7,0.30000000000000004,[1. 1.]
1596,0.0,1597,1,False,0.0,799.0,2.0,1,0,2,[1. 0.],[1 2],,0,0.6,0.7,0.30000000000000004,[1. 1.]
1597,2.0,1598,0,False,0.0,799.0,0.0,1,1,0,[1. 0.],[1 2],,0,0.6,0.7,0.30000000000000004,[1. 1.]
1598,0.0,1599,1,False,0.0,800.0,1.0,1,0,1,[1. 0.],[1 2],,0,0.6,0.7,0.30000000000000004,[1. 1.]
1599,1.0,1600,0,False,1.0,800.0,0.0,1,1,0,[1. 0.],[1 2],,0,0.6,0.7,0.30000000000000004,[1. 1.]
1600,0.0,1601,1,False,0.0,801.0,1.0,1,0,1,[1. 0.],[1 2],,0,0.6,0.7,0.30000000000000004,[1. 1.]
1601,1.0,1602,0,False,1.0,801.0,0.0,1,1,0,[0. 1.],[1 2],0.0,0,0.6,0.7,0.30000000000000004,[1. 1.]
1602,0.0,1603,1,False,0.0,802.0,1.0,1,0,1,[0. 1.],[1 2],0.0,0,0.6,0.7,0.30000000000000004,[1. 1.]
1603,1.0,1604,0,False,0.0,802.0,0.0,1,1,0,[1. 0.],[1 2],0.0,0,0.6,0.7,0.30000000000000004,[1. 1.]
1604,0.0,1605,1,False,0.0,803.0,1.0,1,0,1,[1. 0.],[1 2],0.0,0,0.6,0.7,0.30000000000000004,[1. 1.]
1605,1.0,1606,0,False,1.0,803.0,0.0,1,1,0,[0. 1.],[1 2],1.0,0,0.6,0.7,0.30000000000000004,[1. 1.]
1606,0.0,1607,1,False,0.0,804.0,2.0,1,0,1,[0. 1.],[1 2],1.0,0,0.6,0.7,0.30000000000000004,[1. 1.]
1607,2.0,1608,0,False,0.0,804.0,0.0,1,1,0,[0. 1.],[1 2],1.0,0,0.6,0.7,0.30000000000000004,[1. 1.]
1608,0.0,1609,1,False,0.0,805.0,2.0,1,0,1,[0. 1.],[1 2],1.0,0,0.6,0.7,0.30000000000000004,[1. 1.]
1609,2.0,1610,0,False,0.0,805.0,0.0,1,1,0,[0. 0.],[1 2],1.0,0,0.6,0.7,0.30000000000000004,[1. 1.]
1610,0.0,1611,1,False,0.0,806.0,2.0,1,0,2,[0. 0.],[1 2],1.0,0,0.6,0.7,0.30000000000000004,[1. 1.]
1611,2.0,1612,0,False,0.0,806.0,0.0,1,1,0,[1. 1.],[1 2],0.0,0,0.6,0.7,0.30000000000000004,[1. 1.]
1612,0.0,1613,1,False,0.0,807.0,1.0,1,0,1,[1. 1.],[1 2],0.0,0,0.6,0.7,0.30000000000000004,[1. 1.]
1613,1.0,1614,0,False,1.0,807.0,0.0,1,1,0,[1. 0.],[1 2],0.0,0,0.6,0.7,0.30000000000000004,[1. 1.]
1614,0.0,1615,1,False,0.0,808.0,1.0,1,0,1,[1. 0.],[1 2],0.0,0,0.6,0.7,0.30000000000000004,[1. 1.]
1615,1.0,1616,0,False,1.0,808.0,0.0,1,1,0,[1. 0.],[1 2],,0,0.6,0.7,0.30000000000000004,[1. 1.]
1616,0.0,1617,1,False,0.0,809.0,1.0,1,0,1,[1. 0.],[1 2],,0,0.6,0.7,0.30000000000000004,[1. 1.]
1617,1.0,1618,0,False,1.0,809.0,0.0,1,1,0,[1. 1.],[1 2],1.0,0,0.6,0.7,0.30000000000000004,[1. 1.]
1618,0.0,1619,1,False,0.0,810.0,2.0,1,0,1,[1. 1.],[1 2],1.0,0,0.6,0.7,0.30000000000000004,[1. 1.]
1619,2.0,1620,0,False,1.0,810.0,0.0,1,1,0,[1. 0.],[1 2],0.0,0,0.6,0.7,0.30000000000000004,[1. 1.]
1620,0.0,1621,1,False,0.0,811.0,1.0,1,0,1,[1. 0.],[1 2],0.0,0,0.6,0.7,0.30000000000000004,[1. 1.]
1621,1.0,1622,0,False,1.0,811.0,0.0,1,1,0,[1. 0.],[1 2],0.0,0,0.6,0.7,0.30000000000000004,[1. 1.]
1622,0.0,1623,1,False,0.0,812.0,1.0,1,0,1,[1. 0.],[1 2],0.0,0,0.6,0.7,0.30000000000000004,[1. 1.]
1623,1.0,1624,0,False,1.0,812.0,0.0,1,1,0,[1. 0.],[1 2],1.0,0,0.6,0.7,0.30000000000000004,[1. 1.]
1624,0.0,1625,1,False,0.0,813.0,2.0,1,0,1,[1. 0.],[1 2],1.0,0,0.6,0.7,0.30000000000000004,[1. 1.]
1625,2.0,1626,0,False,1.0,813.0,0.0,1,1,0,[1. 0.],[1 2],0.0,0,0.6,0.7,0.30000000000000004,[1. 1.]
1626,0.0,1627,1,False,0.0,814.0,1.0,1,0,1,[1. 0.],[1 2],0.0,0,0.6,0.7,0.30000000000000004,[1. 1.]
1627,1.0,1628,0,False,1.0,814.0,0.0,1,1,0,[1. 0.],[1 2],,0,0.6,0.7,0.30000000000000004,[1. 1.]
1628,0.0,1629,1,False,0.0,815.0,1.0,1,0,1,[1. 0.],[1 2],,0,0.6,0.7,0.30000000000000004,[1. 1.]
1629,1.0,1630,0,False,1.0,815.0,0.0,1,1,0,[1. 1.],[1 2],,0,0.6,0.7,0.30000000000000004,[1. 1.]
1630,0.0,1631,1,False,0.0,816.0,1.0,1,0,1,[1. 1.],[1 2],,0,0.6,0.7,0.30000000000000004,[1. 1.]
1631,1.0,1632,0,False,1.0,816.0,0.0,1,1,0,[0. 0.],[1 2],1.0,1,0.6,0.7,0.30000000000000004,[1. 1.]
1632,0.0,1633,1,False,0.0,817.0,2.0,1,0,1,[0. 0.],[1 2],1.0,1,0.6,0.7,0.30000000000000004,[1. 1.]
1633,2.0,1634,0,False,0.0,817.0,0.0,1,1,0,[1. 1.],[1 2],,1,0.6,0.7,0.30000000000000004,[1. 1.]
1634,0.0,1635,1,False,0.0,818.0,1.0,1,0,1,[1. 1.],[1 2],,1,0.6,0.7,0.30000000000000004,[1. 1.]
1635,1.0,1636,0,False,1.0,818.0,0.0,1,1,0,[0. 1.],[1 2],0.0,1,0.6,0.7,0.30000000000000004,[1. 1.]
1636,0.0,1637,1,False,0.0,819.0,1.0,1,0,1,[0. 1.],[1 2],0.0,1,0.6,0.7,0.30000000000000004,[1. 1.]
1637,1.0,1638,0,False,0.0,819.0,0.0,1,1,0,[0. 1.],[1 2],1.0,1,0.6,0.7,0.30000000000000004,[1. 1.]
1638,0.0,1639,1,False,0.0,820.0,2.0,1,0,1,[0. 1.],[1 2],1.0,1,0.6,0.7,0.30000000000000004,[1. 1.]
1639,2.0,1640,0,False,0.0,820.0,0.0,1,1,0,[0. 1.],[1 2],,1,0.6,0.7,0.30000000000000004,[1. 1.]
1640,0.0,1641,1,False,0.0,821.0,2.0,1,0,2,[0. 1.],[1 2],,1,0.6,0.7,0.30000000000000004,[1. 1.]
1641,2.0,1642,0,False,1.0,821.0,0.0,1,1,0,[0. 1.],[1 2],1.0,1,0.6,0.7,0.30000000000000004,[1. 1.]
1642,0.0,1643,1,False,0.0,822.0,2.0,1,0,2,[0. 1.],[1 2],1.0,1,0.6,0.7,0.30000000000000004,[1. 1.]
1643,2.0,1644,0,False,1.0,822.0,0.0,1,1,0,[0. 1.],[1 2],1.0,1,0.6,0.7,0.30000000000000004,[1. 1.]
1644,0.0,1645,1,False,0.0,823.0,2.0,1,0,2,[0. 1.],[1 2],1.0,1,0.6,0.7,0.30000000000000004,[1. 1.]
1645,2.0,1646,0,False,1.0,823.0,0.0,1,1,0,[1. 1.],[1 2],0.0,1,0.6,0.7,0.30000000000000004,[1. 1.]
1646,0.0,1647,1,False,0.0,824.0,1.0,1,0,2,[1. 1.],[1 2],0.0,1,0.6,0.7,0.30000000000000004,[1. 1.]
1647,1.0,1648,0,False,1.0,824.0,0.0,1,1,0,[0. 1.],[1 2],,1,0.6,0.7,0.30000000000000004,[1. 1.]
1648,0.0,1649,1,False,0.0,825.0,2.0,1,0,2,[0. 1.],[1 2],,1,0.6,0.7,0.30000000000000004,[1. 1.]
1649,2.0,1650,0,False,1.0,825.0,0.0,1,1,0,[1. 0.],[1 2],1.0,0,0.6,0.7,0.30000000000000004,[1. 1.]
1650,0.0,1651,1,False,0.0,826.0,2.0,1,0,2,[1. 0.],[1 2],1.0,0,0.6,0.7,0.30000000000000004,[1. 1.]
1651,2.0,1652,0,False,0.0,826.0,0.0,1,1,0,[1. 0.],[1 2],0.0,0,0.6,0.7,0.30000000000000004,[1. 1.]
1652,0.0,1653,1,False,0.0,827.0,1.0,1,0,2,[1. 0.],[1 2],0.0,0,0.6,0.7,0.30000000000000004,[1. 1.]
1653,1.0,1654,0,False,0.0,827.0,0.0,1,1,0,[1. 0.],[1 2],1.0,0,0.6,0.7,0.30000000000000004,[1. 1.]
1654,0.0,1655,1,False,0.0,828.0,2.0,1,0,1,[1. 0.],[1 2],1.0,0,0.6,0.7,0.30000000000000004,[1. 1.]
1655,2.0,1656,0,False,1.0,828.0,0.0,1,1,0,[0. 0.],[1 2],0.0,0,0.6,0.7,0.30000000000000004,[1. 1.]
1656,0.0,1657,1,False,0.0,829.0,1.0,1,0,1,[0. 0.],[1 2],0.0,0,0.6,0.7,0.30000000000000004,[1. 1.]
1657,1.0,1658,0,False,0.0,829.0,0.0,1,1,0,[0. 0.],[1 2],,0,0.6,0.7,0.30000000000000004,[1. 1.]
1658,0.0,1659,1,False,0.0,830.0,1.0,1,0,1,[0. 0.],[1 2],,0,0.6,0.7,0.30000000000000004,[1. 1.]
1659,1.0,1660,0,False,0.0,830.0,0.0,1,1,0,[0. 1.],[1 2],,0,0.6,0.7,0.30000000000000004,[1. 1.]
1660,0.0,1661,1,False,0.0,831.0,1.0,1,0,1,[0. 1.],[1 2],,0,0.6,0.7,0.30000000000000004,[1. 1.]
1661,1.0,1662,0,False,0.0,831.0,0.0,1,1,0,[1. 0.],[1 2],1.0,0,0.6,0.7,0.30000000000000004,[1. 1.]
1662,0.0,1663,1,False,0.0,832.0,2.0,1,0,2,[1. 0.],[1 2],1.0,0,0.6,0.7,0.30000000000000004,[1. 1.]
1663,2.0,1664,0,False,0.0,832.0,0.0,1,1,0,[0. 1.],[2 1],,0,0.6,0.7,0.30000000000000004,[1. 1.]
1664,0.0,1665,1,False,0.0,833.0,2.0,1,0,1,[0. 1.],[2 1],,0,0.6,0.7,0.30000000000000004,[1. 1.]
1665,2.0,1666,0,False,1.0,833.0,0.0,1,1,0,[0. 1.],[2 1],,1,0.6,0.7,0.30000000000000004,[1. 1.]
1666,0.0,1667,1,False,0.0,834.0,2.0,1,0,1,[0. 1.],[2 1],,1,0.6,0.7,0.30000000000000004,[1. 1.]
1667,2.0,1668,0,False,1.0,834.0,0.0,1,1,0,[0. 1.],[2 1],0.0,1,0.6,0.7,0.30000000000000004,[1. 1.]
1668,0.0,1669,1,False,0.0,835.0,1.0,1,0,1,[0. 1.],[2 1],0.0,1,0.6,0.7,0.30000000000000004,[1. 1.]
1669,1.0,1670,0,False,1.0,835.0,0.0,1,1,0,[0. 1.],[2 1],1.0,1,0.6,0.7,0.30000000000000004,[1. 1.]
1670,0.0,1671,1,False,0.0,836.0,2.0,1,0,1,[0. 1.],[2 1],1.0,1,0.6,0.7,0.30000000000000004,[1. 1.]
1671,2.0,1672,0,False,1.0,836.0,0.0,1,1,0,[0. 0.],[2 1],1.0,1,0.6,0.7,0.30000000000000004,[1. 1.]
1672,0.0,1673,1,False,0.0,837.0,2.0,1,0,1,[0. 0.],[2 1],1.0,1,0.6,0.7,0.30000000000000004,[1. 1.]
1673,2.0,1674,0,False,0.0,837.0,0.0,1,1,0,[0. 0.],[2 1],1.0,1,0.6,0.7,0.30000000000000004,[1. 1.]
1674,0.0,1675,1,False,0.0,838.0,2.0,1,0,1,[0. 0.],[2 1],1.0,1,0.6,0.7,0.30000000000000004,[1. 1.]
1675,2.0,1676,0,False,0.0,838.0,0.0,1,1,0,[0. 0.],[2 1],,1,0.6,0.7,0.30000000000000004,[1. 1.]
1676,0.0,1677,1,False,0.0,839.0,2.0,1,0,1,[0. 0.],[2 1],,1,0.6,0.7,0.30000000000000004,[1. 1.]
1677,2.0,1678,0,False,0.0,839.0,0.0,1,1,0,[0. 1.],[2 1],,1,0.6,0.7,0.30000000000000004,[1. 1.]
1678,0.0,1679,1,False,0.0,840.0,2.0,1,0,1,[0. 1.],[2 1],,1,0.6,0.7,0.30000000000000004,[1. 1.]
1679,2.0,1680,0,False,1.0,840.0,0.0,1,1,0,[1. 1.],[2 1],,1,0.6,0.7,0.30000000000000004,[1. 1.]
1680,0.0,1681,1,False,0.0,841.0,2.0,1,0,1,[1. 1.],[2 1],,1,0.6,0.7,0.30000000000000004,[1. 1.]
1681,2.0,1682,0,False,1.0,841.0,0.0,1,1,0,[0. 1.],[2 1],,1,0.6,0.7,0.30000000000000004,[1. 1.]
1682,0.0,1683,1,False,0.0,842.0,2.0,1,0,1,[0. 1.],[2 1],,1,0.6,0.7,0.30000000000000004,[1. 1.]
1683,2.0,1684,0,False,1.0,842.0,0.0,1,1,0,[0. 0.],[2 1],,1,0.6,0.7,0.30000000000000004,[1. 1.]
1684,0.0,1685,1,False,0.0,843.0,2.0,1,0,1,[0. 0.],[2 1],,1,0.6,0.7,0.30000000000000004,[1. 1.]
1685,2.0,1686,0,False,0.0,843.0,0.0,1,1,0,[0. 1.],[2 1],0.0,1,0.6,0.7,0.30000000000000004,[1. 1.]
1686,0.0,1687,1,False,0.0,844.0,1.0,1,0,1,[0. 1.],[2 1],0.0,1,0.6,0.7,0.30000000000000004,[1. 1.]
1687,1.0,1688,0,False,1.0,844.0,0.0,1,1,0,[1. 1.],[2 1],0.0,1,0.6,0.7,0.30000000000000004,[1. 1.]
1688,0.0,1689,1,False,0.0,845.0,1.0,1,0,1,[1. 1.],[2 1],0.0,1,0.6,0.7,0.30000000000000004,[1. 1.]
1689,1.0,1690,0,False,1.0,845.0,0.0,1,1,0,[1. 0.],[2 1],1.0,1,0.6,0.7,0.30000000000000004,[1. 1.]
1690,0.0,1691,1,False,0.0,846.0,2.0,1,0,1,[1. 0.],[2 1],1.0,1,0.6,0.7,0.30000000000000004,[1. 1.]
1691,2.0,1692,0,False,0.0,846.0,0.0,1,1,0,[1. 1.],[2 1],0.0,1,0.6,0.7,0.30000000000000004,[1. 1.]
1692,0.0,1693,1,False,0.0,847.0,1.0,1,0,1,[1. 1.],[2 1],0.0,1,0.6,0.7,0.30000000000000004,[1. 1.]
1693,1.0,1694,0,False,1.0,847.0,0.0,1,1,0,[0. 1.],[2 1],,1,0.6,0.7,0.30000000000000004,[1. 1.]
1694,0.0,1695,1,False,0.0,848.0,2.0,1,0,1,[0. 1.],[2 1],,1,0.6,0.7,0.30000000000000004,[1. 1.]
1695,2.0,1696,0,False,1.0,848.0,0.0,1,1,0,[1. 1.],[2 1],0.0,1,0.6,0.7,0.30000000000000004,[1. 1.]
1696,0.0,1697,1,False,0.0,849.0,1.0,1,0,1,[1. 1.],[2 1],0.0,1,0.6,0.7,0.30000000000000004,[1. 1.]
1697,1.0,1698,0,False,1.0,849.0,0.0,1,1,0,[1. 0.],[2 1],0.0,1,0.6,0.7,0.30000000000000004,[1. 1.]
1698,0.0,1699,1,False,0.0,850.0,1.0,1,0,1,[1. 0.],[2 1],0.0,1,0.6,0.7,0.30000000000000004,[1. 1.]
1699,1.0,1700,0,False,0.0,850.0,0.0,1,1,0,[0. 1.],[2 1],,1,0.6,0.7,0.30000000000000004,[1. 1.]
1700,0.0,1701,1,False,0.0,851.0,2.0,1,0,1,[0. 1.],[2 1],,1,0.6,0.7,0.30000000000000004,[1. 1.]
1701,2.0,1702,0,False,1.0,851.0,0.0,1,1,0,[1. 1.],[2 1],1.0,1,0.6,0.7,0.30000000000000004,[1. 1.]
1702,0.0,1703,1,False,0.0,852.0,2.0,1,0,1,[1. 1.],[2 1],1.0,1,0.6,0.7,0.30000000000000004,[1. 1.]
1703,2.0,1704,0,False,1.0,852.0,0.0,1,1,0,[0. 1.],[2 1],,1,0.6,0.7,0.30000000000000004,[1. 1.]
1704,0.0,1705,1,False,0.0,853.0,2.0,1,0,1,[0. 1.],[2 1],,1,0.6,0.7,0.30000000000000004,[1. 1.]
1705,2.0,1706,0,False,1.0,853.0,0.0,1,1,0,[0. 1.],[2 1],0.0,1,0.6,0.7,0.30000000000000004,[1. 1.]
1706,0.0,1707,1,False,0.0,854.0,1.0,1,0,1,[0. 1.],[2 1],0.0,1,0.6,0.7,0.30000000000000004,[1. 1.]
1707,1.0,1708,0,False,1.0,854.0,0.0,1,1,0,[0. 1.],[2 1],1.0,1,0.6,0.7,0.30000000000000004,[1. 1.]
1708,0.0,1709,1,False,0.0,855.0,2.0,1,0,1,[0. 1.],[2 1],1.0,1,0.6,0.7,0.30000000000000004,[1. 1.]
1709,2.0,1710,0,False,1.0,855.0,0.0,1,1,0,[0. 1.],[2 1],,1,0.6,0.7,0.30000000000000004,[1. 1.]
1710,0.0,1711,1,False,0.0,856.0,2.0,1,0,1,[0. 1.],[2 1],,1,0.6,0.7,0.30000000000000004,[1. 1.]
1711,2.0,1712,0,False,1.0,856.0,0.0,1,1,0,[0. 1.],[2 1],,1,0.6,0.7,0.30000000000000004,[1. 1.]
1712,0.0,1713,1,False,0.0,857.0,2.0,1,0,1,[0. 1.],[2 1],,1,0.6,0.7,0.30000000000000004,[1. 1.]
1713,2.0,1714,0,False,1.0,857.0,0.0,1,1,0,[1. 1.],[2 1],0.0,1,0.6,0.7,0.30000000000000004,[1. 1.]
1714,0.0,1715,1,False,0.0,858.0,1.0,1,0,1,[1. 1.],[2 1],0.0,1,0.6,0.7,0.30000000000000004,[1. 1.]
1715,1.0,1716,0,False,1.0,858.0,0.0,1,1,0,[1. 1.],[2 1],1.0,1,0.6,0.7,0.30000000000000004,[1. 1.]
1716,0.0,1717,1,False,0.0,859.0,2.0,1,0,1,[1. 1.],[2 1],1.0,1,0.6,0.7,0.30000000000000004,[1. 1.]
1717,2.0,1718,0,False,1.0,859.0,0.0,1,1,0,[1. 1.],[2 1],0.0,1,0.6,0.7,0.30000000000000004,[1. 1.]
1718,0.0,1719,1,False,0.0,860.0,1.0,1,0,1,[1. 1.],[2 1],0.0,1,0.6,0.7,0.30000000000000004,[1. 1.]
1719,1.0,1720,0,False,1.0,860.0,0.0,1,1,0,[0. 1.],[2 1],1.0,1,0.6,0.7,0.30000000000000004,[1. 1.]
1720,0.0,1721,1,False,0.0,861.0,2.0,1,0,1,[0. 1.],[2 1],1.0,1,0.6,0.7,0.30000000000000004,[1. 1.]
1721,2.0,1722,0,False,1.0,861.0,0.0,1,1,0,[0. 0.],[2 1],1.0,1,0.6,0.7,0.30000000000000004,[1. 1.]
1722,0.0,1723,1,False,0.0,862.0,2.0,1,0,1,[0. 0.],[2 1],1.0,1,0.6,0.7,0.30000000000000004,[1. 1.]
1723,2.0,1724,0,False,0.0,862.0,0.0,1,1,0,[0. 0.],[2 1],,1,0.6,0.7,0.30000000000000004,[1. 1.]
1724,0.0,1725,1,False,0.0,863.0,2.0,1,0,1,[0. 0.],[2 1],,1,0.6,0.7,0.30000000000000004,[1. 1.]
1725,2.0,1726,0,False,0.0,863.0,0.0,1,1,0,[0. 0.],[2 1],,1,0.6,0.7,0.30000000000000004,[1. 1.]
1726,0.0,1727,1,False,0.0,864.0,2.0,1,0,1,[0. 0.],[2 1],,1,0.6,0.7,0.30000000000000004,[1. 1.]
1727,2.0,1728,0,False,0.0,864.0,0.0,1,1,0,[0. 1.],[2 1],0.0,1,0.6,0.7,0.30000000000000004,[1. 1.]
1728,0.0,1729,1,False,0.0,865.0,1.0,1,0,1,[0. 1.],[2 1],0.0,1,0.6,0.7,0.30000000000000004,[1. 1.]
1729,1.0,1730,0,False,1.0,865.0,0.0,1,1,0,[0. 0.],[2 1],1.0,1,0.6,0.7,0.30000000000000004,[1. 1.]
1730,0.0,1731,1,False,0.0,866.0,2.0,1,0,1,[0. 0.],[2 1],1.0,1,0.6,0.7,0.30000000000000004,[1. 1.]
1731,2.0,1732,0,False,0.0,866.0,0.0,1,1,0,[0. 1.],[2 1],0.0,1,0.6,0.7,0.30000000000000004,[1. 1.]
1732,0.0,1733,1,False,0.0,867.0,1.0,1,0,1,[0. 1.],[2 1],0.0,1,0.6,0.7,0.30000000000000004,[1. 1.]
1733,1.0,1734,0,False,1.0,867.0,0.0,1,1,0,[1. 0.],[2 1],0.0,1,0.6,0.7,0.30000000000000004,[1. 1.]
1734,0.0,1735,1,False,0.0,868.0,1.0,1,0,1,[1. 0.],[2 1],0.0,1,0.6,0.7,0.30000000000000004,[1. 1.]
1735,1.0,1736,0,False,0.0,868.0,0.0,1,1,0,[1. 1.],[2 1],,1,0.6,0.7,0.30000000000000004,[1. 1.]
1736,0.0,1737,1,False,0.0,869.0,2.0,1,0,1,[1. 1.],[2 1],,1,0.6,0.7,0.30000000000000004,[1. 1.]
1737,2.0,1738,0,False,1.0,869.0,0.0,1,1,0,[0. 1.],[2 1],,1,0.6,0.7,0.30000000000000004,[1. 1.]
1738,0.0,1739,1,False,0.0,870.0,2.0,1,0,1,[0. 1.],[2 1],,1,0.6,0.7,0.30000000000000004,[1. 1.]
1739,2.0,1740,0,False,1.0,870.0,0.0,1,1,0,[0. 1.],[2 1],0.0,1,0.6,0.7,0.30000000000000004,[1. 1.]
1740,0.0,1741,1,False,0.0,871.0,1.0,1,0,1,[0. 1.],[2 1],0.0,1,0.6,0.7,0.30000000000000004,[1. 1.]
1741,1.0,1742,0,False,1.0,871.0,0.0,1,1,0,[0. 1.],[2 1],0.0,1,0.6,0.7,0.30000000000000004,[1. 1.]
1742,0.0,1743,1,False,0.0,872.0,1.0,1,0,1,[0. 1.],[2 1],0.0,1,0.6,0.7,0.30000000000000004,[1. 1.]
1743,1.0,1744,0,False,1.0,872.0,0.0,1,1,0,[0. 1.],[2 1],,1,0.6,0.7,0.30000000000000004,[1. 1.]
1744,0.0,1745,1,False,0.0,873.0,2.0,1,0,1,[0. 1.],[2 1],,1,0.6,0.7,0.30000000000000004,[1. 1.]
1745,2.0,1746,0,False,1.0,873.0,0.0,1,1,0,[0. 1.],[2 1],,1,0.6,0.7,0.30000000000000004,[1. 1.]
1746,0.0,1747,1,False,0.0,874.0,2.0,1,0,1,[0. 1.],[2 1],,1,0.6,0.7,0.30000000000000004,[1. 1.]
1747,2.0,1748,0,False,1.0,874.0,0.0,1,1,0,[1. 1.],[2 1],1.0,1,0.6,0.7,0.30000000000000004,[1. 1.]
1748,0.0,1749,1,False,0.0,875.0,2.0,1,0,1,[1. 1.],[2 1],1.0,1,0.6,0.7,0.30000000000000004,[1. 1.]
1749,2.0,1750,0,False,1.0,875.0,0.0,1,1,0,[1. 1.],[2 1],1.0,1,0.6,0.7,0.30000000000000004,[1. 1.]
1750,0.0,1751,1,False,0.0,876.0,2.0,1,0,1,[1. 1.],[2 1],1.0,1,0.6,0.7,0.30000000000000004,[1. 1.]
1751,2.0,1752,0,False,1.0,876.0,0.0,1,1,0,[0. 0.],[2 1],1.0,1,0.6,0.7,0.30000000000000004,[1. 1.]
1752,0.0,1753,1,False,0.0,877.0,2.0,1,0,1,[0. 0.],[2 1],1.0,1,0.6,0.7,0.30000000000000004,[1. 1.]
1753,2.0,1754,0,False,0.0,877.0,0.0,1,1,0,[0. 0.],[2 1],1.0,1,0.6,0.7,0.30000000000000004,[1. 1.]
1754,0.0,1755,1,False,0.0,878.0,2.0,1,0,1,[0. 0.],[2 1],1.0,1,0.6,0.7,0.30000000000000004,[1. 1.]
1755,2.0,1756,0,False,0.0,878.0,0.0,1,1,0,[0. 0.],[2 1],0.0,1,0.6,0.7,0.30000000000000004,[1. 1.]
1756,0.0,1757,1,False,0.0,879.0,1.0,1,0,1,[0. 0.],[2 1],0.0,1,0.6,0.7,0.30000000000000004,[1. 1.]
1757,1.0,1758,0,False,0.0,879.0,0.0,1,1,0,[0. 0.],[2 1],,1,0.6,0.7,0.30000000000000004,[1. 1.]
1758,0.0,1759,1,False,0.0,880.0,2.0,1,0,1,[0. 0.],[2 1],,1,0.6,0.7,0.30000000000000004,[1. 1.]
1759,2.0,1760,0,False,0.0,880.0,0.0,1,1,0,[1. 1.],[2 1],1.0,1,0.6,0.7,0.30000000000000004,[1. 1.]
1760,0.0,1761,1,False,0.0,881.0,2.0,1,0,1,[1. 1.],[2 1],1.0,1,0.6,0.7,0.30000000000000004,[1. 1.]
1761,2.0,1762,0,False,1.0,881.0,0.0,1,1,0,[1. 1.],[2 1],0.0,1,0.6,0.7,0.30000000000000004,[1. 1.]
1762,0.0,1763,1,False,0.0,882.0,1.0,1,0,1,[1. 1.],[2 1],0.0,1,0.6,0.7,0.30000000000000004,[1. 1.]
1763,1.0,1764,0,False,1.0,882.0,0.0,1,1,0,[1. 1.],[2 1],1.0,1,0.6,0.7,0.30000000000000004,[1. 1.]
1764,0.0,1765,1,False,0.0,883.0,2.0,1,0,1,[1. 1.],[2 1],1.0,1,0.6,0.7,0.30000000000000004,[1. 1.]
1765,2.0,1766,0,False,1.0,883.0,0.0,1,1,0,[1. 1.],[2 1],,1,0.6,0.7,0.30000000000000004,[1. 1.]
1766,0.0,1767,1,False,0.0,884.0,2.0,1,0,1,[1. 1.],[2 1],,1,0.6,0.7,0.30000000000000004,[1. 1.]
1767,2.0,1768,0,False,1.0,884.0,0.0,1,1,0,[1. 1.],[2 1],,1,0.6,0.7,0.30000000000000004,[1. 1.]
1768,0.0,1769,1,False,0.0,885.0,2.0,1,0,1,[1. 1.],[2 1],,1,0.6,0.7,0.30000000000000004,[1. 1.]
1769,2.0,1770,0,False,1.0,885.0,0.0,1,1,0,[1. 1.],[2 1],,1,0.6,0.7,0.30000000000000004,[1. 1.]
1770,0.0,1771,1,False,0.0,886.0,2.0,1,0,1,[1. 1.],[2 1],,1,0.6,0.7,0.30000000000000004,[1. 1.]
1771,2.0,1772,0,False,1.0,886.0,0.0,1,1,0,[0. 1.],[2 1],0.0,1,0.6,0.7,0.30000000000000004,[1. 1.]
1772,0.0,1773,1,False,0.0,887.0,1.0,1,0,1,[0. 1.],[2 1],0.0,1,0.6,0.7,0.30000000000000004,[1. 1.]
1773,1.0,1774,0,False,1.0,887.0,0.0,1,1,0,[0. 0.],[2 1],,1,0.6,0.7,0.30000000000000004,[1. 1.]
1774,0.0,1775,1,False,0.0,888.0,2.0,1,0,1,[0. 0.],[2 1],,1,0.6,0.7,0.30000000000000004,[1. 1.]
1775,2.0,1776,0,False,0.0,888.0,0.0,1,1,0,[0. 0.],[2 1],1.0,1,0.6,0.7,0.30000000000000004,[1. 1.]
1776,0.0,1777,1,False,0.0,889.0,2.0,1,0,1,[0. 0.],[2 1],1.0,1,0.6,0.7,0.30000000000000004,[1. 1.]
1777,2.0,1778,0,False,0.0,889.0,0.0,1,1,0,[0. 1.],[2 1],1.0,1,0.6,0.7,0.30000000000000004,[1. 1.]
1778,0.0,1779,1,False,0.0,890.0,2.0,1,0,1,[0. 1.],[2 1],1.0,1,0.6,0.7,0.30000000000000004,[1. 1.]
1779,2.0,1780,0,False,1.0,890.0,0.0,1,1,0,[0. 0.],[2 1],1.0,1,0.6,0.7,0.30000000000000004,[1. 1.]
1780,0.0,1781,1,False,0.0,891.0,2.0,1,0,1,[0. 0.],[2 1],1.0,1,0.6,0.7,0.30000000000000004,[1. 1.]
1781,2.0,1782,0,False,0.0,891.0,0.0,1,1,0,[0. 1.],[2 1],0.0,1,0.6,0.7,0.30000000000000004,[1. 1.]
1782,0.0,1783,1,False,0.0,892.0,1.0,1,0,1,[0. 1.],[2 1],0.0,1,0.6,0.7,0.30000000000000004,[1. 1.]
1783,1.0,1784,0,False,1.0,892.0,0.0,1,1,0,[1. 0.],[2 1],,1,0.6,0.7,0.30000000000000004,[1. 1.]
1784,0.0,1785,1,False,0.0,893.0,2.0,1,0,1,[1. 0.],[2 1],,1,0.6,0.7,0.30000000000000004,[1. 1.]
1785,2.0,1786,0,False,0.0,893.0,0.0,1,1,0,[0. 1.],[2 1],,1,0.6,0.7,0.30000000000000004,[1. 1.]
1786,0.0,1787,1,False,0.0,894.0,2.0,1,0,1,[0. 1.],[2 1],,1,0.6,0.7,0.30000000000000004,[1. 1.]
1787,2.0,1788,0,False,1.0,894.0,0.0,1,1,0,[0. 1.],[2 1],,1,0.6,0.7,0.30000000000000004,[1. 1.]
1788,0.0,1789,1,False,0.0,895.0,2.0,1,0,1,[0. 1.],[2 1],,1,0.6,0.7,0.30000000000000004,[1. 1.]
1789,2.0,1790,0,False,1.0,895.0,0.0,1,1,0,[1. 0.],[2 1],0.0,1,0.6,0.7,0.30000000000000004,[1. 1.]
1790,0.0,1791,1,False,0.0,896.0,1.0,1,0,1,[1. 0.],[2 1],0.0,1,0.6,0.7,0.30000000000000004,[1. 1.]
1791,1.0,1792,0,False,0.0,896.0,0.0,1,1,0,[1. 0.],[2 1],,1,0.6,0.7,0.30000000000000004,[1. 1.]
1792,0.0,1793,1,False,0.0,897.0,2.0,1,0,1,[1. 0.],[2 1],,1,0.6,0.7,0.30000000000000004,[1. 1.]
1793,2.0,1794,0,False,0.0,897.0,0.0,1,1,0,[0. 1.],[2 1],,1,0.6,0.7,0.30000000000000004,[1. 1.]
1794,0.0,1795,1,False,0.0,898.0,2.0,1,0,1,[0. 1.],[2 1],,1,0.6,0.7,0.30000000000000004,[1. 1.]
1795,2.0,1796,0,False,1.0,898.0,0.0,1,1,0,[0. 0.],[2 1],,1,0.6,0.7,0.30000000000000004,[1. 1.]
1796,0.0,1797,1,False,0.0,899.0,2.0,1,0,1,[0. 0.],[2 1],,1,0.6,0.7,0.30000000000000004,[1. 1.]
1797,2.0,1798,0,False,0.0,899.0,0.0,1,1,0,[0. 0.],[2 1],,1,0.6,0.7,0.30000000000000004,[1. 1.]
1798,0.0,1799,1,False,0.0,900.0,2.0,1,0,1,[0. 0.],[2 1],,1,0.6,0.7,0.30000000000000004,[1. 1.]
1799,2.0,1800,0,False,0.0,900.0,0.0,1,1,0,[1. 0.],[2 1],1.0,1,0.6,0.7,0.30000000000000004,[1. 1.]
1800,0.0,1801,1,False,0.0,901.0,2.0,1,0,1,[1. 0.],[2 1],1.0,1,0.6,0.7,0.30000000000000004,[1. 1.]
1801,2.0,1802,0,False,0.0,901.0,0.0,1,1,0,[1. 1.],[2 1],,1,0.6,0.7,0.30000000000000004,[1. 1.]
1802,0.0,1803,1,False,0.0,902.0,2.0,1,0,1,[1. 1.],[2 1],,1,0.6,0.7,0.30000000000000004,[1. 1.]
1803,2.0,1804,0,False,1.0,902.0,0.0,1,1,0,[0. 1.],[1 2],1.0,1,0.6,0.7,0.30000000000000004,[1. 1.]
1804,0.0,1805,1,False,0.0,903.0,2.0,1,0,1,[0. 1.],[1 2],1.0,1,0.6,0.7,0.30000000000000004,[1. 1.]
1805,2.0,1806,0,False,0.0,903.0,0.0,1,1,0,[0. 0.],[1 2],0.0,1,0.6,0.7,0.30000000000000004,[1. 1.]
1806,0.0,1807,1,False,0.0,904.0,1.0,1,0,1,[0. 0.],[1 2],0.0,1,0.6,0.7,0.30000000000000004,[1. 1.]
1807,1.0,1808,0,False,0.0,904.0,0.0,1,1,0,[1. 1.],[1 2],0.0,1,0.6,0.7,0.30000000000000004,[1. 1.]
1808,0.0,1809,1,False,0.0,905.0,1.0,1,0,1,[1. 1.],[1 2],0.0,1,0.6,0.7,0.30000000000000004,[1. 1.]
1809,1.0,1810,0,False,1.0,905.0,0.0,1,1,0,[1. 1.],[2 1],0.0,1,0.6,0.7,0.30000000000000004,[1. 1.]
1810,0.0,1811,1,False,0.0,906.0,1.0,1,0,1,[1. 1.],[2 1],0.0,1,0.6,0.7,0.30000000000000004,[1. 1.]
1811,1.0,1812,0,False,1.0,906.0,0.0,1,1,0,[0. 1.],[2 1],0.0,1,0.6,0.7,0.30000000000000004,[1. 1.]
1812,0.0,1813,1,False,0.0,907.0,1.0,1,0,1,[0. 1.],[2 1],0.0,1,0.6,0.7,0.30000000000000004,[1. 1.]
1813,1.0,1814,0,False,1.0,907.0,0.0,1,1,0,[1. 1.],[2 1],0.0,1,0.6,0.7,0.30000000000000004,[1. 1.]
1814,0.0,1815,1,False,0.0,908.0,1.0,1,0,1,[1. 1.],[2 1],0.0,1,0.6,0.7,0.30000000000000004,[1. 1.]
1815,1.0,1816,0,False,1.0,908.0,0.0,1,1,0,[0. 1.],[2 1],1.0,1,0.6,0.7,0.30000000000000004,[1. 1.]
1816,0.0,1817,1,False,0.0,909.0,2.0,1,0,1,[0. 1.],[2 1],1.0,1,0.6,0.7,0.30000000000000004,[1. 1.]
1817,2.0,1818,0,False,1.0,909.0,0.0,1,1,0,[0. 1.],[2 1],0.0,1,0.6,0.7,0.30000000000000004,[1. 1.]
1818,0.0,1819,1,False,0.0,910.0,1.0,1,0,1,[0. 1.],[2 1],0.0,1,0.6,0.7,0.30000000000000004,[1. 1.]
1819,1.0,1820,0,False,1.0,910.0,0.0,1,1,0,[1. 0.],[2 1],1.0,1,0.6,0.7,0.30000000000000004,[1. 1.]
1820,0.0,1821,1,False,0.0,911.0,2.0,1,0,1,[1. 0.],[2 1],1.0,1,0.6,0.7,0.30000000000000004,[1. 1.]
1821,2.0,1822,0,False,0.0,911.0,0.0,1,1,0,[0. 0.],[2 1],0.0,1,0.6,0.7,0.30000000000000004,[1. 1.]
1822,0.0,1823,1,False,0.0,912.0,1.0,1,0,1,[0. 0.],[2 1],0.0,1,0.6,0.7,0.30000000000000004,[1. 1.]
1823,1.0,1824,0,False,0.0,912.0,0.0,1,1,0,[0. 0.],[2 1],,1,0.6,0.7,0.30000000000000004,[1. 1.]
1824,0.0,1825,1,False,0.0,913.0,2.0,1,0,1,[0. 0.],[2 1],,1,0.6,0.7,0.30000000000000004,[1. 1.]
1825,2.0,1826,0,False,0.0,913.0,0.0,1,1,0,[0. 1.],[2 1],1.0,1,0.6,0.7,0.30000000000000004,[1. 1.]
1826,0.0,1827,1,False,0.0,914.0,2.0,1,0,1,[0. 1.],[2 1],1.0,1,0.6,0.7,0.30000000000000004,[1. 1.]
1827,2.0,1828,0,False,1.0,914.0,0.0,1,1,0,[1. 0.],[2 1],0.0,1,0.6,0.7,0.30000000000000004,[1. 1.]
1828,0.0,1829,1,False,0.0,915.0,1.0,1,0,1,[1. 0.],[2 1],0.0,1,0.6,0.7,0.30000000000000004,[1. 1.]
1829,1.0,1830,0,False,0.0,915.0,0.0,1,1,0,[0. 1.],[2 1],,1,0.6,0.7,0.30000000000000004,[1. 1.]
1830,0.0,1831,1,False,0.0,916.0,2.0,1,0,1,[0. 1.],[2 1],,1,0.6,0.7,0.30000000000000004,[1. 1.]
1831,2.0,1832,0,False,1.0,916.0,0.0,1,1,0,[0. 1.],[2 1],0.0,1,0.6,0.7,0.30000000000000004,[1. 1.]
1832,0.0,1833,1,False,0.0,917.0,1.0,1,0,1,[0. 1.],[2 1],0.0,1,0.6,0.7,0.30000000000000004,[1. 1.]
1833,1.0,1834,0,False,1.0,917.0,0.0,1,1,0,[1. 0.],[2 1],0.0,1,0.6,0.7,0.30000000000000004,[1. 1.]
1834,0.0,1835,1,False,0.0,918.0,1.0,1,0,1,[1. 0.],[2 1],0.0,1,0.6,0.7,0.30000000000000004,[1. 1.]
1835,1.0,1836,0,False,0.0,918.0,0.0,1,1,0,[1. 1.],[2 1],1.0,1,0.6,0.7,0.30000000000000004,[1. 1.]
1836,0.0,1837,1,False,0.0,919.0,2.0,1,0,1,[1. 1.],[2 1],1.0,1,0.6,0.7,0.30000000000000004,[1. 1.]
1837,2.0,1838,0,False,1.0,919.0,0.0,1,1,0,[0. 1.],[2 1],0.0,1,0.6,0.7,0.30000000000000004,[1. 1.]
1838,0.0,1839,1,False,0.0,920.0,1.0,1,0,1,[0. 1.],[2 1],0.0,1,0.6,0.7,0.30000000000000004,[1. 1.]
1839,1.0,1840,0,False,1.0,920.0,0.0,1,1,0,[0. 1.],[2 1],1.0,1,0.6,0.7,0.30000000000000004,[1. 1.]
1840,0.0,1841,1,False,0.0,921.0,2.0,1,0,1,[0. 1.],[2 1],1.0,1,0.6,0.7,0.30000000000000004,[1. 1.]
1841,2.0,1842,0,False,1.0,921.0,0.0,1,1,0,[0. 1.],[1 2],1.0,1,0.6,0.7,0.30000000000000004,[1. 1.]
1842,0.0,1843,1,False,0.0,922.0,2.0,1,0,1,[0. 1.],[1 2],1.0,1,0.6,0.7,0.30000000000000004,[1. 1.]
1843,2.0,1844,0,False,0.0,922.0,0.0,1,1,0,[0. 0.],[1 2],,1,0.6,0.7,0.30000000000000004,[1. 1.]
1844,0.0,1845,1,False,0.0,923.0,1.0,1,0,1,[0. 0.],[1 2],,1,0.6,0.7,0.30000000000000004,[1. 1.]
1845,1.0,1846,0,False,0.0,923.0,0.0,1,1,0,[0. 1.],[1 2],,1,0.6,0.7,0.30000000000000004,[1. 1.]
1846,0.0,1847,1,False,0.0,924.0,1.0,1,0,1,[0. 1.],[1 2],,1,0.6,0.7,0.30000000000000004,[1. 1.]
1847,1.0,1848,0,False,0.0,924.0,0.0,1,1,0,[0. 1.],[2 1],,1,0.6,0.7,0.30000000000000004,[1. 1.]
1848,0.0,1849,1,False,0.0,925.0,1.0,1,0,2,[0. 1.],[2 1],,1,0.6,0.7,0.30000000000000004,[1. 1.]
1849,1.0,1850,0,False,0.0,925.0,0.0,1,1,0,[0. 1.],[2 1],1.0,1,0.6,0.7,0.30000000000000004,[1. 1.]
1850,0.0,1851,1,False,0.0,926.0,2.0,1,0,1,[0. 1.],[2 1],1.0,1,0.6,0.7,0.30000000000000004,[1. 1.]
1851,2.0,1852,0,False,1.0,926.0,0.0,1,1,0,[0. 0.],[2 1],1.0,1,0.6,0.7,0.30000000000000004,[1. 1.]
1852,0.0,1853,1,False,0.0,927.0,2.0,1,0,1,[0. 0.],[2 1],1.0,1,0.6,0.7,0.30000000000000004,[1. 1.]
1853,2.0,1854,0,False,0.0,927.0,0.0,1,1,0,[1. 1.],[2 1],0.0,1,0.6,0.7,0.30000000000000004,[1. 1.]
1854,0.0,1855,1,False,0.0,928.0,1.0,1,0,1,[1. 1.],[2 1],0.0,1,0.6,0.7,0.30000000000000004,[1. 1.]
1855,1.0,1856,0,False,1.0,928.0,0.0,1,1,0,[1. 1.],[2 1],1.0,1,0.6,0.7,0.30000000000000004,[1. 1.]
1856,0.0,1857,1,False,0.0,929.0,2.0,1,0,1,[1. 1.],[2 1],1.0,1,0.6,0.7,0.30000000000000004,[1. 1.]
1857,2.0,1858,0,False,1.0,929.0,0.0,1,1,0,[0. 1.],[2 1],1.0,1,0.6,0.7,0.30000000000000004,[1. 1.]
1858,0.0,1859,1,False,0.0,930.0,2.0,1,0,1,[0. 1.],[2 1],1.0,1,0.6,0.7,0.30000000000000004,[1. 1.]
1859,2.0,1860,0,False,1.0,930.0,0.0,1,1,0,[0. 0.],[2 1],,1,0.6,0.7,0.30000000000000004,[1. 1.]
1860,0.0,1861,1,False,0.0,931.0,2.0,1,0,1,[0. 0.],[2 1],,1,0.6,0.7,0.30000000000000004,[1. 1.]
1861,2.0,1862,0,False,0.0,931.0,0.0,1,1,0,[0. 0.],[2 1],1.0,1,0.6,0.7,0.30000000000000004,[1. 1.]
1862,0.0,1863,1,False,0.0,932.0,2.0,1,0,1,[0. 0.],[2 1],1.0,1,0.6,0.7,0.30000000000000004,[1. 1.]
1863,2.0,1864,0,False,0.0,932.0,0.0,1,1,0,[0. 0.],[2 1],,1,0.6,0.7,0.30000000000000004,[1. 1.]
1864,0.0,1865,1,False,0.0,933.0,2.0,1,0,1,[0. 0.],[2 1],,1,0.6,0.7,0.30000000000000004,[1. 1.]
1865,2.0,1866,0,False,0.0,933.0,0.0,1,1,0,[0. 0.],[2 1],0.0,1,0.6,0.7,0.30000000000000004,[1. 1.]
1866,0.0,1867,1,False,0.0,934.0,1.0,1,0,1,[0. 0.],[2 1],0.0,1,0.6,0.7,0.30000000000000004,[1. 1.]
1867,1.0,1868,0,False,0.0,934.0,0.0,1,1,0,[0. 0.],[2 1],,1,0.6,0.7,0.30000000000000004,[1. 1.]
1868,0.0,1869,1,False,0.0,935.0,2.0,1,0,1,[0. 0.],[2 1],,1,0.6,0.7,0.30000000000000004,[1. 1.]
1869,2.0,1870,0,False,0.0,935.0,0.0,1,1,0,[0. 1.],[2 1],,1,0.6,0.7,0.30000000000000004,[1. 1.]
1870,0.0,1871,1,False,0.0,936.0,1.0,1,0,2,[0. 1.],[2 1],,1,0.6,0.7,0.30000000000000004,[1. 1.]
1871,1.0,1872,0,False,0.0,936.0,0.0,1,1,0,[0. 1.],[2 1],,1,0.6,0.7,0.30000000000000004,[1. 1.]
1872,0.0,1873,1,False,0.0,937.0,2.0,1,0,1,[0. 1.],[2 1],,1,0.6,0.7,0.30000000000000004,[1. 1.]
1873,2.0,1874,0,False,1.0,937.0,0.0,1,1,0,[0. 0.],[2 1],1.0,1,0.6,0.7,0.30000000000000004,[1. 1.]
1874,0.0,1875,1,False,0.0,938.0,2.0,1,0,1,[0. 0.],[2 1],1.0,1,0.6,0.7,0.30000000000000004,[1. 1.]
1875,2.0,1876,0,False,0.0,938.0,0.0,1,1,0,[1. 0.],[2 1],0.0,1,0.6,0.7,0.30000000000000004,[1. 1.]
1876,0.0,1877,1,False,0.0,939.0,1.0,1,0,1,[1. 0.],[2 1],0.0,1,0.6,0.7,0.30000000000000004,[1. 1.]
1877,1.0,1878,0,False,0.0,939.0,0.0,1,1,0,[0. 1.],[2 1],1.0,1,0.6,0.7,0.30000000000000004,[1. 1.]
1878,0.0,1879,1,False,0.0,940.0,2.0,1,0,1,[0. 1.],[2 1],1.0,1,0.6,0.7,0.30000000000000004,[1. 1.]
1879,2.0,1880,0,False,1.0,940.0,0.0,1,1,0,[0. 1.],[2 1],1.0,1,0.6,0.7,0.30000000000000004,[1. 1.]
1880,0.0,1881,1,False,0.0,941.0,2.0,1,0,1,[0. 1.],[2 1],1.0,1,0.6,0.7,0.30000000000000004,[1. 1.]
1881,2.0,1882,0,False,1.0,941.0,0.0,1,1,0,[0. 1.],[2 1],,1,0.6,0.7,0.30000000000000004,[1. 1.]
1882,0.0,1883,1,False,0.0,942.0,2.0,1,0,1,[0. 1.],[2 1],,1,0.6,0.7,0.30000000000000004,[1. 1.]
1883,2.0,1884,0,False,1.0,942.0,0.0,1,1,0,[0. 1.],[2 1],1.0,1,0.6,0.7,0.30000000000000004,[1. 1.]
1884,0.0,1885,1,False,0.0,943.0,2.0,1,0,1,[0. 1.],[2 1],1.0,1,0.6,0.7,0.30000000000000004,[1. 1.]
1885,2.0,1886,0,False,1.0,943.0,0.0,1,1,0,[0. 1.],[2 1],0.0,1,0.6,0.7,0.30000000000000004,[1. 1.]
1886,0.0,1887,1,False,0.0,944.0,1.0,1,0,1,[0. 1.],[2 1],0.0,1,0.6,0.7,0.30000000000000004,[1. 1.]
1887,1.0,1888,0,False,1.0,944.0,0.0,1,1,0,[0. 1.],[2 1],1.0,1,0.6,0.7,0.30000000000000004,[1. 1.]
1888,0.0,1889,1,False,0.0,945.0,2.0,1,0,1,[0. 1.],[2 1],1.0,1,0.6,0.7,0.30000000000000004,[1. 1.]
1889,2.0,1890,0,False,1.0,945.0,0.0,1,1,0,[0. 0.],[2 1],,1,0.6,0.7,0.30000000000000004,[1. 1.]
1890,0.0,1891,1,False,0.0,946.0,2.0,1,0,1,[0. 0.],[2 1],,1,0.6,0.7,0.30000000000000004,[1. 1.]
1891,2.0,1892,0,False,0.0,946.0,0.0,1,1,0,[0. 1.],[2 1],,1,0.6,0.7,0.30000000000000004,[1. 1.]
1892,0.0,1893,1,False,0.0,947.0,2.0,1,0,1,[0. 1.],[2 1],,1,0.6,0.7,0.30000000000000004,[1. 1.]
1893,2.0,1894,0,False,1.0,947.0,0.0,1,1,0,[1. 1.],[2 1],,1,0.6,0.7,0.30000000000000004,[1. 1.]
1894,0.0,1895,1,False,0.0,948.0,2.0,1,0,1,[1. 1.],[2 1],,1,0.6,0.7,0.30000000000000004,[1. 1.]
1895,2.0,1896,0,False,1.0,948.0,0.0,1,1,0,[1. 0.],[2 1],,1,0.6,0.7,0.30000000000000004,[1. 1.]
1896,0.0,1897,1,False,0.0,949.0,2.0,1,0,1,[1. 0.],[2 1],,1,0.6,0.7,0.30000000000000004,[1. 1.]
1897,2.0,1898,0,False,0.0,949.0,0.0,1,1,0,[1. 1.],[2 1],1.0,1,0.6,0.7,0.30000000000000004,[1. 1.]
1898,0.0,1899,1,False,0.0,950.0,2.0,1,0,1,[1. 1.],[2 1],1.0,1,0.6,0.7,0.30000000000000004,[1. 1.]
1899,2.0,1900,0,False,1.0,950.0,0.0,1,1,0,[0. 1.],[1 2],0.0,1,0.6,0.7,0.30000000000000004,[1. 1.]
1900,0.0,1901,1,False,0.0,951.0,1.0,1,0,1,[0. 1.],[1 2],0.0,1,0.6,0.7,0.30000000000000004,[1. 1.]
1901,1.0,1902,0,False,0.0,951.0,0.0,1,1,0,[1. 1.],[1 2],1.0,1,0.6,0.7,0.30000000000000004,[1. 1.]
1902,0.0,1903,1,False,0.0,952.0,2.0,1,0,1,[1. 1.],[1 2],1.0,1,0.6,0.7,0.30000000000000004,[1. 1.]
1903,2.0,1904,0,False,1.0,952.0,0.0,1,1,0,[1. 0.],[1 2],1.0,1,0.6,0.7,0.30000000000000004,[1. 1.]
1904,0.0,1905,1,False,0.0,953.0,2.0,1,0,1,[1. 0.],[1 2],1.0,1,0.6,0.7,0.30000000000000004,[1. 1.]
1905,2.0,1906,0,False,1.0,953.0,0.0,1,1,0,[0. 1.],[1 2],1.0,1,0.6,0.7,0.30000000000000004,[1. 1.]
1906,0.0,1907,1,False,0.0,954.0,2.0,1,0,1,[0. 1.],[1 2],1.0,1,0.6,0.7,0.30000000000000004,[1. 1.]
1907,2.0,1908,0,False,0.0,954.0,0.0,1,1,0,[0. 1.],[1 2],1.0,1,0.6,0.7,0.30000000000000004,[1. 1.]
1908,0.0,1909,1,False,0.0,955.0,2.0,1,0,1,[0. 1.],[1 2],1.0,1,0.6,0.7,0.30000000000000004,[1. 1.]
1909,2.0,1910,0,False,0.0,955.0,0.0,1,1,0,[0. 0.],[1 2],1.0,1,0.6,0.7,0.30000000000000004,[1. 1.]
1910,0.0,1911,1,False,0.0,956.0,2.0,1,0,1,[0. 0.],[1 2],1.0,1,0.6,0.7,0.30000000000000004,[1. 1.]
1911,2.0,1912,0,False,0.0,956.0,0.0,1,1,0,[1. 1.],[1 2],,1,0.6,0.7,0.30000000000000004,[1. 1.]
1912,0.0,1913,1,False,0.0,957.0,1.0,1,0,1,[1. 1.],[1 2],,1,0.6,0.7,0.30000000000000004,[1. 1.]
1913,1.0,1914,0,False,1.0,957.0,0.0,1,1,0,[0. 1.],[1 2],,1,0.6,0.7,0.30000000000000004,[1. 1.]
1914,0.0,1915,1,False,0.0,958.0,1.0,1,0,1,[0. 1.],[1 2],,1,0.6,0.7,0.30000000000000004,[1. 1.]
1915,1.0,1916,0,False,0.0,958.0,0.0,1,1,0,[0. 1.],[1 2],,1,0.6,0.7,0.30000000000000004,[1. 1.]
1916,0.0,1917,1,False,0.0,959.0,1.0,1,0,1,[0. 1.],[1 2],,1,0.6,0.7,0.30000000000000004,[1. 1.]
1917,1.0,1918,0,False,0.0,959.0,0.0,1,1,0,[1. 1.],[1 2],1.0,1,0.6,0.7,0.30000000000000004,[1. 1.]
1918,0.0,1919,1,False,0.0,960.0,2.0,1,0,2,[1. 1.],[1 2],1.0,1,0.6,0.7,0.30000000000000004,[1. 1.]
1919,2.0,1920,0,False,1.0,960.0,0.0,1,1,0,[0. 0.],[1 2],0.0,1,0.6,0.7,0.30000000000000004,[1. 1.]
1920,0.0,1921,1,False,0.0,961.0,1.0,1,0,2,[0. 0.],[1 2],0.0,1,0.6,0.7,0.30000000000000004,[1. 1.]
1921,1.0,1922,0,False,0.0,961.0,0.0,1,1,0,[1. 1.],[1 2],,1,0.6,0.7,0.30000000000000004,[1. 1.]
1922,0.0,1923,1,False,0.0,962.0,2.0,1,0,2,[1. 1.],[1 2],,1,0.6,0.7,0.30000000000000004,[1. 1.]
1923,2.0,1924,0,False,1.0,962.0,0.0,1,1,0,[1. 1.],[1 2],1.0,1,0.6,0.7,0.30000000000000004,[1. 1.]
1924,0.0,1925,1,False,0.0,963.0,2.0,1,0,2,[1. 1.],[1 2],1.0,1,0.6,0.7,0.30000000000000004,[1. 1.]
1925,2.0,1926,0,False,1.0,963.0,0.0,1,1,0,[0. 1.],[1 2],,1,0.6,0.7,0.30000000000000004,[1. 1.]
1926,0.0,1927,1,False,0.0,964.0,2.0,1,0,2,[0. 1.],[1 2],,1,0.6,0.7,0.30000000000000004,[1. 1.]
1927,2.0,1928,0,False,1.0,964.0,0.0,1,1,0,[0. 0.],[1 2],0.0,1,0.6,0.7,0.30000000000000004,[1. 1.]
1928,0.0,1929,1,False,0.0,965.0,1.0,1,0,2,[0. 0.],[1 2],0.0,1,0.6,0.7,0.30000000000000004,[1. 1.]
1929,1.0,1930,0,False,0.0,965.0,0.0,1,1,0,[1. 1.],[1 2],,1,0.6,0.7,0.30000000000000004,[1. 1.]
1930,0.0,1931,1,False,0.0,966.0,2.0,1,0,2,[1. 1.],[1 2],,1,0.6,0.7,0.30000000000000004,[1. 1.]
1931,2.0,1932,0,False,1.0,966.0,0.0,1,1,0,[1. 1.],[1 2],1.0,1,0.6,0.7,0.30000000000000004,[1. 1.]
1932,0.0,1933,1,False,0.0,967.0,2.0,1,0,2,[1. 1.],[1 2],1.0,1,0.6,0.7,0.30000000000000004,[1. 1.]
1933,2.0,1934,0,False,1.0,967.0,0.0,1,1,0,[0. 1.],[1 2],0.0,1,0.6,0.7,0.30000000000000004,[1. 1.]
1934,0.0,1935,1,False,0.0,968.0,1.0,1,0,2,[0. 1.],[1 2],0.0,1,0.6,0.7,0.30000000000000004,[1. 1.]
1935,1.0,1936,0,False,1.0,968.0,0.0,1,1,0,[1. 0.],[1 2],0.0,0,0.6,0.7,0.30000000000000004,[1. 1.]
1936,0.0,1937,1,False,0.0,969.0,1.0,1,0,2,[1. 0.],[1 2],0.0,0,0.6,0.7,0.30000000000000004,[1. 1.]
1937,1.0,1938,0,False,0.0,969.0,0.0,1,1,0,[1. 1.],[1 2],,0,0.6,0.7,0.30000000000000004,[1. 1.]
1938,0.0,1939,1,False,0.0,970.0,2.0,1,0,2,[1. 1.],[1 2],,0,0.6,0.7,0.30000000000000004,[1. 1.]
1939,2.0,1940,0,False,1.0,970.0,0.0,1,1,0,[1. 0.],[1 2],1.0,0,0.6,0.7,0.30000000000000004,[1. 1.]
1940,0.0,1941,1,False,0.0,971.0,2.0,1,0,2,[1. 0.],[1 2],1.0,0,0.6,0.7,0.30000000000000004,[1. 1.]
1941,2.0,1942,0,False,0.0,971.0,0.0,1,1,0,[1. 0.],[1 2],1.0,0,0.6,0.7,0.30000000000000004,[1. 1.]
1942,0.0,1943,1,False,0.0,972.0,2.0,1,0,2,[1. 0.],[1 2],1.0,0,0.6,0.7,0.30000000000000004,[1. 1.]
1943,2.0,1944,0,False,0.0,972.0,0.0,1,1,0,[1. 0.],[1 2],1.0,0,0.6,0.7,0.30000000000000004,[1. 1.]
1944,0.0,1945,1,False,0.0,973.0,2.0,1,0,2,[1. 0.],[1 2],1.0,0,0.6,0.7,0.30000000000000004,[1. 1.]
1945,2.0,1946,0,False,0.0,973.0,0.0,1,1,0,[1. 0.],[1 2],,0,0.6,0.7,0.30000000000000004,[1. 1.]
1946,0.0,1947,1,False,0.0,974.0,2.0,1,0,2,[1. 0.],[1 2],,0,0.6,0.7,0.30000000000000004,[1. 1.]
1947,2.0,1948,0,False,0.0,974.0,0.0,1,1,0,[1. 1.],[1 2],,0,0.6,0.7,0.30000000000000004,[1. 1.]
1948,0.0,1949,1,False,0.0,975.0,1.0,1,0,1,[1. 1.],[1 2],,0,0.6,0.7,0.30000000000000004,[1. 1.]
1949,1.0,1950,0,False,1.0,975.0,0.0,1,1,0,[0. 0.],[1 2],0.0,0,0.6,0.7,0.30000000000000004,[1. 1.]
1950,0.0,1951,1,False,0.0,976.0,1.0,1,0,1,[0. 0.],[1 2],0.0,0,0.6,0.7,0.30000000000000004,[1. 1.]
1951,1.0,1952,0,False,0.0,976.0,0.0,1,1,0,[0. 0.],[1 2],,0,0.6,0.7,0.30000000000000004,[1. 1.]
1952,0.0,1953,1,False,0.0,977.0,2.0,1,0,2,[0. 0.],[1 2],,0,0.6,0.7,0.30000000000000004,[1. 1.]
1953,2.0,1954,0,False,0.0,977.0,0.0,1,1,0,[0. 0.],[1 2],0.0,0,0.6,0.7,0.30000000000000004,[1. 1.]
1954,0.0,1955,1,False,0.0,978.0,1.0,1,0,1,[0. 0.],[1 2],0.0,0,0.6,0.7,0.30000000000000004,[1. 1.]
1955,1.0,1956,0,False,0.0,978.0,0.0,1,1,0,[0. 0.],[1 2],0.0,0,0.6,0.7,0.30000000000000004,[1. 1.]
1956,0.0,1957,1,False,0.0,979.0,1.0,1,0,2,[0. 0.],[1 2],0.0,0,0.6,0.7,0.30000000000000004,[1. 1.]
1957,1.0,1958,0,False,0.0,979.0,0.0,1,1,0,[1. 0.],[1 2],0.0,0,0.6,0.7,0.30000000000000004,[1. 1.]
1958,0.0,1959,1,False,0.0,980.0,1.0,1,0,1,[1. 0.],[1 2],0.0,0,0.6,0.7,0.30000000000000004,[1. 1.]
1959,1.0,1960,0,False,1.0,980.0,0.0,1,1,0,[0. 0.],[1 2],0.0,0,0.6,0.7,0.30000000000000004,[1. 1.]
1960,0.0,1961,1,False,0.0,981.0,1.0,1,0,1,[0. 0.],[1 2],0.0,0,0.6,0.7,0.30000000000000004,[1. 1.]
1961,1.0,1962,0,False,0.0,981.0,0.0,1,1,0,[0. 0.],[1 2],1.0,0,0.6,0.7,0.30000000000000004,[1. 1.]
1962,0.0,1963,1,False,0.0,982.0,2.0,1,0,1,[0. 0.],[1 2],1.0,0,0.6,0.7,0.30000000000000004,[1. 1.]
1963,2.0,1964,0,False,0.0,982.0,0.0,1,1,0,[1. 0.],[2 1],,0,0.6,0.7,0.30000000000000004,[1. 1.]
1964,0.0,1965,1,False,0.0,983.0,1.0,1,0,2,[1. 0.],[2 1],,0,0.6,0.7,0.30000000000000004,[1. 1.]
1965,1.0,1966,0,False,1.0,983.0,0.0,1,1,0,[1. 0.],[2 1],0.0,0,0.6,0.7,0.30000000000000004,[1. 1.]
1966,0.0,1967,1,False,0.0,984.0,1.0,1,0,2,[1. 0.],[2 1],0.0,0,0.6,0.7,0.30000000000000004,[1. 1.]
1967,1.0,1968,0,False,1.0,984.0,0.0,1,1,0,[1. 0.],[2 1],,0,0.6,0.7,0.30000000000000004,[1. 1.]
1968,0.0,1969,1,False,0.0,985.0,1.0,1,0,2,[1. 0.],[2 1],,0,0.6,0.7,0.30000000000000004,[1. 1.]
1969,1.0,1970,0,False,1.0,985.0,0.0,1,1,0,[1. 1.],[2 1],1.0,0,0.6,0.7,0.30000000000000004,[1. 1.]
1970,0.0,1971,1,False,0.0,986.0,2.0,1,0,2,[1. 1.],[2 1],1.0,0,0.6,0.7,0.30000000000000004,[1. 1.]
1971,2.0,1972,0,False,1.0,986.0,0.0,1,1,0,[1. 0.],[2 1],0.0,0,0.6,0.7,0.30000000000000004,[1. 1.]
1972,0.0,1973,1,False,0.0,987.0,1.0,1,0,2,[1. 0.],[2 1],0.0,0,0.6,0.7,0.30000000000000004,[1. 1.]
1973,1.0,1974,0,False,1.0,987.0,0.0,1,1,0,[0. 0.],[2 1],0.0,0,0.6,0.7,0.30000000000000004,[1. 1.]
1974,0.0,1975,1,False,0.0,988.0,1.0,1,0,2,[0. 0.],[2 1],0.0,0,0.6,0.7,0.30000000000000004,[1. 1.]
1975,1.0,1976,0,False,0.0,988.0,0.0,1,1,0,[1. 0.],[2 1],1.0,0,0.6,0.7,0.30000000000000004,[1. 1.]
1976,0.0,1977,1,False,0.0,989.0,2.0,1,0,2,[1. 0.],[2 1],1.0,0,0.6,0.7,0.30000000000000004,[1. 1.]
1977,2.0,1978,0,False,1.0,989.0,0.0,1,1,0,[1. 0.],[2 1],0.0,0,0.6,0.7,0.30000000000000004,[1. 1.]
1978,0.0,1979,1,False,0.0,990.0,1.0,1,0,2,[1. 0.],[2 1],0.0,0,0.6,0.7,0.30000000000000004,[1. 1.]
1979,1.0,1980,0,False,1.0,990.0,0.0,1,1,0,[1. 0.],[2 1],,0,0.6,0.7,0.30000000000000004,[1. 1.]
1980,0.0,1981,1,False,0.0,991.0,1.0,1,0,2,[1. 0.],[2 1],,0,0.6,0.7,0.30000000000000004,[1. 1.]
1981,1.0,1982,0,False,1.0,991.0,0.0,1,1,0,[1. 0.],[2 1],,0,0.6,0.7,0.30000000000000004,[1. 1.]
1982,0.0,1983,1,False,0.0,992.0,1.0,1,0,2,[1. 0.],[2 1],,0,0.6,0.7,0.30000000000000004,[1. 1.]
1983,1.0,1984,0,False,1.0,992.0,0.0,1,1,0,[1. 0.],[2 1],0.0,0,0.6,0.7,0.30000000000000004,[1. 1.]
1984,0.0,1985,1,False,0.0,993.0,1.0,1,0,2,[1. 0.],[2 1],0.0,0,0.6,0.7,0.30000000000000004,[1. 1.]
1985,1.0,1986,0,False,1.0,993.0,0.0,1,1,0,[1. 1.],[2 1],,0,0.6,0.7,0.30000000000000004,[1. 1.]
1986,0.0,1987,1,False,0.0,994.0,1.0,1,0,2,[1. 1.],[2 1],,0,0.6,0.7,0.30000000000000004,[1. 1.]
1987,1.0,1988,0,False,1.0,994.0,0.0,1,1,0,[1. 0.],[2 1],1.0,0,0.6,0.7,0.30000000000000004,[1. 1.]
1988,0.0,1989,1,False,0.0,995.0,2.0,1,0,2,[1. 0.],[2 1],1.0,0,0.6,0.7,0.30000000000000004,[1. 1.]
1989,2.0,1990,0,False,1.0,995.0,0.0,1,1,0,[0. 0.],[2 1],,0,0.6,0.7,0.30000000000000004,[1. 1.]
1990,0.0,1991,1,False,0.0,996.0,1.0,1,0,2,[0. 0.],[2 1],,0,0.6,0.7,0.30000000000000004,[1. 1.]
1991,1.0,1992,0,False,0.0,996.0,0.0,1,1,0,[1. 1.],[2 1],0.0,0,0.6,0.7,0.30000000000000004,[1. 1.]
1992,0.0,1993,1,False,0.0,997.0,1.0,1,0,2,[1. 1.],[2 1],0.0,0,0.6,0.7,0.30000000000000004,[1. 1.]
1993,1.0,1994,0,False,1.0,997.0,0.0,1,1,0,[0. 1.],[2 1],0.0,0,0.6,0.7,0.30000000000000004,[1. 1.]
1994,0.0,1995,1,False,0.0,998.0,1.0,1,0,2,[0. 1.],[2 1],0.0,0,0.6,0.7,0.30000000000000004,[1. 1.]
1995,1.0,1996,0,False,0.0,998.0,0.0,1,1,0,[0. 0.],[2 1],,0,0.6,0.7,0.30000000000000004,[1. 1.]
1996,0.0,1997,1,False,0.0,999.0,1.0,1,0,2,[0. 0.],[2 1],,0,0.6,0.7,0.30000000000000004,[1. 1.]
1997,1.0,1998,0,False,0.0,999.0,0.0,1,1,0,[1. 0.],[1 2],1.0,0,0.6,0.7,0.30000000000000004,[1. 1.]
1998,0.0,1999,1,False,0.0,1000.0,2.0,1,0,2,[1. 0.],[1 2],1.0,0,0.6,0.7,0.30000000000000004,[1. 1.]
1999,2.0,2000,0,True,0.0,1000.0,0.0,1,1,0,[0. 1.],[1 2],0.0,1,0.6,0.7,0.30000000000000004,[1. 1.]
0,0.0,1,1,False,0.0,1.0,1.0,1,0,1,[1. 1.],[1 2],0.0,1,0.6,0.7,0.30000000000000004,[1. 1.]
1,1.0,2,0,False,1.0,1.0,0.0,1,1,0,[0. 1.],[1 2],1.0,1,0.6,0.7,0.30000000000000004,[1. 1.]
2,0.0,3,1,False,0.0,2.0,2.0,1,0,1,[0. 1.],[1 2],1.0,1,0.6,0.7,0.30000000000000004,[1. 1.]
3,2.0,4,0,False,0.0,2.0,0.0,1,1,0,[1. 1.],[1 2],1.0,1,0.6,0.7,0.30000000000000004,[1. 1.]
4,0.0,5,1,False,0.0,3.0,2.0,1,0,1,[1. 1.],[1 2],1.0,1,0.6,0.7,0.30000000000000004,[1. 1.]
5,2.0,6,0,False,1.0,3.0,0.0,1,1,0,[0. 1.],[1 2],,1,0.6,0.7,0.30000000000000004,[1. 1.]
6,0.0,7,1,False,0.0,4.0,1.0,1,0,1,[0. 1.],[1 2],,1,0.6,0.7,0.30000000000000004,[1. 1.]
7,1.0,8,0,False,0.0,4.0,0.0,1,1,0,[0. 1.],[1 2],1.0,1,0.6,0.7,0.30000000000000004,[1. 1.]
8,0.0,9,1,False,0.0,5.0,2.0,1,0,1,[0. 1.],[1 2],1.0,1,0.6,0.7,0.30000000000000004,[1. 1.]
9,2.0,10,0,False,0.0,5.0,0.0,1,1,0,[1. 0.],[1 2],0.0,1,0.6,0.7,0.30000000000000004,[1. 1.]
10,0.0,11,1,False,0.0,6.0,1.0,1,0,2,[1. 0.],[1 2],0.0,1,0.6,0.7,0.30000000000000004,[1. 1.]
11,1.0,12,0,False,0.0,6.0,0.0,1,1,0,[0. 1.],[1 2],,1,0.6,0.7,0.30000000000000004,[1. 1.]
12,0.0,13,1,False,0.0,7.0,1.0,1,0,1,[0. 1.],[1 2],,1,0.6,0.7,0.30000000000000004,[1. 1.]
13,1.0,14,0,False,0.0,7.0,0.0,1,1,0,[0. 1.],[1 2],1.0,1,0.6,0.7,0.30000000000000004,[1. 1.]
14,0.0,15,1,False,0.0,8.0,2.0,1,0,2,[0. 1.],[1 2],1.0,1,0.6,0.7,0.30000000000000004,[1. 1.]
15,2.0,16,0,False,1.0,8.0,0.0,1,1,0,[0. 0.],[1 2],,1,0.6,0.7,0.30000000000000004,[1. 1.]
16,0.0,17,1,False,0.0,9.0,2.0,1,0,2,[0. 0.],[1 2],,1,0.6,0.7,0.30000000000000004,[1. 1.]
17,2.0,18,0,False,0.0,9.0,0.0,1,1,0,[0. 0.],[1 2],,1,0.6,0.7,0.30000000000000004,[1. 1.]
18,0.0,19,1,False,0.0,10.0,2.0,1,0,2,[0. 0.],[1 2],,1,0.6,0.7,0.30000000000000004,[1. 1.]
19,2.0,20,0,False,0.0,10.0,0.0,1,1,0,[0. 1.],[1 2],,1,0.6,0.7,0.30000000000000004,[1. 1.]
20,0.0,21,1,False,0.0,11.0,2.0,1,0,2,[0. 1.],[1 2],,1,0.6,0.7,0.30000000000000004,[1. 1.]
21,2.0,22,0,False,1.0,11.0,0.0,1,1,0,[0. 1.],[1 2],1.0,1,0.6,0.7,0.30000000000000004,[1. 1.]
22,0.0,23,1,False,0.0,12.0,2.0,1,0,2,[0. 1.],[1 2],1.0,1,0.6,0.7,0.30000000000000004,[1. 1.]
23,2.0,24,0,False,1.0,12.0,0.0,1,1,0,[0. 0.],[1 2],,1,0.6,0.7,0.30000000000000004,[1. 1.]
24,0.0,25,1,False,0.0,13.0,2.0,1,0,2,[0. 0.],[1 2],,1,0.6,0.7,0.30000000000000004,[1. 1.]
25,2.0,26,0,False,0.0,13.0,0.0,1,1,0,[1. 1.],[1 2],,1,0.6,0.7,0.30000000000000004,[1. 1.]
26,0.0,27,1,False,0.0,14.0,2.0,1,0,2,[1. 1.],[1 2],,1,0.6,0.7,0.30000000000000004,[1. 1.]
27,2.0,28,0,False,1.0,14.0,0.0,1,1,0,[1. 1.],[1 2],0.0,1,0.6,0.7,0.30000000000000004,[1. 1.]
28,0.0,29,1,False,0.0,15.0,1.0,1,0,2,[1. 1.],[1 2],0.0,1,0.6,0.7,0.30000000000000004,[1. 1.]
29,1.0,30,0,False,1.0,15.0,0.0,1,1,0,[0. 0.],[1 2],,1,0.6,0.7,0.30000000000000004,[1. 1.]
30,0.0,31,1,False,0.0,16.0,2.0,1,0,2,[0. 0.],[1 2],,1,0.6,0.7,0.30000000000000004,[1. 1.]
31,2.0,32,0,False,0.0,16.0,0.0,1,1,0,[0. 1.],[1 2],1.0,1,0.6,0.7,0.30000000000000004,[1. 1.]
32,0.0,33,1,False,0.0,17.0,2.0,1,0,2,[0. 1.],[1 2],1.0,1,0.6,0.7,0.30000000000000004,[1. 1.]
33,2.0,34,0,False,1.0,17.0,0.0,1,1,0,[0. 1.],[1 2],0.0,1,0.6,0.7,0.30000000000000004,[1. 1.]
34,0.0,35,1,False,0.0,18.0,1.0,1,0,2,[0. 1.],[1 2],0.0,1,0.6,0.7,0.30000000000000004,[1. 1.]
35,1.0,36,0,False,1.0,18.0,0.0,1,1,0,[0. 1.],[1 2],,1,0.6,0.7,0.30000000000000004,[1. 1.]
36,0.0,37,1,False,0.0,19.0,2.0,1,0,2,[0. 1.],[1 2],,1,0.6,0.7,0.30000000000000004,[1. 1.]
37,2.0,38,0,False,1.0,19.0,0.0,1,1,0,[1. 1.],[2 1],1.0,1,0.6,0.7,0.30000000000000004,[1. 1.]
38,0.0,39,1,False,0.0,20.0,2.0,1,0,2,[1. 1.],[2 1],1.0,1,0.6,0.7,0.30000000000000004,[1. 1.]
39,2.0,40,0,False,1.0,20.0,0.0,1,1,0,[0. 0.],[2 1],,1,0.6,0.7,0.30000000000000004,[1. 1.]
40,0.0,41,1,False,0.0,21.0,1.0,1,0,2,[0. 0.],[2 1],,1,0.6,0.7,0.30000000000000004,[1. 1.]
41,1.0,42,0,False,0.0,21.0,0.0,1,1,0,[0. 0.],[2 1],1.0,0,0.6,0.7,0.30000000000000004,[1. 1.]
42,0.0,43,1,False,0.0,22.0,2.0,1,0,2,[0. 0.],[2 1],1.0,0,0.6,0.7,0.30000000000000004,[1. 1.]
43,2.0,44,0,False,0.0,22.0,0.0,1,1,0,[1. 1.],[2 1],0.0,0,0.6,0.7,0.30000000000000004,[1. 1.]
44,0.0,45,1,False,0.0,23.0,1.0,1,0,2,[1. 1.],[2 1],0.0,0,0.6,0.7,0.30000000000000004,[1. 1.]
45,1.0,46,0,False,1.0,23.0,0.0,1,1,0,[0. 0.],[2 1],1.0,0,0.6,0.7,0.30000000000000004,[1. 1.]
46,0.0,47,1,False,0.0,24.0,2.0,1,0,2,[0. 0.],[2 1],1.0,0,0.6,0.7,0.30000000000000004,[1. 1.]
47,2.0,48,0,False,0.0,24.0,0.0,1,1,0,[1. 0.],[2 1],,0,0.6,0.7,0.30000000000000004,[1. 1.]
48,0.0,49,1,False,0.0,25.0,1.0,1,0,2,[1. 0.],[2 1],,0,0.6,0.7,0.30000000000000004,[1. 1.]
49,1.0,50,0,False,1.0,25.0,0.0,1,1,0,[0. 0.],[2 1],1.0,0,0.6,0.7,0.30000000000000004,[1. 1.]
50,0.0,51,1,False,0.0,26.0,2.0,1,0,2,[0. 0.],[2 1],1.0,0,0.6,0.7,0.30000000000000004,[1. 1.]
51,2.0,52,0,False,0.0,26.0,0.0,1,1,0,[0. 1.],[2 1],1.0,0,0.6,0.7,0.30000000000000004,[1. 1.]
52,0.0,53,1,False,0.0,27.0,2.0,1,0,2,[0. 1.],[2 1],1.0,0,0.6,0.7,0.30000000000000004,[1. 1.]
53,2.0,54,0,False,0.0,27.0,0.0,1,1,0,[1. 1.],[2 1],0.0,0,0.6,0.7,0.30000000000000004,[1. 1.]
54,0.0,55,1,False,0.0,28.0,1.0,1,0,2,[1. 1.],[2 1],0.0,0,0.6,0.7,0.30000000000000004,[1. 1.]
55,1.0,56,0,False,1.0,28.0,0.0,1,1,0,[1. 0.],[2 1],1.0,0,0.6,0.7,0.30000000000000004,[1. 1.]
56,0.0,57,1,False,0.0,29.0,2.0,1,0,2,[1. 0.],[2 1],1.0,0,0.6,0.7,0.30000000000000004,[1. 1.]
57,2.0,58,0,False,1.0,29.0,0.0,1,1,0,[0. 0.],[2 1],,0,0.6,0.7,0.30000000000000004,[1. 1.]
58,0.0,59,1,False,0.0,30.0,1.0,1,0,2,[0. 0.],[2 1],,0,0.6,0.7,0.30000000000000004,[1. 1.]
59,1.0,60,0,False,0.0,30.0,0.0,1,1,0,[1. 0.],[2 1],1.0,0,0.6,0.7,0.30000000000000004,[1. 1.]
60,0.0,61,1,False,0.0,31.0,2.0,1,0,2,[1. 0.],[2 1],1.0,0,0.6,0.7,0.30000000000000004,[1. 1.]
61,2.0,62,0,False,1.0,31.0,0.0,1,1,0,[1. 0.],[2 1],0.0,0,0.6,0.7,0.30000000000000004,[1. 1.]
62,0.0,63,1,False,0.0,32.0,1.0,1,0,2,[1. 0.],[2 1],0.0,0,0.6,0.7,0.30000000000000004,[1. 1.]
63,1.0,64,0,False,1.0,32.0,0.0,1,1,0,[1. 0.],[2 1],0.0,0,0.6,0.7,0.30000000000000004,[1. 1.]
64,0.0,65,1,False,0.0,33.0,1.0,1,0,2,[1. 0.],[2 1],0.0,0,0.6,0.7,0.30000000000000004,[1. 1.]
65,1.0,66,0,False,1.0,33.0,0.0,1,1,0,[1. 0.],[2 1],,0,0.6,0.7,0.30000000000000004,[1. 1.]
66,0.0,67,1,False,0.0,34.0,1.0,1,0,2,[1. 0.],[2 1],,0,0.6,0.7,0.30000000000000004,[1. 1.]
67,1.0,68,0,False,1.0,34.0,0.0,1,1,0,[0. 0.],[2 1],1.0,0,0.6,0.7,0.30000000000000004,[1. 1.]
68,0.0,69,1,False,0.0,35.0,2.0,1,0,2,[0. 0.],[2 1],1.0,0,0.6,0.7,0.30000000000000004,[1. 1.]
69,2.0,70,0,False,0.0,35.0,0.0,1,1,0,[1. 1.],[2 1],0.0,0,0.6,0.7,0.30000000000000004,[1. 1.]
70,0.0,71,1,False,0.0,36.0,1.0,1,0,2,[1. 1.],[2 1],0.0,0,0.6,0.7,0.30000000000000004,[1. 1.]
71,1.0,72,0,False,1.0,36.0,0.0,1,1,0,[1. 0.],[2 1],,0,0.6,0.7,0.30000000000000004,[1. 1.]
72,0.0,73,1,False,0.0,37.0,1.0,1,0,2,[1. 0.],[2 1],,0,0.6,0.7,0.30000000000000004,[1. 1.]
73,1.0,74,0,False,1.0,37.0,0.0,1,1,0,[1. 0.],[2 1],,0,0.6,0.7,0.30000000000000004,[1. 1.]
74,0.0,75,1,False,0.0,38.0,1.0,1,0,2,[1. 0.],[2 1],,0,0.6,0.7,0.30000000000000004,[1. 1.]
75,1.0,76,0,False,1.0,38.0,0.0,1,1,0,[1. 0.],[2 1],1.0,0,0.6,0.7,0.30000000000000004,[1. 1.]
76,0.0,77,1,False,0.0,39.0,2.0,1,0,2,[1. 0.],[2 1],1.0,0,0.6,0.7,0.30000000000000004,[1. 1.]
77,2.0,78,0,False,1.0,39.0,0.0,1,1,0,[0. 1.],[2 1],1.0,0,0.6,0.7,0.30000000000000004,[1. 1.]
78,0.0,79,1,False,0.0,40.0,2.0,1,0,2,[0. 1.],[2 1],1.0,0,0.6,0.7,0.30000000000000004,[1. 1.]
79,2.0,80,0,False,0.0,40.0,0.0,1,1,0,[0. 0.],[1 2],1.0,0,0.6,0.7,0.30000000000000004,[1. 1.]
80,0.0,81,1,False,0.0,41.0,2.0,1,0,2,[0. 0.],[1 2],1.0,0,0.6,0.7,0.30000000000000004,[1. 1.]
81,2.0,82,0,False,0.0,41.0,0.0,1,1,0,[1. 0.],[1 2],,0,0.6,0.7,0.30000000000000004,[1. 1.]
82,0.0,83,1,False,0.0,42.0,2.0,1,0,2,[1. 0.],[1 2],,0,0.6,0.7,0.30000000000000004,[1. 1.]
83,2.0,84,0,False,0.0,42.0,0.0,1,1,0,[1. 0.],[1 2],1.0,0,0.6,0.7,0.30000000000000004,[1. 1.]
84,0.0,85,1,False,0.0,43.0,2.0,1,0,2,[1. 0.],[1 2],1.0,0,0.6,0.7,0.30000000000000004,[1. 1.]
85,2.0,86,0,False,0.0,43.0,0.0,1,1,0,[1. 1.],[1 2],,0,0.6,0.7,0.30000000000000004,[1. 1.]
86,0.0,87,1,False,0.0,44.0,2.0,1,0,2,[1. 1.],[1 2],,0,0.6,0.7,0.30000000000000004,[1. 1.]
87,2.0,88,0,False,1.0,44.0,0.0,1,1,0,[0. 0.],[1 2],,0,0.6,0.7,0.30000000000000004,[1. 1.]
88,0.0,89,1,False,0.0,45.0,2.0,1,0,2,[0. 0.],[1 2],,0,0.6,0.7,0.30000000000000004,[1. 1.]
89,2.0,90,0,False,0.0,45.0,0.0,1,1,0,[1. 0.],[1 2],1.0,1,0.6,0.7,0.30000000000000004,[1. 1.]
90,0.0,91,1,False,0.0,46.0,2.0,1,0,2,[1. 0.],[1 2],1.0,1,0.6,0.7,0.30000000000000004,[1. 1.]
91,2.0,92,0,False,0.0,46.0,0.0,1,1,0,[1. 1.],[1 2],,1,0.6,0.7,0.30000000000000004,[1. 1.]
92,0.0,93,1,False,0.0,47.0,1.0,1,0,1,[1. 1.],[1 2],,1,0.6,0.7,0.30000000000000004,[1. 1.]
93,1.0,94,0,False,1.0,47.0,0.0,1,1,0,[0. 1.],[1 2],0.0,1,0.6,0.7,0.30000000000000004,[1. 1.]
94,0.0,95,1,False,0.0,48.0,1.0,1,0,1,[0. 1.],[1 2],0.0,1,0.6,0.7,0.30000000000000004,[1. 1.]
95,1.0,96,0,False,0.0,48.0,0.0,1,1,0,[0. 1.],[1 2],,1,0.6,0.7,0.30000000000000004,[1. 1.]
96,0.0,97,1,False,0.0,49.0,1.0,1,0,1,[0. 1.],[1 2],,1,0.6,0.7,0.30000000000000004,[1. 1.]
97,1.0,98,0,False,0.0,49.0,0.0,1,1,0,[0. 1.],[1 2],1.0,1,0.6,0.7,0.30000000000000004,[1. 1.]
98,0.0,99,1,False,0.0,50.0,2.0,1,0,2,[0. 1.],[1 2],1.0,1,0.6,0.7,0.30000000000000004,[1. 1.]
99,2.0,100,0,False,1.0,50.0,0.0,1,1,0,[0. 0.],[1 2],1.0,1,0.6,0.7,0.30000000000000004,[1. 1.]
100,0.0,101,1,False,0.0,51.0,2.0,1,0,2,[0. 0.],[1 2],1.0,1,0.6,0.7,0.30000000000000004,[1. 1.]
101,2.0,102,0,False,0.0,51.0,0.0,1,1,0,[0. 1.],[1 2],1.0,1,0.6,0.7,0.30000000000000004,[1. 1.]
102,0.0,103,1,False,0.0,52.0,2.0,1,0,2,[0. 1.],[1 2],1.0,1,0.6,0.7,0.30000000000000004,[1. 1.]
103,2.0,104,0,False,1.0,52.0,0.0,1,1,0,[1. 1.],[1 2],0.0,1,0.6,0.7,0.30000000000000004,[1. 1.]
104,0.0,105,1,False,0.0,53.0,1.0,1,0,2,[1. 1.],[1 2],0.0,1,0.6,0.7,0.30000000000000004,[1. 1.]
105,1.0,106,0,False,1.0,53.0,0.0,1,1,0,[0. 0.],[1 2],0.0,1,0.6,0.7,0.30000000000000004,[1. 1.]
106,0.0,107,1,False,0.0,54.0,1.0,1,0,2,[0. 0.],[1 2],0.0,1,0.6,0.7,0.30000000000000004,[1. 1.]
107,1.0,108,0,False,0.0,54.0,0.0,1,1,0,[1. 1.],[1 2],,1,0.6,0.7,0.30000000000000004,[1. 1.]
108,0.0,109,1,False,0.0,55.0,2.0,1,0,2,[1. 1.],[1 2],,1,0.6,0.7,0.30000000000000004,[1. 1.]
109,2.0,110,0,False,1.0,55.0,0.0,1,1,0,[0. 1.],[1 2],1.0,1,0.6,0.7,0.30000000000000004,[1. 1.]
110,0.0,111,1,False,0.0,56.0,2.0,1,0,2,[0. 1.],[1 2],1.0,1,0.6,0.7,0.30000000000000004,[1. 1.]
111,2.0,112,0,False,1.0,56.0,0.0,1,1,0,[0. 1.],[1 2],1.0,1,0.6,0.7,0.30000000000000004,[1. 1.]
112,0.0,113,1,False,0.0,57.0,2.0,1,0,2,[0. 1.],[1 2],1.0,1,0.6,0.7,0.30000000000000004,[1. 1.]
113,2.0,114,0,False,1.0,57.0,0.0,1,1,0,[1. 1.],[1 2],1.0,1,0.6,0.7,0.30000000000000004,[1. 1.]
114,0.0,115,1,False,0.0,58.0,2.0,1,0,2,[1. 1.],[1 2],1.0,1,0.6,0.7,0.30000000000000004,[1. 1.]
115,2.0,116,0,False,1.0,58.0,0.0,1,1,0,[0. 0.],[1 2],1.0,1,0.6,0.7,0.30000000000000004,[1. 1.]
116,0.0,117,1,False,0.0,59.0,2.0,1,0,2,[0. 0.],[1 2],1.0,1,0.6,0.7,0.30000000000000004,[1. 1.]
117,2.0,118,0,False,0.0,59.0,0.0,1,1,0,[0. 0.],[1 2],,1,0.6,0.7,0.30000000000000004,[1. 1.]
118,0.0,119,1,False,0.0,60.0,2.0,1,0,2,[0. 0.],[1 2],,1,0.6,0.7,0.30000000000000004,[1. 1.]
119,2.0,120,0,False,0.0,60.0,0.0,1,1,0,[1. 1.],[1 2],,1,0.6,0.7,0.30000000000000004,[1. 1.]
120,0.0,121,1,False,0.0,61.0,2.0,1,0,2,[1. 1.],[1 2],,1,0.6,0.7,0.30000000000000004,[1. 1.]
121,2.0,122,0,False,1.0,61.0,0.0,1,1,0,[0. 1.],[1 2],0.0,1,0.6,0.7,0.30000000000000004,[1. 1.]
122,0.0,123,1,False,0.0,62.0,1.0,1,0,2,[0. 1.],[1 2],0.0,1,0.6,0.7,0.30000000000000004,[1. 1.]
123,1.0,124,0,False,1.0,62.0,0.0,1,1,0,[0. 0.],[1 2],0.0,1,0.6,0.7,0.30000000000000004,[1. 1.]
124,0.0,125,1,False,0.0,63.0,1.0,1,0,2,[0. 0.],[1 2],0.0,1,0.6,0.7,0.30000000000000004,[1. 1.]
125,1.0,126,0,False,0.0,63.0,0.0,1,1,0,[0. 0.],[1 2],,1,0.6,0.7,0.30000000000000004,[1. 1.]
126,0.0,127,1,False,0.0,64.0,2.0,1,0,2,[0. 0.],[1 2],,1,0.6,0.7,0.30000000000000004,[1. 1.]
127,2.0,128,0,False,0.0,64.0,0.0,1,1,0,[0. 0.],[1 2],1.0,1,0.6,0.7,0.30000000000000004,[1. 1.]
128,0.0,129,1,False,0.0,65.0,2.0,1,0,2,[0. 0.],[1 2],1.0,1,0.6,0.7,0.30000000000000004,[1. 1.]
129,2.0,130,0,False,0.0,65.0,0.0,1,1,0,[0. 1.],[1 2],,1,0.6,0.7,0.30000000000000004,[1. 1.]
130,0.0,131,1,False,0.0,66.0,2.0,1,0,2,[0. 1.],[1 2],,1,0.6,0.7,0.30000000000000004,[1. 1.]
131,2.0,132,0,False,1.0,66.0,0.0,1,1,0,[0. 1.],[1 2],,1,0.6,0.7,0.30000000000000004,[1. 1.]
132,0.0,133,1,False,0.0,67.0,2.0,1,0,2,[0. 1.],[1 2],,1,0.6,0.7,0.30000000000000004,[1. 1.]
133,2.0,134,0,False,1.0,67.0,0.0,1,1,0,[0. 0.],[1 2],,1,0.6,0.7,0.30000000000000004,[1. 1.]
134,0.0,135,1,False,0.0,68.0,2.0,1,0,2,[0. 0.],[1 2],,1,0.6,0.7,0.30000000000000004,[1. 1.]
135,2.0,136,0,False,0.0,68.0,0.0,1,1,0,[0. 1.],[1 2],0.0,1,0.6,0.7,0.30000000000000004,[1. 1.]
136,0.0,137,1,False,0.0,69.0,1.0,1,0,2,[0. 1.],[1 2],0.0,1,0.6,0.7,0.30000000000000004,[1. 1.]
137,1.0,138,0,False,1.0,69.0,0.0,1,1,0,[0. 1.],[1 2],,1,0.6,0.7,0.30000000000000004,[1. 1.]
138,0.0,139,1,False,0.0,70.0,2.0,1,0,2,[0. 1.],[1 2],,1,0.6,0.7,0.30000000000000004,[1. 1.]
139,2.0,140,0,False,1.0,70.0,0.0,1,1,0,[1. 1.],[1 2],0.0,1,0.6,0.7,0.30000000000000004,[1. 1.]
140,0.0,141,1,False,0.0,71.0,1.0,1,0,2,[1. 1.],[1 2],0.0,1,0.6,0.7,0.30000000000000004,[1. 1.]
141,1.0,142,0,False,1.0,71.0,0.0,1,1,0,[1. 1.],[1 2],0.0,1,0.6,0.7,0.30000000000000004,[1. 1.]
142,0.0,143,1,False,0.0,72.0,1.0,1,0,2,[1. 1.],[1 2],0.0,1,0.6,0.7,0.30000000000000004,[1. 1.]
143,1.0,144,0,False,1.0,72.0,0.0,1,1,0,[0. 1.],[1 2],0.0,1,0.6,0.7,0.30000000000000004,[1. 1.]
144,0.0,145,1,False,0.0,73.0,1.0,1,0,2,[0. 1.],[1 2],0.0,1,0.6,0.7,0.30000000000000004,[1. 1.]
145,1.0,146,0,False,1.0,73.0,0.0,1,1,0,[1. 1.],[1 2],,1,0.6,0.7,0.30000000000000004,[1. 1.]
146,0.0,147,1,False,0.0,74.0,2.0,1,0,2,[1. 1.],[1 2],,1,0.6,0.7,0.30000000000000004,[1. 1.]
147,2.0,148,0,False,1.0,74.0,0.0,1,1,0,[1. 0.],[1 2],0.0,1,0.6,0.7,0.30000000000000004,[1. 1.]
148,0.0,149,1,False,0.0,75.0,1.0,1,0,2,[1. 0.],[1 2],0.0,1,0.6,0.7,0.30000000000000004,[1. 1.]
149,1.0,150,0,False,0.0,75.0,0.0,1,1,0,[0. 1.],[1 2],,1,0.6,0.7,0.30000000000000004,[1. 1.]
150,0.0,151,1,False,0.0,76.0,2.0,1,0,2,[0. 1.],[1 2],,1,0.6,0.7,0.30000000000000004,[1. 1.]
151,2.0,152,0,False,1.0,76.0,0.0,1,1,0,[0. 1.],[1 2],0.0,1,0.6,0.7,0.30000000000000004,[1. 1.]
152,0.0,153,1,False,0.0,77.0,1.0,1,0,2,[0. 1.],[1 2],0.0,1,0.6,0.7,0.30000000000000004,[1. 1.]
153,1.0,154,0,False,1.0,77.0,0.0,1,1,0,[0. 0.],[1 2],,1,0.6,0.7,0.30000000000000004,[1. 1.]
154,0.0,155,1,False,0.0,78.0,2.0,1,0,2,[0. 0.],[1 2],,1,0.6,0.7,0.30000000000000004,[1. 1.]
155,2.0,156,0,False,0.0,78.0,0.0,1,1,0,[1. 0.],[1 2],0.0,0,0.6,0.7,0.30000000000000004,[1. 1.]
156,0.0,157,1,False,0.0,79.0,1.0,1,0,2,[1. 0.],[1 2],0.0,0,0.6,0.7,0.30000000000000004,[1. 1.]
157,1.0,158,0,False,0.0,79.0,0.0,1,1,0,[1. 0.],[1 2],0.0,0,0.6,0.7,0.30000000000000004,[1. 1.]
158,0.0,159,1,False,0.0,80.0,1.0,1,0,2,[1. 0.],[1 2],0.0,0,0.6,0.7,0.30000000000000004,[1. 1.]
159,1.0,160,0,False,0.0,80.0,0.0,1,1,0,[1. 1.],[1 2],,0,0.6,0.7,0.30000000000000004,[1. 1.]
160,0.0,161,1,False,0.0,81.0,1.0,1,0,1,[1. 1.],[1 2],,0,0.6,0.7,0.30000000000000004,[1. 1.]
161,1.0,162,0,False,1.0,81.0,0.0,1,1,0,[1. 0.],[1 2],0.0,0,0.6,0.7,0.30000000000000004,[1. 1.]
162,0.0,163,1,False,0.0,82.0,1.0,1,0,1,[1. 0.],[1 2],0.0,0,0.6,0.7,0.30000000000000004,[1. 1.]
163,1.0,164,0,False,1.0,82.0,0.0,1,1,0,[0. 0.],[1 2],0.0,0,0.6,0.7,0.30000000000000004,[1. 1.]
164,0.0,165,1,False,0.0,83.0,1.0,1,0,1,[0. 0.],[1 2],0.0,0,0.6,0.7,0.30000000000000004,[1. 1.]
165,1.0,166,0,False,0.0,83.0,0.0,1,1,0,[1. 0.],[1 2],,0,0.6,0.7,0.30000000000000004,[1. 1.]
166,0.0,167,1,False,0.0,84.0,1.0,1,0,1,[1. 0.],[1 2],,0,0.6,0.7,0.30000000000000004,[1. 1.]
167,1.0,168,0,False,1.0,84.0,0.0,1,1,0,[1. 1.],[1 2],0.0,0,0.6,0.7,0.30000000000000004,[1. 1.]
168,0.0,169,1,False,0.0,85.0,1.0,1,0,1,[1. 1.],[1 2],0.0,0,0.6,0.7,0.30000000000000004,[1. 1.]
169,1.0,170,0,False,1.0,85.0,0.0,1,1,0,[1. 0.],[1 2],,0,0.6,0.7,0.30000000000000004,[1. 1.]
170,0.0,171,1,False,0.0,86.0,1.0,1,0,1,[1. 0.],[1 2],,0,0.6,0.7,0.30000000000000004,[1. 1.]
171,1.0,172,0,False,1.0,86.0,0.0,1,1,0,[1. 1.],[1 2],,0,0.6,0.7,0.30000000000000004,[1. 1.]
172,0.0,173,1,False,0.0,87.0,1.0,1,0,1,[1. 1.],[1 2],,0,0.6,0.7,0.30000000000000004,[1. 1.]
173,1.0,174,0,False,1.0,87.0,0.0,1,1,0,[1. 0.],[1 2],,0,0.6,0.7,0.30000000000000004,[1. 1.]
174,0.0,175,1,False,0.0,88.0,1.0,1,0,1,[1. 0.],[1 2],,0,0.6,0.7,0.30000000000000004,[1. 1.]
175,1.0,176,0,False,1.0,88.0,0.0,1,1,0,[1. 0.],[1 2],0.0,0,0.6,0.7,0.30000000000000004,[1. 1.]
176,0.0,177,1,False,0.0,89.0,1.0,1,0,1,[1. 0.],[1 2],0.0,0,0.6,0.7,0.30000000000000004,[1. 1.]
177,1.0,178,0,False,1.0,89.0,0.0,1,1,0,[1. 0.],[1 2],,0,0.6,0.7,0.30000000000000004,[1. 1.]
178,0.0,179,1,False,0.0,90.0,1.0,1,0,1,[1. 0.],[1 2],,0,0.6,0.7,0.30000000000000004,[1. 1.]
179,1.0,180,0,False,1.0,90.0,0.0,1,1,0,[0. 1.],[1 2],1.0,0,0.6,0.7,0.30000000000000004,[1. 1.]
180,0.0,181,1,False,0.0,91.0,2.0,1,0,1,[0. 1.],[1 2],1.0,0,0.6,0.7,0.30000000000000004,[1. 1.]
181,2.0,182,0,False,0.0,91.0,0.0,1,1,0,[0. 1.],[1 2],,0,0.6,0.7,0.30000000000000004,[1. 1.]
182,0.0,183,1,False,0.0,92.0,1.0,1,0,1,[0. 1.],[1 2],,0,0.6,0.7,0.30000000000000004,[1. 1.]
183,1.0,184,0,False,0.0,92.0,0.0,1,1,0,[0. 1.],[1 2],1.0,0,0.6,0.7,0.30000000000000004,[1. 1.]
184,0.0,185,1,False,0.0,93.0,2.0,1,0,1,[0. 1.],[1 2],1.0,0,0.6,0.7,0.30000000000000004,[1. 1.]
185,2.0,186,0,False,0.0,93.0,0.0,1,1,0,[1. 0.],[1 2],,0,0.6,0.7,0.30000000000000004,[1. 1.]
186,0.0,187,1,False,0.0,94.0,2.0,1,0,2,[1. 0.],[1 2],,0,0.6,0.7,0.30000000000000004,[1. 1.]
187,2.0,188,0,False,0.0,94.0,0.0,1,1,0,[1. 0.],[1 2],1.0,0,0.6,0.7,0.30000000000000004,[1. 1.]
188,0.0,189,1,False,0.0,95.0,2.0,1,0,1,[1. 0.],[1 2],1.0,0,0.6,0.7,0.30000000000000004,[1. 1.]
189,2.0,190,0,False,1.0,95.0,0.0,1,1,0,[1. 0.],[1 2],,0,0.6,0.7,0.30000000000000004,[1. 1.]
190,0.0,191,1,False,0.0,96.0,1.0,1,0,1,[1. 0.],[1 2],,0,0.6,0.7,0.30000000000000004,[1. 1.]
191,1.0,192,0,False,1.0,96.0,0.0,1,1,0,[1. 1.],[1 2],,0,0.6,0.7,0.30000000000000004,[1. 1.]
192,0.0,193,1,False,0.0,97.0,1.0,1,0,1,[1. 1.],[1 2],,0,0.6,0.7,0.30000000000000004,[1. 1.]
193,1.0,194,0,False,1.0,97.0,0.0,1,1,0,[1. 0.],[1 2],,0,0.6,0.7,0.30000000000000004,[1. 1.]
194,0.0,195,1,False,0.0,98.0,1.0,1,0,1,[1. 0.],[1 2],,0,0.6,0.7,0.30000000000000004,[1. 1.]
195,1.0,196,0,False,1.0,98.0,0.0,1,1,0,[0. 0.],[1 2],0.0,0,0.6,0.7,0.30000000000000004,[1. 1.]
196,0.0,197,1,False,0.0,99.0,1.0,1,0,1,[0. 0.],[1 2],0.0,0,0.6,0.7,0.30000000000000004,[1. 1.]
197,1.0,198,0,False,0.0,99.0,0.0,1,1,0,[1. 0.],[1 2],1.0,0,0.6,0.7,0.30000000000000004,[1. 1.]
198,0.0,199,1,False,0.0,100.0,2.0,1,0,1,[1. 0.],[1 2],1.0,0,0.6,0.7,0.30000000000000004,[1. 1.]
199,2.0,200,0,False,1.0,100.0,0.0,1,1,0,[1. 0.],[1 2],1.0,0,0.6,0.7,0.30000000000000004,[1. 1.]
200,0.0,201,1,False,0.0,101.0,2.0,1,0,1,[1. 0.],[1 2],1.0,0,0.6,0.7,0.30000000000000004,[1. 1.]
201,2.0,202,0,False,1.0,101.0,0.0,1,1,0,[0. 1.],[1 2],,0,0.6,0.7,0.30000000000000004,[1. 1.]
202,0.0,203,1,False,0.0,102.0,1.0,1,0,1,[0. 1.],[1 2],,0,0.6,0.7,0.30000000000000004,[1. 1.]
203,1.0,204,0,False,0.0,102.0,0.0,1,1,0,[1. 0.],[1 2],0.0,0,0.6,0.7,0.30000000000000004,[1. 1.]
204,0.0,205,1,False,0.0,103.0,1.0,1,0,1,[1. 0.],[1 2],0.0,0,0.6,0.7,0.30000000000000004,[1. 1.]
205,1.0,206,0,False,1.0,103.0,0.0,1,1,0,[0. 0.],[1 2],,0,0.6,0.7,0.30000000000000004,[1. 1.]
206,0.0,207,1,False,0.0,104.0,1.0,1,0,1,[0. 0.],[1 2],,0,0.6,0.7,0.30000000000000004,[1. 1.]
207,1.0,208,0,False,0.0,104.0,0.0,1,1,0,[1. 0.],[1 2],1.0,0,0.6,0.7,0.30000000000000004,[1. 1.]
208,0.0,209,1,False,0.0,105.0,2.0,1,0,1,[1. 0.],[1 2],1.0,0,0.6,0.7,0.30000000000000004,[1. 1.]
209,2.0,210,0,False,1.0,105.0,0.0,1,1,0,[1. 1.],[1 2],,0,0.6,0.7,0.30000000000000004,[1. 1.]
210,0.0,211,1,False,0.0,106.0,1.0,1,0,1,[1. 1.],[1 2],,0,0.6,0.7,0.30000000000000004,[1. 1.]
211,1.0,212,0,False,1.0,106.0,0.0,1,1,0,[1. 1.],[1 2],1.0,0,0.6,0.7,0.30000000000000004,[1. 1.]
212,0.0,213,1,False,0.0,107.0,2.0,1,0,1,[1. 1.],[1 2],1.0,0,0.6,0.7,0.30000000000000004,[1. 1.]
213,2.0,214,0,False,1.0,107.0,0.0,1,1,0,[1. 0.],[1 2],0.0,0,0.6,0.7,0.30000000000000004,[1. 1.]
214,0.0,215,1,False,0.0,108.0,1.0,1,0,1,[1. 0.],[1 2],0.0,0,0.6,0.7,0.30000000000000004,[1. 1.]
215,1.0,216,0,False,1.0,108.0,0.0,1,1,0,[1. 0.],[1 2],0.0,0,0.6,0.7,0.30000000000000004,[1. 1.]
216,0.0,217,1,False,0.0,109.0,1.0,1,0,1,[1. 0.],[1 2],0.0,0,0.6,0.7,0.30000000000000004,[1. 1.]
217,1.0,218,0,False,1.0,109.0,0.0,1,1,0,[0. 0.],[1 2],1.0,0,0.6,0.7,0.30000000000000004,[1. 1.]
218,0.0,219,1,False,0.0,110.0,2.0,1,0,1,[0. 0.],[1 2],1.0,0,0.6,0.7,0.30000000000000004,[1. 1.]
219,2.0,220,0,False,0.0,110.0,0.0,1,1,0,[1. 0.],[1 2],1.0,0,0.6,0.7,0.30000000000000004,[1. 1.]
220,0.0,221,1,False,0.0,111.0,2.0,1,0,1,[1. 0.],[1 2],1.0,0,0.6,0.7,0.30000000000000004,[1. 1.]
221,2.0,222,0,False,1.0,111.0,0.0,1,1,0,[0. 1.],[1 2],,0,0.6,0.7,0.30000000000000004,[1. 1.]
222,0.0,223,1,False,0.0,112.0,1.0,1,0,1,[0. 1.],[1 2],,0,0.6,0.7,0.30000000000000004,[1. 1.]
223,1.0,224,0,False,0.0,112.0,0.0,1,1,0,[1. 0.],[1 2],1.0,0,0.6,0.7,0.30000000000000004,[1. 1.]
224,0.0,225,1,False,0.0,113.0,2.0,1,0,1,[1. 0.],[1 2],1.0,0,0.6,0.7,0.30000000000000004,[1. 1.]
225,2.0,226,0,False,1.0,113.0,0.0,1,1,0,[0. 0.],[1 2],,0,0.6,0.7,0.30000000000000004,[1. 1.]
226,0.0,227,1,False,0.0,114.0,1.0,1,0,1,[0. 0.],[1 2],,0,0.6,0.7,0.30000000000000004,[1. 1.]
227,1.0,228,0,False,0.0,114.0,0.0,1,1,0,[1. 1.],[1 2],,1,0.6,0.7,0.30000000000000004,[1. 1.]
228,0.0,229,1,False,0.0,115.0,1.0,1,0,1,[1. 1.],[1 2],,1,0.6,0.7,0.30000000000000004,[1. 1.]
229,1.0,230,0,False,1.0,115.0,0.0,1,1,0,[0. 1.],[1 2],1.0,1,0.6,0.7,0.30000000000000004,[1. 1.]
230,0.0,231,1,False,0.0,116.0,2.0,1,0,1,[0. 1.],[1 2],1.0,1,0.6,0.7,0.30000000000000004,[1. 1.]
231,2.0,232,0,False,0.0,116.0,0.0,1,1,0,[0. 1.],[1 2],0.0,1,0.6,0.7,0.30000000000000004,[1. 1.]
232,0.0,233,1,False,0.0,117.0,1.0,1,0,1,[0. 1.],[1 2],0.0,1,0.6,0.7,0.30000000000000004,[1. 1.]
233,1.0,234,0,False,0.0,117.0,0.0,1,1,0,[1. 1.],[1 2],0.0,1,0.6,0.7,0.30000000000000004,[1. 1.]
234,0.0,235,1,False,0.0,118.0,1.0,1,0,1,[1. 1.],[1 2],0.0,1,0.6,0.7,0.30000000000000004,[1. 1.]
235,1.0,236,0,False,1.0,118.0,0.0,1,1,0,[0. 1.],[1 2],,1,0.6,0.7,0.30000000000000004,[1. 1.]
236,0.0,237,1,False,0.0,119.0,1.0,1,0,1,[0. 1.],[1 2],,1,0.6,0.7,0.30000000000000004,[1. 1.]
237,1.0,238,0,False,0.0,119.0,0.0,1,1,0,[0. 1.],[1 2],0.0,1,0.6,0.7,0.30000000000000004,[1. 1.]
238,0.0,239,1,False,0.0,120.0,1.0,1,0,1,[0. 1.],[1 2],0.0,1,0.6,0.7,0.30000000000000004,[1. 1.]
239,1.0,240,0,False,0.0,120.0,0.0,1,1,0,[0. 1.],[2 1],,1,0.6,0.7,0.30000000000000004,[1. 1.]
240,0.0,241,1,False,0.0,121.0,1.0,1,0,2,[0. 1.],[2 1],,1,0.6,0.7,0.30000000000000004,[1. 1.]
241,1.0,242,0,False,0.0,121.0,0.0,1,1,0,[0. 1.],[2 1],0.0,1,0.6,0.7,0.30000000000000004,[1. 1.]
242,0.0,243,1,False,0.0,122.0,1.0,1,0,1,[0. 1.],[2 1],0.0,1,0.6,0.7,0.30000000000000004,[1. 1.]
243,1.0,244,0,False,1.0,122.0,0.0,1,1,0,[0. 0.],[2 1],,1,0.6,0.7,0.30000000000000004,[1. 1.]
244,0.0,245,1,False,0.0,123.0,2.0,1,0,1,[0. 0.],[2 1],,1,0.6,0.7,0.30000000000000004,[1. 1.]
245,2.0,246,0,False,0.0,123.0,0.0,1,1,0,[1. 0.],[2 1],0.0,1,0.6,0.7,0.30000000000000004,[1. 1.]
246,0.0,247,1,False,0.0,124.0,1.0,1,0,1,[1. 0.],[2 1],0.0,1,0.6,0.7,0.30000000000000004,[1. 1.]
247,1.0,248,0,False,0.0,124.0,0.0,1,1,0,[0. 0.],[2 1],1.0,1,0.6,0.7,0.30000000000000004,[1. 1.]
248,0.0,249,1,False,0.0,125.0,2.0,1,0,1,[0. 0.],[2 1],1.0,1,0.6,0.7,0.30000000000000004,[1. 1.]
249,2.0,250,0,False,0.0,125.0,0.0,1,1,0,[0. 1.],[2 1],,1,0.6,0.7,0.30000000000000004,[1. 1.]
250,0.0,251,1,False,0.0,126.0,1.0,1,0,2,[0. 1.],[2 1],,1,0.6,0.7,0.30000000000000004,[1. 1.]
251,1.0,252,0,False,0.0,126.0,0.0,1,1,0,[0. 1.],[2 1],,1,0.6,0.7,0.30000000000000004,[1. 1.]
252,0.0,253,1,False,0.0,127.0,2.0,1,0,1,[0. 1.],[2 1],,1,0.6,0.7,0.30000000000000004,[1. 1.]
253,2.0,254,0,False,1.0,127.0,0.0,1,1,0,[1. 0.],[2 1],,1,0.6,0.7,0.30000000000000004,[1. 1.]
254,0.0,255,1,False,0.0,128.0,2.0,1,0,1,[1. 0.],[2 1],,1,0.6,0.7,0.30000000000000004,[1. 1.]
255,2.0,256,0,False,0.0,128.0,0.0,1,1,0,[1. 0.],[2 1],,1,0.6,0.7,0.30000000000000004,[1. 1.]
256,0.0,257,1,False,0.0,129.0,2.0,1,0,1,[1. 0.],[2 1],,1,0.6,0.7,0.30000000000000004,[1. 1.]
257,2.0,258,0,False,0.0,129.0,0.0,1,1,0,[0. 0.],[2 1],1.0,1,0.6,0.7,0.30000000000000004,[1. 1.]
258,0.0,259,1,False,0.0,130.0,2.0,1,0,2,[0. 0.],[2 1],1.0,1,0.6,0.7,0.30000000000000004,[1. 1.]
259,2.0,260,0,False,0.0,130.0,0.0,1,1,0,[0. 1.],[2 1],0.0,1,0.6,0.7,0.30000000000000004,[1. 1.]
260,0.0,261,1,False,0.0,131.0,1.0,1,0,1,[0. 1.],[2 1],0.0,1,0.6,0.7,0.30000000000000004,[1. 1.]
261,1.0,262,0,False,1.0,131.0,0.0,1,1,0,[0. 1.],[2 1],1.0,1,0.6,0.7,0.30000000000000004,[1. 1.]
262,0.0,263,1,False,0.0,132.0,2.0,1,0,1,[0. 1.],[2 1],1.0,1,0.6,0.7,0.30000000000000004,[1. 1.]
263,2.0,264,0,False,1.0,132.0,0.0,1,1,0,[1. 0.],[2 1],0.0,1,0.6,0.7,0.30000000000000004,[1. 1.]
264,0.0,265,1,False,0.0,133.0,1.0,1,0,1,[1. 0.],[2 1],0.0,1,0.6,0.7,0.30000000000000004,[1. 1.]
265,1.0,266,0,False,0.0,133.0,0.0,1,1,0,[0. 0.],[2 1],1.0,1,0.6,0.7,0.30000000000000004,[1. 1.]
266,0.0,267,1,False,0.0,134.0,2.0,1,0,1,[0. 0.],[2 1],1.0,1,0.6,0.7,0.30000000000000004,[1. 1.]
267,2.0,268,0,False,0.0,134.0,0.0,1,1,0,[1. 1.],[2 1],0.0,1,0.6,0.7,0.30000000000000004,[1. 1.]
268,0.0,269,1,False,0.0,135.0,1.0,1,0,1,[1. 1.],[2 1],0.0,1,0.6,0.7,0.30000000000000004,[1. 1.]
269,1.0,270,0,False,1.0,135.0,0.0,1,1,0,[0. 1.],[2 1],1.0,1,0.6,0.7,0.30000000000000004,[1. 1.]
270,0.0,271,1,False,0.0,136.0,2.0,1,0,1,[0. 1.],[2 1],1.0,1,0.6,0.7,0.30000000000000004,[1. 1.]
271,2.0,272,0,False,1.0,136.0,0.0,1,1,0,[0. 1.],[2 1],0.0,0,0.6,0.7,0.30000000000000004,[1. 1.]
272,0.0,273,1,False,0.0,137.0,1.0,1,0,1,[0. 1.],[2 1],0.0,0,0.6,0.7,0.30000000000000004,[1. 1.]
273,1.0,274,0,False,1.0,137.0,0.0,1,1,0,[1. 0.],[2 1],,0,0.6,0.7,0.30000000000000004,[1. 1.]
274,0.0,275,1,False,0.0,138.0,2.0,1,0,1,[1. 0.],[2 1],,0,0.6,0.7,0.30000000000000004,[1. 1.]
275,2.0,276,0,False,0.0,138.0,0.0,1,1,0,[1. 0.],[2 1],1.0,0,0.6,0.7,0.30000000000000004,[1. 1.]
276,0.0,277,1,False,0.0,139.0,2.0,1,0,1,[1. 0.],[2 1],1.0,0,0.6,0.7,0.30000000000000004,[1. 1.]
277,2.0,278,0,False,0.0,139.0,0.0,1,1,0,[1. 1.],[2 1],,0,0.6,0.7,0.30000000000000004,[1. 1.]
278,0.0,279,1,False,0.0,140.0,2.0,1,0,1,[1. 1.],[2 1],,0,0.6,0.7,0.30000000000000004,[1. 1.]
279,2.0,280,0,False,1.0,140.0,0.0,1,1,0,[1. 0.],[2 1],0.0,0,0.6,0.7,0.30000000000000004,[1. 1.]
280,0.0,281,1,False,0.0,141.0,1.0,1,0,1,[1. 0.],[2 1],0.0,0,0.6,0.7,0.30000000000000004,[1. 1.]
281,1.0,282,0,False,0.0,141.0,0.0,1,1,0,[0. 0.],[2 1],,0,0.6,0.7,0.30000000000000004,[1. 1.]
282,0.0,283,1,False,0.0,142.0,2.0,1,0,1,[0. 0.],[2 1],,0,0.6,0.7,0.30000000000000004,[1. 1.]
283,2.0,284,0,False,0.0,142.0,0.0,1,1,0,[1. 1.],[2 1],0.0,0,0.6,0.7,0.30000000000000004,[1. 1.]
284,0.0,285,1,False,0.0,143.0,1.0,1,0,1,[1. 1.],[2 1],0.0,0,0.6,0.7,0.30000000000000004,[1. 1.]
285,1.0,286,0,False,1.0,143.0,0.0,1,1,0,[1. 0.],[2 1],,0,0.6,0.7,0.30000000000000004,[1. 1.]
286,0.0,287,1,False,0.0,144.0,2.0,1,0,1,[1. 0.],[2 1],,0,0.6,0.7,0.30000000000000004,[1. 1.]
287,2.0,288,0,False,0.0,144.0,0.0,1,1,0,[1. 0.],[2 1],0.0,0,0.6,0.7,0.30000000000000004,[1. 1.]
288,0.0,289,1,False,0.0,145.0,1.0,1,0,1,[1. 0.],[2 1],0.0,0,0.6,0.7,0.30000000000000004,[1. 1.]
289,1.0,290,0,False,0.0,145.0,0.0,1,1,0,[1. 0.],[2 1],0.0,0,0.6,0.7,0.30000000000000004,[1. 1.]
290,0.0,291,1,False,0.0,146.0,1.0,1,0,1,[1. 0.],[2 1],0.0,0,0.6,0.7,0.30000000000000004,[1. 1.]
291,1.0,292,0,False,0.0,146.0,0.0,1,1,0,[1. 0.],[2 1],,0,0.6,0.7,0.30000000000000004,[1. 1.]
292,0.0,293,1,False,0.0,147.0,2.0,1,0,1,[1. 0.],[2 1],,0,0.6,0.7,0.30000000000000004,[1. 1.]
293,2.0,294,0,False,0.0,147.0,0.0,1,1,0,[1. 1.],[2 1],,0,0.6,0.7,0.30000000000000004,[1. 1.]
294,0.0,295,1,False,0.0,148.0,1.0,1,0,2,[1. 1.],[2 1],,0,0.6,0.7,0.30000000000000004,[1. 1.]
295,1.0,296,0,False,1.0,148.0,0.0,1,1,0,[0. 1.],[2 1],,0,0.6,0.7,0.30000000000000004,[1. 1.]
296,0.0,297,1,False,0.0,149.0,1.0,1,0,2,[0. 1.],[2 1],,0,0.6,0.7,0.30000000000000004,[1. 1.]
297,1.0,298,0,False,0.0,149.0,0.0,1,1,0,[0. 0.],[2 1],,0,0.6,0.7,0.30000000000000004,[1. 1.]
298,0.0,299,1,False,0.0,150.0,1.0,1,0,2,[0. 0.],[2 1],,0,0.6,0.7,0.30000000000000004,[1. 1.]
299,1.0,300,0,False,0.0,150.0,0.0,1,1,0,[1. 1.],[2 1],0.0,0,0.6,0.7,0.30000000000000004,[1. 1.]
300,0.0,301,1,False,0.0,151.0,1.0,1,0,1,[1. 1.],[2 1],0.0,0,0.6,0.7,0.30000000000000004,[1. 1.]
301,1.0,302,0,False,1.0,151.0,0.0,1,1,0,[0. 1.],[2 1],,0,0.6,0.7,0.30000000000000004,[1. 1.]
302,0.0,303,1,False,0.0,152.0,2.0,1,0,1,[0. 1.],[2 1],,0,0.6,0.7,0.30000000000000004,[1. 1.]
303,2.0,304,0,False,1.0,152.0,0.0,1,1,0,[1. 1.],[2 1],1.0,0,0.6,0.7,0.30000000000000004,[1. 1.]
304,0.0,305,1,False,0.0,153.0,2.0,1,0,1,[1. 1.],[2 1],1.0,0,0.6,0.7,0.30000000000000004,[1. 1.]
305,2.0,306,0,False,1.0,153.0,0.0,1,1,0,[1. 0.],[2 1],0.0,0,0.6,0.7,0.30000000000000004,[1. 1.]
306,0.0,307,1,False,0.0,154.0,1.0,1,0,1,[1. 0.],[2 1],0.0,0,0.6,0.7,0.30000000000000004,[1. 1.]
307,1.0,308,0,False,0.0,154.0,0.0,1,1,0,[0. 1.],[2 1],0.0,0,0.6,0.7,0.30000000000000004,[1. 1.]
308,0.0,309,1,False,0.0,155.0,1.0,1,0,1,[0. 1.],[2 1],0.0,0,0.6,0.7,0.30000000000000004,[1. 1.]
309,1.0,310,0,False,1.0,155.0,0.0,1,1,0,[1. 1.],[2 1],,0,0.6,0.7,0.30000000000000004,[1. 1.]
310,0.0,311,1,False,0.0,156.0,2.0,1,0,1,[1. 1.],[2 1],,0,0.6,0.7,0.30000000000000004,[1. 1.]
311,2.0,312,0,False,1.0,156.0,0.0,1,1,0,[1. 0.],[2 1],,0,0.6,0.7,0.30000000000000004,[1. 1.]
312,0.0,313,1,False,0.0,157.0,2.0,1,0,1,[1. 0.],[2 1],,0,0.6,0.7,0.30000000000000004,[1. 1.]
313,2.0,314,0,False,0.0,157.0,0.0,1,1,0,[0. 0.],[2 1],,0,0.6,0.7,0.30000000000000004,[1. 1.]
314,0.0,315,1,False,0.0,158.0,2.0,1,0,1,[0. 0.],[2 1],,0,0.6,0.7,0.30000000000000004,[1. 1.]
315,2.0,316,0,False,0.0,158.0,0.0,1,1,0,[1. 0.],[2 1],,0,0.6,0.7,0.30000000000000004,[1. 1.]
316,0.0,317,1,False,0.0,159.0,2.0,1,0,1,[1. 0.],[2 1],,0,0.6,0.7,0.30000000000000004,[1. 1.]
317,2.0,318,0,False,0.0,159.0,0.0,1,1,0,[0. 1.],[2 1],,0,0.6,0.7,0.30000000000000004,[1. 1.]
318,0.0,319,1,False,0.0,160.0,2.0,1,0,1,[0. 1.],[2 1],,0,0.6,0.7,0.30000000000000004,[1. 1.]
319,2.0,320,0,False,1.0,160.0,0.0,1,1,0,[0. 1.],[2 1],,0,0.6,0.7,0.30000000000000004,[1. 1.]
320,0.0,321,1,False,0.0,161.0,2.0,1,0,1,[0. 1.],[2 1],,0,0.6,0.7,0.30000000000000004,[1. 1.]
321,2.0,322,0,False,1.0,161.0,0.0,1,1,0,[0. 1.],[2 1],1.0,1,0.6,0.7,0.30000000000000004,[1. 1.]
322,0.0,323,1,False,0.0,162.0,2.0,1,0,1,[0. 1.],[2 1],1.0,1,0.6,0.7,0.30000000000000004,[1. 1.]
323,2.0,324,0,False,1.0,162.0,0.0,1,1,0,[0. 1.],[2 1],0.0,1,0.6,0.7,0.30000000000000004,[1. 1.]
324,0.0,325,1,False,0.0,163.0,1.0,1,0,1,[0. 1.],[2 1],0.0,1,0.6,0.7,0.30000000000000004,[1. 1.]
325,1.0,326,0,False,1.0,163.0,0.0,1,1,0,[0. 0.],[2 1],1.0,1,0.6,0.7,0.30000000000000004,[1. 1.]
326,0.0,327,1,False,0.0,164.0,2.0,1,0,1,[0. 0.],[2 1],1.0,1,0.6,0.7,0.30000000000000004,[1. 1.]
327,2.0,328,0,False,0.0,164.0,0.0,1,1,0,[0. 0.],[2 1],1.0,1,0.6,0.7,0.30000000000000004,[1. 1.]
328,0.0,329,1,False,0.0,165.0,2.0,1,0,1,[0. 0.],[2 1],1.0,1,0.6,0.7,0.30000000000000004,[1. 1.]
329,2.0,330,0,False,0.0,165.0,0.0,1,1,0,[0. 0.],[2 1],1.0,1,0.6,0.7,0.30000000000000004,[1. 1.]
330,0.0,331,1,False,0.0,166.0,2.0,1,0,1,[0. 0.],[2 1],1.0,1,0.6,0.7,0.30000000000000004,[1. 1.]
331,2.0,332,0,False,0.0,166.0,0.0,1,1,0,[1. 0.],[2 1],,1,0.6,0.7,0.30000000000000004,[1. 1.]
332,0.0,333,1,False,0.0,167.0,2.0,1,0,1,[1. 0.],[2 1],,1,0.6,0.7,0.30000000000000004,[1. 1.]
333,2.0,334,0,False,0.0,167.0,0.0,1,1,0,[0. 1.],[2 1],,1,0.6,0.7,0.30000000000000004,[1. 1.]
334,0.0,335,1,False,0.0,168.0,2.0,1,0,1,[0. 1.],[2 1],,1,0.6,0.7,0.30000000000000004,[1. 1.]
335,2.0,336,0,False,1.0,168.0,0.0,1,1,0,[0. 1.],[2 1],1.0,1,0.6,0.7,0.30000000000000004,[1. 1.]
336,0.0,337,1,False,0.0,169.0,2.0,1,0,1,[0. 1.],[2 1],1.0,1,0.6,0.7,0.30000000000000004,[1. 1.]
337,2.0,338,0,False,1.0,169.0,0.0,1,1,0,[0. 1.],[2 1],,1,0.6,0.7,0.30000000000000004,[1. 1.]
338,0.0,339,1,False,0.0,170.0,2.0,1,0,1,[0. 1.],[2 1],,1,0.6,0.7,0.30000000000000004,[1. 1.]
339,2.0,340,0,False,1.0,170.0,0.0,1,1,0,[0. 1.],[2 1],0.0,1,0.6,0.7,0.30000000000000004,[1. 1.]
340,0.0,341,1,False,0.0,171.0,1.0,1,0,1,[0. 1.],[2 1],0.0,1,0.6,0.7,0.30000000000000004,[1. 1.]
341,1.0,342,0,False,1.0,171.0,0.0,1,1,0,[0. 1.],[2 1],1.0,1,0.6,0.7,0.30000000000000004,[1. 1.]
342,0.0,343,1,False,0.0,172.0,2.0,1,0,1,[0. 1.],[2 1],1.0,1,0.6,0.7,0.30000000000000004,[1. 1.]
343,2.0,344,0,False,1.0,172.0,0.0,1,1,0,[1. 1.],[2 1],1.0,1,0.6,0.7,0.30000000000000004,[1. 1.]
344,0.0,345,1,False,0.0,173.0,2.0,1,0,1,[1. 1.],[2 1],1.0,1,0.6,0.7,0.30000000000000004,[1. 1.]
345,2.0,346,0,False,1.0,173.0,0.0,1,1,0,[1. 1.],[2 1],0.0,1,0.6,0.7,0.30000000000000004,[1. 1.]
346,0.0,347,1,False,0.0,174.0,1.0,1,0,1,[1. 1.],[2 1],0.0,1,0.6,0.7,0.30000000000000004,[1. 1.]
347,1.0,348,0,False,1.0,174.0,0.0,1,1,0,[0. 1.],[2 1],,1,0.6,0.7,0.30000000000000004,[1. 1.]
348,0.0,349,1,False,0.0,175.0,2.0,1,0,1,[0. 1.],[2 1],,1,0.6,0.7,0.30000000000000004,[1. 1.]
349,2.0,350,0,False,1.0,175.0,0.0,1,1,0,[0. 1.],[2 1],1.0,1,0.6,0.7,0.30000000000000004,[1. 1.]
350,0.0,351,1,False,0.0,176.0,2.0,1,0,1,[0. 1.],[2 1],1.0,1,0.6,0.7,0.30000000000000004,[1. 1.]
351,2.0,352,0,False,1.0,176.0,0.0,1,1,0,[0. 0.],[2 1],0.0,1,0.6,0.7,0.30000000000000004,[1. 1.]
352,0.0,353,1,False,0.0,177.0,1.0,1,0,1,[0. 0.],[2 1],0.0,1,0.6,0.7,0.30000000000000004,[1. 1.]
353,1.0,354,0,False,0.0,177.0,0.0,1,1,0,[0. 0.],[2 1],1.0,1,0.6,0.7,0.30000000000000004,[1. 1.]
354,0.0,355,1,False,0.0,178.0,2.0,1,0,1,[0. 0.],[2 1],1.0,1,0.6,0.7,0.30000000000000004,[1. 1.]
355,2.0,356,0,False,0.0,178.0,0.0,1,1,0,[0. 1.],[2 1],0.0,1,0.6,0.7,0.30000000000000004,[1. 1.]
356,0.0,357,1,False,0.0,179.0,1.0,1,0,1,[0. 1.],[2 1],0.0,1,0.6,0.7,0.30000000000000004,[1. 1.]
357,1.0,358,0,False,1.0,179.0,0.0,1,1,0,[1. 1.],[2 1],1.0,1,0.6,0.7,0.30000000000000004,[1. 1.]
358,0.0,359,1,False,0.0,180.0,2.0,1,0,1,[1. 1.],[2 1],1.0,1,0.6,0.7,0.30000000000000004,[1. 1.]
359,2.0,360,0,False,1.0,180.0,0.0,1,1,0,[0. 0.],[2 1],,1,0.6,0.7,0.30000000000000004,[1. 1.]
360,0.0,361,1,False,0.0,181.0,2.0,1,0,1,[0. 0.],[2 1],,1,0.6,0.7,0.30000000000000004,[1. 1.]
361,2.0,362,0,False,0.0,181.0,0.0,1,1,0,[0. 1.],[2 1],0.0,1,0.6,0.7,0.30000000000000004,[1. 1.]
362,0.0,363,1,False,0.0,182.0,1.0,1,0,1,[0. 1.],[2 1],0.0,1,0.6,0.7,0.30000000000000004,[1. 1.]
363,1.0,364,0,False,1.0,182.0,0.0,1,1,0,[1. 1.],[2 1],0.0,1,0.6,0.7,0.30000000000000004,[1. 1.]
364,0.0,365,1,False,0.0,183.0,1.0,1,0,1,[1. 1.],[2 1],0.0,1,0.6,0.7,0.30000000000000004,[1. 1.]
365,1.0,366,0,False,1.0,183.0,0.0,1,1,0,[0. 1.],[2 1],1.0,1,0.6,0.7,0.30000000000000004,[1. 1.]
366,0.0,367,1,False,0.0,184.0,2.0,1,0,1,[0. 1.],[2 1],1.0,1,0.6,0.7,0.30000000000000004,[1. 1.]
367,2.0,368,0,False,1.0,184.0,0.0,1,1,0,[1. 1.],[2 1],,1,0.6,0.7,0.30000000000000004,[1. 1.]
368,0.0,369,1,False,0.0,185.0,2.0,1,0,1,[1. 1.],[2 1],,1,0.6,0.7,0.30000000000000004,[1. 1.]
369,2.0,370,0,False,1.0,185.0,0.0,1,1,0,[1. 1.],[2 1],,1,0.6,0.7,0.30000000000000004,[1. 1.]
370,0.0,371,1,False,0.0,186.0,2.0,1,0,1,[1. 1.],[2 1],,1,0.6,0.7,0.30000000000000004,[1. 1.]
371,2.0,372,0,False,1.0,186.0,0.0,1,1,0,[0. 1.],[2 1],,1,0.6,0.7,0.30000000000000004,[1. 1.]
372,0.0,373,1,False,0.0,187.0,2.0,1,0,1,[0. 1.],[2 1],,1,0.6,0.7,0.30000000000000004,[1. 1.]
373,2.0,374,0,False,1.0,187.0,0.0,1,1,0,[0. 1.],[2 1],,1,0.6,0.7,0.30000000000000004,[1. 1.]
374,0.0,375,1,False,0.0,188.0,2.0,1,0,1,[0. 1.],[2 1],,1,0.6,0.7,0.30000000000000004,[1. 1.]
375,2.0,376,0,False,1.0,188.0,0.0,1,1,0,[0. 1.],[2 1],,1,0.6,0.7,0.30000000000000004,[1. 1.]
376,0.0,377,1,False,0.0,189.0,2.0,1,0,1,[0. 1.],[2 1],,1,0.6,0.7,0.30000000000000004,[1. 1.]
377,2.0,378,0,False,1.0,189.0,0.0,1,1,0,[0. 0.],[2 1],1.0,1,0.6,0.7,0.30000000000000004,[1. 1.]
378,0.0,379,1,False,0.0,190.0,2.0,1,0,1,[0. 0.],[2 1],1.0,1,0.6,0.7,0.30000000000000004,[1. 1.]
379,2.0,380,0,False,0.0,190.0,0.0,1,1,0,[1. 1.],[2 1],0.0,1,0.6,0.7,0.30000000000000004,[1. 1.]
380,0.0,381,1,False,0.0,191.0,1.0,1,0,1,[1. 1.],[2 1],0.0,1,0.6,0.7,0.30000000000000004,[1. 1.]
381,1.0,382,0,False,1.0,191.0,0.0,1,1,0,[0. 1.],[1 2],0.0,1,0.6,0.7,0.30000000000000004,[1. 1.]
382,0.0,383,1,False,0.0,192.0,1.0,1,0,1,[0. 1.],[1 2],0.0,1,0.6,0.7,0.30000000000000004,[1. 1.]
383,1.0,384,0,False,0.0,192.0,0.0,1,1,0,[1. 1.],[1 2],,1,0.6,0.7,0.30000000000000004,[1. 1.]
384,0.0,385,1,False,0.0,193.0,1.0,1,0,1,[1. 1.],[1 2],,1,0.6,0.7,0.30000000000000004,[1. 1.]
385,1.0,386,0,False,1.0,193.0,0.0,1,1,0,[0. 1.],[2 1],,1,0.6,0.7,0.30000000000000004,[1. 1.]
386,0.0,387,1,False,0.0,194.0,2.0,1,0,1,[0. 1.],[2 1],,1,0.6,0.7,0.30000000000000004,[1. 1.]
387,2.0,388,0,False,1.0,194.0,0.0,1,1,0,[0. 1.],[2 1],0.0,1,0.6,0.7,0.30000000000000004,[1. 1.]
388,0.0,389,1,False,0.0,195.0,1.0,1,0,1,[0. 1.],[2 1],0.0,1,0.6,0.7,0.30000000000000004,[1. 1.]
389,1.0,390,0,False,1.0,195.0,0.0,1,1,0,[0. 1.],[2 1],,1,0.6,0.7,0.30000000000000004,[1. 1.]
390,0.0,391,1,False,0.0,196.0,2.0,1,0,1,[0. 1.],[2 1],,1,0.6,0.7,0.30000000000000004,[1. 1.]
391,2.0,392,0,False,1.0,196.0,0.0,1,1,0,[0. 0.],[2 1],1.0,1,0.6,0.7,0.30000000000000004,[1. 1.]
392,0.0,393,1,False,0.0,197.0,2.0,1,0,1,[0. 0.],[2 1],1.0,1,0.6,0.7,0.30000000000000004,[1. 1.]
393,2.0,394,0,False,0.0,197.0,0.0,1,1,0,[0. 1.],[2 1],,1,0.6,0.7,0.30000000000000004,[1. 1.]
394,0.0,395,1,False,0.0,198.0,2.0,1,0,1,[0. 1.],[2 1],,1,0.6,0.7,0.30000000000000004,[1. 1.]
395,2.0,396,0,False,1.0,198.0,0.0,1,1,0,[0. 1.],[2 1],,1,0.6,0.7,0.30000000000000004,[1. 1.]
396,0.0,397,1,False,0.0,199.0,2.0,1,0,1,[0. 1.],[2 1],,1,0.6,0.7,0.30000000000000004,[1. 1.]
397,2.0,398,0,False,1.0,199.0,0.0,1,1,0,[0. 1.],[2 1],1.0,1,0.6,0.7,0.30000000000000004,[1. 1.]
398,0.0,399,1,False,0.0,200.0,2.0,1,0,1,[0. 1.],[2 1],1.0,1,0.6,0.7,0.30000000000000004,[1. 1.]
399,2.0,400,0,False,1.0,200.0,0.0,1,1,0,[0. 1.],[2 1],,1,0.6,0.7,0.30000000000000004,[1. 1.]
400,0.0,401,1,False,0.0,201.0,2.0,1,0,1,[0. 1.],[2 1],,1,0.6,0.7,0.30000000000000004,[1. 1.]
401,2.0,402,0,False,1.0,201.0,0.0,1,1,0,[0. 0.],[2 1],1.0,1,0.6,0.7,0.30000000000000004,[1. 1.]
402,0.0,403,1,False,0.0,202.0,2.0,1,0,1,[0. 0.],[2 1],1.0,1,0.6,0.7,0.30000000000000004,[1. 1.]
403,2.0,404,0,False,0.0,202.0,0.0,1,1,0,[1. 1.],[2 1],1.0,1,0.6,0.7,0.30000000000000004,[1. 1.]
404,0.0,405,1,False,0.0,203.0,2.0,1,0,1,[1. 1.],[2 1],1.0,1,0.6,0.7,0.30000000000000004,[1. 1.]
405,2.0,406,0,False,1.0,203.0,0.0,1,1,0,[0. 0.],[2 1],,1,0.6,0.7,0.30000000000000004,[1. 1.]
406,0.0,407,1,False,0.0,204.0,2.0,1,0,1,[0. 0.],[2 1],,1,0.6,0.7,0.30000000000000004,[1. 1.]
407,2.0,408,0,False,0.0,204.0,0.0,1,1,0,[0. 1.],[2 1],1.0,1,0.6,0.7,0.30000000000000004,[1. 1.]
408,0.0,409,1,False,0.0,205.0,2.0,1,0,1,[0. 1.],[2 1],1.0,1,0.6,0.7,0.30000000000000004,[1. 1.]
409,2.0,410,0,False,1.0,205.0,0.0,1,1,0,[0. 1.],[1 2],1.0,1,0.6,0.7,0.30000000000000004,[1. 1.]
410,0.0,411,1,False,0.0,206.0,2.0,1,0,1,[0. 1.],[1 2],1.0,1,0.6,0.7,0.30000000000000004,[1. 1.]
411,2.0,412,0,False,0.0,206.0,0.0,1,1,0,[1. 0.],[1 2],1.0,1,0.6,0.7,0.30000000000000004,[1. 1.]
412,0.0,413,1,False,0.0,207.0,2.0,1,0,1,[1. 0.],[1 2],1.0,1,0.6,0.7,0.30000000000000004,[1. 1.]
413,2.0,414,0,False,1.0,207.0,0.0,1,1,0,[0. 1.],[1 2],1.0,1,0.6,0.7,0.30000000000000004,[1. 1.]
414,0.0,415,1,False,0.0,208.0,2.0,1,0,1,[0. 1.],[1 2],1.0,1,0.6,0.7,0.30000000000000004,[1. 1.]
415,2.0,416,0,False,0.0,208.0,0.0,1,1,0,[0. 0.],[1 2],1.0,1,0.6,0.7,0.30000000000000004,[1. 1.]
416,0.0,417,1,False,0.0,209.0,2.0,1,0,1,[0. 0.],[1 2],1.0,1,0.6,0.7,0.30000000000000004,[1. 1.]
417,2.0,418,0,False,0.0,209.0,0.0,1,1,0,[0. 1.],[1 2],0.0,1,0.6,0.7,0.30000000000000004,[1. 1.]
418,0.0,419,1,False,0.0,210.0,1.0,1,0,1,[0. 1.],[1 2],0.0,1,0.6,0.7,0.30000000000000004,[1. 1.]
419,1.0,420,0,False,0.0,210.0,0.0,1,1,0,[0. 1.],[1 2],0.0,1,0.6,0.7,0.30000000000000004,[1. 1.]
420,0.0,421,1,False,0.0,211.0,1.0,1,0,1,[0. 1.],[1 2],0.0,1,0.6,0.7,0.30000000000000004,[1. 1.]
421,1.0,422,0,False,0.0,211.0,0.0,1,1,0,[1. 0.],[1 2],,0,0.6,0.7,0.30000000000000004,[1. 1.]
422,0.0,423,1,False,0.0,212.0,2.0,1,0,2,[1. 0.],[1 2],,0,0.6,0.7,0.30000000000000004,[1. 1.]
423,2.0,424,0,False,0.0,212.0,0.0,1,1,0,[1. 0.],[1 2],,0,0.6,0.7,0.30000000000000004,[1. 1.]
424,0.0,425,1,False,0.0,213.0,2.0,1,0,2,[1. 0.],[1 2],,0,0.6,0.7,0.30000000000000004,[1. 1.]
425,2.0,426,0,False,0.0,213.0,0.0,1,1,0,[0. 1.],[1 2],1.0,0,0.6,0.7,0.30000000000000004,[1. 1.]
426,0.0,427,1,False,0.0,214.0,2.0,1,0,1,[0. 1.],[1 2],1.0,0,0.6,0.7,0.30000000000000004,[1. 1.]
427,2.0,428,0,False,0.0,214.0,0.0,1,1,0,[1. 0.],[1 2],1.0,0,0.6,0.7,0.30000000000000004,[1. 1.]
428,0.0,429,1,False,0.0,215.0,2.0,1,0,1,[1. 0.],[1 2],1.0,0,0.6,0.7,0.30000000000000004,[1. 1.]
429,2.0,430,0,False,1.0,215.0,0.0,1,1,0,[0. 0.],[1 2],,0,0.6,0.7,0.30000000000000004,[1. 1.]
430,0.0,431,1,False,0.0,216.0,1.0,1,0,1,[0. 0.],[1 2],,0,0.6,0.7,0.30000000000000004,[1. 1.]
431,1.0,432,0,False,0.0,216.0,0.0,1,1,0,[1. 0.],[1 2],,0,0.6,0.7,0.30000000000000004,[1. 1.]
432,0.0,433,1,False,0.0,217.0,1.0,1,0,1,[1. 0.],[1 2],,0,0.6,0.7,0.30000000000000004,[1. 1.]
433,1.0,434,0,False,1.0,217.0,0.0,1,1,0,[1. 0.],[1 2],,0,0.6,0.7,0.30000000000000004,[1. 1.]
434,0.0,435,1,False,0.0,218.0,1.0,1,0,1,[1. 0.],[1 2],,0,0.6,0.7,0.30000000000000004,[1. 1.]
435,1.0,436,0,False,1.0,218.0,0.0,1,1,0,[1. 0.],[1 2],,0,0.6,0.7,0.30000000000000004,[1. 1.]
436,0.0,437,1,False,0.0,219.0,1.0,1,0,1,[1. 0.],[1 2],,0,0.6,0.7,0.30000000000000004,[1. 1.]
437,1.0,438,0,False,1.0,219.0,0.0,1,1,0,[1. 0.],[1 2],,0,0.6,0.7,0.30000000000000004,[1. 1.]
438,0.0,439,1,False,0.0,220.0,1.0,1,0,1,[1. 0.],[1 2],,0,0.6,0.7,0.30000000000000004,[1. 1.]
439,1.0,440,0,False,1.0,220.0,0.0,1,1,0,[1. 0.],[1 2],0.0,0,0.6,0.7,0.30000000000000004,[1. 1.]
440,0.0,441,1,False,0.0,221.0,1.0,1,0,1,[1. 0.],[1 2],0.0,0,0.6,0.7,0.30000000000000004,[1. 1.]
441,1.0,442,0,False,1.0,221.0,0.0,1,1,0,[1. 1.],[1 2],0.0,0,0.6,0.7,0.30000000000000004,[1. 1.]
442,0.0,443,1,False,0.0,222.0,1.0,1,0,1,[1. 1.],[1 2],0.0,0,0.6,0.7,0.30000000000000004,[1. 1.]
443,1.0,444,0,False,1.0,222.0,0.0,1,1,0,[1. 0.],[1 2],1.0,0,0.6,0.7,0.30000000000000004,[1. 1.]
444,0.0,445,1,False,0.0,223.0,2.0,1,0,1,[1. 0.],[1 2],1.0,0,0.6,0.7,0.30000000000000004,[1. 1.]
445,2.0,446,0,False,1.0,223.0,0.0,1,1,0,[1. 1.],[1 2],1.0,0,0.6,0.7,0.30000000000000004,[1. 1.]
446,0.0,447,1,False,0.0,224.0,2.0,1,0,1,[1. 1.],[1 2],1.0,0,0.6,0.7,0.30000000000000004,[1. 1.]
447,2.0,448,0,False,1.0,224.0,0.0,1,1,0,[1. 0.],[1 2],0.0,0,0.6,0.7,0.30000000000000004,[1. 1.]
448,0.0,449,1,False,0.0,225.0,1.0,1,0,1,[1. 0.],[1 2],0.0,0,0.6,0.7,0.30000000000000004,[1. 1.]
449,1.0,450,0,False,1.0,225.0,0.0,1,1,0,[1. 0.],[1 2],0.0,0,0.6,0.7,0.30000000000000004,[1. 1.]
450,0.0,451,1,False,0.0,226.0,1.0,1,0,1,[1. 0.],[1 2],0.0,0,0.6,0.7,0.30000000000000004,[1. 1.]
451,1.0,452,0,False,1.0,226.0,0.0,1,1,0,[1. 0.],[1 2],,0,0.6,0.7,0.30000000000000004,[1. 1.]
452,0.0,453,1,False,0.0,227.0,1.0,1,0,1,[1. 0.],[1 2],,0,0.6,0.7,0.30000000000000004,[1. 1.]
453,1.0,454,0,False,1.0,227.0,0.0,1,1,0,[1. 0.],[1 2],0.0,0,0.6,0.7,0.30000000000000004,[1. 1.]
454,0.0,455,1,False,0.0,228.0,1.0,1,0,1,[1. 0.],[1 2],0.0,0,0.6,0.7,0.30000000000000004,[1. 1.]
455,1.0,456,0,False,1.0,228.0,0.0,1,1,0,[0. 1.],[1 2],,0,0.6,0.7,0.30000000000000004,[1. 1.]
456,0.0,457,1,False,0.0,229.0,1.0,1,0,1,[0. 1.],[1 2],,0,0.6,0.7,0.30000000000000004,[1. 1.]
457,1.0,458,0,False,0.0,229.0,0.0,1,1,0,[0. 1.],[1 2],,0,0.6,0.7,0.30000000000000004,[1. 1.]
458,0.0,459,1,False,0.0,230.0,1.0,1,0,1,[0. 1.],[1 2],,0,0.6,0.7,0.30000000000000004,[1. 1.]
459,1.0,460,0,False,0.0,230.0,0.0,1,1,0,[0. 0.],[1 2],,0,0.6,0.7,0.30000000000000004,[1. 1.]
460,0.0,461,1,False,0.0,231.0,2.0,1,0,2,[0. 0.],[1 2],,0,0.6,0.7,0.30000000000000004,[1. 1.]
461,2.0,462,0,False,0.0,231.0,0.0,1,1,0,[1. 0.],[1 2],0.0,0,0.6,0.7,0.30000000000000004,[1. 1.]
462,0.0,463,1,False,0.0,232.0,1.0,1,0,1,[1. 0.],[1 2],0.0,0,0.6,0.7,0.30000000000000004,[1. 1.]
463,1.0,464,0,False,1.0,232.0,0.0,1,1,0,[1. 0.],[1 2],0.0,0,0.6,0.7,0.30000000000000004,[1. 1.]
464,0.0,465,1,False,0.0,233.0,1.0,1,0,1,[1. 0.],[1 2],0.0,0,0.6,0.7,0.30000000000000004,[1. 1.]
465,1.0,466,0,False,1.0,233.0,0.0,1,1,0,[1. 0.],[1 2],1.0,0,0.6,0.7,0.30000000000000004,[1. 1.]
466,0.0,467,1,False,0.0,234.0,2.0,1,0,1,[1. 0.],[1 2],1.0,0,0.6,0.7,0.30000000000000004,[1. 1.]
467,2.0,468,0,False,1.0,234.0,0.0,1,1,0,[1. 0.],[1 2],0.0,0,0.6,0.7,0.30000000000000004,[1. 1.]
468,0.0,469,1,False,0.0,235.0,1.0,1,0,1,[1. 0.],[1 2],0.0,0,0.6,0.7,0.30000000000000004,[1. 1.]
469,1.0,470,0,False,1.0,235.0,0.0,1,1,0,[1. 0.],[1 2],0.0,0,0.6,0.7,0.30000000000000004,[1. 1.]
470,0.0,471,1,False,0.0,236.0,1.0,1,0,1,[1. 0.],[1 2],0.0,0,0.6,0.7,0.30000000000000004,[1. 1.]
471,1.0,472,0,False,1.0,236.0,0.0,1,1,0,[0. 0.],[1 2],0.0,0,0.6,0.7,0.30000000000000004,[1. 1.]
472,0.0,473,1,False,0.0,237.0,1.0,1,0,1,[0. 0.],[1 2],0.0,0,0.6,0.7,0.30000000000000004,[1. 1.]
473,1.0,474,0,False,0.0,237.0,0.0,1,1,0,[1. 1.],[1 2],,0,0.6,0.7,0.30000000000000004,[1. 1.]
474,0.0,475,1,False,0.0,238.0,1.0,1,0,1,[1. 1.],[1 2],,0,0.6,0.7,0.30000000000000004,[1. 1.]
475,1.0,476,0,False,1.0,238.0,0.0,1,1,0,[1. 0.],[1 2],1.0,0,0.6,0.7,0.30000000000000004,[1. 1.]
476,0.0,477,1,False,0.0,239.0,2.0,1,0,1,[1. 0.],[1 2],1.0,0,0.6,0.7,0.30000000000000004,[1. 1.]
477,2.0,478,0,False,1.0,239.0,0.0,1,1,0,[1. 0.],[1 2],1.0,0,0.6,0.7,0.30000000000000004,[1. 1.]
478,0.0,479,1,False,0.0,240.0,2.0,1,0,1,[1. 0.],[1 2],1.0,0,0.6,0.7,0.30000000000000004,[1. 1.]
479,2.0,480,0,False,1.0,240.0,0.0,1,1,0,[0. 1.],[1 2],0.0,0,0.6,0.7,0.30000000000000004,[1. 1.]
480,0.0,481,1,False,0.0,241.0,1.0,1,0,1,[0. 1.],[1 2],0.0,0,0.6,0.7,0.30000000000000004,[1. 1.]
481,1.0,482,0,False,0.0,241.0,0.0,1,1,0,[1. 0.],[1 2],1.0,0,0.6,0.7,0.30000000000000004,[1. 1.]
482,0.0,483,1,False,0.0,242.0,2.0,1,0,1,[1. 0.],[1 2],1.0,0,0.6,0.7,0.30000000000000004,[1. 1.]
483,2.0,484,0,False,1.0,242.0,0.0,1,1,0,[0. 0.],[1 2],0.0,0,0.6,0.7,0.30000000000000004,[1. 1.]
484,0.0,485,1,False,0.0,243.0,1.0,1,0,1,[0. 0.],[1 2],0.0,0,0.6,0.7,0.30000000000000004,[1. 1.]
485,1.0,486,0,False,0.0,243.0,0.0,1,1,0,[0. 0.],[1 2],,0,0.6,0.7,0.30000000000000004,[1. 1.]
486,0.0,487,1,False,0.0,244.0,1.0,1,0,1,[0. 0.],[1 2],,0,0.6,0.7,0.30000000000000004,[1. 1.]
487,1.0,488,0,False,0.0,244.0,0.0,1,1,0,[1. 0.],[1 2],0.0,0,0.6,0.7,0.30000000000000004,[1. 1.]
488,0.0,489,1,False,0.0,245.0,1.0,1,0,2,[1. 0.],[1 2],0.0,0,0.6,0.7,0.30000000000000004,[1. 1.]
489,1.0,490,0,False,0.0,245.0,0.0,1,1,0,[1. 0.],[1 2],,0,0.6,0.7,0.30000000000000004,[1. 1.]
490,0.0,491,1,False,0.0,246.0,1.0,1,0,1,[1. 0.],[1 2],,0,0.6,0.7,0.30000000000000004,[1. 1.]
491,1.0,492,0,False,1.0,246.0,0.0,1,1,0,[1. 1.],[1 2],0.0,0,0.6,0.7,0.30000000000000004,[1. 1.]
492,0.0,493,1,False,0.0,247.0,1.0,1,0,1,[1. 1.],[1 2],0.0,0,0.6,0.7,0.30000000000000004,[1. 1.]
493,1.0,494,0,False,1.0,247.0,0.0,1,1,0,[1. 1.],[1 2],0.0,0,0.6,0.7,0.30000000000000004,[1. 1.]
494,0.0,495,1,False,0.0,248.0,1.0,1,0,1,[1. 1.],[1 2],0.0,0,0.6,0.7,0.30000000000000004,[1. 1.]
495,1.0,496,0,False,1.0,248.0,0.0,1,1,0,[0. 0.],[1 2],,0,0.6,0.7,0.30000000000000004,[1. 1.]
496,0.0,497,1,False,0.0,249.0,1.0,1,0,1,[0. 0.],[1 2],,0,0.6,0.7,0.30000000000000004,[1. 1.]
497,1.0,498,0,False,0.0,249.0,0.0,1,1,0,[1. 0.],[1 2],,0,0.6,0.7,0.30000000000000004,[1. 1.]
498,0.0,499,1,False,0.0,250.0,1.0,1,0,1,[1. 0.],[1 2],,0,0.6,0.7,0.30000000000000004,[1. 1.]
499,1.0,500,0,False,1.0,250.0,0.0,1,1,0,[0. 0.],[1 2],,0,0.6,0.7,0.30000000000000004,[1. 1.]
500,0.0,501,1,False,0.0,251.0,1.0,1,0,1,[0. 0.],[1 2],,0,0.6,0.7,0.30000000000000004,[1. 1.]
501,1.0,502,0,False,0.0,251.0,0.0,1,1,0,[1. 1.],[1 2],,0,0.6,0.7,0.30000000000000004,[1. 1.]
502,0.0,503,1,False,0.0,252.0,1.0,1,0,1,[1. 1.],[1 2],,0,0.6,0.7,0.30000000000000004,[1. 1.]
503,1.0,504,0,False,1.0,252.0,0.0,1,1,0,[1. 0.],[1 2],0.0,0,0.6,0.7,0.30000000000000004,[1. 1.]
504,0.0,505,1,False,0.0,253.0,1.0,1,0,1,[1. 0.],[1 2],0.0,0,0.6,0.7,0.30000000000000004,[1. 1.]
505,1.0,506,0,False,1.0,253.0,0.0,1,1,0,[0. 0.],[1 2],0.0,0,0.6,0.7,0.30000000000000004,[1. 1.]
506,0.0,507,1,False,0.0,254.0,1.0,1,0,1,[0. 0.],[1 2],0.0,0,0.6,0.7,0.30000000000000004,[1. 1.]
507,1.0,508,0,False,0.0,254.0,0.0,1,1,0,[1. 0.],[1 2],0.0,0,0.6,0.7,0.30000000000000004,[1. 1.]
508,0.0,509,1,False,0.0,255.0,1.0,1,0,1,[1. 0.],[1 2],0.0,0,0.6,0.7,0.30000000000000004,[1. 1.]
509,1.0,510,0,False,1.0,255.0,0.0,1,1,0,[0. 1.],[1 2],1.0,1,0.6,0.7,0.30000000000000004,[1. 1.]
510,0.0,511,1,False,0.0,256.0,2.0,1,0,1,[0. 1.],[1 2],1.0,1,0.6,0.7,0.30000000000000004,[1. 1.]
511,2.0,512,0,False,0.0,256.0,0.0,1,1,0,[0. 1.],[1 2],,1,0.6,0.7,0.30000000000000004,[1. 1.]
512,0.0,513,1,False,0.0,257.0,1.0,1,0,1,[0. 1.],[1 2],,1,0.6,0.7,0.30000000000000004,[1. 1.]
513,1.0,514,0,False,0.0,257.0,0.0,1,1,0,[1. 1.],[1 2],,1,0.6,0.7,0.30000000000000004,[1. 1.]
514,0.0,515,1,False,0.0,258.0,2.0,1,0,2,[1. 1.],[1 2],,1,0.6,0.7,0.30000000000000004,[1. 1.]
515,2.0,516,0,False,1.0,258.0,0.0,1,1,0,[0. 1.],[1 2],,1,0.6,0.7,0.30000000000000004,[1. 1.]
516,0.0,517,1,False,0.0,259.0,2.0,1,0,2,[0. 1.],[1 2],,1,0.6,0.7,0.30000000000000004,[1. 1.]
517,2.0,518,0,False,1.0,259.0,0.0,1,1,0,[0. 1.],[1 2],1.0,1,0.6,0.7,0.30000000000000004,[1. 1.]
518,0.0,519,1,False,0.0,260.0,2.0,1,0,2,[0. 1.],[1 2],1.0,1,0.6,0.7,0.30000000000000004,[1. 1.]
519,2.0,520,0,False,1.0,260.0,0.0,1,1,0,[0. 1.],[1 2],1.0,1,0.6,0.7,0.30000000000000004,[1. 1.]
520,0.0,521,1,False,0.0,261.0,2.0,1,0,2,[0. 1.],[1 2],1.0,1,0.6,0.7,0.30000000000000004,[1. 1.]
521,2.0,522,0,False,1.0,261.0,0.0,1,1,0,[0. 1.],[1 2],,1,0.6,0.7,0.30000000000000004,[1. 1.]
522,0.0,523,1,False,0.0,262.0,2.0,1,0,2,[0. 1.],[1 2],,1,0.6,0.7,0.30000000000000004,[1. 1.]
523,2.0,524,0,False,1.0,262.0,0.0,1,1,0,[1. 1.],[1 2],,1,0.6,0.7,0.30000000000000004,[1. 1.]
524,0.0,525,1,False,0.0,263.0,2.0,1,0,2,[1. 1.],[1 2],,1,0.6,0.7,0.30000000000000004,[1. 1.]
525,2.0,526,0,False,1.0,263.0,0.0,1,1,0,[1. 0.],[1 2],1.0,1,0.6,0.7,0.30000000000000004,[1. 1.]
526,0.0,527,1,False,0.0,264.0,2.0,1,0,2,[1. 0.],[1 2],1.0,1,0.6,0.7,0.30000000000000004,[1. 1.]
527,2.0,528,0,False,0.0,264.0,0.0,1,1,0,[0. 0.],[1 2],1.0,1,0.6,0.7,0.30000000000000004,[1. 1.]
528,0.0,529,1,False,0.0,265.0,2.0,1,0,2,[0. 0.],[1 2],1.0,1,0.6,0.7,0.30000000000000004,[1. 1.]
529,2.0,530,0,False,0.0,265.0,0.0,1,1,0,[1. 1.],[1 2],,1,0.6,0.7,0.30000000000000004,[1. 1.]
530,0.0,531,1,False,0.0,266.0,2.0,1,0,2,[1. 1.],[1 2],,1,0.6,0.7,0.30000000000000004,[1. 1.]
531,2.0,532,0,False,1.0,266.0,0.0,1,1,0,[0. 0.],[1 2],,1,0.6,0.7,0.30000000000000004,[1. 1.]
532,0.0,533,1,False,0.0,267.0,2.0,1,0,2,[0. 0.],[1 2],,1,0.6,0.7,0.30000000000000004,[1. 1.]
533,2.0,534,0,False,0.0,267.0,0.0,1,1,0,[0. 0.],[1 2],0.0,1,0.6,0.7,0.30000000000000004,[1. 1.]
534,0.0,535,1,False,0.0,268.0,1.0,1,0,2,[0. 0.],[1 2],0.0,1,0.6,0.7,0.30000000000000004,[1. 1.]
535,1.0,536,0,False,0.0,268.0,0.0,1,1,0,[0. 1.],[1 2],0.0,1,0.6,0.7,0.30000000000000004,[1. 1.]
536,0.0,537,1,False,0.0,269.0,1.0,1,0,2,[0. 1.],[1 2],0.0,1,0.6,0.7,0.30000000000000004,[1. 1.]
537,1.0,538,0,False,1.0,269.0,0.0,1,1,0,[1. 1.],[1 2],1.0,1,0.6,0.7,0.30000000000000004,[1. 1.]
538,0.0,539,1,False,0.0,270.0,2.0,1,0,2,[1. 1.],[1 2],1.0,1,0.6,0.7,0.30000000000000004,[1. 1.]
539,2.0,540,0,False,1.0,270.0,0.0,1,1,0,[1. 0.],[2 1],1.0,1,0.6,0.7,0.30000000000000004,[1. 1.]
540,0.0,541,1,False,0.0,271.0,2.0,1,0,2,[1. 0.],[2 1],1.0,1,0.6,0.7,0.30000000000000004,[1. 1.]
541,2.0,542,0,False,1.0,271.0,0.0,1,1,0,[0. 1.],[2 1],,1,0.6,0.7,0.30000000000000004,[1. 1.]
542,0.0,543,1,False,0.0,272.0,1.0,1,0,2,[0. 1.],[2 1],,1,0.6,0.7,0.30000000000000004,[1. 1.]
543,1.0,544,0,False,0.0,272.0,0.0,1,1,0,[0. 1.],[2 1],0.0,1,0.6,0.7,0.30000000000000004,[1. 1.]
544,0.0,545,1,False,0.0,273.0,1.0,1,0,2,[0. 1.],[2 1],0.0,1,0.6,0.7,0.30000000000000004,[1. 1.]
545,1.0,546,0,False,0.0,273.0,0.0,1,1,0,[1. 1.],[2 1],1.0,1,0.6,0.7,0.30000000000000004,[1. 1.]
546,0.0,547,1,False,0.0,274.0,2.0,1,0,1,[1. 1.],[2 1],1.0,1,0.6,0.7,0.30000000000000004,[1. 1.]
547,2.0,548,0,False,1.0,274.0,0.0,1,1,0,[0. 0.],[2 1],0.0,1,0.6,0.7,0.30000000000000004,[1. 1.]
548,0.0,549,1,False,0.0,275.0,1.0,1,0,1,[0. 0.],[2 1],0.0,1,0.6,0.7,0.30000000000000004,[1. 1.]
549,1.0,550,0,False,0.0,275.0,0.0,1,1,0,[0. 0.],[2 1],,1,0.6,0.7,0.30000000000000004,[1. 1.]
550,0.0,551,1,False,0.0,276.0,2.0,1,0,1,[0. 0.],[2 1],,1,0.6,0.7,0.30000000000000004,[1. 1.]
551,2.0,552,0,False,0.0,276.0,0.0,1,1,0,[1. 1.],[2 1],1.0,1,0.6,0.7,0.30000000000000004,[1. 1.]
552,0.0,553,1,False,0.0,277.0,2.0,1,0,1,[1. 1.],[2 1],1.0,1,0.6,0.7,0.30000000000000004,[1. 1.]
553,2.0,554,0,False,1.0,277.0,0.0,1,1,0,[0. 1.],[2 1],1.0,1,0.6,0.7,0.30000000000000004,[1. 1.]
554,0.0,555,1,False,0.0,278.0,2.0,1,0,1,[0. 1.],[2 1],1.0,1,0.6,0.7,0.30000000000000004,[1. 1.]
555,2.0,556,0,False,1.0,278.0,0.0,1,1,0,[0. 0.],[2 1],1.0,1,0.6,0.7,0.30000000000000004,[1. 1.]
556,0.0,557,1,False,0.0,279.0,2.0,1,0,1,[0. 0.],[2 1],1.0,1,0.6,0.7,0.30000000000000004,[1. 1.]
557,2.0,558,0,False,0.0,279.0,0.0,1,1,0,[0. 1.],[2 1],1.0,1,0.6,0.7,0.30000000000000004,[1. 1.]
558,0.0,559,1,False,0.0,280.0,2.0,1,0,1,[0. 1.],[2 1],1.0,1,0.6,0.7,0.30000000000000004,[1. 1.]
559,2.0,560,0,False,1.0,280.0,0.0,1,1,0,[0. 1.],[2 1],1.0,1,0.6,0.7,0.30000000000000004,[1. 1.]
560,0.0,561,1,False,0.0,281.0,2.0,1,0,1,[0. 1.],[2 1],1.0,1,0.6,0.7,0.30000000000000004,[1. 1.]
561,2.0,562,0,False,1.0,281.0,0.0,1,1,0,[1. 1.],[2 1],1.0,1,0.6,0.7,0.30000000000000004,[1. 1.]
562,0.0,563,1,False,0.0,282.0,2.0,1,0,1,[1. 1.],[2 1],1.0,1,0.6,0.7,0.30000000000000004,[1. 1.]
563,2.0,564,0,False,1.0,282.0,0.0,1,1,0,[0. 1.],[2 1],0.0,1,0.6,0.7,0.30000000000000004,[1. 1.]
564,0.0,565,1,False,0.0,283.0,1.0,1,0,1,[0. 1.],[2 1],0.0,1,0.6,0.7,0.30000000000000004,[1. 1.]
565,1.0,566,0,False,1.0,283.0,0.0,1,1,0,[1. 1.],[2 1],1.0,1,0.6,0.7,0.30000000000000004,[1. 1.]
566,0.0,567,1,False,0.0,284.0,2.0,1,0,1,[1. 1.],[2 1],1.0,1,0.6,0.7,0.30000000000000004,[1. 1.]
567,2.0,568,0,False,1.0,284.0,0.0,1,1,0,[0. 1.],[2 1],0.0,1,0.6,0.7,0.30000000000000004,[1. 1.]
568,0.0,569,1,False,0.0,285.0,1.0,1,0,1,[0. 1.],[2 1],0.0,1,0.6,0.7,0.30000000000000004,[1. 1.]
569,1.0,570,0,False,1.0,285.0,0.0,1,1,0,[0. 1.],[2 1],0.0,1,0.6,0.7,0.30000000000000004,[1. 1.]
570,0.0,571,1,False,0.0,286.0,1.0,1,0,1,[0. 1.],[2 1],0.0,1,0.6,0.7,0.30000000000000004,[1. 1.]
571,1.0,572,0,False,1.0,286.0,0.0,1,1,0,[1. 0.],[2 1],,1,0.6,0.7,0.30000000000000004,[1. 1.]
572,0.0,573,1,False,0.0,287.0,2.0,1,0,1,[1. 0.],[2 1],,1,0.6,0.7,0.30000000000000004,[1. 1.]
573,2.0,574,0,False,0.0,287.0,0.0,1,1,0,[0. 1.],[2 1],0.0,1,0.6,0.7,0.30000000000000004,[1. 1.]
574,0.0,575,1,False,0.0,288.0,1.0,1,0,1,[0. 1.],[2 1],0.0,1,0.6,0.7,0.30000000000000004,[1. 1.]
575,1.0,576,0,False,1.0,288.0,0.0,1,1,0,[1. 1.],[2 1],1.0,1,0.6,0.7,0.30000000000000004,[1. 1.]
576,0.0,577,1,False,0.0,289.0,2.0,1,0,1,[1. 1.],[2 1],1.0,1,0.6,0.7,0.30000000000000004,[1. 1.]
577,2.0,578,0,False,1.0,289.0,0.0,1,1,0,[0. 1.],[2 1],0.0,1,0.6,0.7,0.30000000000000004,[1. 1.]
578,0.0,579,1,False,0.0,290.0,1.0,1,0,1,[0. 1.],[2 1],0.0,1,0.6,0.7,0.30000000000000004,[1. 1.]
579,1.0,580,0,False,1.0,290.0,0.0,1,1,0,[0. 0.],[2 1],0.0,1,0.6,0.7,0.30000000000000004,[1. 1.]
580,0.0,581,1,False,0.0,291.0,1.0,1,0,1,[0. 0.],[2 1],0.0,1,0.6,0.7,0.30000000000000004,[1. 1.]
581,1.0,582,0,False,0.0,291.0,0.0,1,1,0,[0. 0.],[2 1],,1,0.6,0.7,0.30000000000000004,[1. 1.]
582,0.0,583,1,False,0.0,292.0,2.0,1,0,1,[0. 0.],[2 1],,1,0.6,0.7,0.30000000000000004,[1. 1.]
583,2.0,584,0,False,0.0,292.0,0.0,1,1,0,[1. 1.],[2 1],,1,0.6,0.7,0.30000000000000004,[1. 1.]
584,0.0,585,1,False,0.0,293.0,2.0,1,0,1,[1. 1.],[2 1],,1,0.6,0.7,0.30000000000000004,[1. 1.]
585,2.0,586,0,False,1.0,293.0,0.0,1,1,0,[1. 1.],[2 1],,1,0.6,0.7,0.30000000000000004,[1. 1.]
586,0.0,587,1,False,0.0,294.0,2.0,1,0,1,[1. 1.],[2 1],,1,0.6,0.7,0.30000000000000004,[1. 1.]
587,2.0,588,0,False,1.0,294.0,0.0,1,1,0,[0. 0.],[2 1],0.0,1,0.6,0.7,0.30000000000000004,[1. 1.]
588,0.0,589,1,False,0.0,295.0,1.0,1,0,1,[0. 0.],[2 1],0.0,1,0.6,0.7,0.30000000000000004,[1. 1.]
589,1.0,590,0,False,0.0,295.0,0.0,1,1,0,[0. 1.],[2 1],0.0,1,0.6,0.7,0.30000000000000004,[1. 1.]
590,0.0,591,1,False,0.0,296.0,1.0,1,0,1,[0. 1.],[2 1],0.0,1,0.6,0.7,0.30000000000000004,[1. 1.]
591,1.0,592,0,False,1.0,296.0,0.0,1,1,0,[0. 1.],[2 1],,1,0.6,0.7,0.30000000000000004,[1. 1.]
592,0.0,593,1,False,0.0,297.0,2.0,1,0,1,[0. 1.],[2 1],,1,0.6,0.7,0.30000000000000004,[1. 1.]
593,2.0,594,0,False,1.0,297.0,0.0,1,1,0,[0. 0.],[2 1],,1,0.6,0.7,0.30000000000000004,[1. 1.]
594,0.0,595,1,False,0.0,298.0,2.0,1,0,1,[0. 0.],[2 1],,1,0.6,0.7,0.30000000000000004,[1. 1.]
595,2.0,596,0,False,0.0,298.0,0.0,1,1,0,[0. 0.],[2 1],,1,0.6,0.7,0.30000000000000004,[1. 1.]
596,0.0,597,1,False,0.0,299.0,2.0,1,0,1,[0. 0.],[2 1],,1,0.6,0.7,0.30000000000000004,[1. 1.]
597,2.0,598,0,False,0.0,299.0,0.0,1,1,0,[0. 1.],[2 1],0.0,1,0.6,0.7,0.30000000000000004,[1. 1.]
598,0.0,599,1,False,0.0,300.0,1.0,1,0,1,[0. 1.],[2 1],0.0,1,0.6,0.7,0.30000000000000004,[1. 1.]
599,1.0,600,0,False,1.0,300.0,0.0,1,1,0,[0. 0.],[2 1],1.0,1,0.6,0.7,0.30000000000000004,[1. 1.]
600,0.0,601,1,False,0.0,301.0,2.0,1,0,1,[0. 0.],[2 1],1.0,1,0.6,0.7,0.30000000000000004,[1. 1.]
601,2.0,602,0,False,0.0,301.0,0.0,1,1,0,[1. 1.],[2 1],0.0,1,0.6,0.7,0.30000000000000004,[1. 1.]
602,0.0,603,1,False,0.0,302.0,1.0,1,0,1,[1. 1.],[2 1],0.0,1,0.6,0.7,0.30000000000000004,[1. 1.]
603,1.0,604,0,False,1.0,302.0,0.0,1,1,0,[0. 1.],[2 1],,1,0.6,0.7,0.30000000000000004,[1. 1.]
604,0.0,605,1,False,0.0,303.0,2.0,1,0,1,[0. 1.],[2 1],,1,0.6,0.7,0.30000000000000004,[1. 1.]
605,2.0,606,0,False,1.0,303.0,0.0,1,1,0,[0. 1.],[2 1],1.0,1,0.6,0.7,0.30000000000000004,[1. 1.]
606,0.0,607,1,False,0.0,304.0,2.0,1,0,1,[0. 1.],[2 1],1.0,1,0.6,0.7,0.30000000000000004,[1. 1.]
607,2.0,608,0,False,1.0,304.0,0.0,1,1,0,[0. 0.],[2 1],0.0,1,0.6,0.7,0.30000000000000004,[1. 1.]
608,0.0,609,1,False,0.0,305.0,1.0,1,0,1,[0. 0.],[2 1],0.0,1,0.6,0.7,0.30000000000000004,[1. 1.]
609,1.0,610,0,False,0.0,305.0,0.0,1,1,0,[0. 1.],[2 1],1.0,1,0.6,0.7,0.30000000000000004,[1. 1.]
610,0.0,611,1,False,0.0,306.0,2.0,1,0,1,[0. 1.],[2 1],1.0,1,0.6,0.7,0.30000000000000004,[1. 1.]
611,2.0,612,0,False,1.0,306.0,0.0,1,1,0,[0. 1.],[2 1],1.0,1,0.6,0.7,0.30000000000000004,[1. 1.]
612,0.0,613,1,False,0.0,307.0,2.0,1,0,1,[0. 1.],[2 1],1.0,1,0.6,0.7,0.30000000000000004,[1. 1.]
613,2.0,614,0,False,1.0,307.0,0.0,1,1,0,[0. 1.],[2 1],,1,0.6,0.7,0.30000000000000004,[1. 1.]
614,0.0,615,1,False,0.0,308.0,2.0,1,0,1,[0. 1.],[2 1],,1,0.6,0.7,0.30000000000000004,[1. 1.]
615,2.0,616,0,False,1.0,308.0,0.0,1,1,0,[0. 1.],[2 1],0.0,1,0.6,0.7,0.30000000000000004,[1. 1.]
616,0.0,617,1,False,0.0,309.0,1.0,1,0,1,[0. 1.],[2 1],0.0,1,0.6,0.7,0.30000000000000004,[1. 1.]
617,1.0,618,0,False,1.0,309.0,0.0,1,1,0,[1. 1.],[2 1],,1,0.6,0.7,0.30000000000000004,[1. 1.]
618,0.0,619,1,False,0.0,310.0,2.0,1,0,1,[1. 1.],[2 1],,1,0.6,0.7,0.30000000000000004,[1. 1.]
619,2.0,620,0,False,1.0,310.0,0.0,1,1,0,[1. 1.],[2 1],,1,0.6,0.7,0.30000000000000004,[1. 1.]
620,0.0,621,1,False,0.0,311.0,2.0,1,0,1,[1. 1.],[2 1],,1,0.6,0.7,0.30000000000000004,[1. 1.]
621,2.0,622,0,False,1.0,311.0,0.0,1,1,0,[0. 0.],[2 1],1.0,1,0.6,0.7,0.30000000000000004,[1. 1.]
622,0.0,623,1,False,0.0,312.0,2.0,1,0,1,[0. 0.],[2 1],1.0,1,0.6,0.7,0.30000000000000004,[1. 1.]
623,2.0,624,0,False,0.0,312.0,0.0,1,1,0,[0. 0.],[2 1],1.0,1,0.6,0.7,0.30000000000000004,[1. 1.]
624,0.0,625,1,False,0.0,313.0,2.0,1,0,1,[0. 0.],[2 1],1.0,1,0.6,0.7,0.30000000000000004,[1. 1.]
625,2.0,626,0,False,0.0,313.0,0.0,1,1,0,[1. 1.],[2 1],0.0,1,0.6,0.7,0.30000000000000004,[1. 1.]
626,0.0,627,1,False,0.0,314.0,1.0,1,0,1,[1. 1.],[2 1],0.0,1,0.6,0.7,0.30000000000000004,[1. 1.]
627,1.0,628,0,False,1.0,314.0,0.0,1,1,0,[1. 1.],[2 1],0.0,1,0.6,0.7,0.30000000000000004,[1. 1.]
628,0.0,629,1,False,0.0,315.0,1.0,1,0,1,[1. 1.],[2 1],0.0,1,0.6,0.7,0.30000000000000004,[1. 1.]
629,1.0,630,0,False,1.0,315.0,0.0,1,1,0,[0. 1.],[2 1],,1,0.6,0.7,0.30000000000000004,[1. 1.]
630,0.0,631,1,False,0.0,316.0,2.0,1,0,1,[0. 1.],[2 1],,1,0.6,0.7,0.30000000000000004,[1. 1.]
631,2.0,632,0,False,1.0,316.0,0.0,1,1,0,[0. 1.],[2 1],,1,0.6,0.7,0.30000000000000004,[1. 1.]
632,0.0,633,1,False,0.0,317.0,2.0,1,0,1,[0. 1.],[2 1],,1,0.6,0.7,0.30000000000000004,[1. 1.]
633,2.0,634,0,False,1.0,317.0,0.0,1,1,0,[0. 1.],[2 1],,1,0.6,0.7,0.30000000000000004,[1. 1.]
634,0.0,635,1,False,0.0,318.0,2.0,1,0,1,[0. 1.],[2 1],,1,0.6,0.7,0.30000000000000004,[1. 1.]
635,2.0,636,0,False,1.0,318.0,0.0,1,1,0,[1. 0.],[2 1],1.0,1,0.6,0.7,0.30000000000000004,[1. 1.]
636,0.0,637,1,False,0.0,319.0,2.0,1,0,1,[1. 0.],[2 1],1.0,1,0.6,0.7,0.30000000000000004,[1. 1.]
637,2.0,638,0,False,0.0,319.0,0.0,1,1,0,[0. 0.],[2 1],0.0,1,0.6,0.7,0.30000000000000004,[1. 1.]
638,0.0,639,1,False,0.0,320.0,1.0,1,0,1,[0. 0.],[2 1],0.0,1,0.6,0.7,0.30000000000000004,[1. 1.]
639,1.0,640,0,False,0.0,320.0,0.0,1,1,0,[0. 1.],[2 1],0.0,1,0.6,0.7,0.30000000000000004,[1. 1.]
640,0.0,641,1,False,0.0,321.0,1.0,1,0,1,[0. 1.],[2 1],0.0,1,0.6,0.7,0.30000000000000004,[1. 1.]
641,1.0,642,0,False,1.0,321.0,0.0,1,1,0,[1. 1.],[2 1],1.0,1,0.6,0.7,0.30000000000000004,[1. 1.]
642,0.0,643,1,False,0.0,322.0,2.0,1,0,1,[1. 1.],[2 1],1.0,1,0.6,0.7,0.30000000000000004,[1. 1.]
643,2.0,644,0,False,1.0,322.0,0.0,1,1,0,[1. 0.],[2 1],0.0,1,0.6,0.7,0.30000000000000004,[1. 1.]
644,0.0,645,1,False,0.0,323.0,1.0,1,0,1,[1. 0.],[2 1],0.0,1,0.6,0.7,0.30000000000000004,[1. 1.]
645,1.0,646,0,False,0.0,323.0,0.0,1,1,0,[0. 1.],[2 1],,1,0.6,0.7,0.30000000000000004,[1. 1.]
646,0.0,647,1,False,0.0,324.0,2.0,1,0,1,[0. 1.],[2 1],,1,0.6,0.7,0.30000000000000004,[1. 1.]
647,2.0,648,0,False,1.0,324.0,0.0,1,1,0,[0. 1.],[2 1],,1,0.6,0.7,0.30000000000000004,[1. 1.]
648,0.0,649,1,False,0.0,325.0,2.0,1,0,1,[0. 1.],[2 1],,1,0.6,0.7,0.30000000000000004,[1. 1.]
649,2.0,650,0,False,1.0,325.0,0.0,1,1,0,[0. 1.],[2 1],0.0,1,0.6,0.7,0.30000000000000004,[1. 1.]
650,0.0,651,1,False,0.0,326.0,1.0,1,0,1,[0. 1.],[2 1],0.0,1,0.6,0.7,0.30000000000000004,[1. 1.]
651,1.0,652,0,False,1.0,326.0,0.0,1,1,0,[1. 1.],[2 1],,1,0.6,0.7,0.30000000000000004,[1. 1.]
652,0.0,653,1,False,0.0,327.0,2.0,1,0,1,[1. 1.],[2 1],,1,0.6,0.7,0.30000000000000004,[1. 1.]
653,2.0,654,0,False,1.0,327.0,0.0,1,1,0,[1. 1.],[2 1],,1,0.6,0.7,0.30000000000000004,[1. 1.]
654,0.0,655,1,False,0.0,328.0,2.0,1,0,1,[1. 1.],[2 1],,1,0.6,0.7,0.30000000000000004,[1. 1.]
655,2.0,656,0,False,1.0,328.0,0.0,1,1,0,[0. 1.],[2 1],,1,0.6,0.7,0.30000000000000004,[1. 1.]
656,0.0,657,1,False,0.0,329.0,2.0,1,0,1,[0. 1.],[2 1],,1,0.6,0.7,0.30000000000000004,[1. 1.]
657,2.0,658,0,False,1.0,329.0,0.0,1,1,0,[1. 1.],[2 1],,1,0.6,0.7,0.30000000000000004,[1. 1.]
658,0.0,659,1,False,0.0,330.0,2.0,1,0,1,[1. 1.],[2 1],,1,0.6,0.7,0.30000000000000004,[1. 1.]
659,2.0,660,0,False,1.0,330.0,0.0,1,1,0,[1. 0.],[2 1],0.0,1,0.6,0.7,0.30000000000000004,[1. 1.]
660,0.0,661,1,False,0.0,331.0,1.0,1,0,1,[1. 0.],[2 1],0.0,1,0.6,0.7,0.30000000000000004,[1. 1.]
661,1.0,662,0,False,0.0,331.0,0.0,1,1,0,[0. 1.],[2 1],,1,0.6,0.7,0.30000000000000004,[1. 1.]
662,0.0,663,1,False,0.0,332.0,2.0,1,0,1,[0. 1.],[2 1],,1,0.6,0.7,0.30000000000000004,[1. 1.]
663,2.0,664,0,False,1.0,332.0,0.0,1,1,0,[1. 1.],[2 1],,1,0.6,0.7,0.30000000000000004,[1. 1.]
664,0.0,665,1,False,0.0,333.0,2.0,1,0,1,[1. 1.],[2 1],,1,0.6,0.7,0.30000000000000004,[1. 1.]
665,2.0,666,0,False,1.0,333.0,0.0,1,1,0,[1. 1.],[2 1],1.0,1,0.6,0.7,0.30000000000000004,[1. 1.]
666,0.0,667,1,False,0.0,334.0,2.0,1,0,1,[1. 1.],[2 1],1.0,1,0.6,0.7,0.30000000000000004,[1. 1.]
667,2.0,668,0,False,1.0,334.0,0.0,1,1,0,[0. 1.],[2 1],1.0,1,0.6,0.7,0.30000000000000004,[1. 1.]
668,0.0,669,1,False,0.0,335.0,2.0,1,0,1,[0. 1.],[2 1],1.0,1,0.6,0.7,0.30000000000000004,[1. 1.]
669,2.0,670,0,False,1.0,335.0,0.0,1,1,0,[1. 0.],[2 1],,1,0.6,0.7,0.30000000000000004,[1. 1.]
670,0.0,671,1,False,0.0,336.0,2.0,1,0,1,[1. 0.],[2 1],,1,0.6,0.7,0.30000000000000004,[1. 1.]
671,2.0,672,0,False,0.0,336.0,0.0,1,1,0,[0. 1.],[2 1],0.0,1,0.6,0.7,0.30000000000000004,[1. 1.]
672,0.0,673,1,False,0.0,337.0,1.0,1,0,1,[0. 1.],[2 1],0.0,1,0.6,0.7,0.30000000000000004,[1. 1.]
673,1.0,674,0,False,1.0,337.0,0.0,1,1,0,[0. 1.],[2 1],0.0,1,0.6,0.7,0.30000000000000004,[1. 1.]
674,0.0,675,1,False,0.0,338.0,1.0,1,0,1,[0. 1.],[2 1],0.0,1,0.6,0.7,0.30000000000000004,[1. 1.]
675,1.0,676,0,False,1.0,338.0,0.0,1,1,0,[0. 1.],[2 1],,1,0.6,0.7,0.30000000000000004,[1. 1.]
676,0.0,677,1,False,0.0,339.0,2.0,1,0,1,[0. 1.],[2 1],,1,0.6,0.7,0.30000000000000004,[1. 1.]
677,2.0,678,0,False,1.0,339.0,0.0,1,1,0,[0. 0.],[2 1],1.0,1,0.6,0.7,0.30000000000000004,[1. 1.]
678,0.0,679,1,False,0.0,340.0,2.0,1,0,1,[0. 0.],[2 1],1.0,1,0.6,0.7,0.30000000000000004,[1. 1.]
679,2.0,680,0,False,0.0,340.0,0.0,1,1,0,[0. 1.],[2 1],,1,0.6,0.7,0.30000000000000004,[1. 1.]
680,0.0,681,1,False,0.0,341.0,2.0,1,0,1,[0. 1.],[2 1],,1,0.6,0.7,0.30000000000000004,[1. 1.]
681,2.0,682,0,False,1.0,341.0,0.0,1,1,0,[1. 1.],[2 1],0.0,1,0.6,0.7,0.30000000000000004,[1. 1.]
682,0.0,683,1,False,0.0,342.0,1.0,1,0,1,[1. 1.],[2 1],0.0,1,0.6,0.7,0.30000000000000004,[1. 1.]
683,1.0,684,0,False,1.0,342.0,0.0,1,1,0,[0. 1.],[2 1],0.0,1,0.6,0.7,0.30000000000000004,[1. 1.]
684,0.0,685,1,False,0.0,343.0,1.0,1,0,1,[0. 1.],[2 1],0.0,1,0.6,0.7,0.30000000000000004,[1. 1.]
685,1.0,686,0,False,1.0,343.0,0.0,1,1,0,[1. 0.],[2 1],0.0,1,0.6,0.7,0.30000000000000004,[1. 1.]
686,0.0,687,1,False,0.0,344.0,1.0,1,0,1,[1. 0.],[2 1],0.0,1,0.6,0.7,0.30000000000000004,[1. 1.]
687,1.0,688,0,False,0.0,344.0,0.0,1,1,0,[0. 0.],[2 1],,1,0.6,0.7,0.30000000000000004,[1. 1.]
688,0.0,689,1,False,0.0,345.0,2.0,1,0,1,[0. 0.],[2 1],,1,0.6,0.7,0.30000000000000004,[1. 1.]
689,2.0,690,0,False,0.0,345.0,0.0,1,1,0,[0. 0.],[2 1],,1,0.6,0.7,0.30000000000000004,[1. 1.]
690,0.0,691,1,False,0.0,346.0,2.0,1,0,1,[0. 0.],[2 1],,1,0.6,0.7,0.30000000000000004,[1. 1.]
691,2.0,692,0,False,0.0,346.0,0.0,1,1,0,[0. 1.],[2 1],1.0,1,0.6,0.7,0.30000000000000004,[1. 1.]
692,0.0,693,1,False,0.0,347.0,2.0,1,0,1,[0. 1.],[2 1],1.0,1,0.6,0.7,0.30000000000000004,[1. 1.]
693,2.0,694,0,False,1.0,347.0,0.0,1,1,0,[1. 1.],[2 1],0.0,1,0.6,0.7,0.30000000000000004,[1. 1.]
694,0.0,695,1,False,0.0,348.0,1.0,1,0,1,[1. 1.],[2 1],0.0,1,0.6,0.7,0.30000000000000004,[1. 1.]
695,1.0,696,0,False,1.0,348.0,0.0,1,1,0,[0. 1.],[2 1],,1,0.6,0.7,0.30000000000000004,[1. 1.]
696,0.0,697,1,False,0.0,349.0,2.0,1,0,1,[0. 1.],[2 1],,1,0.6,0.7,0.30000000000000004,[1. 1.]
697,2.0,698,0,False,1.0,349.0,0.0,1,1,0,[1. 0.],[2 1],,1,0.6,0.7,0.30000000000000004,[1. 1.]
698,0.0,699,1,False,0.0,350.0,2.0,1,0,1,[1. 0.],[2 1],,1,0.6,0.7,0.30000000000000004,[1. 1.]
699,2.0,700,0,False,0.0,350.0,0.0,1,1,0,[0. 0.],[2 1],,1,0.6,0.7,0.30000000000000004,[1. 1.]
700,0.0,701,1,False,0.0,351.0,2.0,1,0,1,[0. 0.],[2 1],,1,0.6,0.7,0.30000000000000004,[1. 1.]
701,2.0,702,0,False,0.0,351.0,0.0,1,1,0,[0. 1.],[2 1],1.0,1,0.6,0.7,0.30000000000000004,[1. 1.]
702,0.0,703,1,False,0.0,352.0,2.0,1,0,1,[0. 1.],[2 1],1.0,1,0.6,0.7,0.30000000000000004,[1. 1.]
703,2.0,704,0,False,1.0,352.0,0.0,1,1,0,[0. 1.],[2 1],1.0,1,0.6,0.7,0.30000000000000004,[1. 1.]
704,0.0,705,1,False,0.0,353.0,2.0,1,0,1,[0. 1.],[2 1],1.0,1,0.6,0.7,0.30000000000000004,[1. 1.]
705,2.0,706,0,False,1.0,353.0,0.0,1,1,0,[0. 1.],[2 1],0.0,1,0.6,0.7,0.30000000000000004,[1. 1.]
706,0.0,707,1,False,0.0,354.0,1.0,1,0,1,[0. 1.],[2 1],0.0,1,0.6,0.7,0.30000000000000004,[1. 1.]
707,1.0,708,0,False,1.0,354.0,0.0,1,1,0,[0. 1.],[2 1],0.0,1,0.6,0.7,0.30000000000000004,[1. 1.]
708,0.0,709,1,False,0.0,355.0,1.0,1,0,1,[0. 1.],[2 1],0.0,1,0.6,0.7,0.30000000000000004,[1. 1.]
709,1.0,710,0,False,1.0,355.0,0.0,1,1,0,[1. 1.],[2 1],,1,0.6,0.7,0.30000000000000004,[1. 1.]
710,0.0,711,1,False,0.0,356.0,2.0,1,0,1,[1. 1.],[2 1],,1,0.6,0.7,0.30000000000000004,[1. 1.]
711,2.0,712,0,False,1.0,356.0,0.0,1,1,0,[1. 0.],[1 2],1.0,1,0.6,0.7,0.30000000000000004,[1. 1.]
712,0.0,713,1,False,0.0,357.0,2.0,1,0,1,[1. 0.],[1 2],1.0,1,0.6,0.7,0.30000000000000004,[1. 1.]
713,2.0,714,0,False,1.0,357.0,0.0,1,1,0,[0. 1.],[1 2],0.0,1,0.6,0.7,0.30000000000000004,[1. 1.]
714,0.0,715,1,False,0.0,358.0,1.0,1,0,1,[0. 1.],[1 2],0.0,1,0.6,0.7,0.30000000000000004,[1. 1.]
715,1.0,716,0,False,0.0,358.0,0.0,1,1,0,[1. 1.],[1 2],0.0,1,0.6,0.7,0.30000000000000004,[1. 1.]
716,0.0,717,1,False,0.0,359.0,1.0,1,0,1,[1. 1.],[1 2],0.0,1,0.6,0.7,0.30000000000000004,[1. 1.]
717,1.0,718,0,False,1.0,359.0,0.0,1,1,0,[1. 1.],[1 2],1.0,1,0.6,0.7,0.30000000000000004,[1. 1.]
718,0.0,719,1,False,0.0,360.0,2.0,1,0,1,[1. 1.],[1 2],1.0,1,0.6,0.7,0.30000000000000004,[1. 1.]
719,2.0,720,0,False,1.0,360.0,0.0,1,1,0,[1. 0.],[1 2],,1,0.6,0.7,0.30000000000000004,[1. 1.]
720,0.0,721,1,False,0.0,361.0,1.0,1,0,1,[1. 0.],[1 2],,1,0.6,0.7,0.30000000000000004,[1. 1.]
721,1.0,722,0,False,1.0,361.0,0.0,1,1,0,[1. 1.],[1 2],,1,0.6,0.7,0.30000000000000004,[1. 1.]
722,0.0,723,1,False,0.0,362.0,1.0,1,0,1,[1. 1.],[1 2],,1,0.6,0.7,0.30000000000000004,[1. 1.]
723,1.0,724,0,False,1.0,362.0,0.0,1,1,0,[1. 1.],[1 2],0.0,1,0.6,0.7,0.30000000000000004,[1. 1.]
724,0.0,725,1,False,0.0,363.0,1.0,1,0,1,[1. 1.],[1 2],0.0,1,0.6,0.7,0.30000000000000004,[1. 1.]
725,1.0,726,0,False,1.0,363.0,0.0,1,1,0,[0. 0.],[1 2],1.0,1,0.6,0.7,0.30000000000000004,[1. 1.]
726,0.0,727,1,False,0.0,364.0,2.0,1,0,1,[0. 0.],[1 2],1.0,1,0.6,0.7,0.30000000000000004,[1. 1.]
727,2.0,728,0,False,0.0,364.0,0.0,1,1,0,[0. 1.],[1 2],1.0,1,0.6,0.7,0.30000000000000004,[1. 1.]
728,0.0,729,1,False,0.0,365.0,2.0,1,0,1,[0. 1.],[1 2],1.0,1,0.6,0.7,0.30000000000000004,[1. 1.]
729,2.0,730,0,False,0.0,365.0,0.0,1,1,0,[0. 1.],[1 2],,1,0.6,0.7,0.30000000000000004,[1. 1.]
730,0.0,731,1,False,0.0,366.0,1.0,1,0,1,[0. 1.],[1 2],,1,0.6,0.7,0.30000000000000004,[1. 1.]
731,1.0,732,0,False,0.0,366.0,0.0,1,1,0,[0. 1.],[1 2],,1,0.6,0.7,0.30000000000000004,[1. 1.]
732,0.0,733,1,False,0.0,367.0,2.0,1,0,2,[0. 1.],[1 2],,1,0.6,0.7,0.30000000000000004,[1. 1.]
733,2.0,734,0,False,1.0,367.0,0.0,1,1,0,[0. 1.],[1 2],,1,0.6,0.7,0.30000000000000004,[1. 1.]
734,0.0,735,1,False,0.0,368.0,2.0,1,0,2,[0. 1.],[1 2],,1,0.6,0.7,0.30000000000000004,[1. 1.]
735,2.0,736,0,False,1.0,368.0,0.0,1,1,0,[1. 1.],[1 2],,1,0.6,0.7,0.30000000000000004,[1. 1.]
736,0.0,737,1,False,0.0,369.0,2.0,1,0,2,[1. 1.],[1 2],,1,0.6,0.7,0.30000000000000004,[1. 1.]
737,2.0,738,0,False,1.0,369.0,0.0,1,1,0,[0. 1.],[1 2],1.0,1,0.6,0.7,0.30000000000000004,[1. 1.]
738,0.0,739,1,False,0.0,370.0,2.0,1,0,2,[0. 1.],[1 2],1.0,1,0.6,0.7,0.30000000000000004,[1. 1.]
739,2.0,740,0,False,1.0,370.0,0.0,1,1,0,[0. 1.],[1 2],0.0,1,0.6,0.7,0.30000000000000004,[1. 1.]
740,0.0,741,1,False,0.0,371.0,1.0,1,0,2,[0. 1.],[1 2],0.0,1,0.6,0.7,0.30000000000000004,[1. 1.]
741,1.0,742,0,False,1.0,371.0,0.0,1,1,0,[0. 1.],[1 2],,1,0.6,0.7,0.30000000000000004,[1. 1.]
742,0.0,743,1,False,0.0,372.0,2.0,1,0,2,[0. 1.],[1 2],,1,0.6,0.7,0.30000000000000004,[1. 1.]
743,2.0,744,0,False,1.0,372.0,0.0,1,1,0,[0. 0.],[1 2],0.0,1,0.6,0.7,0.30000000000000004,[1. 1.]
744,0.0,745,1,False,0.0,373.0,1.0,1,0,2,[0. 0.],[1 2],0.0,1,0.6,0.7,0.30000000000000004,[1. 1.]
745,1.0,746,0,False,0.0,373.0,0.0,1,1,0,[1. 0.],[1 2],0.0,1,0.6,0.7,0.30000000000000004,[1. 1.]
746,0.0,747,1,False,0.0,374.0,1.0,1,0,2,[1. 0.],[1 2],0.0,1,0.6,0.7,0.30000000000000004,[1. 1.]
747,1.0,748,0,False,0.0,374.0,0.0,1,1,0,[0. 1.],[1 2],,1,0.6,0.7,0.30000000000000004,[1. 1.]
748,0.0,749,1,False,0.0,375.0,2.0,1,0,2,[0. 1.],[1 2],,1,0.6,0.7,0.30000000000000004,[1. 1.]
749,2.0,750,0,False,1.0,375.0,0.0,1,1,0,[0. 1.],[1 2],0.0,1,0.6,0.7,0.30000000000000004,[1. 1.]
750,0.0,751,1,False,0.0,376.0,1.0,1,0,2,[0. 1.],[1 2],0.0,1,0.6,0.7,0.30000000000000004,[1. 1.]
751,1.0,752,0,False,1.0,376.0,0.0,1,1,0,[1. 1.],[1 2],,1,0.6,0.7,0.30000000000000004,[1. 1.]
752,0.0,753,1,False,0.0,377.0,2.0,1,0,2,[1. 1.],[1 2],,1,0.6,0.7,0.30000000000000004,[1. 1.]
753,2.0,754,0,False,1.0,377.0,0.0,1,1,0,[0. 1.],[1 2],1.0,1,0.6,0.7,0.30000000000000004,[1. 1.]
754,0.0,755,1,False,0.0,378.0,2.0,1,0,2,[0. 1.],[1 2],1.0,1,0.6,0.7,0.30000000000000004,[1. 1.]
755,2.0,756,0,False,1.0,378.0,0.0,1,1,0,[0. 0.],[1 2],,1,0.6,0.7,0.30000000000000004,[1. 1.]
756,0.0,757,1,False,0.0,379.0,2.0,1,0,2,[0. 0.],[1 2],,1,0.6,0.7,0.30000000000000004,[1. 1.]
757,2.0,758,0,False,0.0,379.0,0.0,1,1,0,[0. 0.],[1 2],,1,0.6,0.7,0.30000000000000004,[1. 1.]
758,0.0,759,1,False,0.0,380.0,2.0,1,0,2,[0. 0.],[1 2],,1,0.6,0.7,0.30000000000000004,[1. 1.]
759,2.0,760,0,False,0.0,380.0,0.0,1,1,0,[1. 0.],[1 2],0.0,1,0.6,0.7,0.30000000000000004,[1. 1.]
760,0.0,761,1,False,0.0,381.0,1.0,1,0,2,[1. 0.],[1 2],0.0,1,0.6,0.7,0.30000000000000004,[1. 1.]
761,1.0,762,0,False,0.0,381.0,0.0,1,1,0,[0. 1.],[1 2],1.0,1,0.6,0.7,0.30000000000000004,[1. 1.]
762,0.0,763,1,False,0.0,382.0,2.0,1,0,2,[0. 1.],[1 2],1.0,1,0.6,0.7,0.30000000000000004,[1. 1.]
763,2.0,764,0,False,1.0,382.0,0.0,1,1,0,[0. 0.],[1 2],,1,0.6,0.7,0.30000000000000004,[1. 1.]
764,0.0,765,1,False,0.0,383.0,2.0,1,0,2,[0. 0.],[1 2],,1,0.6,0.7,0.30000000000000004,[1. 1.]
765,2.0,766,0,False,0.0,383.0,0.0,1,1,0,[0. 1.],[1 2],,1,0.6,0.7,0.30000000000000004,[1. 1.]
766,0.0,767,1,False,0.0,384.0,2.0,1,0,2,[0. 1.],[1 2],,1,0.6,0.7,0.30000000000000004,[1. 1.]
767,2.0,768,0,False,1.0,384.0,0.0,1,1,0,[0. 1.],[1 2],,1,0.6,0.7,0.30000000000000004,[1. 1.]
768,0.0,769,1,False,0.0,385.0,2.0,1,0,2,[0. 1.],[1 2],,1,0.6,0.7,0.30000000000000004,[1. 1.]
769,2.0,770,0,False,1.0,385.0,0.0,1,1,0,[0. 0.],[1 2],0.0,1,0.6,0.7,0.30000000000000004,[1. 1.]
770,0.0,771,1,False,0.0,386.0,1.0,1,0,2,[0. 0.],[1 2],0.0,1,0.6,0.7,0.30000000000000004,[1. 1.]
771,1.0,772,0,False,0.0,386.0,0.0,1,1,0,[1. 1.],[1 2],0.0,1,0.6,0.7,0.30000000000000004,[1. 1.]
772,0.0,773,1,False,0.0,387.0,1.0,1,0,2,[1. 1.],[1 2],0.0,1,0.6,0.7,0.30000000000000004,[1. 1.]
773,1.0,774,0,False,1.0,387.0,0.0,1,1,0,[0. 1.],[1 2],0.0,1,0.6,0.7,0.30000000000000004,[1. 1.]
774,0.0,775,1,False,0.0,388.0,1.0,1,0,2,[0. 1.],[1 2],0.0,1,0.6,0.7,0.30000000000000004,[1. 1.]
775,1.0,776,0,False,1.0,388.0,0.0,1,1,0,[1. 1.],[1 2],1.0,1,0.6,0.7,0.30000000000000004,[1. 1.]
776,0.0,777,1,False,0.0,389.0,2.0,1,0,2,[1. 1.],[1 2],1.0,1,0.6,0.7,0.30000000000000004,[1. 1.]
777,2.0,778,0,False,1.0,389.0,0.0,1,1,0,[0. 1.],[1 2],0.0,1,0.6,0.7,0.30000000000000004,[1. 1.]
778,0.0,779,1,False,0.0,390.0,1.0,1,0,2,[0. 1.],[1 2],0.0,1,0.6,0.7,0.30000000000000004,[1. 1.]
779,1.0,780,0,False,1.0,390.0,0.0,1,1,0,[0. 1.],[1 2],0.0,1,0.6,0.7,0.30000000000000004,[1. 1.]
780,0.0,781,1,False,0.0,391.0,1.0,1,0,2,[0. 1.],[1 2],0.0,1,0.6,0.7,0.30000000000000004,[1. 1.]
781,1.0,782,0,False,1.0,391.0,0.0,1,1,0,[1. 1.],[1 2],,1,0.6,0.7,0.30000000000000004,[1. 1.]
782,0.0,783,1,False,0.0,392.0,2.0,1,0,2,[1. 1.],[1 2],,1,0.6,0.7,0.30000000000000004,[1. 1.]
783,2.0,784,0,False,1.0,392.0,0.0,1,1,0,[0. 0.],[1 2],0.0,1,0.6,0.7,0.30000000000000004,[1. 1.]
784,0.0,785,1,False,0.0,393.0,1.0,1,0,2,[0. 0.],[1 2],0.0,1,0.6,0.7,0.30000000000000004,[1. 1.]
785,1.0,786,0,False,0.0,393.0,0.0,1,1,0,[0. 0.],[1 2],1.0,1,0.6,0.7,0.30000000000000004,[1. 1.]
786,0.0,787,1,False,0.0,394.0,2.0,1,0,2,[0. 0.],[1 2],1.0,1,0.6,0.7,0.30000000000000004,[1. 1.]
787,2.0,788,0,False,0.0,394.0,0.0,1,1,0,[1. 1.],[1 2],,1,0.6,0.7,0.30000000000000004,[1. 1.]
788,0.0,789,1,False,0.0,395.0,2.0,1,0,2,[1. 1.],[1 2],,1,0.6,0.7,0.30000000000000004,[1. 1.]
789,2.0,790,0,False,1.0,395.0,0.0,1,1,0,[0. 0.],[1 2],,1,0.6,0.7,0.30000000000000004,[1. 1.]
790,0.0,791,1,False,0.0,396.0,2.0,1,0,2,[0. 0.],[1 2],,1,0.6,0.7,0.30000000000000004,[1. 1.]
791,2.0,792,0,False,0.0,396.0,0.0,1,1,0,[0. 1.],[1 2],1.0,1,0.6,0.7,0.30000000000000004,[1. 1.]
792,0.0,793,1,False,0.0,397.0,2.0,1,0,2,[0. 1.],[1 2],1.0,1,0.6,0.7,0.30000000000000004,[1. 1.]
793,2.0,794,0,False,1.0,397.0,0.0,1,1,0,[0. 0.],[1 2],0.0,1,0.6,0.7,0.30000000000000004,[1. 1.]
794,0.0,795,1,False,0.0,398.0,1.0,1,0,2,[0. 0.],[1 2],0.0,1,0.6,0.7,0.30000000000000004,[1. 1.]
795,1.0,796,0,False,0.0,398.0,0.0,1,1,0,[1. 0.],[1 2],1.0,1,0.6,0.7,0.30000000000000004,[1. 1.]
796,0.0,797,1,False,0.0,399.0,2.0,1,0,2,[1. 0.],[1 2],1.0,1,0.6,0.7,0.30000000000000004,[1. 1.]
797,2.0,798,0,False,0.0,399.0,0.0,1,1,0,[0. 0.],[1 2],0.0,1,0.6,0.7,0.30000000000000004,[1. 1.]
798,0.0,799,1,False,0.0,400.0,1.0,1,0,2,[0. 0.],[1 2],0.0,1,0.6,0.7,0.30000000000000004,[1. 1.]
799,1.0,800,0,False,0.0,400.0,0.0,1,1,0,[1. 1.],[1 2],,1,0.6,0.7,0.30000000000000004,[1. 1.]
800,0.0,801,1,False,0.0,401.0,1.0,1,0,1,[1. 1.],[1 2],,1,0.6,0.7,0.30000000000000004,[1. 1.]
801,1.0,802,0,False,1.0,401.0,0.0,1,1,0,[0. 1.],[1 2],0.0,1,0.6,0.7,0.30000000000000004,[1. 1.]
802,0.0,803,1,False,0.0,402.0,1.0,1,0,1,[0. 1.],[1 2],0.0,1,0.6,0.7,0.30000000000000004,[1. 1.]
803,1.0,804,0,False,0.0,402.0,0.0,1,1,0,[0. 1.],[1 2],1.0,1,0.6,0.7,0.30000000000000004,[1. 1.]
804,0.0,805,1,False,0.0,403.0,2.0,1,0,1,[0. 1.],[1 2],1.0,1,0.6,0.7,0.30000000000000004,[1. 1.]
805,2.0,806,0,False,0.0,403.0,0.0,1,1,0,[1. 1.],[1 2],1.0,1,0.6,0.7,0.30000000000000004,[1. 1.]
806,0.0,807,1,False,0.0,404.0,2.0,1,0,1,[1. 1.],[1 2],1.0,1,0.6,0.7,0.30000000000000004,[1. 1.]
807,2.0,808,0,False,1.0,404.0,0.0,1,1,0,[0. 1.],[1 2],0.0,1,0.6,0.7,0.30000000000000004,[1. 1.]
808,0.0,809,1,False,0.0,405.0,1.0,1,0,1,[0. 1.],[1 2],0.0,1,0.6,0.7,0.30000000000000004,[1. 1.]
809,1.0,810,0,False,0.0,405.0,0.0,1,1,0,[1. 1.],[1 2],1.0,1,0.6,0.7,0.30000000000000004,[1. 1.]
810,0.0,811,1,False,0.0,406.0,2.0,1,0,1,[1. 1.],[1 2],1.0,1,0.6,0.7,0.30000000000000004,[1. 1.]
811,2.0,812,0,False,1.0,406.0,0.0,1,1,0,[0. 1.],[1 2],,1,0.6,0.7,0.30000000000000004,[1. 1.]
812,0.0,813,1,False,0.0,407.0,1.0,1,0,1,[0. 1.],[1 2],,1,0.6,0.7,0.30000000000000004,[1. 1.]
813,1.0,814,0,False,0.0,407.0,0.0,1,1,0,[0. 1.],[1 2],0.0,1,0.6,0.7,0.30000000000000004,[1. 1.]
814,0.0,815,1,False,0.0,408.0,1.0,1,0,1,[0. 1.],[1 2],0.0,1,0.6,0.7,0.30000000000000004,[1. 1.]
815,1.0,816,0,False,0.0,408.0,0.0,1,1,0,[1. 1.],[1 2],,1,0.6,0.7,0.30000000000000004,[1. 1.]
816,0.0,817,1,False,0.0,409.0,2.0,1,0,2,[1. 1.],[1 2],,1,0.6,0.7,0.30000000000000004,[1. 1.]
817,2.0,818,0,False,1.0,409.0,0.0,1,1,0,[1. 1.],[1 2],,1,0.6,0.7,0.30000000000000004,[1. 1.]
818,0.0,819,1,False,0.0,410.0,2.0,1,0,2,[1. 1.],[1 2],,1,0.6,0.7,0.30000000000000004,[1. 1.]
819,2.0,820,0,False,1.0,410.0,0.0,1,1,0,[1. 0.],[2 1],0.0,1,0.6,0.7,0.30000000000000004,[1. 1.]
820,0.0,821,1,False,0.0,411.0,1.0,1,0,2,[1. 0.],[2 1],0.0,1,0.6,0.7,0.30000000000000004,[1. 1.]
821,1.0,822,0,False,1.0,411.0,0.0,1,1,0,[0. 1.],[2 1],0.0,1,0.6,0.7,0.30000000000000004,[1. 1.]
822,0.0,823,1,False,0.0,412.0,1.0,1,0,2,[0. 1.],[2 1],0.0,1,0.6,0.7,0.30000000000000004,[1. 1.]
823,1.0,824,0,False,0.0,412.0,0.0,1,1,0,[0. 1.],[2 1],0.0,1,0.6,0.7,0.30000000000000004,[1. 1.]
824,0.0,825,1,False,0.0,413.0,1.0,1,0,2,[0. 1.],[2 1],0.0,1,0.6,0.7,0.30000000000000004,[1. 1.]
825,1.0,826,0,False,0.0,413.0,0.0,1,1,0,[1. 0.],[2 1],,1,0.6,0.7,0.30000000000000004,[1. 1.]
826,0.0,827,1,False,0.0,414.0,2.0,1,0,1,[1. 0.],[2 1],,1,0.6,0.7,0.30000000000000004,[1. 1.]
827,2.0,828,0,False,0.0,414.0,0.0,1,1,0,[0. 1.],[2 1],0.0,1,0.6,0.7,0.30000000000000004,[1. 1.]
828,0.0,829,1,False,0.0,415.0,1.0,1,0,1,[0. 1.],[2 1],0.0,1,0.6,0.7,0.30000000000000004,[1. 1.]
829,1.0,830,0,False,1.0,415.0,0.0,1,1,0,[0. 1.],[2 1],,1,0.6,0.7,0.30000000000000004,[1. 1.]
830,0.0,831,1,False,0.0,416.0,2.0,1,0,1,[0. 1.],[2 1],,1,0.6,0.7,0.30000000000000004,[1. 1.]
831,2.0,832,0,False,1.0,416.0,0.0,1,1,0,[0. 1.],[2 1],,1,0.6,0.7,0.30000000000000004,[1. 1.]
832,0.0,833,1,False,0.0,417.0,2.0,1,0,1,[0. 1.],[2 1],,1,0.6,0.7,0.30000000000000004,[1. 1.]
833,2.0,834,0,False,1.0,417.0,0.0,1,1,0,[1. 1.],[2 1],1.0,1,0.6,0.7,0.30000000000000004,[1. 1.]
834,0.0,835,1,False,0.0,418.0,2.0,1,0,1,[1. 1.],[2 1],1.0,1,0.6,0.7,0.30000000000000004,[1. 1.]
835,2.0,836,0,False,1.0,418.0,0.0,1,1,0,[0. 1.],[2 1],,1,0.6,0.7,0.30000000000000004,[1. 1.]
836,0.0,837,1,False,0.0,419.0,2.0,1,0,1,[0. 1.],[2 1],,1,0.6,0.7,0.30000000000000004,[1. 1.]
837,2.0,838,0,False,1.0,419.0,0.0,1,1,0,[0. 1.],[2 1],0.0,1,0.6,0.7,0.30000000000000004,[1. 1.]
838,0.0,839,1,False,0.0,420.0,1.0,1,0,1,[0. 1.],[2 1],0.0,1,0.6,0.7,0.30000000000000004,[1. 1.]
839,1.0,840,0,False,1.0,420.0,0.0,1,1,0,[1. 1.],[1 2],1.0,1,0.6,0.7,0.30000000000000004,[1. 1.]
840,0.0,841,1,False,0.0,421.0,2.0,1,0,1,[1. 1.],[1 2],1.0,1,0.6,0.7,0.30000000000000004,[1. 1.]
841,2.0,842,0,False,1.0,421.0,0.0,1,1,0,[0. 0.],[1 2],,1,0.6,0.7,0.30000000000000004,[1. 1.]
842,0.0,843,1,False,0.0,422.0,1.0,1,0,1,[0. 0.],[1 2],,1,0.6,0.7,0.30000000000000004,[1. 1.]
843,1.0,844,0,False,0.0,422.0,0.0,1,1,0,[0. 1.],[1 2],0.0,1,0.6,0.7,0.30000000000000004,[1. 1.]
844,0.0,845,1,False,0.0,423.0,1.0,1,0,1,[0. 1.],[1 2],0.0,1,0.6,0.7,0.30000000000000004,[1. 1.]
845,1.0,846,0,False,0.0,423.0,0.0,1,1,0,[0. 1.],[1 2],0.0,1,0.6,0.7,0.30000000000000004,[1. 1.]
846,0.0,847,1,False,0.0,424.0,1.0,1,0,2,[0. 1.],[1 2],0.0,1,0.6,0.7,0.30000000000000004,[1. 1.]
847,1.0,848,0,False,1.0,424.0,0.0,1,1,0,[1. 1.],[1 2],1.0,1,0.6,0.7,0.30000000000000004,[1. 1.]
848,0.0,849,1,False,0.0,425.0,2.0,1,0,2,[1. 1.],[1 2],1.0,1,0.6,0.7,0.30000000000000004,[1. 1.]
849,2.0,850,0,False,1.0,425.0,0.0,1,1,0,[0. 1.],[1 2],1.0,1,0.6,0.7,0.30000000000000004,[1. 1.]
850,0.0,851,1,False,0.0,426.0,2.0,1,0,2,[0. 1.],[1 2],1.0,1,0.6,0.7,0.30000000000000004,[1. 1.]
851,2.0,852,0,False,1.0,426.0,0.0,1,1,0,[1. 1.],[1 2],0.0,1,0.6,0.7,0.30000000000000004,[1. 1.]
852,0.0,853,1,False,0.0,427.0,1.0,1,0,2,[1. 1.],[1 2],0.0,1,0.6,0.7,0.30000000000000004,[1. 1.]
853,1.0,854,0,False,1.0,427.0,0.0,1,1,0,[0. 1.],[1 2],,1,0.6,0.7,0.30000000000000004,[1. 1.]
854,0.0,855,1,False,0.0,428.0,2.0,1,0,2,[0. 1.],[1 2],,1,0.6,0.7,0.30000000000000004,[1. 1.]
855,2.0,856,0,False,1.0,428.0,0.0,1,1,0,[1. 0.],[1 2],1.0,1,0.6,0.7,0.30000000000000004,[1. 1.]
856,0.0,857,1,False,0.0,429.0,2.0,1,0,2,[1. 0.],[1 2],1.0,1,0.6,0.7,0.30000000000000004,[1. 1.]
857,2.0,858,0,False,0.0,429.0,0.0,1,1,0,[0. 0.],[1 2],,1,0.6,0.7,0.30000000000000004,[1. 1.]
858,0.0,859,1,False,0.0,430.0,2.0,1,0,2,[0. 0.],[1 2],,1,0.6,0.7,0.30000000000000004,[1. 1.]
859,2.0,860,0,False,0.0,430.0,0.0,1,1,0,[1. 1.],[1 2],1.0,1,0.6,0.7,0.30000000000000004,[1. 1.]
860,0.0,861,1,False,0.0,431.0,2.0,1,0,2,[1. 1.],[1 2],1.0,1,0.6,0.7,0.30000000000000004,[1. 1.]
861,2.0,862,0,False,1.0,431.0,0.0,1,1,0,[0. 1.],[1 2],,1,0.6,0.7,0.30000000000000004,[1. 1.]
862,0.0,863,1,False,0.0,432.0,2.0,1,0,2,[0. 1.],[1 2],,1,0.6,0.7,0.30000000000000004,[1. 1.]
863,2.0,864,0,False,1.0,432.0,0.0,1,1,0,[0. 1.],[1 2],0.0,1,0.6,0.7,0.30000000000000004,[1. 1.]
864,0.0,865,1,False,0.0,433.0,1.0,1,0,2,[0. 1.],[1 2],0.0,1,0.6,0.7,0.30000000000000004,[1. 1.]
865,1.0,866,0,False,1.0,433.0,0.0,1,1,0,[0. 1.],[1 2],0.0,1,0.6,0.7,0.30000000000000004,[1. 1.]
866,0.0,867,1,False,0.0,434.0,1.0,1,0,2,[0. 1.],[1 2],0.0,1,0.6,0.7,0.30000000000000004,[1. 1.]
867,1.0,868,0,False,1.0,434.0,0.0,1,1,0,[0. 1.],[1 2],0.0,1,0.6,0.7,0.30000000000000004,[1. 1.]
868,0.0,869,1,False,0.0,435.0,1.0,1,0,2,[0. 1.],[1 2],0.0,1,0.6,0.7,0.30000000000000004,[1. 1.]
869,1.0,870,0,False,1.0,435.0,0.0,1,1,0,[0. 1.],[1 2],,1,0.6,0.7,0.30000000000000004,[1. 1.]
870,0.0,871,1,False,0.0,436.0,2.0,1,0,2,[0. 1.],[1 2],,1,0.6,0.7,0.30000000000000004,[1. 1.]
871,2.0,872,0,False,1.0,436.0,0.0,1,1,0,[0. 1.],[1 2],1.0,1,0.6,0.7,0.30000000000000004,[1. 1.]
872,0.0,873,1,False,0.0,437.0,2.0,1,0,2,[0. 1.],[1 2],1.0,1,0.6,0.7,0.30000000000000004,[1. 1.]
873,2.0,874,0,False,1.0,437.0,0.0,1,1,0,[1. 1.],[1 2],1.0,1,0.6,0.7,0.30000000000000004,[1. 1.]
874,0.0,875,1,False,0.0,438.0,2.0,1,0,2,[1. 1.],[1 2],1.0,1,0.6,0.7,0.30000000000000004,[1. 1.]
875,2.0,876,0,False,1.0,438.0,0.0,1,1,0,[1. 0.],[1 2],,1,0.6,0.7,0.30000000000000004,[1. 1.]
876,0.0,877,1,False,0.0,439.0,2.0,1,0,2,[1. 0.],[1 2],,1,0.6,0.7,0.30000000000000004,[1. 1.]
877,2.0,878,0,False,0.0,439.0,0.0,1,1,0,[0. 1.],[1 2],,1,0.6,0.7,0.30000000000000004,[1. 1.]
878,0.0,879,1,False,0.0,440.0,2.0,1,0,2,[0. 1.],[1 2],,1,0.6,0.7,0.30000000000000004,[1. 1.]
879,2.0,880,0,False,1.0,440.0,0.0,1,1,0,[0. 0.],[1 2],,1,0.6,0.7,0.30000000000000004,[1. 1.]
880,0.0,881,1,False,0.0,441.0,2.0,1,0,2,[0. 0.],[1 2],,1,0.6,0.7,0.30000000000000004,[1. 1.]
881,2.0,882,0,False,0.0,441.0,0.0,1,1,0,[0. 1.],[1 2],1.0,1,0.6,0.7,0.30000000000000004,[1. 1.]
882,0.0,883,1,False,0.0,442.0,2.0,1,0,2,[0. 1.],[1 2],1.0,1,0.6,0.7,0.30000000000000004,[1. 1.]
883,2.0,884,0,False,1.0,442.0,0.0,1,1,0,[1. 1.],[1 2],0.0,1,0.6,0.7,0.30000000000000004,[1. 1.]
884,0.0,885,1,False,0.0,443.0,1.0,1,0,2,[1. 1.],[1 2],0.0,1,0.6,0.7,0.30000000000000004,[1. 1.]
885,1.0,886,0,False,1.0,443.0,0.0,1,1,0,[0. 1.],[1 2],,1,0.6,0.7,0.30000000000000004,[1. 1.]
886,0.0,887,1,False,0.0,444.0,2.0,1,0,2,[0. 1.],[1 2],,1,0.6,0.7,0.30000000000000004,[1. 1.]
887,2.0,888,0,False,1.0,444.0,0.0,1,1,0,[0. 0.],[1 2],,1,0.6,0.7,0.30000000000000004,[1. 1.]
888,0.0,889,1,False,0.0,445.0,2.0,1,0,2,[0. 0.],[1 2],,1,0.6,0.7,0.30000000000000004,[1. 1.]
889,2.0,890,0,False,0.0,445.0,0.0,1,1,0,[0. 1.],[1 2],,1,0.6,0.7,0.30000000000000004,[1. 1.]
890,0.0,891,1,False,0.0,446.0,2.0,1,0,2,[0. 1.],[1 2],,1,0.6,0.7,0.30000000000000004,[1. 1.]
891,2.0,892,0,False,1.0,446.0,0.0,1,1,0,[1. 1.],[1 2],1.0,1,0.6,0.7,0.30000000000000004,[1. 1.]
892,0.0,893,1,False,0.0,447.0,2.0,1,0,2,[1. 1.],[1 2],1.0,1,0.6,0.7,0.30000000000000004,[1. 1.]
893,2.0,894,0,False,1.0,447.0,0.0,1,1,0,[0. 0.],[1 2],1.0,1,0.6,0.7,0.30000000000000004,[1. 1.]
894,0.0,895,1,False,0.0,448.0,2.0,1,0,2,[0. 0.],[1 2],1.0,1,0.6,0.7,0.30000000000000004,[1. 1.]
895,2.0,896,0,False,0.0,448.0,0.0,1,1,0,[0. 1.],[1 2],1.0,1,0.6,0.7,0.30000000000000004,[1. 1.]
896,0.0,897,1,False,0.0,449.0,2.0,1,0,2,[0. 1.],[1 2],1.0,1,0.6,0.7,0.30000000000000004,[1. 1.]
897,2.0,898,0,False,1.0,449.0,0.0,1,1,0,[0. 1.],[1 2],0.0,1,0.6,0.7,0.30000000000000004,[1. 1.]
898,0.0,899,1,False,0.0,450.0,1.0,1,0,2,[0. 1.],[1 2],0.0,1,0.6,0.7,0.30000000000000004,[1. 1.]
899,1.0,900,0,False,1.0,450.0,0.0,1,1,0,[0. 0.],[1 2],0.0,1,0.6,0.7,0.30000000000000004,[1. 1.]
900,0.0,901,1,False,0.0,451.0,1.0,1,0,2,[0. 0.],[1 2],0.0,1,0.6,0.7,0.30000000000000004,[1. 1.]
901,1.0,902,0,False,0.0,451.0,0.0,1,1,0,[0. 1.],[1 2],1.0,1,0.6,0.7,0.30000000000000004,[1. 1.]
902,0.0,903,1,False,0.0,452.0,2.0,1,0,2,[0. 1.],[1 2],1.0,1,0.6,0.7,0.30000000000000004,[1. 1.]
903,2.0,904,0,False,1.0,452.0,0.0,1,1,0,[1. 0.],[1 2],,1,0.6,0.7,0.30000000000000004,[1. 1.]
904,0.0,905,1,False,0.0,453.0,2.0,1,0,2,[1. 0.],[1 2],,1,0.6,0.7,0.30000000000000004,[1. 1.]
905,2.0,906,0,False,0.0,453.0,0.0,1,1,0,[0. 0.],[1 2],,1,0.6,0.7,0.30000000000000004,[1. 1.]
906,0.0,907,1,False,0.0,454.0,2.0,1,0,2,[0. 0.],[1 2],,1,0.6,0.7,0.30000000000000004,[1. 1.]
907,2.0,908,0,False,0.0,454.0,0.0,1,1,0,[0. 0.],[1 2],1.0,1,0.6,0.7,0.30000000000000004,[1. 1.]
908,0.0,909,1,False,0.0,455.0,2.0,1,0,2,[0. 0.],[1 2],1.0,1,0.6,0.7,0.30000000000000004,[1. 1.]
909,2.0,910,0,False,0.0,455.0,0.0,1,1,0,[1. 1.],[1 2],,1,0.6,0.7,0.30000000000000004,[1. 1.]
910,0.0,911,1,False,0.0,456.0,2.0,1,0,2,[1. 1.],[1 2],,1,0.6,0.7,0.30000000000000004,[1. 1.]
911,2.0,912,0,False,1.0,456.0,0.0,1,1,0,[0. 0.],[1 2],0.0,1,0.6,0.7,0.30000000000000004,[1. 1.]
912,0.0,913,1,False,0.0,457.0,1.0,1,0,2,[0. 0.],[1 2],0.0,1,0.6,0.7,0.30000000000000004,[1. 1.]
913,1.0,914,0,False,0.0,457.0,0.0,1,1,0,[0. 1.],[1 2],,1,0.6,0.7,0.30000000000000004,[1. 1.]
914,0.0,915,1,False,0.0,458.0,2.0,1,0,2,[0. 1.],[1 2],,1,0.6,0.7,0.30000000000000004,[1. 1.]
915,2.0,916,0,False,1.0,458.0,0.0,1,1,0,[1. 0.],[1 2],0.0,1,0.6,0.7,0.30000000000000004,[1. 1.]
916,0.0,917,1,False,0.0,459.0,1.0,1,0,2,[1. 0.],[1 2],0.0,1,0.6,0.7,0.30000000000000004,[1. 1.]
917,1.0,918,0,False,0.0,459.0,0.0,1,1,0,[0. 0.],[1 2],,1,0.6,0.7,0.30000000000000004,[1. 1.]
918,0.0,919,1,False,0.0,460.0,2.0,1,0,2,[0. 0.],[1 2],,1,0.6,0.7,0.30000000000000004,[1. 1.]
919,2.0,920,0,False,0.0,460.0,0.0,1,1,0,[0. 1.],[1 2],,1,0.6,0.7,0.30000000000000004,[1. 1.]
920,0.0,921,1,False,0.0,461.0,2.0,1,0,2,[0. 1.],[1 2],,1,0.6,0.7,0.30000000000000004,[1. 1.]
921,2.0,922,0,False,1.0,461.0,0.0,1,1,0,[0. 1.],[1 2],0.0,1,0.6,0.7,0.30000000000000004,[1. 1.]
922,0.0,923,1,False,0.0,462.0,1.0,1,0,2,[0. 1.],[1 2],0.0,1,0.6,0.7,0.30000000000000004,[1. 1.]
923,1.0,924,0,False,1.0,462.0,0.0,1,1,0,[1. 0.],[1 2],0.0,1,0.6,0.7,0.30000000000000004,[1. 1.]
924,0.0,925,1,False,0.0,463.0,1.0,1,0,2,[1. 0.],[1 2],0.0,1,0.6,0.7,0.30000000000000004,[1. 1.]
925,1.0,926,0,False,0.0,463.0,0.0,1,1,0,[0. 1.],[1 2],0.0,1,0.6,0.7,0.30000000000000004,[1. 1.]
926,0.0,927,1,False,0.0,464.0,1.0,1,0,2,[0. 1.],[1 2],0.0,1,0.6,0.7,0.30000000000000004,[1. 1.]
927,1.0,928,0,False,1.0,464.0,0.0,1,1,0,[0. 0.],[1 2],1.0,1,0.6,0.7,0.30000000000000004,[1. 1.]
928,0.0,929,1,False,0.0,465.0,2.0,1,0,2,[0. 0.],[1 2],1.0,1,0.6,0.7,0.30000000000000004,[1. 1.]
929,2.0,930,0,False,0.0,465.0,0.0,1,1,0,[0. 1.],[1 2],0.0,1,0.6,0.7,0.30000000000000004,[1. 1.]
930,0.0,931,1,False,0.0,466.0,1.0,1,0,2,[0. 1.],[1 2],0.0,1,0.6,0.7,0.30000000000000004,[1. 1.]
931,1.0,932,0,False,1.0,466.0,0.0,1,1,0,[0. 0.],[1 2],,1,0.6,0.7,0.30000000000000004,[1. 1.]
932,0.0,933,1,False,0.0,467.0,2.0,1,0,2,[0. 0.],[1 2],,1,0.6,0.7,0.30000000000000004,[1. 1.]
933,2.0,934,0,False,0.0,467.0,0.0,1,1,0,[0. 1.],[1 2],,1,0.6,0.7,0.30000000000000004,[1. 1.]
934,0.0,935,1,False,0.0,468.0,2.0,1,0,2,[0. 1.],[1 2],,1,0.6,0.7,0.30000000000000004,[1. 1.]
935,2.0,936,0,False,1.0,468.0,0.0,1,1,0,[0. 1.],[1 2],,1,0.6,0.7,0.30000000000000004,[1. 1.]
936,0.0,937,1,False,0.0,469.0,2.0,1,0,2,[0. 1.],[1 2],,1,0.6,0.7,0.30000000000000004,[1. 1.]
937,2.0,938,0,False,1.0,469.0,0.0,1,1,0,[0. 0.],[1 2],0.0,1,0.6,0.7,0.30000000000000004,[1. 1.]
938,0.0,939,1,False,0.0,470.0,1.0,1,0,2,[0. 0.],[1 2],0.0,1,0.6,0.7,0.30000000000000004,[1. 1.]
939,1.0,940,0,False,0.0,470.0,0.0,1,1,0,[0. 1.],[1 2],,0,0.6,0.7,0.30000000000000004,[1. 1.]
940,0.0,941,1,False,0.0,471.0,2.0,1,0,2,[0. 1.],[1 2],,0,0.6,0.7,0.30000000000000004,[1. 1.]
941,2.0,942,0,False,1.0,471.0,0.0,1,1,0,[1. 0.],[1 2],0.0,0,0.6,0.7,0.30000000000000004,[1. 1.]
942,0.0,943,1,False,0.0,472.0,1.0,1,0,2,[1. 0.],[1 2],0.0,0,0.6,0.7,0.30000000000000004,[1. 1.]
943,1.0,944,0,False,0.0,472.0,0.0,1,1,0,[1. 1.],[1 2],1.0,0,0.6,0.7,0.30000000000000004,[1. 1.]
944,0.0,945,1,False,0.0,473.0,2.0,1,0,2,[1. 1.],[1 2],1.0,0,0.6,0.7,0.30000000000000004,[1. 1.]
945,2.0,946,0,False,1.0,473.0,0.0,1,1,0,[1. 1.],[1 2],,0,0.6,0.7,0.30000000000000004,[1. 1.]
946,0.0,947,1,False,0.0,474.0,2.0,1,0,2,[1. 1.],[1 2],,0,0.6,0.7,0.30000000000000004,[1. 1.]
947,2.0,948,0,False,1.0,474.0,0.0,1,1,0,[1. 0.],[1 2],,0,0.6,0.7,0.30000000000000004,[1. 1.]
948,0.0,949,1,False,0.0,475.0,2.0,1,0,2,[1. 0.],[1 2],,0,0.6,0.7,0.30000000000000004,[1. 1.]
949,2.0,950,0,False,0.0,475.0,0.0,1,1,0,[1. 0.],[1 2],,0,0.6,0.7,0.30000000000000004,[1. 1.]
950,0.0,951,1,False,0.0,476.0,2.0,1,0,2,[1. 0.],[1 2],,0,0.6,0.7,0.30000000000000004,[1. 1.]
951,2.0,952,0,False,0.0,476.0,0.0,1,1,0,[1. 0.],[1 2],1.0,0,0.6,0.7,0.30000000000000004,[1. 1.]
952,0.0,953,1,False,0.0,477.0,2.0,1,0,2,[1. 0.],[1 2],1.0,0,0.6,0.7,0.30000000000000004,[1. 1.]
953,2.0,954,0,False,0.0,477.0,0.0,1,1,0,[1. 1.],[1 2],1.0,0,0.6,0.7,0.30000000000000004,[1. 1.]
954,0.0,955,1,False,0.0,478.0,2.0,1,0,2,[1. 1.],[1 2],1.0,0,0.6,0.7,0.30000000000000004,[1. 1.]
955,2.0,956,0,False,1.0,478.0,0.0,1,1,0,[0. 0.],[1 2],0.0,0,0.6,0.7,0.30000000000000004,[1. 1.]
956,0.0,957,1,False,0.0,479.0,1.0,1,0,2,[0. 0.],[1 2],0.0,0,0.6,0.7,0.30000000000000004,[1. 1.]
957,1.0,958,0,False,0.0,479.0,0.0,1,1,0,[0. 0.],[1 2],1.0,0,0.6,0.7,0.30000000000000004,[1. 1.]
958,0.0,959,1,False,0.0,480.0,2.0,1,0,2,[0. 0.],[1 2],1.0,0,0.6,0.7,0.30000000000000004,[1. 1.]
959,2.0,960,0,False,0.0,480.0,0.0,1,1,0,[1. 0.],[1 2],1.0,0,0.6,0.7,0.30000000000000004,[1. 1.]
960,0.0,961,1,False,0.0,481.0,2.0,1,0,2,[1. 0.],[1 2],1.0,0,0.6,0.7,0.30000000000000004,[1. 1.]
961,2.0,962,0,False,0.0,481.0,0.0,1,1,0,[1. 1.],[1 2],0.0,0,0.6,0.7,0.30000000000000004,[1. 1.]
962,0.0,963,1,False,0.0,482.0,1.0,1,0,2,[1. 1.],[1 2],0.0,0,0.6,0.7,0.30000000000000004,[1. 1.]
963,1.0,964,0,False,1.0,482.0,0.0,1,1,0,[1. 1.],[1 2],,0,0.6,0.7,0.30000000000000004,[1. 1.]
964,0.0,965,1,False,0.0,483.0,2.0,1,0,2,[1. 1.],[1 2],,0,0.6,0.7,0.30000000000000004,[1. 1.]
965,2.0,966,0,False,1.0,483.0,0.0,1,1,0,[1. 0.],[1 2],,0,0.6,0.7,0.30000000000000004,[1. 1.]
966,0.0,967,1,False,0.0,484.0,2.0,1,0,2,[1. 0.],[1 2],,0,0.6,0.7,0.30000000000000004,[1. 1.]
967,2.0,968,0,False,0.0,484.0,0.0,1,1,0,[1. 1.],[1 2],0.0,0,0.6,0.7,0.30000000000000004,[1. 1.]
968,0.0,969,1,False,0.0,485.0,1.0,1,0,2,[1. 1.],[1 2],0.0,0,0.6,0.7,0.30000000000000004,[1. 1.]
969,1.0,970,0,False,1.0,485.0,0.0,1,1,0,[1. 0.],[1 2],,0,0.6,0.7,0.30000000000000004,[1. 1.]
970,0.0,971,1,False,0.0,486.0,2.0,1,0,2,[1. 0.],[1 2],,0,0.6,0.7,0.30000000000000004,[1. 1.]
971,2.0,972,0,False,0.0,486.0,0.0,1,1,0,[1. 0.],[1 2],,0,0.6,0.7,0.30000000000000004,[1. 1.]
972,0.0,973,1,False,0.0,487.0,2.0,1,0,2,[1. 0.],[1 2],,0,0.6,0.7,0.30000000000000004,[1. 1.]
973,2.0,974,0,False,0.0,487.0,0.0,1,1,0,[1. 0.],[1 2],0.0,0,0.6,0.7,0.30000000000000004,[1. 1.]
974,0.0,975,1,False,0.0,488.0,1.0,1,0,2,[1. 0.],[1 2],0.0,0,0.6,0.7,0.30000000000000004,[1. 1.]
975,1.0,976,0,False,0.0,488.0,0.0,1,1,0,[1. 1.],[1 2],1.0,0,0.6,0.7,0.30000000000000004,[1. 1.]
976,0.0,977,1,False,0.0,489.0,2.0,1,0,1,[1. 1.],[1 2],1.0,0,0.6,0.7,0.30000000000000004,[1. 1.]
977,2.0,978,0,False,1.0,489.0,0.0,1,1,0,[0. 0.],[1 2],1.0,0,0.6,0.7,0.30000000000000004,[1. 1.]
978,0.0,979,1,False,0.0,490.0,2.0,1,0,1,[0. 0.],[1 2],1.0,0,0.6,0.7,0.30000000000000004,[1. 1.]
979,2.0,980,0,False,0.0,490.0,0.0,1,1,0,[0. 1.],[1 2],,0,0.6,0.7,0.30000000000000004,[1. 1.]
980,0.0,981,1,False,0.0,491.0,1.0,1,0,1,[0. 1.],[1 2],,0,0.6,0.7,0.30000000000000004,[1. 1.]
981,1.0,982,0,False,0.0,491.0,0.0,1,1,0,[1. 1.],[1 2],0.0,0,0.6,0.7,0.30000000000000004,[1. 1.]
982,0.0,983,1,False,0.0,492.0,1.0,1,0,1,[1. 1.],[1 2],0.0,0,0.6,0.7,0.30000000000000004,[1. 1.]
983,1.0,984,0,False,1.0,492.0,0.0,1,1,0,[0. 1.],[1 2],0.0,0,0.6,0.7,0.30000000000000004,[1. 1.]
984,0.0,985,1,False,0.0,493.0,1.0,1,0,1,[0. 1.],[1 2],0.0,0,0.6,0.7,0.30000000000000004,[1. 1.]
985,1.0,986,0,False,0.0,493.0,0.0,1,1,0,[0. 0.],[1 2],0.0,0,0.6,0.7,0.30000000000000004,[1. 1.]
986,0.0,987,1,False,0.0,494.0,1.0,1,0,2,[0. 0.],[1 2],0.0,0,0.6,0.7,0.30000000000000004,[1. 1.]
987,1.0,988,0,False,0.0,494.0,0.0,1,1,0,[1. 0.],[1 2],0.0,0,0.6,0.7,0.30000000000000004,[1. 1.]
988,0.0,989,1,False,0.0,495.0,1.0,1,0,1,[1. 0.],[1 2],0.0,0,0.6,0.7,0.30000000000000004,[1. 1.]
989,1.0,990,0,False,1.0,495.0,0.0,1,1,0,[0. 0.],[1 2],1.0,1,0.6,0.7,0.30000000000000004,[1. 1.]
990,0.0,991,1,False,0.0,496.0,2.0,1,0,1,[0. 0.],[1 2],1.0,1,0.6,0.7,0.30000000000000004,[1. 1.]
991,2.0,992,0,False,0.0,496.0,0.0,1,1,0,[0. 1.],[1 2],,1,0.6,0.7,0.30000000000000004,[1. 1.]
992,0.0,993,1,False,0.0,497.0,1.0,1,0,1,[0. 1.],[1 2],,1,0.6,0.7,0.30000000000000004,[1. 1.]
993,1.0,994,0,False,0.0,497.0,0.0,1,1,0,[0. 1.],[1 2],,1,0.6,0.7,0.30000000000000004,[1. 1.]
994,0.0,995,1,False,0.0,498.0,2.0,1,0,2,[0. 1.],[1 2],,1,0.6,0.7,0.30000000000000004,[1. 1.]
995,2.0,996,0,False,1.0,498.0,0.0,1,1,0,[1. 1.],[2 1],,1,0.6,0.7,0.30000000000000004,[1. 1.]
996,0.0,997,1,False,0.0,499.0,1.0,1,0,2,[1. 1.],[2 1],,1,0.6,0.7,0.30000000000000004,[1. 1.]
997,1.0,998,0,False,1.0,499.0,0.0,1,1,0,[1. 1.],[2 1],,1,0.6,0.7,0.30000000000000004,[1. 1.]
998,0.0,999,1,False,0.0,500.0,1.0,1,0,2,[1. 1.],[2 1],,1,0.6,0.7,0.30000000000000004,[1. 1.]
999,1.0,1000,0,False,1.0,500.0,0.0,1,1,0,[0. 1.],[2 1],1.0,1,0.6,0.7,0.30000000000000004,[1. 1.]
1000,0.0,1001,1,False,0.0,501.0,2.0,1,0,2,[0. 1.],[2 1],1.0,1,0.6,0.7,0.30000000000000004,[1. 1.]
1001,2.0,1002,0,False,0.0,501.0,0.0,1,1,0,[0. 1.],[2 1],0.0,1,0.6,0.7,0.30000000000000004,[1. 1.]
1002,0.0,1003,1,False,0.0,502.0,1.0,1,0,2,[0. 1.],[2 1],0.0,1,0.6,0.7,0.30000000000000004,[1. 1.]
1003,1.0,1004,0,False,0.0,502.0,0.0,1,1,0,[1. 1.],[2 1],1.0,1,0.6,0.7,0.30000000000000004,[1. 1.]
1004,0.0,1005,1,False,0.0,503.0,2.0,1,0,2,[1. 1.],[2 1],1.0,1,0.6,0.7,0.30000000000000004,[1. 1.]
1005,2.0,1006,0,False,1.0,503.0,0.0,1,1,0,[0. 0.],[2 1],,1,0.6,0.7,0.30000000000000004,[1. 1.]
1006,0.0,1007,1,False,0.0,504.0,1.0,1,0,2,[0. 0.],[2 1],,1,0.6,0.7,0.30000000000000004,[1. 1.]
1007,1.0,1008,0,False,0.0,504.0,0.0,1,1,0,[1. 0.],[2 1],,1,0.6,0.7,0.30000000000000004,[1. 1.]
1008,0.0,1009,1,False,0.0,505.0,1.0,1,0,2,[1. 0.],[2 1],,1,0.6,0.7,0.30000000000000004,[1. 1.]
1009,1.0,1010,0,False,1.0,505.0,0.0,1,1,0,[0. 1.],[2 1],0.0,1,0.6,0.7,0.30000000000000004,[1. 1.]
1010,0.0,1011,1,False,0.0,506.0,1.0,1,0,2,[0. 1.],[2 1],0.0,1,0.6,0.7,0.30000000000000004,[1. 1.]
1011,1.0,1012,0,False,0.0,506.0,0.0,1,1,0,[1. 0.],[2 1],,0,0.6,0.7,0.30000000000000004,[1. 1.]
1012,0.0,1013,1,False,0.0,507.0,1.0,1,0,2,[1. 0.],[2 1],,0,0.6,0.7,0.30000000000000004,[1. 1.]
1013,1.0,1014,0,False,1.0,507.0,0.0,1,1,0,[1. 0.],[2 1],0.0,0,0.6,0.7,0.30000000000000004,[1. 1.]
1014,0.0,1015,1,False,0.0,508.0,1.0,1,0,2,[1. 0.],[2 1],0.0,0,0.6,0.7,0.30000000000000004,[1. 1.]
1015,1.0,1016,0,False,1.0,508.0,0.0,1,1,0,[1. 1.],[2 1],,0,0.6,0.7,0.30000000000000004,[1. 1.]
1016,0.0,1017,1,False,0.0,509.0,1.0,1,0,2,[1. 1.],[2 1],,0,0.6,0.7,0.30000000000000004,[1. 1.]
1017,1.0,1018,0,False,1.0,509.0,0.0,1,1,0,[1. 0.],[2 1],,0,0.6,0.7,0.30000000000000004,[1. 1.]
1018,0.0,1019,1,False,0.0,510.0,1.0,1,0,2,[1. 0.],[2 1],,0,0.6,0.7,0.30000000000000004,[1. 1.]
1019,1.0,1020,0,False,1.0,510.0,0.0,1,1,0,[1. 0.],[2 1],1.0,0,0.6,0.7,0.30000000000000004,[1. 1.]
1020,0.0,1021,1,False,0.0,511.0,2.0,1,0,2,[1. 0.],[2 1],1.0,0,0.6,0.7,0.30000000000000004,[1. 1.]
1021,2.0,1022,0,False,1.0,511.0,0.0,1,1,0,[1. 0.],[2 1],1.0,0,0.6,0.7,0.30000000000000004,[1. 1.]
1022,0.0,1023,1,False,0.0,512.0,2.0,1,0,2,[1. 0.],[2 1],1.0,0,0.6,0.7,0.30000000000000004,[1. 1.]
1023,2.0,1024,0,False,1.0,512.0,0.0,1,1,0,[1. 0.],[2 1],1.0,0,0.6,0.7,0.30000000000000004,[1. 1.]
1024,0.0,1025,1,False,0.0,513.0,2.0,1,0,2,[1. 0.],[2 1],1.0,0,0.6,0.7,0.30000000000000004,[1. 1.]
1025,2.0,1026,0,False,1.0,513.0,0.0,1,1,0,[1. 0.],[2 1],,0,0.6,0.7,0.30000000000000004,[1. 1.]
1026,0.0,1027,1,False,0.0,514.0,1.0,1,0,2,[1. 0.],[2 1],,0,0.6,0.7,0.30000000000000004,[1. 1.]
1027,1.0,1028,0,False,1.0,514.0,0.0,1,1,0,[1. 0.],[2 1],1.0,0,0.6,0.7,0.30000000000000004,[1. 1.]
1028,0.0,1029,1,False,0.0,515.0,2.0,1,0,2,[1. 0.],[2 1],1.0,0,0.6,0.7,0.30000000000000004,[1. 1.]
1029,2.0,1030,0,False,1.0,515.0,0.0,1,1,0,[0. 0.],[2 1],0.0,0,0.6,0.7,0.30000000000000004,[1. 1.]
1030,0.0,1031,1,False,0.0,516.0,1.0,1,0,2,[0. 0.],[2 1],0.0,0,0.6,0.7,0.30000000000000004,[1. 1.]
1031,1.0,1032,0,False,0.0,516.0,0.0,1,1,0,[0. 1.],[2 1],0.0,0,0.6,0.7,0.30000000000000004,[1. 1.]
1032,0.0,1033,1,False,0.0,517.0,1.0,1,0,2,[0. 1.],[2 1],0.0,0,0.6,0.7,0.30000000000000004,[1. 1.]
1033,1.0,1034,0,False,0.0,517.0,0.0,1,1,0,[0. 0.],[2 1],,0,0.6,0.7,0.30000000000000004,[1. 1.]
1034,0.0,1035,1,False,0.0,518.0,2.0,1,0,1,[0. 0.],[2 1],,0,0.6,0.7,0.30000000000000004,[1. 1.]
1035,2.0,1036,0,False,0.0,518.0,0.0,1,1,0,[1. 1.],[2 1],1.0,0,0.6,0.7,0.30000000000000004,[1. 1.]
1036,0.0,1037,1,False,0.0,519.0,2.0,1,0,1,[1. 1.],[2 1],1.0,0,0.6,0.7,0.30000000000000004,[1. 1.]
1037,2.0,1038,0,False,1.0,519.0,0.0,1,1,0,[0. 0.],[2 1],1.0,0,0.6,0.7,0.30000000000000004,[1. 1.]
1038,0.0,1039,1,False,0.0,520.0,2.0,1,0,1,[0. 0.],[2 1],1.0,0,0.6,0.7,0.30000000000000004,[1. 1.]
1039,2.0,1040,0,False,0.0,520.0,0.0,1,1,0,[1. 0.],[2 1],1.0,0,0.6,0.7,0.30000000000000004,[1. 1.]
1040,0.0,1041,1,False,0.0,521.0,2.0,1,0,1,[1. 0.],[2 1],1.0,0,0.6,0.7,0.30000000000000004,[1. 1.]
1041,2.0,1042,0,False,0.0,521.0,0.0,1,1,0,[1. 0.],[2 1],0.0,0,0.6,0.7,0.30000000000000004,[1. 1.]
1042,0.0,1043,1,False,0.0,522.0,1.0,1,0,1,[1. 0.],[2 1],0.0,0,0.6,0.7,0.30000000000000004,[1. 1.]
1043,1.0,1044,0,False,0.0,522.0,0.0,1,1,0,[0. 1.],[2 1],0.0,0,0.6,0.7,0.30000000000000004,[1. 1.]
1044,0.0,1045,1,False,0.0,523.0,1.0,1,0,2,[0. 1.],[2 1],0.0,0,0.6,0.7,0.30000000000000004,[1. 1.]
1045,1.0,1046,0,False,0.0,523.0,0.0,1,1,0,[0. 0.],[2 1],,0,0.6,0.7,0.30000000000000004,[1. 1.]
1046,0.0,1047,1,False,0.0,524.0,2.0,1,0,1,[0. 0.],[2 1],,0,0.6,0.7,0.30000000000000004,[1. 1.]
1047,2.0,1048,0,False,0.0,524.0,0.0,1,1,0,[0. 0.],[2 1],,0,0.6,0.7,0.30000000000000004,[1. 1.]
1048,0.0,1049,1,False,0.0,525.0,2.0,1,0,1,[0. 0.],[2 1],,0,0.6,0.7,0.30000000000000004,[1. 1.]
1049,2.0,1050,0,False,0.0,525.0,0.0,1,1,0,[1. 1.],[2 1],,0,0.6,0.7,0.30000000000000004,[1. 1.]
1050,0.0,1051,1,False,0.0,526.0,2.0,1,0,1,[1. 1.],[2 1],,0,0.6,0.7,0.30000000000000004,[1. 1.]
1051,2.0,1052,0,False,1.0,526.0,0.0,1,1,0,[1. 0.],[2 1],1.0,0,0.6,0.7,0.30000000000000004,[1. 1.]
1052,0.0,1053,1,False,0.0,527.0,2.0,1,0,1,[1. 0.],[2 1],1.0,0,0.6,0.7,0.30000000000000004,[1. 1.]
1053,2.0,1054,0,False,0.0,527.0,0.0,1,1,0,[1. 1.],[2 1],0.0,0,0.6,0.7,0.30000000000000004,[1. 1.]
1054,0.0,1055,1,False,0.0,528.0,1.0,1,0,1,[1. 1.],[2 1],0.0,0,0.6,0.7,0.30000000000000004,[1. 1.]
1055,1.0,1056,0,False,1.0,528.0,0.0,1,1,0,[1. 1.],[2 1],0.0,0,0.6,0.7,0.30000000000000004,[1. 1.]
1056,0.0,1057,1,False,0.0,529.0,1.0,1,0,1,[1. 1.],[2 1],0.0,0,0.6,0.7,0.30000000000000004,[1. 1.]
1057,1.0,1058,0,False,1.0,529.0,0.0,1,1,0,[1. 0.],[2 1],,0,0.6,0.7,0.30000000000000004,[1. 1.]
1058,0.0,1059,1,False,0.0,530.0,2.0,1,0,1,[1. 0.],[2 1],,0,0.6,0.7,0.30000000000000004,[1. 1.]
1059,2.0,1060,0,False,0.0,530.0,0.0,1,1,0,[1. 0.],[2 1],,0,0.6,0.7,0.30000000000000004,[1. 1.]
1060,0.0,1061,1,False,0.0,531.0,2.0,1,0,1,[1. 0.],[2 1],,0,0.6,0.7,0.30000000000000004,[1. 1.]
1061,2.0,1062,0,False,0.0,531.0,0.0,1,1,0,[1. 0.],[2 1],1.0,0,0.6,0.7,0.30000000000000004,[1. 1.]
1062,0.0,1063,1,False,0.0,532.0,2.0,1,0,1,[1. 0.],[2 1],1.0,0,0.6,0.7,0.30000000000000004,[1. 1.]
1063,2.0,1064,0,False,0.0,532.0,0.0,1,1,0,[1. 1.],[2 1],,1,0.6,0.7,0.30000000000000004,[1. 1.]
1064,0.0,1065,1,False,0.0,533.0,2.0,1,0,1,[1. 1.],[2 1],,1,0.6,0.7,0.30000000000000004,[1. 1.]
1065,2.0,1066,0,False,1.0,533.0,0.0,1,1,0,[0. 1.],[2 1],,1,0.6,0.7,0.30000000000000004,[1. 1.]
1066,0.0,1067,1,False,0.0,534.0,2.0,1,0,1,[0. 1.],[2 1],,1,0.6,0.7,0.30000000000000004,[1. 1.]
1067,2.0,1068,0,False,1.0,534.0,0.0,1,1,0,[1. 1.],[2 1],0.0,1,0.6,0.7,0.30000000000000004,[1. 1.]
1068,0.0,1069,1,False,0.0,535.0,1.0,1,0,1,[1. 1.],[2 1],0.0,1,0.6,0.7,0.30000000000000004,[1. 1.]
1069,1.0,1070,0,False,1.0,535.0,0.0,1,1,0,[0. 0.],[2 1],1.0,1,0.6,0.7,0.30000000000000004,[1. 1.]
1070,0.0,1071,1,False,0.0,536.0,2.0,1,0,1,[0. 0.],[2 1],1.0,1,0.6,0.7,0.30000000000000004,[1. 1.]
1071,2.0,1072,0,False,0.0,536.0,0.0,1,1,0,[0. 1.],[2 1],1.0,1,0.6,0.7,0.30000000000000004,[1. 1.]
1072,0.0,1073,1,False,0.0,537.0,2.0,1,0,1,[0. 1.],[2 1],1.0,1,0.6,0.7,0.30000000000000004,[1. 1.]
1073,2.0,1074,0,False,1.0,537.0,0.0,1,1,0,[1. 1.],[2 1],,1,0.6,0.7,0.30000000000000004,[1. 1.]
1074,0.0,1075,1,False,0.0,538.0,2.0,1,0,1,[1. 1.],[2 1],,1,0.6,0.7,0.30000000000000004,[1. 1.]
1075,2.0,1076,0,False,1.0,538.0,0.0,1,1,0,[0. 1.],[2 1],0.0,1,0.6,0.7,0.30000000000000004,[1. 1.]
1076,0.0,1077,1,False,0.0,539.0,1.0,1,0,1,[0. 1.],[2 1],0.0,1,0.6,0.7,0.30000000000000004,[1. 1.]
1077,1.0,1078,0,False,1.0,539.0,0.0,1,1,0,[1. 1.],[2 1],0.0,1,0.6,0.7,0.30000000000000004,[1. 1.]
1078,0.0,1079,1,False,0.0,540.0,1.0,1,0,1,[1. 1.],[2 1],0.0,1,0.6,0.7,0.30000000000000004,[1. 1.]
1079,1.0,1080,0,False,1.0,540.0,0.0,1,1,0,[0. 1.],[2 1],1.0,1,0.6,0.7,0.30000000000000004,[1. 1.]
1080,0.0,1081,1,False,0.0,541.0,2.0,1,0,1,[0. 1.],[2 1],1.0,1,0.6,0.7,0.30000000000000004,[1. 1.]
1081,2.0,1082,0,False,1.0,541.0,0.0,1,1,0,[0. 0.],[2 1],0.0,1,0.6,0.7,0.30000000000000004,[1. 1.]
1082,0.0,1083,1,False,0.0,542.0,1.0,1,0,1,[0. 0.],[2 1],0.0,1,0.6,0.7,0.30000000000000004,[1. 1.]
1083,1.0,1084,0,False,0.0,542.0,0.0,1,1,0,[0. 1.],[2 1],,1,0.6,0.7,0.30000000000000004,[1. 1.]
1084,0.0,1085,1,False,0.0,543.0,2.0,1,0,1,[0. 1.],[2 1],,1,0.6,0.7,0.30000000000000004,[1. 1.]
1085,2.0,1086,0,False,1.0,543.0,0.0,1,1,0,[1. 1.],[2 1],0.0,1,0.6,0.7,0.30000000000000004,[1. 1.]
1086,0.0,1087,1,False,0.0,544.0,1.0,1,0,1,[1. 1.],[2 1],0.0,1,0.6,0.7,0.30000000000000004,[1. 1.]
1087,1.0,1088,0,False,1.0,544.0,0.0,1,1,0,[0. 1.],[2 1],,1,0.6,0.7,0.30000000000000004,[1. 1.]
1088,0.0,1089,1,False,0.0,545.0,2.0,1,0,1,[0. 1.],[2 1],,1,0.6,0.7,0.30000000000000004,[1. 1.]
1089,2.0,1090,0,False,1.0,545.0,0.0,1,1,0,[1. 1.],[2 1],,1,0.6,0.7,0.30000000000000004,[1. 1.]
1090,0.0,1091,1,False,0.0,546.0,2.0,1,0,1,[1. 1.],[2 1],,1,0.6,0.7,0.30000000000000004,[1. 1.]
1091,2.0,1092,0,False,1.0,546.0,0.0,1,1,0,[0. 1.],[2 1],0.0,1,0.6,0.7,0.30000000000000004,[1. 1.]
1092,0.0,1093,1,False,0.0,547.0,1.0,1,0,1,[0. 1.],[2 1],0.0,1,0.6,0.7,0.30000000000000004,[1. 1.]
1093,1.0,1094,0,False,1.0,547.0,0.0,1,1,0,[1. 1.],[2 1],0.0,1,0.6,0.7,0.30000000000000004,[1. 1.]
1094,0.0,1095,1,False,0.0,548.0,1.0,1,0,1,[1. 1.],[2 1],0.0,1,0.6,0.7,0.30000000000000004,[1. 1.]
1095,1.0,1096,0,False,1.0,548.0,0.0,1,1,0,[1. 1.],[2 1],1.0,1,0.6,0.7,0.30000000000000004,[1. 1.]
1096,0.0,1097,1,False,0.0,549.0,2.0,1,0,1,[1. 1.],[2 1],1.0,1,0.6,0.7,0.30000000000000004,[1. 1.]
1097,2.0,1098,0,False,1.0,549.0,0.0,1,1,0,[0. 0.],[2 1],,1,0.6,0.7,0.30000000000000004,[1. 1.]
1098,0.0,1099,1,False,0.0,550.0,2.0,1,0,1,[0. 0.],[2 1],,1,0.6,0.7,0.30000000000000004,[1. 1.]
1099,2.0,1100,0,False,0.0,550.0,0.0,1,1,0,[0. 1.],[2 1],,1,0.6,0.7,0.30000000000000004,[1. 1.]
1100,0.0,1101,1,False,0.0,551.0,2.0,1,0,1,[0. 1.],[2 1],,1,0.6,0.7,0.30000000000000004,[1. 1.]
1101,2.0,1102,0,False,1.0,551.0,0.0,1,1,0,[1. 0.],[2 1],,1,0.6,0.7,0.30000000000000004,[1. 1.]
1102,0.0,1103,1,False,0.0,552.0,2.0,1,0,1,[1. 0.],[2 1],,1,0.6,0.7,0.30000000000000004,[1. 1.]
1103,2.0,1104,0,False,0.0,552.0,0.0,1,1,0,[1. 1.],[2 1],0.0,1,0.6,0.7,0.30000000000000004,[1. 1.]
1104,0.0,1105,1,False,0.0,553.0,1.0,1,0,1,[1. 1.],[2 1],0.0,1,0.6,0.7,0.30000000000000004,[1. 1.]
1105,1.0,1106,0,False,1.0,553.0,0.0,1,1,0,[0. 0.],[2 1],1.0,1,0.6,0.7,0.30000000000000004,[1. 1.]
1106,0.0,1107,1,False,0.0,554.0,2.0,1,0,1,[0. 0.],[2 1],1.0,1,0.6,0.7,0.30000000000000004,[1. 1.]
1107,2.0,1108,0,False,0.0,554.0,0.0,1,1,0,[0. 1.],[2 1],0.0,1,0.6,0.7,0.30000000000000004,[1. 1.]
1108,0.0,1109,1,False,0.0,555.0,1.0,1,0,1,[0. 1.],[2 1],0.0,1,0.6,0.7,0.30000000000000004,[1. 1.]
1109,1.0,1110,0,False,1.0,555.0,0.0,1,1,0,[1. 0.],[2 1],1.0,1,0.6,0.7,0.30000000000000004,[1. 1.]
1110,0.0,1111,1,False,0.0,556.0,2.0,1,0,1,[1. 0.],[2 1],1.0,1,0.6,0.7,0.30000000000000004,[1. 1.]
1111,2.0,1112,0,False,0.0,556.0,0.0,1,1,0,[0. 1.],[2 1],0.0,1,0.6,0.7,0.30000000000000004,[1. 1.]
1112,0.0,1113,1,False,0.0,557.0,1.0,1,0,1,[0. 1.],[2 1],0.0,1,0.6,0.7,0.30000000000000004,[1. 1.]
1113,1.0,1114,0,False,1.0,557.0,0.0,1,1,0,[0. 1.],[2 1],1.0,1,0.6,0.7,0.30000000000000004,[1. 1.]
1114,0.0,1115,1,False,0.0,558.0,2.0,1,0,1,[0. 1.],[2 1],1.0,1,0.6,0.7,0.30000000000000004,[1. 1.]
1115,2.0,1116,0,False,1.0,558.0,0.0,1,1,0,[1. 1.],[2 1],0.0,1,0.6,0.7,0.30000000000000004,[1. 1.]
1116,0.0,1117,1,False,0.0,559.0,1.0,1,0,1,[1. 1.],[2 1],0.0,1,0.6,0.7,0.30000000000000004,[1. 1.]
1117,1.0,1118,0,False,1.0,559.0,0.0,1,1,0,[0. 1.],[2 1],1.0,1,0.6,0.7,0.30000000000000004,[1. 1.]
1118,0.0,1119,1,False,0.0,560.0,2.0,1,0,1,[0. 1.],[2 1],1.0,1,0.6,0.7,0.30000000000000004,[1. 1.]
1119,2.0,1120,0,False,1.0,560.0,0.0,1,1,0,[0. 0.],[2 1],,1,0.6,0.7,0.30000000000000004,[1. 1.]
1120,0.0,1121,1,False,0.0,561.0,2.0,1,0,1,[0. 0.],[2 1],,1,0.6,0.7,0.30000000000000004,[1. 1.]
1121,2.0,1122,0,False,0.0,561.0,0.0,1,1,0,[0. 1.],[2 1],0.0,1,0.6,0.7,0.30000000000000004,[1. 1.]
1122,0.0,1123,1,False,0.0,562.0,1.0,1,0,1,[0. 1.],[2 1],0.0,1,0.6,0.7,0.30000000000000004,[1. 1.]
1123,1.0,1124,0,False,1.0,562.0,0.0,1,1,0,[1. 1.],[2 1],,1,0.6,0.7,0.30000000000000004,[1. 1.]
1124,0.0,1125,1,False,0.0,563.0,2.0,1,0,1,[1. 1.],[2 1],,1,0.6,0.7,0.30000000000000004,[1. 1.]
1125,2.0,1126,0,False,1.0,563.0,0.0,1,1,0,[0. 0.],[2 1],,1,0.6,0.7,0.30000000000000004,[1. 1.]
1126,0.0,1127,1,False,0.0,564.0,2.0,1,0,1,[0. 0.],[2 1],,1,0.6,0.7,0.30000000000000004,[1. 1.]
1127,2.0,1128,0,False,0.0,564.0,0.0,1,1,0,[0. 1.],[2 1],0.0,0,0.6,0.7,0.30000000000000004,[1. 1.]
1128,0.0,1129,1,False,0.0,565.0,1.0,1,0,1,[0. 1.],[2 1],0.0,0,0.6,0.7,0.30000000000000004,[1. 1.]
1129,1.0,1130,0,False,1.0,565.0,0.0,1,1,0,[1. 0.],[2 1],1.0,0,0.6,0.7,0.30000000000000004,[1. 1.]
1130,0.0,1131,1,False,0.0,566.0,2.0,1,0,1,[1. 0.],[2 1],1.0,0,0.6,0.7,0.30000000000000004,[1. 1.]
1131,2.0,1132,0,False,0.0,566.0,0.0,1,1,0,[0. 0.],[2 1],1.0,0,0.6,0.7,0.30000000000000004,[1. 1.]
1132,0.0,1133,1,False,0.0,567.0,2.0,1,0,1,[0. 0.],[2 1],1.0,0,0.6,0.7,0.30000000000000004,[1. 1.]
1133,2.0,1134,0,False,0.0,567.0,0.0,1,1,0,[1. 1.],[2 1],,0,0.6,0.7,0.30000000000000004,[1. 1.]
1134,0.0,1135,1,False,0.0,568.0,2.0,1,0,1,[1. 1.],[2 1],,0,0.6,0.7,0.30000000000000004,[1. 1.]
1135,2.0,1136,0,False,1.0,568.0,0.0,1,1,0,[0. 1.],[2 1],0.0,0,0.6,0.7,0.30000000000000004,[1. 1.]
1136,0.0,1137,1,False,0.0,569.0,1.0,1,0,1,[0. 1.],[2 1],0.0,0,0.6,0.7,0.30000000000000004,[1. 1.]
1137,1.0,1138,0,False,1.0,569.0,0.0,1,1,0,[1. 0.],[2 1],1.0,0,0.6,0.7,0.30000000000000004,[1. 1.]
1138,0.0,1139,1,False,0.0,570.0,2.0,1,0,1,[1. 0.],[2 1],1.0,0,0.6,0.7,0.30000000000000004,[1. 1.]
1139,2.0,1140,0,False,0.0,570.0,0.0,1,1,0,[1. 0.],[2 1],,0,0.6,0.7,0.30000000000000004,[1. 1.]
1140,0.0,1141,1,False,0.0,571.0,2.0,1,0,1,[1. 0.],[2 1],,0,0.6,0.7,0.30000000000000004,[1. 1.]
1141,2.0,1142,0,False,0.0,571.0,0.0,1,1,0,[1. 1.],[2 1],1.0,0,0.6,0.7,0.30000000000000004,[1. 1.]
1142,0.0,1143,1,False,0.0,572.0,2.0,1,0,1,[1. 1.],[2 1],1.0,0,0.6,0.7,0.30000000000000004,[1. 1.]
1143,2.0,1144,0,False,1.0,572.0,0.0,1,1,0,[1. 0.],[2 1],,0,0.6,0.7,0.30000000000000004,[1. 1.]
1144,0.0,1145,1,False,0.0,573.0,2.0,1,0,1,[1. 0.],[2 1],,0,0.6,0.7,0.30000000000000004,[1. 1.]
1145,2.0,1146,0,False,0.0,573.0,0.0,1,1,0,[0. 0.],[2 1],1.0,0,0.6,0.7,0.30000000000000004,[1. 1.]
1146,0.0,1147,1,False,0.0,574.0,2.0,1,0,1,[0. 0.],[2 1],1.0,0,0.6,0.7,0.30000000000000004,[1. 1.]
1147,2.0,1148,0,False,0.0,574.0,0.0,1,1,0,[1. 0.],[2 1],,0,0.6,0.7,0.30000000000000004,[1. 1.]
1148,0.0,1149,1,False,0.0,575.0,2.0,1,0,1,[1. 0.],[2 1],,0,0.6,0.7,0.30000000000000004,[1. 1.]
1149,2.0,1150,0,False,0.0,575.0,0.0,1,1,0,[1. 0.],[2 1],1.0,0,0.6,0.7,0.30000000000000004,[1. 1.]
1150,0.0,1151,1,False,0.0,576.0,2.0,1,0,1,[1. 0.],[2 1],1.0,0,0.6,0.7,0.30000000000000004,[1. 1.]
1151,2.0,1152,0,False,0.0,576.0,0.0,1,1,0,[1. 1.],[2 1],,0,0.6,0.7,0.30000000000000004,[1. 1.]
1152,0.0,1153,1,False,0.0,577.0,1.0,1,0,2,[1. 1.],[2 1],,0,0.6,0.7,0.30000000000000004,[1. 1.]
1153,1.0,1154,0,False,1.0,577.0,0.0,1,1,0,[1. 1.],[2 1],1.0,0,0.6,0.7,0.30000000000000004,[1. 1.]
1154,0.0,1155,1,False,0.0,578.0,2.0,1,0,2,[1. 1.],[2 1],1.0,0,0.6,0.7,0.30000000000000004,[1. 1.]
1155,2.0,1156,0,False,1.0,578.0,0.0,1,1,0,[1. 1.],[2 1],,1,0.6,0.7,0.30000000000000004,[1. 1.]
1156,0.0,1157,1,False,0.0,579.0,1.0,1,0,2,[1. 1.],[2 1],,1,0.6,0.7,0.30000000000000004,[1. 1.]
1157,1.0,1158,0,False,1.0,579.0,0.0,1,1,0,[0. 0.],[2 1],1.0,1,0.6,0.7,0.30000000000000004,[1. 1.]
1158,0.0,1159,1,False,0.0,580.0,2.0,1,0,2,[0. 0.],[2 1],1.0,1,0.6,0.7,0.30000000000000004,[1. 1.]
1159,2.0,1160,0,False,0.0,580.0,0.0,1,1,0,[1. 1.],[2 1],0.0,1,0.6,0.7,0.30000000000000004,[1. 1.]
1160,0.0,1161,1,False,0.0,581.0,1.0,1,0,2,[1. 1.],[2 1],0.0,1,0.6,0.7,0.30000000000000004,[1. 1.]
1161,1.0,1162,0,False,1.0,581.0,0.0,1,1,0,[0. 0.],[2 1],0.0,1,0.6,0.7,0.30000000000000004,[1. 1.]
1162,0.0,1163,1,False,0.0,582.0,1.0,1,0,2,[0. 0.],[2 1],0.0,1,0.6,0.7,0.30000000000000004,[1. 1.]
1163,1.0,1164,0,False,0.0,582.0,0.0,1,1,0,[0. 1.],[2 1],0.0,1,0.6,0.7,0.30000000000000004,[1. 1.]
1164,0.0,1165,1,False,0.0,583.0,1.0,1,0,2,[0. 1.],[2 1],0.0,1,0.6,0.7,0.30000000000000004,[1. 1.]
1165,1.0,1166,0,False,0.0,583.0,0.0,1,1,0,[1. 1.],[2 1],0.0,1,0.6,0.7,0.30000000000000004,[1. 1.]
1166,0.0,1167,1,False,0.0,584.0,1.0,1,0,1,[1. 1.],[2 1],0.0,1,0.6,0.7,0.30000000000000004,[1. 1.]
1167,1.0,1168,0,False,1.0,584.0,0.0,1,1,0,[1. 1.],[2 1],0.0,1,0.6,0.7,0.30000000000000004,[1. 1.]
1168,0.0,1169,1,False,0.0,585.0,1.0,1,0,1,[1. 1.],[2 1],0.0,1,0.6,0.7,0.30000000000000004,[1. 1.]
1169,1.0,1170,0,False,1.0,585.0,0.0,1,1,0,[1. 1.],[2 1],0.0,1,0.6,0.7,0.30000000000000004,[1. 1.]
1170,0.0,1171,1,False,0.0,586.0,1.0,1,0,1,[1. 1.],[2 1],0.0,1,0.6,0.7,0.30000000000000004,[1. 1.]
1171,1.0,1172,0,False,1.0,586.0,0.0,1,1,0,[1. 0.],[2 1],,1,0.6,0.7,0.30000000000000004,[1. 1.]
1172,0.0,1173,1,False,0.0,587.0,2.0,1,0,1,[1. 0.],[2 1],,1,0.6,0.7,0.30000000000000004,[1. 1.]
1173,2.0,1174,0,False,0.0,587.0,0.0,1,1,0,[0. 1.],[2 1],1.0,1,0.6,0.7,0.30000000000000004,[1. 1.]
1174,0.0,1175,1,False,0.0,588.0,2.0,1,0,1,[0. 1.],[2 1],1.0,1,0.6,0.7,0.30000000000000004,[1. 1.]
1175,2.0,1176,0,False,1.0,588.0,0.0,1,1,0,[0. 1.],[2 1],,1,0.6,0.7,0.30000000000000004,[1. 1.]
1176,0.0,1177,1,False,0.0,589.0,2.0,1,0,1,[0. 1.],[2 1],,1,0.6,0.7,0.30000000000000004,[1. 1.]
1177,2.0,1178,0,False,1.0,589.0,0.0,1,1,0,[0. 0.],[2 1],0.0,1,0.6,0.7,0.30000000000000004,[1. 1.]
1178,0.0,1179,1,False,0.0,590.0,1.0,1,0,1,[0. 0.],[2 1],0.0,1,0.6,0.7,0.30000000000000004,[1. 1.]
1179,1.0,1180,0,False,0.0,590.0,0.0,1,1,0,[0. 1.],[2 1],1.0,1,0.6,0.7,0.30000000000000004,[1. 1.]
1180,0.0,1181,1,False,0.0,591.0,2.0,1,0,1,[0. 1.],[2 1],1.0,1,0.6,0.7,0.30000000000000004,[1. 1.]
1181,2.0,1182,0,False,1.0,591.0,0.0,1,1,0,[0. 0.],[2 1],0.0,1,0.6,0.7,0.30000000000000004,[1. 1.]
1182,0.0,1183,1,False,0.0,592.0,1.0,1,0,1,[0. 0.],[2 1],0.0,1,0.6,0.7,0.30000000000000004,[1. 1.]
1183,1.0,1184,0,False,0.0,592.0,0.0,1,1,0,[0. 1.],[2 1],0.0,0,0.6,0.7,0.30000000000000004,[1. 1.]
1184,0.0,1185,1,False,0.0,593.0,1.0,1,0,1,[0. 1.],[2 1],0.0,0,0.6,0.7,0.30000000000000004,[1. 1.]
1185,1.0,1186,0,False,1.0,593.0,0.0,1,1,0,[1. 1.],[2 1],0.0,0,0.6,0.7,0.30000000000000004,[1. 1.]
1186,0.0,1187,1,False,0.0,594.0,1.0,1,0,1,[1. 1.],[2 1],0.0,0,0.6,0.7,0.30000000000000004,[1. 1.]
1187,1.0,1188,0,False,1.0,594.0,0.0,1,1,0,[1. 0.],[2 1],1.0,0,0.6,0.7,0.30000000000000004,[1. 1.]
1188,0.0,1189,1,False,0.0,595.0,2.0,1,0,1,[1. 0.],[2 1],1.0,0,0.6,0.7,0.30000000000000004,[1. 1.]
1189,2.0,1190,0,False,0.0,595.0,0.0,1,1,0,[0. 0.],[2 1],,0,0.6,0.7,0.30000000000000004,[1. 1.]
1190,0.0,1191,1,False,0.0,596.0,2.0,1,0,1,[0. 0.],[2 1],,0,0.6,0.7,0.30000000000000004,[1. 1.]
1191,2.0,1192,0,False,0.0,596.0,0.0,1,1,0,[1. 0.],[2 1],1.0,0,0.6,0.7,0.30000000000000004,[1. 1.]
1192,0.0,1193,1,False,0.0,597.0,2.0,1,0,1,[1. 0.],[2 1],1.0,0,0.6,0.7,0.30000000000000004,[1. 1.]
1193,2.0,1194,0,False,0.0,597.0,0.0,1,1,0,[0. 0.],[2 1],1.0,0,0.6,0.7,0.30000000000000004,[1. 1.]
1194,0.0,1195,1,False,0.0,598.0,2.0,1,0,1,[0. 0.],[2 1],1.0,0,0.6,0.7,0.30000000000000004,[1. 1.]
1195,2.0,1196,0,False,0.0,598.0,0.0,1,1,0,[1. 0.],[2 1],1.0,0,0.6,0.7,0.30000000000000004,[1. 1.]
1196,0.0,1197,1,False,0.0,599.0,2.0,1,0,2,[1. 0.],[2 1],1.0,0,0.6,0.7,0.30000000000000004,[1. 1.]
1197,2.0,1198,0,False,1.0,599.0,0.0,1,1,0,[1. 0.],[2 1],,0,0.6,0.7,0.30000000000000004,[1. 1.]
1198,0.0,1199,1,False,0.0,600.0,1.0,1,0,2,[1. 0.],[2 1],,0,0.6,0.7,0.30000000000000004,[1. 1.]
1199,1.0,1200,0,False,1.0,600.0,0.0,1,1,0,[1. 0.],[2 1],0.0,0,0.6,0.7,0.30000000000000004,[1. 1.]
1200,0.0,1201,1,False,0.0,601.0,1.0,1,0,2,[1. 0.],[2 1],0.0,0,0.6,0.7,0.30000000000000004,[1. 1.]
1201,1.0,1202,0,False,1.0,601.0,0.0,1,1,0,[1. 0.],[2 1],1.0,0,0.6,0.7,0.30000000000000004,[1. 1.]
1202,0.0,1203,1,False,0.0,602.0,2.0,1,0,2,[1. 0.],[2 1],1.0,0,0.6,0.7,0.30000000000000004,[1. 1.]
1203,2.0,1204,0,False,1.0,602.0,0.0,1,1,0,[1. 0.],[2 1],1.0,0,0.6,0.7,0.30000000000000004,[1. 1.]
1204,0.0,1205,1,False,0.0,603.0,2.0,1,0,2,[1. 0.],[2 1],1.0,0,0.6,0.7,0.30000000000000004,[1. 1.]
1205,2.0,1206,0,False,1.0,603.0,0.0,1,1,0,[1. 1.],[2 1],,0,0.6,0.7,0.30000000000000004,[1. 1.]
1206,0.0,1207,1,False,0.0,604.0,1.0,1,0,2,[1. 1.],[2 1],,0,0.6,0.7,0.30000000000000004,[1. 1.]
1207,1.0,1208,0,False,1.0,604.0,0.0,1,1,0,[0. 0.],[2 1],0.0,0,0.6,0.7,0.30000000000000004,[1. 1.]
1208,0.0,1209,1,False,0.0,605.0,1.0,1,0,2,[0. 0.],[2 1],0.0,0,0.6,0.7,0.30000000000000004,[1. 1.]
1209,1.0,1210,0,False,0.0,605.0,0.0,1,1,0,[1. 1.],[2 1],,0,0.6,0.7,0.30000000000000004,[1. 1.]
1210,0.0,1211,1,False,0.0,606.0,1.0,1,0,2,[1. 1.],[2 1],,0,0.6,0.7,0.30000000000000004,[1. 1.]
1211,1.0,1212,0,False,1.0,606.0,0.0,1,1,0,[0. 0.],[2 1],,0,0.6,0.7,0.30000000000000004,[1. 1.]
1212,0.0,1213,1,False,0.0,607.0,1.0,1,0,2,[0. 0.],[2 1],,0,0.6,0.7,0.30000000000000004,[1. 1.]
1213,1.0,1214,0,False,0.0,607.0,0.0,1,1,0,[0. 0.],[2 1],1.0,0,0.6,0.7,0.30000000000000004,[1. 1.]
1214,0.0,1215,1,False,0.0,608.0,2.0,1,0,2,[0. 0.],[2 1],1.0,0,0.6,0.7,0.30000000000000004,[1. 1.]
1215,2.0,1216,0,False,0.0,608.0,0.0,1,1,0,[0. 0.],[2 1],0.0,0,0.6,0.7,0.30000000000000004,[1. 1.]
1216,0.0,1217,1,False,0.0,609.0,1.0,1,0,2,[0. 0.],[2 1],0.0,0,0.6,0.7,0.30000000000000004,[1. 1.]
1217,1.0,1218,0,False,0.0,609.0,0.0,1,1,0,[0. 1.],[2 1],1.0,0,0.6,0.7,0.30000000000000004,[1. 1.]
1218,0.0,1219,1,False,0.0,610.0,2.0,1,0,1,[0. 1.],[2 1],1.0,0,0.6,0.7,0.30000000000000004,[1. 1.]
1219,2.0,1220,0,False,1.0,610.0,0.0,1,1,0,[1. 0.],[2 1],0.0,0,0.6,0.7,0.30000000000000004,[1. 1.]
1220,0.0,1221,1,False,0.0,611.0,1.0,1,0,1,[1. 0.],[2 1],0.0,0,0.6,0.7,0.30000000000000004,[1. 1.]
1221,1.0,1222,0,False,0.0,611.0,0.0,1,1,0,[0. 1.],[2 1],0.0,0,0.6,0.7,0.30000000000000004,[1. 1.]
1222,0.0,1223,1,False,0.0,612.0,1.0,1,0,1,[0. 1.],[2 1],0.0,0,0.6,0.7,0.30000000000000004,[1. 1.]
1223,1.0,1224,0,False,1.0,612.0,0.0,1,1,0,[0. 0.],[2 1],1.0,0,0.6,0.7,0.30000000000000004,[1. 1.]
1224,0.0,1225,1,False,0.0,613.0,2.0,1,0,1,[0. 0.],[2 1],1.0,0,0.6,0.7,0.30000000000000004,[1. 1.]
1225,2.0,1226,0,False,0.0,613.0,0.0,1,1,0,[1. 0.],[2 1],,0,0.6,0.7,0.30000000000000004,[1. 1.]
1226,0.0,1227,1,False,0.0,614.0,2.0,1,0,1,[1. 0.],[2 1],,0,0.6,0.7,0.30000000000000004,[1. 1.]
1227,2.0,1228,0,False,0.0,614.0,0.0,1,1,0,[1. 0.],[2 1],1.0,0,0.6,0.7,0.30000000000000004,[1. 1.]
1228,0.0,1229,1,False,0.0,615.0,2.0,1,0,1,[1. 0.],[2 1],1.0,0,0.6,0.7,0.30000000000000004,[1. 1.]
1229,2.0,1230,0,False,0.0,615.0,0.0,1,1,0,[0. 0.],[2 1],0.0,0,0.6,0.7,0.30000000000000004,[1. 1.]
1230,0.0,1231,1,False,0.0,616.0,1.0,1,0,1,[0. 0.],[2 1],0.0,0,0.6,0.7,0.30000000000000004,[1. 1.]
1231,1.0,1232,0,False,0.0,616.0,0.0,1,1,0,[1. 1.],[2 1],,0,0.6,0.7,0.30000000000000004,[1. 1.]
1232,0.0,1233,1,False,0.0,617.0,1.0,1,0,2,[1. 1.],[2 1],,0,0.6,0.7,0.30000000000000004,[1. 1.]
1233,1.0,1234,0,False,1.0,617.0,0.0,1,1,0,[0. 0.],[2 1],1.0,0,0.6,0.7,0.30000000000000004,[1. 1.]
1234,0.0,1235,1,False,0.0,618.0,2.0,1,0,2,[0. 0.],[2 1],1.0,0,0.6,0.7,0.30000000000000004,[1. 1.]
1235,2.0,1236,0,False,0.0,618.0,0.0,1,1,0,[1. 1.],[2 1],,0,0.6,0.7,0.30000000000000004,[1. 1.]
1236,0.0,1237,1,False,0.0,619.0,1.0,1,0,2,[1. 1.],[2 1],,0,0.6,0.7,0.30000000000000004,[1. 1.]
1237,1.0,1238,0,False,1.0,619.0,0.0,1,1,0,[1. 0.],[2 1],1.0,0,0.6,0.7,0.30000000000000004,[1. 1.]
1238,0.0,1239,1,False,0.0,620.0,2.0,1,0,2,[1. 0.],[2 1],1.0,0,0.6,0.7,0.30000000000000004,[1. 1.]
1239,2.0,1240,0,False,1.0,620.0,0.0,1,1,0,[1. 1.],[2 1],,0,0.6,0.7,0.30000000000000004,[1. 1.]
1240,0.0,1241,1,False,0.0,621.0,1.0,1,0,2,[1. 1.],[2 1],,0,0.6,0.7,0.30000000000000004,[1. 1.]
1241,1.0,1242,0,False,1.0,621.0,0.0,1,1,0,[0. 0.],[2 1],0.0,0,0.6,0.7,0.30000000000000004,[1. 1.]
1242,0.0,1243,1,False,0.0,622.0,1.0,1,0,2,[0. 0.],[2 1],0.0,0,0.6,0.7,0.30000000000000004,[1. 1.]
1243,1.0,1244,0,False,0.0,622.0,0.0,1,1,0,[1. 0.],[2 1],,0,0.6,0.7,0.30000000000000004,[1. 1.]
1244,0.0,1245,1,False,0.0,623.0,1.0,1,0,2,[1. 0.],[2 1],,0,0.6,0.7,0.30000000000000004,[1. 1.]
1245,1.0,1246,0,False,1.0,623.0,0.0,1,1,0,[1. 1.],[2 1],0.0,0,0.6,0.7,0.30000000000000004,[1. 1.]
1246,0.0,1247,1,False,0.0,624.0,1.0,1,0,2,[1. 1.],[2 1],0.0,0,0.6,0.7,0.30000000000000004,[1. 1.]
1247,1.0,1248,0,False,1.0,624.0,0.0,1,1,0,[0. 0.],[2 1],1.0,0,0.6,0.7,0.30000000000000004,[1. 1.]
1248,0.0,1249,1,False,0.0,625.0,2.0,1,0,2,[0. 0.],[2 1],1.0,0,0.6,0.7,0.30000000000000004,[1. 1.]
1249,2.0,1250,0,False,0.0,625.0,0.0,1,1,0,[1. 1.],[2 1],1.0,0,0.6,0.7,0.30000000000000004,[1. 1.]
1250,0.0,1251,1,False,0.0,626.0,2.0,1,0,2,[1. 1.],[2 1],1.0,0,0.6,0.7,0.30000000000000004,[1. 1.]
1251,2.0,1252,0,False,1.0,626.0,0.0,1,1,0,[1. 1.],[2 1],0.0,0,0.6,0.7,0.30000000000000004,[1. 1.]
1252,0.0,1253,1,False,0.0,627.0,1.0,1,0,2,[1. 1.],[2 1],0.0,0,0.6,0.7,0.30000000000000004,[1. 1.]
1253,1.0,1254,0,False,1.0,627.0,0.0,1,1,0,[1. 1.],[2 1],,0,0.6,0.7,0.30000000000000004,[1. 1.]
1254,0.0,1255,1,False,0.0,628.0,1.0,1,0,2,[1. 1.],[2 1],,0,0.6,0.7,0.30000000000000004,[1. 1.]
1255,1.0,1256,0,False,1.0,628.0,0.0,1,1,0,[1. 0.],[2 1],0.0,0,0.6,0.7,0.30000000000000004,[1. 1.]
1256,0.0,1257,1,False,0.0,629.0,1.0,1,0,2,[1. 0.],[2 1],0.0,0,0.6,0.7,0.30000000000000004,[1. 1.]
1257,1.0,1258,0,False,1.0,629.0,0.0,1,1,0,[1. 1.],[2 1],1.0,0,0.6,0.7,0.30000000000000004,[1. 1.]
1258,0.0,1259,1,False,0.0,630.0,2.0,1,0,2,[1. 1.],[2 1],1.0,0,0.6,0.7,0.30000000000000004,[1. 1.]
1259,2.0,1260,0,False,1.0,630.0,0.0,1,1,0,[1. 0.],[2 1],,0,0.6,0.7,0.30000000000000004,[1. 1.]
1260,0.0,1261,1,False,0.0,631.0,1.0,1,0,2,[1. 0.],[2 1],,0,0.6,0.7,0.30000000000000004,[1. 1.]
1261,1.0,1262,0,False,1.0,631.0,0.0,1,1,0,[1. 1.],[2 1],,0,0.6,0.7,0.30000000000000004,[1. 1.]
1262,0.0,1263,1,False,0.0,632.0,1.0,1,0,2,[1. 1.],[2 1],,0,0.6,0.7,0.30000000000000004,[1. 1.]
1263,1.0,1264,0,False,1.0,632.0,0.0,1,1,0,[1. 0.],[2 1],,0,0.6,0.7,0.30000000000000004,[1. 1.]
1264,0.0,1265,1,False,0.0,633.0,1.0,1,0,2,[1. 0.],[2 1],,0,0.6,0.7,0.30000000000000004,[1. 1.]
1265,1.0,1266,0,False,1.0,633.0,0.0,1,1,0,[1. 0.],[2 1],1.0,0,0.6,0.7,0.30000000000000004,[1. 1.]
1266,0.0,1267,1,False,0.0,634.0,2.0,1,0,2,[1. 0.],[2 1],1.0,0,0.6,0.7,0.30000000000000004,[1. 1.]
1267,2.0,1268,0,False,1.0,634.0,0.0,1,1,0,[1. 0.],[2 1],0.0,0,0.6,0.7,0.30000000000000004,[1. 1.]
1268,0.0,1269,1,False,0.0,635.0,1.0,1,0,2,[1. 0.],[2 1],0.0,0,0.6,0.7,0.30000000000000004,[1. 1.]
1269,1.0,1270,0,False,1.0,635.0,0.0,1,1,0,[1. 0.],[2 1],,0,0.6,0.7,0.30000000000000004,[1. 1.]
1270,0.0,1271,1,False,0.0,636.0,1.0,1,0,2,[1. 0.],[2 1],,0,0.6,0.7,0.30000000000000004,[1. 1.]
1271,1.0,1272,0,False,1.0,636.0,0.0,1,1,0,[1. 0.],[2 1],,0,0.6,0.7,0.30000000000000004,[1. 1.]
1272,0.0,1273,1,False,0.0,637.0,1.0,1,0,2,[1. 0.],[2 1],,0,0.6,0.7,0.30000000000000004,[1. 1.]
1273,1.0,1274,0,False,1.0,637.0,0.0,1,1,0,[0. 0.],[2 1],,0,0.6,0.7,0.30000000000000004,[1. 1.]
1274,0.0,1275,1,False,0.0,638.0,1.0,1,0,2,[0. 0.],[2 1],,0,0.6,0.7,0.30000000000000004,[1. 1.]
1275,1.0,1276,0,False,0.0,638.0,0.0,1,1,0,[1. 1.],[2 1],0.0,0,0.6,0.7,0.30000000000000004,[1. 1.]
1276,0.0,1277,1,False,0.0,639.0,1.0,1,0,2,[1. 1.],[2 1],0.0,0,0.6,0.7,0.30000000000000004,[1. 1.]
1277,1.0,1278,0,False,1.0,639.0,0.0,1,1,0,[1. 0.],[2 1],1.0,0,0.6,0.7,0.30000000000000004,[1. 1.]
1278,0.0,1279,1,False,0.0,640.0,2.0,1,0,2,[1. 0.],[2 1],1.0,0,0.6,0.7,0.30000000000000004,[1. 1.]
1279,2.0,1280,0,False,1.0,640.0,0.0,1,1,0,[1. 0.],[2 1],1.0,0,0.6,0.7,0.30000000000000004,[1. 1.]
1280,0.0,1281,1,False,0.0,641.0,2.0,1,0,2,[1. 0.],[2 1],1.0,0,0.6,0.7,0.30000000000000004,[1. 1.]
1281,2.0,1282,0,False,1.0,641.0,0.0,1,1,0,[1. 0.],[2 1],0.0,0,0.6,0.7,0.30000000000000004,[1. 1.]
1282,0.0,1283,1,False,0.0,642.0,1.0,1,0,2,[1. 0.],[2 1],0.0,0,0.6,0.7,0.30000000000000004,[1. 1.]
1283,1.0,1284,0,False,1.0,642.0,0.0,1,1,0,[0. 1.],[2 1],,0,0.6,0.7,0.30000000000000004,[1. 1.]
1284,0.0,1285,1,False,0.0,643.0,1.0,1,0,2,[0. 1.],[2 1],,0,0.6,0.7,0.30000000000000004,[1. 1.]
1285,1.0,1286,0,False,0.0,643.0,0.0,1,1,0,[0. 0.],[2 1],1.0,0,0.6,0.7,0.30000000000000004,[1. 1.]
1286,0.0,1287,1,False,0.0,644.0,2.0,1,0,2,[0. 0.],[2 1],1.0,0,0.6,0.7,0.30000000000000004,[1. 1.]
1287,2.0,1288,0,False,0.0,644.0,0.0,1,1,0,[0. 1.],[2 1],0.0,0,0.6,0.7,0.30000000000000004,[1. 1.]
1288,0.0,1289,1,False,0.0,645.0,1.0,1,0,2,[0. 1.],[2 1],0.0,0,0.6,0.7,0.30000000000000004,[1. 1.]
1289,1.0,1290,0,False,0.0,645.0,0.0,1,1,0,[1. 1.],[2 1],0.0,0,0.6,0.7,0.30000000000000004,[1. 1.]
1290,0.0,1291,1,False,0.0,646.0,1.0,1,0,2,[1. 1.],[2 1],0.0,0,0.6,0.7,0.30000000000000004,[1. 1.]
1291,1.0,1292,0,False,1.0,646.0,0.0,1,1,0,[1. 0.],[2 1],,0,0.6,0.7,0.30000000000000004,[1. 1.]
1292,0.0,1293,1,False,0.0,647.0,1.0,1,0,2,[1. 0.],[2 1],,0,0.6,0.7,0.30000000000000004,[1. 1.]
1293,1.0,1294,0,False,1.0,647.0,0.0,1,1,0,[1. 0.],[2 1],1.0,0,0.6,0.7,0.30000000000000004,[1. 1.]
1294,0.0,1295,1,False,0.0,648.0,2.0,1,0,2,[1. 0.],[2 1],1.0,0,0.6,0.7,0.30000000000000004,[1. 1.]
1295,2.0,1296,0,False,1.0,648.0,0.0,1,1,0,[0. 0.],[2 1],1.0,0,0.6,0.7,0.30000000000000004,[1. 1.]
1296,0.0,1297,1,False,0.0,649.0,2.0,1,0,2,[0. 0.],[2 1],1.0,0,0.6,0.7,0.30000000000000004,[1. 1.]
1297,2.0,1298,0,False,0.0,649.0,0.0,1,1,0,[1. 0.],[2 1],0.0,0,0.6,0.7,0.30000000000000004,[1. 1.]
1298,0.0,1299,1,False,0.0,650.0,1.0,1,0,2,[1. 0.],[2 1],0.0,0,0.6,0.7,0.30000000000000004,[1. 1.]
1299,1.0,1300,0,False,1.0,650.0,0.0,1,1,0,[0. 1.],[2 1],0.0,0,0.6,0.7,0.30000000000000004,[1. 1.]
1300,0.0,1301,1,False,0.0,651.0,1.0,1,0,2,[0. 1.],[2 1],0.0,0,0.6,0.7,0.30000000000000004,[1. 1.]
1301,1.0,1302,0,False,0.0,651.0,0.0,1,1,0,[1. 0.],[2 1],1.0,0,0.6,0.7,0.30000000000000004,[1. 1.]
1302,0.0,1303,1,False,0.0,652.0,2.0,1,0,2,[1. 0.],[2 1],1.0,0,0.6,0.7,0.30000000000000004,[1. 1.]
1303,2.0,1304,0,False,1.0,652.0,0.0,1,1,0,[1. 1.],[2 1],1.0,0,0.6,0.7,0.30000000000000004,[1. 1.]
1304,0.0,1305,1,False,0.0,653.0,2.0,1,0,2,[1. 1.],[2 1],1.0,0,0.6,0.7,0.30000000000000004,[1. 1.]
1305,2.0,1306,0,False,1.0,653.0,0.0,1,1,0,[0. 1.],[2 1],,0,0.6,0.7,0.30000000000000004,[1. 1.]
1306,0.0,1307,1,False,0.0,654.0,1.0,1,0,2,[0. 1.],[2 1],,0,0.6,0.7,0.30000000000000004,[1. 1.]
1307,1.0,1308,0,False,0.0,654.0,0.0,1,1,0,[1. 0.],[2 1],1.0,0,0.6,0.7,0.30000000000000004,[1. 1.]
1308,0.0,1309,1,False,0.0,655.0,2.0,1,0,2,[1. 0.],[2 1],1.0,0,0.6,0.7,0.30000000000000004,[1. 1.]
1309,2.0,1310,0,False,1.0,655.0,0.0,1,1,0,[0. 0.],[2 1],0.0,0,0.6,0.7,0.30000000000000004,[1. 1.]
1310,0.0,1311,1,False,0.0,656.0,1.0,1,0,2,[0. 0.],[2 1],0.0,0,0.6,0.7,0.30000000000000004,[1. 1.]
1311,1.0,1312,0,False,0.0,656.0,0.0,1,1,0,[0. 0.],[2 1],1.0,0,0.6,0.7,0.30000000000000004,[1. 1.]
1312,0.0,1313,1,False,0.0,657.0,2.0,1,0,2,[0. 0.],[2 1],1.0,0,0.6,0.7,0.30000000000000004,[1. 1.]
1313,2.0,1314,0,False,0.0,657.0,0.0,1,1,0,[0. 0.],[2 1],0.0,0,0.6,0.7,0.30000000000000004,[1. 1.]
1314,0.0,1315,1,False,0.0,658.0,1.0,1,0,1,[0. 0.],[2 1],0.0,0,0.6,0.7,0.30000000000000004,[1. 1.]
1315,1.0,1316,0,False,0.0,658.0,0.0,1,1,0,[0. 1.],[2 1],0.0,0,0.6,0.7,0.30000000000000004,[1. 1.]
1316,0.0,1317,1,False,0.0,659.0,1.0,1,0,1,[0. 1.],[2 1],0.0,0,0.6,0.7,0.30000000000000004,[1. 1.]
1317,1.0,1318,0,False,1.0,659.0,0.0,1,1,0,[1. 0.],[2 1],0.0,0,0.6,0.7,0.30000000000000004,[1. 1.]
1318,0.0,1319,1,False,0.0,660.0,1.0,1,0,1,[1. 0.],[2 1],0.0,0,0.6,0.7,0.30000000000000004,[1. 1.]
1319,1.0,1320,0,False,0.0,660.0,0.0,1,1,0,[1. 1.],[2 1],,0,0.6,0.7,0.30000000000000004,[1. 1.]
1320,0.0,1321,1,False,0.0,661.0,2.0,1,0,1,[1. 1.],[2 1],,0,0.6,0.7,0.30000000000000004,[1. 1.]
1321,2.0,1322,0,False,1.0,661.0,0.0,1,1,0,[1. 0.],[2 1],1.0,0,0.6,0.7,0.30000000000000004,[1. 1.]
1322,0.0,1323,1,False,0.0,662.0,2.0,1,0,1,[1. 0.],[2 1],1.0,0,0.6,0.7,0.30000000000000004,[1. 1.]
1323,2.0,1324,0,False,0.0,662.0,0.0,1,1,0,[1. 0.],[2 1],,0,0.6,0.7,0.30000000000000004,[1. 1.]
1324,0.0,1325,1,False,0.0,663.0,2.0,1,0,1,[1. 0.],[2 1],,0,0.6,0.7,0.30000000000000004,[1. 1.]
1325,2.0,1326,0,False,0.0,663.0,0.0,1,1,0,[0. 0.],[2 1],1.0,0,0.6,0.7,0.30000000000000004,[1. 1.]
1326,0.0,1327,1,False,0.0,664.0,2.0,1,0,2,[0. 0.],[2 1],1.0,0,0.6,0.7,0.30000000000000004,[1. 1.]
1327,2.0,1328,0,False,0.0,664.0,0.0,1,1,0,[1. 0.],[1 2],0.0,0,0.6,0.7,0.30000000000000004,[1. 1.]
1328,0.0,1329,1,False,0.0,665.0,1.0,1,0,1,[1. 0.],[1 2],0.0,0,0.6,0.7,0.30000000000000004,[1. 1.]
1329,1.0,1330,0,False,1.0,665.0,0.0,1,1,0,[0. 1.],[1 2],,0,0.6,0.7,0.30000000000000004,[1. 1.]
1330,0.0,1331,1,False,0.0,666.0,1.0,1,0,1,[0. 1.],[1 2],,0,0.6,0.7,0.30000000000000004,[1. 1.]
1331,1.0,1332,0,False,0.0,666.0,0.0,1,1,0,[0. 0.],[1 2],,0,0.6,0.7,0.30000000000000004,[1. 1.]
1332,0.0,1333,1,False,0.0,667.0,1.0,1,0,1,[0. 0.],[1 2],,0,0.6,0.7,0.30000000000000004,[1. 1.]
1333,1.0,1334,0,False,0.0,667.0,0.0,1,1,0,[1. 0.],[1 2],0.0,0,0.6,0.7,0.30000000000000004,[1. 1.]
1334,0.0,1335,1,False,0.0,668.0,1.0,1,0,1,[1. 0.],[1 2],0.0,0,0.6,0.7,0.30000000000000004,[1. 1.]
1335,1.0,1336,0,False,1.0,668.0,0.0,1,1,0,[0. 0.],[1 2],,0,0.6,0.7,0.30000000000000004,[1. 1.]
1336,0.0,1337,1,False,0.0,669.0,1.0,1,0,1,[0. 0.],[1 2],,0,0.6,0.7,0.30000000000000004,[1. 1.]
1337,1.0,1338,0,False,0.0,669.0,0.0,1,1,0,[1. 0.],[2 1],,0,0.6,0.7,0.30000000000000004,[1. 1.]
1338,0.0,1339,1,False,0.0,670.0,2.0,1,0,1,[1. 0.],[2 1],,0,0.6,0.7,0.30000000000000004,[1. 1.]
1339,2.0,1340,0,False,0.0,670.0,0.0,1,1,0,[1. 1.],[2 1],0.0,0,0.6,0.7,0.30000000000000004,[1. 1.]
1340,0.0,1341,1,False,0.0,671.0,1.0,1,0,1,[1. 1.],[2 1],0.0,0,0.6,0.7,0.30000000000000004,[1. 1.]
1341,1.0,1342,0,False,1.0,671.0,0.0,1,1,0,[1. 1.],[2 1],0.0,0,0.6,0.7,0.30000000000000004,[1. 1.]
1342,0.0,1343,1,False,0.0,672.0,1.0,1,0,1,[1. 1.],[2 1],0.0,0,0.6,0.7,0.30000000000000004,[1. 1.]
1343,1.0,1344,0,False,1.0,672.0,0.0,1,1,0,[1. 0.],[2 1],1.0,0,0.6,0.7,0.30000000000000004,[1. 1.]
1344,0.0,1345,1,False,0.0,673.0,2.0,1,0,1,[1. 0.],[2 1],1.0,0,0.6,0.7,0.30000000000000004,[1. 1.]
1345,2.0,1346,0,False,0.0,673.0,0.0,1,1,0,[1. 0.],[2 1],,0,0.6,0.7,0.30000000000000004,[1. 1.]
1346,0.0,1347,1,False,0.0,674.0,2.0,1,0,1,[1. 0.],[2 1],,0,0.6,0.7,0.30000000000000004,[1. 1.]
1347,2.0,1348,0,False,0.0,674.0,0.0,1,1,0,[1. 1.],[1 2],,0,0.6,0.7,0.30000000000000004,[1. 1.]
1348,0.0,1349,1,False,0.0,675.0,2.0,1,0,2,[1. 1.],[1 2],,0,0.6,0.7,0.30000000000000004,[1. 1.]
1349,2.0,1350,0,False,1.0,675.0,0.0,1,1,0,[1. 1.],[1 2],0.0,0,0.6,0.7,0.30000000000000004,[1. 1.]
1350,0.0,1351,1,False,0.0,676.0,1.0,1,0,2,[1. 1.],[1 2],0.0,0,0.6,0.7,0.30000000000000004,[1. 1.]
1351,1.0,1352,0,False,1.0,676.0,0.0,1,1,0,[1. 0.],[2 1],,0,0.6,0.7,0.30000000000000004,[1. 1.]
1352,0.0,1353,1,False,0.0,677.0,1.0,1,0,2,[1. 0.],[2 1],,0,0.6,0.7,0.30000000000000004,[1. 1.]
1353,1.0,1354,0,False,1.0,677.0,0.0,1,1,0,[1. 1.],[2 1],0.0,0,0.6,0.7,0.30000000000000004,[1. 1.]
1354,0.0,1355,1,False,0.0,678.0,1.0,1,0,2,[1. 1.],[2 1],0.0,0,0.6,0.7,0.30000000000000004,[1. 1.]
1355,1.0,1356,0,False,1.0,678.0,0.0,1,1,0,[1. 0.],[2 1],,0,0.6,0.7,0.30000000000000004,[1. 1.]
1356,0.0,1357,1,False,0.0,679.0,1.0,1,0,2,[1. 0.],[2 1],,0,0.6,0.7,0.30000000000000004,[1. 1.]
1357,1.0,1358,0,False,1.0,679.0,0.0,1,1,0,[1. 0.],[2 1],1.0,0,0.6,0.7,0.30000000000000004,[1. 1.]
1358,0.0,1359,1,False,0.0,680.0,2.0,1,0,2,[1. 0.],[2 1],1.0,0,0.6,0.7,0.30000000000000004,[1. 1.]
1359,2.0,1360,0,False,1.0,680.0,0.0,1,1,0,[1. 1.],[2 1],1.0,0,0.6,0.7,0.30000000000000004,[1. 1.]
1360,0.0,1361,1,False,0.0,681.0,2.0,1,0,2,[1. 1.],[2 1],1.0,0,0.6,0.7,0.30000000000000004,[1. 1.]
1361,2.0,1362,0,False,1.0,681.0,0.0,1,1,0,[0. 0.],[2 1],,0,0.6,0.7,0.30000000000000004,[1. 1.]
1362,0.0,1363,1,False,0.0,682.0,1.0,1,0,2,[0. 0.],[2 1],,0,0.6,0.7,0.30000000000000004,[1. 1.]
1363,1.0,1364,0,False,0.0,682.0,0.0,1,1,0,[1. 0.],[2 1],1.0,0,0.6,0.7,0.30000000000000004,[1. 1.]
1364,0.0,1365,1,False,0.0,683.0,2.0,1,0,2,[1. 0.],[2 1],1.0,0,0.6,0.7,0.30000000000000004,[1. 1.]
1365,2.0,1366,0,False,1.0,683.0,0.0,1,1,0,[0. 1.],[2 1],1.0,0,0.6,0.7,0.30000000000000004,[1. 1.]
1366,0.0,1367,1,False,0.0,684.0,2.0,1,0,2,[0. 1.],[2 1],1.0,0,0.6,0.7,0.30000000000000004,[1. 1.]
1367,2.0,1368,0,False,0.0,684.0,0.0,1,1,0,[1. 0.],[2 1],1.0,0,0.6,0.7,0.30000000000000004,[1. 1.]
1368,0.0,1369,1,False,0.0,685.0,2.0,1,0,1,[1. 0.],[2 1],1.0,0,0.6,0.7,0.30000000000000004,[1. 1.]
1369,2.0,1370,0,False,0.0,685.0,0.0,1,1,0,[1. 1.],[2 1],0.0,0,0.6,0.7,0.30000000000000004,[1. 1.]
1370,0.0,1371,1,False,0.0,686.0,1.0,1,0,2,[1. 1.],[2 1],0.0,0,0.6,0.7,0.30000000000000004,[1. 1.]
1371,1.0,1372,0,False,1.0,686.0,0.0,1,1,0,[1. 1.],[2 1],0.0,0,0.6,0.7,0.30000000000000004,[1. 1.]
1372,0.0,1373,1,False,0.0,687.0,1.0,1,0,2,[1. 1.],[2 1],0.0,0,0.6,0.7,0.30000000000000004,[1. 1.]
1373,1.0,1374,0,False,1.0,687.0,0.0,1,1,0,[1. 0.],[2 1],0.0,0,0.6,0.7,0.30000000000000004,[1. 1.]
1374,0.0,1375,1,False,0.0,688.0,1.0,1,0,2,[1. 0.],[2 1],0.0,0,0.6,0.7,0.30000000000000004,[1. 1.]
1375,1.0,1376,0,False,1.0,688.0,0.0,1,1,0,[1. 0.],[2 1],0.0,0,0.6,0.7,0.30000000000000004,[1. 1.]
1376,0.0,1377,1,False,0.0,689.0,1.0,1,0,2,[1. 0.],[2 1],0.0,0,0.6,0.7,0.30000000000000004,[1. 1.]
1377,1.0,1378,0,False,1.0,689.0,0.0,1,1,0,[1. 0.],[2 1],0.0,0,0.6,0.7,0.30000000000000004,[1. 1.]
1378,0.0,1379,1,False,0.0,690.0,1.0,1,0,2,[1. 0.],[2 1],0.0,0,0.6,0.7,0.30000000000000004,[1. 1.]
1379,1.0,1380,0,False,1.0,690.0,0.0,1,1,0,[1. 0.],[2 1],0.0,0,0.6,0.7,0.30000000000000004,[1. 1.]
1380,0.0,1381,1,False,0.0,691.0,1.0,1,0,2,[1. 0.],[2 1],0.0,0,0.6,0.7,0.30000000000000004,[1. 1.]
1381,1.0,1382,0,False,1.0,691.0,0.0,1,1,0,[1. 1.],[2 1],,0,0.6,0.7,0.30000000000000004,[1. 1.]
1382,0.0,1383,1,False,0.0,692.0,1.0,1,0,2,[1. 1.],[2 1],,0,0.6,0.7,0.30000000000000004,[1. 1.]
1383,1.0,1384,0,False,1.0,692.0,0.0,1,1,0,[0. 1.],[2 1],,1,0.6,0.7,0.30000000000000004,[1. 1.]
1384,0.0,1385,1,False,0.0,693.0,1.0,1,0,2,[0. 1.],[2 1],,1,0.6,0.7,0.30000000000000004,[1. 1.]
1385,1.0,1386,0,False,0.0,693.0,0.0,1,1,0,[1. 1.],[2 1],0.0,1,0.6,0.7,0.30000000000000004,[1. 1.]
1386,0.0,1387,1,False,0.0,694.0,1.0,1,0,2,[1. 1.],[2 1],0.0,1,0.6,0.7,0.30000000000000004,[1. 1.]
1387,1.0,1388,0,False,1.0,694.0,0.0,1,1,0,[0. 1.],[2 1],0.0,1,0.6,0.7,0.30000000000000004,[1. 1.]
1388,0.0,1389,1,False,0.0,695.0,1.0,1,0,2,[0. 1.],[2 1],0.0,1,0.6,0.7,0.30000000000000004,[1. 1.]
1389,1.0,1390,0,False,0.0,695.0,0.0,1,1,0,[0. 1.],[2 1],0.0,1,0.6,0.7,0.30000000000000004,[1. 1.]
1390,0.0,1391,1,False,0.0,696.0,1.0,1,0,2,[0. 1.],[2 1],0.0,1,0.6,0.7,0.30000000000000004,[1. 1.]
1391,1.0,1392,0,False,0.0,696.0,0.0,1,1,0,[0. 1.],[2 1],,1,0.6,0.7,0.30000000000000004,[1. 1.]
1392,0.0,1393,1,False,0.0,697.0,1.0,1,0,2,[0. 1.],[2 1],,1,0.6,0.7,0.30000000000000004,[1. 1.]
1393,1.0,1394,0,False,0.0,697.0,0.0,1,1,0,[0. 1.],[2 1],1.0,1,0.6,0.7,0.30000000000000004,[1. 1.]
1394,0.0,1395,1,False,0.0,698.0,2.0,1,0,2,[0. 1.],[2 1],1.0,1,0.6,0.7,0.30000000000000004,[1. 1.]
1395,2.0,1396,0,False,0.0,698.0,0.0,1,1,0,[0. 0.],[2 1],1.0,1,0.6,0.7,0.30000000000000004,[1. 1.]
1396,0.0,1397,1,False,0.0,699.0,2.0,1,0,1,[0. 0.],[2 1],1.0,1,0.6,0.7,0.30000000000000004,[1. 1.]
1397,2.0,1398,0,False,0.0,699.0,0.0,1,1,0,[1. 0.],[2 1],1.0,1,0.6,0.7,0.30000000000000004,[1. 1.]
1398,0.0,1399,1,False,0.0,700.0,2.0,1,0,2,[1. 0.],[2 1],1.0,1,0.6,0.7,0.30000000000000004,[1. 1.]
1399,2.0,1400,0,False,1.0,700.0,0.0,1,1,0,[1. 1.],[2 1],0.0,1,0.6,0.7,0.30000000000000004,[1. 1.]
1400,0.0,1401,1,False,0.0,701.0,1.0,1,0,2,[1. 1.],[2 1],0.0,1,0.6,0.7,0.30000000000000004,[1. 1.]
1401,1.0,1402,0,False,1.0,701.0,0.0,1,1,0,[0. 1.],[2 1],0.0,1,0.6,0.7,0.30000000000000004,[1. 1.]
1402,0.0,1403,1,False,0.0,702.0,1.0,1,0,2,[0. 1.],[2 1],0.0,1,0.6,0.7,0.30000000000000004,[1. 1.]
1403,1.0,1404,0,False,0.0,702.0,0.0,1,1,0,[0. 1.],[2 1],,1,0.6,0.7,0.30000000000000004,[1. 1.]
1404,0.0,1405,1,False,0.0,703.0,1.0,1,0,2,[0. 1.],[2 1],,1,0.6,0.7,0.30000000000000004,[1. 1.]
1405,1.0,1406,0,False,0.0,703.0,0.0,1,1,0,[1. 1.],[2 1],,1,0.6,0.7,0.30000000000000004,[1. 1.]
1406,0.0,1407,1,False,0.0,704.0,2.0,1,0,1,[1. 1.],[2 1],,1,0.6,0.7,0.30000000000000004,[1. 1.]
1407,2.0,1408,0,False,1.0,704.0,0.0,1,1,0,[1. 1.],[2 1],1.0,1,0.6,0.7,0.30000000000000004,[1. 1.]
1408,0.0,1409,1,False,0.0,705.0,2.0,1,0,1,[1. 1.],[2 1],1.0,1,0.6,0.7,0.30000000000000004,[1. 1.]
1409,2.0,1410,0,False,1.0,705.0,0.0,1,1,0,[1. 1.],[2 1],,0,0.6,0.7,0.30000000000000004,[1. 1.]
1410,0.0,1411,1,False,0.0,706.0,2.0,1,0,1,[1. 1.],[2 1],,0,0.6,0.7,0.30000000000000004,[1. 1.]
1411,2.0,1412,0,False,1.0,706.0,0.0,1,1,0,[1. 0.],[2 1],1.0,0,0.6,0.7,0.30000000000000004,[1. 1.]
1412,0.0,1413,1,False,0.0,707.0,2.0,1,0,1,[1. 0.],[2 1],1.0,0,0.6,0.7,0.30000000000000004,[1. 1.]
1413,2.0,1414,0,False,0.0,707.0,0.0,1,1,0,[1. 0.],[2 1],1.0,0,0.6,0.7,0.30000000000000004,[1. 1.]
1414,0.0,1415,1,False,0.0,708.0,2.0,1,0,1,[1. 0.],[2 1],1.0,0,0.6,0.7,0.30000000000000004,[1. 1.]
1415,2.0,1416,0,False,0.0,708.0,0.0,1,1,0,[1. 1.],[2 1],0.0,0,0.6,0.7,0.30000000000000004,[1. 1.]
1416,0.0,1417,1,False,0.0,709.0,1.0,1,0,1,[1. 1.],[2 1],0.0,0,0.6,0.7,0.30000000000000004,[1. 1.]
1417,1.0,1418,0,False,1.0,709.0,0.0,1,1,0,[1. 1.],[2 1],0.0,0,0.6,0.7,0.30000000000000004,[1. 1.]
1418,0.0,1419,1,False,0.0,710.0,1.0,1,0,1,[1. 1.],[2 1],0.0,0,0.6,0.7,0.30000000000000004,[1. 1.]
1419,1.0,1420,0,False,1.0,710.0,0.0,1,1,0,[1. 1.],[2 1],,0,0.6,0.7,0.30000000000000004,[1. 1.]
1420,0.0,1421,1,False,0.0,711.0,2.0,1,0,1,[1. 1.],[2 1],,0,0.6,0.7,0.30000000000000004,[1. 1.]
1421,2.0,1422,0,False,1.0,711.0,0.0,1,1,0,[1. 0.],[2 1],,0,0.6,0.7,0.30000000000000004,[1. 1.]
1422,0.0,1423,1,False,0.0,712.0,2.0,1,0,1,[1. 0.],[2 1],,0,0.6,0.7,0.30000000000000004,[1. 1.]
1423,2.0,1424,0,False,0.0,712.0,0.0,1,1,0,[1. 0.],[2 1],0.0,0,0.6,0.7,0.30000000000000004,[1. 1.]
1424,0.0,1425,1,False,0.0,713.0,1.0,1,0,1,[1. 0.],[2 1],0.0,0,0.6,0.7,0.30000000000000004,[1. 1.]
1425,1.0,1426,0,False,0.0,713.0,0.0,1,1,0,[0. 0.],[2 1],1.0,0,0.6,0.7,0.30000000000000004,[1. 1.]
1426,0.0,1427,1,False,0.0,714.0,2.0,1,0,1,[0. 0.],[2 1],1.0,0,0.6,0.7,0.30000000000000004,[1. 1.]
1427,2.0,1428,0,False,0.0,714.0,0.0,1,1,0,[0. 0.],[2 1],0.0,0,0.6,0.7,0.30000000000000004,[1. 1.]
1428,0.0,1429,1,False,0.0,715.0,1.0,1,0,2,[0. 0.],[2 1],0.0,0,0.6,0.7,0.30000000000000004,[1. 1.]
1429,1.0,1430,0,False,0.0,715.0,0.0,1,1,0,[1. 1.],[2 1],1.0,0,0.6,0.7,0.30000000000000004,[1. 1.]
1430,0.0,1431,1,False,0.0,716.0,2.0,1,0,1,[1. 1.],[2 1],1.0,0,0.6,0.7,0.30000000000000004,[1. 1.]
1431,2.0,1432,0,False,1.0,716.0,0.0,1,1,0,[1. 0.],[2 1],,0,0.6,0.7,0.30000000000000004,[1. 1.]
1432,0.0,1433,1,False,0.0,717.0,2.0,1,0,1,[1. 0.],[2 1],,0,0.6,0.7,0.30000000000000004,[1. 1.]
1433,2.0,1434,0,False,0.0,717.0,0.0,1,1,0,[0. 1.],[2 1],,0,0.6,0.7,0.30000000000000004,[1. 1.]
1434,0.0,1435,1,False,0.0,718.0,2.0,1,0,1,[0. 1.],[2 1],,0,0.6,0.7,0.30000000000000004,[1. 1.]
1435,2.0,1436,0,False,1.0,718.0,0.0,1,1,0,[1. 1.],[2 1],1.0,0,0.6,0.7,0.30000000000000004,[1. 1.]
1436,0.0,1437,1,False,0.0,719.0,2.0,1,0,1,[1. 1.],[2 1],1.0,0,0.6,0.7,0.30000000000000004,[1. 1.]
1437,2.0,1438,0,False,1.0,719.0,0.0,1,1,0,[0. 0.],[2 1],0.0,0,0.6,0.7,0.30000000000000004,[1. 1.]
1438,0.0,1439,1,False,0.0,720.0,1.0,1,0,1,[0. 0.],[2 1],0.0,0,0.6,0.7,0.30000000000000004,[1. 1.]
1439,1.0,1440,0,False,0.0,720.0,0.0,1,1,0,[1. 1.],[2 1],,0,0.6,0.7,0.30000000000000004,[1. 1.]
1440,0.0,1441,1,False,0.0,721.0,2.0,1,0,1,[1. 1.],[2 1],,0,0.6,0.7,0.30000000000000004,[1. 1.]
1441,2.0,1442,0,False,1.0,721.0,0.0,1,1,0,[1. 0.],[2 1],0.0,0,0.6,0.7,0.30000000000000004,[1. 1.]
1442,0.0,1443,1,False,0.0,722.0,1.0,1,0,1,[1. 0.],[2 1],0.0,0,0.6,0.7,0.30000000000000004,[1. 1.]
1443,1.0,1444,0,False,0.0,722.0,0.0,1,1,0,[1. 1.],[2 1],0.0,0,0.6,0.7,0.30000000000000004,[1. 1.]
1444,0.0,1445,1,False,0.0,723.0,1.0,1,0,1,[1. 1.],[2 1],0.0,0,0.6,0.7,0.30000000000000004,[1. 1.]
1445,1.0,1446,0,False,1.0,723.0,0.0,1,1,0,[0. 1.],[2 1],0.0,1,0.6,0.7,0.30000000000000004,[1. 1.]
1446,0.0,1447,1,False,0.0,724.0,1.0,1,0,1,[0. 1.],[2 1],0.0,1,0.6,0.7,0.30000000000000004,[1. 1.]
1447,1.0,1448,0,False,1.0,724.0,0.0,1,1,0,[0. 1.],[1 2],,1,0.6,0.7,0.30000000000000004,[1. 1.]
1448,0.0,1449,1,False,0.0,725.0,1.0,1,0,1,[0. 1.],[1 2],,1,0.6,0.7,0.30000000000000004,[1. 1.]
1449,1.0,1450,0,False,0.0,725.0,0.0,1,1,0,[0. 0.],[1 2],0.0,1,0.6,0.7,0.30000000000000004,[1. 1.]
1450,0.0,1451,1,False,0.0,726.0,1.0,1,0,1,[0. 0.],[1 2],0.0,1,0.6,0.7,0.30000000000000004,[1. 1.]
1451,1.0,1452,0,False,0.0,726.0,0.0,1,1,0,[0. 1.],[1 2],,1,0.6,0.7,0.30000000000000004,[1. 1.]
1452,0.0,1453,1,False,0.0,727.0,1.0,1,0,1,[0. 1.],[1 2],,1,0.6,0.7,0.30000000000000004,[1. 1.]
1453,1.0,1454,0,False,0.0,727.0,0.0,1,1,0,[1. 0.],[1 2],,1,0.6,0.7,0.30000000000000004,[1. 1.]
1454,0.0,1455,1,False,0.0,728.0,2.0,1,0,2,[1. 0.],[1 2],,1,0.6,0.7,0.30000000000000004,[1. 1.]
1455,2.0,1456,0,False,0.0,728.0,0.0,1,1,0,[0. 1.],[1 2],,1,0.6,0.7,0.30000000000000004,[1. 1.]
1456,0.0,1457,1,False,0.0,729.0,1.0,1,0,1,[0. 1.],[1 2],,1,0.6,0.7,0.30000000000000004,[1. 1.]
1457,1.0,1458,0,False,0.0,729.0,0.0,1,1,0,[0. 1.],[1 2],0.0,1,0.6,0.7,0.30000000000000004,[1. 1.]
1458,0.0,1459,1,False,0.0,730.0,1.0,1,0,2,[0. 1.],[1 2],0.0,1,0.6,0.7,0.30000000000000004,[1. 1.]
1459,1.0,1460,0,False,1.0,730.0,0.0,1,1,0,[0. 1.],[1 2],,1,0.6,0.7,0.30000000000000004,[1. 1.]
1460,0.0,1461,1,False,0.0,731.0,2.0,1,0,2,[0. 1.],[1 2],,1,0.6,0.7,0.30000000000000004,[1. 1.]
1461,2.0,1462,0,False,1.0,731.0,0.0,1,1,0,[1. 1.],[1 2],1.0,1,0.6,0.7,0.30000000000000004,[1. 1.]
1462,0.0,1463,1,False,0.0,732.0,2.0,1,0,2,[1. 1.],[1 2],1.0,1,0.6,0.7,0.30000000000000004,[1. 1.]
1463,2.0,1464,0,False,1.0,732.0,0.0,1,1,0,[1. 0.],[1 2],1.0,1,0.6,0.7,0.30000000000000004,[1. 1.]
1464,0.0,1465,1,False,0.0,733.0,2.0,1,0,2,[1. 0.],[1 2],1.0,1,0.6,0.7,0.30000000000000004,[1. 1.]
1465,2.0,1466,0,False,0.0,733.0,0.0,1,1,0,[0. 1.],[1 2],0.0,1,0.6,0.7,0.30000000000000004,[1. 1.]
1466,0.0,1467,1,False,0.0,734.0,1.0,1,0,2,[0. 1.],[1 2],0.0,1,0.6,0.7,0.30000000000000004,[1. 1.]
1467,1.0,1468,0,False,1.0,734.0,0.0,1,1,0,[0. 1.],[1 2],,1,0.6,0.7,0.30000000000000004,[1. 1.]
1468,0.0,1469,1,False,0.0,735.0,2.0,1,0,2,[0. 1.],[1 2],,1,0.6,0.7,0.30000000000000004,[1. 1.]
1469,2.0,1470,0,False,1.0,735.0,0.0,1,1,0,[1. 1.],[1 2],,1,0.6,0.7,0.30000000000000004,[1. 1.]
1470,0.0,1471,1,False,0.0,736.0,2.0,1,0,2,[1. 1.],[1 2],,1,0.6,0.7,0.30000000000000004,[1. 1.]
1471,2.0,1472,0,False,1.0,736.0,0.0,1,1,0,[0. 1.],[1 2],0.0,1,0.6,0.7,0.30000000000000004,[1. 1.]
1472,0.0,1473,1,False,0.0,737.0,1.0,1,0,2,[0. 1.],[1 2],0.0,1,0.6,0.7,0.30000000000000004,[1. 1.]
1473,1.0,1474,0,False,1.0,737.0,0.0,1,1,0,[1. 0.],[1 2],0.0,1,0.6,0.7,0.30000000000000004,[1. 1.]
1474,0.0,1475,1,False,0.0,738.0,1.0,1,0,2,[1. 0.],[1 2],0.0,1,0.6,0.7,0.30000000000000004,[1. 1.]
1475,1.0,1476,0,False,0.0,738.0,0.0,1,1,0,[0. 0.],[1 2],,1,0.6,0.7,0.30000000000000004,[1. 1.]
1476,0.0,1477,1,False,0.0,739.0,2.0,1,0,2,[0. 0.],[1 2],,1,0.6,0.7,0.30000000000000004,[1. 1.]
1477,2.0,1478,0,False,0.0,739.0,0.0,1,1,0,[0. 0.],[1 2],0.0,1,0.6,0.7,0.30000000000000004,[1. 1.]
1478,0.0,1479,1,False,0.0,740.0,1.0,1,0,2,[0. 0.],[1 2],0.0,1,0.6,0.7,0.30000000000000004,[1. 1.]
1479,1.0,1480,0,False,0.0,740.0,0.0,1,1,0,[0. 1.],[1 2],,1,0.6,0.7,0.30000000000000004,[1. 1.]
1480,0.0,1481,1,False,0.0,741.0,2.0,1,0,2,[0. 1.],[1 2],,1,0.6,0.7,0.30000000000000004,[1. 1.]
1481,2.0,1482,0,False,1.0,741.0,0.0,1,1,0,[0. 0.],[1 2],,1,0.6,0.7,0.30000000000000004,[1. 1.]
1482,0.0,1483,1,False,0.0,742.0,2.0,1,0,2,[0. 0.],[1 2],,1,0.6,0.7,0.30000000000000004,[1. 1.]
1483,2.0,1484,0,False,0.0,742.0,0.0,1,1,0,[0. 1.],[1 2],0.0,1,0.6,0.7,0.30000000000000004,[1. 1.]
1484,0.0,1485,1,False,0.0,743.0,1.0,1,0,2,[0. 1.],[1 2],0.0,1,0.6,0.7,0.30000000000000004,[1. 1.]
1485,1.0,1486,0,False,1.0,743.0,0.0,1,1,0,[1. 1.],[1 2],0.0,1,0.6,0.7,0.30000000000000004,[1. 1.]
1486,0.0,1487,1,False,0.0,744.0,1.0,1,0,2,[1. 1.],[1 2],0.0,1,0.6,0.7,0.30000000000000004,[1. 1.]
1487,1.0,1488,0,False,1.0,744.0,0.0,1,1,0,[0. 1.],[1 2],1.0,1,0.6,0.7,0.30000000000000004,[1. 1.]
1488,0.0,1489,1,False,0.0,745.0,2.0,1,0,2,[0. 1.],[1 2],1.0,1,0.6,0.7,0.30000000000000004,[1. 1.]
1489,2.0,1490,0,False,1.0,745.0,0.0,1,1,0,[0. 1.],[1 2],0.0,1,0.6,0.7,0.30000000000000004,[1. 1.]
1490,0.0,1491,1,False,0.0,746.0,1.0,1,0,2,[0. 1.],[1 2],0.0,1,0.6,0.7,0.30000000000000004,[1. 1.]
1491,1.0,1492,0,False,1.0,746.0,0.0,1,1,0,[1. 1.],[1 2],0.0,1,0.6,0.7,0.30000000000000004,[1. 1.]
1492,0.0,1493,1,False,0.0,747.0,1.0,1,0,2,[1. 1.],[1 2],0.0,1,0.6,0.7,0.30000000000000004,[1. 1.]
1493,1.0,1494,0,False,1.0,747.0,0.0,1,1,0,[0. 0.],[1 2],,1,0.6,0.7,0.30000000000000004,[1. 1.]
1494,0.0,1495,1,False,0.0,748.0,2.0,1,0,2,[0. 0.],[1 2],,1,0.6,0.7,0.30000000000000004,[1. 1.]
1495,2.0,1496,0,False,0.0,748.0,0.0,1,1,0,[0. 1.],[1 2],,1,0.6,0.7,0.30000000000000004,[1. 1.]
1496,0.0,1497,1,False,0.0,749.0,2.0,1,0,2,[0. 1.],[1 2],,1,0.6,0.7,0.30000000000000004,[1. 1.]
1497,2.0,1498,0,False,1.0,749.0,0.0,1,1,0,[0. 1.],[1 2],,1,0.6,0.7,0.30000000000000004,[1. 1.]
1498,0.0,1499,1,False,0.0,750.0,2.0,1,0,2,[0. 1.],[1 2],,1,0.6,0.7,0.30000000000000004,[1. 1.]
1499,2.0,1500,0,False,1.0,750.0,0.0,1,1,0,[1. 1.],[1 2],0.0,1,0.6,0.7,0.30000000000000004,[1. 1.]
1500,0.0,1501,1,False,0.0,751.0,1.0,1,0,2,[1. 1.],[1 2],0.0,1,0.6,0.7,0.30000000000000004,[1. 1.]
1501,1.0,1502,0,False,1.0,751.0,0.0,1,1,0,[1. 0.],[1 2],,1,0.6,0.7,0.30000000000000004,[1. 1.]
1502,0.0,1503,1,False,0.0,752.0,2.0,1,0,2,[1. 0.],[1 2],,1,0.6,0.7,0.30000000000000004,[1. 1.]
1503,2.0,1504,0,False,0.0,752.0,0.0,1,1,0,[1. 0.],[1 2],1.0,1,0.6,0.7,0.30000000000000004,[1. 1.]
1504,0.0,1505,1,False,0.0,753.0,2.0,1,0,2,[1. 0.],[1 2],1.0,1,0.6,0.7,0.30000000000000004,[1. 1.]
1505,2.0,1506,0,False,0.0,753.0,0.0,1,1,0,[0. 1.],[1 2],,1,0.6,0.7,0.30000000000000004,[1. 1.]
1506,0.0,1507,1,False,0.0,754.0,2.0,1,0,2,[0. 1.],[1 2],,1,0.6,0.7,0.30000000000000004,[1. 1.]
1507,2.0,1508,0,False,1.0,754.0,0.0,1,1,0,[0. 1.],[1 2],,1,0.6,0.7,0.30000000000000004,[1. 1.]
1508,0.0,1509,1,False,0.0,755.0,2.0,1,0,2,[0. 1.],[1 2],,1,0.6,0.7,0.30000000000000004,[1. 1.]
1509,2.0,1510,0,False,1.0,755.0,0.0,1,1,0,[1. 1.],[1 2],1.0,1,0.6,0.7,0.30000000000000004,[1. 1.]
1510,0.0,1511,1,False,0.0,756.0,2.0,1,0,2,[1. 1.],[1 2],1.0,1,0.6,0.7,0.30000000000000004,[1. 1.]
1511,2.0,1512,0,False,1.0,756.0,0.0,1,1,0,[0. 1.],[1 2],,1,0.6,0.7,0.30000000000000004,[1. 1.]
1512,0.0,1513,1,False,0.0,757.0,2.0,1,0,2,[0. 1.],[1 2],,1,0.6,0.7,0.30000000000000004,[1. 1.]
1513,2.0,1514,0,False,1.0,757.0,0.0,1,1,0,[0. 1.],[1 2],0.0,1,0.6,0.7,0.30000000000000004,[1. 1.]
1514,0.0,1515,1,False,0.0,758.0,1.0,1,0,2,[0. 1.],[1 2],0.0,1,0.6,0.7,0.30000000000000004,[1. 1.]
1515,1.0,1516,0,False,1.0,758.0,0.0,1,1,0,[1. 1.],[1 2],,1,0.6,0.7,0.30000000000000004,[1. 1.]
1516,0.0,1517,1,False,0.0,759.0,2.0,1,0,2,[1. 1.],[1 2],,1,0.6,0.7,0.30000000000000004,[1. 1.]
1517,2.0,1518,0,False,1.0,759.0,0.0,1,1,0,[0. 1.],[1 2],,1,0.6,0.7,0.30000000000000004,[1. 1.]
1518,0.0,1519,1,False,0.0,760.0,2.0,1,0,2,[0. 1.],[1 2],,1,0.6,0.7,0.30000000000000004,[1. 1.]
1519,2.0,1520,0,False,1.0,760.0,0.0,1,1,0,[0. 1.],[1 2],,1,0.6,0.7,0.30000000000000004,[1. 1.]
1520,0.0,1521,1,False,0.0,761.0,2.0,1,0,2,[0. 1.],[1 2],,1,0.6,0.7,0.30000000000000004,[1. 1.]
1521,2.0,1522,0,False,1.0,761.0,0.0,1,1,0,[0. 0.],[1 2],0.0,1,0.6,0.7,0.30000000000000004,[1. 1.]
1522,0.0,1523,1,False,0.0,762.0,1.0,1,0,2,[0. 0.],[1 2],0.0,1,0.6,0.7,0.30000000000000004,[1. 1.]
1523,1.0,1524,0,False,0.0,762.0,0.0,1,1,0,[0. 1.],[1 2],0.0,1,0.6,0.7,0.30000000000000004,[1. 1.]
1524,0.0,1525,1,False,0.0,763.0,1.0,1,0,2,[0. 1.],[1 2],0.0,1,0.6,0.7,0.30000000000000004,[1. 1.]
1525,1.0,1526,0,False,1.0,763.0,0.0,1,1,0,[0. 0.],[1 2],,1,0.6,0.7,0.30000000000000004,[1. 1.]
1526,0.0,1527,1,False,0.0,764.0,2.0,1,0,2,[0. 0.],[1 2],,1,0.6,0.7,0.30000000000000004,[1. 1.]
1527,2.0,1528,0,False,0.0,764.0,0.0,1,1,0,[0. 1.],[1 2],1.0,1,0.6,0.7,0.30000000000000004,[1. 1.]
1528,0.0,1529,1,False,0.0,765.0,2.0,1,0,2,[0. 1.],[1 2],1.0,1,0.6,0.7,0.30000000000000004,[1. 1.]
1529,2.0,1530,0,False,1.0,765.0,0.0,1,1,0,[0. 1.],[1 2],,1,0.6,0.7,0.30000000000000004,[1. 1.]
1530,0.0,1531,1,False,0.0,766.0,2.0,1,0,2,[0. 1.],[1 2],,1,0.6,0.7,0.30000000000000004,[1. 1.]
1531,2.0,1532,0,False,1.0,766.0,0.0,1,1,0,[1. 0.],[1 2],0.0,1,0.6,0.7,0.30000000000000004,[1. 1.]
1532,0.0,1533,1,False,0.0,767.0,1.0,1,0,2,[1. 0.],[1 2],0.0,1,0.6,0.7,0.30000000000000004,[1. 1.]
1533,1.0,1534,0,False,0.0,767.0,0.0,1,1,0,[1. 1.],[1 2],0.0,1,0.6,0.7,0.30000000000000004,[1. 1.]
1534,0.0,1535,1,False,0.0,768.0,1.0,1,0,2,[1. 1.],[1 2],0.0,1,0.6,0.7,0.30000000000000004,[1. 1.]
1535,1.0,1536,0,False,1.0,768.0,0.0,1,1,0,[0. 1.],[1 2],,1,0.6,0.7,0.30000000000000004,[1. 1.]
1536,0.0,1537,1,False,0.0,769.0,2.0,1,0,2,[0. 1.],[1 2],,1,0.6,0.7,0.30000000000000004,[1. 1.]
1537,2.0,1538,0,False,1.0,769.0,0.0,1,1,0,[0. 1.],[1 2],,1,0.6,0.7,0.30000000000000004,[1. 1.]
1538,0.0,1539,1,False,0.0,770.0,2.0,1,0,2,[0. 1.],[1 2],,1,0.6,0.7,0.30000000000000004,[1. 1.]
1539,2.0,1540,0,False,1.0,770.0,0.0,1,1,0,[0. 1.],[1 2],1.0,1,0.6,0.7,0.30000000000000004,[1. 1.]
1540,0.0,1541,1,False,0.0,771.0,2.0,1,0,2,[0. 1.],[1 2],1.0,1,0.6,0.7,0.30000000000000004,[1. 1.]
1541,2.0,1542,0,False,1.0,771.0,0.0,1,1,0,[0. 1.],[1 2],,1,0.6,0.7,0.30000000000000004,[1. 1.]
1542,0.0,1543,1,False,0.0,772.0,2.0,1,0,2,[0. 1.],[1 2],,1,0.6,0.7,0.30000000000000004,[1. 1.]
1543,2.0,1544,0,False,1.0,772.0,0.0,1,1,0,[0. 1.],[1 2],0.0,1,0.6,0.7,0.30000000000000004,[1. 1.]
1544,0.0,1545,1,False,0.0,773.0,1.0,1,0,2,[0. 1.],[1 2],0.0,1,0.6,0.7,0.30000000000000004,[1. 1.]
1545,1.0,1546,0,False,1.0,773.0,0.0,1,1,0,[0. 1.],[1 2],,1,0.6,0.7,0.30000000000000004,[1. 1.]
1546,0.0,1547,1,False,0.0,774.0,2.0,1,0,2,[0. 1.],[1 2],,1,0.6,0.7,0.30000000000000004,[1. 1.]
1547,2.0,1548,0,False,1.0,774.0,0.0,1,1,0,[0. 0.],[1 2],1.0,1,0.6,0.7,0.30000000000000004,[1. 1.]
1548,0.0,1549,1,False,0.0,775.0,2.0,1,0,2,[0. 0.],[1 2],1.0,1,0.6,0.7,0.30000000000000004,[1. 1.]
1549,2.0,1550,0,False,0.0,775.0,0.0,1,1,0,[0. 1.],[1 2],1.0,1,0.6,0.7,0.30000000000000004,[1. 1.]
1550,0.0,1551,1,False,0.0,776.0,2.0,1,0,2,[0. 1.],[1 2],1.0,1,0.6,0.7,0.30000000000000004,[1. 1.]
1551,2.0,1552,0,False,1.0,776.0,0.0,1,1,0,[0. 0.],[1 2],,1,0.6,0.7,0.30000000000000004,[1. 1.]
1552,0.0,1553,1,False,0.0,777.0,2.0,1,0,2,[0. 0.],[1 2],,1,0.6,0.7,0.30000000000000004,[1. 1.]
1553,2.0,1554,0,False,0.0,777.0,0.0,1,1,0,[0. 1.],[1 2],1.0,1,0.6,0.7,0.30000000000000004,[1. 1.]
1554,0.0,1555,1,False,0.0,778.0,2.0,1,0,2,[0. 1.],[1 2],1.0,1,0.6,0.7,0.30000000000000004,[1. 1.]
1555,2.0,1556,0,False,1.0,778.0,0.0,1,1,0,[0. 1.],[1 2],,1,0.6,0.7,0.30000000000000004,[1. 1.]
1556,0.0,1557,1,False,0.0,779.0,2.0,1,0,2,[0. 1.],[1 2],,1,0.6,0.7,0.30000000000000004,[1. 1.]
1557,2.0,1558,0,False,1.0,779.0,0.0,1,1,0,[0. 0.],[1 2],0.0,1,0.6,0.7,0.30000000000000004,[1. 1.]
1558,0.0,1559,1,False,0.0,780.0,1.0,1,0,2,[0. 0.],[1 2],0.0,1,0.6,0.7,0.30000000000000004,[1. 1.]
1559,1.0,1560,0,False,0.0,780.0,0.0,1,1,0,[1. 1.],[1 2],,1,0.6,0.7,0.30000000000000004,[1. 1.]
1560,0.0,1561,1,False,0.0,781.0,2.0,1,0,2,[1. 1.],[1 2],,1,0.6,0.7,0.30000000000000004,[1. 1.]
1561,2.0,1562,0,False,1.0,781.0,0.0,1,1,0,[0. 1.],[1 2],0.0,1,0.6,0.7,0.30000000000000004,[1. 1.]
1562,0.0,1563,1,False,0.0,782.0,1.0,1,0,2,[0. 1.],[1 2],0.0,1,0.6,0.7,0.30000000000000004,[1. 1.]
1563,1.0,1564,0,False,1.0,782.0,0.0,1,1,0,[0. 0.],[1 2],0.0,1,0.6,0.7,0.30000000000000004,[1. 1.]
1564,0.0,1565,1,False,0.0,783.0,1.0,1,0,2,[0. 0.],[1 2],0.0,1,0.6,0.7,0.30000000000000004,[1. 1.]
1565,1.0,1566,0,False,0.0,783.0,0.0,1,1,0,[1. 1.],[1 2],0.0,1,0.6,0.7,0.30000000000000004,[1. 1.]
1566,0.0,1567,1,False,0.0,784.0,1.0,1,0,2,[1. 1.],[1 2],0.0,1,0.6,0.7,0.30000000000000004,[1. 1.]
1567,1.0,1568,0,False,1.0,784.0,0.0,1,1,0,[1. 1.],[1 2],0.0,1,0.6,0.7,0.30000000000000004,[1. 1.]
1568,0.0,1569,1,False,0.0,785.0,1.0,1,0,2,[1. 1.],[1 2],0.0,1,0.6,0.7,0.30000000000000004,[1. 1.]
1569,1.0,1570,0,False,1.0,785.0,0.0,1,1,0,[0. 1.],[1 2],0.0,1,0.6,0.7,0.30000000000000004,[1. 1.]
1570,0.0,1571,1,False,0.0,786.0,1.0,1,0,2,[0. 1.],[1 2],0.0,1,0.6,0.7,0.30000000000000004,[1. 1.]
1571,1.0,1572,0,False,1.0,786.0,0.0,1,1,0,[0. 1.],[1 2],1.0,1,0.6,0.7,0.30000000000000004,[1. 1.]
1572,0.0,1573,1,False,0.0,787.0,2.0,1,0,2,[0. 1.],[1 2],1.0,1,0.6,0.7,0.30000000000000004,[1. 1.]
1573,2.0,1574,0,False,1.0,787.0,0.0,1,1,0,[0. 0.],[1 2],,1,0.6,0.7,0.30000000000000004,[1. 1.]
1574,0.0,1575,1,False,0.0,788.0,2.0,1,0,2,[0. 0.],[1 2],,1,0.6,0.7,0.30000000000000004,[1. 1.]
1575,2.0,1576,0,False,0.0,788.0,0.0,1,1,0,[1. 1.],[1 2],0.0,1,0.6,0.7,0.30000000000000004,[1. 1.]
1576,0.0,1577,1,False,0.0,789.0,1.0,1,0,2,[1. 1.],[1 2],0.0,1,0.6,0.7,0.30000000000000004,[1. 1.]
1577,1.0,1578,0,False,1.0,789.0,0.0,1,1,0,[0. 1.],[1 2],,1,0.6,0.7,0.30000000000000004,[1. 1.]
1578,0.0,1579,1,False,0.0,790.0,2.0,1,0,2,[0. 1.],[1 2],,1,0.6,0.7,0.30000000000000004,[1. 1.]
1579,2.0,1580,0,False,1.0,790.0,0.0,1,1,0,[0. 0.],[1 2],,1,0.6,0.7,0.30000000000000004,[1. 1.]
1580,0.0,1581,1,False,0.0,791.0,2.0,1,0,2,[0. 0.],[1 2],,1,0.6,0.7,0.30000000000000004,[1. 1.]
1581,2.0,1582,0,False,0.0,791.0,0.0,1,1,0,[0. 0.],[2 1],1.0,1,0.6,0.7,0.30000000000000004,[1. 1.]
1582,0.0,1583,1,False,0.0,792.0,2.0,1,0,2,[0. 0.],[2 1],1.0,1,0.6,0.7,0.30000000000000004,[1. 1.]
1583,2.0,1584,0,False,0.0,792.0,0.0,1,1,0,[0. 1.],[1 2],1.0,1,0.6,0.7,0.30000000000000004,[1. 1.]
1584,0.0,1585,1,False,0.0,793.0,2.0,1,0,2,[0. 1.],[1 2],1.0,1,0.6,0.7,0.30000000000000004,[1. 1.]
1585,2.0,1586,0,False,1.0,793.0,0.0,1,1,0,[0. 1.],[1 2],,1,0.6,0.7,0.30000000000000004,[1. 1.]
1586,0.0,1587,1,False,0.0,794.0,2.0,1,0,2,[0. 1.],[1 2],,1,0.6,0.7,0.30000000000000004,[1. 1.]
1587,2.0,1588,0,False,1.0,794.0,0.0,1,1,0,[0. 1.],[1 2],,1,0.6,0.7,0.30000000000000004,[1. 1.]
1588,0.0,1589,1,False,0.0,795.0,2.0,1,0,2,[0. 1.],[1 2],,1,0.6,0.7,0.30000000000000004,[1. 1.]
1589,2.0,1590,0,False,1.0,795.0,0.0,1,1,0,[0. 1.],[1 2],0.0,1,0.6,0.7,0.30000000000000004,[1. 1.]
1590,0.0,1591,1,False,0.0,796.0,1.0,1,0,2,[0. 1.],[1 2],0.0,1,0.6,0.7,0.30000000000000004,[1. 1.]
1591,1.0,1592,0,False,1.0,796.0,0.0,1,1,0,[1. 1.],[1 2],,1,0.6,0.7,0.30000000000000004,[1. 1.]
1592,0.0,1593,1,False,0.0,797.0,2.0,1,0,2,[1. 1.],[1 2],,1,0.6,0.7,0.30000000000000004,[1. 1.]
1593,2.0,1594,0,False,1.0,797.0,0.0,1,1,0,[1. 1.],[1 2],,1,0.6,0.7,0.30000000000000004,[1. 1.]
1594,0.0,1595,1,False,0.0,798.0,2.0,1,0,2,[1. 1.],[1 2],,1,0.6,0.7,0.30000000000000004,[1. 1.]
1595,2.0,1596,0,False,1.0,798.0,0.0,1,1,0,[0. 0.],[1 2],,1,0.6,0.7,0.30000000000000004,[1. 1.]
1596,0.0,1597,1,False,0.0,799.0,2.0,1,0,2,[0. 0.],[1 2],,1,0.6,0.7,0.30000000000000004,[1. 1.]
1597,2.0,1598,0,False,0.0,799.0,0.0,1,1,0,[0. 0.],[1 2],,1,0.6,0.7,0.30000000000000004,[1. 1.]
1598,0.0,1599,1,False,0.0,800.0,2.0,1,0,2,[0. 0.],[1 2],,1,0.6,0.7,0.30000000000000004,[1. 1.]
1599,2.0,1600,0,False,0.0,800.0,0.0,1,1,0,[0. 0.],[1 2],0.0,1,0.6,0.7,0.30000000000000004,[1. 1.]
1600,0.0,1601,1,False,0.0,801.0,1.0,1,0,2,[0. 0.],[1 2],0.0,1,0.6,0.7,0.30000000000000004,[1. 1.]
1601,1.0,1602,0,False,0.0,801.0,0.0,1,1,0,[0. 0.],[1 2],1.0,1,0.6,0.7,0.30000000000000004,[1. 1.]
1602,0.0,1603,1,False,0.0,802.0,2.0,1,0,2,[0. 0.],[1 2],1.0,1,0.6,0.7,0.30000000000000004,[1. 1.]
1603,2.0,1604,0,False,0.0,802.0,0.0,1,1,0,[0. 1.],[1 2],0.0,1,0.6,0.7,0.30000000000000004,[1. 1.]
1604,0.0,1605,1,False,0.0,803.0,1.0,1,0,2,[0. 1.],[1 2],0.0,1,0.6,0.7,0.30000000000000004,[1. 1.]
1605,1.0,1606,0,False,1.0,803.0,0.0,1,1,0,[0. 1.],[1 2],,1,0.6,0.7,0.30000000000000004,[1. 1.]
1606,0.0,1607,1,False,0.0,804.0,2.0,1,0,2,[0. 1.],[1 2],,1,0.6,0.7,0.30000000000000004,[1. 1.]
1607,2.0,1608,0,False,1.0,804.0,0.0,1,1,0,[0. 1.],[1 2],,1,0.6,0.7,0.30000000000000004,[1. 1.]
1608,0.0,1609,1,False,0.0,805.0,2.0,1,0,2,[0. 1.],[1 2],,1,0.6,0.7,0.30000000000000004,[1. 1.]
1609,2.0,1610,0,False,1.0,805.0,0.0,1,1,0,[0. 1.],[1 2],,1,0.6,0.7,0.30000000000000004,[1. 1.]
1610,0.0,1611,1,False,0.0,806.0,2.0,1,0,2,[0. 1.],[1 2],,1,0.6,0.7,0.30000000000000004,[1. 1.]
1611,2.0,1612,0,False,1.0,806.0,0.0,1,1,0,[0. 1.],[1 2],1.0,1,0.6,0.7,0.30000000000000004,[1. 1.]
1612,0.0,1613,1,False,0.0,807.0,2.0,1,0,2,[0. 1.],[1 2],1.0,1,0.6,0.7,0.30000000000000004,[1. 1.]
1613,2.0,1614,0,False,1.0,807.0,0.0,1,1,0,[0. 0.],[1 2],,1,0.6,0.7,0.30000000000000004,[1. 1.]
1614,0.0,1615,1,False,0.0,808.0,2.0,1,0,2,[0. 0.],[1 2],,1,0.6,0.7,0.30000000000000004,[1. 1.]
1615,2.0,1616,0,False,0.0,808.0,0.0,1,1,0,[0. 1.],[1 2],,1,0.6,0.7,0.30000000000000004,[1. 1.]
1616,0.0,1617,1,False,0.0,809.0,2.0,1,0,2,[0. 1.],[1 2],,1,0.6,0.7,0.30000000000000004,[1. 1.]
1617,2.0,1618,0,False,1.0,809.0,0.0,1,1,0,[0. 1.],[1 2],1.0,1,0.6,0.7,0.30000000000000004,[1. 1.]
1618,0.0,1619,1,False,0.0,810.0,2.0,1,0,2,[0. 1.],[1 2],1.0,1,0.6,0.7,0.30000000000000004,[1. 1.]
1619,2.0,1620,0,False,1.0,810.0,0.0,1,1,0,[0. 0.],[1 2],,1,0.6,0.7,0.30000000000000004,[1. 1.]
1620,0.0,1621,1,False,0.0,811.0,2.0,1,0,2,[0. 0.],[1 2],,1,0.6,0.7,0.30000000000000004,[1. 1.]
1621,2.0,1622,0,False,0.0,811.0,0.0,1,1,0,[0. 1.],[1 2],0.0,1,0.6,0.7,0.30000000000000004,[1. 1.]
1622,0.0,1623,1,False,0.0,812.0,1.0,1,0,2,[0. 1.],[1 2],0.0,1,0.6,0.7,0.30000000000000004,[1. 1.]
1623,1.0,1624,0,False,1.0,812.0,0.0,1,1,0,[0. 1.],[1 2],,1,0.6,0.7,0.30000000000000004,[1. 1.]
1624,0.0,1625,1,False,0.0,813.0,2.0,1,0,2,[0. 1.],[1 2],,1,0.6,0.7,0.30000000000000004,[1. 1.]
1625,2.0,1626,0,False,1.0,813.0,0.0,1,1,0,[0. 1.],[1 2],0.0,1,0.6,0.7,0.30000000000000004,[1. 1.]
1626,0.0,1627,1,False,0.0,814.0,1.0,1,0,2,[0. 1.],[1 2],0.0,1,0.6,0.7,0.30000000000000004,[1. 1.]
1627,1.0,1628,0,False,1.0,814.0,0.0,1,1,0,[0. 1.],[1 2],1.0,1,0.6,0.7,0.30000000000000004,[1. 1.]
1628,0.0,1629,1,False,0.0,815.0,2.0,1,0,2,[0. 1.],[1 2],1.0,1,0.6,0.7,0.30000000000000004,[1. 1.]
1629,2.0,1630,0,False,1.0,815.0,0.0,1,1,0,[1. 1.],[1 2],0.0,1,0.6,0.7,0.30000000000000004,[1. 1.]
1630,0.0,1631,1,False,0.0,816.0,1.0,1,0,2,[1. 1.],[1 2],0.0,1,0.6,0.7,0.30000000000000004,[1. 1.]
1631,1.0,1632,0,False,1.0,816.0,0.0,1,1,0,[1. 1.],[1 2],,1,0.6,0.7,0.30000000000000004,[1. 1.]
1632,0.0,1633,1,False,0.0,817.0,2.0,1,0,2,[1. 1.],[1 2],,1,0.6,0.7,0.30000000000000004,[1. 1.]
1633,2.0,1634,0,False,1.0,817.0,0.0,1,1,0,[0. 1.],[1 2],,1,0.6,0.7,0.30000000000000004,[1. 1.]
1634,0.0,1635,1,False,0.0,818.0,2.0,1,0,2,[0. 1.],[1 2],,1,0.6,0.7,0.30000000000000004,[1. 1.]
1635,2.0,1636,0,False,1.0,818.0,0.0,1,1,0,[0. 1.],[1 2],,1,0.6,0.7,0.30000000000000004,[1. 1.]
1636,0.0,1637,1,False,0.0,819.0,2.0,1,0,2,[0. 1.],[1 2],,1,0.6,0.7,0.30000000000000004,[1. 1.]
1637,2.0,1638,0,False,1.0,819.0,0.0,1,1,0,[0. 1.],[1 2],0.0,1,0.6,0.7,0.30000000000000004,[1. 1.]
1638,0.0,1639,1,False,0.0,820.0,1.0,1,0,2,[0. 1.],[1 2],0.0,1,0.6,0.7,0.30000000000000004,[1. 1.]
1639,1.0,1640,0,False,1.0,820.0,0.0,1,1,0,[0. 1.],[1 2],,1,0.6,0.7,0.30000000000000004,[1. 1.]
1640,0.0,1641,1,False,0.0,821.0,2.0,1,0,2,[0. 1.],[1 2],,1,0.6,0.7,0.30000000000000004,[1. 1.]
1641,2.0,1642,0,False,1.0,821.0,0.0,1,1,0,[1. 1.],[1 2],,1,0.6,0.7,0.30000000000000004,[1. 1.]
1642,0.0,1643,1,False,0.0,822.0,2.0,1,0,2,[1. 1.],[1 2],,1,0.6,0.7,0.30000000000000004,[1. 1.]
1643,2.0,1644,0,False,1.0,822.0,0.0,1,1,0,[0. 0.],[1 2],,1,0.6,0.7,0.30000000000000004,[1. 1.]
1644,0.0,1645,1,False,0.0,823.0,2.0,1,0,2,[0. 0.],[1 2],,1,0.6,0.7,0.30000000000000004,[1. 1.]
1645,2.0,1646,0,False,0.0,823.0,0.0,1,1,0,[1. 1.],[1 2],0.0,1,0.6,0.7,0.30000000000000004,[1. 1.]
1646,0.0,1647,1,False,0.0,824.0,1.0,1,0,2,[1. 1.],[1 2],0.0,1,0.6,0.7,0.30000000000000004,[1. 1.]
1647,1.0,1648,0,False,1.0,824.0,0.0,1,1,0,[1. 1.],[1 2],1.0,1,0.6,0.7,0.30000000000000004,[1. 1.]
1648,0.0,1649,1,False,0.0,825.0,2.0,1,0,2,[1. 1.],[1 2],1.0,1,0.6,0.7,0.30000000000000004,[1. 1.]
1649,2.0,1650,0,False,1.0,825.0,0.0,1,1,0,[0. 0.],[1 2],1.0,1,0.6,0.7,0.30000000000000004,[1. 1.]
1650,0.0,1651,1,False,0.0,826.0,2.0,1,0,2,[0. 0.],[1 2],1.0,1,0.6,0.7,0.30000000000000004,[1. 1.]
1651,2.0,1652,0,False,0.0,826.0,0.0,1,1,0,[0. 0.],[1 2],1.0,1,0.6,0.7,0.30000000000000004,[1. 1.]
1652,0.0,1653,1,False,0.0,827.0,2.0,1,0,2,[0. 0.],[1 2],1.0,1,0.6,0.7,0.30000000000000004,[1. 1.]
1653,2.0,1654,0,False,0.0,827.0,0.0,1,1,0,[1. 1.],[1 2],0.0,1,0.6,0.7,0.30000000000000004,[1. 1.]
1654,0.0,1655,1,False,0.0,828.0,1.0,1,0,2,[1. 1.],[1 2],0.0,1,0.6,0.7,0.30000000000000004,[1. 1.]
1655,1.0,1656,0,False,1.0,828.0,0.0,1,1,0,[0. 1.],[2 1],1.0,1,0.6,0.7,0.30000000000000004,[1. 1.]
1656,0.0,1657,1,False,0.0,829.0,2.0,1,0,2,[0. 1.],[2 1],1.0,1,0.6,0.7,0.30000000000000004,[1. 1.]
1657,2.0,1658,0,False,0.0,829.0,0.0,1,1,0,[1. 1.],[2 1],1.0,1,0.6,0.7,0.30000000000000004,[1. 1.]
1658,0.0,1659,1,False,0.0,830.0,2.0,1,0,2,[1. 1.],[2 1],1.0,1,0.6,0.7,0.30000000000000004,[1. 1.]
1659,2.0,1660,0,False,1.0,830.0,0.0,1,1,0,[0. 1.],[2 1],,1,0.6,0.7,0.30000000000000004,[1. 1.]
1660,0.0,1661,1,False,0.0,831.0,1.0,1,0,2,[0. 1.],[2 1],,1,0.6,0.7,0.30000000000000004,[1. 1.]
1661,1.0,1662,0,False,0.0,831.0,0.0,1,1,0,[0. 1.],[2 1],,1,0.6,0.7,0.30000000000000004,[1. 1.]
1662,0.0,1663,1,False,0.0,832.0,1.0,1,0,2,[0. 1.],[2 1],,1,0.6,0.7,0.30000000000000004,[1. 1.]
1663,1.0,1664,0,False,0.0,832.0,0.0,1,1,0,[0. 0.],[2 1],0.0,1,0.6,0.7,0.30000000000000004,[1. 1.]
1664,0.0,1665,1,False,0.0,833.0,1.0,1,0,1,[0. 0.],[2 1],0.0,1,0.6,0.7,0.30000000000000004,[1. 1.]
1665,1.0,1666,0,False,0.0,833.0,0.0,1,1,0,[0. 1.],[2 1],0.0,1,0.6,0.7,0.30000000000000004,[1. 1.]
1666,0.0,1667,1,False,0.0,834.0,1.0,1,0,2,[0. 1.],[2 1],0.0,1,0.6,0.7,0.30000000000000004,[1. 1.]
1667,1.0,1668,0,False,0.0,834.0,0.0,1,1,0,[1. 0.],[2 1],0.0,1,0.6,0.7,0.30000000000000004,[1. 1.]
1668,0.0,1669,1,False,0.0,835.0,1.0,1,0,1,[1. 0.],[2 1],0.0,1,0.6,0.7,0.30000000000000004,[1. 1.]
1669,1.0,1670,0,False,0.0,835.0,0.0,1,1,0,[0. 1.],[2 1],,1,0.6,0.7,0.30000000000000004,[1. 1.]
1670,0.0,1671,1,False,0.0,836.0,1.0,1,0,2,[0. 1.],[2 1],,1,0.6,0.7,0.30000000000000004,[1. 1.]
1671,1.0,1672,0,False,0.0,836.0,0.0,1,1,0,[0. 1.],[2 1],1.0,1,0.6,0.7,0.30000000000000004,[1. 1.]
1672,0.0,1673,1,False,0.0,837.0,2.0,1,0,1,[0. 1.],[2 1],1.0,1,0.6,0.7,0.30000000000000004,[1. 1.]
1673,2.0,1674,0,False,1.0,837.0,0.0,1,1,0,[0. 0.],[2 1],0.0,1,0.6,0.7,0.30000000000000004,[1. 1.]
1674,0.0,1675,1,False,0.0,838.0,1.0,1,0,1,[0. 0.],[2 1],0.0,1,0.6,0.7,0.30000000000000004,[1. 1.]
1675,1.0,1676,0,False,0.0,838.0,0.0,1,1,0,[0. 0.],[2 1],,1,0.6,0.7,0.30000000000000004,[1. 1.]
1676,0.0,1677,1,False,0.0,839.0,2.0,1,0,1,[0. 0.],[2 1],,1,0.6,0.7,0.30000000000000004,[1. 1.]
1677,2.0,1678,0,False,0.0,839.0,0.0,1,1,0,[0. 0.],[2 1],1.0,1,0.6,0.7,0.30000000000000004,[1. 1.]
1678,0.0,1679,1,False,0.0,840.0,2.0,1,0,1,[0. 0.],[2 1],1.0,1,0.6,0.7,0.30000000000000004,[1. 1.]
1679,2.0,1680,0,False,0.0,840.0,0.0,1,1,0,[0. 0.],[2 1],0.0,1,0.6,0.7,0.30000000000000004,[1. 1.]
1680,0.0,1681,1,False,0.0,841.0,1.0,1,0,2,[0. 0.],[2 1],0.0,1,0.6,0.7,0.30000000000000004,[1. 1.]
1681,1.0,1682,0,False,0.0,841.0,0.0,1,1,0,[1. 1.],[2 1],,1,0.6,0.7,0.30000000000000004,[1. 1.]
1682,0.0,1683,1,False,0.0,842.0,2.0,1,0,1,[1. 1.],[2 1],,1,0.6,0.7,0.30000000000000004,[1. 1.]
1683,2.0,1684,0,False,1.0,842.0,0.0,1,1,0,[0. 1.],[2 1],0.0,1,0.6,0.7,0.30000000000000004,[1. 1.]
1684,0.0,1685,1,False,0.0,843.0,1.0,1,0,1,[0. 1.],[2 1],0.0,1,0.6,0.7,0.30000000000000004,[1. 1.]
1685,1.0,1686,0,False,1.0,843.0,0.0,1,1,0,[1. 1.],[2 1],,1,0.6,0.7,0.30000000000000004,[1. 1.]
1686,0.0,1687,1,False,0.0,844.0,2.0,1,0,1,[1. 1.],[2 1],,1,0.6,0.7,0.30000000000000004,[1. 1.]
1687,2.0,1688,0,False,1.0,844.0,0.0,1,1,0,[0. 0.],[2 1],,1,0.6,0.7,0.30000000000000004,[1. 1.]
1688,0.0,1689,1,False,0.0,845.0,2.0,1,0,1,[0. 0.],[2 1],,1,0.6,0.7,0.30000000000000004,[1. 1.]
1689,2.0,1690,0,False,0.0,845.0,0.0,1,1,0,[0. 0.],[2 1],1.0,1,0.6,0.7,0.30000000000000004,[1. 1.]
1690,0.0,1691,1,False,0.0,846.0,2.0,1,0,1,[0. 0.],[2 1],1.0,1,0.6,0.7,0.30000000000000004,[1. 1.]
1691,2.0,1692,0,False,0.0,846.0,0.0,1,1,0,[0. 0.],[2 1],,1,0.6,0.7,0.30000000000000004,[1. 1.]
1692,0.0,1693,1,False,0.0,847.0,2.0,1,0,1,[0. 0.],[2 1],,1,0.6,0.7,0.30000000000000004,[1. 1.]
1693,2.0,1694,0,False,0.0,847.0,0.0,1,1,0,[1. 0.],[2 1],0.0,1,0.6,0.7,0.30000000000000004,[1. 1.]
1694,0.0,1695,1,False,0.0,848.0,1.0,1,0,1,[1. 0.],[2 1],0.0,1,0.6,0.7,0.30000000000000004,[1. 1.]
1695,1.0,1696,0,False,0.0,848.0,0.0,1,1,0,[0. 1.],[2 1],1.0,1,0.6,0.7,0.30000000000000004,[1. 1.]
1696,0.0,1697,1,False,0.0,849.0,2.0,1,0,1,[0. 1.],[2 1],1.0,1,0.6,0.7,0.30000000000000004,[1. 1.]
1697,2.0,1698,0,False,1.0,849.0,0.0,1,1,0,[0. 0.],[2 1],1.0,1,0.6,0.7,0.30000000000000004,[1. 1.]
1698,0.0,1699,1,False,0.0,850.0,2.0,1,0,1,[0. 0.],[2 1],1.0,1,0.6,0.7,0.30000000000000004,[1. 1.]
1699,2.0,1700,0,False,0.0,850.0,0.0,1,1,0,[0. 1.],[2 1],,1,0.6,0.7,0.30000000000000004,[1. 1.]
1700,0.0,1701,1,False,0.0,851.0,2.0,1,0,1,[0. 1.],[2 1],,1,0.6,0.7,0.30000000000000004,[1. 1.]
1701,2.0,1702,0,False,1.0,851.0,0.0,1,1,0,[0. 1.],[2 1],,1,0.6,0.7,0.30000000000000004,[1. 1.]
1702,0.0,1703,1,False,0.0,852.0,2.0,1,0,1,[0. 1.],[2 1],,1,0.6,0.7,0.30000000000000004,[1. 1.]
1703,2.0,1704,0,False,1.0,852.0,0.0,1,1,0,[0. 1.],[2 1],0.0,1,0.6,0.7,0.30000000000000004,[1. 1.]
1704,0.0,1705,1,False,0.0,853.0,1.0,1,0,1,[0. 1.],[2 1],0.0,1,0.6,0.7,0.30000000000000004,[1. 1.]
1705,1.0,1706,0,False,1.0,853.0,0.0,1,1,0,[0. 1.],[2 1],,1,0.6,0.7,0.30000000000000004,[1. 1.]
1706,0.0,1707,1,False,0.0,854.0,2.0,1,0,1,[0. 1.],[2 1],,1,0.6,0.7,0.30000000000000004,[1. 1.]
1707,2.0,1708,0,False,1.0,854.0,0.0,1,1,0,[1. 1.],[2 1],0.0,1,0.6,0.7,0.30000000000000004,[1. 1.]
1708,0.0,1709,1,False,0.0,855.0,1.0,1,0,1,[1. 1.],[2 1],0.0,1,0.6,0.7,0.30000000000000004,[1. 1.]
1709,1.0,1710,0,False,1.0,855.0,0.0,1,1,0,[1. 1.],[2 1],1.0,1,0.6,0.7,0.30000000000000004,[1. 1.]
1710,0.0,1711,1,False,0.0,856.0,2.0,1,0,1,[1. 1.],[2 1],1.0,1,0.6,0.7,0.30000000000000004,[1. 1.]
1711,2.0,1712,0,False,1.0,856.0,0.0,1,1,0,[0. 0.],[2 1],1.0,1,0.6,0.7,0.30000000000000004,[1. 1.]
1712,0.0,1713,1,False,0.0,857.0,2.0,1,0,1,[0. 0.],[2 1],1.0,1,0.6,0.7,0.30000000000000004,[1. 1.]
1713,2.0,1714,0,False,0.0,857.0,0.0,1,1,0,[0. 1.],[2 1],,1,0.6,0.7,0.30000000000000004,[1. 1.]
1714,0.0,1715,1,False,0.0,858.0,2.0,1,0,1,[0. 1.],[2 1],,1,0.6,0.7,0.30000000000000004,[1. 1.]
1715,2.0,1716,0,False,1.0,858.0,0.0,1,1,0,[0. 1.],[2 1],1.0,1,0.6,0.7,0.30000000000000004,[1. 1.]
1716,0.0,1717,1,False,0.0,859.0,2.0,1,0,1,[0. 1.],[2 1],1.0,1,0.6,0.7,0.30000000000000004,[1. 1.]
1717,2.0,1718,0,False,1.0,859.0,0.0,1,1,0,[0. 0.],[2 1],1.0,1,0.6,0.7,0.30000000000000004,[1. 1.]
1718,0.0,1719,1,False,0.0,860.0,2.0,1,0,1,[0. 0.],[2 1],1.0,1,0.6,0.7,0.30000000000000004,[1. 1.]
1719,2.0,1720,0,False,0.0,860.0,0.0,1,1,0,[1. 1.],[2 1],,1,0.6,0.7,0.30000000000000004,[1. 1.]
1720,0.0,1721,1,False,0.0,861.0,2.0,1,0,1,[1. 1.],[2 1],,1,0.6,0.7,0.30000000000000004,[1. 1.]
1721,2.0,1722,0,False,1.0,861.0,0.0,1,1,0,[0. 1.],[2 1],1.0,1,0.6,0.7,0.30000000000000004,[1. 1.]
1722,0.0,1723,1,False,0.0,862.0,2.0,1,0,1,[0. 1.],[2 1],1.0,1,0.6,0.7,0.30000000000000004,[1. 1.]
1723,2.0,1724,0,False,1.0,862.0,0.0,1,1,0,[1. 1.],[2 1],1.0,1,0.6,0.7,0.30000000000000004,[1. 1.]
1724,0.0,1725,1,False,0.0,863.0,2.0,1,0,1,[1. 1.],[2 1],1.0,1,0.6,0.7,0.30000000000000004,[1. 1.]
1725,2.0,1726,0,False,1.0,863.0,0.0,1,1,0,[0. 1.],[2 1],0.0,1,0.6,0.7,0.30000000000000004,[1. 1.]
1726,0.0,1727,1,False,0.0,864.0,1.0,1,0,1,[0. 1.],[2 1],0.0,1,0.6,0.7,0.30000000000000004,[1. 1.]
1727,1.0,1728,0,False,1.0,864.0,0.0,1,1,0,[0. 1.],[2 1],,1,0.6,0.7,0.30000000000000004,[1. 1.]
1728,0.0,1729,1,False,0.0,865.0,2.0,1,0,1,[0. 1.],[2 1],,1,0.6,0.7,0.30000000000000004,[1. 1.]
1729,2.0,1730,0,False,1.0,865.0,0.0,1,1,0,[0. 0.],[1 2],,1,0.6,0.7,0.30000000000000004,[1. 1.]
1730,0.0,1731,1,False,0.0,866.0,1.0,1,0,1,[0. 0.],[1 2],,1,0.6,0.7,0.30000000000000004,[1. 1.]
1731,1.0,1732,0,False,0.0,866.0,0.0,1,1,0,[0. 1.],[2 1],0.0,1,0.6,0.7,0.30000000000000004,[1. 1.]
1732,0.0,1733,1,False,0.0,867.0,1.0,1,0,1,[0. 1.],[2 1],0.0,1,0.6,0.7,0.30000000000000004,[1. 1.]
1733,1.0,1734,0,False,1.0,867.0,0.0,1,1,0,[0. 1.],[2 1],0.0,1,0.6,0.7,0.30000000000000004,[1. 1.]
1734,0.0,1735,1,False,0.0,868.0,1.0,1,0,1,[0. 1.],[2 1],0.0,1,0.6,0.7,0.30000000000000004,[1. 1.]
1735,1.0,1736,0,False,1.0,868.0,0.0,1,1,0,[0. 0.],[2 1],,1,0.6,0.7,0.30000000000000004,[1. 1.]
1736,0.0,1737,1,False,0.0,869.0,2.0,1,0,1,[0. 0.],[2 1],,1,0.6,0.7,0.30000000000000004,[1. 1.]
1737,2.0,1738,0,False,0.0,869.0,0.0,1,1,0,[1. 0.],[2 1],1.0,1,0.6,0.7,0.30000000000000004,[1. 1.]
1738,0.0,1739,1,False,0.0,870.0,2.0,1,0,1,[1. 0.],[2 1],1.0,1,0.6,0.7,0.30000000000000004,[1. 1.]
1739,2.0,1740,0,False,0.0,870.0,0.0,1,1,0,[0. 0.],[2 1],,1,0.6,0.7,0.30000000000000004,[1. 1.]
1740,0.0,1741,1,False,0.0,871.0,2.0,1,0,1,[0. 0.],[2 1],,1,0.6,0.7,0.30000000000000004,[1. 1.]
1741,2.0,1742,0,False,0.0,871.0,0.0,1,1,0,[0. 1.],[2 1],0.0,1,0.6,0.7,0.30000000000000004,[1. 1.]
1742,0.0,1743,1,False,0.0,872.0,1.0,1,0,1,[0. 1.],[2 1],0.0,1,0.6,0.7,0.30000000000000004,[1. 1.]
1743,1.0,1744,0,False,1.0,872.0,0.0,1,1,0,[0. 1.],[2 1],0.0,1,0.6,0.7,0.30000000000000004,[1. 1.]
1744,0.0,1745,1,False,0.0,873.0,1.0,1,0,1,[0. 1.],[2 1],0.0,1,0.6,0.7,0.30000000000000004,[1. 1.]
1745,1.0,1746,0,False,1.0,873.0,0.0,1,1,0,[0. 0.],[2 1],,1,0.6,0.7,0.30000000000000004,[1. 1.]
1746,0.0,1747,1,False,0.0,874.0,2.0,1,0,1,[0. 0.],[2 1],,1,0.6,0.7,0.30000000000000004,[1. 1.]
1747,2.0,1748,0,False,0.0,874.0,0.0,1,1,0,[1. 1.],[2 1],,1,0.6,0.7,0.30000000000000004,[1. 1.]
1748,0.0,1749,1,False,0.0,875.0,2.0,1,0,1,[1. 1.],[2 1],,1,0.6,0.7,0.30000000000000004,[1. 1.]
1749,2.0,1750,0,False,1.0,875.0,0.0,1,1,0,[0. 1.],[2 1],,1,0.6,0.7,0.30000000000000004,[1. 1.]
1750,0.0,1751,1,False,0.0,876.0,2.0,1,0,1,[0. 1.],[2 1],,1,0.6,0.7,0.30000000000000004,[1. 1.]
1751,2.0,1752,0,False,1.0,876.0,0.0,1,1,0,[0. 1.],[2 1],,1,0.6,0.7,0.30000000000000004,[1. 1.]
1752,0.0,1753,1,False,0.0,877.0,2.0,1,0,1,[0. 1.],[2 1],,1,0.6,0.7,0.30000000000000004,[1. 1.]
1753,2.0,1754,0,False,1.0,877.0,0.0,1,1,0,[0. 1.],[2 1],1.0,1,0.6,0.7,0.30000000000000004,[1. 1.]
1754,0.0,1755,1,False,0.0,878.0,2.0,1,0,1,[0. 1.],[2 1],1.0,1,0.6,0.7,0.30000000000000004,[1. 1.]
1755,2.0,1756,0,False,1.0,878.0,0.0,1,1,0,[0. 1.],[2 1],,1,0.6,0.7,0.30000000000000004,[1. 1.]
1756,0.0,1757,1,False,0.0,879.0,2.0,1,0,1,[0. 1.],[2 1],,1,0.6,0.7,0.30000000000000004,[1. 1.]
1757,2.0,1758,0,False,1.0,879.0,0.0,1,1,0,[0. 0.],[2 1],,1,0.6,0.7,0.30000000000000004,[1. 1.]
1758,0.0,1759,1,False,0.0,880.0,2.0,1,0,1,[0. 0.],[2 1],,1,0.6,0.7,0.30000000000000004,[1. 1.]
1759,2.0,1760,0,False,0.0,880.0,0.0,1,1,0,[0. 1.],[2 1],,1,0.6,0.7,0.30000000000000004,[1. 1.]
1760,0.0,1761,1,False,0.0,881.0,2.0,1,0,1,[0. 1.],[2 1],,1,0.6,0.7,0.30000000000000004,[1. 1.]
1761,2.0,1762,0,False,1.0,881.0,0.0,1,1,0,[0. 1.],[2 1],,1,0.6,0.7,0.30000000000000004,[1. 1.]
1762,0.0,1763,1,False,0.0,882.0,2.0,1,0,1,[0. 1.],[2 1],,1,0.6,0.7,0.30000000000000004,[1. 1.]
1763,2.0,1764,0,False,1.0,882.0,0.0,1,1,0,[0. 1.],[2 1],0.0,1,0.6,0.7,0.30000000000000004,[1. 1.]
1764,0.0,1765,1,False,0.0,883.0,1.0,1,0,1,[0. 1.],[2 1],0.0,1,0.6,0.7,0.30000000000000004,[1. 1.]
1765,1.0,1766,0,False,1.0,883.0,0.0,1,1,0,[0. 0.],[2 1],,1,0.6,0.7,0.30000000000000004,[1. 1.]
1766,0.0,1767,1,False,0.0,884.0,2.0,1,0,1,[0. 0.],[2 1],,1,0.6,0.7,0.30000000000000004,[1. 1.]
1767,2.0,1768,0,False,0.0,884.0,0.0,1,1,0,[0. 1.],[2 1],1.0,1,0.6,0.7,0.30000000000000004,[1. 1.]
1768,0.0,1769,1,False,0.0,885.0,2.0,1,0,1,[0. 1.],[2 1],1.0,1,0.6,0.7,0.30000000000000004,[1. 1.]
1769,2.0,1770,0,False,1.0,885.0,0.0,1,1,0,[0. 0.],[2 1],0.0,1,0.6,0.7,0.30000000000000004,[1. 1.]
1770,0.0,1771,1,False,0.0,886.0,1.0,1,0,1,[0. 0.],[2 1],0.0,1,0.6,0.7,0.30000000000000004,[1. 1.]
1771,1.0,1772,0,False,0.0,886.0,0.0,1,1,0,[0. 0.],[2 1],,1,0.6,0.7,0.30000000000000004,[1. 1.]
1772,0.0,1773,1,False,0.0,887.0,2.0,1,0,1,[0. 0.],[2 1],,1,0.6,0.7,0.30000000000000004,[1. 1.]
1773,2.0,1774,0,False,0.0,887.0,0.0,1,1,0,[0. 1.],[2 1],,1,0.6,0.7,0.30000000000000004,[1. 1.]
1774,0.0,1775,1,False,0.0,888.0,2.0,1,0,1,[0. 1.],[2 1],,1,0.6,0.7,0.30000000000000004,[1. 1.]
1775,2.0,1776,0,False,1.0,888.0,0.0,1,1,0,[1. 1.],[2 1],0.0,1,0.6,0.7,0.30000000000000004,[1. 1.]
1776,0.0,1777,1,False,0.0,889.0,1.0,1,0,1,[1. 1.],[2 1],0.0,1,0.6,0.7,0.30000000000000004,[1. 1.]
1777,1.0,1778,0,False,1.0,889.0,0.0,1,1,0,[0. 1.],[2 1],,1,0.6,0.7,0.30000000000000004,[1. 1.]
1778,0.0,1779,1,False,0.0,890.0,2.0,1,0,1,[0. 1.],[2 1],,1,0.6,0.7,0.30000000000000004,[1. 1.]
1779,2.0,1780,0,False,1.0,890.0,0.0,1,1,0,[1. 1.],[2 1],,1,0.6,0.7,0.30000000000000004,[1. 1.]
1780,0.0,1781,1,False,0.0,891.0,2.0,1,0,1,[1. 1.],[2 1],,1,0.6,0.7,0.30000000000000004,[1. 1.]
1781,2.0,1782,0,False,1.0,891.0,0.0,1,1,0,[0. 1.],[2 1],0.0,1,0.6,0.7,0.30000000000000004,[1. 1.]
1782,0.0,1783,1,False,0.0,892.0,1.0,1,0,1,[0. 1.],[2 1],0.0,1,0.6,0.7,0.30000000000000004,[1. 1.]
1783,1.0,1784,0,False,1.0,892.0,0.0,1,1,0,[1. 1.],[2 1],1.0,1,0.6,0.7,0.30000000000000004,[1. 1.]
1784,0.0,1785,1,False,0.0,893.0,2.0,1,0,1,[1. 1.],[2 1],1.0,1,0.6,0.7,0.30000000000000004,[1. 1.]
1785,2.0,1786,0,False,1.0,893.0,0.0,1,1,0,[1. 0.],[1 2],1.0,0,0.6,0.7,0.30000000000000004,[1. 1.]
1786,0.0,1787,1,False,0.0,894.0,2.0,1,0,1,[1. 0.],[1 2],1.0,0,0.6,0.7,0.30000000000000004,[1. 1.]
1787,2.0,1788,0,False,1.0,894.0,0.0,1,1,0,[1. 0.],[1 2],,0,0.6,0.7,0.30000000000000004,[1. 1.]
1788,0.0,1789,1,False,0.0,895.0,1.0,1,0,1,[1. 0.],[1 2],,0,0.6,0.7,0.30000000000000004,[1. 1.]
1789,1.0,1790,0,False,1.0,895.0,0.0,1,1,0,[1. 1.],[1 2],1.0,0,0.6,0.7,0.30000000000000004,[1. 1.]
1790,0.0,1791,1,False,0.0,896.0,2.0,1,0,1,[1. 1.],[1 2],1.0,0,0.6,0.7,0.30000000000000004,[1. 1.]
1791,2.0,1792,0,False,1.0,896.0,0.0,1,1,0,[0. 0.],[1 2],0.0,0,0.6,0.7,0.30000000000000004,[1. 1.]
1792,0.0,1793,1,False,0.0,897.0,1.0,1,0,1,[0. 0.],[1 2],0.0,0,0.6,0.7,0.30000000000000004,[1. 1.]
1793,1.0,1794,0,False,0.0,897.0,0.0,1,1,0,[1. 0.],[1 2],,0,0.6,0.7,0.30000000000000004,[1. 1.]
1794,0.0,1795,1,False,0.0,898.0,1.0,1,0,1,[1. 0.],[1 2],,0,0.6,0.7,0.30000000000000004,[1. 1.]
1795,1.0,1796,0,False,1.0,898.0,0.0,1,1,0,[1. 0.],[1 2],1.0,0,0.6,0.7,0.30000000000000004,[1. 1.]
1796,0.0,1797,1,False,0.0,899.0,2.0,1,0,1,[1. 0.],[1 2],1.0,0,0.6,0.7,0.30000000000000004,[1. 1.]
1797,2.0,1798,0,False,1.0,899.0,0.0,1,1,0,[0. 0.],[1 2],0.0,0,0.6,0.7,0.30000000000000004,[1. 1.]
1798,0.0,1799,1,False,0.0,900.0,1.0,1,0,1,[0. 0.],[1 2],0.0,0,0.6,0.7,0.30000000000000004,[1. 1.]
1799,1.0,1800,0,False,0.0,900.0,0.0,1,1,0,[1. 1.],[1 2],1.0,0,0.6,0.7,0.30000000000000004,[1. 1.]
1800,0.0,1801,1,False,0.0,901.0,2.0,1,0,1,[1. 1.],[1 2],1.0,0,0.6,0.7,0.30000000000000004,[1. 1.]
1801,2.0,1802,0,False,1.0,901.0,0.0,1,1,0,[1. 0.],[1 2],1.0,0,0.6,0.7,0.30000000000000004,[1. 1.]
1802,0.0,1803,1,False,0.0,902.0,2.0,1,0,1,[1. 0.],[1 2],1.0,0,0.6,0.7,0.30000000000000004,[1. 1.]
1803,2.0,1804,0,False,1.0,902.0,0.0,1,1,0,[1. 0.],[1 2],,0,0.6,0.7,0.30000000000000004,[1. 1.]
1804,0.0,1805,1,False,0.0,903.0,1.0,1,0,1,[1. 0.],[1 2],,0,0.6,0.7,0.30000000000000004,[1. 1.]
1805,1.0,1806,0,False,1.0,903.0,0.0,1,1,0,[1. 1.],[1 2],,0,0.6,0.7,0.30000000000000004,[1. 1.]
1806,0.0,1807,1,False,0.0,904.0,1.0,1,0,1,[1. 1.],[1 2],,0,0.6,0.7,0.30000000000000004,[1. 1.]
1807,1.0,1808,0,False,1.0,904.0,0.0,1,1,0,[1. 0.],[1 2],,0,0.6,0.7,0.30000000000000004,[1. 1.]
1808,0.0,1809,1,False,0.0,905.0,1.0,1,0,1,[1. 0.],[1 2],,0,0.6,0.7,0.30000000000000004,[1. 1.]
1809,1.0,1810,0,False,1.0,905.0,0.0,1,1,0,[1. 0.],[1 2],0.0,0,0.6,0.7,0.30000000000000004,[1. 1.]
1810,0.0,1811,1,False,0.0,906.0,1.0,1,0,1,[1. 0.],[1 2],0.0,0,0.6,0.7,0.30000000000000004,[1. 1.]
1811,1.0,1812,0,False,1.0,906.0,0.0,1,1,0,[0. 0.],[1 2],1.0,0,0.6,0.7,0.30000000000000004,[1. 1.]
1812,0.0,1813,1,False,0.0,907.0,2.0,1,0,1,[0. 0.],[1 2],1.0,0,0.6,0.7,0.30000000000000004,[1. 1.]
1813,2.0,1814,0,False,0.0,907.0,0.0,1,1,0,[1. 0.],[1 2],,0,0.6,0.7,0.30000000000000004,[1. 1.]
1814,0.0,1815,1,False,0.0,908.0,1.0,1,0,1,[1. 0.],[1 2],,0,0.6,0.7,0.30000000000000004,[1. 1.]
1815,1.0,1816,0,False,1.0,908.0,0.0,1,1,0,[1. 1.],[1 2],1.0,0,0.6,0.7,0.30000000000000004,[1. 1.]
1816,0.0,1817,1,False,0.0,909.0,2.0,1,0,1,[1. 1.],[1 2],1.0,0,0.6,0.7,0.30000000000000004,[1. 1.]
1817,2.0,1818,0,False,1.0,909.0,0.0,1,1,0,[0. 1.],[1 2],0.0,1,0.6,0.7,0.30000000000000004,[1. 1.]
1818,0.0,1819,1,False,0.0,910.0,1.0,1,0,1,[0. 1.],[1 2],0.0,1,0.6,0.7,0.30000000000000004,[1. 1.]
1819,1.0,1820,0,False,0.0,910.0,0.0,1,1,0,[1. 0.],[1 2],0.0,1,0.6,0.7,0.30000000000000004,[1. 1.]
1820,0.0,1821,1,False,0.0,911.0,1.0,1,0,1,[1. 0.],[1 2],0.0,1,0.6,0.7,0.30000000000000004,[1. 1.]
1821,1.0,1822,0,False,1.0,911.0,0.0,1,1,0,[1. 0.],[1 2],0.0,1,0.6,0.7,0.30000000000000004,[1. 1.]
1822,0.0,1823,1,False,0.0,912.0,1.0,1,0,1,[1. 0.],[1 2],0.0,1,0.6,0.7,0.30000000000000004,[1. 1.]
1823,1.0,1824,0,False,1.0,912.0,0.0,1,1,0,[0. 1.],[1 2],1.0,1,0.6,0.7,0.30000000000000004,[1. 1.]
1824,0.0,1825,1,False,0.0,913.0,2.0,1,0,1,[0. 1.],[1 2],1.0,1,0.6,0.7,0.30000000000000004,[1. 1.]
1825,2.0,1826,0,False,0.0,913.0,0.0,1,1,0,[0. 1.],[1 2],1.0,1,0.6,0.7,0.30000000000000004,[1. 1.]
1826,0.0,1827,1,False,0.0,914.0,2.0,1,0,1,[0. 1.],[1 2],1.0,1,0.6,0.7,0.30000000000000004,[1. 1.]
1827,2.0,1828,0,False,0.0,914.0,0.0,1,1,0,[1. 1.],[1 2],,1,0.6,0.7,0.30000000000000004,[1. 1.]
1828,0.0,1829,1,False,0.0,915.0,1.0,1,0,1,[1. 1.],[1 2],,1,0.6,0.7,0.30000000000000004,[1. 1.]
1829,1.0,1830,0,False,1.0,915.0,0.0,1,1,0,[0. 1.],[1 2],1.0,1,0.6,0.7,0.30000000000000004,[1. 1.]
1830,0.0,1831,1,False,0.0,916.0,2.0,1,0,1,[0. 1.],[1 2],1.0,1,0.6,0.7,0.30000000000000004,[1. 1.]
1831,2.0,1832,0,False,0.0,916.0,0.0,1,1,0,[1. 0.],[1 2],,1,0.6,0.7,0.30000000000000004,[1. 1.]
1832,0.0,1833,1,False,0.0,917.0,1.0,1,0,1,[1. 0.],[1 2],,1,0.6,0.7,0.30000000000000004,[1. 1.]
1833,1.0,1834,0,False,1.0,917.0,0.0,1,1,0,[0. 1.],[1 2],0.0,1,0.6,0.7,0.30000000000000004,[1. 1.]
1834,0.0,1835,1,False,0.0,918.0,1.0,1,0,1,[0. 1.],[1 2],0.0,1,0.6,0.7,0.30000000000000004,[1. 1.]
1835,1.0,1836,0,False,0.0,918.0,0.0,1,1,0,[1. 0.],[1 2],1.0,1,0.6,0.7,0.30000000000000004,[1. 1.]
1836,0.0,1837,1,False,0.0,919.0,2.0,1,0,1,[1. 0.],[1 2],1.0,1,0.6,0.7,0.30000000000000004,[1. 1.]
1837,2.0,1838,0,False,1.0,919.0,0.0,1,1,0,[0. 1.],[1 2],,1,0.6,0.7,0.30000000000000004,[1. 1.]
1838,0.0,1839,1,False,0.0,920.0,1.0,1,0,1,[0. 1.],[1 2],,1,0.6,0.7,0.30000000000000004,[1. 1.]
1839,1.0,1840,0,False,0.0,920.0,0.0,1,1,0,[1. 1.],[1 2],,1,0.6,0.7,0.30000000000000004,[1. 1.]
1840,0.0,1841,1,False,0.0,921.0,1.0,1,0,1,[1. 1.],[1 2],,1,0.6,0.7,0.30000000000000004,[1. 1.]
1841,1.0,1842,0,False,1.0,921.0,0.0,1,1,0,[1. 0.],[1 2],,1,0.6,0.7,0.30000000000000004,[1. 1.]
1842,0.0,1843,1,False,0.0,922.0,1.0,1,0,1,[1. 0.],[1 2],,1,0.6,0.7,0.30000000000000004,[1. 1.]
1843,1.0,1844,0,False,1.0,922.0,0.0,1,1,0,[0. 0.],[1 2],,1,0.6,0.7,0.30000000000000004,[1. 1.]
1844,0.0,1845,1,False,0.0,923.0,1.0,1,0,1,[0. 0.],[1 2],,1,0.6,0.7,0.30000000000000004,[1. 1.]
1845,1.0,1846,0,False,0.0,923.0,0.0,1,1,0,[0. 1.],[1 2],,1,0.6,0.7,0.30000000000000004,[1. 1.]
1846,0.0,1847,1,False,0.0,924.0,1.0,1,0,1,[0. 1.],[1 2],,1,0.6,0.7,0.30000000000000004,[1. 1.]
1847,1.0,1848,0,False,0.0,924.0,0.0,1,1,0,[0. 0.],[1 2],,1,0.6,0.7,0.30000000000000004,[1. 1.]
1848,0.0,1849,1,False,0.0,925.0,2.0,1,0,2,[0. 0.],[1 2],,1,0.6,0.7,0.30000000000000004,[1. 1.]
1849,2.0,1850,0,False,0.0,925.0,0.0,1,1,0,[1. 0.],[1 2],,1,0.6,0.7,0.30000000000000004,[1. 1.]
1850,0.0,1851,1,False,0.0,926.0,1.0,1,0,1,[1. 0.],[1 2],,1,0.6,0.7,0.30000000000000004,[1. 1.]
1851,1.0,1852,0,False,1.0,926.0,0.0,1,1,0,[0. 1.],[1 2],1.0,1,0.6,0.7,0.30000000000000004,[1. 1.]
1852,0.0,1853,1,False,0.0,927.0,2.0,1,0,1,[0. 1.],[1 2],1.0,1,0.6,0.7,0.30000000000000004,[1. 1.]
1853,2.0,1854,0,False,0.0,927.0,0.0,1,1,0,[1. 1.],[1 2],,1,0.6,0.7,0.30000000000000004,[1. 1.]
1854,0.0,1855,1,False,0.0,928.0,1.0,1,0,1,[1. 1.],[1 2],,1,0.6,0.7,0.30000000000000004,[1. 1.]
1855,1.0,1856,0,False,1.0,928.0,0.0,1,1,0,[0. 1.],[1 2],,1,0.6,0.7,0.30000000000000004,[1. 1.]
1856,0.0,1857,1,False,0.0,929.0,1.0,1,0,1,[0. 1.],[1 2],,1,0.6,0.7,0.30000000000000004,[1. 1.]
1857,1.0,1858,0,False,0.0,929.0,0.0,1,1,0,[0. 0.],[1 2],,1,0.6,0.7,0.30000000000000004,[1. 1.]
1858,0.0,1859,1,False,0.0,930.0,1.0,1,0,1,[0. 0.],[1 2],,1,0.6,0.7,0.30000000000000004,[1. 1.]
1859,1.0,1860,0,False,0.0,930.0,0.0,1,1,0,[0. 1.],[1 2],1.0,1,0.6,0.7,0.30000000000000004,[1. 1.]
1860,0.0,1861,1,False,0.0,931.0,2.0,1,0,2,[0. 1.],[1 2],1.0,1,0.6,0.7,0.30000000000000004,[1. 1.]
1861,2.0,1862,0,False,1.0,931.0,0.0,1,1,0,[0. 1.],[1 2],,1,0.6,0.7,0.30000000000000004,[1. 1.]
1862,0.0,1863,1,False,0.0,932.0,2.0,1,0,2,[0. 1.],[1 2],,1,0.6,0.7,0.30000000000000004,[1. 1.]
1863,2.0,1864,0,False,1.0,932.0,0.0,1,1,0,[1. 1.],[1 2],1.0,1,0.6,0.7,0.30000000000000004,[1. 1.]
1864,0.0,1865,1,False,0.0,933.0,2.0,1,0,2,[1. 1.],[1 2],1.0,1,0.6,0.7,0.30000000000000004,[1. 1.]
1865,2.0,1866,0,False,1.0,933.0,0.0,1,1,0,[1. 1.],[1 2],0.0,1,0.6,0.7,0.30000000000000004,[1. 1.]
1866,0.0,1867,1,False,0.0,934.0,1.0,1,0,2,[1. 1.],[1 2],0.0,1,0.6,0.7,0.30000000000000004,[1. 1.]
1867,1.0,1868,0,False,1.0,934.0,0.0,1,1,0,[0. 1.],[1 2],0.0,1,0.6,0.7,0.30000000000000004,[1. 1.]
1868,0.0,1869,1,False,0.0,935.0,1.0,1,0,2,[0. 1.],[1 2],0.0,1,0.6,0.7,0.30000000000000004,[1. 1.]
1869,1.0,1870,0,False,1.0,935.0,0.0,1,1,0,[0. 1.],[1 2],,1,0.6,0.7,0.30000000000000004,[1. 1.]
1870,0.0,1871,1,False,0.0,936.0,2.0,1,0,2,[0. 1.],[1 2],,1,0.6,0.7,0.30000000000000004,[1. 1.]
1871,2.0,1872,0,False,1.0,936.0,0.0,1,1,0,[1. 1.],[2 1],,1,0.6,0.7,0.30000000000000004,[1. 1.]
1872,0.0,1873,1,False,0.0,937.0,1.0,1,0,2,[1. 1.],[2 1],,1,0.6,0.7,0.30000000000000004,[1. 1.]
1873,1.0,1874,0,False,1.0,937.0,0.0,1,1,0,[0. 1.],[2 1],0.0,1,0.6,0.7,0.30000000000000004,[1. 1.]
1874,0.0,1875,1,False,0.0,938.0,1.0,1,0,2,[0. 1.],[2 1],0.0,1,0.6,0.7,0.30000000000000004,[1. 1.]
1875,1.0,1876,0,False,0.0,938.0,0.0,1,1,0,[0. 1.],[2 1],0.0,1,0.6,0.7,0.30000000000000004,[1. 1.]
1876,0.0,1877,1,False,0.0,939.0,1.0,1,0,2,[0. 1.],[2 1],0.0,1,0.6,0.7,0.30000000000000004,[1. 1.]
1877,1.0,1878,0,False,0.0,939.0,0.0,1,1,0,[0. 1.],[2 1],1.0,1,0.6,0.7,0.30000000000000004,[1. 1.]
1878,0.0,1879,1,False,0.0,940.0,2.0,1,0,1,[0. 1.],[2 1],1.0,1,0.6,0.7,0.30000000000000004,[1. 1.]
1879,2.0,1880,0,False,1.0,940.0,0.0,1,1,0,[1. 1.],[2 1],,1,0.6,0.7,0.30000000000000004,[1. 1.]
1880,0.0,1881,1,False,0.0,941.0,2.0,1,0,1,[1. 1.],[2 1],,1,0.6,0.7,0.30000000000000004,[1. 1.]
1881,2.0,1882,0,False,1.0,941.0,0.0,1,1,0,[1. 1.],[2 1],0.0,1,0.6,0.7,0.30000000000000004,[1. 1.]
1882,0.0,1883,1,False,0.0,942.0,1.0,1,0,1,[1. 1.],[2 1],0.0,1,0.6,0.7,0.30000000000000004,[1. 1.]
1883,1.0,1884,0,False,1.0,942.0,0.0,1,1,0,[1. 1.],[2 1],,1,0.6,0.7,0.30000000000000004,[1. 1.]
1884,0.0,1885,1,False,0.0,943.0,2.0,1,0,1,[1. 1.],[2 1],,1,0.6,0.7,0.30000000000000004,[1. 1.]
1885,2.0,1886,0,False,1.0,943.0,0.0,1,1,0,[0. 0.],[2 1],0.0,1,0.6,0.7,0.30000000000000004,[1. 1.]
1886,0.0,1887,1,False,0.0,944.0,1.0,1,0,1,[0. 0.],[2 1],0.0,1,0.6,0.7,0.30000000000000004,[1. 1.]
1887,1.0,1888,0,False,0.0,944.0,0.0,1,1,0,[1. 1.],[2 1],1.0,1,0.6,0.7,0.30000000000000004,[1. 1.]
1888,0.0,1889,1,False,0.0,945.0,2.0,1,0,1,[1. 1.],[2 1],1.0,1,0.6,0.7,0.30000000000000004,[1. 1.]
1889,2.0,1890,0,False,1.0,945.0,0.0,1,1,0,[0. 1.],[2 1],,1,0.6,0.7,0.30000000000000004,[1. 1.]
1890,0.0,1891,1,False,0.0,946.0,2.0,1,0,1,[0. 1.],[2 1],,1,0.6,0.7,0.30000000000000004,[1. 1.]
1891,2.0,1892,0,False,1.0,946.0,0.0,1,1,0,[0. 1.],[2 1],1.0,1,0.6,0.7,0.30000000000000004,[1. 1.]
1892,0.0,1893,1,False,0.0,947.0,2.0,1,0,1,[0. 1.],[2 1],1.0,1,0.6,0.7,0.30000000000000004,[1. 1.]
1893,2.0,1894,0,False,1.0,947.0,0.0,1,1,0,[1. 1.],[2 1],,1,0.6,0.7,0.30000000000000004,[1. 1.]
1894,0.0,1895,1,False,0.0,948.0,2.0,1,0,1,[1. 1.],[2 1],,1,0.6,0.7,0.30000000000000004,[1. 1.]
1895,2.0,1896,0,False,1.0,948.0,0.0,1,1,0,[1. 1.],[2 1],,1,0.6,0.7,0.30000000000000004,[1. 1.]
1896,0.0,1897,1,False,0.0,949.0,2.0,1,0,1,[1. 1.],[2 1],,1,0.6,0.7,0.30000000000000004,[1. 1.]
1897,2.0,1898,0,False,1.0,949.0,0.0,1,1,0,[0. 0.],[2 1],,1,0.6,0.7,0.30000000000000004,[1. 1.]
1898,0.0,1899,1,False,0.0,950.0,2.0,1,0,1,[0. 0.],[2 1],,1,0.6,0.7,0.30000000000000004,[1. 1.]
1899,2.0,1900,0,False,0.0,950.0,0.0,1,1,0,[1. 1.],[2 1],,1,0.6,0.7,0.30000000000000004,[1. 1.]
1900,0.0,1901,1,False,0.0,951.0,2.0,1,0,1,[1. 1.],[2 1],,1,0.6,0.7,0.30000000000000004,[1. 1.]
1901,2.0,1902,0,False,1.0,951.0,0.0,1,1,0,[0. 1.],[2 1],1.0,1,0.6,0.7,0.30000000000000004,[1. 1.]
1902,0.0,1903,1,False,0.0,952.0,2.0,1,0,1,[0. 1.],[2 1],1.0,1,0.6,0.7,0.30000000000000004,[1. 1.]
1903,2.0,1904,0,False,1.0,952.0,0.0,1,1,0,[1. 1.],[2 1],0.0,1,0.6,0.7,0.30000000000000004,[1. 1.]
1904,0.0,1905,1,False,0.0,953.0,1.0,1,0,1,[1. 1.],[2 1],0.0,1,0.6,0.7,0.30000000000000004,[1. 1.]
1905,1.0,1906,0,False,1.0,953.0,0.0,1,1,0,[0. 0.],[2 1],1.0,1,0.6,0.7,0.30000000000000004,[1. 1.]
1906,0.0,1907,1,False,0.0,954.0,2.0,1,0,1,[0. 0.],[2 1],1.0,1,0.6,0.7,0.30000000000000004,[1. 1.]
1907,2.0,1908,0,False,0.0,954.0,0.0,1,1,0,[0. 1.],[2 1],0.0,1,0.6,0.7,0.30000000000000004,[1. 1.]
1908,0.0,1909,1,False,0.0,955.0,1.0,1,0,1,[0. 1.],[2 1],0.0,1,0.6,0.7,0.30000000000000004,[1. 1.]
1909,1.0,1910,0,False,1.0,955.0,0.0,1,1,0,[0. 0.],[2 1],0.0,1,0.6,0.7,0.30000000000000004,[1. 1.]
1910,0.0,1911,1,False,0.0,956.0,1.0,1,0,1,[0. 0.],[2 1],0.0,1,0.6,0.7,0.30000000000000004,[1. 1.]
1911,1.0,1912,0,False,0.0,956.0,0.0,1,1,0,[0. 1.],[2 1],1.0,1,0.6,0.7,0.30000000000000004,[1. 1.]
1912,0.0,1913,1,False,0.0,957.0,2.0,1,0,1,[0. 1.],[2 1],1.0,1,0.6,0.7,0.30000000000000004,[1. 1.]
1913,2.0,1914,0,False,1.0,957.0,0.0,1,1,0,[0. 0.],[2 1],,1,0.6,0.7,0.30000000000000004,[1. 1.]
1914,0.0,1915,1,False,0.0,958.0,2.0,1,0,1,[0. 0.],[2 1],,1,0.6,0.7,0.30000000000000004,[1. 1.]
1915,2.0,1916,0,False,0.0,958.0,0.0,1,1,0,[0. 0.],[2 1],,1,0.6,0.7,0.30000000000000004,[1. 1.]
1916,0.0,1917,1,False,0.0,959.0,2.0,1,0,1,[0. 0.],[2 1],,1,0.6,0.7,0.30000000000000004,[1. 1.]
1917,2.0,1918,0,False,0.0,959.0,0.0,1,1,0,[1. 1.],[2 1],1.0,1,0.6,0.7,0.30000000000000004,[1. 1.]
1918,0.0,1919,1,False,0.0,960.0,2.0,1,0,1,[1. 1.],[2 1],1.0,1,0.6,0.7,0.30000000000000004,[1. 1.]
1919,2.0,1920,0,False,1.0,960.0,0.0,1,1,0,[0. 1.],[2 1],,1,0.6,0.7,0.30000000000000004,[1. 1.]
1920,0.0,1921,1,False,0.0,961.0,2.0,1,0,1,[0. 1.],[2 1],,1,0.6,0.7,0.30000000000000004,[1. 1.]
1921,2.0,1922,0,False,1.0,961.0,0.0,1,1,0,[0. 1.],[2 1],0.0,1,0.6,0.7,0.30000000000000004,[1. 1.]
1922,0.0,1923,1,False,0.0,962.0,1.0,1,0,1,[0. 1.],[2 1],0.0,1,0.6,0.7,0.30000000000000004,[1. 1.]
1923,1.0,1924,0,False,1.0,962.0,0.0,1,1,0,[0. 1.],[2 1],,1,0.6,0.7,0.30000000000000004,[1. 1.]
1924,0.0,1925,1,False,0.0,963.0,2.0,1,0,1,[0. 1.],[2 1],,1,0.6,0.7,0.30000000000000004,[1. 1.]
1925,2.0,1926,0,False,1.0,963.0,0.0,1,1,0,[0. 1.],[2 1],,1,0.6,0.7,0.30000000000000004,[1. 1.]
1926,0.0,1927,1,False,0.0,964.0,2.0,1,0,1,[0. 1.],[2 1],,1,0.6,0.7,0.30000000000000004,[1. 1.]
1927,2.0,1928,0,False,1.0,964.0,0.0,1,1,0,[1. 0.],[2 1],0.0,1,0.6,0.7,0.30000000000000004,[1. 1.]
1928,0.0,1929,1,False,0.0,965.0,1.0,1,0,1,[1. 0.],[2 1],0.0,1,0.6,0.7,0.30000000000000004,[1. 1.]
1929,1.0,1930,0,False,0.0,965.0,0.0,1,1,0,[0. 1.],[2 1],,1,0.6,0.7,0.30000000000000004,[1. 1.]
1930,0.0,1931,1,False,0.0,966.0,2.0,1,0,1,[0. 1.],[2 1],,1,0.6,0.7,0.30000000000000004,[1. 1.]
1931,2.0,1932,0,False,1.0,966.0,0.0,1,1,0,[0. 0.],[2 1],0.0,1,0.6,0.7,0.30000000000000004,[1. 1.]
1932,0.0,1933,1,False,0.0,967.0,1.0,1,0,1,[0. 0.],[2 1],0.0,1,0.6,0.7,0.30000000000000004,[1. 1.]
1933,1.0,1934,0,False,0.0,967.0,0.0,1,1,0,[0. 1.],[2 1],,1,0.6,0.7,0.30000000000000004,[1. 1.]
1934,0.0,1935,1,False,0.0,968.0,2.0,1,0,1,[0. 1.],[2 1],,1,0.6,0.7,0.30000000000000004,[1. 1.]
1935,2.0,1936,0,False,1.0,968.0,0.0,1,1,0,[0. 0.],[2 1],0.0,1,0.6,0.7,0.30000000000000004,[1. 1.]
1936,0.0,1937,1,False,0.0,969.0,1.0,1,0,1,[0. 0.],[2 1],0.0,1,0.6,0.7,0.30000000000000004,[1. 1.]
1937,1.0,1938,0,False,0.0,969.0,0.0,1,1,0,[1. 0.],[2 1],,1,0.6,0.7,0.30000000000000004,[1. 1.]
1938,0.0,1939,1,False,0.0,970.0,2.0,1,0,1,[1. 0.],[2 1],,1,0.6,0.7,0.30000000000000004,[1. 1.]
1939,2.0,1940,0,False,0.0,970.0,0.0,1,1,0,[0. 1.],[2 1],0.0,1,0.6,0.7,0.30000000000000004,[1. 1.]
1940,0.0,1941,1,False,0.0,971.0,1.0,1,0,1,[0. 1.],[2 1],0.0,1,0.6,0.7,0.30000000000000004,[1. 1.]
1941,1.0,1942,0,False,1.0,971.0,0.0,1,1,0,[1. 1.],[2 1],0.0,1,0.6,0.7,0.30000000000000004,[1. 1.]
1942,0.0,1943,1,False,0.0,972.0,1.0,1,0,1,[1. 1.],[2 1],0.0,1,0.6,0.7,0.30000000000000004,[1. 1.]
1943,1.0,1944,0,False,1.0,972.0,0.0,1,1,0,[0. 0.],[2 1],1.0,1,0.6,0.7,0.30000000000000004,[1. 1.]
1944,0.0,1945,1,False,0.0,973.0,2.0,1,0,1,[0. 0.],[2 1],1.0,1,0.6,0.7,0.30000000000000004,[1. 1.]
1945,2.0,1946,0,False,0.0,973.0,0.0,1,1,0,[0. 1.],[2 1],,1,0.6,0.7,0.30000000000000004,[1. 1.]
1946,0.0,1947,1,False,0.0,974.0,2.0,1,0,1,[0. 1.],[2 1],,1,0.6,0.7,0.30000000000000004,[1. 1.]
1947,2.0,1948,0,False,1.0,974.0,0.0,1,1,0,[0. 1.],[2 1],0.0,1,0.6,0.7,0.30000000000000004,[1. 1.]
1948,0.0,1949,1,False,0.0,975.0,1.0,1,0,1,[0. 1.],[2 1],0.0,1,0.6,0.7,0.30000000000000004,[1. 1.]
1949,1.0,1950,0,False,1.0,975.0,0.0,1,1,0,[1. 0.],[2 1],,1,0.6,0.7,0.30000000000000004,[1. 1.]
1950,0.0,1951,1,False,0.0,976.0,2.0,1,0,1,[1. 0.],[2 1],,1,0.6,0.7,0.30000000000000004,[1. 1.]
1951,2.0,1952,0,False,0.0,976.0,0.0,1,1,0,[0. 0.],[2 1],,1,0.6,0.7,0.30000000000000004,[1. 1.]
1952,0.0,1953,1,False,0.0,977.0,2.0,1,0,1,[0. 0.],[2 1],,1,0.6,0.7,0.30000000000000004,[1. 1.]
1953,2.0,1954,0,False,0.0,977.0,0.0,1,1,0,[0. 1.],[2 1],,1,0.6,0.7,0.30000000000000004,[1. 1.]
1954,0.0,1955,1,False,0.0,978.0,2.0,1,0,1,[0. 1.],[2 1],,1,0.6,0.7,0.30000000000000004,[1. 1.]
1955,2.0,1956,0,False,1.0,978.0,0.0,1,1,0,[0. 1.],[2 1],,1,0.6,0.7,0.30000000000000004,[1. 1.]
1956,0.0,1957,1,False,0.0,979.0,2.0,1,0,1,[0. 1.],[2 1],,1,0.6,0.7,0.30000000000000004,[1. 1.]
1957,2.0,1958,0,False,1.0,979.0,0.0,1,1,0,[0. 0.],[2 1],0.0,1,0.6,0.7,0.30000000000000004,[1. 1.]
1958,0.0,1959,1,False,0.0,980.0,1.0,1,0,1,[0. 0.],[2 1],0.0,1,0.6,0.7,0.30000000000000004,[1. 1.]
1959,1.0,1960,0,False,0.0,980.0,0.0,1,1,0,[1. 1.],[2 1],1.0,0,0.6,0.7,0.30000000000000004,[1. 1.]
1960,0.0,1961,1,False,0.0,981.0,2.0,1,0,1,[1. 1.],[2 1],1.0,0,0.6,0.7,0.30000000000000004,[1. 1.]
1961,2.0,1962,0,False,1.0,981.0,0.0,1,1,0,[1. 1.],[2 1],1.0,0,0.6,0.7,0.30000000000000004,[1. 1.]
1962,0.0,1963,1,False,0.0,982.0,2.0,1,0,1,[1. 1.],[2 1],1.0,0,0.6,0.7,0.30000000000000004,[1. 1.]
1963,2.0,1964,0,False,1.0,982.0,0.0,1,1,0,[0. 0.],[2 1],1.0,0,0.6,0.7,0.30000000000000004,[1. 1.]
1964,0.0,1965,1,False,0.0,983.0,2.0,1,0,1,[0. 0.],[2 1],1.0,0,0.6,0.7,0.30000000000000004,[1. 1.]
1965,2.0,1966,0,False,0.0,983.0,0.0,1,1,0,[0. 0.],[2 1],,0,0.6,0.7,0.30000000000000004,[1. 1.]
1966,0.0,1967,1,False,0.0,984.0,2.0,1,0,1,[0. 0.],[2 1],,0,0.6,0.7,0.30000000000000004,[1. 1.]
1967,2.0,1968,0,False,0.0,984.0,0.0,1,1,0,[1. 0.],[2 1],,0,0.6,0.7,0.30000000000000004,[1. 1.]
1968,0.0,1969,1,False,0.0,985.0,2.0,1,0,1,[1. 0.],[2 1],,0,0.6,0.7,0.30000000000000004,[1. 1.]
1969,2.0,1970,0,False,0.0,985.0,0.0,1,1,0,[1. 0.],[2 1],0.0,0,0.6,0.7,0.30000000000000004,[1. 1.]
1970,0.0,1971,1,False,0.0,986.0,1.0,1,0,1,[1. 0.],[2 1],0.0,0,0.6,0.7,0.30000000000000004,[1. 1.]
1971,1.0,1972,0,False,0.0,986.0,0.0,1,1,0,[1. 0.],[2 1],1.0,0,0.6,0.7,0.30000000000000004,[1. 1.]
1972,0.0,1973,1,False,0.0,987.0,2.0,1,0,2,[1. 0.],[2 1],1.0,0,0.6,0.7,0.30000000000000004,[1. 1.]
1973,2.0,1974,0,False,1.0,987.0,0.0,1,1,0,[1. 1.],[2 1],0.0,0,0.6,0.7,0.30000000000000004,[1. 1.]
1974,0.0,1975,1,False,0.0,988.0,1.0,1,0,2,[1. 1.],[2 1],0.0,0,0.6,0.7,0.30000000000000004,[1. 1.]
1975,1.0,1976,0,False,1.0,988.0,0.0,1,1,0,[1. 0.],[2 1],1.0,0,0.6,0.7,0.30000000000000004,[1. 1.]
1976,0.0,1977,1,False,0.0,989.0,2.0,1,0,2,[1. 0.],[2 1],1.0,0,0.6,0.7,0.30000000000000004,[1. 1.]
1977,2.0,1978,0,False,1.0,989.0,0.0,1,1,0,[1. 1.],[2 1],,0,0.6,0.7,0.30000000000000004,[1. 1.]
1978,0.0,1979,1,False,0.0,990.0,1.0,1,0,2,[1. 1.],[2 1],,0,0.6,0.7,0.30000000000000004,[1. 1.]
1979,1.0,1980,0,False,1.0,990.0,0.0,1,1,0,[1. 1.],[2 1],,0,0.6,0.7,0.30000000000000004,[1. 1.]
1980,0.0,1981,1,False,0.0,991.0,1.0,1,0,2,[1. 1.],[2 1],,0,0.6,0.7,0.30000000000000004,[1. 1.]
1981,1.0,1982,0,False,1.0,991.0,0.0,1,1,0,[0. 0.],[2 1],,0,0.6,0.7,0.30000000000000004,[1. 1.]
1982,0.0,1983,1,False,0.0,992.0,1.0,1,0,2,[0. 0.],[2 1],,0,0.6,0.7,0.30000000000000004,[1. 1.]
1983,1.0,1984,0,False,0.0,992.0,0.0,1,1,0,[1. 1.],[2 1],,0,0.6,0.7,0.30000000000000004,[1. 1.]
1984,0.0,1985,1,False,0.0,993.0,1.0,1,0,2,[1. 1.],[2 1],,0,0.6,0.7,0.30000000000000004,[1. 1.]
1985,1.0,1986,0,False,1.0,993.0,0.0,1,1,0,[1. 0.],[2 1],1.0,0,0.6,0.7,0.30000000000000004,[1. 1.]
1986,0.0,1987,1,False,0.0,994.0,2.0,1,0,2,[1. 0.],[2 1],1.0,0,0.6,0.7,0.30000000000000004,[1. 1.]
1987,2.0,1988,0,False,1.0,994.0,0.0,1,1,0,[1. 0.],[1 2],0.0,0,0.6,0.7,0.30000000000000004,[1. 1.]
1988,0.0,1989,1,False,0.0,995.0,1.0,1,0,2,[1. 0.],[1 2],0.0,0,0.6,0.7,0.30000000000000004,[1. 1.]
1989,1.0,1990,0,False,0.0,995.0,0.0,1,1,0,[0. 0.],[1 2],0.0,0,0.6,0.7,0.30000000000000004,[1. 1.]
1990,0.0,1991,1,False,0.0,996.0,1.0,1,0,2,[0. 0.],[1 2],0.0,0,0.6,0.7,0.30000000000000004,[1. 1.]
1991,1.0,1992,0,False,0.0,996.0,0.0,1,1,0,[1. 0.],[1 2],,0,0.6,0.7,0.30000000000000004,[1. 1.]
1992,0.0,1993,1,False,0.0,997.0,1.0,1,0,1,[1. 0.],[1 2],,0,0.6,0.7,0.30000000000000004,[1. 1.]
1993,1.0,1994,0,False,1.0,997.0,0.0,1,1,0,[0. 0.],[1 2],,0,0.6,0.7,0.30000000000000004,[1. 1.]
1994,0.0,1995,1,False,0.0,998.0,1.0,1,0,1,[0. 0.],[1 2],,0,0.6,0.7,0.30000000000000004,[1. 1.]
1995,1.0,1996,0,False,0.0,998.0,0.0,1,1,0,[1. 1.],[1 2],1.0,0,0.6,0.7,0.30000000000000004,[1. 1.]
1996,0.0,1997,1,False,0.0,999.0,2.0,1,0,2,[1. 1.],[1 2],1.0,0,0.6,0.7,0.30000000000000004,[1. 1.]
1997,2.0,1998,0,False,1.0,999.0,0.0,1,1,0,[1. 0.],[1 2],,0,0.6,0.7,0.30000000000000004,[1. 1.]
1998,0.0,1999,1,False,0.0,1000.0,2.0,1,0,2,[1. 0.],[1 2],,0,0.6,0.7,0.30000000000000004,[1. 1.]
1999,2.0,2000,0,True,0.0,1000.0,0.0,1,1,0,[1. 1.],[1 2],,0,0.6,0.7,0.30000000000000004,[1. 1.]
0,0.0,1,1,False,0.0,1.0,2.0,1,0,1,[1. 1.],[2 1],,1,0.6,0.7,0.30000000000000004,[1. 1.]
1,2.0,2,0,False,1.0,1.0,0.0,1,1,0,[0. 0.],[2 1],1.0,1,0.6,0.7,0.30000000000000004,[1. 1.]
2,0.0,3,1,False,0.0,2.0,2.0,1,0,1,[0. 0.],[2 1],1.0,1,0.6,0.7,0.30000000000000004,[1. 1.]
3,2.0,4,0,False,0.0,2.0,0.0,1,1,0,[1. 1.],[2 1],1.0,1,0.6,0.7,0.30000000000000004,[1. 1.]
4,0.0,5,1,False,0.0,3.0,2.0,1,0,1,[1. 1.],[2 1],1.0,1,0.6,0.7,0.30000000000000004,[1. 1.]
5,2.0,6,0,False,1.0,3.0,0.0,1,1,0,[0. 1.],[2 1],0.0,1,0.6,0.7,0.30000000000000004,[1. 1.]
6,0.0,7,1,False,0.0,4.0,1.0,1,0,1,[0. 1.],[2 1],0.0,1,0.6,0.7,0.30000000000000004,[1. 1.]
7,1.0,8,0,False,1.0,4.0,0.0,1,1,0,[0. 1.],[2 1],0.0,1,0.6,0.7,0.30000000000000004,[1. 1.]
8,0.0,9,1,False,0.0,5.0,1.0,1,0,1,[0. 1.],[2 1],0.0,1,0.6,0.7,0.30000000000000004,[1. 1.]
9,1.0,10,0,False,1.0,5.0,0.0,1,1,0,[0. 1.],[2 1],1.0,1,0.6,0.7,0.30000000000000004,[1. 1.]
10,0.0,11,1,False,0.0,6.0,2.0,1,0,1,[0. 1.],[2 1],1.0,1,0.6,0.7,0.30000000000000004,[1. 1.]
11,2.0,12,0,False,1.0,6.0,0.0,1,1,0,[1. 1.],[2 1],1.0,1,0.6,0.7,0.30000000000000004,[1. 1.]
12,0.0,13,1,False,0.0,7.0,2.0,1,0,1,[1. 1.],[2 1],1.0,1,0.6,0.7,0.30000000000000004,[1. 1.]
13,2.0,14,0,False,1.0,7.0,0.0,1,1,0,[1. 1.],[2 1],,0,0.6,0.7,0.30000000000000004,[1. 1.]
14,0.0,15,1,False,0.0,8.0,2.0,1,0,1,[1. 1.],[2 1],,0,0.6,0.7,0.30000000000000004,[1. 1.]
15,2.0,16,0,False,1.0,8.0,0.0,1,1,0,[1. 1.],[2 1],0.0,0,0.6,0.7,0.30000000000000004,[1. 1.]
16,0.0,17,1,False,0.0,9.0,1.0,1,0,1,[1. 1.],[2 1],0.0,0,0.6,0.7,0.30000000000000004,[1. 1.]
17,1.0,18,0,False,1.0,9.0,0.0,1,1,0,[0. 0.],[2 1],1.0,0,0.6,0.7,0.30000000000000004,[1. 1.]
18,0.0,19,1,False,0.0,10.0,2.0,1,0,1,[0. 0.],[2 1],1.0,0,0.6,0.7,0.30000000000000004,[1. 1.]
19,2.0,20,0,False,0.0,10.0,0.0,1,1,0,[1. 1.],[2 1],,1,0.6,0.7,0.30000000000000004,[1. 1.]
20,0.0,21,1,False,0.0,11.0,2.0,1,0,1,[1. 1.],[2 1],,1,0.6,0.7,0.30000000000000004,[1. 1.]
21,2.0,22,0,False,1.0,11.0,0.0,1,1,0,[1. 1.],[2 1],,1,0.6,0.7,0.30000000000000004,[1. 1.]
22,0.0,23,1,False,0.0,12.0,2.0,1,0,1,[1. 1.],[2 1],,1,0.6,0.7,0.30000000000000004,[1. 1.]
23,2.0,24,0,False,1.0,12.0,0.0,1,1,0,[0. 1.],[2 1],1.0,1,0.6,0.7,0.30000000000000004,[1. 1.]
24,0.0,25,1,False,0.0,13.0,2.0,1,0,1,[0. 1.],[2 1],1.0,1,0.6,0.7,0.30000000000000004,[1. 1.]
25,2.0,26,0,False,1.0,13.0,0.0,1,1,0,[0. 1.],[2 1],,1,0.6,0.7,0.30000000000000004,[1. 1.]
26,0.0,27,1,False,0.0,14.0,2.0,1,0,1,[0. 1.],[2 1],,1,0.6,0.7,0.30000000000000004,[1. 1.]
27,2.0,28,0,False,1.0,14.0,0.0,1,1,0,[1. 1.],[2 1],0.0,1,0.6,0.7,0.30000000000000004,[1. 1.]
28,0.0,29,1,False,0.0,15.0,1.0,1,0,1,[1. 1.],[2 1],0.0,1,0.6,0.7,0.30000000000000004,[1. 1.]
29,1.0,30,0,False,1.0,15.0,0.0,1,1,0,[0. 0.],[2 1],,1,0.6,0.7,0.30000000000000004,[1. 1.]
30,0.0,31,1,False,0.0,16.0,2.0,1,0,1,[0. 0.],[2 1],,1,0.6,0.7,0.30000000000000004,[1. 1.]
31,2.0,32,0,False,0.0,16.0,0.0,1,1,0,[0. 1.],[2 1],1.0,1,0.6,0.7,0.30000000000000004,[1. 1.]
32,0.0,33,1,False,0.0,17.0,2.0,1,0,1,[0. 1.],[2 1],1.0,1,0.6,0.7,0.30000000000000004,[1. 1.]
33,2.0,34,0,False,1.0,17.0,0.0,1,1,0,[0. 1.],[2 1],,1,0.6,0.7,0.30000000000000004,[1. 1.]
34,0.0,35,1,False,0.0,18.0,2.0,1,0,1,[0. 1.],[2 1],,1,0.6,0.7,0.30000000000000004,[1. 1.]
35,2.0,36,0,False,1.0,18.0,0.0,1,1,0,[1. 1.],[2 1],,1,0.6,0.7,0.30000000000000004,[1. 1.]
36,0.0,37,1,False,0.0,19.0,2.0,1,0,1,[1. 1.],[2 1],,1,0.6,0.7,0.30000000000000004,[1. 1.]
37,2.0,38,0,False,1.0,19.0,0.0,1,1,0,[0. 1.],[2 1],0.0,1,0.6,0.7,0.30000000000000004,[1. 1.]
38,0.0,39,1,False,0.0,20.0,1.0,1,0,1,[0. 1.],[2 1],0.0,1,0.6,0.7,0.30000000000000004,[1. 1.]
39,1.0,40,0,False,1.0,20.0,0.0,1,1,0,[0. 1.],[2 1],1.0,1,0.6,0.7,0.30000000000000004,[1. 1.]
40,0.0,41,1,False,0.0,21.0,2.0,1,0,1,[0. 1.],[2 1],1.0,1,0.6,0.7,0.30000000000000004,[1. 1.]
41,2.0,42,0,False,1.0,21.0,0.0,1,1,0,[0. 1.],[2 1],0.0,1,0.6,0.7,0.30000000000000004,[1. 1.]
42,0.0,43,1,False,0.0,22.0,1.0,1,0,1,[0. 1.],[2 1],0.0,1,0.6,0.7,0.30000000000000004,[1. 1.]
43,1.0,44,0,False,1.0,22.0,0.0,1,1,0,[0. 1.],[2 1],,1,0.6,0.7,0.30000000000000004,[1. 1.]
44,0.0,45,1,False,0.0,23.0,2.0,1,0,1,[0. 1.],[2 1],,1,0.6,0.7,0.30000000000000004,[1. 1.]
45,2.0,46,0,False,1.0,23.0,0.0,1,1,0,[0. 0.],[1 2],,1,0.6,0.7,0.30000000000000004,[1. 1.]
46,0.0,47,1,False,0.0,24.0,1.0,1,0,1,[0. 0.],[1 2],,1,0.6,0.7,0.30000000000000004,[1. 1.]
47,1.0,48,0,False,0.0,24.0,0.0,1,1,0,[0. 1.],[1 2],,1,0.6,0.7,0.30000000000000004,[1. 1.]
48,0.0,49,1,False,0.0,25.0,1.0,1,0,1,[0. 1.],[1 2],,1,0.6,0.7,0.30000000000000004,[1. 1.]
49,1.0,50,0,False,0.0,25.0,0.0,1,1,0,[1. 0.],[1 2],0.0,1,0.6,0.7,0.30000000000000004,[1. 1.]
50,0.0,51,1,False,0.0,26.0,1.0,1,0,2,[1. 0.],[1 2],0.0,1,0.6,0.7,0.30000000000000004,[1. 1.]
51,1.0,52,0,False,0.0,26.0,0.0,1,1,0,[1. 0.],[1 2],1.0,0,0.6,0.7,0.30000000000000004,[1. 1.]
52,0.0,53,1,False,0.0,27.0,2.0,1,0,1,[1. 0.],[1 2],1.0,0,0.6,0.7,0.30000000000000004,[1. 1.]
53,2.0,54,0,False,1.0,27.0,0.0,1,1,0,[1. 0.],[2 1],,0,0.6,0.7,0.30000000000000004,[1. 1.]
54,0.0,55,1,False,0.0,28.0,2.0,1,0,1,[1. 0.],[2 1],,0,0.6,0.7,0.30000000000000004,[1. 1.]
55,2.0,56,0,False,0.0,28.0,0.0,1,1,0,[1. 0.],[2 1],0.0,0,0.6,0.7,0.30000000000000004,[1. 1.]
56,0.0,57,1,False,0.0,29.0,1.0,1,0,1,[1. 0.],[2 1],0.0,0,0.6,0.7,0.30000000000000004,[1. 1.]
57,1.0,58,0,False,0.0,29.0,0.0,1,1,0,[1. 1.],[2 1],0.0,0,0.6,0.7,0.30000000000000004,[1. 1.]
58,0.0,59,1,False,0.0,30.0,1.0,1,0,2,[1. 1.],[2 1],0.0,0,0.6,0.7,0.30000000000000004,[1. 1.]
59,1.0,60,0,False,1.0,30.0,0.0,1,1,0,[1. 1.],[2 1],1.0,0,0.6,0.7,0.30000000000000004,[1. 1.]
60,0.0,61,1,False,0.0,31.0,2.0,1,0,2,[1. 1.],[2 1],1.0,0,0.6,0.7,0.30000000000000004,[1. 1.]
61,2.0,62,0,False,1.0,31.0,0.0,1,1,0,[0. 0.],[2 1],0.0,0,0.6,0.7,0.30000000000000004,[1. 1.]
62,0.0,63,1,False,0.0,32.0,1.0,1,0,2,[0. 0.],[2 1],0.0,0,0.6,0.7,0.30000000000000004,[1. 1.]
63,1.0,64,0,False,0.0,32.0,0.0,1,1,0,[1. 0.],[2 1],,0,0.6,0.7,0.30000000000000004,[1. 1.]
64,0.0,65,1,False,0.0,33.0,1.0,1,0,2,[1. 0.],[2 1],,0,0.6,0.7,0.30000000000000004,[1. 1.]
65,1.0,66,0,False,1.0,33.0,0.0,1,1,0,[1. 0.],[2 1],,0,0.6,0.7,0.30000000000000004,[1. 1.]
66,0.0,67,1,False,0.0,34.0,1.0,1,0,2,[1. 0.],[2 1],,0,0.6,0.7,0.30000000000000004,[1. 1.]
67,1.0,68,0,False,1.0,34.0,0.0,1,1,0,[1. 0.],[2 1],1.0,0,0.6,0.7,0.30000000000000004,[1. 1.]
68,0.0,69,1,False,0.0,35.0,2.0,1,0,2,[1. 0.],[2 1],1.0,0,0.6,0.7,0.30000000000000004,[1. 1.]
69,2.0,70,0,False,1.0,35.0,0.0,1,1,0,[1. 0.],[2 1],1.0,0,0.6,0.7,0.30000000000000004,[1. 1.]
70,0.0,71,1,False,0.0,36.0,2.0,1,0,2,[1. 0.],[2 1],1.0,0,0.6,0.7,0.30000000000000004,[1. 1.]
71,2.0,72,0,False,1.0,36.0,0.0,1,1,0,[0. 0.],[2 1],,0,0.6,0.7,0.30000000000000004,[1. 1.]
72,0.0,73,1,False,0.0,37.0,1.0,1,0,2,[0. 0.],[2 1],,0,0.6,0.7,0.30000000000000004,[1. 1.]
73,1.0,74,0,False,0.0,37.0,0.0,1,1,0,[1. 0.],[2 1],,0,0.6,0.7,0.30000000000000004,[1. 1.]
74,0.0,75,1,False,0.0,38.0,1.0,1,0,2,[1. 0.],[2 1],,0,0.6,0.7,0.30000000000000004,[1. 1.]
75,1.0,76,0,False,1.0,38.0,0.0,1,1,0,[1. 0.],[2 1],,0,0.6,0.7,0.30000000000000004,[1. 1.]
76,0.0,77,1,False,0.0,39.0,1.0,1,0,2,[1. 0.],[2 1],,0,0.6,0.7,0.30000000000000004,[1. 1.]
77,1.0,78,0,False,1.0,39.0,0.0,1,1,0,[1. 0.],[2 1],,0,0.6,0.7,0.30000000000000004,[1. 1.]
78,0.0,79,1,False,0.0,40.0,1.0,1,0,2,[1. 0.],[2 1],,0,0.6,0.7,0.30000000000000004,[1. 1.]
79,1.0,80,0,False,1.0,40.0,0.0,1,1,0,[1. 1.],[2 1],1.0,0,0.6,0.7,0.30000000000000004,[1. 1.]
80,0.0,81,1,False,0.0,41.0,2.0,1,0,2,[1. 1.],[2 1],1.0,0,0.6,0.7,0.30000000000000004,[1. 1.]
81,2.0,82,0,False,1.0,41.0,0.0,1,1,0,[0. 1.],[2 1],,0,0.6,0.7,0.30000000000000004,[1. 1.]
82,0.0,83,1,False,0.0,42.0,1.0,1,0,2,[0. 1.],[2 1],,0,0.6,0.7,0.30000000000000004,[1. 1.]
83,1.0,84,0,False,0.0,42.0,0.0,1,1,0,[1. 0.],[2 1],,0,0.6,0.7,0.30000000000000004,[1. 1.]
84,0.0,85,1,False,0.0,43.0,1.0,1,0,2,[1. 0.],[2 1],,0,0.6,0.7,0.30000000000000004,[1. 1.]
85,1.0,86,0,False,1.0,43.0,0.0,1,1,0,[1. 1.],[2 1],,0,0.6,0.7,0.30000000000000004,[1. 1.]
86,0.0,87,1,False,0.0,44.0,1.0,1,0,2,[1. 1.],[2 1],,0,0.6,0.7,0.30000000000000004,[1. 1.]
87,1.0,88,0,False,1.0,44.0,0.0,1,1,0,[1. 0.],[2 1],1.0,0,0.6,0.7,0.30000000000000004,[1. 1.]
88,0.0,89,1,False,0.0,45.0,2.0,1,0,2,[1. 0.],[2 1],1.0,0,0.6,0.7,0.30000000000000004,[1. 1.]
89,2.0,90,0,False,1.0,45.0,0.0,1,1,0,[1. 1.],[2 1],0.0,0,0.6,0.7,0.30000000000000004,[1. 1.]
90,0.0,91,1,False,0.0,46.0,1.0,1,0,2,[1. 1.],[2 1],0.0,0,0.6,0.7,0.30000000000000004,[1. 1.]
91,1.0,92,0,False,1.0,46.0,0.0,1,1,0,[0. 0.],[2 1],,0,0.6,0.7,0.30000000000000004,[1. 1.]
92,0.0,93,1,False,0.0,47.0,1.0,1,0,2,[0. 0.],[2 1],,0,0.6,0.7,0.30000000000000004,[1. 1.]
93,1.0,94,0,False,0.0,47.0,0.0,1,1,0,[0. 0.],[2 1],0.0,0,0.6,0.7,0.30000000000000004,[1. 1.]
94,0.0,95,1,False,0.0,48.0,1.0,1,0,2,[0. 0.],[2 1],0.0,0,0.6,0.7,0.30000000000000004,[1. 1.]
95,1.0,96,0,False,0.0,48.0,0.0,1,1,0,[1. 0.],[2 1],1.0,0,0.6,0.7,0.30000000000000004,[1. 1.]
96,0.0,97,1,False,0.0,49.0,2.0,1,0,1,[1. 0.],[2 1],1.0,0,0.6,0.7,0.30000000000000004,[1. 1.]
97,2.0,98,0,False,0.0,49.0,0.0,1,1,0,[1. 0.],[2 1],0.0,0,0.6,0.7,0.30000000000000004,[1. 1.]
98,0.0,99,1,False,0.0,50.0,1.0,1,0,1,[1. 0.],[2 1],0.0,0,0.6,0.7,0.30000000000000004,[1. 1.]
99,1.0,100,0,False,0.0,50.0,0.0,1,1,0,[1. 1.],[2 1],1.0,0,0.6,0.7,0.30000000000000004,[1. 1.]
100,0.0,101,1,False,0.0,51.0,2.0,1,0,2,[1. 1.],[2 1],1.0,0,0.6,0.7,0.30000000000000004,[1. 1.]
101,2.0,102,0,False,1.0,51.0,0.0,1,1,0,[1. 0.],[2 1],,0,0.6,0.7,0.30000000000000004,[1. 1.]
102,0.0,103,1,False,0.0,52.0,1.0,1,0,2,[1. 0.],[2 1],,0,0.6,0.7,0.30000000000000004,[1. 1.]
103,1.0,104,0,False,1.0,52.0,0.0,1,1,0,[1. 1.],[2 1],1.0,0,0.6,0.7,0.30000000000000004,[1. 1.]
104,0.0,105,1,False,0.0,53.0,2.0,1,0,2,[1. 1.],[2 1],1.0,0,0.6,0.7,0.30000000000000004,[1. 1.]
105,2.0,106,0,False,1.0,53.0,0.0,1,1,0,[1. 0.],[2 1],,0,0.6,0.7,0.30000000000000004,[1. 1.]
106,0.0,107,1,False,0.0,54.0,1.0,1,0,2,[1. 0.],[2 1],,0,0.6,0.7,0.30000000000000004,[1. 1.]
107,1.0,108,0,False,1.0,54.0,0.0,1,1,0,[1. 0.],[2 1],1.0,0,0.6,0.7,0.30000000000000004,[1. 1.]
108,0.0,109,1,False,0.0,55.0,2.0,1,0,2,[1. 0.],[2 1],1.0,0,0.6,0.7,0.30000000000000004,[1. 1.]
109,2.0,110,0,False,1.0,55.0,0.0,1,1,0,[0. 1.],[2 1],1.0,0,0.6,0.7,0.30000000000000004,[1. 1.]
110,0.0,111,1,False,0.0,56.0,2.0,1,0,2,[0. 1.],[2 1],1.0,0,0.6,0.7,0.30000000000000004,[1. 1.]
111,2.0,112,0,False,0.0,56.0,0.0,1,1,0,[1. 0.],[2 1],0.0,0,0.6,0.7,0.30000000000000004,[1. 1.]
112,0.0,113,1,False,0.0,57.0,1.0,1,0,2,[1. 0.],[2 1],0.0,0,0.6,0.7,0.30000000000000004,[1. 1.]
113,1.0,114,0,False,1.0,57.0,0.0,1,1,0,[1. 0.],[2 1],,0,0.6,0.7,0.30000000000000004,[1. 1.]
114,0.0,115,1,False,0.0,58.0,1.0,1,0,2,[1. 0.],[2 1],,0,0.6,0.7,0.30000000000000004,[1. 1.]
115,1.0,116,0,False,1.0,58.0,0.0,1,1,0,[1. 1.],[2 1],1.0,0,0.6,0.7,0.30000000000000004,[1. 1.]
116,0.0,117,1,False,0.0,59.0,2.0,1,0,2,[1. 1.],[2 1],1.0,0,0.6,0.7,0.30000000000000004,[1. 1.]
117,2.0,118,0,False,1.0,59.0,0.0,1,1,0,[1. 0.],[2 1],0.0,0,0.6,0.7,0.30000000000000004,[1. 1.]
118,0.0,119,1,False,0.0,60.0,1.0,1,0,2,[1. 0.],[2 1],0.0,0,0.6,0.7,0.30000000000000004,[1. 1.]
119,1.0,120,0,False,1.0,60.0,0.0,1,1,0,[0. 0.],[2 1],0.0,0,0.6,0.7,0.30000000000000004,[1. 1.]
120,0.0,121,1,False,0.0,61.0,1.0,1,0,2,[0. 0.],[2 1],0.0,0,0.6,0.7,0.30000000000000004,[1. 1.]
121,1.0,122,0,False,0.0,61.0,0.0,1,1,0,[1. 0.],[2 1],0.0,0,0.6,0.7,0.30000000000000004,[1. 1.]
122,0.0,123,1,False,0.0,62.0,1.0,1,0,2,[1. 0.],[2 1],0.0,0,0.6,0.7,0.30000000000000004,[1. 1.]
123,1.0,124,0,False,1.0,62.0,0.0,1,1,0,[1. 1.],[2 1],,0,0.6,0.7,0.30000000000000004,[1. 1.]
124,0.0,125,1,False,0.0,63.0,1.0,1,0,2,[1. 1.],[2 1],,0,0.6,0.7,0.30000000000000004,[1. 1.]
125,1.0,126,0,False,1.0,63.0,0.0,1,1,0,[1. 0.],[2 1],1.0,0,0.6,0.7,0.30000000000000004,[1. 1.]
126,0.0,127,1,False,0.0,64.0,2.0,1,0,2,[1. 0.],[2 1],1.0,0,0.6,0.7,0.30000000000000004,[1. 1.]
127,2.0,128,0,False,1.0,64.0,0.0,1,1,0,[1. 1.],[2 1],1.0,0,0.6,0.7,0.30000000000000004,[1. 1.]
128,0.0,129,1,False,0.0,65.0,2.0,1,0,2,[1. 1.],[2 1],1.0,0,0.6,0.7,0.30000000000000004,[1. 1.]
129,2.0,130,0,False,1.0,65.0,0.0,1,1,0,[1. 0.],[2 1],,0,0.6,0.7,0.30000000000000004,[1. 1.]
130,0.0,131,1,False,0.0,66.0,1.0,1,0,2,[1. 0.],[2 1],,0,0.6,0.7,0.30000000000000004,[1. 1.]
131,1.0,132,0,False,1.0,66.0,0.0,1,1,0,[1. 0.],[2 1],1.0,0,0.6,0.7,0.30000000000000004,[1. 1.]
132,0.0,133,1,False,0.0,67.0,2.0,1,0,2,[1. 0.],[2 1],1.0,0,0.6,0.7,0.30000000000000004,[1. 1.]
133,2.0,134,0,False,1.0,67.0,0.0,1,1,0,[1. 1.],[2 1],0.0,0,0.6,0.7,0.30000000000000004,[1. 1.]
134,0.0,135,1,False,0.0,68.0,1.0,1,0,2,[1. 1.],[2 1],0.0,0,0.6,0.7,0.30000000000000004,[1. 1.]
135,1.0,136,0,False,1.0,68.0,0.0,1,1,0,[1. 0.],[2 1],,0,0.6,0.7,0.30000000000000004,[1. 1.]
136,0.0,137,1,False,0.0,69.0,1.0,1,0,2,[1. 0.],[2 1],,0,0.6,0.7,0.30000000000000004,[1. 1.]
137,1.0,138,0,False,1.0,69.0,0.0,1,1,0,[0. 0.],[2 1],0.0,0,0.6,0.7,0.30000000000000004,[1. 1.]
138,0.0,139,1,False,0.0,70.0,1.0,1,0,2,[0. 0.],[2 1],0.0,0,0.6,0.7,0.30000000000000004,[1. 1.]
139,1.0,140,0,False,0.0,70.0,0.0,1,1,0,[1. 0.],[1 2],1.0,0,0.6,0.7,0.30000000000000004,[1. 1.]
140,0.0,141,1,False,0.0,71.0,2.0,1,0,2,[1. 0.],[1 2],1.0,0,0.6,0.7,0.30000000000000004,[1. 1.]
141,2.0,142,0,False,0.0,71.0,0.0,1,1,0,[1. 0.],[1 2],0.0,0,0.6,0.7,0.30000000000000004,[1. 1.]
142,0.0,143,1,False,0.0,72.0,1.0,1,0,2,[1. 0.],[1 2],0.0,0,0.6,0.7,0.30000000000000004,[1. 1.]
143,1.0,144,0,False,0.0,72.0,0.0,1,1,0,[0. 0.],[1 2],1.0,0,0.6,0.7,0.30000000000000004,[1. 1.]
144,0.0,145,1,False,0.0,73.0,2.0,1,0,1,[0. 0.],[1 2],1.0,0,0.6,0.7,0.30000000000000004,[1. 1.]
145,2.0,146,0,False,0.0,73.0,0.0,1,1,0,[0. 0.],[1 2],0.0,0,0.6,0.7,0.30000000000000004,[1. 1.]
146,0.0,147,1,False,0.0,74.0,1.0,1,0,1,[0. 0.],[1 2],0.0,0,0.6,0.7,0.30000000000000004,[1. 1.]
147,1.0,148,0,False,0.0,74.0,0.0,1,1,0,[1. 0.],[1 2],,0,0.6,0.7,0.30000000000000004,[1. 1.]
148,0.0,149,1,False,0.0,75.0,1.0,1,0,1,[1. 0.],[1 2],,0,0.6,0.7,0.30000000000000004,[1. 1.]
149,1.0,150,0,False,1.0,75.0,0.0,1,1,0,[1. 0.],[1 2],1.0,0,0.6,0.7,0.30000000000000004,[1. 1.]
150,0.0,151,1,False,0.0,76.0,2.0,1,0,1,[1. 0.],[1 2],1.0,0,0.6,0.7,0.30000000000000004,[1. 1.]
151,2.0,152,0,False,1.0,76.0,0.0,1,1,0,[1. 0.],[1 2],0.0,0,0.6,0.7,0.30000000000000004,[1. 1.]
152,0.0,153,1,False,0.0,77.0,1.0,1,0,1,[1. 0.],[1 2],0.0,0,0.6,0.7,0.30000000000000004,[1. 1.]
153,1.0,154,0,False,1.0,77.0,0.0,1,1,0,[1. 0.],[1 2],,0,0.6,0.7,0.30000000000000004,[1. 1.]
154,0.0,155,1,False,0.0,78.0,1.0,1,0,1,[1. 0.],[1 2],,0,0.6,0.7,0.30000000000000004,[1. 1.]
155,1.0,156,0,False,1.0,78.0,0.0,1,1,0,[0. 0.],[1 2],0.0,0,0.6,0.7,0.30000000000000004,[1. 1.]
156,0.0,157,1,False,0.0,79.0,1.0,1,0,1,[0. 0.],[1 2],0.0,0,0.6,0.7,0.30000000000000004,[1. 1.]
157,1.0,158,0,False,0.0,79.0,0.0,1,1,0,[0. 1.],[1 2],0.0,0,0.6,0.7,0.30000000000000004,[1. 1.]
158,0.0,159,1,False,0.0,80.0,1.0,1,0,1,[0. 1.],[1 2],0.0,0,0.6,0.7,0.30000000000000004,[1. 1.]
159,1.0,160,0,False,0.0,80.0,0.0,1,1,0,[1. 0.],[1 2],0.0,0,0.6,0.7,0.30000000000000004,[1. 1.]
160,0.0,161,1,False,0.0,81.0,1.0,1,0,2,[1. 0.],[1 2],0.0,0,0.6,0.7,0.30000000000000004,[1. 1.]
161,1.0,162,0,False,0.0,81.0,0.0,1,1,0,[1. 0.],[1 2],,0,0.6,0.7,0.30000000000000004,[1. 1.]
162,0.0,163,1,False,0.0,82.0,1.0,1,0,1,[1. 0.],[1 2],,0,0.6,0.7,0.30000000000000004,[1. 1.]
163,1.0,164,0,False,1.0,82.0,0.0,1,1,0,[1. 0.],[1 2],,0,0.6,0.7,0.30000000000000004,[1. 1.]
164,0.0,165,1,False,0.0,83.0,1.0,1,0,1,[1. 0.],[1 2],,0,0.6,0.7,0.30000000000000004,[1. 1.]
165,1.0,166,0,False,1.0,83.0,0.0,1,1,0,[1. 0.],[1 2],1.0,0,0.6,0.7,0.30000000000000004,[1. 1.]
166,0.0,167,1,False,0.0,84.0,2.0,1,0,1,[1. 0.],[1 2],1.0,0,0.6,0.7,0.30000000000000004,[1. 1.]
167,2.0,168,0,False,1.0,84.0,0.0,1,1,0,[1. 0.],[1 2],0.0,0,0.6,0.7,0.30000000000000004,[1. 1.]
168,0.0,169,1,False,0.0,85.0,1.0,1,0,1,[1. 0.],[1 2],0.0,0,0.6,0.7,0.30000000000000004,[1. 1.]
169,1.0,170,0,False,1.0,85.0,0.0,1,1,0,[1. 0.],[1 2],1.0,0,0.6,0.7,0.30000000000000004,[1. 1.]
170,0.0,171,1,False,0.0,86.0,2.0,1,0,1,[1. 0.],[1 2],1.0,0,0.6,0.7,0.30000000000000004,[1. 1.]
171,2.0,172,0,False,1.0,86.0,0.0,1,1,0,[1. 0.],[1 2],,0,0.6,0.7,0.30000000000000004,[1. 1.]
172,0.0,173,1,False,0.0,87.0,1.0,1,0,1,[1. 0.],[1 2],,0,0.6,0.7,0.30000000000000004,[1. 1.]
173,1.0,174,0,False,1.0,87.0,0.0,1,1,0,[0. 0.],[1 2],,0,0.6,0.7,0.30000000000000004,[1. 1.]
174,0.0,175,1,False,0.0,88.0,1.0,1,0,1,[0. 0.],[1 2],,0,0.6,0.7,0.30000000000000004,[1. 1.]
175,1.0,176,0,False,0.0,88.0,0.0,1,1,0,[1. 1.],[1 2],,0,0.6,0.7,0.30000000000000004,[1. 1.]
176,0.0,177,1,False,0.0,89.0,1.0,1,0,1,[1. 1.],[1 2],,0,0.6,0.7,0.30000000000000004,[1. 1.]
177,1.0,178,0,False,1.0,89.0,0.0,1,1,0,[0. 0.],[1 2],1.0,0,0.6,0.7,0.30000000000000004,[1. 1.]
178,0.0,179,1,False,0.0,90.0,2.0,1,0,1,[0. 0.],[1 2],1.0,0,0.6,0.7,0.30000000000000004,[1. 1.]
179,2.0,180,0,False,0.0,90.0,0.0,1,1,0,[1. 0.],[1 2],,0,0.6,0.7,0.30000000000000004,[1. 1.]
180,0.0,181,1,False,0.0,91.0,1.0,1,0,1,[1. 0.],[1 2],,0,0.6,0.7,0.30000000000000004,[1. 1.]
181,1.0,182,0,False,1.0,91.0,0.0,1,1,0,[0. 1.],[1 2],0.0,0,0.6,0.7,0.30000000000000004,[1. 1.]
182,0.0,183,1,False,0.0,92.0,1.0,1,0,1,[0. 1.],[1 2],0.0,0,0.6,0.7,0.30000000000000004,[1. 1.]
183,1.0,184,0,False,0.0,92.0,0.0,1,1,0,[0. 0.],[2 1],,0,0.6,0.7,0.30000000000000004,[1. 1.]
184,0.0,185,1,False,0.0,93.0,2.0,1,0,1,[0. 0.],[2 1],,0,0.6,0.7,0.30000000000000004,[1. 1.]
185,2.0,186,0,False,0.0,93.0,0.0,1,1,0,[0. 1.],[2 1],0.0,0,0.6,0.7,0.30000000000000004,[1. 1.]
186,0.0,187,1,False,0.0,94.0,1.0,1,0,1,[0. 1.],[2 1],0.0,0,0.6,0.7,0.30000000000000004,[1. 1.]
187,1.0,188,0,False,1.0,94.0,0.0,1,1,0,[1. 1.],[2 1],,0,0.6,0.7,0.30000000000000004,[1. 1.]
188,0.0,189,1,False,0.0,95.0,2.0,1,0,1,[1. 1.],[2 1],,0,0.6,0.7,0.30000000000000004,[1. 1.]
189,2.0,190,0,False,1.0,95.0,0.0,1,1,0,[1. 0.],[2 1],0.0,0,0.6,0.7,0.30000000000000004,[1. 1.]
190,0.0,191,1,False,0.0,96.0,1.0,1,0,1,[1. 0.],[2 1],0.0,0,0.6,0.7,0.30000000000000004,[1. 1.]
191,1.0,192,0,False,0.0,96.0,0.0,1,1,0,[0. 0.],[2 1],,0,0.6,0.7,0.30000000000000004,[1. 1.]
192,0.0,193,1,False,0.0,97.0,2.0,1,0,1,[0. 0.],[2 1],,0,0.6,0.7,0.30000000000000004,[1. 1.]
193,2.0,194,0,False,0.0,97.0,0.0,1,1,0,[1. 1.],[2 1],1.0,0,0.6,0.7,0.30000000000000004,[1. 1.]
194,0.0,195,1,False,0.0,98.0,2.0,1,0,1,[1. 1.],[2 1],1.0,0,0.6,0.7,0.30000000000000004,[1. 1.]
195,2.0,196,0,False,1.0,98.0,0.0,1,1,0,[1. 0.],[2 1],1.0,0,0.6,0.7,0.30000000000000004,[1. 1.]
196,0.0,197,1,False,0.0,99.0,2.0,1,0,1,[1. 0.],[2 1],1.0,0,0.6,0.7,0.30000000000000004,[1. 1.]
197,2.0,198,0,False,0.0,99.0,0.0,1,1,0,[0. 1.],[2 1],,0,0.6,0.7,0.30000000000000004,[1. 1.]
198,0.0,199,1,False,0.0,100.0,2.0,1,0,1,[0. 1.],[2 1],,0,0.6,0.7,0.30000000000000004,[1. 1.]
199,2.0,200,0,False,1.0,100.0,0.0,1,1,0,[0. 0.],[2 1],0.0,0,0.6,0.7,0.30000000000000004,[1. 1.]
200,0.0,201,1,False,0.0,101.0,1.0,1,0,1,[0. 0.],[2 1],0.0,0,0.6,0.7,0.30000000000000004,[1. 1.]
201,1.0,202,0,False,0.0,101.0,0.0,1,1,0,[1. 1.],[1 2],,0,0.6,0.7,0.30000000000000004,[1. 1.]
202,0.0,203,1,False,0.0,102.0,1.0,1,0,1,[1. 1.],[1 2],,0,0.6,0.7,0.30000000000000004,[1. 1.]
203,1.0,204,0,False,1.0,102.0,0.0,1,1,0,[1. 0.],[1 2],,0,0.6,0.7,0.30000000000000004,[1. 1.]
204,0.0,205,1,False,0.0,103.0,1.0,1,0,1,[1. 0.],[1 2],,0,0.6,0.7,0.30000000000000004,[1. 1.]
205,1.0,206,0,False,1.0,103.0,0.0,1,1,0,[1. 0.],[1 2],0.0,0,0.6,0.7,0.30000000000000004,[1. 1.]
206,0.0,207,1,False,0.0,104.0,1.0,1,0,1,[1. 0.],[1 2],0.0,0,0.6,0.7,0.30000000000000004,[1. 1.]
207,1.0,208,0,False,1.0,104.0,0.0,1,1,0,[1. 0.],[1 2],0.0,0,0.6,0.7,0.30000000000000004,[1. 1.]
208,0.0,209,1,False,0.0,105.0,1.0,1,0,1,[1. 0.],[1 2],0.0,0,0.6,0.7,0.30000000000000004,[1. 1.]
209,1.0,210,0,False,1.0,105.0,0.0,1,1,0,[1. 0.],[1 2],0.0,0,0.6,0.7,0.30000000000000004,[1. 1.]
210,0.0,211,1,False,0.0,106.0,1.0,1,0,1,[1. 0.],[1 2],0.0,0,0.6,0.7,0.30000000000000004,[1. 1.]
211,1.0,212,0,False,1.0,106.0,0.0,1,1,0,[0. 0.],[1 2],1.0,0,0.6,0.7,0.30000000000000004,[1. 1.]
212,0.0,213,1,False,0.0,107.0,2.0,1,0,1,[0. 0.],[1 2],1.0,0,0.6,0.7,0.30000000000000004,[1. 1.]
213,2.0,214,0,False,0.0,107.0,0.0,1,1,0,[1. 0.],[1 2],1.0,0,0.6,0.7,0.30000000000000004,[1. 1.]
214,0.0,215,1,False,0.0,108.0,2.0,1,0,1,[1. 0.],[1 2],1.0,0,0.6,0.7,0.30000000000000004,[1. 1.]
215,2.0,216,0,False,1.0,108.0,0.0,1,1,0,[0. 1.],[1 2],1.0,0,0.6,0.7,0.30000000000000004,[1. 1.]
216,0.0,217,1,False,0.0,109.0,2.0,1,0,1,[0. 1.],[1 2],1.0,0,0.6,0.7,0.30000000000000004,[1. 1.]
217,2.0,218,0,False,0.0,109.0,0.0,1,1,0,[0. 0.],[1 2],0.0,0,0.6,0.7,0.30000000000000004,[1. 1.]
218,0.0,219,1,False,0.0,110.0,1.0,1,0,1,[0. 0.],[1 2],0.0,0,0.6,0.7,0.30000000000000004,[1. 1.]
219,1.0,220,0,False,0.0,110.0,0.0,1,1,0,[1. 1.],[1 2],0.0,0,0.6,0.7,0.30000000000000004,[1. 1.]
220,0.0,221,1,False,0.0,111.0,1.0,1,0,1,[1. 1.],[1 2],0.0,0,0.6,0.7,0.30000000000000004,[1. 1.]
221,1.0,222,0,False,1.0,111.0,0.0,1,1,0,[1. 0.],[1 2],,0,0.6,0.7,0.30000000000000004,[1. 1.]
222,0.0,223,1,False,0.0,112.0,1.0,1,0,1,[1. 0.],[1 2],,0,0.6,0.7,0.30000000000000004,[1. 1.]
223,1.0,224,0,False,1.0,112.0,0.0,1,1,0,[1. 0.],[1 2],,0,0.6,0.7,0.30000000000000004,[1. 1.]
224,0.0,225,1,False,0.0,113.0,1.0,1,0,1,[1. 0.],[1 2],,0,0.6,0.7,0.30000000000000004,[1. 1.]
225,1.0,226,0,False,1.0,113.0,0.0,1,1,0,[1. 0.],[1 2],,0,0.6,0.7,0.30000000000000004,[1. 1.]
226,0.0,227,1,False,0.0,114.0,1.0,1,0,1,[1. 0.],[1 2],,0,0.6,0.7,0.30000000000000004,[1. 1.]
227,1.0,228,0,False,1.0,114.0,0.0,1,1,0,[1. 0.],[1 2],,0,0.6,0.7,0.30000000000000004,[1. 1.]
228,0.0,229,1,False,0.0,115.0,1.0,1,0,1,[1. 0.],[1 2],,0,0.6,0.7,0.30000000000000004,[1. 1.]
229,1.0,230,0,False,1.0,115.0,0.0,1,1,0,[0. 0.],[1 2],,0,0.6,0.7,0.30000000000000004,[1. 1.]
230,0.0,231,1,False,0.0,116.0,1.0,1,0,1,[0. 0.],[1 2],,0,0.6,0.7,0.30000000000000004,[1. 1.]
231,1.0,232,0,False,0.0,116.0,0.0,1,1,0,[0. 0.],[1 2],0.0,0,0.6,0.7,0.30000000000000004,[1. 1.]
232,0.0,233,1,False,0.0,117.0,1.0,1,0,1,[0. 0.],[1 2],0.0,0,0.6,0.7,0.30000000000000004,[1. 1.]
233,1.0,234,0,False,0.0,117.0,0.0,1,1,0,[1. 0.],[1 2],1.0,0,0.6,0.7,0.30000000000000004,[1. 1.]
234,0.0,235,1,False,0.0,118.0,2.0,1,0,1,[1. 0.],[1 2],1.0,0,0.6,0.7,0.30000000000000004,[1. 1.]
235,2.0,236,0,False,1.0,118.0,0.0,1,1,0,[1. 0.],[1 2],0.0,0,0.6,0.7,0.30000000000000004,[1. 1.]
236,0.0,237,1,False,0.0,119.0,1.0,1,0,1,[1. 0.],[1 2],0.0,0,0.6,0.7,0.30000000000000004,[1. 1.]
237,1.0,238,0,False,1.0,119.0,0.0,1,1,0,[1. 0.],[1 2],,0,0.6,0.7,0.30000000000000004,[1. 1.]
238,0.0,239,1,False,0.0,120.0,1.0,1,0,1,[1. 0.],[1 2],,0,0.6,0.7,0.30000000000000004,[1. 1.]
239,1.0,240,0,False,1.0,120.0,0.0,1,1,0,[0. 0.],[1 2],,0,0.6,0.7,0.30000000000000004,[1. 1.]
240,0.0,241,1,False,0.0,121.0,1.0,1,0,1,[0. 0.],[1 2],,0,0.6,0.7,0.30000000000000004,[1. 1.]
241,1.0,242,0,False,0.0,121.0,0.0,1,1,0,[1. 0.],[1 2],0.0,0,0.6,0.7,0.30000000000000004,[1. 1.]
242,0.0,243,1,False,0.0,122.0,1.0,1,0,1,[1. 0.],[1 2],0.0,0,0.6,0.7,0.30000000000000004,[1. 1.]
243,1.0,244,0,False,1.0,122.0,0.0,1,1,0,[1. 1.],[2 1],0.0,0,0.6,0.7,0.30000000000000004,[1. 1.]
244,0.0,245,1,False,0.0,123.0,1.0,1,0,1,[1. 1.],[2 1],0.0,0,0.6,0.7,0.30000000000000004,[1. 1.]
245,1.0,246,0,False,1.0,123.0,0.0,1,1,0,[0. 0.],[2 1],,0,0.6,0.7,0.30000000000000004,[1. 1.]
246,0.0,247,1,False,0.0,124.0,2.0,1,0,1,[0. 0.],[2 1],,0,0.6,0.7,0.30000000000000004,[1. 1.]
247,2.0,248,0,False,0.0,124.0,0.0,1,1,0,[0. 0.],[2 1],1.0,0,0.6,0.7,0.30000000000000004,[1. 1.]
248,0.0,249,1,False,0.0,125.0,2.0,1,0,1,[0. 0.],[2 1],1.0,0,0.6,0.7,0.30000000000000004,[1. 1.]
249,2.0,250,0,False,0.0,125.0,0.0,1,1,0,[0. 0.],[2 1],,0,0.6,0.7,0.30000000000000004,[1. 1.]
250,0.0,251,1,False,0.0,126.0,1.0,1,0,2,[0. 0.],[2 1],,0,0.6,0.7,0.30000000000000004,[1. 1.]
251,1.0,252,0,False,0.0,126.0,0.0,1,1,0,[0. 0.],[2 1],1.0,0,0.6,0.7,0.30000000000000004,[1. 1.]
252,0.0,253,1,False,0.0,127.0,2.0,1,0,1,[0. 0.],[2 1],1.0,0,0.6,0.7,0.30000000000000004,[1. 1.]
253,2.0,254,0,False,0.0,127.0,0.0,1,1,0,[1. 0.],[2 1],1.0,0,0.6,0.7,0.30000000000000004,[1. 1.]
254,0.0,255,1,False,0.0,128.0,2.0,1,0,2,[1. 0.],[2 1],1.0,0,0.6,0.7,0.30000000000000004,[1. 1.]
255,2.0,256,0,False,1.0,128.0,0.0,1,1,0,[1. 0.],[2 1],1.0,0,0.6,0.7,0.30000000000000004,[1. 1.]
256,0.0,257,1,False,0.0,129.0,2.0,1,0,2,[1. 0.],[2 1],1.0,0,0.6,0.7,0.30000000000000004,[1. 1.]
257,2.0,258,0,False,1.0,129.0,0.0,1,1,0,[0. 0.],[2 1],1.0,0,0.6,0.7,0.30000000000000004,[1. 1.]
258,0.0,259,1,False,0.0,130.0,2.0,1,0,2,[0. 0.],[2 1],1.0,0,0.6,0.7,0.30000000000000004,[1. 1.]
259,2.0,260,0,False,0.0,130.0,0.0,1,1,0,[0. 1.],[2 1],1.0,1,0.6,0.7,0.30000000000000004,[1. 1.]
260,0.0,261,1,False,0.0,131.0,2.0,1,0,1,[0. 1.],[2 1],1.0,1,0.6,0.7,0.30000000000000004,[1. 1.]
261,2.0,262,0,False,1.0,131.0,0.0,1,1,0,[0. 0.],[2 1],0.0,1,0.6,0.7,0.30000000000000004,[1. 1.]
262,0.0,263,1,False,0.0,132.0,1.0,1,0,1,[0. 0.],[2 1],0.0,1,0.6,0.7,0.30000000000000004,[1. 1.]
263,1.0,264,0,False,0.0,132.0,0.0,1,1,0,[0. 1.],[2 1],,1,0.6,0.7,0.30000000000000004,[1. 1.]
264,0.0,265,1,False,0.0,133.0,2.0,1,0,1,[0. 1.],[2 1],,1,0.6,0.7,0.30000000000000004,[1. 1.]
265,2.0,266,0,False,1.0,133.0,0.0,1,1,0,[0. 1.],[2 1],,1,0.6,0.7,0.30000000000000004,[1. 1.]
266,0.0,267,1,False,0.0,134.0,2.0,1,0,1,[0. 1.],[2 1],,1,0.6,0.7,0.30000000000000004,[1. 1.]
267,2.0,268,0,False,1.0,134.0,0.0,1,1,0,[1. 0.],[2 1],,1,0.6,0.7,0.30000000000000004,[1. 1.]
268,0.0,269,1,False,0.0,135.0,2.0,1,0,1,[1. 0.],[2 1],,1,0.6,0.7,0.30000000000000004,[1. 1.]
269,2.0,270,0,False,0.0,135.0,0.0,1,1,0,[0. 1.],[2 1],0.0,1,0.6,0.7,0.30000000000000004,[1. 1.]
270,0.0,271,1,False,0.0,136.0,1.0,1,0,1,[0. 1.],[2 1],0.0,1,0.6,0.7,0.30000000000000004,[1. 1.]
271,1.0,272,0,False,1.0,136.0,0.0,1,1,0,[0. 1.],[2 1],1.0,1,0.6,0.7,0.30000000000000004,[1. 1.]
272,0.0,273,1,False,0.0,137.0,2.0,1,0,1,[0. 1.],[2 1],1.0,1,0.6,0.7,0.30000000000000004,[1. 1.]
273,2.0,274,0,False,1.0,137.0,0.0,1,1,0,[0. 0.],[2 1],0.0,1,0.6,0.7,0.30000000000000004,[1. 1.]
274,0.0,275,1,False,0.0,138.0,1.0,1,0,1,[0. 0.],[2 1],0.0,1,0.6,0.7,0.30000000000000004,[1. 1.]
275,1.0,276,0,False,0.0,138.0,0.0,1,1,0,[0. 1.],[2 1],,1,0.6,0.7,0.30000000000000004,[1. 1.]
276,0.0,277,1,False,0.0,139.0,2.0,1,0,1,[0. 1.],[2 1],,1,0.6,0.7,0.30000000000000004,[1. 1.]
277,2.0,278,0,False,1.0,139.0,0.0,1,1,0,[0. 0.],[2 1],,1,0.6,0.7,0.30000000000000004,[1. 1.]
278,0.0,279,1,False,0.0,140.0,2.0,1,0,1,[0. 0.],[2 1],,1,0.6,0.7,0.30000000000000004,[1. 1.]
279,2.0,280,0,False,0.0,140.0,0.0,1,1,0,[0. 1.],[2 1],1.0,1,0.6,0.7,0.30000000000000004,[1. 1.]
280,0.0,281,1,False,0.0,141.0,2.0,1,0,1,[0. 1.],[2 1],1.0,1,0.6,0.7,0.30000000000000004,[1. 1.]
281,2.0,282,0,False,1.0,141.0,0.0,1,1,0,[0. 0.],[2 1],,1,0.6,0.7,0.30000000000000004,[1. 1.]
282,0.0,283,1,False,0.0,142.0,2.0,1,0,1,[0. 0.],[2 1],,1,0.6,0.7,0.30000000000000004,[1. 1.]
283,2.0,284,0,False,0.0,142.0,0.0,1,1,0,[1. 1.],[2 1],1.0,1,0.6,0.7,0.30000000000000004,[1. 1.]
284,0.0,285,1,False,0.0,143.0,2.0,1,0,1,[1. 1.],[2 1],1.0,1,0.6,0.7,0.30000000000000004,[1. 1.]
285,2.0,286,0,False,1.0,143.0,0.0,1,1,0,[1. 1.],[2 1],1.0,1,0.6,0.7,0.30000000000000004,[1. 1.]
286,0.0,287,1,False,0.0,144.0,2.0,1,0,1,[1. 1.],[2 1],1.0,1,0.6,0.7,0.30000000000000004,[1. 1.]
287,2.0,288,0,False,1.0,144.0,0.0,1,1,0,[0. 1.],[2 1],0.0,1,0.6,0.7,0.30000000000000004,[1. 1.]
288,0.0,289,1,False,0.0,145.0,1.0,1,0,1,[0. 1.],[2 1],0.0,1,0.6,0.7,0.30000000000000004,[1. 1.]
289,1.0,290,0,False,1.0,145.0,0.0,1,1,0,[0. 1.],[2 1],1.0,1,0.6,0.7,0.30000000000000004,[1. 1.]
290,0.0,291,1,False,0.0,146.0,2.0,1,0,1,[0. 1.],[2 1],1.0,1,0.6,0.7,0.30000000000000004,[1. 1.]
291,2.0,292,0,False,1.0,146.0,0.0,1,1,0,[0. 1.],[2 1],,1,0.6,0.7,0.30000000000000004,[1. 1.]
292,0.0,293,1,False,0.0,147.0,2.0,1,0,1,[0. 1.],[2 1],,1,0.6,0.7,0.30000000000000004,[1. 1.]
293,2.0,294,0,False,1.0,147.0,0.0,1,1,0,[1. 0.],[2 1],,1,0.6,0.7,0.30000000000000004,[1. 1.]
294,0.0,295,1,False,0.0,148.0,2.0,1,0,1,[1. 0.],[2 1],,1,0.6,0.7,0.30000000000000004,[1. 1.]
295,2.0,296,0,False,0.0,148.0,0.0,1,1,0,[0. 1.],[2 1],1.0,1,0.6,0.7,0.30000000000000004,[1. 1.]
296,0.0,297,1,False,0.0,149.0,2.0,1,0,1,[0. 1.],[2 1],1.0,1,0.6,0.7,0.30000000000000004,[1. 1.]
297,2.0,298,0,False,1.0,149.0,0.0,1,1,0,[0. 0.],[2 1],0.0,1,0.6,0.7,0.30000000000000004,[1. 1.]
298,0.0,299,1,False,0.0,150.0,1.0,1,0,1,[0. 0.],[2 1],0.0,1,0.6,0.7,0.30000000000000004,[1. 1.]
299,1.0,300,0,False,0.0,150.0,0.0,1,1,0,[1. 1.],[2 1],0.0,1,0.6,0.7,0.30000000000000004,[1. 1.]
300,0.0,301,1,False,0.0,151.0,1.0,1,0,1,[1. 1.],[2 1],0.0,1,0.6,0.7,0.30000000000000004,[1. 1.]
301,1.0,302,0,False,1.0,151.0,0.0,1,1,0,[0. 0.],[2 1],0.0,1,0.6,0.7,0.30000000000000004,[1. 1.]
302,0.0,303,1,False,0.0,152.0,1.0,1,0,1,[0. 0.],[2 1],0.0,1,0.6,0.7,0.30000000000000004,[1. 1.]
303,1.0,304,0,False,0.0,152.0,0.0,1,1,0,[1. 0.],[2 1],,1,0.6,0.7,0.30000000000000004,[1. 1.]
304,0.0,305,1,False,0.0,153.0,2.0,1,0,1,[1. 0.],[2 1],,1,0.6,0.7,0.30000000000000004,[1. 1.]
305,2.0,306,0,False,0.0,153.0,0.0,1,1,0,[1. 0.],[2 1],0.0,1,0.6,0.7,0.30000000000000004,[1. 1.]
306,0.0,307,1,False,0.0,154.0,1.0,1,0,2,[1. 0.],[2 1],0.0,1,0.6,0.7,0.30000000000000004,[1. 1.]
307,1.0,308,0,False,1.0,154.0,0.0,1,1,0,[1. 1.],[2 1],1.0,1,0.6,0.7,0.30000000000000004,[1. 1.]
308,0.0,309,1,False,0.0,155.0,2.0,1,0,2,[1. 1.],[2 1],1.0,1,0.6,0.7,0.30000000000000004,[1. 1.]
309,2.0,310,0,False,1.0,155.0,0.0,1,1,0,[0. 1.],[2 1],,1,0.6,0.7,0.30000000000000004,[1. 1.]
310,0.0,311,1,False,0.0,156.0,1.0,1,0,2,[0. 1.],[2 1],,1,0.6,0.7,0.30000000000000004,[1. 1.]
311,1.0,312,0,False,0.0,156.0,0.0,1,1,0,[0. 1.],[2 1],1.0,1,0.6,0.7,0.30000000000000004,[1. 1.]
312,0.0,313,1,False,0.0,157.0,2.0,1,0,2,[0. 1.],[2 1],1.0,1,0.6,0.7,0.30000000000000004,[1. 1.]
313,2.0,314,0,False,0.0,157.0,0.0,1,1,0,[1. 1.],[2 1],0.0,1,0.6,0.7,0.30000000000000004,[1. 1.]
314,0.0,315,1,False,0.0,158.0,1.0,1,0,2,[1. 1.],[2 1],0.0,1,0.6,0.7,0.30000000000000004,[1. 1.]
315,1.0,316,0,False,1.0,158.0,0.0,1,1,0,[0. 0.],[2 1],,1,0.6,0.7,0.30000000000000004,[1. 1.]
316,0.0,317,1,False,0.0,159.0,1.0,1,0,2,[0. 0.],[2 1],,1,0.6,0.7,0.30000000000000004,[1. 1.]
317,1.0,318,0,False,0.0,159.0,0.0,1,1,0,[0. 1.],[2 1],,1,0.6,0.7,0.30000000000000004,[1. 1.]
318,0.0,319,1,False,0.0,160.0,1.0,1,0,2,[0. 1.],[2 1],,1,0.6,0.7,0.30000000000000004,[1. 1.]
319,1.0,320,0,False,0.0,160.0,0.0,1,1,0,[1. 1.],[2 1],,1,0.6,0.7,0.30000000000000004,[1. 1.]
320,0.0,321,1,False,0.0,161.0,2.0,1,0,1,[1. 1.],[2 1],,1,0.6,0.7,0.30000000000000004,[1. 1.]
321,2.0,322,0,False,1.0,161.0,0.0,1,1,0,[0. 1.],[2 1],0.0,1,0.6,0.7,0.30000000000000004,[1. 1.]
322,0.0,323,1,False,0.0,162.0,1.0,1,0,1,[0. 1.],[2 1],0.0,1,0.6,0.7,0.30000000000000004,[1. 1.]
323,1.0,324,0,False,1.0,162.0,0.0,1,1,0,[0. 1.],[2 1],0.0,1,0.6,0.7,0.30000000000000004,[1. 1.]
324,0.0,325,1,False,0.0,163.0,1.0,1,0,1,[0. 1.],[2 1],0.0,1,0.6,0.7,0.30000000000000004,[1. 1.]
325,1.0,326,0,False,1.0,163.0,0.0,1,1,0,[0. 1.],[2 1],,1,0.6,0.7,0.30000000000000004,[1. 1.]
326,0.0,327,1,False,0.0,164.0,2.0,1,0,1,[0. 1.],[2 1],,1,0.6,0.7,0.30000000000000004,[1. 1.]
327,2.0,328,0,False,1.0,164.0,0.0,1,1,0,[0. 0.],[2 1],,1,0.6,0.7,0.30000000000000004,[1. 1.]
328,0.0,329,1,False,0.0,165.0,2.0,1,0,1,[0. 0.],[2 1],,1,0.6,0.7,0.30000000000000004,[1. 1.]
329,2.0,330,0,False,0.0,165.0,0.0,1,1,0,[0. 1.],[2 1],1.0,1,0.6,0.7,0.30000000000000004,[1. 1.]
330,0.0,331,1,False,0.0,166.0,2.0,1,0,1,[0. 1.],[2 1],1.0,1,0.6,0.7,0.30000000000000004,[1. 1.]
331,2.0,332,0,False,1.0,166.0,0.0,1,1,0,[0. 1.],[2 1],1.0,1,0.6,0.7,0.30000000000000004,[1. 1.]
332,0.0,333,1,False,0.0,167.0,2.0,1,0,1,[0. 1.],[2 1],1.0,1,0.6,0.7,0.30000000000000004,[1. 1.]
333,2.0,334,0,False,1.0,167.0,0.0,1,1,0,[0. 0.],[2 1],1.0,1,0.6,0.7,0.30000000000000004,[1. 1.]
334,0.0,335,1,False,0.0,168.0,2.0,1,0,1,[0. 0.],[2 1],1.0,1,0.6,0.7,0.30000000000000004,[1. 1.]
335,2.0,336,0,False,0.0,168.0,0.0,1,1,0,[1. 1.],[2 1],,1,0.6,0.7,0.30000000000000004,[1. 1.]
336,0.0,337,1,False,0.0,169.0,2.0,1,0,1,[1. 1.],[2 1],,1,0.6,0.7,0.30000000000000004,[1. 1.]
337,2.0,338,0,False,1.0,169.0,0.0,1,1,0,[0. 1.],[2 1],0.0,1,0.6,0.7,0.30000000000000004,[1. 1.]
338,0.0,339,1,False,0.0,170.0,1.0,1,0,1,[0. 1.],[2 1],0.0,1,0.6,0.7,0.30000000000000004,[1. 1.]
339,1.0,340,0,False,1.0,170.0,0.0,1,1,0,[0. 0.],[2 1],0.0,1,0.6,0.7,0.30000000000000004,[1. 1.]
340,0.0,341,1,False,0.0,171.0,1.0,1,0,1,[0. 0.],[2 1],0.0,1,0.6,0.7,0.30000000000000004,[1. 1.]
341,1.0,342,0,False,0.0,171.0,0.0,1,1,0,[1. 0.],[2 1],,1,0.6,0.7,0.30000000000000004,[1. 1.]
342,0.0,343,1,False,0.0,172.0,2.0,1,0,1,[1. 0.],[2 1],,1,0.6,0.7,0.30000000000000004,[1. 1.]
343,2.0,344,0,False,0.0,172.0,0.0,1,1,0,[1. 0.],[2 1],0.0,1,0.6,0.7,0.30000000000000004,[1. 1.]
344,0.0,345,1,False,0.0,173.0,1.0,1,0,1,[1. 0.],[2 1],0.0,1,0.6,0.7,0.30000000000000004,[1. 1.]
345,1.0,346,0,False,0.0,173.0,0.0,1,1,0,[0. 1.],[1 2],,1,0.6,0.7,0.30000000000000004,[1. 1.]
346,0.0,347,1,False,0.0,174.0,2.0,1,0,2,[0. 1.],[1 2],,1,0.6,0.7,0.30000000000000004,[1. 1.]
347,2.0,348,0,False,1.0,174.0,0.0,1,1,0,[1. 1.],[1 2],0.0,1,0.6,0.7,0.30000000000000004,[1. 1.]
348,0.0,349,1,False,0.0,175.0,1.0,1,0,2,[1. 1.],[1 2],0.0,1,0.6,0.7,0.30000000000000004,[1. 1.]
349,1.0,350,0,False,1.0,175.0,0.0,1,1,0,[0. 0.],[1 2],1.0,1,0.6,0.7,0.30000000000000004,[1. 1.]
350,0.0,351,1,False,0.0,176.0,2.0,1,0,2,[0. 0.],[1 2],1.0,1,0.6,0.7,0.30000000000000004,[1. 1.]
351,2.0,352,0,False,0.0,176.0,0.0,1,1,0,[0. 0.],[1 2],1.0,1,0.6,0.7,0.30000000000000004,[1. 1.]
352,0.0,353,1,False,0.0,177.0,2.0,1,0,2,[0. 0.],[1 2],1.0,1,0.6,0.7,0.30000000000000004,[1. 1.]
353,2.0,354,0,False,0.0,177.0,0.0,1,1,0,[1. 1.],[1 2],,1,0.6,0.7,0.30000000000000004,[1. 1.]
354,0.0,355,1,False,0.0,178.0,2.0,1,0,2,[1. 1.],[1 2],,1,0.6,0.7,0.30000000000000004,[1. 1.]
355,2.0,356,0,False,1.0,178.0,0.0,1,1,0,[1. 0.],[1 2],,1,0.6,0.7,0.30000000000000004,[1. 1.]
356,0.0,357,1,False,0.0,179.0,2.0,1,0,2,[1. 0.],[1 2],,1,0.6,0.7,0.30000000000000004,[1. 1.]
357,2.0,358,0,False,0.0,179.0,0.0,1,1,0,[0. 0.],[1 2],,1,0.6,0.7,0.30000000000000004,[1. 1.]
358,0.0,359,1,False,0.0,180.0,2.0,1,0,2,[0. 0.],[1 2],,1,0.6,0.7,0.30000000000000004,[1. 1.]
359,2.0,360,0,False,0.0,180.0,0.0,1,1,0,[1. 0.],[1 2],0.0,1,0.6,0.7,0.30000000000000004,[1. 1.]
360,0.0,361,1,False,0.0,181.0,1.0,1,0,2,[1. 0.],[1 2],0.0,1,0.6,0.7,0.30000000000000004,[1. 1.]
361,1.0,362,0,False,0.0,181.0,0.0,1,1,0,[0. 1.],[1 2],1.0,1,0.6,0.7,0.30000000000000004,[1. 1.]
362,0.0,363,1,False,0.0,182.0,2.0,1,0,1,[0. 1.],[1 2],1.0,1,0.6,0.7,0.30000000000000004,[1. 1.]
363,2.0,364,0,False,0.0,182.0,0.0,1,1,0,[0. 1.],[1 2],,1,0.6,0.7,0.30000000000000004,[1. 1.]
364,0.0,365,1,False,0.0,183.0,1.0,1,0,1,[0. 1.],[1 2],,1,0.6,0.7,0.30000000000000004,[1. 1.]
365,1.0,366,0,False,0.0,183.0,0.0,1,1,0,[0. 1.],[1 2],,1,0.6,0.7,0.30000000000000004,[1. 1.]
366,0.0,367,1,False,0.0,184.0,2.0,1,0,2,[0. 1.],[1 2],,1,0.6,0.7,0.30000000000000004,[1. 1.]
367,2.0,368,0,False,1.0,184.0,0.0,1,1,0,[0. 0.],[1 2],,1,0.6,0.7,0.30000000000000004,[1. 1.]
368,0.0,369,1,False,0.0,185.0,2.0,1,0,2,[0. 0.],[1 2],,1,0.6,0.7,0.30000000000000004,[1. 1.]
369,2.0,370,0,False,0.0,185.0,0.0,1,1,0,[0. 0.],[1 2],,1,0.6,0.7,0.30000000000000004,[1. 1.]
370,0.0,371,1,False,0.0,186.0,2.0,1,0,2,[0. 0.],[1 2],,1,0.6,0.7,0.30000000000000004,[1. 1.]
371,2.0,372,0,False,0.0,186.0,0.0,1,1,0,[0. 0.],[1 2],,1,0.6,0.7,0.30000000000000004,[1. 1.]
372,0.0,373,1,False,0.0,187.0,2.0,1,0,2,[0. 0.],[1 2],,1,0.6,0.7,0.30000000000000004,[1. 1.]
373,2.0,374,0,False,0.0,187.0,0.0,1,1,0,[0. 0.],[1 2],,1,0.6,0.7,0.30000000000000004,[1. 1.]
374,0.0,375,1,False,0.0,188.0,2.0,1,0,2,[0. 0.],[1 2],,1,0.6,0.7,0.30000000000000004,[1. 1.]
375,2.0,376,0,False,0.0,188.0,0.0,1,1,0,[0. 0.],[1 2],0.0,1,0.6,0.7,0.30000000000000004,[1. 1.]
376,0.0,377,1,False,0.0,189.0,1.0,1,0,1,[0. 0.],[1 2],0.0,1,0.6,0.7,0.30000000000000004,[1. 1.]
377,1.0,378,0,False,0.0,189.0,0.0,1,1,0,[0. 1.],[1 2],0.0,1,0.6,0.7,0.30000000000000004,[1. 1.]
378,0.0,379,1,False,0.0,190.0,1.0,1,0,2,[0. 1.],[1 2],0.0,1,0.6,0.7,0.30000000000000004,[1. 1.]
379,1.0,380,0,False,1.0,190.0,0.0,1,1,0,[0. 0.],[1 2],1.0,1,0.6,0.7,0.30000000000000004,[1. 1.]
380,0.0,381,1,False,0.0,191.0,2.0,1,0,2,[0. 0.],[1 2],1.0,1,0.6,0.7,0.30000000000000004,[1. 1.]
381,2.0,382,0,False,0.0,191.0,0.0,1,1,0,[1. 0.],[1 2],,1,0.6,0.7,0.30000000000000004,[1. 1.]
382,0.0,383,1,False,0.0,192.0,2.0,1,0,2,[1. 0.],[1 2],,1,0.6,0.7,0.30000000000000004,[1. 1.]
383,2.0,384,0,False,0.0,192.0,0.0,1,1,0,[1. 1.],[1 2],,1,0.6,0.7,0.30000000000000004,[1. 1.]
384,0.0,385,1,False,0.0,193.0,2.0,1,0,2,[1. 1.],[1 2],,1,0.6,0.7,0.30000000000000004,[1. 1.]
385,2.0,386,0,False,1.0,193.0,0.0,1,1,0,[1. 1.],[1 2],1.0,1,0.6,0.7,0.30000000000000004,[1. 1.]
386,0.0,387,1,False,0.0,194.0,2.0,1,0,2,[1. 1.],[1 2],1.0,1,0.6,0.7,0.30000000000000004,[1. 1.]
387,2.0,388,0,False,1.0,194.0,0.0,1,1,0,[0. 1.],[1 2],,1,0.6,0.7,0.30000000000000004,[1. 1.]
388,0.0,389,1,False,0.0,195.0,2.0,1,0,2,[0. 1.],[1 2],,1,0.6,0.7,0.30000000000000004,[1. 1.]
389,2.0,390,0,False,1.0,195.0,0.0,1,1,0,[0. 1.],[1 2],1.0,1,0.6,0.7,0.30000000000000004,[1. 1.]
390,0.0,391,1,False,0.0,196.0,2.0,1,0,2,[0. 1.],[1 2],1.0,1,0.6,0.7,0.30000000000000004,[1. 1.]
391,2.0,392,0,False,1.0,196.0,0.0,1,1,0,[0. 1.],[1 2],,1,0.6,0.7,0.30000000000000004,[1. 1.]
392,0.0,393,1,False,0.0,197.0,2.0,1,0,2,[0. 1.],[1 2],,1,0.6,0.7,0.30000000000000004,[1. 1.]
393,2.0,394,0,False,1.0,197.0,0.0,1,1,0,[0. 1.],[1 2],,1,0.6,0.7,0.30000000000000004,[1. 1.]
394,0.0,395,1,False,0.0,198.0,2.0,1,0,2,[0. 1.],[1 2],,1,0.6,0.7,0.30000000000000004,[1. 1.]
395,2.0,396,0,False,1.0,198.0,0.0,1,1,0,[0. 0.],[1 2],1.0,0,0.6,0.7,0.30000000000000004,[1. 1.]
396,0.0,397,1,False,0.0,199.0,2.0,1,0,2,[0. 0.],[1 2],1.0,0,0.6,0.7,0.30000000000000004,[1. 1.]
397,2.0,398,0,False,0.0,199.0,0.0,1,1,0,[1. 1.],[1 2],,0,0.6,0.7,0.30000000000000004,[1. 1.]
398,0.0,399,1,False,0.0,200.0,2.0,1,0,2,[1. 1.],[1 2],,0,0.6,0.7,0.30000000000000004,[1. 1.]
399,2.0,400,0,False,1.0,200.0,0.0,1,1,0,[1. 0.],[1 2],,0,0.6,0.7,0.30000000000000004,[1. 1.]
400,0.0,401,1,False,0.0,201.0,2.0,1,0,2,[1. 0.],[1 2],,0,0.6,0.7,0.30000000000000004,[1. 1.]
401,2.0,402,0,False,0.0,201.0,0.0,1,1,0,[1. 0.],[1 2],,0,0.6,0.7,0.30000000000000004,[1. 1.]
402,0.0,403,1,False,0.0,202.0,2.0,1,0,2,[1. 0.],[1 2],,0,0.6,0.7,0.30000000000000004,[1. 1.]
403,2.0,404,0,False,0.0,202.0,0.0,1,1,0,[1. 1.],[1 2],0.0,0,0.6,0.7,0.30000000000000004,[1. 1.]
404,0.0,405,1,False,0.0,203.0,1.0,1,0,2,[1. 1.],[1 2],0.0,0,0.6,0.7,0.30000000000000004,[1. 1.]
405,1.0,406,0,False,1.0,203.0,0.0,1,1,0,[0. 1.],[1 2],0.0,0,0.6,0.7,0.30000000000000004,[1. 1.]
406,0.0,407,1,False,0.0,204.0,1.0,1,0,2,[0. 1.],[1 2],0.0,0,0.6,0.7,0.30000000000000004,[1. 1.]
407,1.0,408,0,False,1.0,204.0,0.0,1,1,0,[1. 0.],[1 2],,0,0.6,0.7,0.30000000000000004,[1. 1.]
408,0.0,409,1,False,0.0,205.0,2.0,1,0,2,[1. 0.],[1 2],,0,0.6,0.7,0.30000000000000004,[1. 1.]
409,2.0,410,0,False,0.0,205.0,0.0,1,1,0,[1. 0.],[1 2],,0,0.6,0.7,0.30000000000000004,[1. 1.]
410,0.0,411,1,False,0.0,206.0,2.0,1,0,2,[1. 0.],[1 2],,0,0.6,0.7,0.30000000000000004,[1. 1.]
411,2.0,412,0,False,0.0,206.0,0.0,1,1,0,[1. 0.],[1 2],,0,0.6,0.7,0.30000000000000004,[1. 1.]
412,0.0,413,1,False,0.0,207.0,2.0,1,0,2,[1. 0.],[1 2],,0,0.6,0.7,0.30000000000000004,[1. 1.]
413,2.0,414,0,False,0.0,207.0,0.0,1,1,0,[0. 1.],[1 2],1.0,1,0.6,0.7,0.30000000000000004,[1. 1.]
414,0.0,415,1,False,0.0,208.0,2.0,1,0,2,[0. 1.],[1 2],1.0,1,0.6,0.7,0.30000000000000004,[1. 1.]
415,2.0,416,0,False,1.0,208.0,0.0,1,1,0,[0. 1.],[1 2],0.0,0,0.6,0.7,0.30000000000000004,[1. 1.]
416,0.0,417,1,False,0.0,209.0,1.0,1,0,2,[0. 1.],[1 2],0.0,0,0.6,0.7,0.30000000000000004,[1. 1.]
417,1.0,418,0,False,1.0,209.0,0.0,1,1,0,[1. 1.],[1 2],0.0,0,0.6,0.7,0.30000000000000004,[1. 1.]
418,0.0,419,1,False,0.0,210.0,1.0,1,0,2,[1. 1.],[1 2],0.0,0,0.6,0.7,0.30000000000000004,[1. 1.]
419,1.0,420,0,False,1.0,210.0,0.0,1,1,0,[1. 0.],[1 2],1.0,0,0.6,0.7,0.30000000000000004,[1. 1.]
420,0.0,421,1,False,0.0,211.0,2.0,1,0,2,[1. 0.],[1 2],1.0,0,0.6,0.7,0.30000000000000004,[1. 1.]
421,2.0,422,0,False,0.0,211.0,0.0,1,1,0,[1. 0.],[1 2],1.0,0,0.6,0.7,0.30000000000000004,[1. 1.]
422,0.0,423,1,False,0.0,212.0,2.0,1,0,2,[1. 0.],[1 2],1.0,0,0.6,0.7,0.30000000000000004,[1. 1.]
423,2.0,424,0,False,0.0,212.0,0.0,1,1,0,[1. 1.],[1 2],,0,0.6,0.7,0.30000000000000004,[1. 1.]
424,0.0,425,1,False,0.0,213.0,2.0,1,0,2,[1. 1.],[1 2],,0,0.6,0.7,0.30000000000000004,[1. 1.]
425,2.0,426,0,False,1.0,213.0,0.0,1,1,0,[1. 0.],[1 2],,0,0.6,0.7,0.30000000000000004,[1. 1.]
426,0.0,427,1,False,0.0,214.0,2.0,1,0,2,[1. 0.],[1 2],,0,0.6,0.7,0.30000000000000004,[1. 1.]
427,2.0,428,0,False,0.0,214.0,0.0,1,1,0,[1. 0.],[1 2],1.0,0,0.6,0.7,0.30000000000000004,[1. 1.]
428,0.0,429,1,False,0.0,215.0,2.0,1,0,2,[1. 0.],[1 2],1.0,0,0.6,0.7,0.30000000000000004,[1. 1.]
429,2.0,430,0,False,0.0,215.0,0.0,1,1,0,[1. 0.],[1 2],1.0,0,0.6,0.7,0.30000000000000004,[1. 1.]
430,0.0,431,1,False,0.0,216.0,2.0,1,0,2,[1. 0.],[1 2],1.0,0,0.6,0.7,0.30000000000000004,[1. 1.]
431,2.0,432,0,False,0.0,216.0,0.0,1,1,0,[1. 0.],[1 2],0.0,0,0.6,0.7,0.30000000000000004,[1. 1.]
432,0.0,433,1,False,0.0,217.0,1.0,1,0,2,[1. 0.],[1 2],0.0,0,0.6,0.7,0.30000000000000004,[1. 1.]
433,1.0,434,0,False,0.0,217.0,0.0,1,1,0,[1. 0.],[1 2],1.0,0,0.6,0.7,0.30000000000000004,[1. 1.]
434,0.0,435,1,False,0.0,218.0,2.0,1,0,1,[1. 0.],[1 2],1.0,0,0.6,0.7,0.30000000000000004,[1. 1.]
435,2.0,436,0,False,1.0,218.0,0.0,1,1,0,[0. 0.],[1 2],1.0,0,0.6,0.7,0.30000000000000004,[1. 1.]
436,0.0,437,1,False,0.0,219.0,2.0,1,0,1,[0. 0.],[1 2],1.0,0,0.6,0.7,0.30000000000000004,[1. 1.]
437,2.0,438,0,False,0.0,219.0,0.0,1,1,0,[1. 0.],[1 2],1.0,0,0.6,0.7,0.30000000000000004,[1. 1.]
438,0.0,439,1,False,0.0,220.0,2.0,1,0,1,[1. 0.],[1 2],1.0,0,0.6,0.7,0.30000000000000004,[1. 1.]
439,2.0,440,0,False,1.0,220.0,0.0,1,1,0,[1. 1.],[1 2],0.0,0,0.6,0.7,0.30000000000000004,[1. 1.]
440,0.0,441,1,False,0.0,221.0,1.0,1,0,1,[1. 1.],[1 2],0.0,0,0.6,0.7,0.30000000000000004,[1. 1.]
441,1.0,442,0,False,1.0,221.0,0.0,1,1,0,[0. 1.],[1 2],1.0,0,0.6,0.7,0.30000000000000004,[1. 1.]
442,0.0,443,1,False,0.0,222.0,2.0,1,0,1,[0. 1.],[1 2],1.0,0,0.6,0.7,0.30000000000000004,[1. 1.]
443,2.0,444,0,False,0.0,222.0,0.0,1,1,0,[1. 1.],[1 2],,0,0.6,0.7,0.30000000000000004,[1. 1.]
444,0.0,445,1,False,0.0,223.0,1.0,1,0,1,[1. 1.],[1 2],,0,0.6,0.7,0.30000000000000004,[1. 1.]
445,1.0,446,0,False,1.0,223.0,0.0,1,1,0,[0. 0.],[1 2],,0,0.6,0.7,0.30000000000000004,[1. 1.]
446,0.0,447,1,False,0.0,224.0,1.0,1,0,1,[0. 0.],[1 2],,0,0.6,0.7,0.30000000000000004,[1. 1.]
447,1.0,448,0,False,0.0,224.0,0.0,1,1,0,[1. 0.],[1 2],0.0,0,0.6,0.7,0.30000000000000004,[1. 1.]
448,0.0,449,1,False,0.0,225.0,1.0,1,0,1,[1. 0.],[1 2],0.0,0,0.6,0.7,0.30000000000000004,[1. 1.]
449,1.0,450,0,False,1.0,225.0,0.0,1,1,0,[1. 0.],[1 2],,0,0.6,0.7,0.30000000000000004,[1. 1.]
450,0.0,451,1,False,0.0,226.0,1.0,1,0,1,[1. 0.],[1 2],,0,0.6,0.7,0.30000000000000004,[1. 1.]
451,1.0,452,0,False,1.0,226.0,0.0,1,1,0,[1. 1.],[1 2],0.0,0,0.6,0.7,0.30000000000000004,[1. 1.]
452,0.0,453,1,False,0.0,227.0,1.0,1,0,1,[1. 1.],[1 2],0.0,0,0.6,0.7,0.30000000000000004,[1. 1.]
453,1.0,454,0,False,1.0,227.0,0.0,1,1,0,[1. 0.],[1 2],1.0,0,0.6,0.7,0.30000000000000004,[1. 1.]
454,0.0,455,1,False,0.0,228.0,2.0,1,0,1,[1. 0.],[1 2],1.0,0,0.6,0.7,0.30000000000000004,[1. 1.]
455,2.0,456,0,False,1.0,228.0,0.0,1,1,0,[1. 1.],[1 2],0.0,0,0.6,0.7,0.30000000000000004,[1. 1.]
456,0.0,457,1,False,0.0,229.0,1.0,1,0,1,[1. 1.],[1 2],0.0,0,0.6,0.7,0.30000000000000004,[1. 1.]
457,1.0,458,0,False,1.0,229.0,0.0,1,1,0,[0. 0.],[1 2],0.0,0,0.6,0.7,0.30000000000000004,[1. 1.]
458,0.0,459,1,False,0.0,230.0,1.0,1,0,1,[0. 0.],[1 2],0.0,0,0.6,0.7,0.30000000000000004,[1. 1.]
459,1.0,460,0,False,0.0,230.0,0.0,1,1,0,[0. 0.],[1 2],0.0,0,0.6,0.7,0.30000000000000004,[1. 1.]
460,0.0,461,1,False,0.0,231.0,1.0,1,0,1,[0. 0.],[1 2],0.0,0,0.6,0.7,0.30000000000000004,[1. 1.]
461,1.0,462,0,False,0.0,231.0,0.0,1,1,0,[0. 0.],[1 2],0.0,0,0.6,0.7,0.30000000000000004,[1. 1.]
462,0.0,463,1,False,0.0,232.0,1.0,1,0,2,[0. 0.],[1 2],0.0,0,0.6,0.7,0.30000000000000004,[1. 1.]
463,1.0,464,0,False,0.0,232.0,0.0,1,1,0,[1. 1.],[1 2],0.0,0,0.6,0.7,0.30000000000000004,[1. 1.]
464,0.0,465,1,False,0.0,233.0,1.0,1,0,1,[1. 1.],[1 2],0.0,0,0.6,0.7,0.30000000000000004,[1. 1.]
465,1.0,466,0,False,1.0,233.0,0.0,1,1,0,[1. 1.],[1 2],1.0,0,0.6,0.7,0.30000000000000004,[1. 1.]
466,0.0,467,1,False,0.0,234.0,2.0,1,0,1,[1. 1.],[1 2],1.0,0,0.6,0.7,0.30000000000000004,[1. 1.]
467,2.0,468,0,False,1.0,234.0,0.0,1,1,0,[1. 0.],[1 2],,0,0.6,0.7,0.30000000000000004,[1. 1.]
468,0.0,469,1,False,0.0,235.0,1.0,1,0,1,[1. 0.],[1 2],,0,0.6,0.7,0.30000000000000004,[1. 1.]
469,1.0,470,0,False,1.0,235.0,0.0,1,1,0,[1. 1.],[1 2],,0,0.6,0.7,0.30000000000000004,[1. 1.]
470,0.0,471,1,False,0.0,236.0,1.0,1,0,1,[1. 1.],[1 2],,0,0.6,0.7,0.30000000000000004,[1. 1.]
471,1.0,472,0,False,1.0,236.0,0.0,1,1,0,[0. 0.],[1 2],1.0,0,0.6,0.7,0.30000000000000004,[1. 1.]
472,0.0,473,1,False,0.0,237.0,2.0,1,0,1,[0. 0.],[1 2],1.0,0,0.6,0.7,0.30000000000000004,[1. 1.]
473,2.0,474,0,False,0.0,237.0,0.0,1,1,0,[1. 1.],[1 2],0.0,0,0.6,0.7,0.30000000000000004,[1. 1.]
474,0.0,475,1,False,0.0,238.0,1.0,1,0,1,[1. 1.],[1 2],0.0,0,0.6,0.7,0.30000000000000004,[1. 1.]
475,1.0,476,0,False,1.0,238.0,0.0,1,1,0,[1. 0.],[1 2],1.0,0,0.6,0.7,0.30000000000000004,[1. 1.]
476,0.0,477,1,False,0.0,239.0,2.0,1,0,1,[1. 0.],[1 2],1.0,0,0.6,0.7,0.30000000000000004,[1. 1.]
477,2.0,478,0,False,1.0,239.0,0.0,1,1,0,[1. 0.],[1 2],,0,0.6,0.7,0.30000000000000004,[1. 1.]
478,0.0,479,1,False,0.0,240.0,1.0,1,0,1,[1. 0.],[1 2],,0,0.6,0.7,0.30000000000000004,[1. 1.]
479,1.0,480,0,False,1.0,240.0,0.0,1,1,0,[0. 0.],[1 2],,0,0.6,0.7,0.30000000000000004,[1. 1.]
480,0.0,481,1,False,0.0,241.0,1.0,1,0,1,[0. 0.],[1 2],,0,0.6,0.7,0.30000000000000004,[1. 1.]
481,1.0,482,0,False,0.0,241.0,0.0,1,1,0,[1. 0.],[1 2],,0,0.6,0.7,0.30000000000000004,[1. 1.]
482,0.0,483,1,False,0.0,242.0,1.0,1,0,1,[1. 0.],[1 2],,0,0.6,0.7,0.30000000000000004,[1. 1.]
483,1.0,484,0,False,1.0,242.0,0.0,1,1,0,[1. 1.],[1 2],,0,0.6,0.7,0.30000000000000004,[1. 1.]
484,0.0,485,1,False,0.0,243.0,1.0,1,0,1,[1. 1.],[1 2],,0,0.6,0.7,0.30000000000000004,[1. 1.]
485,1.0,486,0,False,1.0,243.0,0.0,1,1,0,[1. 0.],[1 2],0.0,0,0.6,0.7,0.30000000000000004,[1. 1.]
486,0.0,487,1,False,0.0,244.0,1.0,1,0,1,[1. 0.],[1 2],0.0,0,0.6,0.7,0.30000000000000004,[1. 1.]
487,1.0,488,0,False,1.0,244.0,0.0,1,1,0,[1. 0.],[1 2],1.0,0,0.6,0.7,0.30000000000000004,[1. 1.]
488,0.0,489,1,False,0.0,245.0,2.0,1,0,1,[1. 0.],[1 2],1.0,0,0.6,0.7,0.30000000000000004,[1. 1.]
489,2.0,490,0,False,1.0,245.0,0.0,1,1,0,[1. 1.],[1 2],0.0,0,0.6,0.7,0.30000000000000004,[1. 1.]
490,0.0,491,1,False,0.0,246.0,1.0,1,0,1,[1. 1.],[1 2],0.0,0,0.6,0.7,0.30000000000000004,[1. 1.]
491,1.0,492,0,False,1.0,246.0,0.0,1,1,0,[0. 0.],[1 2],0.0,0,0.6,0.7,0.30000000000000004,[1. 1.]
492,0.0,493,1,False,0.0,247.0,1.0,1,0,1,[0. 0.],[1 2],0.0,0,0.6,0.7,0.30000000000000004,[1. 1.]
493,1.0,494,0,False,0.0,247.0,0.0,1,1,0,[1. 1.],[1 2],1.0,0,0.6,0.7,0.30000000000000004,[1. 1.]
494,0.0,495,1,False,0.0,248.0,2.0,1,0,1,[1. 1.],[1 2],1.0,0,0.6,0.7,0.30000000000000004,[1. 1.]
495,2.0,496,0,False,1.0,248.0,0.0,1,1,0,[1. 0.],[1 2],,0,0.6,0.7,0.30000000000000004,[1. 1.]
496,0.0,497,1,False,0.0,249.0,1.0,1,0,1,[1. 0.],[1 2],,0,0.6,0.7,0.30000000000000004,[1. 1.]
497,1.0,498,0,False,1.0,249.0,0.0,1,1,0,[1. 0.],[1 2],0.0,0,0.6,0.7,0.30000000000000004,[1. 1.]
498,0.0,499,1,False,0.0,250.0,1.0,1,0,1,[1. 0.],[1 2],0.0,0,0.6,0.7,0.30000000000000004,[1. 1.]
499,1.0,500,0,False,1.0,250.0,0.0,1,1,0,[0. 0.],[1 2],1.0,0,0.6,0.7,0.30000000000000004,[1. 1.]
500,0.0,501,1,False,0.0,251.0,2.0,1,0,1,[0. 0.],[1 2],1.0,0,0.6,0.7,0.30000000000000004,[1. 1.]
501,2.0,502,0,False,0.0,251.0,0.0,1,1,0,[1. 0.],[1 2],,0,0.6,0.7,0.30000000000000004,[1. 1.]
502,0.0,503,1,False,0.0,252.0,1.0,1,0,1,[1. 0.],[1 2],,0,0.6,0.7,0.30000000000000004,[1. 1.]
503,1.0,504,0,False,1.0,252.0,0.0,1,1,0,[1. 0.],[1 2],1.0,0,0.6,0.7,0.30000000000000004,[1. 1.]
504,0.0,505,1,False,0.0,253.0,2.0,1,0,1,[1. 0.],[1 2],1.0,0,0.6,0.7,0.30000000000000004,[1. 1.]
505,2.0,506,0,False,1.0,253.0,0.0,1,1,0,[0. 1.],[1 2],1.0,0,0.6,0.7,0.30000000000000004,[1. 1.]
506,0.0,507,1,False,0.0,254.0,2.0,1,0,1,[0. 1.],[1 2],1.0,0,0.6,0.7,0.30000000000000004,[1. 1.]
507,2.0,508,0,False,0.0,254.0,0.0,1,1,0,[0. 0.],[1 2],1.0,0,0.6,0.7,0.30000000000000004,[1. 1.]
508,0.0,509,1,False,0.0,255.0,2.0,1,0,1,[0. 0.],[1 2],1.0,0,0.6,0.7,0.30000000000000004,[1. 1.]
509,2.0,510,0,False,0.0,255.0,0.0,1,1,0,[1. 0.],[1 2],0.0,0,0.6,0.7,0.30000000000000004,[1. 1.]
510,0.0,511,1,False,0.0,256.0,1.0,1,0,1,[1. 0.],[1 2],0.0,0,0.6,0.7,0.30000000000000004,[1. 1.]
511,1.0,512,0,False,1.0,256.0,0.0,1,1,0,[1. 0.],[1 2],1.0,0,0.6,0.7,0.30000000000000004,[1. 1.]
512,0.0,513,1,False,0.0,257.0,2.0,1,0,1,[1. 0.],[1 2],1.0,0,0.6,0.7,0.30000000000000004,[1. 1.]
513,2.0,514,0,False,1.0,257.0,0.0,1,1,0,[1. 1.],[1 2],,1,0.6,0.7,0.30000000000000004,[1. 1.]
514,0.0,515,1,False,0.0,258.0,1.0,1,0,1,[1. 1.],[1 2],,1,0.6,0.7,0.30000000000000004,[1. 1.]
515,1.0,516,0,False,1.0,258.0,0.0,1,1,0,[0. 1.],[1 2],0.0,1,0.6,0.7,0.30000000000000004,[1. 1.]
516,0.0,517,1,False,0.0,259.0,1.0,1,0,1,[0. 1.],[1 2],0.0,1,0.6,0.7,0.30000000000000004,[1. 1.]
517,1.0,518,0,False,0.0,259.0,0.0,1,1,0,[0. 0.],[2 1],1.0,1,0.6,0.7,0.30000000000000004,[1. 1.]
518,0.0,519,1,False,0.0,260.0,2.0,1,0,1,[0. 0.],[2 1],1.0,1,0.6,0.7,0.30000000000000004,[1. 1.]
519,2.0,520,0,False,0.0,260.0,0.0,1,1,0,[1. 0.],[2 1],0.0,1,0.6,0.7,0.30000000000000004,[1. 1.]
520,0.0,521,1,False,0.0,261.0,1.0,1,0,1,[1. 0.],[2 1],0.0,1,0.6,0.7,0.30000000000000004,[1. 1.]
521,1.0,522,0,False,0.0,261.0,0.0,1,1,0,[0. 0.],[2 1],,1,0.6,0.7,0.30000000000000004,[1. 1.]
522,0.0,523,1,False,0.0,262.0,2.0,1,0,1,[0. 0.],[2 1],,1,0.6,0.7,0.30000000000000004,[1. 1.]
523,2.0,524,0,False,0.0,262.0,0.0,1,1,0,[1. 1.],[2 1],1.0,1,0.6,0.7,0.30000000000000004,[1. 1.]
524,0.0,525,1,False,0.0,263.0,2.0,1,0,2,[1. 1.],[2 1],1.0,1,0.6,0.7,0.30000000000000004,[1. 1.]
525,2.0,526,0,False,1.0,263.0,0.0,1,1,0,[0. 1.],[2 1],,1,0.6,0.7,0.30000000000000004,[1. 1.]
526,0.0,527,1,False,0.0,264.0,1.0,1,0,2,[0. 1.],[2 1],,1,0.6,0.7,0.30000000000000004,[1. 1.]
527,1.0,528,0,False,0.0,264.0,0.0,1,1,0,[1. 0.],[2 1],0.0,1,0.6,0.7,0.30000000000000004,[1. 1.]
528,0.0,529,1,False,0.0,265.0,1.0,1,0,2,[1. 0.],[2 1],0.0,1,0.6,0.7,0.30000000000000004,[1. 1.]
529,1.0,530,0,False,1.0,265.0,0.0,1,1,0,[0. 0.],[2 1],1.0,1,0.6,0.7,0.30000000000000004,[1. 1.]
530,0.0,531,1,False,0.0,266.0,2.0,1,0,2,[0. 0.],[2 1],1.0,1,0.6,0.7,0.30000000000000004,[1. 1.]
531,2.0,532,0,False,0.0,266.0,0.0,1,1,0,[0. 0.],[2 1],,1,0.6,0.7,0.30000000000000004,[1. 1.]
532,0.0,533,1,False,0.0,267.0,2.0,1,0,1,[0. 0.],[2 1],,1,0.6,0.7,0.30000000000000004,[1. 1.]
533,2.0,534,0,False,0.0,267.0,0.0,1,1,0,[1. 0.],[2 1],,0,0.6,0.7,0.30000000000000004,[1. 1.]
534,0.0,535,1,False,0.0,268.0,1.0,1,0,2,[1. 0.],[2 1],,0,0.6,0.7,0.30000000000000004,[1. 1.]
535,1.0,536,0,False,1.0,268.0,0.0,1,1,0,[1. 0.],[2 1],1.0,0,0.6,0.7,0.30000000000000004,[1. 1.]
536,0.0,537,1,False,0.0,269.0,2.0,1,0,2,[1. 0.],[2 1],1.0,0,0.6,0.7,0.30000000000000004,[1. 1.]
537,2.0,538,0,False,1.0,269.0,0.0,1,1,0,[1. 0.],[2 1],1.0,0,0.6,0.7,0.30000000000000004,[1. 1.]
538,0.0,539,1,False,0.0,270.0,2.0,1,0,2,[1. 0.],[2 1],1.0,0,0.6,0.7,0.30000000000000004,[1. 1.]
539,2.0,540,0,False,1.0,270.0,0.0,1,1,0,[1. 0.],[2 1],0.0,0,0.6,0.7,0.30000000000000004,[1. 1.]
540,0.0,541,1,False,0.0,271.0,1.0,1,0,2,[1. 0.],[2 1],0.0,0,0.6,0.7,0.30000000000000004,[1. 1.]
541,1.0,542,0,False,1.0,271.0,0.0,1,1,0,[0. 0.],[2 1],0.0,0,0.6,0.7,0.30000000000000004,[1. 1.]
542,0.0,543,1,False,0.0,272.0,1.0,1,0,2,[0. 0.],[2 1],0.0,0,0.6,0.7,0.30000000000000004,[1. 1.]
543,1.0,544,0,False,0.0,272.0,0.0,1,1,0,[0. 1.],[2 1],,0,0.6,0.7,0.30000000000000004,[1. 1.]
544,0.0,545,1,False,0.0,273.0,1.0,1,0,2,[0. 1.],[2 1],,0,0.6,0.7,0.30000000000000004,[1. 1.]
545,1.0,546,0,False,0.0,273.0,0.0,1,1,0,[1. 0.],[2 1],1.0,0,0.6,0.7,0.30000000000000004,[1. 1.]
546,0.0,547,1,False,0.0,274.0,2.0,1,0,2,[1. 0.],[2 1],1.0,0,0.6,0.7,0.30000000000000004,[1. 1.]
547,2.0,548,0,False,1.0,274.0,0.0,1,1,0,[1. 1.],[2 1],0.0,0,0.6,0.7,0.30000000000000004,[1. 1.]
548,0.0,549,1,False,0.0,275.0,1.0,1,0,2,[1. 1.],[2 1],0.0,0,0.6,0.7,0.30000000000000004,[1. 1.]
549,1.0,550,0,False,1.0,275.0,0.0,1,1,0,[1. 1.],[2 1],1.0,0,0.6,0.7,0.30000000000000004,[1. 1.]
550,0.0,551,1,False,0.0,276.0,2.0,1,0,2,[1. 1.],[2 1],1.0,0,0.6,0.7,0.30000000000000004,[1. 1.]
551,2.0,552,0,False,1.0,276.0,0.0,1,1,0,[1. 0.],[2 1],,0,0.6,0.7,0.30000000000000004,[1. 1.]
552,0.0,553,1,False,0.0,277.0,1.0,1,0,2,[1. 0.],[2 1],,0,0.6,0.7,0.30000000000000004,[1. 1.]
553,1.0,554,0,False,1.0,277.0,0.0,1,1,0,[1. 1.],[2 1],0.0,0,0.6,0.7,0.30000000000000004,[1. 1.]
554,0.0,555,1,False,0.0,278.0,1.0,1,0,2,[1. 1.],[2 1],0.0,0,0.6,0.7,0.30000000000000004,[1. 1.]
555,1.0,556,0,False,1.0,278.0,0.0,1,1,0,[1. 1.],[2 1],1.0,0,0.6,0.7,0.30000000000000004,[1. 1.]
556,0.0,557,1,False,0.0,279.0,2.0,1,0,2,[1. 1.],[2 1],1.0,0,0.6,0.7,0.30000000000000004,[1. 1.]
557,2.0,558,0,False,1.0,279.0,0.0,1,1,0,[1. 1.],[2 1],,0,0.6,0.7,0.30000000000000004,[1. 1.]
558,0.0,559,1,False,0.0,280.0,1.0,1,0,2,[1. 1.],[2 1],,0,0.6,0.7,0.30000000000000004,[1. 1.]
559,1.0,560,0,False,1.0,280.0,0.0,1,1,0,[0. 0.],[2 1],1.0,0,0.6,0.7,0.30000000000000004,[1. 1.]
560,0.0,561,1,False,0.0,281.0,2.0,1,0,2,[0. 0.],[2 1],1.0,0,0.6,0.7,0.30000000000000004,[1. 1.]
561,2.0,562,0,False,0.0,281.0,0.0,1,1,0,[1. 1.],[2 1],,0,0.6,0.7,0.30000000000000004,[1. 1.]
562,0.0,563,1,False,0.0,282.0,1.0,1,0,2,[1. 1.],[2 1],,0,0.6,0.7,0.30000000000000004,[1. 1.]
563,1.0,564,0,False,1.0,282.0,0.0,1,1,0,[1. 0.],[2 1],,0,0.6,0.7,0.30000000000000004,[1. 1.]
564,0.0,565,1,False,0.0,283.0,1.0,1,0,2,[1. 0.],[2 1],,0,0.6,0.7,0.30000000000000004,[1. 1.]
565,1.0,566,0,False,1.0,283.0,0.0,1,1,0,[0. 1.],[2 1],,0,0.6,0.7,0.30000000000000004,[1. 1.]
566,0.0,567,1,False,0.0,284.0,1.0,1,0,2,[0. 1.],[2 1],,0,0.6,0.7,0.30000000000000004,[1. 1.]
567,1.0,568,0,False,0.0,284.0,0.0,1,1,0,[0. 0.],[2 1],1.0,0,0.6,0.7,0.30000000000000004,[1. 1.]
568,0.0,569,1,False,0.0,285.0,2.0,1,0,2,[0. 0.],[2 1],1.0,0,0.6,0.7,0.30000000000000004,[1. 1.]
569,2.0,570,0,False,0.0,285.0,0.0,1,1,0,[1. 1.],[2 1],0.0,0,0.6,0.7,0.30000000000000004,[1. 1.]
570,0.0,571,1,False,0.0,286.0,1.0,1,0,2,[1. 1.],[2 1],0.0,0,0.6,0.7,0.30000000000000004,[1. 1.]
571,1.0,572,0,False,1.0,286.0,0.0,1,1,0,[1. 0.],[2 1],,0,0.6,0.7,0.30000000000000004,[1. 1.]
572,0.0,573,1,False,0.0,287.0,1.0,1,0,2,[1. 0.],[2 1],,0,0.6,0.7,0.30000000000000004,[1. 1.]
573,1.0,574,0,False,1.0,287.0,0.0,1,1,0,[0. 0.],[2 1],0.0,0,0.6,0.7,0.30000000000000004,[1. 1.]
574,0.0,575,1,False,0.0,288.0,1.0,1,0,2,[0. 0.],[2 1],0.0,0,0.6,0.7,0.30000000000000004,[1. 1.]
575,1.0,576,0,False,0.0,288.0,0.0,1,1,0,[0. 0.],[2 1],,0,0.6,0.7,0.30000000000000004,[1. 1.]
576,0.0,577,1,False,0.0,289.0,1.0,1,0,2,[0. 0.],[2 1],,0,0.6,0.7,0.30000000000000004,[1. 1.]
577,1.0,578,0,False,0.0,289.0,0.0,1,1,0,[1. 1.],[2 1],,0,0.6,0.7,0.30000000000000004,[1. 1.]
578,0.0,579,1,False,0.0,290.0,1.0,1,0,2,[1. 1.],[2 1],,0,0.6,0.7,0.30000000000000004,[1. 1.]
579,1.0,580,0,False,1.0,290.0,0.0,1,1,0,[1. 0.],[2 1],0.0,0,0.6,0.7,0.30000000000000004,[1. 1.]
580,0.0,581,1,False,0.0,291.0,1.0,1,0,2,[1. 0.],[2 1],0.0,0,0.6,0.7,0.30000000000000004,[1. 1.]
581,1.0,582,0,False,1.0,291.0,0.0,1,1,0,[0. 1.],[2 1],,0,0.6,0.7,0.30000000000000004,[1. 1.]
582,0.0,583,1,False,0.0,292.0,1.0,1,0,2,[0. 1.],[2 1],,0,0.6,0.7,0.30000000000000004,[1. 1.]
583,1.0,584,0,False,0.0,292.0,0.0,1,1,0,[1. 0.],[2 1],,0,0.6,0.7,0.30000000000000004,[1. 1.]
584,0.0,585,1,False,0.0,293.0,1.0,1,0,2,[1. 0.],[2 1],,0,0.6,0.7,0.30000000000000004,[1. 1.]
585,1.0,586,0,False,1.0,293.0,0.0,1,1,0,[1. 0.],[2 1],,0,0.6,0.7,0.30000000000000004,[1. 1.]
586,0.0,587,1,False,0.0,294.0,1.0,1,0,2,[1. 0.],[2 1],,0,0.6,0.7,0.30000000000000004,[1. 1.]
587,1.0,588,0,False,1.0,294.0,0.0,1,1,0,[1. 0.],[2 1],0.0,0,0.6,0.7,0.30000000000000004,[1. 1.]
588,0.0,589,1,False,0.0,295.0,1.0,1,0,2,[1. 0.],[2 1],0.0,0,0.6,0.7,0.30000000000000004,[1. 1.]
589,1.0,590,0,False,1.0,295.0,0.0,1,1,0,[1. 1.],[2 1],1.0,0,0.6,0.7,0.30000000000000004,[1. 1.]
590,0.0,591,1,False,0.0,296.0,2.0,1,0,2,[1. 1.],[2 1],1.0,0,0.6,0.7,0.30000000000000004,[1. 1.]
591,2.0,592,0,False,1.0,296.0,0.0,1,1,0,[0. 0.],[2 1],,0,0.6,0.7,0.30000000000000004,[1. 1.]
592,0.0,593,1,False,0.0,297.0,1.0,1,0,2,[0. 0.],[2 1],,0,0.6,0.7,0.30000000000000004,[1. 1.]
593,1.0,594,0,False,0.0,297.0,0.0,1,1,0,[1. 1.],[2 1],1.0,0,0.6,0.7,0.30000000000000004,[1. 1.]
594,0.0,595,1,False,0.0,298.0,2.0,1,0,2,[1. 1.],[2 1],1.0,0,0.6,0.7,0.30000000000000004,[1. 1.]
595,2.0,596,0,False,1.0,298.0,0.0,1,1,0,[1. 0.],[2 1],0.0,0,0.6,0.7,0.30000000000000004,[1. 1.]
596,0.0,597,1,False,0.0,299.0,1.0,1,0,2,[1. 0.],[2 1],0.0,0,0.6,0.7,0.30000000000000004,[1. 1.]
597,1.0,598,0,False,1.0,299.0,0.0,1,1,0,[1. 0.],[2 1],0.0,0,0.6,0.7,0.30000000000000004,[1. 1.]
598,0.0,599,1,False,0.0,300.0,1.0,1,0,2,[1. 0.],[2 1],0.0,0,0.6,0.7,0.30000000000000004,[1. 1.]
599,1.0,600,0,False,1.0,300.0,0.0,1,1,0,[1. 0.],[2 1],1.0,0,0.6,0.7,0.30000000000000004,[1. 1.]
600,0.0,601,1,False,0.0,301.0,2.0,1,0,2,[1. 0.],[2 1],1.0,0,0.6,0.7,0.30000000000000004,[1. 1.]
601,2.0,602,0,False,1.0,301.0,0.0,1,1,0,[1. 1.],[2 1],0.0,0,0.6,0.7,0.30000000000000004,[1. 1.]
602,0.0,603,1,False,0.0,302.0,1.0,1,0,2,[1. 1.],[2 1],0.0,0,0.6,0.7,0.30000000000000004,[1. 1.]
603,1.0,604,0,False,1.0,302.0,0.0,1,1,0,[1. 0.],[2 1],,0,0.6,0.7,0.30000000000000004,[1. 1.]
604,0.0,605,1,False,0.0,303.0,1.0,1,0,2,[1. 0.],[2 1],,0,0.6,0.7,0.30000000000000004,[1. 1.]
605,1.0,606,0,False,1.0,303.0,0.0,1,1,0,[0. 0.],[2 1],1.0,0,0.6,0.7,0.30000000000000004,[1. 1.]
606,0.0,607,1,False,0.0,304.0,2.0,1,0,2,[0. 0.],[2 1],1.0,0,0.6,0.7,0.30000000000000004,[1. 1.]
607,2.0,608,0,False,0.0,304.0,0.0,1,1,0,[0. 0.],[2 1],,0,0.6,0.7,0.30000000000000004,[1. 1.]
608,0.0,609,1,False,0.0,305.0,1.0,1,0,2,[0. 0.],[2 1],,0,0.6,0.7,0.30000000000000004,[1. 1.]
609,1.0,610,0,False,0.0,305.0,0.0,1,1,0,[1. 0.],[2 1],,0,0.6,0.7,0.30000000000000004,[1. 1.]
610,0.0,611,1,False,0.0,306.0,1.0,1,0,2,[1. 0.],[2 1],,0,0.6,0.7,0.30000000000000004,[1. 1.]
611,1.0,612,0,False,1.0,306.0,0.0,1,1,0,[1. 1.],[2 1],1.0,0,0.6,0.7,0.30000000000000004,[1. 1.]
612,0.0,613,1,False,0.0,307.0,2.0,1,0,2,[1. 1.],[2 1],1.0,0,0.6,0.7,0.30000000000000004,[1. 1.]
613,2.0,614,0,False,1.0,307.0,0.0,1,1,0,[0. 1.],[2 1],1.0,0,0.6,0.7,0.30000000000000004,[1. 1.]
614,0.0,615,1,False,0.0,308.0,2.0,1,0,2,[0. 1.],[2 1],1.0,0,0.6,0.7,0.30000000000000004,[1. 1.]
615,2.0,616,0,False,0.0,308.0,0.0,1,1,0,[1. 0.],[2 1],,0,0.6,0.7,0.30000000000000004,[1. 1.]
616,0.0,617,1,False,0.0,309.0,1.0,1,0,2,[1. 0.],[2 1],,0,0.6,0.7,0.30000000000000004,[1. 1.]
617,1.0,618,0,False,1.0,309.0,0.0,1,1,0,[1. 1.],[2 1],,0,0.6,0.7,0.30000000000000004,[1. 1.]
618,0.0,619,1,False,0.0,310.0,1.0,1,0,2,[1. 1.],[2 1],,0,0.6,0.7,0.30000000000000004,[1. 1.]
619,1.0,620,0,False,1.0,310.0,0.0,1,1,0,[1. 0.],[2 1],,0,0.6,0.7,0.30000000000000004,[1. 1.]
620,0.0,621,1,False,0.0,311.0,1.0,1,0,2,[1. 0.],[2 1],,0,0.6,0.7,0.30000000000000004,[1. 1.]
621,1.0,622,0,False,1.0,311.0,0.0,1,1,0,[0. 1.],[2 1],0.0,0,0.6,0.7,0.30000000000000004,[1. 1.]
622,0.0,623,1,False,0.0,312.0,1.0,1,0,2,[0. 1.],[2 1],0.0,0,0.6,0.7,0.30000000000000004,[1. 1.]
623,1.0,624,0,False,0.0,312.0,0.0,1,1,0,[1. 0.],[2 1],0.0,0,0.6,0.7,0.30000000000000004,[1. 1.]
624,0.0,625,1,False,0.0,313.0,1.0,1,0,2,[1. 0.],[2 1],0.0,0,0.6,0.7,0.30000000000000004,[1. 1.]
625,1.0,626,0,False,1.0,313.0,0.0,1,1,0,[1. 1.],[2 1],1.0,0,0.6,0.7,0.30000000000000004,[1. 1.]
626,0.0,627,1,False,0.0,314.0,2.0,1,0,2,[1. 1.],[2 1],1.0,0,0.6,0.7,0.30000000000000004,[1. 1.]
627,2.0,628,0,False,1.0,314.0,0.0,1,1,0,[1. 0.],[2 1],1.0,0,0.6,0.7,0.30000000000000004,[1. 1.]
628,0.0,629,1,False,0.0,315.0,2.0,1,0,2,[1. 0.],[2 1],1.0,0,0.6,0.7,0.30000000000000004,[1. 1.]
629,2.0,630,0,False,1.0,315.0,0.0,1,1,0,[0. 0.],[2 1],,0,0.6,0.7,0.30000000000000004,[1. 1.]
630,0.0,631,1,False,0.0,316.0,1.0,1,0,2,[0. 0.],[2 1],,0,0.6,0.7,0.30000000000000004,[1. 1.]
631,1.0,632,0,False,0.0,316.0,0.0,1,1,0,[1. 0.],[2 1],0.0,0,0.6,0.7,0.30000000000000004,[1. 1.]
632,0.0,633,1,False,0.0,317.0,1.0,1,0,2,[1. 0.],[2 1],0.0,0,0.6,0.7,0.30000000000000004,[1. 1.]
633,1.0,634,0,False,1.0,317.0,0.0,1,1,0,[1. 1.],[2 1],,0,0.6,0.7,0.30000000000000004,[1. 1.]
634,0.0,635,1,False,0.0,318.0,1.0,1,0,2,[1. 1.],[2 1],,0,0.6,0.7,0.30000000000000004,[1. 1.]
635,1.0,636,0,False,1.0,318.0,0.0,1,1,0,[1. 0.],[2 1],,0,0.6,0.7,0.30000000000000004,[1. 1.]
636,0.0,637,1,False,0.0,319.0,1.0,1,0,2,[1. 0.],[2 1],,0,0.6,0.7,0.30000000000000004,[1. 1.]
637,1.0,638,0,False,1.0,319.0,0.0,1,1,0,[1. 0.],[2 1],0.0,0,0.6,0.7,0.30000000000000004,[1. 1.]
638,0.0,639,1,False,0.0,320.0,1.0,1,0,2,[1. 0.],[2 1],0.0,0,0.6,0.7,0.30000000000000004,[1. 1.]
639,1.0,640,0,False,1.0,320.0,0.0,1,1,0,[1. 0.],[2 1],,0,0.6,0.7,0.30000000000000004,[1. 1.]
640,0.0,641,1,False,0.0,321.0,1.0,1,0,2,[1. 0.],[2 1],,0,0.6,0.7,0.30000000000000004,[1. 1.]
641,1.0,642,0,False,1.0,321.0,0.0,1,1,0,[1. 1.],[2 1],,0,0.6,0.7,0.30000000000000004,[1. 1.]
642,0.0,643,1,False,0.0,322.0,1.0,1,0,2,[1. 1.],[2 1],,0,0.6,0.7,0.30000000000000004,[1. 1.]
643,1.0,644,0,False,1.0,322.0,0.0,1,1,0,[0. 1.],[2 1],,0,0.6,0.7,0.30000000000000004,[1. 1.]
644,0.0,645,1,False,0.0,323.0,1.0,1,0,2,[0. 1.],[2 1],,0,0.6,0.7,0.30000000000000004,[1. 1.]
645,1.0,646,0,False,0.0,323.0,0.0,1,1,0,[0. 0.],[2 1],1.0,0,0.6,0.7,0.30000000000000004,[1. 1.]
646,0.0,647,1,False,0.0,324.0,2.0,1,0,2,[0. 0.],[2 1],1.0,0,0.6,0.7,0.30000000000000004,[1. 1.]
647,2.0,648,0,False,0.0,324.0,0.0,1,1,0,[1. 0.],[2 1],0.0,0,0.6,0.7,0.30000000000000004,[1. 1.]
648,0.0,649,1,False,0.0,325.0,1.0,1,0,2,[1. 0.],[2 1],0.0,0,0.6,0.7,0.30000000000000004,[1. 1.]
649,1.0,650,0,False,1.0,325.0,0.0,1,1,0,[0. 0.],[2 1],0.0,0,0.6,0.7,0.30000000000000004,[1. 1.]
650,0.0,651,1,False,0.0,326.0,1.0,1,0,2,[0. 0.],[2 1],0.0,0,0.6,0.7,0.30000000000000004,[1. 1.]
651,1.0,652,0,False,0.0,326.0,0.0,1,1,0,[0. 0.],[1 2],1.0,0,0.6,0.7,0.30000000000000004,[1. 1.]
652,0.0,653,1,False,0.0,327.0,2.0,1,0,2,[0. 0.],[1 2],1.0,0,0.6,0.7,0.30000000000000004,[1. 1.]
653,2.0,654,0,False,0.0,327.0,0.0,1,1,0,[0. 1.],[1 2],0.0,0,0.6,0.7,0.30000000000000004,[1. 1.]
654,0.0,655,1,False,0.0,328.0,1.0,1,0,1,[0. 1.],[1 2],0.0,0,0.6,0.7,0.30000000000000004,[1. 1.]
655,1.0,656,0,False,0.0,328.0,0.0,1,1,0,[0. 1.],[1 2],0.0,0,0.6,0.7,0.30000000000000004,[1. 1.]
656,0.0,657,1,False,0.0,329.0,1.0,1,0,1,[0. 1.],[1 2],0.0,0,0.6,0.7,0.30000000000000004,[1. 1.]
657,1.0,658,0,False,0.0,329.0,0.0,1,1,0,[1. 1.],[1 2],0.0,0,0.6,0.7,0.30000000000000004,[1. 1.]
658,0.0,659,1,False,0.0,330.0,1.0,1,0,2,[1. 1.],[1 2],0.0,0,0.6,0.7,0.30000000000000004,[1. 1.]
659,1.0,660,0,False,1.0,330.0,0.0,1,1,0,[1. 1.],[1 2],0.0,0,0.6,0.7,0.30000000000000004,[1. 1.]
660,0.0,661,1,False,0.0,331.0,1.0,1,0,2,[1. 1.],[1 2],0.0,0,0.6,0.7,0.30000000000000004,[1. 1.]
661,1.0,662,0,False,1.0,331.0,0.0,1,1,0,[1. 0.],[1 2],,0,0.6,0.7,0.30000000000000004,[1. 1.]
662,0.0,663,1,False,0.0,332.0,2.0,1,0,2,[1. 0.],[1 2],,0,0.6,0.7,0.30000000000000004,[1. 1.]
663,2.0,664,0,False,0.0,332.0,0.0,1,1,0,[1. 0.],[1 2],0.0,0,0.6,0.7,0.30000000000000004,[1. 1.]
664,0.0,665,1,False,0.0,333.0,1.0,1,0,2,[1. 0.],[1 2],0.0,0,0.6,0.7,0.30000000000000004,[1. 1.]
665,1.0,666,0,False,0.0,333.0,0.0,1,1,0,[0. 1.],[1 2],1.0,0,0.6,0.7,0.30000000000000004,[1. 1.]
666,0.0,667,1,False,0.0,334.0,2.0,1,0,1,[0. 1.],[1 2],1.0,0,0.6,0.7,0.30000000000000004,[1. 1.]
667,2.0,668,0,False,0.0,334.0,0.0,1,1,0,[1. 0.],[1 2],0.0,0,0.6,0.7,0.30000000000000004,[1. 1.]
668,0.0,669,1,False,0.0,335.0,1.0,1,0,2,[1. 0.],[1 2],0.0,0,0.6,0.7,0.30000000000000004,[1. 1.]
669,1.0,670,0,False,0.0,335.0,0.0,1,1,0,[1. 0.],[1 2],0.0,0,0.6,0.7,0.30000000000000004,[1. 1.]
670,0.0,671,1,False,0.0,336.0,1.0,1,0,2,[1. 0.],[1 2],0.0,0,0.6,0.7,0.30000000000000004,[1. 1.]
671,1.0,672,0,False,0.0,336.0,0.0,1,1,0,[1. 1.],[1 2],1.0,0,0.6,0.7,0.30000000000000004,[1. 1.]
672,0.0,673,1,False,0.0,337.0,2.0,1,0,1,[1. 1.],[1 2],1.0,0,0.6,0.7,0.30000000000000004,[1. 1.]
673,2.0,674,0,False,1.0,337.0,0.0,1,1,0,[1. 0.],[1 2],,0,0.6,0.7,0.30000000000000004,[1. 1.]
674,0.0,675,1,False,0.0,338.0,1.0,1,0,1,[1. 0.],[1 2],,0,0.6,0.7,0.30000000000000004,[1. 1.]
675,1.0,676,0,False,1.0,338.0,0.0,1,1,0,[1. 0.],[1 2],,0,0.6,0.7,0.30000000000000004,[1. 1.]
676,0.0,677,1,False,0.0,339.0,1.0,1,0,1,[1. 0.],[1 2],,0,0.6,0.7,0.30000000000000004,[1. 1.]
677,1.0,678,0,False,1.0,339.0,0.0,1,1,0,[1. 0.],[1 2],1.0,0,0.6,0.7,0.30000000000000004,[1. 1.]
678,0.0,679,1,False,0.0,340.0,2.0,1,0,1,[1. 0.],[1 2],1.0,0,0.6,0.7,0.30000000000000004,[1. 1.]
679,2.0,680,0,False,1.0,340.0,0.0,1,1,0,[1. 0.],[1 2],,0,0.6,0.7,0.30000000000000004,[1. 1.]
680,0.0,681,1,False,0.0,341.0,1.0,1,0,1,[1. 0.],[1 2],,0,0.6,0.7,0.30000000000000004,[1. 1.]
681,1.0,682,0,False,1.0,341.0,0.0,1,1,0,[1. 1.],[1 2],0.0,0,0.6,0.7,0.30000000000000004,[1. 1.]
682,0.0,683,1,False,0.0,342.0,1.0,1,0,1,[1. 1.],[1 2],0.0,0,0.6,0.7,0.30000000000000004,[1. 1.]
683,1.0,684,0,False,1.0,342.0,0.0,1,1,0,[1. 0.],[1 2],,0,0.6,0.7,0.30000000000000004,[1. 1.]
684,0.0,685,1,False,0.0,343.0,1.0,1,0,1,[1. 0.],[1 2],,0,0.6,0.7,0.30000000000000004,[1. 1.]
685,1.0,686,0,False,1.0,343.0,0.0,1,1,0,[0. 1.],[1 2],1.0,0,0.6,0.7,0.30000000000000004,[1. 1.]
686,0.0,687,1,False,0.0,344.0,2.0,1,0,1,[0. 1.],[1 2],1.0,0,0.6,0.7,0.30000000000000004,[1. 1.]
687,2.0,688,0,False,0.0,344.0,0.0,1,1,0,[1. 0.],[1 2],0.0,0,0.6,0.7,0.30000000000000004,[1. 1.]
688,0.0,689,1,False,0.0,345.0,1.0,1,0,1,[1. 0.],[1 2],0.0,0,0.6,0.7,0.30000000000000004,[1. 1.]
689,1.0,690,0,False,1.0,345.0,0.0,1,1,0,[1. 1.],[1 2],,0,0.6,0.7,0.30000000000000004,[1. 1.]
690,0.0,691,1,False,0.0,346.0,1.0,1,0,1,[1. 1.],[1 2],,0,0.6,0.7,0.30000000000000004,[1. 1.]
691,1.0,692,0,False,1.0,346.0,0.0,1,1,0,[0. 0.],[1 2],1.0,0,0.6,0.7,0.30000000000000004,[1. 1.]
692,0.0,693,1,False,0.0,347.0,2.0,1,0,1,[0. 0.],[1 2],1.0,0,0.6,0.7,0.30000000000000004,[1. 1.]
693,2.0,694,0,False,0.0,347.0,0.0,1,1,0,[0. 1.],[1 2],1.0,0,0.6,0.7,0.30000000000000004,[1. 1.]
694,0.0,695,1,False,0.0,348.0,2.0,1,0,1,[0. 1.],[1 2],1.0,0,0.6,0.7,0.30000000000000004,[1. 1.]
695,2.0,696,0,False,0.0,348.0,0.0,1,1,0,[1. 0.],[1 2],1.0,0,0.6,0.7,0.30000000000000004,[1. 1.]
696,0.0,697,1,False,0.0,349.0,2.0,1,0,2,[1. 0.],[1 2],1.0,0,0.6,0.7,0.30000000000000004,[1. 1.]
697,2.0,698,0,False,0.0,349.0,0.0,1,1,0,[1. 0.],[1 2],,0,0.6,0.7,0.30000000000000004,[1. 1.]
698,0.0,699,1,False,0.0,350.0,1.0,1,0,1,[1. 0.],[1 2],,0,0.6,0.7,0.30000000000000004,[1. 1.]
699,1.0,700,0,False,1.0,350.0,0.0,1,1,0,[1. 0.],[1 2],,0,0.6,0.7,0.30000000000000004,[1. 1.]
700,0.0,701,1,False,0.0,351.0,1.0,1,0,1,[1. 0.],[1 2],,0,0.6,0.7,0.30000000000000004,[1. 1.]
701,1.0,702,0,False,1.0,351.0,0.0,1,1,0,[1. 1.],[1 2],1.0,0,0.6,0.7,0.30000000000000004,[1. 1.]
702,0.0,703,1,False,0.0,352.0,2.0,1,0,1,[1. 1.],[1 2],1.0,0,0.6,0.7,0.30000000000000004,[1. 1.]
703,2.0,704,0,False,1.0,352.0,0.0,1,1,0,[0. 0.],[1 2],1.0,0,0.6,0.7,0.30000000000000004,[1. 1.]
704,0.0,705,1,False,0.0,353.0,2.0,1,0,1,[0. 0.],[1 2],1.0,0,0.6,0.7,0.30000000000000004,[1. 1.]
705,2.0,706,0,False,0.0,353.0,0.0,1,1,0,[1. 0.],[1 2],,0,0.6,0.7,0.30000000000000004,[1. 1.]
706,0.0,707,1,False,0.0,354.0,1.0,1,0,1,[1. 0.],[1 2],,0,0.6,0.7,0.30000000000000004,[1. 1.]
707,1.0,708,0,False,1.0,354.0,0.0,1,1,0,[1. 1.],[1 2],,0,0.6,0.7,0.30000000000000004,[1. 1.]
708,0.0,709,1,False,0.0,355.0,1.0,1,0,1,[1. 1.],[1 2],,0,0.6,0.7,0.30000000000000004,[1. 1.]
709,1.0,710,0,False,1.0,355.0,0.0,1,1,0,[1. 1.],[1 2],1.0,0,0.6,0.7,0.30000000000000004,[1. 1.]
710,0.0,711,1,False,0.0,356.0,2.0,1,0,1,[1. 1.],[1 2],1.0,0,0.6,0.7,0.30000000000000004,[1. 1.]
711,2.0,712,0,False,1.0,356.0,0.0,1,1,0,[1. 0.],[1 2],1.0,0,0.6,0.7,0.30000000000000004,[1. 1.]
712,0.0,713,1,False,0.0,357.0,2.0,1,0,1,[1. 0.],[1 2],1.0,0,0.6,0.7,0.30000000000000004,[1. 1.]
713,2.0,714,0,False,1.0,357.0,0.0,1,1,0,[0. 0.],[1 2],1.0,0,0.6,0.7,0.30000000000000004,[1. 1.]
714,0.0,715,1,False,0.0,358.0,2.0,1,0,1,[0. 0.],[1 2],1.0,0,0.6,0.7,0.30000000000000004,[1. 1.]
715,2.0,716,0,False,0.0,358.0,0.0,1,1,0,[1. 0.],[1 2],,0,0.6,0.7,0.30000000000000004,[1. 1.]
716,0.0,717,1,False,0.0,359.0,1.0,1,0,1,[1. 0.],[1 2],,0,0.6,0.7,0.30000000000000004,[1. 1.]
717,1.0,718,0,False,1.0,359.0,0.0,1,1,0,[1. 0.],[1 2],0.0,0,0.6,0.7,0.30000000000000004,[1. 1.]
718,0.0,719,1,False,0.0,360.0,1.0,1,0,1,[1. 0.],[1 2],0.0,0,0.6,0.7,0.30000000000000004,[1. 1.]
719,1.0,720,0,False,1.0,360.0,0.0,1,1,0,[0. 0.],[1 2],1.0,0,0.6,0.7,0.30000000000000004,[1. 1.]
720,0.0,721,1,False,0.0,361.0,2.0,1,0,1,[0. 0.],[1 2],1.0,0,0.6,0.7,0.30000000000000004,[1. 1.]
721,2.0,722,0,False,0.0,361.0,0.0,1,1,0,[1. 0.],[1 2],0.0,0,0.6,0.7,0.30000000000000004,[1. 1.]
722,0.0,723,1,False,0.0,362.0,1.0,1,0,1,[1. 0.],[1 2],0.0,0,0.6,0.7,0.30000000000000004,[1. 1.]
723,1.0,724,0,False,1.0,362.0,0.0,1,1,0,[1. 0.],[1 2],0.0,0,0.6,0.7,0.30000000000000004,[1. 1.]
724,0.0,725,1,False,0.0,363.0,1.0,1,0,1,[1. 0.],[1 2],0.0,0,0.6,0.7,0.30000000000000004,[1. 1.]
725,1.0,726,0,False,1.0,363.0,0.0,1,1,0,[1. 0.],[1 2],,0,0.6,0.7,0.30000000000000004,[1. 1.]
726,0.0,727,1,False,0.0,364.0,1.0,1,0,1,[1. 0.],[1 2],,0,0.6,0.7,0.30000000000000004,[1. 1.]
727,1.0,728,0,False,1.0,364.0,0.0,1,1,0,[0. 0.],[1 2],1.0,0,0.6,0.7,0.30000000000000004,[1. 1.]
728,0.0,729,1,False,0.0,365.0,2.0,1,0,1,[0. 0.],[1 2],1.0,0,0.6,0.7,0.30000000000000004,[1. 1.]
729,2.0,730,0,False,0.0,365.0,0.0,1,1,0,[1. 0.],[1 2],1.0,0,0.6,0.7,0.30000000000000004,[1. 1.]
730,0.0,731,1,False,0.0,366.0,2.0,1,0,1,[1. 0.],[1 2],1.0,0,0.6,0.7,0.30000000000000004,[1. 1.]
731,2.0,732,0,False,1.0,366.0,0.0,1,1,0,[1. 0.],[1 2],0.0,0,0.6,0.7,0.30000000000000004,[1. 1.]
732,0.0,733,1,False,0.0,367.0,1.0,1,0,1,[1. 0.],[1 2],0.0,0,0.6,0.7,0.30000000000000004,[1. 1.]
733,1.0,734,0,False,1.0,367.0,0.0,1,1,0,[0. 0.],[1 2],,0,0.6,0.7,0.30000000000000004,[1. 1.]
734,0.0,735,1,False,0.0,368.0,1.0,1,0,1,[0. 0.],[1 2],,0,0.6,0.7,0.30000000000000004,[1. 1.]
735,1.0,736,0,False,0.0,368.0,0.0,1,1,0,[0. 0.],[1 2],,0,0.6,0.7,0.30000000000000004,[1. 1.]
736,0.0,737,1,False,0.0,369.0,1.0,1,0,1,[0. 0.],[1 2],,0,0.6,0.7,0.30000000000000004,[1. 1.]
737,1.0,738,0,False,0.0,369.0,0.0,1,1,0,[1. 0.],[1 2],,0,0.6,0.7,0.30000000000000004,[1. 1.]
738,0.0,739,1,False,0.0,370.0,1.0,1,0,1,[1. 0.],[1 2],,0,0.6,0.7,0.30000000000000004,[1. 1.]
739,1.0,740,0,False,1.0,370.0,0.0,1,1,0,[0. 1.],[1 2],1.0,1,0.6,0.7,0.30000000000000004,[1. 1.]
740,0.0,741,1,False,0.0,371.0,2.0,1,0,1,[0. 1.],[1 2],1.0,1,0.6,0.7,0.30000000000000004,[1. 1.]
741,2.0,742,0,False,0.0,371.0,0.0,1,1,0,[0. 1.],[1 2],,1,0.6,0.7,0.30000000000000004,[1. 1.]
742,0.0,743,1,False,0.0,372.0,1.0,1,0,1,[0. 1.],[1 2],,1,0.6,0.7,0.30000000000000004,[1. 1.]
743,1.0,744,0,False,0.0,372.0,0.0,1,1,0,[1. 0.],[1 2],1.0,1,0.6,0.7,0.30000000000000004,[1. 1.]
744,0.0,745,1,False,0.0,373.0,2.0,1,0,1,[1. 0.],[1 2],1.0,1,0.6,0.7,0.30000000000000004,[1. 1.]
745,2.0,746,0,False,1.0,373.0,0.0,1,1,0,[0. 0.],[1 2],1.0,1,0.6,0.7,0.30000000000000004,[1. 1.]
746,0.0,747,1,False,0.0,374.0,2.0,1,0,1,[0. 0.],[1 2],1.0,1,0.6,0.7,0.30000000000000004,[1. 1.]
747,2.0,748,0,False,0.0,374.0,0.0,1,1,0,[0. 1.],[1 2],,0,0.6,0.7,0.30000000000000004,[1. 1.]
748,0.0,749,1,False,0.0,375.0,1.0,1,0,1,[0. 1.],[1 2],,0,0.6,0.7,0.30000000000000004,[1. 1.]
749,1.0,750,0,False,0.0,375.0,0.0,1,1,0,[1. 0.],[1 2],0.0,0,0.6,0.7,0.30000000000000004,[1. 1.]
750,0.0,751,1,False,0.0,376.0,1.0,1,0,1,[1. 0.],[1 2],0.0,0,0.6,0.7,0.30000000000000004,[1. 1.]
751,1.0,752,0,False,1.0,376.0,0.0,1,1,0,[0. 0.],[1 2],0.0,0,0.6,0.7,0.30000000000000004,[1. 1.]
752,0.0,753,1,False,0.0,377.0,1.0,1,0,1,[0. 0.],[1 2],0.0,0,0.6,0.7,0.30000000000000004,[1. 1.]
753,1.0,754,0,False,0.0,377.0,0.0,1,1,0,[1. 0.],[1 2],,0,0.6,0.7,0.30000000000000004,[1. 1.]
754,0.0,755,1,False,0.0,378.0,1.0,1,0,1,[1. 0.],[1 2],,0,0.6,0.7,0.30000000000000004,[1. 1.]
755,1.0,756,0,False,1.0,378.0,0.0,1,1,0,[1. 0.],[1 2],,0,0.6,0.7,0.30000000000000004,[1. 1.]
756,0.0,757,1,False,0.0,379.0,1.0,1,0,1,[1. 0.],[1 2],,0,0.6,0.7,0.30000000000000004,[1. 1.]
757,1.0,758,0,False,1.0,379.0,0.0,1,1,0,[0. 1.],[2 1],0.0,0,0.6,0.7,0.30000000000000004,[1. 1.]
758,0.0,759,1,False,0.0,380.0,1.0,1,0,1,[0. 1.],[2 1],0.0,0,0.6,0.7,0.30000000000000004,[1. 1.]
759,1.0,760,0,False,1.0,380.0,0.0,1,1,0,[1. 0.],[2 1],0.0,0,0.6,0.7,0.30000000000000004,[1. 1.]
760,0.0,761,1,False,0.0,381.0,1.0,1,0,1,[1. 0.],[2 1],0.0,0,0.6,0.7,0.30000000000000004,[1. 1.]
761,1.0,762,0,False,0.0,381.0,0.0,1,1,0,[0. 0.],[2 1],,0,0.6,0.7,0.30000000000000004,[1. 1.]
762,0.0,763,1,False,0.0,382.0,2.0,1,0,1,[0. 0.],[2 1],,0,0.6,0.7,0.30000000000000004,[1. 1.]
763,2.0,764,0,False,0.0,382.0,0.0,1,1,0,[1. 0.],[2 1],,0,0.6,0.7,0.30000000000000004,[1. 1.]
764,0.0,765,1,False,0.0,383.0,1.0,1,0,2,[1. 0.],[2 1],,0,0.6,0.7,0.30000000000000004,[1. 1.]
765,1.0,766,0,False,1.0,383.0,0.0,1,1,0,[1. 0.],[2 1],,0,0.6,0.7,0.30000000000000004,[1. 1.]
766,0.0,767,1,False,0.0,384.0,1.0,1,0,2,[1. 0.],[2 1],,0,0.6,0.7,0.30000000000000004,[1. 1.]
767,1.0,768,0,False,1.0,384.0,0.0,1,1,0,[1. 0.],[2 1],1.0,0,0.6,0.7,0.30000000000000004,[1. 1.]
768,0.0,769,1,False,0.0,385.0,2.0,1,0,2,[1. 0.],[2 1],1.0,0,0.6,0.7,0.30000000000000004,[1. 1.]
769,2.0,770,0,False,1.0,385.0,0.0,1,1,0,[0. 1.],[2 1],1.0,0,0.6,0.7,0.30000000000000004,[1. 1.]
770,0.0,771,1,False,0.0,386.0,2.0,1,0,2,[0. 1.],[2 1],1.0,0,0.6,0.7,0.30000000000000004,[1. 1.]
771,2.0,772,0,False,0.0,386.0,0.0,1,1,0,[1. 1.],[2 1],1.0,0,0.6,0.7,0.30000000000000004,[1. 1.]
772,0.0,773,1,False,0.0,387.0,2.0,1,0,2,[1. 1.],[2 1],1.0,0,0.6,0.7,0.30000000000000004,[1. 1.]
773,2.0,774,0,False,1.0,387.0,0.0,1,1,0,[0. 1.],[2 1],1.0,0,0.6,0.7,0.30000000000000004,[1. 1.]
774,0.0,775,1,False,0.0,388.0,2.0,1,0,2,[0. 1.],[2 1],1.0,0,0.6,0.7,0.30000000000000004,[1. 1.]
775,2.0,776,0,False,0.0,388.0,0.0,1,1,0,[1. 0.],[2 1],,0,0.6,0.7,0.30000000000000004,[1. 1.]
776,0.0,777,1,False,0.0,389.0,2.0,1,0,1,[1. 0.],[2 1],,0,0.6,0.7,0.30000000000000004,[1. 1.]
777,2.0,778,0,False,0.0,389.0,0.0,1,1,0,[1. 0.],[2 1],,0,0.6,0.7,0.30000000000000004,[1. 1.]
778,0.0,779,1,False,0.0,390.0,1.0,1,0,2,[1. 0.],[2 1],,0,0.6,0.7,0.30000000000000004,[1. 1.]
779,1.0,780,0,False,1.0,390.0,0.0,1,1,0,[1. 0.],[2 1],1.0,0,0.6,0.7,0.30000000000000004,[1. 1.]
780,0.0,781,1,False,0.0,391.0,2.0,1,0,2,[1. 0.],[2 1],1.0,0,0.6,0.7,0.30000000000000004,[1. 1.]
781,2.0,782,0,False,1.0,391.0,0.0,1,1,0,[0. 0.],[2 1],0.0,0,0.6,0.7,0.30000000000000004,[1. 1.]
782,0.0,783,1,False,0.0,392.0,1.0,1,0,2,[0. 0.],[2 1],0.0,0,0.6,0.7,0.30000000000000004,[1. 1.]
783,1.0,784,0,False,0.0,392.0,0.0,1,1,0,[1. 0.],[2 1],0.0,0,0.6,0.7,0.30000000000000004,[1. 1.]
784,0.0,785,1,False,0.0,393.0,1.0,1,0,2,[1. 0.],[2 1],0.0,0,0.6,0.7,0.30000000000000004,[1. 1.]
785,1.0,786,0,False,1.0,393.0,0.0,1,1,0,[1. 0.],[2 1],,0,0.6,0.7,0.30000000000000004,[1. 1.]
786,0.0,787,1,False,0.0,394.0,1.0,1,0,2,[1. 0.],[2 1],,0,0.6,0.7,0.30000000000000004,[1. 1.]
787,1.0,788,0,False,1.0,394.0,0.0,1,1,0,[0. 0.],[2 1],0.0,0,0.6,0.7,0.30000000000000004,[1. 1.]
788,0.0,789,1,False,0.0,395.0,1.0,1,0,2,[0. 0.],[2 1],0.0,0,0.6,0.7,0.30000000000000004,[1. 1.]
789,1.0,790,0,False,0.0,395.0,0.0,1,1,0,[0. 0.],[2 1],,0,0.6,0.7,0.30000000000000004,[1. 1.]
790,0.0,791,1,False,0.0,396.0,1.0,1,0,2,[0. 0.],[2 1],,0,0.6,0.7,0.30000000000000004,[1. 1.]
791,1.0,792,0,False,0.0,396.0,0.0,1,1,0,[0. 0.],[2 1],,0,0.6,0.7,0.30000000000000004,[1. 1.]
792,0.0,793,1,False,0.0,397.0,1.0,1,0,2,[0. 0.],[2 1],,0,0.6,0.7,0.30000000000000004,[1. 1.]
793,1.0,794,0,False,0.0,397.0,0.0,1,1,0,[1. 1.],[2 1],1.0,0,0.6,0.7,0.30000000000000004,[1. 1.]
794,0.0,795,1,False,0.0,398.0,2.0,1,0,1,[1. 1.],[2 1],1.0,0,0.6,0.7,0.30000000000000004,[1. 1.]
795,2.0,796,0,False,1.0,398.0,0.0,1,1,0,[1. 0.],[2 1],,0,0.6,0.7,0.30000000000000004,[1. 1.]
796,0.0,797,1,False,0.0,399.0,2.0,1,0,1,[1. 0.],[2 1],,0,0.6,0.7,0.30000000000000004,[1. 1.]
797,2.0,798,0,False,0.0,399.0,0.0,1,1,0,[0. 1.],[2 1],1.0,0,0.6,0.7,0.30000000000000004,[1. 1.]
798,0.0,799,1,False,0.0,400.0,2.0,1,0,1,[0. 1.],[2 1],1.0,0,0.6,0.7,0.30000000000000004,[1. 1.]
799,2.0,800,0,False,1.0,400.0,0.0,1,1,0,[1. 0.],[2 1],,0,0.6,0.7,0.30000000000000004,[1. 1.]
800,0.0,801,1,False,0.0,401.0,2.0,1,0,1,[1. 0.],[2 1],,0,0.6,0.7,0.30000000000000004,[1. 1.]
801,2.0,802,0,False,0.0,401.0,0.0,1,1,0,[1. 0.],[1 2],1.0,0,0.6,0.7,0.30000000000000004,[1. 1.]
802,0.0,803,1,False,0.0,402.0,2.0,1,0,1,[1. 0.],[1 2],1.0,0,0.6,0.7,0.30000000000000004,[1. 1.]
803,2.0,804,0,False,1.0,402.0,0.0,1,1,0,[1. 0.],[1 2],,0,0.6,0.7,0.30000000000000004,[1. 1.]
804,0.0,805,1,False,0.0,403.0,1.0,1,0,1,[1. 0.],[1 2],,0,0.6,0.7,0.30000000000000004,[1. 1.]
805,1.0,806,0,False,1.0,403.0,0.0,1,1,0,[1. 1.],[1 2],,0,0.6,0.7,0.30000000000000004,[1. 1.]
806,0.0,807,1,False,0.0,404.0,1.0,1,0,1,[1. 1.],[1 2],,0,0.6,0.7,0.30000000000000004,[1. 1.]
807,1.0,808,0,False,1.0,404.0,0.0,1,1,0,[1. 0.],[1 2],0.0,0,0.6,0.7,0.30000000000000004,[1. 1.]
808,0.0,809,1,False,0.0,405.0,1.0,1,0,1,[1. 0.],[1 2],0.0,0,0.6,0.7,0.30000000000000004,[1. 1.]
809,1.0,810,0,False,1.0,405.0,0.0,1,1,0,[1. 1.],[1 2],,0,0.6,0.7,0.30000000000000004,[1. 1.]
810,0.0,811,1,False,0.0,406.0,1.0,1,0,1,[1. 1.],[1 2],,0,0.6,0.7,0.30000000000000004,[1. 1.]
811,1.0,812,0,False,1.0,406.0,0.0,1,1,0,[0. 0.],[1 2],,0,0.6,0.7,0.30000000000000004,[1. 1.]
812,0.0,813,1,False,0.0,407.0,1.0,1,0,1,[0. 0.],[1 2],,0,0.6,0.7,0.30000000000000004,[1. 1.]
813,1.0,814,0,False,0.0,407.0,0.0,1,1,0,[1. 0.],[1 2],1.0,0,0.6,0.7,0.30000000000000004,[1. 1.]
814,0.0,815,1,False,0.0,408.0,2.0,1,0,1,[1. 0.],[1 2],1.0,0,0.6,0.7,0.30000000000000004,[1. 1.]
815,2.0,816,0,False,1.0,408.0,0.0,1,1,0,[1. 0.],[1 2],0.0,0,0.6,0.7,0.30000000000000004,[1. 1.]
816,0.0,817,1,False,0.0,409.0,1.0,1,0,1,[1. 0.],[1 2],0.0,0,0.6,0.7,0.30000000000000004,[1. 1.]
817,1.0,818,0,False,1.0,409.0,0.0,1,1,0,[0. 0.],[1 2],,0,0.6,0.7,0.30000000000000004,[1. 1.]
818,0.0,819,1,False,0.0,410.0,1.0,1,0,1,[0. 0.],[1 2],,0,0.6,0.7,0.30000000000000004,[1. 1.]
819,1.0,820,0,False,0.0,410.0,0.0,1,1,0,[1. 0.],[1 2],,0,0.6,0.7,0.30000000000000004,[1. 1.]
820,0.0,821,1,False,0.0,411.0,1.0,1,0,1,[1. 0.],[1 2],,0,0.6,0.7,0.30000000000000004,[1. 1.]
821,1.0,822,0,False,1.0,411.0,0.0,1,1,0,[1. 1.],[1 2],1.0,0,0.6,0.7,0.30000000000000004,[1. 1.]
822,0.0,823,1,False,0.0,412.0,2.0,1,0,1,[1. 1.],[1 2],1.0,0,0.6,0.7,0.30000000000000004,[1. 1.]
823,2.0,824,0,False,1.0,412.0,0.0,1,1,0,[1. 0.],[1 2],1.0,0,0.6,0.7,0.30000000000000004,[1. 1.]
824,0.0,825,1,False,0.0,413.0,2.0,1,0,1,[1. 0.],[1 2],1.0,0,0.6,0.7,0.30000000000000004,[1. 1.]
825,2.0,826,0,False,1.0,413.0,0.0,1,1,0,[1. 0.],[1 2],1.0,0,0.6,0.7,0.30000000000000004,[1. 1.]
826,0.0,827,1,False,0.0,414.0,2.0,1,0,1,[1. 0.],[1 2],1.0,0,0.6,0.7,0.30000000000000004,[1. 1.]
827,2.0,828,0,False,1.0,414.0,0.0,1,1,0,[1. 0.],[1 2],,0,0.6,0.7,0.30000000000000004,[1. 1.]
828,0.0,829,1,False,0.0,415.0,1.0,1,0,1,[1. 0.],[1 2],,0,0.6,0.7,0.30000000000000004,[1. 1.]
829,1.0,830,0,False,1.0,415.0,0.0,1,1,0,[1. 0.],[1 2],1.0,0,0.6,0.7,0.30000000000000004,[1. 1.]
830,0.0,831,1,False,0.0,416.0,2.0,1,0,1,[1. 0.],[1 2],1.0,0,0.6,0.7,0.30000000000000004,[1. 1.]
831,2.0,832,0,False,1.0,416.0,0.0,1,1,0,[1. 0.],[1 2],0.0,0,0.6,0.7,0.30000000000000004,[1. 1.]
832,0.0,833,1,False,0.0,417.0,1.0,1,0,1,[1. 0.],[1 2],0.0,0,0.6,0.7,0.30000000000000004,[1. 1.]
833,1.0,834,0,False,1.0,417.0,0.0,1,1,0,[1. 0.],[1 2],,0,0.6,0.7,0.30000000000000004,[1. 1.]
834,0.0,835,1,False,0.0,418.0,1.0,1,0,1,[1. 0.],[1 2],,0,0.6,0.7,0.30000000000000004,[1. 1.]
835,1.0,836,0,False,1.0,418.0,0.0,1,1,0,[0. 0.],[1 2],1.0,0,0.6,0.7,0.30000000000000004,[1. 1.]
836,0.0,837,1,False,0.0,419.0,2.0,1,0,1,[0. 0.],[1 2],1.0,0,0.6,0.7,0.30000000000000004,[1. 1.]
837,2.0,838,0,False,0.0,419.0,0.0,1,1,0,[1. 1.],[1 2],,0,0.6,0.7,0.30000000000000004,[1. 1.]
838,0.0,839,1,False,0.0,420.0,1.0,1,0,1,[1. 1.],[1 2],,0,0.6,0.7,0.30000000000000004,[1. 1.]
839,1.0,840,0,False,1.0,420.0,0.0,1,1,0,[0. 0.],[1 2],,1,0.6,0.7,0.30000000000000004,[1. 1.]
840,0.0,841,1,False,0.0,421.0,1.0,1,0,1,[0. 0.],[1 2],,1,0.6,0.7,0.30000000000000004,[1. 1.]
841,1.0,842,0,False,0.0,421.0,0.0,1,1,0,[0. 1.],[1 2],1.0,1,0.6,0.7,0.30000000000000004,[1. 1.]
842,0.0,843,1,False,0.0,422.0,2.0,1,0,1,[0. 1.],[1 2],1.0,1,0.6,0.7,0.30000000000000004,[1. 1.]
843,2.0,844,0,False,0.0,422.0,0.0,1,1,0,[1. 1.],[1 2],,1,0.6,0.7,0.30000000000000004,[1. 1.]
844,0.0,845,1,False,0.0,423.0,2.0,1,0,2,[1. 1.],[1 2],,1,0.6,0.7,0.30000000000000004,[1. 1.]
845,2.0,846,0,False,1.0,423.0,0.0,1,1,0,[0. 0.],[1 2],1.0,1,0.6,0.7,0.30000000000000004,[1. 1.]
846,0.0,847,1,False,0.0,424.0,2.0,1,0,2,[0. 0.],[1 2],1.0,1,0.6,0.7,0.30000000000000004,[1. 1.]
847,2.0,848,0,False,0.0,424.0,0.0,1,1,0,[0. 1.],[1 2],0.0,1,0.6,0.7,0.30000000000000004,[1. 1.]
848,0.0,849,1,False,0.0,425.0,1.0,1,0,1,[0. 1.],[1 2],0.0,1,0.6,0.7,0.30000000000000004,[1. 1.]
849,1.0,850,0,False,0.0,425.0,0.0,1,1,0,[0. 0.],[1 2],1.0,1,0.6,0.7,0.30000000000000004,[1. 1.]
850,0.0,851,1,False,0.0,426.0,2.0,1,0,1,[0. 0.],[1 2],1.0,1,0.6,0.7,0.30000000000000004,[1. 1.]
851,2.0,852,0,False,0.0,426.0,0.0,1,1,0,[0. 0.],[1 2],,1,0.6,0.7,0.30000000000000004,[1. 1.]
852,0.0,853,1,False,0.0,427.0,2.0,1,0,2,[0. 0.],[1 2],,1,0.6,0.7,0.30000000000000004,[1. 1.]
853,2.0,854,0,False,0.0,427.0,0.0,1,1,0,[0. 1.],[1 2],0.0,1,0.6,0.7,0.30000000000000004,[1. 1.]
854,0.0,855,1,False,0.0,428.0,1.0,1,0,1,[0. 1.],[1 2],0.0,1,0.6,0.7,0.30000000000000004,[1. 1.]
855,1.0,856,0,False,0.0,428.0,0.0,1,1,0,[0. 1.],[1 2],0.0,1,0.6,0.7,0.30000000000000004,[1. 1.]
856,0.0,857,1,False,0.0,429.0,1.0,1,0,1,[0. 1.],[1 2],0.0,1,0.6,0.7,0.30000000000000004,[1. 1.]
857,1.0,858,0,False,0.0,429.0,0.0,1,1,0,[0. 1.],[1 2],1.0,1,0.6,0.7,0.30000000000000004,[1. 1.]
858,0.0,859,1,False,0.0,430.0,2.0,1,0,1,[0. 1.],[1 2],1.0,1,0.6,0.7,0.30000000000000004,[1. 1.]
859,2.0,860,0,False,0.0,430.0,0.0,1,1,0,[0. 1.],[1 2],,1,0.6,0.7,0.30000000000000004,[1. 1.]
860,0.0,861,1,False,0.0,431.0,2.0,1,0,2,[0. 1.],[1 2],,1,0.6,0.7,0.30000000000000004,[1. 1.]
861,2.0,862,0,False,1.0,431.0,0.0,1,1,0,[0. 1.],[1 2],,1,0.6,0.7,0.30000000000000004,[1. 1.]
862,0.0,863,1,False,0.0,432.0,2.0,1,0,2,[0. 1.],[1 2],,1,0.6,0.7,0.30000000000000004,[1. 1.]
863,2.0,864,0,False,1.0,432.0,0.0,1,1,0,[0. 1.],[1 2],0.0,1,0.6,0.7,0.30000000000000004,[1. 1.]
864,0.0,865,1,False,0.0,433.0,1.0,1,0,2,[0. 1.],[1 2],0.0,1,0.6,0.7,0.30000000000000004,[1. 1.]
865,1.0,866,0,False,1.0,433.0,0.0,1,1,0,[0. 0.],[1 2],,1,0.6,0.7,0.30000000000000004,[1. 1.]
866,0.0,867,1,False,0.0,434.0,2.0,1,0,2,[0. 0.],[1 2],,1,0.6,0.7,0.30000000000000004,[1. 1.]
867,2.0,868,0,False,0.0,434.0,0.0,1,1,0,[1. 1.],[1 2],,1,0.6,0.7,0.30000000000000004,[1. 1.]
868,0.0,869,1,False,0.0,435.0,2.0,1,0,2,[1. 1.],[1 2],,1,0.6,0.7,0.30000000000000004,[1. 1.]
869,2.0,870,0,False,1.0,435.0,0.0,1,1,0,[0. 1.],[1 2],0.0,1,0.6,0.7,0.30000000000000004,[1. 1.]
870,0.0,871,1,False,0.0,436.0,1.0,1,0,2,[0. 1.],[1 2],0.0,1,0.6,0.7,0.30000000000000004,[1. 1.]
871,1.0,872,0,False,1.0,436.0,0.0,1,1,0,[0. 1.],[2 1],0.0,1,0.6,0.7,0.30000000000000004,[1. 1.]
872,0.0,873,1,False,0.0,437.0,1.0,1,0,2,[0. 1.],[2 1],0.0,1,0.6,0.7,0.30000000000000004,[1. 1.]
873,1.0,874,0,False,0.0,437.0,0.0,1,1,0,[0. 1.],[2 1],,1,0.6,0.7,0.30000000000000004,[1. 1.]
874,0.0,875,1,False,0.0,438.0,1.0,1,0,2,[0. 1.],[2 1],,1,0.6,0.7,0.30000000000000004,[1. 1.]
875,1.0,876,0,False,0.0,438.0,0.0,1,1,0,[1. 1.],[2 1],0.0,1,0.6,0.7,0.30000000000000004,[1. 1.]
876,0.0,877,1,False,0.0,439.0,1.0,1,0,1,[1. 1.],[2 1],0.0,1,0.6,0.7,0.30000000000000004,[1. 1.]
877,1.0,878,0,False,1.0,439.0,0.0,1,1,0,[1. 0.],[2 1],1.0,1,0.6,0.7,0.30000000000000004,[1. 1.]
878,0.0,879,1,False,0.0,440.0,2.0,1,0,1,[1. 0.],[2 1],1.0,1,0.6,0.7,0.30000000000000004,[1. 1.]
879,2.0,880,0,False,0.0,440.0,0.0,1,1,0,[1. 1.],[2 1],1.0,1,0.6,0.7,0.30000000000000004,[1. 1.]
880,0.0,881,1,False,0.0,441.0,2.0,1,0,1,[1. 1.],[2 1],1.0,1,0.6,0.7,0.30000000000000004,[1. 1.]
881,2.0,882,0,False,1.0,441.0,0.0,1,1,0,[0. 1.],[2 1],,1,0.6,0.7,0.30000000000000004,[1. 1.]
882,0.0,883,1,False,0.0,442.0,2.0,1,0,1,[0. 1.],[2 1],,1,0.6,0.7,0.30000000000000004,[1. 1.]
883,2.0,884,0,False,1.0,442.0,0.0,1,1,0,[0. 1.],[2 1],1.0,1,0.6,0.7,0.30000000000000004,[1. 1.]
884,0.0,885,1,False,0.0,443.0,2.0,1,0,1,[0. 1.],[2 1],1.0,1,0.6,0.7,0.30000000000000004,[1. 1.]
885,2.0,886,0,False,1.0,443.0,0.0,1,1,0,[0. 1.],[2 1],,1,0.6,0.7,0.30000000000000004,[1. 1.]
886,0.0,887,1,False,0.0,444.0,2.0,1,0,1,[0. 1.],[2 1],,1,0.6,0.7,0.30000000000000004,[1. 1.]
887,2.0,888,0,False,1.0,444.0,0.0,1,1,0,[0. 1.],[2 1],,1,0.6,0.7,0.30000000000000004,[1. 1.]
888,0.0,889,1,False,0.0,445.0,2.0,1,0,1,[0. 1.],[2 1],,1,0.6,0.7,0.30000000000000004,[1. 1.]
889,2.0,890,0,False,1.0,445.0,0.0,1,1,0,[0. 0.],[2 1],,1,0.6,0.7,0.30000000000000004,[1. 1.]
890,0.0,891,1,False,0.0,446.0,2.0,1,0,1,[0. 0.],[2 1],,1,0.6,0.7,0.30000000000000004,[1. 1.]
891,2.0,892,0,False,0.0,446.0,0.0,1,1,0,[0. 1.],[2 1],,1,0.6,0.7,0.30000000000000004,[1. 1.]
892,0.0,893,1,False,0.0,447.0,2.0,1,0,1,[0. 1.],[2 1],,1,0.6,0.7,0.30000000000000004,[1. 1.]
893,2.0,894,0,False,1.0,447.0,0.0,1,1,0,[0. 1.],[2 1],,1,0.6,0.7,0.30000000000000004,[1. 1.]
894,0.0,895,1,False,0.0,448.0,2.0,1,0,1,[0. 1.],[2 1],,1,0.6,0.7,0.30000000000000004,[1. 1.]
895,2.0,896,0,False,1.0,448.0,0.0,1,1,0,[1. 1.],[2 1],0.0,1,0.6,0.7,0.30000000000000004,[1. 1.]
896,0.0,897,1,False,0.0,449.0,1.0,1,0,1,[1. 1.],[2 1],0.0,1,0.6,0.7,0.30000000000000004,[1. 1.]
897,1.0,898,0,False,1.0,449.0,0.0,1,1,0,[0. 1.],[2 1],,1,0.6,0.7,0.30000000000000004,[1. 1.]
898,0.0,899,1,False,0.0,450.0,2.0,1,0,1,[0. 1.],[2 1],,1,0.6,0.7,0.30000000000000004,[1. 1.]
899,2.0,900,0,False,1.0,450.0,0.0,1,1,0,[0. 1.],[2 1],,1,0.6,0.7,0.30000000000000004,[1. 1.]
900,0.0,901,1,False,0.0,451.0,2.0,1,0,1,[0. 1.],[2 1],,1,0.6,0.7,0.30000000000000004,[1. 1.]
901,2.0,902,0,False,1.0,451.0,0.0,1,1,0,[1. 0.],[2 1],,1,0.6,0.7,0.30000000000000004,[1. 1.]
902,0.0,903,1,False,0.0,452.0,2.0,1,0,1,[1. 0.],[2 1],,1,0.6,0.7,0.30000000000000004,[1. 1.]
903,2.0,904,0,False,0.0,452.0,0.0,1,1,0,[1. 1.],[1 2],,1,0.6,0.7,0.30000000000000004,[1. 1.]
904,0.0,905,1,False,0.0,453.0,1.0,1,0,1,[1. 1.],[1 2],,1,0.6,0.7,0.30000000000000004,[1. 1.]
905,1.0,906,0,False,1.0,453.0,0.0,1,1,0,[0. 0.],[1 2],0.0,1,0.6,0.7,0.30000000000000004,[1. 1.]
906,0.0,907,1,False,0.0,454.0,1.0,1,0,1,[0. 0.],[1 2],0.0,1,0.6,0.7,0.30000000000000004,[1. 1.]
907,1.0,908,0,False,0.0,454.0,0.0,1,1,0,[0. 1.],[1 2],,1,0.6,0.7,0.30000000000000004,[1. 1.]
908,0.0,909,1,False,0.0,455.0,1.0,1,0,1,[0. 1.],[1 2],,1,0.6,0.7,0.30000000000000004,[1. 1.]
909,1.0,910,0,False,0.0,455.0,0.0,1,1,0,[0. 1.],[1 2],0.0,1,0.6,0.7,0.30000000000000004,[1. 1.]
910,0.0,911,1,False,0.0,456.0,1.0,1,0,2,[0. 1.],[1 2],0.0,1,0.6,0.7,0.30000000000000004,[1. 1.]
911,1.0,912,0,False,1.0,456.0,0.0,1,1,0,[0. 0.],[1 2],,1,0.6,0.7,0.30000000000000004,[1. 1.]
912,0.0,913,1,False,0.0,457.0,2.0,1,0,2,[0. 0.],[1 2],,1,0.6,0.7,0.30000000000000004,[1. 1.]
913,2.0,914,0,False,0.0,457.0,0.0,1,1,0,[0. 0.],[1 2],,1,0.6,0.7,0.30000000000000004,[1. 1.]
914,0.0,915,1,False,0.0,458.0,2.0,1,0,2,[0. 0.],[1 2],,1,0.6,0.7,0.30000000000000004,[1. 1.]
915,2.0,916,0,False,0.0,458.0,0.0,1,1,0,[0. 0.],[1 2],0.0,1,0.6,0.7,0.30000000000000004,[1. 1.]
916,0.0,917,1,False,0.0,459.0,1.0,1,0,1,[0. 0.],[1 2],0.0,1,0.6,0.7,0.30000000000000004,[1. 1.]
917,1.0,918,0,False,0.0,459.0,0.0,1,1,0,[1. 1.],[1 2],0.0,1,0.6,0.7,0.30000000000000004,[1. 1.]
918,0.0,919,1,False,0.0,460.0,1.0,1,0,2,[1. 1.],[1 2],0.0,1,0.6,0.7,0.30000000000000004,[1. 1.]
919,1.0,920,0,False,1.0,460.0,0.0,1,1,0,[1. 1.],[1 2],0.0,1,0.6,0.7,0.30000000000000004,[1. 1.]
920,0.0,921,1,False,0.0,461.0,1.0,1,0,2,[1. 1.],[1 2],0.0,1,0.6,0.7,0.30000000000000004,[1. 1.]
921,1.0,922,0,False,1.0,461.0,0.0,1,1,0,[1. 1.],[1 2],,1,0.6,0.7,0.30000000000000004,[1. 1.]
922,0.0,923,1,False,0.0,462.0,2.0,1,0,2,[1. 1.],[1 2],,1,0.6,0.7,0.30000000000000004,[1. 1.]
923,2.0,924,0,False,1.0,462.0,0.0,1,1,0,[0. 0.],[1 2],,1,0.6,0.7,0.30000000000000004,[1. 1.]
924,0.0,925,1,False,0.0,463.0,2.0,1,0,2,[0. 0.],[1 2],,1,0.6,0.7,0.30000000000000004,[1. 1.]
925,2.0,926,0,False,0.0,463.0,0.0,1,1,0,[1. 0.],[1 2],,1,0.6,0.7,0.30000000000000004,[1. 1.]
926,0.0,927,1,False,0.0,464.0,2.0,1,0,2,[1. 0.],[1 2],,1,0.6,0.7,0.30000000000000004,[1. 1.]
927,2.0,928,0,False,0.0,464.0,0.0,1,1,0,[1. 1.],[1 2],,1,0.6,0.7,0.30000000000000004,[1. 1.]
928,0.0,929,1,False,0.0,465.0,2.0,1,0,2,[1. 1.],[1 2],,1,0.6,0.7,0.30000000000000004,[1. 1.]
929,2.0,930,0,False,1.0,465.0,0.0,1,1,0,[0. 1.],[1 2],,1,0.6,0.7,0.30000000000000004,[1. 1.]
930,0.0,931,1,False,0.0,466.0,2.0,1,0,2,[0. 1.],[1 2],,1,0.6,0.7,0.30000000000000004,[1. 1.]
931,2.0,932,0,False,1.0,466.0,0.0,1,1,0,[0. 1.],[1 2],0.0,1,0.6,0.7,0.30000000000000004,[1. 1.]
932,0.0,933,1,False,0.0,467.0,1.0,1,0,2,[0. 1.],[1 2],0.0,1,0.6,0.7,0.30000000000000004,[1. 1.]
933,1.0,934,0,False,1.0,467.0,0.0,1,1,0,[0. 1.],[1 2],,1,0.6,0.7,0.30000000000000004,[1. 1.]
934,0.0,935,1,False,0.0,468.0,2.0,1,0,2,[0. 1.],[1 2],,1,0.6,0.7,0.30000000000000004,[1. 1.]
935,2.0,936,0,False,1.0,468.0,0.0,1,1,0,[1. 1.],[1 2],0.0,1,0.6,0.7,0.30000000000000004,[1. 1.]
936,0.0,937,1,False,0.0,469.0,1.0,1,0,2,[1. 1.],[1 2],0.0,1,0.6,0.7,0.30000000000000004,[1. 1.]
937,1.0,938,0,False,1.0,469.0,0.0,1,1,0,[0. 1.],[1 2],,1,0.6,0.7,0.30000000000000004,[1. 1.]
938,0.0,939,1,False,0.0,470.0,2.0,1,0,2,[0. 1.],[1 2],,1,0.6,0.7,0.30000000000000004,[1. 1.]
939,2.0,940,0,False,1.0,470.0,0.0,1,1,0,[0. 1.],[1 2],1.0,1,0.6,0.7,0.30000000000000004,[1. 1.]
940,0.0,941,1,False,0.0,471.0,2.0,1,0,2,[0. 1.],[1 2],1.0,1,0.6,0.7,0.30000000000000004,[1. 1.]
941,2.0,942,0,False,1.0,471.0,0.0,1,1,0,[0. 1.],[1 2],0.0,1,0.6,0.7,0.30000000000000004,[1. 1.]
942,0.0,943,1,False,0.0,472.0,1.0,1,0,2,[0. 1.],[1 2],0.0,1,0.6,0.7,0.30000000000000004,[1. 1.]
943,1.0,944,0,False,1.0,472.0,0.0,1,1,0,[0. 1.],[1 2],1.0,1,0.6,0.7,0.30000000000000004,[1. 1.]
944,0.0,945,1,False,0.0,473.0,2.0,1,0,2,[0. 1.],[1 2],1.0,1,0.6,0.7,0.30000000000000004,[1. 1.]
945,2.0,946,0,False,1.0,473.0,0.0,1,1,0,[0. 1.],[1 2],,1,0.6,0.7,0.30000000000000004,[1. 1.]
946,0.0,947,1,False,0.0,474.0,2.0,1,0,2,[0. 1.],[1 2],,1,0.6,0.7,0.30000000000000004,[1. 1.]
947,2.0,948,0,False,1.0,474.0,0.0,1,1,0,[1. 0.],[1 2],,1,0.6,0.7,0.30000000000000004,[1. 1.]
948,0.0,949,1,False,0.0,475.0,2.0,1,0,2,[1. 0.],[1 2],,1,0.6,0.7,0.30000000000000004,[1. 1.]
949,2.0,950,0,False,0.0,475.0,0.0,1,1,0,[0. 1.],[1 2],0.0,1,0.6,0.7,0.30000000000000004,[1. 1.]
950,0.0,951,1,False,0.0,476.0,1.0,1,0,2,[0. 1.],[1 2],0.0,1,0.6,0.7,0.30000000000000004,[1. 1.]
951,1.0,952,0,False,1.0,476.0,0.0,1,1,0,[1. 1.],[1 2],,1,0.6,0.7,0.30000000000000004,[1. 1.]
952,0.0,953,1,False,0.0,477.0,2.0,1,0,2,[1. 1.],[1 2],,1,0.6,0.7,0.30000000000000004,[1. 1.]
953,2.0,954,0,False,1.0,477.0,0.0,1,1,0,[0. 0.],[1 2],,1,0.6,0.7,0.30000000000000004,[1. 1.]
954,0.0,955,1,False,0.0,478.0,2.0,1,0,2,[0. 0.],[1 2],,1,0.6,0.7,0.30000000000000004,[1. 1.]
955,2.0,956,0,False,0.0,478.0,0.0,1,1,0,[1. 1.],[1 2],,1,0.6,0.7,0.30000000000000004,[1. 1.]
956,0.0,957,1,False,0.0,479.0,2.0,1,0,2,[1. 1.],[1 2],,1,0.6,0.7,0.30000000000000004,[1. 1.]
957,2.0,958,0,False,1.0,479.0,0.0,1,1,0,[1. 1.],[1 2],1.0,1,0.6,0.7,0.30000000000000004,[1. 1.]
958,0.0,959,1,False,0.0,480.0,2.0,1,0,2,[1. 1.],[1 2],1.0,1,0.6,0.7,0.30000000000000004,[1. 1.]
959,2.0,960,0,False,1.0,480.0,0.0,1,1,0,[0. 0.],[2 1],0.0,1,0.6,0.7,0.30000000000000004,[1. 1.]
960,0.0,961,1,False,0.0,481.0,1.0,1,0,2,[0. 0.],[2 1],0.0,1,0.6,0.7,0.30000000000000004,[1. 1.]
961,1.0,962,0,False,0.0,481.0,0.0,1,1,0,[0. 1.],[2 1],0.0,1,0.6,0.7,0.30000000000000004,[1. 1.]
962,0.0,963,1,False,0.0,482.0,1.0,1,0,2,[0. 1.],[2 1],0.0,1,0.6,0.7,0.30000000000000004,[1. 1.]
963,1.0,964,0,False,0.0,482.0,0.0,1,1,0,[1. 0.],[2 1],,1,0.6,0.7,0.30000000000000004,[1. 1.]
964,0.0,965,1,False,0.0,483.0,2.0,1,0,1,[1. 0.],[2 1],,1,0.6,0.7,0.30000000000000004,[1. 1.]
965,2.0,966,0,False,0.0,483.0,0.0,1,1,0,[0. 1.],[2 1],,1,0.6,0.7,0.30000000000000004,[1. 1.]
966,0.0,967,1,False,0.0,484.0,1.0,1,0,2,[0. 1.],[2 1],,1,0.6,0.7,0.30000000000000004,[1. 1.]
967,1.0,968,0,False,0.0,484.0,0.0,1,1,0,[0. 1.],[2 1],,1,0.6,0.7,0.30000000000000004,[1. 1.]
968,0.0,969,1,False,0.0,485.0,2.0,1,0,1,[0. 1.],[2 1],,1,0.6,0.7,0.30000000000000004,[1. 1.]
969,2.0,970,0,False,1.0,485.0,0.0,1,1,0,[0. 0.],[2 1],1.0,1,0.6,0.7,0.30000000000000004,[1. 1.]
970,0.0,971,1,False,0.0,486.0,2.0,1,0,1,[0. 0.],[2 1],1.0,1,0.6,0.7,0.30000000000000004,[1. 1.]
971,2.0,972,0,False,0.0,486.0,0.0,1,1,0,[0. 0.],[2 1],,1,0.6,0.7,0.30000000000000004,[1. 1.]
972,0.0,973,1,False,0.0,487.0,2.0,1,0,1,[0. 0.],[2 1],,1,0.6,0.7,0.30000000000000004,[1. 1.]
973,2.0,974,0,False,0.0,487.0,0.0,1,1,0,[1. 1.],[2 1],0.0,1,0.6,0.7,0.30000000000000004,[1. 1.]
974,0.0,975,1,False,0.0,488.0,1.0,1,0,1,[1. 1.],[2 1],0.0,1,0.6,0.7,0.30000000000000004,[1. 1.]
975,1.0,976,0,False,1.0,488.0,0.0,1,1,0,[0. 0.],[1 2],0.0,1,0.6,0.7,0.30000000000000004,[1. 1.]
976,0.0,977,1,False,0.0,489.0,1.0,1,0,1,[0. 0.],[1 2],0.0,1,0.6,0.7,0.30000000000000004,[1. 1.]
977,1.0,978,0,False,0.0,489.0,0.0,1,1,0,[0. 1.],[1 2],0.0,1,0.6,0.7,0.30000000000000004,[1. 1.]
978,0.0,979,1,False,0.0,490.0,1.0,1,0,1,[0. 1.],[1 2],0.0,1,0.6,0.7,0.30000000000000004,[1. 1.]
979,1.0,980,0,False,0.0,490.0,0.0,1,1,0,[1. 1.],[1 2],1.0,1,0.6,0.7,0.30000000000000004,[1. 1.]
980,0.0,981,1,False,0.0,491.0,2.0,1,0,2,[1. 1.],[1 2],1.0,1,0.6,0.7,0.30000000000000004,[1. 1.]
981,2.0,982,0,False,1.0,491.0,0.0,1,1,0,[0. 1.],[1 2],,1,0.6,0.7,0.30000000000000004,[1. 1.]
982,0.0,983,1,False,0.0,492.0,2.0,1,0,2,[0. 1.],[1 2],,1,0.6,0.7,0.30000000000000004,[1. 1.]
983,2.0,984,0,False,1.0,492.0,0.0,1,1,0,[1. 0.],[1 2],0.0,1,0.6,0.7,0.30000000000000004,[1. 1.]
984,0.0,985,1,False,0.0,493.0,1.0,1,0,2,[1. 0.],[1 2],0.0,1,0.6,0.7,0.30000000000000004,[1. 1.]
985,1.0,986,0,False,0.0,493.0,0.0,1,1,0,[0. 0.],[1 2],,1,0.6,0.7,0.30000000000000004,[1. 1.]
986,0.0,987,1,False,0.0,494.0,2.0,1,0,2,[0. 0.],[1 2],,1,0.6,0.7,0.30000000000000004,[1. 1.]
987,2.0,988,0,False,0.0,494.0,0.0,1,1,0,[0. 1.],[1 2],,1,0.6,0.7,0.30000000000000004,[1. 1.]
988,0.0,989,1,False,0.0,495.0,2.0,1,0,2,[0. 1.],[1 2],,1,0.6,0.7,0.30000000000000004,[1. 1.]
989,2.0,990,0,False,1.0,495.0,0.0,1,1,0,[0. 1.],[1 2],,1,0.6,0.7,0.30000000000000004,[1. 1.]
990,0.0,991,1,False,0.0,496.0,2.0,1,0,2,[0. 1.],[1 2],,1,0.6,0.7,0.30000000000000004,[1. 1.]
991,2.0,992,0,False,1.0,496.0,0.0,1,1,0,[1. 1.],[1 2],0.0,1,0.6,0.7,0.30000000000000004,[1. 1.]
992,0.0,993,1,False,0.0,497.0,1.0,1,0,2,[1. 1.],[1 2],0.0,1,0.6,0.7,0.30000000000000004,[1. 1.]
993,1.0,994,0,False,1.0,497.0,0.0,1,1,0,[1. 1.],[1 2],,1,0.6,0.7,0.30000000000000004,[1. 1.]
994,0.0,995,1,False,0.0,498.0,2.0,1,0,2,[1. 1.],[1 2],,1,0.6,0.7,0.30000000000000004,[1. 1.]
995,2.0,996,0,False,1.0,498.0,0.0,1,1,0,[0. 0.],[1 2],,1,0.6,0.7,0.30000000000000004,[1. 1.]
996,0.0,997,1,False,0.0,499.0,2.0,1,0,2,[0. 0.],[1 2],,1,0.6,0.7,0.30000000000000004,[1. 1.]
997,2.0,998,0,False,0.0,499.0,0.0,1,1,0,[1. 0.],[1 2],1.0,0,0.6,0.7,0.30000000000000004,[1. 1.]
998,0.0,999,1,False,0.0,500.0,2.0,1,0,2,[1. 0.],[1 2],1.0,0,0.6,0.7,0.30000000000000004,[1. 1.]
999,2.0,1000,0,False,0.0,500.0,0.0,1,1,0,[1. 0.],[1 2],0.0,0,0.6,0.7,0.30000000000000004,[1. 1.]
1000,0.0,1001,1,False,0.0,501.0,1.0,1,0,2,[1. 0.],[1 2],0.0,0,0.6,0.7,0.30000000000000004,[1. 1.]
1001,1.0,1002,0,False,0.0,501.0,0.0,1,1,0,[0. 0.],[1 2],,0,0.6,0.7,0.30000000000000004,[1. 1.]
1002,0.0,1003,1,False,0.0,502.0,2.0,1,0,2,[0. 0.],[1 2],,0,0.6,0.7,0.30000000000000004,[1. 1.]
1003,2.0,1004,0,False,0.0,502.0,0.0,1,1,0,[0. 0.],[1 2],1.0,0,0.6,0.7,0.30000000000000004,[1. 1.]
1004,0.0,1005,1,False,0.0,503.0,2.0,1,0,2,[0. 0.],[1 2],1.0,0,0.6,0.7,0.30000000000000004,[1. 1.]
1005,2.0,1006,0,False,0.0,503.0,0.0,1,1,0,[1. 0.],[1 2],,0,0.6,0.7,0.30000000000000004,[1. 1.]
1006,0.0,1007,1,False,0.0,504.0,1.0,1,0,1,[1. 0.],[1 2],,0,0.6,0.7,0.30000000000000004,[1. 1.]
1007,1.0,1008,0,False,1.0,504.0,0.0,1,1,0,[1. 0.],[1 2],1.0,0,0.6,0.7,0.30000000000000004,[1. 1.]
1008,0.0,1009,1,False,0.0,505.0,2.0,1,0,1,[1. 0.],[1 2],1.0,0,0.6,0.7,0.30000000000000004,[1. 1.]
1009,2.0,1010,0,False,1.0,505.0,0.0,1,1,0,[1. 0.],[1 2],0.0,0,0.6,0.7,0.30000000000000004,[1. 1.]
1010,0.0,1011,1,False,0.0,506.0,1.0,1,0,1,[1. 0.],[1 2],0.0,0,0.6,0.7,0.30000000000000004,[1. 1.]
1011,1.0,1012,0,False,1.0,506.0,0.0,1,1,0,[0. 0.],[1 2],1.0,0,0.6,0.7,0.30000000000000004,[1. 1.]
1012,0.0,1013,1,False,0.0,507.0,2.0,1,0,1,[0. 0.],[1 2],1.0,0,0.6,0.7,0.30000000000000004,[1. 1.]
1013,2.0,1014,0,False,0.0,507.0,0.0,1,1,0,[0. 1.],[1 2],1.0,0,0.6,0.7,0.30000000000000004,[1. 1.]
1014,0.0,1015,1,False,0.0,508.0,2.0,1,0,1,[0. 1.],[1 2],1.0,0,0.6,0.7,0.30000000000000004,[1. 1.]
1015,2.0,1016,0,False,0.0,508.0,0.0,1,1,0,[1. 0.],[1 2],0.0,0,0.6,0.7,0.30000000000000004,[1. 1.]
1016,0.0,1017,1,False,0.0,509.0,1.0,1,0,1,[1. 0.],[1 2],0.0,0,0.6,0.7,0.30000000000000004,[1. 1.]
1017,1.0,1018,0,False,1.0,509.0,0.0,1,1,0,[1. 0.],[1 2],,0,0.6,0.7,0.30000000000000004,[1. 1.]
1018,0.0,1019,1,False,0.0,510.0,1.0,1,0,1,[1. 0.],[1 2],,0,0.6,0.7,0.30000000000000004,[1. 1.]
1019,1.0,1020,0,False,1.0,510.0,0.0,1,1,0,[0. 0.],[1 2],1.0,0,0.6,0.7,0.30000000000000004,[1. 1.]
1020,0.0,1021,1,False,0.0,511.0,2.0,1,0,1,[0. 0.],[1 2],1.0,0,0.6,0.7,0.30000000000000004,[1. 1.]
1021,2.0,1022,0,False,0.0,511.0,0.0,1,1,0,[1. 0.],[1 2],,0,0.6,0.7,0.30000000000000004,[1. 1.]
1022,0.0,1023,1,False,0.0,512.0,1.0,1,0,1,[1. 0.],[1 2],,0,0.6,0.7,0.30000000000000004,[1. 1.]
1023,1.0,1024,0,False,1.0,512.0,0.0,1,1,0,[0. 0.],[1 2],1.0,0,0.6,0.7,0.30000000000000004,[1. 1.]
1024,0.0,1025,1,False,0.0,513.0,2.0,1,0,1,[0. 0.],[1 2],1.0,0,0.6,0.7,0.30000000000000004,[1. 1.]
1025,2.0,1026,0,False,0.0,513.0,0.0,1,1,0,[0. 1.],[1 2],0.0,0,0.6,0.7,0.30000000000000004,[1. 1.]
1026,0.0,1027,1,False,0.0,514.0,1.0,1,0,1,[0. 1.],[1 2],0.0,0,0.6,0.7,0.30000000000000004,[1. 1.]
1027,1.0,1028,0,False,0.0,514.0,0.0,1,1,0,[1. 0.],[1 2],0.0,0,0.6,0.7,0.30000000000000004,[1. 1.]
1028,0.0,1029,1,False,0.0,515.0,1.0,1,0,1,[1. 0.],[1 2],0.0,0,0.6,0.7,0.30000000000000004,[1. 1.]
1029,1.0,1030,0,False,1.0,515.0,0.0,1,1,0,[1. 0.],[1 2],0.0,0,0.6,0.7,0.30000000000000004,[1. 1.]
1030,0.0,1031,1,False,0.0,516.0,1.0,1,0,1,[1. 0.],[1 2],0.0,0,0.6,0.7,0.30000000000000004,[1. 1.]
1031,1.0,1032,0,False,1.0,516.0,0.0,1,1,0,[1. 1.],[1 2],0.0,0,0.6,0.7,0.30000000000000004,[1. 1.]
1032,0.0,1033,1,False,0.0,517.0,1.0,1,0,1,[1. 1.],[1 2],0.0,0,0.6,0.7,0.30000000000000004,[1. 1.]
1033,1.0,1034,0,False,1.0,517.0,0.0,1,1,0,[1. 1.],[1 2],1.0,0,0.6,0.7,0.30000000000000004,[1. 1.]
1034,0.0,1035,1,False,0.0,518.0,2.0,1,0,1,[1. 1.],[1 2],1.0,0,0.6,0.7,0.30000000000000004,[1. 1.]
1035,2.0,1036,0,False,1.0,518.0,0.0,1,1,0,[1. 0.],[1 2],1.0,0,0.6,0.7,0.30000000000000004,[1. 1.]
1036,0.0,1037,1,False,0.0,519.0,2.0,1,0,1,[1. 0.],[1 2],1.0,0,0.6,0.7,0.30000000000000004,[1. 1.]
1037,2.0,1038,0,False,1.0,519.0,0.0,1,1,0,[1. 1.],[1 2],1.0,0,0.6,0.7,0.30000000000000004,[1. 1.]
1038,0.0,1039,1,False,0.0,520.0,2.0,1,0,1,[1. 1.],[1 2],1.0,0,0.6,0.7,0.30000000000000004,[1. 1.]
1039,2.0,1040,0,False,1.0,520.0,0.0,1,1,0,[1. 0.],[1 2],,0,0.6,0.7,0.30000000000000004,[1. 1.]
1040,0.0,1041,1,False,0.0,521.0,1.0,1,0,1,[1. 0.],[1 2],,0,0.6,0.7,0.30000000000000004,[1. 1.]
1041,1.0,1042,0,False,1.0,521.0,0.0,1,1,0,[1. 0.],[1 2],,0,0.6,0.7,0.30000000000000004,[1. 1.]
1042,0.0,1043,1,False,0.0,522.0,1.0,1,0,1,[1. 0.],[1 2],,0,0.6,0.7,0.30000000000000004,[1. 1.]
1043,1.0,1044,0,False,1.0,522.0,0.0,1,1,0,[1. 1.],[1 2],,0,0.6,0.7,0.30000000000000004,[1. 1.]
1044,0.0,1045,1,False,0.0,523.0,1.0,1,0,1,[1. 1.],[1 2],,0,0.6,0.7,0.30000000000000004,[1. 1.]
1045,1.0,1046,0,False,1.0,523.0,0.0,1,1,0,[0. 1.],[1 2],0.0,0,0.6,0.7,0.30000000000000004,[1. 1.]
1046,0.0,1047,1,False,0.0,524.0,1.0,1,0,1,[0. 1.],[1 2],0.0,0,0.6,0.7,0.30000000000000004,[1. 1.]
1047,1.0,1048,0,False,0.0,524.0,0.0,1,1,0,[1. 0.],[1 2],0.0,0,0.6,0.7,0.30000000000000004,[1. 1.]
1048,0.0,1049,1,False,0.0,525.0,1.0,1,0,1,[1. 0.],[1 2],0.0,0,0.6,0.7,0.30000000000000004,[1. 1.]
1049,1.0,1050,0,False,1.0,525.0,0.0,1,1,0,[1. 0.],[1 2],1.0,0,0.6,0.7,0.30000000000000004,[1. 1.]
1050,0.0,1051,1,False,0.0,526.0,2.0,1,0,1,[1. 0.],[1 2],1.0,0,0.6,0.7,0.30000000000000004,[1. 1.]
1051,2.0,1052,0,False,1.0,526.0,0.0,1,1,0,[1. 0.],[1 2],,0,0.6,0.7,0.30000000000000004,[1. 1.]
1052,0.0,1053,1,False,0.0,527.0,1.0,1,0,1,[1. 0.],[1 2],,0,0.6,0.7,0.30000000000000004,[1. 1.]
1053,1.0,1054,0,False,1.0,527.0,0.0,1,1,0,[0. 1.],[1 2],,0,0.6,0.7,0.30000000000000004,[1. 1.]
1054,0.0,1055,1,False,0.0,528.0,1.0,1,0,1,[0. 1.],[1 2],,0,0.6,0.7,0.30000000000000004,[1. 1.]
1055,1.0,1056,0,False,0.0,528.0,0.0,1,1,0,[1. 0.],[1 2],,0,0.6,0.7,0.30000000000000004,[1. 1.]
1056,0.0,1057,1,False,0.0,529.0,1.0,1,0,1,[1. 0.],[1 2],,0,0.6,0.7,0.30000000000000004,[1. 1.]
1057,1.0,1058,0,False,1.0,529.0,0.0,1,1,0,[0. 1.],[1 2],,0,0.6,0.7,0.30000000000000004,[1. 1.]
1058,0.0,1059,1,False,0.0,530.0,1.0,1,0,1,[0. 1.],[1 2],,0,0.6,0.7,0.30000000000000004,[1. 1.]
1059,1.0,1060,0,False,0.0,530.0,0.0,1,1,0,[0. 0.],[1 2],0.0,0,0.6,0.7,0.30000000000000004,[1. 1.]
1060,0.0,1061,1,False,0.0,531.0,1.0,1,0,1,[0. 0.],[1 2],0.0,0,0.6,0.7,0.30000000000000004,[1. 1.]
1061,1.0,1062,0,False,0.0,531.0,0.0,1,1,0,[0. 0.],[1 2],1.0,0,0.6,0.7,0.30000000000000004,[1. 1.]
1062,0.0,1063,1,False,0.0,532.0,2.0,1,0,2,[0. 0.],[1 2],1.0,0,0.6,0.7,0.30000000000000004,[1. 1.]
1063,2.0,1064,0,False,0.0,532.0,0.0,1,1,0,[1. 1.],[1 2],,0,0.6,0.7,0.30000000000000004,[1. 1.]
1064,0.0,1065,1,False,0.0,533.0,1.0,1,0,1,[1. 1.],[1 2],,0,0.6,0.7,0.30000000000000004,[1. 1.]
1065,1.0,1066,0,False,1.0,533.0,0.0,1,1,0,[1. 0.],[1 2],0.0,0,0.6,0.7,0.30000000000000004,[1. 1.]
1066,0.0,1067,1,False,0.0,534.0,1.0,1,0,1,[1. 0.],[1 2],0.0,0,0.6,0.7,0.30000000000000004,[1. 1.]
1067,1.0,1068,0,False,1.0,534.0,0.0,1,1,0,[1. 1.],[1 2],1.0,0,0.6,0.7,0.30000000000000004,[1. 1.]
1068,0.0,1069,1,False,0.0,535.0,2.0,1,0,1,[1. 1.],[1 2],1.0,0,0.6,0.7,0.30000000000000004,[1. 1.]
1069,2.0,1070,0,False,1.0,535.0,0.0,1,1,0,[0. 0.],[1 2],,0,0.6,0.7,0.30000000000000004,[1. 1.]
1070,0.0,1071,1,False,0.0,536.0,1.0,1,0,1,[0. 0.],[1 2],,0,0.6,0.7,0.30000000000000004,[1. 1.]
1071,1.0,1072,0,False,0.0,536.0,0.0,1,1,0,[1. 0.],[1 2],,0,0.6,0.7,0.30000000000000004,[1. 1.]
1072,0.0,1073,1,False,0.0,537.0,1.0,1,0,1,[1. 0.],[1 2],,0,0.6,0.7,0.30000000000000004,[1. 1.]
1073,1.0,1074,0,False,1.0,537.0,0.0,1,1,0,[1. 0.],[2 1],,0,0.6,0.7,0.30000000000000004,[1. 1.]
1074,0.0,1075,1,False,0.0,538.0,2.0,1,0,1,[1. 0.],[2 1],,0,0.6,0.7,0.30000000000000004,[1. 1.]
1075,2.0,1076,0,False,0.0,538.0,0.0,1,1,0,[1. 1.],[2 1],1.0,0,0.6,0.7,0.30000000000000004,[1. 1.]
1076,0.0,1077,1,False,0.0,539.0,2.0,1,0,1,[1. 1.],[2 1],1.0,0,0.6,0.7,0.30000000000000004,[1. 1.]
1077,2.0,1078,0,False,1.0,539.0,0.0,1,1,0,[1. 0.],[2 1],0.0,0,0.6,0.7,0.30000000000000004,[1. 1.]
1078,0.0,1079,1,False,0.0,540.0,1.0,1,0,1,[1. 0.],[2 1],0.0,0,0.6,0.7,0.30000000000000004,[1. 1.]
1079,1.0,1080,0,False,0.0,540.0,0.0,1,1,0,[1. 0.],[2 1],0.0,0,0.6,0.7,0.30000000000000004,[1. 1.]
1080,0.0,1081,1,False,0.0,541.0,1.0,1,0,1,[1. 0.],[2 1],0.0,0,0.6,0.7,0.30000000000000004,[1. 1.]
1081,1.0,1082,0,False,0.0,541.0,0.0,1,1,0,[0. 1.],[2 1],0.0,0,0.6,0.7,0.30000000000000004,[1. 1.]
1082,0.0,1083,1,False,0.0,542.0,1.0,1,0,2,[0. 1.],[2 1],0.0,0,0.6,0.7,0.30000000000000004,[1. 1.]
1083,1.0,1084,0,False,0.0,542.0,0.0,1,1,0,[1. 0.],[1 2],0.0,0,0.6,0.7,0.30000000000000004,[1. 1.]
1084,0.0,1085,1,False,0.0,543.0,1.0,1,0,1,[1. 0.],[1 2],0.0,0,0.6,0.7,0.30000000000000004,[1. 1.]
1085,1.0,1086,0,False,1.0,543.0,0.0,1,1,0,[1. 0.],[1 2],,0,0.6,0.7,0.30000000000000004,[1. 1.]
1086,0.0,1087,1,False,0.0,544.0,1.0,1,0,1,[1. 0.],[1 2],,0,0.6,0.7,0.30000000000000004,[1. 1.]
1087,1.0,1088,0,False,1.0,544.0,0.0,1,1,0,[0. 0.],[1 2],0.0,0,0.6,0.7,0.30000000000000004,[1. 1.]
1088,0.0,1089,1,False,0.0,545.0,1.0,1,0,1,[0. 0.],[1 2],0.0,0,0.6,0.7,0.30000000000000004,[1. 1.]
1089,1.0,1090,0,False,0.0,545.0,0.0,1,1,0,[1. 1.],[1 2],1.0,0,0.6,0.7,0.30000000000000004,[1. 1.]
1090,0.0,1091,1,False,0.0,546.0,2.0,1,0,1,[1. 1.],[1 2],1.0,0,0.6,0.7,0.30000000000000004,[1. 1.]
1091,2.0,1092,0,False,1.0,546.0,0.0,1,1,0,[1. 1.],[1 2],1.0,0,0.6,0.7,0.30000000000000004,[1. 1.]
1092,0.0,1093,1,False,0.0,547.0,2.0,1,0,1,[1. 1.],[1 2],1.0,0,0.6,0.7,0.30000000000000004,[1. 1.]
1093,2.0,1094,0,False,1.0,547.0,0.0,1,1,0,[0. 1.],[1 2],1.0,0,0.6,0.7,0.30000000000000004,[1. 1.]
1094,0.0,1095,1,False,0.0,548.0,2.0,1,0,1,[0. 1.],[1 2],1.0,0,0.6,0.7,0.30000000000000004,[1. 1.]
1095,2.0,1096,0,False,0.0,548.0,0.0,1,1,0,[1. 0.],[1 2],,0,0.6,0.7,0.30000000000000004,[1. 1.]
1096,0.0,1097,1,False,0.0,549.0,1.0,1,0,1,[1. 0.],[1 2],,0,0.6,0.7,0.30000000000000004,[1. 1.]
1097,1.0,1098,0,False,1.0,549.0,0.0,1,1,0,[1. 0.],[1 2],0.0,0,0.6,0.7,0.30000000000000004,[1. 1.]
1098,0.0,1099,1,False,0.0,550.0,1.0,1,0,1,[1. 0.],[1 2],0.0,0,0.6,0.7,0.30000000000000004,[1. 1.]
1099,1.0,1100,0,False,1.0,550.0,0.0,1,1,0,[0. 0.],[1 2],0.0,0,0.6,0.7,0.30000000000000004,[1. 1.]
1100,0.0,1101,1,False,0.0,551.0,1.0,1,0,1,[0. 0.],[1 2],0.0,0,0.6,0.7,0.30000000000000004,[1. 1.]
1101,1.0,1102,0,False,0.0,551.0,0.0,1,1,0,[0. 0.],[1 2],,0,0.6,0.7,0.30000000000000004,[1. 1.]
1102,0.0,1103,1,False,0.0,552.0,1.0,1,0,1,[0. 0.],[1 2],,0,0.6,0.7,0.30000000000000004,[1. 1.]
1103,1.0,1104,0,False,0.0,552.0,0.0,1,1,0,[1. 0.],[1 2],,0,0.6,0.7,0.30000000000000004,[1. 1.]
1104,0.0,1105,1,False,0.0,553.0,1.0,1,0,1,[1. 0.],[1 2],,0,0.6,0.7,0.30000000000000004,[1. 1.]
1105,1.0,1106,0,False,1.0,553.0,0.0,1,1,0,[0. 1.],[1 2],,0,0.6,0.7,0.30000000000000004,[1. 1.]
1106,0.0,1107,1,False,0.0,554.0,1.0,1,0,1,[0. 1.],[1 2],,0,0.6,0.7,0.30000000000000004,[1. 1.]
1107,1.0,1108,0,False,0.0,554.0,0.0,1,1,0,[0. 0.],[1 2],1.0,0,0.6,0.7,0.30000000000000004,[1. 1.]
1108,0.0,1109,1,False,0.0,555.0,2.0,1,0,1,[0. 0.],[1 2],1.0,0,0.6,0.7,0.30000000000000004,[1. 1.]
1109,2.0,1110,0,False,0.0,555.0,0.0,1,1,0,[0. 1.],[1 2],1.0,0,0.6,0.7,0.30000000000000004,[1. 1.]
1110,0.0,1111,1,False,0.0,556.0,2.0,1,0,2,[0. 1.],[1 2],1.0,0,0.6,0.7,0.30000000000000004,[1. 1.]
1111,2.0,1112,0,False,1.0,556.0,0.0,1,1,0,[1. 0.],[1 2],,0,0.6,0.7,0.30000000000000004,[1. 1.]
1112,0.0,1113,1,False,0.0,557.0,2.0,1,0,2,[1. 0.],[1 2],,0,0.6,0.7,0.30000000000000004,[1. 1.]
1113,2.0,1114,0,False,0.0,557.0,0.0,1,1,0,[1. 0.],[1 2],,0,0.6,0.7,0.30000000000000004,[1. 1.]
1114,0.0,1115,1,False,0.0,558.0,2.0,1,0,2,[1. 0.],[1 2],,0,0.6,0.7,0.30000000000000004,[1. 1.]
1115,2.0,1116,0,False,0.0,558.0,0.0,1,1,0,[0. 1.],[1 2],,1,0.6,0.7,0.30000000000000004,[1. 1.]
1116,0.0,1117,1,False,0.0,559.0,1.0,1,0,1,[0. 1.],[1 2],,1,0.6,0.7,0.30000000000000004,[1. 1.]
1117,1.0,1118,0,False,0.0,559.0,0.0,1,1,0,[0. 1.],[1 2],0.0,1,0.6,0.7,0.30000000000000004,[1. 1.]
1118,0.0,1119,1,False,0.0,560.0,1.0,1,0,2,[0. 1.],[1 2],0.0,1,0.6,0.7,0.30000000000000004,[1. 1.]
1119,1.0,1120,0,False,1.0,560.0,0.0,1,1,0,[1. 0.],[1 2],0.0,0,0.6,0.7,0.30000000000000004,[1. 1.]
1120,0.0,1121,1,False,0.0,561.0,1.0,1,0,2,[1. 0.],[1 2],0.0,0,0.6,0.7,0.30000000000000004,[1. 1.]
1121,1.0,1122,0,False,0.0,561.0,0.0,1,1,0,[1. 0.],[1 2],0.0,0,0.6,0.7,0.30000000000000004,[1. 1.]
1122,0.0,1123,1,False,0.0,562.0,1.0,1,0,2,[1. 0.],[1 2],0.0,0,0.6,0.7,0.30000000000000004,[1. 1.]
1123,1.0,1124,0,False,0.0,562.0,0.0,1,1,0,[1. 0.],[1 2],,0,0.6,0.7,0.30000000000000004,[1. 1.]
1124,0.0,1125,1,False,0.0,563.0,1.0,1,0,1,[1. 0.],[1 2],,0,0.6,0.7,0.30000000000000004,[1. 1.]
1125,1.0,1126,0,False,1.0,563.0,0.0,1,1,0,[0. 1.],[2 1],1.0,0,0.6,0.7,0.30000000000000004,[1. 1.]
1126,0.0,1127,1,False,0.0,564.0,2.0,1,0,1,[0. 1.],[2 1],1.0,0,0.6,0.7,0.30000000000000004,[1. 1.]
1127,2.0,1128,0,False,1.0,564.0,0.0,1,1,0,[1. 0.],[2 1],,0,0.6,0.7,0.30000000000000004,[1. 1.]
1128,0.0,1129,1,False,0.0,565.0,2.0,1,0,1,[1. 0.],[2 1],,0,0.6,0.7,0.30000000000000004,[1. 1.]
1129,2.0,1130,0,False,0.0,565.0,0.0,1,1,0,[0. 0.],[2 1],0.0,0,0.6,0.7,0.30000000000000004,[1. 1.]
1130,0.0,1131,1,False,0.0,566.0,1.0,1,0,1,[0. 0.],[2 1],0.0,0,0.6,0.7,0.30000000000000004,[1. 1.]
1131,1.0,1132,0,False,0.0,566.0,0.0,1,1,0,[1. 1.],[2 1],,1,0.6,0.7,0.30000000000000004,[1. 1.]
1132,0.0,1133,1,False,0.0,567.0,2.0,1,0,1,[1. 1.],[2 1],,1,0.6,0.7,0.30000000000000004,[1. 1.]
1133,2.0,1134,0,False,1.0,567.0,0.0,1,1,0,[0. 0.],[2 1],0.0,1,0.6,0.7,0.30000000000000004,[1. 1.]
1134,0.0,1135,1,False,0.0,568.0,1.0,1,0,1,[0. 0.],[2 1],0.0,1,0.6,0.7,0.30000000000000004,[1. 1.]
1135,1.0,1136,0,False,0.0,568.0,0.0,1,1,0,[0. 1.],[2 1],,1,0.6,0.7,0.30000000000000004,[1. 1.]
1136,0.0,1137,1,False,0.0,569.0,2.0,1,0,1,[0. 1.],[2 1],,1,0.6,0.7,0.30000000000000004,[1. 1.]
1137,2.0,1138,0,False,1.0,569.0,0.0,1,1,0,[0. 1.],[2 1],0.0,1,0.6,0.7,0.30000000000000004,[1. 1.]
1138,0.0,1139,1,False,0.0,570.0,1.0,1,0,1,[0. 1.],[2 1],0.0,1,0.6,0.7,0.30000000000000004,[1. 1.]
1139,1.0,1140,0,False,1.0,570.0,0.0,1,1,0,[0. 1.],[2 1],1.0,1,0.6,0.7,0.30000000000000004,[1. 1.]
1140,0.0,1141,1,False,0.0,571.0,2.0,1,0,1,[0. 1.],[2 1],1.0,1,0.6,0.7,0.30000000000000004,[1. 1.]
1141,2.0,1142,0,False,1.0,571.0,0.0,1,1,0,[1. 0.],[2 1],1.0,1,0.6,0.7,0.30000000000000004,[1. 1.]
1142,0.0,1143,1,False,0.0,572.0,2.0,1,0,1,[1. 0.],[2 1],1.0,1,0.6,0.7,0.30000000000000004,[1. 1.]
1143,2.0,1144,0,False,0.0,572.0,0.0,1,1,0,[1. 1.],[2 1],0.0,1,0.6,0.7,0.30000000000000004,[1. 1.]
1144,0.0,1145,1,False,0.0,573.0,1.0,1,0,1,[1. 1.],[2 1],0.0,1,0.6,0.7,0.30000000000000004,[1. 1.]
1145,1.0,1146,0,False,1.0,573.0,0.0,1,1,0,[1. 0.],[2 1],0.0,1,0.6,0.7,0.30000000000000004,[1. 1.]
1146,0.0,1147,1,False,0.0,574.0,1.0,1,0,1,[1. 0.],[2 1],0.0,1,0.6,0.7,0.30000000000000004,[1. 1.]
1147,1.0,1148,0,False,0.0,574.0,0.0,1,1,0,[0. 1.],[2 1],1.0,1,0.6,0.7,0.30000000000000004,[1. 1.]
1148,0.0,1149,1,False,0.0,575.0,2.0,1,0,1,[0. 1.],[2 1],1.0,1,0.6,0.7,0.30000000000000004,[1. 1.]
1149,2.0,1150,0,False,1.0,575.0,0.0,1,1,0,[0. 1.],[2 1],0.0,1,0.6,0.7,0.30000000000000004,[1. 1.]
1150,0.0,1151,1,False,0.0,576.0,1.0,1,0,1,[0. 1.],[2 1],0.0,1,0.6,0.7,0.30000000000000004,[1. 1.]
1151,1.0,1152,0,False,1.0,576.0,0.0,1,1,0,[1. 1.],[2 1],1.0,1,0.6,0.7,0.30000000000000004,[1. 1.]
1152,0.0,1153,1,False,0.0,577.0,2.0,1,0,1,[1. 1.],[2 1],1.0,1,0.6,0.7,0.30000000000000004,[1. 1.]
1153,2.0,1154,0,False,1.0,577.0,0.0,1,1,0,[1. 1.],[2 1],,1,0.6,0.7,0.30000000000000004,[1. 1.]
1154,0.0,1155,1,False,0.0,578.0,2.0,1,0,1,[1. 1.],[2 1],,1,0.6,0.7,0.30000000000000004,[1. 1.]
1155,2.0,1156,0,False,1.0,578.0,0.0,1,1,0,[0. 1.],[2 1],1.0,1,0.6,0.7,0.30000000000000004,[1. 1.]
1156,0.0,1157,1,False,0.0,579.0,2.0,1,0,1,[0. 1.],[2 1],1.0,1,0.6,0.7,0.30000000000000004,[1. 1.]
1157,2.0,1158,0,False,1.0,579.0,0.0,1,1,0,[0. 1.],[2 1],0.0,1,0.6,0.7,0.30000000000000004,[1. 1.]
1158,0.0,1159,1,False,0.0,580.0,1.0,1,0,1,[0. 1.],[2 1],0.0,1,0.6,0.7,0.30000000000000004,[1. 1.]
1159,1.0,1160,0,False,1.0,580.0,0.0,1,1,0,[1. 1.],[2 1],0.0,1,0.6,0.7,0.30000000000000004,[1. 1.]
1160,0.0,1161,1,False,0.0,581.0,1.0,1,0,1,[1. 1.],[2 1],0.0,1,0.6,0.7,0.30000000000000004,[1. 1.]
1161,1.0,1162,0,False,1.0,581.0,0.0,1,1,0,[1. 1.],[2 1],,1,0.6,0.7,0.30000000000000004,[1. 1.]
1162,0.0,1163,1,False,0.0,582.0,2.0,1,0,1,[1. 1.],[2 1],,1,0.6,0.7,0.30000000000000004,[1. 1.]
1163,2.0,1164,0,False,1.0,582.0,0.0,1,1,0,[1. 0.],[2 1],,1,0.6,0.7,0.30000000000000004,[1. 1.]
1164,0.0,1165,1,False,0.0,583.0,2.0,1,0,1,[1. 0.],[2 1],,1,0.6,0.7,0.30000000000000004,[1. 1.]
1165,2.0,1166,0,False,0.0,583.0,0.0,1,1,0,[1. 1.],[2 1],,1,0.6,0.7,0.30000000000000004,[1. 1.]
1166,0.0,1167,1,False,0.0,584.0,2.0,1,0,1,[1. 1.],[2 1],,1,0.6,0.7,0.30000000000000004,[1. 1.]
1167,2.0,1168,0,False,1.0,584.0,0.0,1,1,0,[0. 1.],[2 1],,1,0.6,0.7,0.30000000000000004,[1. 1.]
1168,0.0,1169,1,False,0.0,585.0,2.0,1,0,1,[0. 1.],[2 1],,1,0.6,0.7,0.30000000000000004,[1. 1.]
1169,2.0,1170,0,False,1.0,585.0,0.0,1,1,0,[1. 1.],[2 1],,1,0.6,0.7,0.30000000000000004,[1. 1.]
1170,0.0,1171,1,False,0.0,586.0,2.0,1,0,1,[1. 1.],[2 1],,1,0.6,0.7,0.30000000000000004,[1. 1.]
1171,2.0,1172,0,False,1.0,586.0,0.0,1,1,0,[1. 1.],[2 1],,1,0.6,0.7,0.30000000000000004,[1. 1.]
1172,0.0,1173,1,False,0.0,587.0,2.0,1,0,1,[1. 1.],[2 1],,1,0.6,0.7,0.30000000000000004,[1. 1.]
1173,2.0,1174,0,False,1.0,587.0,0.0,1,1,0,[0. 0.],[2 1],,1,0.6,0.7,0.30000000000000004,[1. 1.]
1174,0.0,1175,1,False,0.0,588.0,2.0,1,0,1,[0. 0.],[2 1],,1,0.6,0.7,0.30000000000000004,[1. 1.]
1175,2.0,1176,0,False,0.0,588.0,0.0,1,1,0,[0. 1.],[2 1],0.0,1,0.6,0.7,0.30000000000000004,[1. 1.]
1176,0.0,1177,1,False,0.0,589.0,1.0,1,0,1,[0. 1.],[2 1],0.0,1,0.6,0.7,0.30000000000000004,[1. 1.]
1177,1.0,1178,0,False,1.0,589.0,0.0,1,1,0,[0. 1.],[2 1],,1,0.6,0.7,0.30000000000000004,[1. 1.]
1178,0.0,1179,1,False,0.0,590.0,2.0,1,0,1,[0. 1.],[2 1],,1,0.6,0.7,0.30000000000000004,[1. 1.]
1179,2.0,1180,0,False,1.0,590.0,0.0,1,1,0,[0. 1.],[2 1],0.0,1,0.6,0.7,0.30000000000000004,[1. 1.]
1180,0.0,1181,1,False,0.0,591.0,1.0,1,0,1,[0. 1.],[2 1],0.0,1,0.6,0.7,0.30000000000000004,[1. 1.]
1181,1.0,1182,0,False,1.0,591.0,0.0,1,1,0,[0. 1.],[2 1],,1,0.6,0.7,0.30000000000000004,[1. 1.]
1182,0.0,1183,1,False,0.0,592.0,2.0,1,0,1,[0. 1.],[2 1],,1,0.6,0.7,0.30000000000000004,[1. 1.]
1183,2.0,1184,0,False,1.0,592.0,0.0,1,1,0,[0. 1.],[2 1],,1,0.6,0.7,0.30000000000000004,[1. 1.]
1184,0.0,1185,1,False,0.0,593.0,2.0,1,0,1,[0. 1.],[2 1],,1,0.6,0.7,0.30000000000000004,[1. 1.]
1185,2.0,1186,0,False,1.0,593.0,0.0,1,1,0,[0. 0.],[2 1],0.0,1,0.6,0.7,0.30000000000000004,[1. 1.]
1186,0.0,1187,1,False,0.0,594.0,1.0,1,0,1,[0. 0.],[2 1],0.0,1,0.6,0.7,0.30000000000000004,[1. 1.]
1187,1.0,1188,0,False,0.0,594.0,0.0,1,1,0,[0. 1.],[2 1],,1,0.6,0.7,0.30000000000000004,[1. 1.]
1188,0.0,1189,1,False,0.0,595.0,2.0,1,0,1,[0. 1.],[2 1],,1,0.6,0.7,0.30000000000000004,[1. 1.]
1189,2.0,1190,0,False,1.0,595.0,0.0,1,1,0,[0. 1.],[2 1],1.0,1,0.6,0.7,0.30000000000000004,[1. 1.]
1190,0.0,1191,1,False,0.0,596.0,2.0,1,0,1,[0. 1.],[2 1],1.0,1,0.6,0.7,0.30000000000000004,[1. 1.]
1191,2.0,1192,0,False,1.0,596.0,0.0,1,1,0,[0. 0.],[2 1],1.0,1,0.6,0.7,0.30000000000000004,[1. 1.]
1192,0.0,1193,1,False,0.0,597.0,2.0,1,0,1,[0. 0.],[2 1],1.0,1,0.6,0.7,0.30000000000000004,[1. 1.]
1193,2.0,1194,0,False,0.0,597.0,0.0,1,1,0,[1. 0.],[2 1],1.0,1,0.6,0.7,0.30000000000000004,[1. 1.]
1194,0.0,1195,1,False,0.0,598.0,2.0,1,0,1,[1. 0.],[2 1],1.0,1,0.6,0.7,0.30000000000000004,[1. 1.]
1195,2.0,1196,0,False,0.0,598.0,0.0,1,1,0,[0. 0.],[2 1],,1,0.6,0.7,0.30000000000000004,[1. 1.]
1196,0.0,1197,1,False,0.0,599.0,2.0,1,0,1,[0. 0.],[2 1],,1,0.6,0.7,0.30000000000000004,[1. 1.]
1197,2.0,1198,0,False,0.0,599.0,0.0,1,1,0,[0. 0.],[2 1],1.0,1,0.6,0.7,0.30000000000000004,[1. 1.]
1198,0.0,1199,1,False,0.0,600.0,2.0,1,0,1,[0. 0.],[2 1],1.0,1,0.6,0.7,0.30000000000000004,[1. 1.]
1199,2.0,1200,0,False,0.0,600.0,0.0,1,1,0,[1. 1.],[2 1],1.0,1,0.6,0.7,0.30000000000000004,[1. 1.]
1200,0.0,1201,1,False,0.0,601.0,2.0,1,0,1,[1. 1.],[2 1],1.0,1,0.6,0.7,0.30000000000000004,[1. 1.]
1201,2.0,1202,0,False,1.0,601.0,0.0,1,1,0,[1. 1.],[2 1],1.0,1,0.6,0.7,0.30000000000000004,[1. 1.]
1202,0.0,1203,1,False,0.0,602.0,2.0,1,0,1,[1. 1.],[2 1],1.0,1,0.6,0.7,0.30000000000000004,[1. 1.]
1203,2.0,1204,0,False,1.0,602.0,0.0,1,1,0,[1. 0.],[2 1],0.0,1,0.6,0.7,0.30000000000000004,[1. 1.]
1204,0.0,1205,1,False,0.0,603.0,1.0,1,0,1,[1. 0.],[2 1],0.0,1,0.6,0.7,0.30000000000000004,[1. 1.]
1205,1.0,1206,0,False,0.0,603.0,0.0,1,1,0,[1. 1.],[2 1],,1,0.6,0.7,0.30000000000000004,[1. 1.]
1206,0.0,1207,1,False,0.0,604.0,2.0,1,0,1,[1. 1.],[2 1],,1,0.6,0.7,0.30000000000000004,[1. 1.]
1207,2.0,1208,0,False,1.0,604.0,0.0,1,1,0,[0. 1.],[2 1],0.0,1,0.6,0.7,0.30000000000000004,[1. 1.]
1208,0.0,1209,1,False,0.0,605.0,1.0,1,0,1,[0. 1.],[2 1],0.0,1,0.6,0.7,0.30000000000000004,[1. 1.]
1209,1.0,1210,0,False,1.0,605.0,0.0,1,1,0,[1. 0.],[2 1],,1,0.6,0.7,0.30000000000000004,[1. 1.]
1210,0.0,1211,1,False,0.0,606.0,2.0,1,0,1,[1. 0.],[2 1],,1,0.6,0.7,0.30000000000000004,[1. 1.]
1211,2.0,1212,0,False,0.0,606.0,0.0,1,1,0,[1. 1.],[2 1],0.0,1,0.6,0.7,0.30000000000000004,[1. 1.]
1212,0.0,1213,1,False,0.0,607.0,1.0,1,0,1,[1. 1.],[2 1],0.0,1,0.6,0.7,0.30000000000000004,[1. 1.]
1213,1.0,1214,0,False,1.0,607.0,0.0,1,1,0,[0. 1.],[2 1],0.0,1,0.6,0.7,0.30000000000000004,[1. 1.]
1214,0.0,1215,1,False,0.0,608.0,1.0,1,0,1,[0. 1.],[2 1],0.0,1,0.6,0.7,0.30000000000000004,[1. 1.]
1215,1.0,1216,0,False,1.0,608.0,0.0,1,1,0,[0. 0.],[2 1],,1,0.6,0.7,0.30000000000000004,[1. 1.]
1216,0.0,1217,1,False,0.0,609.0,2.0,1,0,1,[0. 0.],[2 1],,1,0.6,0.7,0.30000000000000004,[1. 1.]
1217,2.0,1218,0,False,0.0,609.0,0.0,1,1,0,[0. 1.],[2 1],1.0,1,0.6,0.7,0.30000000000000004,[1. 1.]
1218,0.0,1219,1,False,0.0,610.0,2.0,1,0,1,[0. 1.],[2 1],1.0,1,0.6,0.7,0.30000000000000004,[1. 1.]
1219,2.0,1220,0,False,1.0,610.0,0.0,1,1,0,[0. 0.],[2 1],,1,0.6,0.7,0.30000000000000004,[1. 1.]
1220,0.0,1221,1,False,0.0,611.0,2.0,1,0,1,[0. 0.],[2 1],,1,0.6,0.7,0.30000000000000004,[1. 1.]
1221,2.0,1222,0,False,0.0,611.0,0.0,1,1,0,[0. 0.],[2 1],1.0,1,0.6,0.7,0.30000000000000004,[1. 1.]
1222,0.0,1223,1,False,0.0,612.0,2.0,1,0,1,[0. 0.],[2 1],1.0,1,0.6,0.7,0.30000000000000004,[1. 1.]
1223,2.0,1224,0,False,0.0,612.0,0.0,1,1,0,[0. 1.],[2 1],1.0,1,0.6,0.7,0.30000000000000004,[1. 1.]
1224,0.0,1225,1,False,0.0,613.0,2.0,1,0,1,[0. 1.],[2 1],1.0,1,0.6,0.7,0.30000000000000004,[1. 1.]
1225,2.0,1226,0,False,1.0,613.0,0.0,1,1,0,[0. 1.],[2 1],0.0,1,0.6,0.7,0.30000000000000004,[1. 1.]
1226,0.0,1227,1,False,0.0,614.0,1.0,1,0,1,[0. 1.],[2 1],0.0,1,0.6,0.7,0.30000000000000004,[1. 1.]
1227,1.0,1228,0,False,1.0,614.0,0.0,1,1,0,[0. 1.],[2 1],0.0,1,0.6,0.7,0.30000000000000004,[1. 1.]
1228,0.0,1229,1,False,0.0,615.0,1.0,1,0,1,[0. 1.],[2 1],0.0,1,0.6,0.7,0.30000000000000004,[1. 1.]
1229,1.0,1230,0,False,1.0,615.0,0.0,1,1,0,[0. 1.],[2 1],,1,0.6,0.7,0.30000000000000004,[1. 1.]
1230,0.0,1231,1,False,0.0,616.0,2.0,1,0,1,[0. 1.],[2 1],,1,0.6,0.7,0.30000000000000004,[1. 1.]
1231,2.0,1232,0,False,1.0,616.0,0.0,1,1,0,[0. 1.],[2 1],0.0,1,0.6,0.7,0.30000000000000004,[1. 1.]
1232,0.0,1233,1,False,0.0,617.0,1.0,1,0,1,[0. 1.],[2 1],0.0,1,0.6,0.7,0.30000000000000004,[1. 1.]
1233,1.0,1234,0,False,1.0,617.0,0.0,1,1,0,[0. 0.],[2 1],1.0,1,0.6,0.7,0.30000000000000004,[1. 1.]
1234,0.0,1235,1,False,0.0,618.0,2.0,1,0,1,[0. 0.],[2 1],1.0,1,0.6,0.7,0.30000000000000004,[1. 1.]
1235,2.0,1236,0,False,0.0,618.0,0.0,1,1,0,[0. 1.],[2 1],,1,0.6,0.7,0.30000000000000004,[1. 1.]
1236,0.0,1237,1,False,0.0,619.0,2.0,1,0,1,[0. 1.],[2 1],,1,0.6,0.7,0.30000000000000004,[1. 1.]
1237,2.0,1238,0,False,1.0,619.0,0.0,1,1,0,[0. 1.],[1 2],,1,0.6,0.7,0.30000000000000004,[1. 1.]
1238,0.0,1239,1,False,0.0,620.0,1.0,1,0,1,[0. 1.],[1 2],,1,0.6,0.7,0.30000000000000004,[1. 1.]
1239,1.0,1240,0,False,0.0,620.0,0.0,1,1,0,[0. 1.],[1 2],1.0,1,0.6,0.7,0.30000000000000004,[1. 1.]
1240,0.0,1241,1,False,0.0,621.0,2.0,1,0,1,[0. 1.],[1 2],1.0,1,0.6,0.7,0.30000000000000004,[1. 1.]
1241,2.0,1242,0,False,0.0,621.0,0.0,1,1,0,[1. 1.],[1 2],,1,0.6,0.7,0.30000000000000004,[1. 1.]
1242,0.0,1243,1,False,0.0,622.0,1.0,1,0,1,[1. 1.],[1 2],,1,0.6,0.7,0.30000000000000004,[1. 1.]
1243,1.0,1244,0,False,1.0,622.0,0.0,1,1,0,[0. 0.],[1 2],0.0,1,0.6,0.7,0.30000000000000004,[1. 1.]
1244,0.0,1245,1,False,0.0,623.0,1.0,1,0,1,[0. 0.],[1 2],0.0,1,0.6,0.7,0.30000000000000004,[1. 1.]
1245,1.0,1246,0,False,0.0,623.0,0.0,1,1,0,[1. 1.],[1 2],,1,0.6,0.7,0.30000000000000004,[1. 1.]
1246,0.0,1247,1,False,0.0,624.0,1.0,1,0,1,[1. 1.],[1 2],,1,0.6,0.7,0.30000000000000004,[1. 1.]
1247,1.0,1248,0,False,1.0,624.0,0.0,1,1,0,[0. 1.],[1 2],1.0,1,0.6,0.7,0.30000000000000004,[1. 1.]
1248,0.0,1249,1,False,0.0,625.0,2.0,1,0,1,[0. 1.],[1 2],1.0,1,0.6,0.7,0.30000000000000004,[1. 1.]
1249,2.0,1250,0,False,0.0,625.0,0.0,1,1,0,[0. 1.],[1 2],,1,0.6,0.7,0.30000000000000004,[1. 1.]
1250,0.0,1251,1,False,0.0,626.0,1.0,1,0,1,[0. 1.],[1 2],,1,0.6,0.7,0.30000000000000004,[1. 1.]
1251,1.0,1252,0,False,0.0,626.0,0.0,1,1,0,[0. 1.],[1 2],1.0,1,0.6,0.7,0.30000000000000004,[1. 1.]
1252,0.0,1253,1,False,0.0,627.0,2.0,1,0,2,[0. 1.],[1 2],1.0,1,0.6,0.7,0.30000000000000004,[1. 1.]
1253,2.0,1254,0,False,1.0,627.0,0.0,1,1,0,[1. 1.],[1 2],0.0,1,0.6,0.7,0.30000000000000004,[1. 1.]
1254,0.0,1255,1,False,0.0,628.0,1.0,1,0,2,[1. 1.],[1 2],0.0,1,0.6,0.7,0.30000000000000004,[1. 1.]
1255,1.0,1256,0,False,1.0,628.0,0.0,1,1,0,[0. 0.],[1 2],,1,0.6,0.7,0.30000000000000004,[1. 1.]
1256,0.0,1257,1,False,0.0,629.0,2.0,1,0,2,[0. 0.],[1 2],,1,0.6,0.7,0.30000000000000004,[1. 1.]
1257,2.0,1258,0,False,0.0,629.0,0.0,1,1,0,[1. 1.],[1 2],,1,0.6,0.7,0.30000000000000004,[1. 1.]
1258,0.0,1259,1,False,0.0,630.0,2.0,1,0,2,[1. 1.],[1 2],,1,0.6,0.7,0.30000000000000004,[1. 1.]
1259,2.0,1260,0,False,1.0,630.0,0.0,1,1,0,[0. 1.],[1 2],,1,0.6,0.7,0.30000000000000004,[1. 1.]
1260,0.0,1261,1,False,0.0,631.0,2.0,1,0,2,[0. 1.],[1 2],,1,0.6,0.7,0.30000000000000004,[1. 1.]
1261,2.0,1262,0,False,1.0,631.0,0.0,1,1,0,[0. 0.],[1 2],1.0,1,0.6,0.7,0.30000000000000004,[1. 1.]
1262,0.0,1263,1,False,0.0,632.0,2.0,1,0,2,[0. 0.],[1 2],1.0,1,0.6,0.7,0.30000000000000004,[1. 1.]
1263,2.0,1264,0,False,0.0,632.0,0.0,1,1,0,[1. 1.],[1 2],,1,0.6,0.7,0.30000000000000004,[1. 1.]
1264,0.0,1265,1,False,0.0,633.0,2.0,1,0,2,[1. 1.],[1 2],,1,0.6,0.7,0.30000000000000004,[1. 1.]
1265,2.0,1266,0,False,1.0,633.0,0.0,1,1,0,[0. 1.],[1 2],1.0,1,0.6,0.7,0.30000000000000004,[1. 1.]
1266,0.0,1267,1,False,0.0,634.0,2.0,1,0,2,[0. 1.],[1 2],1.0,1,0.6,0.7,0.30000000000000004,[1. 1.]
1267,2.0,1268,0,False,1.0,634.0,0.0,1,1,0,[1. 0.],[1 2],1.0,0,0.6,0.7,0.30000000000000004,[1. 1.]
1268,0.0,1269,1,False,0.0,635.0,2.0,1,0,2,[1. 0.],[1 2],1.0,0,0.6,0.7,0.30000000000000004,[1. 1.]
1269,2.0,1270,0,False,0.0,635.0,0.0,1,1,0,[0. 1.],[1 2],1.0,0,0.6,0.7,0.30000000000000004,[1. 1.]
1270,0.0,1271,1,False,0.0,636.0,2.0,1,0,2,[0. 1.],[1 2],1.0,0,0.6,0.7,0.30000000000000004,[1. 1.]
1271,2.0,1272,0,False,1.0,636.0,0.0,1,1,0,[1. 0.],[1 2],0.0,0,0.6,0.7,0.30000000000000004,[1. 1.]
1272,0.0,1273,1,False,0.0,637.0,1.0,1,0,2,[1. 0.],[1 2],0.0,0,0.6,0.7,0.30000000000000004,[1. 1.]
1273,1.0,1274,0,False,0.0,637.0,0.0,1,1,0,[1. 0.],[1 2],1.0,0,0.6,0.7,0.30000000000000004,[1. 1.]
1274,0.0,1275,1,False,0.0,638.0,2.0,1,0,2,[1. 0.],[1 2],1.0,0,0.6,0.7,0.30000000000000004,[1. 1.]
1275,2.0,1276,0,False,0.0,638.0,0.0,1,1,0,[0. 0.],[1 2],,0,0.6,0.7,0.30000000000000004,[1. 1.]
1276,0.0,1277,1,False,0.0,639.0,2.0,1,0,2,[0. 0.],[1 2],,0,0.6,0.7,0.30000000000000004,[1. 1.]
1277,2.0,1278,0,False,0.0,639.0,0.0,1,1,0,[0. 0.],[1 2],0.0,0,0.6,0.7,0.30000000000000004,[1. 1.]
1278,0.0,1279,1,False,0.0,640.0,1.0,1,0,2,[0. 0.],[1 2],0.0,0,0.6,0.7,0.30000000000000004,[1. 1.]
1279,1.0,1280,0,False,0.0,640.0,0.0,1,1,0,[1. 1.],[1 2],1.0,0,0.6,0.7,0.30000000000000004,[1. 1.]
1280,0.0,1281,1,False,0.0,641.0,2.0,1,0,1,[1. 1.],[1 2],1.0,0,0.6,0.7,0.30000000000000004,[1. 1.]
1281,2.0,1282,0,False,1.0,641.0,0.0,1,1,0,[1. 0.],[1 2],1.0,0,0.6,0.7,0.30000000000000004,[1. 1.]
1282,0.0,1283,1,False,0.0,642.0,2.0,1,0,1,[1. 0.],[1 2],1.0,0,0.6,0.7,0.30000000000000004,[1. 1.]
1283,2.0,1284,0,False,1.0,642.0,0.0,1,1,0,[1. 0.],[1 2],0.0,0,0.6,0.7,0.30000000000000004,[1. 1.]
1284,0.0,1285,1,False,0.0,643.0,1.0,1,0,1,[1. 0.],[1 2],0.0,0,0.6,0.7,0.30000000000000004,[1. 1.]
1285,1.0,1286,0,False,1.0,643.0,0.0,1,1,0,[1. 0.],[1 2],,0,0.6,0.7,0.30000000000000004,[1. 1.]
1286,0.0,1287,1,False,0.0,644.0,1.0,1,0,1,[1. 0.],[1 2],,0,0.6,0.7,0.30000000000000004,[1. 1.]
1287,1.0,1288,0,False,1.0,644.0,0.0,1,1,0,[0. 0.],[1 2],,0,0.6,0.7,0.30000000000000004,[1. 1.]
1288,0.0,1289,1,False,0.0,645.0,1.0,1,0,1,[0. 0.],[1 2],,0,0.6,0.7,0.30000000000000004,[1. 1.]
1289,1.0,1290,0,False,0.0,645.0,0.0,1,1,0,[1. 0.],[1 2],,0,0.6,0.7,0.30000000000000004,[1. 1.]
1290,0.0,1291,1,False,0.0,646.0,1.0,1,0,1,[1. 0.],[1 2],,0,0.6,0.7,0.30000000000000004,[1. 1.]
1291,1.0,1292,0,False,1.0,646.0,0.0,1,1,0,[0. 1.],[1 2],0.0,0,0.6,0.7,0.30000000000000004,[1. 1.]
1292,0.0,1293,1,False,0.0,647.0,1.0,1,0,1,[0. 1.],[1 2],0.0,0,0.6,0.7,0.30000000000000004,[1. 1.]
1293,1.0,1294,0,False,0.0,647.0,0.0,1,1,0,[0. 0.],[1 2],0.0,0,0.6,0.7,0.30000000000000004,[1. 1.]
1294,0.0,1295,1,False,0.0,648.0,1.0,1,0,1,[0. 0.],[1 2],0.0,0,0.6,0.7,0.30000000000000004,[1. 1.]
1295,1.0,1296,0,False,0.0,648.0,0.0,1,1,0,[0. 0.],[1 2],0.0,0,0.6,0.7,0.30000000000000004,[1. 1.]
1296,0.0,1297,1,False,0.0,649.0,1.0,1,0,2,[0. 0.],[1 2],0.0,0,0.6,0.7,0.30000000000000004,[1. 1.]
1297,1.0,1298,0,False,0.0,649.0,0.0,1,1,0,[1. 1.],[1 2],,0,0.6,0.7,0.30000000000000004,[1. 1.]
1298,0.0,1299,1,False,0.0,650.0,1.0,1,0,1,[1. 1.],[1 2],,0,0.6,0.7,0.30000000000000004,[1. 1.]
1299,1.0,1300,0,False,1.0,650.0,0.0,1,1,0,[0. 0.],[1 2],0.0,0,0.6,0.7,0.30000000000000004,[1. 1.]
1300,0.0,1301,1,False,0.0,651.0,1.0,1,0,1,[0. 0.],[1 2],0.0,0,0.6,0.7,0.30000000000000004,[1. 1.]
1301,1.0,1302,0,False,0.0,651.0,0.0,1,1,0,[0. 0.],[2 1],,0,0.6,0.7,0.30000000000000004,[1. 1.]
1302,0.0,1303,1,False,0.0,652.0,2.0,1,0,1,[0. 0.],[2 1],,0,0.6,0.7,0.30000000000000004,[1. 1.]
1303,2.0,1304,0,False,0.0,652.0,0.0,1,1,0,[1. 1.],[2 1],0.0,0,0.6,0.7,0.30000000000000004,[1. 1.]
1304,0.0,1305,1,False,0.0,653.0,1.0,1,0,1,[1. 1.],[2 1],0.0,0,0.6,0.7,0.30000000000000004,[1. 1.]
1305,1.0,1306,0,False,1.0,653.0,0.0,1,1,0,[0. 0.],[2 1],,0,0.6,0.7,0.30000000000000004,[1. 1.]
1306,0.0,1307,1,False,0.0,654.0,2.0,1,0,1,[0. 0.],[2 1],,0,0.6,0.7,0.30000000000000004,[1. 1.]
1307,2.0,1308,0,False,0.0,654.0,0.0,1,1,0,[0. 0.],[2 1],0.0,0,0.6,0.7,0.30000000000000004,[1. 1.]
1308,0.0,1309,1,False,0.0,655.0,1.0,1,0,1,[0. 0.],[2 1],0.0,0,0.6,0.7,0.30000000000000004,[1. 1.]
1309,1.0,1310,0,False,0.0,655.0,0.0,1,1,0,[0. 1.],[2 1],0.0,0,0.6,0.7,0.30000000000000004,[1. 1.]
1310,0.0,1311,1,False,0.0,656.0,1.0,1,0,1,[0. 1.],[2 1],0.0,0,0.6,0.7,0.30000000000000004,[1. 1.]
1311,1.0,1312,0,False,1.0,656.0,0.0,1,1,0,[1. 0.],[1 2],,0,0.6,0.7,0.30000000000000004,[1. 1.]
1312,0.0,1313,1,False,0.0,657.0,1.0,1,0,1,[1. 0.],[1 2],,0,0.6,0.7,0.30000000000000004,[1. 1.]
1313,1.0,1314,0,False,1.0,657.0,0.0,1,1,0,[0. 0.],[1 2],1.0,0,0.6,0.7,0.30000000000000004,[1. 1.]
1314,0.0,1315,1,False,0.0,658.0,2.0,1,0,1,[0. 0.],[1 2],1.0,0,0.6,0.7,0.30000000000000004,[1. 1.]
1315,2.0,1316,0,False,0.0,658.0,0.0,1,1,0,[1. 0.],[1 2],0.0,0,0.6,0.7,0.30000000000000004,[1. 1.]
1316,0.0,1317,1,False,0.0,659.0,1.0,1,0,1,[1. 0.],[1 2],0.0,0,0.6,0.7,0.30000000000000004,[1. 1.]
1317,1.0,1318,0,False,1.0,659.0,0.0,1,1,0,[1. 0.],[2 1],,0,0.6,0.7,0.30000000000000004,[1. 1.]
1318,0.0,1319,1,False,0.0,660.0,2.0,1,0,1,[1. 0.],[2 1],,0,0.6,0.7,0.30000000000000004,[1. 1.]
1319,2.0,1320,0,False,0.0,660.0,0.0,1,1,0,[0. 1.],[2 1],,0,0.6,0.7,0.30000000000000004,[1. 1.]
1320,0.0,1321,1,False,0.0,661.0,2.0,1,0,1,[0. 1.],[2 1],,0,0.6,0.7,0.30000000000000004,[1. 1.]
1321,2.0,1322,0,False,1.0,661.0,0.0,1,1,0,[0. 1.],[2 1],0.0,0,0.6,0.7,0.30000000000000004,[1. 1.]
1322,0.0,1323,1,False,0.0,662.0,1.0,1,0,1,[0. 1.],[2 1],0.0,0,0.6,0.7,0.30000000000000004,[1. 1.]
1323,1.0,1324,0,False,1.0,662.0,0.0,1,1,0,[0. 0.],[2 1],,0,0.6,0.7,0.30000000000000004,[1. 1.]
1324,0.0,1325,1,False,0.0,663.0,2.0,1,0,1,[0. 0.],[2 1],,0,0.6,0.7,0.30000000000000004,[1. 1.]
1325,2.0,1326,0,False,0.0,663.0,0.0,1,1,0,[1. 1.],[2 1],1.0,0,0.6,0.7,0.30000000000000004,[1. 1.]
1326,0.0,1327,1,False,0.0,664.0,2.0,1,0,1,[1. 1.],[2 1],1.0,0,0.6,0.7,0.30000000000000004,[1. 1.]
1327,2.0,1328,0,False,1.0,664.0,0.0,1,1,0,[1. 1.],[2 1],0.0,0,0.6,0.7,0.30000000000000004,[1. 1.]
1328,0.0,1329,1,False,0.0,665.0,1.0,1,0,1,[1. 1.],[2 1],0.0,0,0.6,0.7,0.30000000000000004,[1. 1.]
1329,1.0,1330,0,False,1.0,665.0,0.0,1,1,0,[1. 0.],[2 1],,0,0.6,0.7,0.30000000000000004,[1. 1.]
1330,0.0,1331,1,False,0.0,666.0,2.0,1,0,1,[1. 0.],[2 1],,0,0.6,0.7,0.30000000000000004,[1. 1.]
1331,2.0,1332,0,False,0.0,666.0,0.0,1,1,0,[1. 0.],[2 1],,0,0.6,0.7,0.30000000000000004,[1. 1.]
1332,0.0,1333,1,False,0.0,667.0,2.0,1,0,1,[1. 0.],[2 1],,0,0.6,0.7,0.30000000000000004,[1. 1.]
1333,2.0,1334,0,False,0.0,667.0,0.0,1,1,0,[1. 0.],[2 1],,0,0.6,0.7,0.30000000000000004,[1. 1.]
1334,0.0,1335,1,False,0.0,668.0,2.0,1,0,1,[1. 0.],[2 1],,0,0.6,0.7,0.30000000000000004,[1. 1.]
1335,2.0,1336,0,False,0.0,668.0,0.0,1,1,0,[1. 1.],[2 1],,0,0.6,0.7,0.30000000000000004,[1. 1.]
1336,0.0,1337,1,False,0.0,669.0,2.0,1,0,1,[1. 1.],[2 1],,0,0.6,0.7,0.30000000000000004,[1. 1.]
1337,2.0,1338,0,False,1.0,669.0,0.0,1,1,0,[1. 0.],[2 1],,0,0.6,0.7,0.30000000000000004,[1. 1.]
1338,0.0,1339,1,False,0.0,670.0,2.0,1,0,1,[1. 0.],[2 1],,0,0.6,0.7,0.30000000000000004,[1. 1.]
1339,2.0,1340,0,False,0.0,670.0,0.0,1,1,0,[1. 0.],[1 2],0.0,0,0.6,0.7,0.30000000000000004,[1. 1.]
1340,0.0,1341,1,False,0.0,671.0,1.0,1,0,1,[1. 0.],[1 2],0.0,0,0.6,0.7,0.30000000000000004,[1. 1.]
1341,1.0,1342,0,False,1.0,671.0,0.0,1,1,0,[0. 0.],[1 2],0.0,0,0.6,0.7,0.30000000000000004,[1. 1.]
1342,0.0,1343,1,False,0.0,672.0,1.0,1,0,1,[0. 0.],[1 2],0.0,0,0.6,0.7,0.30000000000000004,[1. 1.]
1343,1.0,1344,0,False,0.0,672.0,0.0,1,1,0,[1. 0.],[1 2],0.0,0,0.6,0.7,0.30000000000000004,[1. 1.]
1344,0.0,1345,1,False,0.0,673.0,1.0,1,0,1,[1. 0.],[1 2],0.0,0,0.6,0.7,0.30000000000000004,[1. 1.]
1345,1.0,1346,0,False,1.0,673.0,0.0,1,1,0,[0. 0.],[1 2],1.0,0,0.6,0.7,0.30000000000000004,[1. 1.]
1346,0.0,1347,1,False,0.0,674.0,2.0,1,0,1,[0. 0.],[1 2],1.0,0,0.6,0.7,0.30000000000000004,[1. 1.]
1347,2.0,1348,0,False,0.0,674.0,0.0,1,1,0,[1. 1.],[1 2],,0,0.6,0.7,0.30000000000000004,[1. 1.]
1348,0.0,1349,1,False,0.0,675.0,1.0,1,0,1,[1. 1.],[1 2],,0,0.6,0.7,0.30000000000000004,[1. 1.]
1349,1.0,1350,0,False,1.0,675.0,0.0,1,1,0,[0. 0.],[1 2],0.0,0,0.6,0.7,0.30000000000000004,[1. 1.]
1350,0.0,1351,1,False,0.0,676.0,1.0,1,0,1,[0. 0.],[1 2],0.0,0,0.6,0.7,0.30000000000000004,[1. 1.]
1351,1.0,1352,0,False,0.0,676.0,0.0,1,1,0,[1. 0.],[1 2],1.0,0,0.6,0.7,0.30000000000000004,[1. 1.]
1352,0.0,1353,1,False,0.0,677.0,2.0,1,0,1,[1. 0.],[1 2],1.0,0,0.6,0.7,0.30000000000000004,[1. 1.]
1353,2.0,1354,0,False,1.0,677.0,0.0,1,1,0,[0. 0.],[1 2],0.0,0,0.6,0.7,0.30000000000000004,[1. 1.]
1354,0.0,1355,1,False,0.0,678.0,1.0,1,0,1,[0. 0.],[1 2],0.0,0,0.6,0.7,0.30000000000000004,[1. 1.]
1355,1.0,1356,0,False,0.0,678.0,0.0,1,1,0,[1. 0.],[1 2],1.0,0,0.6,0.7,0.30000000000000004,[1. 1.]
1356,0.0,1357,1,False,0.0,679.0,2.0,1,0,1,[1. 0.],[1 2],1.0,0,0.6,0.7,0.30000000000000004,[1. 1.]
1357,2.0,1358,0,False,1.0,679.0,0.0,1,1,0,[1. 0.],[1 2],,0,0.6,0.7,0.30000000000000004,[1. 1.]
1358,0.0,1359,1,False,0.0,680.0,1.0,1,0,1,[1. 0.],[1 2],,0,0.6,0.7,0.30000000000000004,[1. 1.]
1359,1.0,1360,0,False,1.0,680.0,0.0,1,1,0,[1. 1.],[1 2],,0,0.6,0.7,0.30000000000000004,[1. 1.]
1360,0.0,1361,1,False,0.0,681.0,1.0,1,0,1,[1. 1.],[1 2],,0,0.6,0.7,0.30000000000000004,[1. 1.]
1361,1.0,1362,0,False,1.0,681.0,0.0,1,1,0,[1. 0.],[1 2],,0,0.6,0.7,0.30000000000000004,[1. 1.]
1362,0.0,1363,1,False,0.0,682.0,1.0,1,0,1,[1. 0.],[1 2],,0,0.6,0.7,0.30000000000000004,[1. 1.]
1363,1.0,1364,0,False,1.0,682.0,0.0,1,1,0,[0. 0.],[1 2],,0,0.6,0.7,0.30000000000000004,[1. 1.]
1364,0.0,1365,1,False,0.0,683.0,1.0,1,0,1,[0. 0.],[1 2],,0,0.6,0.7,0.30000000000000004,[1. 1.]
1365,1.0,1366,0,False,0.0,683.0,0.0,1,1,0,[1. 0.],[1 2],,0,0.6,0.7,0.30000000000000004,[1. 1.]
1366,0.0,1367,1,False,0.0,684.0,1.0,1,0,1,[1. 0.],[1 2],,0,0.6,0.7,0.30000000000000004,[1. 1.]
1367,1.0,1368,0,False,1.0,684.0,0.0,1,1,0,[1. 0.],[1 2],1.0,0,0.6,0.7,0.30000000000000004,[1. 1.]
1368,0.0,1369,1,False,0.0,685.0,2.0,1,0,1,[1. 0.],[1 2],1.0,0,0.6,0.7,0.30000000000000004,[1. 1.]
1369,2.0,1370,0,False,1.0,685.0,0.0,1,1,0,[1. 0.],[1 2],,0,0.6,0.7,0.30000000000000004,[1. 1.]
1370,0.0,1371,1,False,0.0,686.0,1.0,1,0,1,[1. 0.],[1 2],,0,0.6,0.7,0.30000000000000004,[1. 1.]
1371,1.0,1372,0,False,1.0,686.0,0.0,1,1,0,[0. 0.],[1 2],1.0,0,0.6,0.7,0.30000000000000004,[1. 1.]
1372,0.0,1373,1,False,0.0,687.0,2.0,1,0,1,[0. 0.],[1 2],1.0,0,0.6,0.7,0.30000000000000004,[1. 1.]
1373,2.0,1374,0,False,0.0,687.0,0.0,1,1,0,[1. 0.],[1 2],0.0,0,0.6,0.7,0.30000000000000004,[1. 1.]
1374,0.0,1375,1,False,0.0,688.0,1.0,1,0,1,[1. 0.],[1 2],0.0,0,0.6,0.7,0.30000000000000004,[1. 1.]
1375,1.0,1376,0,False,1.0,688.0,0.0,1,1,0,[1. 0.],[1 2],1.0,0,0.6,0.7,0.30000000000000004,[1. 1.]
1376,0.0,1377,1,False,0.0,689.0,2.0,1,0,1,[1. 0.],[1 2],1.0,0,0.6,0.7,0.30000000000000004,[1. 1.]
1377,2.0,1378,0,False,1.0,689.0,0.0,1,1,0,[0. 0.],[1 2],1.0,0,0.6,0.7,0.30000000000000004,[1. 1.]
1378,0.0,1379,1,False,0.0,690.0,2.0,1,0,1,[0. 0.],[1 2],1.0,0,0.6,0.7,0.30000000000000004,[1. 1.]
1379,2.0,1380,0,False,0.0,690.0,0.0,1,1,0,[0. 0.],[1 2],0.0,1,0.6,0.7,0.30000000000000004,[1. 1.]
1380,0.0,1381,1,False,0.0,691.0,1.0,1,0,1,[0. 0.],[1 2],0.0,1,0.6,0.7,0.30000000000000004,[1. 1.]
1381,1.0,1382,0,False,0.0,691.0,0.0,1,1,0,[1. 1.],[1 2],,1,0.6,0.7,0.30000000000000004,[1. 1.]
1382,0.0,1383,1,False,0.0,692.0,1.0,1,0,1,[1. 1.],[1 2],,1,0.6,0.7,0.30000000000000004,[1. 1.]
1383,1.0,1384,0,False,1.0,692.0,0.0,1,1,0,[0. 1.],[1 2],0.0,1,0.6,0.7,0.30000000000000004,[1. 1.]
1384,0.0,1385,1,False,0.0,693.0,1.0,1,0,1,[0. 1.],[1 2],0.0,1,0.6,0.7,0.30000000000000004,[1. 1.]
1385,1.0,1386,0,False,0.0,693.0,0.0,1,1,0,[0. 1.],[1 2],0.0,1,0.6,0.7,0.30000000000000004,[1. 1.]
1386,0.0,1387,1,False,0.0,694.0,1.0,1,0,1,[0. 1.],[1 2],0.0,1,0.6,0.7,0.30000000000000004,[1. 1.]
1387,1.0,1388,0,False,0.0,694.0,0.0,1,1,0,[0. 1.],[1 2],1.0,1,0.6,0.7,0.30000000000000004,[1. 1.]
1388,0.0,1389,1,False,0.0,695.0,2.0,1,0,1,[0. 1.],[1 2],1.0,1,0.6,0.7,0.30000000000000004,[1. 1.]
1389,2.0,1390,0,False,0.0,695.0,0.0,1,1,0,[1. 1.],[1 2],1.0,1,0.6,0.7,0.30000000000000004,[1. 1.]
1390,0.0,1391,1,False,0.0,696.0,2.0,1,0,2,[1. 1.],[1 2],1.0,1,0.6,0.7,0.30000000000000004,[1. 1.]
1391,2.0,1392,0,False,1.0,696.0,0.0,1,1,0,[0. 1.],[1 2],0.0,1,0.6,0.7,0.30000000000000004,[1. 1.]
1392,0.0,1393,1,False,0.0,697.0,1.0,1,0,2,[0. 1.],[1 2],0.0,1,0.6,0.7,0.30000000000000004,[1. 1.]
1393,1.0,1394,0,False,1.0,697.0,0.0,1,1,0,[0. 1.],[1 2],1.0,1,0.6,0.7,0.30000000000000004,[1. 1.]
1394,0.0,1395,1,False,0.0,698.0,2.0,1,0,2,[0. 1.],[1 2],1.0,1,0.6,0.7,0.30000000000000004,[1. 1.]
1395,2.0,1396,0,False,1.0,698.0,0.0,1,1,0,[0. 1.],[1 2],,1,0.6,0.7,0.30000000000000004,[1. 1.]
1396,0.0,1397,1,False,0.0,699.0,2.0,1,0,2,[0. 1.],[1 2],,1,0.6,0.7,0.30000000000000004,[1. 1.]
1397,2.0,1398,0,False,1.0,699.0,0.0,1,1,0,[1. 1.],[1 2],,1,0.6,0.7,0.30000000000000004,[1. 1.]
1398,0.0,1399,1,False,0.0,700.0,2.0,1,0,2,[1. 1.],[1 2],,1,0.6,0.7,0.30000000000000004,[1. 1.]
1399,2.0,1400,0,False,1.0,700.0,0.0,1,1,0,[0. 1.],[1 2],1.0,1,0.6,0.7,0.30000000000000004,[1. 1.]
1400,0.0,1401,1,False,0.0,701.0,2.0,1,0,2,[0. 1.],[1 2],1.0,1,0.6,0.7,0.30000000000000004,[1. 1.]
1401,2.0,1402,0,False,1.0,701.0,0.0,1,1,0,[0. 1.],[1 2],0.0,1,0.6,0.7,0.30000000000000004,[1. 1.]
1402,0.0,1403,1,False,0.0,702.0,1.0,1,0,2,[0. 1.],[1 2],0.0,1,0.6,0.7,0.30000000000000004,[1. 1.]
1403,1.0,1404,0,False,1.0,702.0,0.0,1,1,0,[0. 0.],[1 2],,1,0.6,0.7,0.30000000000000004,[1. 1.]
1404,0.0,1405,1,False,0.0,703.0,2.0,1,0,2,[0. 0.],[1 2],,1,0.6,0.7,0.30000000000000004,[1. 1.]
1405,2.0,1406,0,False,0.0,703.0,0.0,1,1,0,[1. 0.],[1 2],,1,0.6,0.7,0.30000000000000004,[1. 1.]
1406,0.0,1407,1,False,0.0,704.0,2.0,1,0,2,[1. 0.],[1 2],,1,0.6,0.7,0.30000000000000004,[1. 1.]
1407,2.0,1408,0,False,0.0,704.0,0.0,1,1,0,[0. 0.],[1 2],1.0,1,0.6,0.7,0.30000000000000004,[1. 1.]
1408,0.0,1409,1,False,0.0,705.0,2.0,1,0,2,[0. 0.],[1 2],1.0,1,0.6,0.7,0.30000000000000004,[1. 1.]
1409,2.0,1410,0,False,0.0,705.0,0.0,1,1,0,[0. 1.],[1 2],0.0,1,0.6,0.7,0.30000000000000004,[1. 1.]
1410,0.0,1411,1,False,0.0,706.0,1.0,1,0,2,[0. 1.],[1 2],0.0,1,0.6,0.7,0.30000000000000004,[1. 1.]
1411,1.0,1412,0,False,1.0,706.0,0.0,1,1,0,[0. 1.],[1 2],,1,0.6,0.7,0.30000000000000004,[1. 1.]
1412,0.0,1413,1,False,0.0,707.0,2.0,1,0,2,[0. 1.],[1 2],,1,0.6,0.7,0.30000000000000004,[1. 1.]
1413,2.0,1414,0,False,1.0,707.0,0.0,1,1,0,[0. 1.],[1 2],1.0,1,0.6,0.7,0.30000000000000004,[1. 1.]
1414,0.0,1415,1,False,0.0,708.0,2.0,1,0,2,[0. 1.],[1 2],1.0,1,0.6,0.7,0.30000000000000004,[1. 1.]
1415,2.0,1416,0,False,1.0,708.0,0.0,1,1,0,[0. 1.],[1 2],,1,0.6,0.7,0.30000000000000004,[1. 1.]
1416,0.0,1417,1,False,0.0,709.0,2.0,1,0,2,[0. 1.],[1 2],,1,0.6,0.7,0.30000000000000004,[1. 1.]
1417,2.0,1418,0,False,1.0,709.0,0.0,1,1,0,[0. 1.],[1 2],,1,0.6,0.7,0.30000000000000004,[1. 1.]
1418,0.0,1419,1,False,0.0,710.0,2.0,1,0,2,[0. 1.],[1 2],,1,0.6,0.7,0.30000000000000004,[1. 1.]
1419,2.0,1420,0,False,1.0,710.0,0.0,1,1,0,[0. 0.],[1 2],1.0,1,0.6,0.7,0.30000000000000004,[1. 1.]
1420,0.0,1421,1,False,0.0,711.0,2.0,1,0,2,[0. 0.],[1 2],1.0,1,0.6,0.7,0.30000000000000004,[1. 1.]
1421,2.0,1422,0,False,0.0,711.0,0.0,1,1,0,[0. 1.],[1 2],0.0,1,0.6,0.7,0.30000000000000004,[1. 1.]
1422,0.0,1423,1,False,0.0,712.0,1.0,1,0,2,[0. 1.],[1 2],0.0,1,0.6,0.7,0.30000000000000004,[1. 1.]
1423,1.0,1424,0,False,1.0,712.0,0.0,1,1,0,[0. 0.],[1 2],,1,0.6,0.7,0.30000000000000004,[1. 1.]
1424,0.0,1425,1,False,0.0,713.0,2.0,1,0,2,[0. 0.],[1 2],,1,0.6,0.7,0.30000000000000004,[1. 1.]
1425,2.0,1426,0,False,0.0,713.0,0.0,1,1,0,[0. 1.],[1 2],1.0,1,0.6,0.7,0.30000000000000004,[1. 1.]
1426,0.0,1427,1,False,0.0,714.0,2.0,1,0,2,[0. 1.],[1 2],1.0,1,0.6,0.7,0.30000000000000004,[1. 1.]
1427,2.0,1428,0,False,1.0,714.0,0.0,1,1,0,[0. 1.],[1 2],,1,0.6,0.7,0.30000000000000004,[1. 1.]
1428,0.0,1429,1,False,0.0,715.0,2.0,1,0,2,[0. 1.],[1 2],,1,0.6,0.7,0.30000000000000004,[1. 1.]
1429,2.0,1430,0,False,1.0,715.0,0.0,1,1,0,[1. 1.],[1 2],,1,0.6,0.7,0.30000000000000004,[1. 1.]
1430,0.0,1431,1,False,0.0,716.0,2.0,1,0,2,[1. 1.],[1 2],,1,0.6,0.7,0.30000000000000004,[1. 1.]
1431,2.0,1432,0,False,1.0,716.0,0.0,1,1,0,[0. 1.],[1 2],1.0,1,0.6,0.7,0.30000000000000004,[1. 1.]
1432,0.0,1433,1,False,0.0,717.0,2.0,1,0,2,[0. 1.],[1 2],1.0,1,0.6,0.7,0.30000000000000004,[1. 1.]
1433,2.0,1434,0,False,1.0,717.0,0.0,1,1,0,[1. 1.],[1 2],0.0,1,0.6,0.7,0.30000000000000004,[1. 1.]
1434,0.0,1435,1,False,0.0,718.0,1.0,1,0,2,[1. 1.],[1 2],0.0,1,0.6,0.7,0.30000000000000004,[1. 1.]
1435,1.0,1436,0,False,1.0,718.0,0.0,1,1,0,[0. 0.],[1 2],1.0,1,0.6,0.7,0.30000000000000004,[1. 1.]
1436,0.0,1437,1,False,0.0,719.0,2.0,1,0,2,[0. 0.],[1 2],1.0,1,0.6,0.7,0.30000000000000004,[1. 1.]
1437,2.0,1438,0,False,0.0,719.0,0.0,1,1,0,[0. 1.],[1 2],1.0,1,0.6,0.7,0.30000000000000004,[1. 1.]
1438,0.0,1439,1,False,0.0,720.0,2.0,1,0,2,[0. 1.],[1 2],1.0,1,0.6,0.7,0.30000000000000004,[1. 1.]
1439,2.0,1440,0,False,1.0,720.0,0.0,1,1,0,[0. 1.],[1 2],,1,0.6,0.7,0.30000000000000004,[1. 1.]
1440,0.0,1441,1,False,0.0,721.0,2.0,1,0,2,[0. 1.],[1 2],,1,0.6,0.7,0.30000000000000004,[1. 1.]
1441,2.0,1442,0,False,1.0,721.0,0.0,1,1,0,[0. 1.],[1 2],1.0,1,0.6,0.7,0.30000000000000004,[1. 1.]
1442,0.0,1443,1,False,0.0,722.0,2.0,1,0,2,[0. 1.],[1 2],1.0,1,0.6,0.7,0.30000000000000004,[1. 1.]
1443,2.0,1444,0,False,1.0,722.0,0.0,1,1,0,[0. 1.],[1 2],1.0,1,0.6,0.7,0.30000000000000004,[1. 1.]
1444,0.0,1445,1,False,0.0,723.0,2.0,1,0,2,[0. 1.],[1 2],1.0,1,0.6,0.7,0.30000000000000004,[1. 1.]
1445,2.0,1446,0,False,1.0,723.0,0.0,1,1,0,[1. 1.],[1 2],,1,0.6,0.7,0.30000000000000004,[1. 1.]
1446,0.0,1447,1,False,0.0,724.0,2.0,1,0,2,[1. 1.],[1 2],,1,0.6,0.7,0.30000000000000004,[1. 1.]
1447,2.0,1448,0,False,1.0,724.0,0.0,1,1,0,[0. 1.],[1 2],,1,0.6,0.7,0.30000000000000004,[1. 1.]
1448,0.0,1449,1,False,0.0,725.0,2.0,1,0,2,[0. 1.],[1 2],,1,0.6,0.7,0.30000000000000004,[1. 1.]
1449,2.0,1450,0,False,1.0,725.0,0.0,1,1,0,[1. 0.],[1 2],0.0,1,0.6,0.7,0.30000000000000004,[1. 1.]
1450,0.0,1451,1,False,0.0,726.0,1.0,1,0,2,[1. 0.],[1 2],0.0,1,0.6,0.7,0.30000000000000004,[1. 1.]
1451,1.0,1452,0,False,0.0,726.0,0.0,1,1,0,[1. 0.],[1 2],1.0,1,0.6,0.7,0.30000000000000004,[1. 1.]
1452,0.0,1453,1,False,0.0,727.0,2.0,1,0,2,[1. 0.],[1 2],1.0,1,0.6,0.7,0.30000000000000004,[1. 1.]
1453,2.0,1454,0,False,0.0,727.0,0.0,1,1,0,[0. 1.],[1 2],,1,0.6,0.7,0.30000000000000004,[1. 1.]
1454,0.0,1455,1,False,0.0,728.0,2.0,1,0,2,[0. 1.],[1 2],,1,0.6,0.7,0.30000000000000004,[1. 1.]
1455,2.0,1456,0,False,1.0,728.0,0.0,1,1,0,[0. 1.],[1 2],,1,0.6,0.7,0.30000000000000004,[1. 1.]
1456,0.0,1457,1,False,0.0,729.0,2.0,1,0,2,[0. 1.],[1 2],,1,0.6,0.7,0.30000000000000004,[1. 1.]
1457,2.0,1458,0,False,1.0,729.0,0.0,1,1,0,[0. 1.],[1 2],1.0,1,0.6,0.7,0.30000000000000004,[1. 1.]
1458,0.0,1459,1,False,0.0,730.0,2.0,1,0,2,[0. 1.],[1 2],1.0,1,0.6,0.7,0.30000000000000004,[1. 1.]
1459,2.0,1460,0,False,1.0,730.0,0.0,1,1,0,[0. 1.],[1 2],,1,0.6,0.7,0.30000000000000004,[1. 1.]
1460,0.0,1461,1,False,0.0,731.0,2.0,1,0,2,[0. 1.],[1 2],,1,0.6,0.7,0.30000000000000004,[1. 1.]
1461,2.0,1462,0,False,1.0,731.0,0.0,1,1,0,[0. 1.],[1 2],,1,0.6,0.7,0.30000000000000004,[1. 1.]
1462,0.0,1463,1,False,0.0,732.0,2.0,1,0,2,[0. 1.],[1 2],,1,0.6,0.7,0.30000000000000004,[1. 1.]
1463,2.0,1464,0,False,1.0,732.0,0.0,1,1,0,[0. 1.],[1 2],0.0,1,0.6,0.7,0.30000000000000004,[1. 1.]
1464,0.0,1465,1,False,0.0,733.0,1.0,1,0,2,[0. 1.],[1 2],0.0,1,0.6,0.7,0.30000000000000004,[1. 1.]
1465,1.0,1466,0,False,1.0,733.0,0.0,1,1,0,[1. 0.],[2 1],0.0,1,0.6,0.7,0.30000000000000004,[1. 1.]
1466,0.0,1467,1,False,0.0,734.0,1.0,1,0,2,[1. 0.],[2 1],0.0,1,0.6,0.7,0.30000000000000004,[1. 1.]
1467,1.0,1468,0,False,1.0,734.0,0.0,1,1,0,[1. 1.],[2 1],,1,0.6,0.7,0.30000000000000004,[1. 1.]
1468,0.0,1469,1,False,0.0,735.0,1.0,1,0,2,[1. 1.],[2 1],,1,0.6,0.7,0.30000000000000004,[1. 1.]
1469,1.0,1470,0,False,1.0,735.0,0.0,1,1,0,[1. 1.],[2 1],,1,0.6,0.7,0.30000000000000004,[1. 1.]
1470,0.0,1471,1,False,0.0,736.0,1.0,1,0,2,[1. 1.],[2 1],,1,0.6,0.7,0.30000000000000004,[1. 1.]
1471,1.0,1472,0,False,1.0,736.0,0.0,1,1,0,[0. 1.],[2 1],1.0,1,0.6,0.7,0.30000000000000004,[1. 1.]
1472,0.0,1473,1,False,0.0,737.0,2.0,1,0,2,[0. 1.],[2 1],1.0,1,0.6,0.7,0.30000000000000004,[1. 1.]
1473,2.0,1474,0,False,0.0,737.0,0.0,1,1,0,[1. 0.],[2 1],,1,0.6,0.7,0.30000000000000004,[1. 1.]
1474,0.0,1475,1,False,0.0,738.0,1.0,1,0,2,[1. 0.],[2 1],,1,0.6,0.7,0.30000000000000004,[1. 1.]
1475,1.0,1476,0,False,1.0,738.0,0.0,1,1,0,[0. 1.],[2 1],0.0,1,0.6,0.7,0.30000000000000004,[1. 1.]
1476,0.0,1477,1,False,0.0,739.0,1.0,1,0,2,[0. 1.],[2 1],0.0,1,0.6,0.7,0.30000000000000004,[1. 1.]
1477,1.0,1478,0,False,0.0,739.0,0.0,1,1,0,[0. 0.],[2 1],,1,0.6,0.7,0.30000000000000004,[1. 1.]
1478,0.0,1479,1,False,0.0,740.0,1.0,1,0,2,[0. 0.],[2 1],,1,0.6,0.7,0.30000000000000004,[1. 1.]
1479,1.0,1480,0,False,0.0,740.0,0.0,1,1,0,[0. 0.],[2 1],1.0,1,0.6,0.7,0.30000000000000004,[1. 1.]
1480,0.0,1481,1,False,0.0,741.0,2.0,1,0,1,[0. 0.],[2 1],1.0,1,0.6,0.7,0.30000000000000004,[1. 1.]
1481,2.0,1482,0,False,0.0,741.0,0.0,1,1,0,[1. 1.],[2 1],0.0,1,0.6,0.7,0.30000000000000004,[1. 1.]
1482,0.0,1483,1,False,0.0,742.0,1.0,1,0,1,[1. 1.],[2 1],0.0,1,0.6,0.7,0.30000000000000004,[1. 1.]
1483,1.0,1484,0,False,1.0,742.0,0.0,1,1,0,[1. 1.],[2 1],,0,0.6,0.7,0.30000000000000004,[1. 1.]
1484,0.0,1485,1,False,0.0,743.0,2.0,1,0,1,[1. 1.],[2 1],,0,0.6,0.7,0.30000000000000004,[1. 1.]
1485,2.0,1486,0,False,1.0,743.0,0.0,1,1,0,[1. 1.],[2 1],1.0,0,0.6,0.7,0.30000000000000004,[1. 1.]
1486,0.0,1487,1,False,0.0,744.0,2.0,1,0,1,[1. 1.],[2 1],1.0,0,0.6,0.7,0.30000000000000004,[1. 1.]
1487,2.0,1488,0,False,1.0,744.0,0.0,1,1,0,[1. 0.],[2 1],,0,0.6,0.7,0.30000000000000004,[1. 1.]
1488,0.0,1489,1,False,0.0,745.0,2.0,1,0,1,[1. 0.],[2 1],,0,0.6,0.7,0.30000000000000004,[1. 1.]
1489,2.0,1490,0,False,0.0,745.0,0.0,1,1,0,[1. 1.],[2 1],0.0,0,0.6,0.7,0.30000000000000004,[1. 1.]
1490,0.0,1491,1,False,0.0,746.0,1.0,1,0,1,[1. 1.],[2 1],0.0,0,0.6,0.7,0.30000000000000004,[1. 1.]
1491,1.0,1492,0,False,1.0,746.0,0.0,1,1,0,[1. 0.],[2 1],1.0,0,0.6,0.7,0.30000000000000004,[1. 1.]
1492,0.0,1493,1,False,0.0,747.0,2.0,1,0,1,[1. 0.],[2 1],1.0,0,0.6,0.7,0.30000000000000004,[1. 1.]
1493,2.0,1494,0,False,0.0,747.0,0.0,1,1,0,[0. 1.],[2 1],,0,0.6,0.7,0.30000000000000004,[1. 1.]
1494,0.0,1495,1,False,0.0,748.0,2.0,1,0,1,[0. 1.],[2 1],,0,0.6,0.7,0.30000000000000004,[1. 1.]
1495,2.0,1496,0,False,1.0,748.0,0.0,1,1,0,[1. 1.],[2 1],,0,0.6,0.7,0.30000000000000004,[1. 1.]
1496,0.0,1497,1,False,0.0,749.0,2.0,1,0,1,[1. 1.],[2 1],,0,0.6,0.7,0.30000000000000004,[1. 1.]
1497,2.0,1498,0,False,1.0,749.0,0.0,1,1,0,[1. 0.],[2 1],,0,0.6,0.7,0.30000000000000004,[1. 1.]
1498,0.0,1499,1,False,0.0,750.0,2.0,1,0,1,[1. 0.],[2 1],,0,0.6,0.7,0.30000000000000004,[1. 1.]
1499,2.0,1500,0,False,0.0,750.0,0.0,1,1,0,[1. 0.],[2 1],0.0,0,0.6,0.7,0.30000000000000004,[1. 1.]
1500,0.0,1501,1,False,0.0,751.0,1.0,1,0,1,[1. 0.],[2 1],0.0,0,0.6,0.7,0.30000000000000004,[1. 1.]
1501,1.0,1502,0,False,0.0,751.0,0.0,1,1,0,[1. 0.],[2 1],0.0,0,0.6,0.7,0.30000000000000004,[1. 1.]
1502,0.0,1503,1,False,0.0,752.0,1.0,1,0,1,[1. 0.],[2 1],0.0,0,0.6,0.7,0.30000000000000004,[1. 1.]
1503,1.0,1504,0,False,0.0,752.0,0.0,1,1,0,[1. 0.],[2 1],1.0,0,0.6,0.7,0.30000000000000004,[1. 1.]
1504,0.0,1505,1,False,0.0,753.0,2.0,1,0,2,[1. 0.],[2 1],1.0,0,0.6,0.7,0.30000000000000004,[1. 1.]
1505,2.0,1506,0,False,1.0,753.0,0.0,1,1,0,[1. 0.],[2 1],,0,0.6,0.7,0.30000000000000004,[1. 1.]
1506,0.0,1507,1,False,0.0,754.0,1.0,1,0,2,[1. 0.],[2 1],,0,0.6,0.7,0.30000000000000004,[1. 1.]
1507,1.0,1508,0,False,1.0,754.0,0.0,1,1,0,[1. 0.],[2 1],0.0,0,0.6,0.7,0.30000000000000004,[1. 1.]
1508,0.0,1509,1,False,0.0,755.0,1.0,1,0,2,[1. 0.],[2 1],0.0,0,0.6,0.7,0.30000000000000004,[1. 1.]
1509,1.0,1510,0,False,1.0,755.0,0.0,1,1,0,[1. 0.],[2 1],0.0,0,0.6,0.7,0.30000000000000004,[1. 1.]
1510,0.0,1511,1,False,0.0,756.0,1.0,1,0,2,[1. 0.],[2 1],0.0,0,0.6,0.7,0.30000000000000004,[1. 1.]
1511,1.0,1512,0,False,1.0,756.0,0.0,1,1,0,[1. 0.],[2 1],,0,0.6,0.7,0.30000000000000004,[1. 1.]
1512,0.0,1513,1,False,0.0,757.0,1.0,1,0,2,[1. 0.],[2 1],,0,0.6,0.7,0.30000000000000004,[1. 1.]
1513,1.0,1514,0,False,1.0,757.0,0.0,1,1,0,[1. 1.],[2 1],1.0,0,0.6,0.7,0.30000000000000004,[1. 1.]
1514,0.0,1515,1,False,0.0,758.0,2.0,1,0,2,[1. 1.],[2 1],1.0,0,0.6,0.7,0.30000000000000004,[1. 1.]
1515,2.0,1516,0,False,1.0,758.0,0.0,1,1,0,[1. 0.],[2 1],0.0,0,0.6,0.7,0.30000000000000004,[1. 1.]
1516,0.0,1517,1,False,0.0,759.0,1.0,1,0,2,[1. 0.],[2 1],0.0,0,0.6,0.7,0.30000000000000004,[1. 1.]
1517,1.0,1518,0,False,1.0,759.0,0.0,1,1,0,[1. 1.],[2 1],,1,0.6,0.7,0.30000000000000004,[1. 1.]
1518,0.0,1519,1,False,0.0,760.0,1.0,1,0,2,[1. 1.],[2 1],,1,0.6,0.7,0.30000000000000004,[1. 1.]
1519,1.0,1520,0,False,1.0,760.0,0.0,1,1,0,[0. 1.],[2 1],0.0,1,0.6,0.7,0.30000000000000004,[1. 1.]
1520,0.0,1521,1,False,0.0,761.0,1.0,1,0,2,[0. 1.],[2 1],0.0,1,0.6,0.7,0.30000000000000004,[1. 1.]
1521,1.0,1522,0,False,0.0,761.0,0.0,1,1,0,[0. 1.],[2 1],,1,0.6,0.7,0.30000000000000004,[1. 1.]
1522,0.0,1523,1,False,0.0,762.0,1.0,1,0,2,[0. 1.],[2 1],,1,0.6,0.7,0.30000000000000004,[1. 1.]
1523,1.0,1524,0,False,0.0,762.0,0.0,1,1,0,[0. 1.],[2 1],,1,0.6,0.7,0.30000000000000004,[1. 1.]
1524,0.0,1525,1,False,0.0,763.0,2.0,1,0,1,[0. 1.],[2 1],,1,0.6,0.7,0.30000000000000004,[1. 1.]
1525,2.0,1526,0,False,1.0,763.0,0.0,1,1,0,[0. 0.],[2 1],0.0,1,0.6,0.7,0.30000000000000004,[1. 1.]
1526,0.0,1527,1,False,0.0,764.0,1.0,1,0,1,[0. 0.],[2 1],0.0,1,0.6,0.7,0.30000000000000004,[1. 1.]
1527,1.0,1528,0,False,0.0,764.0,0.0,1,1,0,[0. 0.],[2 1],,1,0.6,0.7,0.30000000000000004,[1. 1.]
1528,0.0,1529,1,False,0.0,765.0,2.0,1,0,1,[0. 0.],[2 1],,1,0.6,0.7,0.30000000000000004,[1. 1.]
1529,2.0,1530,0,False,0.0,765.0,0.0,1,1,0,[0. 1.],[2 1],0.0,1,0.6,0.7,0.30000000000000004,[1. 1.]
1530,0.0,1531,1,False,0.0,766.0,1.0,1,0,1,[0. 1.],[2 1],0.0,1,0.6,0.7,0.30000000000000004,[1. 1.]
1531,1.0,1532,0,False,1.0,766.0,0.0,1,1,0,[1. 1.],[2 1],,1,0.6,0.7,0.30000000000000004,[1. 1.]
1532,0.0,1533,1,False,0.0,767.0,2.0,1,0,1,[1. 1.],[2 1],,1,0.6,0.7,0.30000000000000004,[1. 1.]
1533,2.0,1534,0,False,1.0,767.0,0.0,1,1,0,[1. 1.],[2 1],0.0,1,0.6,0.7,0.30000000000000004,[1. 1.]
1534,0.0,1535,1,False,0.0,768.0,1.0,1,0,1,[1. 1.],[2 1],0.0,1,0.6,0.7,0.30000000000000004,[1. 1.]
1535,1.0,1536,0,False,1.0,768.0,0.0,1,1,0,[0. 1.],[2 1],0.0,1,0.6,0.7,0.30000000000000004,[1. 1.]
1536,0.0,1537,1,False,0.0,769.0,1.0,1,0,1,[0. 1.],[2 1],0.0,1,0.6,0.7,0.30000000000000004,[1. 1.]
1537,1.0,1538,0,False,1.0,769.0,0.0,1,1,0,[1. 1.],[1 2],,1,0.6,0.7,0.30000000000000004,[1. 1.]
1538,0.0,1539,1,False,0.0,770.0,1.0,1,0,1,[1. 1.],[1 2],,1,0.6,0.7,0.30000000000000004,[1. 1.]
1539,1.0,1540,0,False,1.0,770.0,0.0,1,1,0,[0. 1.],[1 2],0.0,1,0.6,0.7,0.30000000000000004,[1. 1.]
1540,0.0,1541,1,False,0.0,771.0,1.0,1,0,1,[0. 1.],[1 2],0.0,1,0.6,0.7,0.30000000000000004,[1. 1.]
1541,1.0,1542,0,False,0.0,771.0,0.0,1,1,0,[0. 1.],[1 2],0.0,0,0.6,0.7,0.30000000000000004,[1. 1.]
1542,0.0,1543,1,False,0.0,772.0,1.0,1,0,1,[0. 1.],[1 2],0.0,0,0.6,0.7,0.30000000000000004,[1. 1.]
1543,1.0,1544,0,False,0.0,772.0,0.0,1,1,0,[1. 0.],[1 2],1.0,0,0.6,0.7,0.30000000000000004,[1. 1.]
1544,0.0,1545,1,False,0.0,773.0,2.0,1,0,2,[1. 0.],[1 2],1.0,0,0.6,0.7,0.30000000000000004,[1. 1.]
1545,2.0,1546,0,False,0.0,773.0,0.0,1,1,0,[0. 1.],[1 2],0.0,0,0.6,0.7,0.30000000000000004,[1. 1.]
1546,0.0,1547,1,False,0.0,774.0,1.0,1,0,1,[0. 1.],[1 2],0.0,0,0.6,0.7,0.30000000000000004,[1. 1.]
1547,1.0,1548,0,False,0.0,774.0,0.0,1,1,0,[0. 1.],[1 2],1.0,1,0.6,0.7,0.30000000000000004,[1. 1.]
1548,0.0,1549,1,False,0.0,775.0,2.0,1,0,2,[0. 1.],[1 2],1.0,1,0.6,0.7,0.30000000000000004,[1. 1.]
1549,2.0,1550,0,False,1.0,775.0,0.0,1,1,0,[0. 1.],[1 2],,1,0.6,0.7,0.30000000000000004,[1. 1.]
1550,0.0,1551,1,False,0.0,776.0,2.0,1,0,2,[0. 1.],[1 2],,1,0.6,0.7,0.30000000000000004,[1. 1.]
1551,2.0,1552,0,False,1.0,776.0,0.0,1,1,0,[0. 1.],[1 2],1.0,1,0.6,0.7,0.30000000000000004,[1. 1.]
1552,0.0,1553,1,False,0.0,777.0,2.0,1,0,2,[0. 1.],[1 2],1.0,1,0.6,0.7,0.30000000000000004,[1. 1.]
1553,2.0,1554,0,False,1.0,777.0,0.0,1,1,0,[0. 0.],[1 2],0.0,1,0.6,0.7,0.30000000000000004,[1. 1.]
1554,0.0,1555,1,False,0.0,778.0,1.0,1,0,2,[0. 0.],[1 2],0.0,1,0.6,0.7,0.30000000000000004,[1. 1.]
1555,1.0,1556,0,False,0.0,778.0,0.0,1,1,0,[0. 0.],[1 2],1.0,1,0.6,0.7,0.30000000000000004,[1. 1.]
1556,0.0,1557,1,False,0.0,779.0,2.0,1,0,2,[0. 0.],[1 2],1.0,1,0.6,0.7,0.30000000000000004,[1. 1.]
1557,2.0,1558,0,False,0.0,779.0,0.0,1,1,0,[1. 0.],[1 2],,1,0.6,0.7,0.30000000000000004,[1. 1.]
1558,0.0,1559,1,False,0.0,780.0,2.0,1,0,2,[1. 0.],[1 2],,1,0.6,0.7,0.30000000000000004,[1. 1.]
1559,2.0,1560,0,False,0.0,780.0,0.0,1,1,0,[0. 1.],[1 2],1.0,1,0.6,0.7,0.30000000000000004,[1. 1.]
1560,0.0,1561,1,False,0.0,781.0,2.0,1,0,2,[0. 1.],[1 2],1.0,1,0.6,0.7,0.30000000000000004,[1. 1.]
1561,2.0,1562,0,False,1.0,781.0,0.0,1,1,0,[1. 0.],[1 2],,1,0.6,0.7,0.30000000000000004,[1. 1.]
1562,0.0,1563,1,False,0.0,782.0,2.0,1,0,2,[1. 0.],[1 2],,1,0.6,0.7,0.30000000000000004,[1. 1.]
1563,2.0,1564,0,False,0.0,782.0,0.0,1,1,0,[1. 1.],[1 2],0.0,1,0.6,0.7,0.30000000000000004,[1. 1.]
1564,0.0,1565,1,False,0.0,783.0,1.0,1,0,2,[1. 1.],[1 2],0.0,1,0.6,0.7,0.30000000000000004,[1. 1.]
1565,1.0,1566,0,False,1.0,783.0,0.0,1,1,0,[0. 1.],[1 2],1.0,1,0.6,0.7,0.30000000000000004,[1. 1.]
1566,0.0,1567,1,False,0.0,784.0,2.0,1,0,2,[0. 1.],[1 2],1.0,1,0.6,0.7,0.30000000000000004,[1. 1.]
1567,2.0,1568,0,False,1.0,784.0,0.0,1,1,0,[1. 1.],[1 2],1.0,1,0.6,0.7,0.30000000000000004,[1. 1.]
1568,0.0,1569,1,False,0.0,785.0,2.0,1,0,2,[1. 1.],[1 2],1.0,1,0.6,0.7,0.30000000000000004,[1. 1.]
1569,2.0,1570,0,False,1.0,785.0,0.0,1,1,0,[1. 0.],[1 2],,0,0.6,0.7,0.30000000000000004,[1. 1.]
1570,0.0,1571,1,False,0.0,786.0,2.0,1,0,2,[1. 0.],[1 2],,0,0.6,0.7,0.30000000000000004,[1. 1.]
1571,2.0,1572,0,False,0.0,786.0,0.0,1,1,0,[1. 0.],[1 2],0.0,0,0.6,0.7,0.30000000000000004,[1. 1.]
1572,0.0,1573,1,False,0.0,787.0,1.0,1,0,2,[1. 0.],[1 2],0.0,0,0.6,0.7,0.30000000000000004,[1. 1.]
1573,1.0,1574,0,False,0.0,787.0,0.0,1,1,0,[1. 0.],[1 2],1.0,0,0.6,0.7,0.30000000000000004,[1. 1.]
1574,0.0,1575,1,False,0.0,788.0,2.0,1,0,2,[1. 0.],[1 2],1.0,0,0.6,0.7,0.30000000000000004,[1. 1.]
1575,2.0,1576,0,False,0.0,788.0,0.0,1,1,0,[0. 1.],[1 2],0.0,0,0.6,0.7,0.30000000000000004,[1. 1.]
1576,0.0,1577,1,False,0.0,789.0,1.0,1,0,2,[0. 1.],[1 2],0.0,0,0.6,0.7,0.30000000000000004,[1. 1.]
1577,1.0,1578,0,False,1.0,789.0,0.0,1,1,0,[1. 0.],[1 2],,0,0.6,0.7,0.30000000000000004,[1. 1.]
1578,0.0,1579,1,False,0.0,790.0,2.0,1,0,2,[1. 0.],[1 2],,0,0.6,0.7,0.30000000000000004,[1. 1.]
1579,2.0,1580,0,False,0.0,790.0,0.0,1,1,0,[1. 0.],[1 2],,0,0.6,0.7,0.30000000000000004,[1. 1.]
1580,0.0,1581,1,False,0.0,791.0,2.0,1,0,2,[1. 0.],[1 2],,0,0.6,0.7,0.30000000000000004,[1. 1.]
1581,2.0,1582,0,False,0.0,791.0,0.0,1,1,0,[1. 0.],[1 2],1.0,0,0.6,0.7,0.30000000000000004,[1. 1.]
1582,0.0,1583,1,False,0.0,792.0,2.0,1,0,2,[1. 0.],[1 2],1.0,0,0.6,0.7,0.30000000000000004,[1. 1.]
1583,2.0,1584,0,False,0.0,792.0,0.0,1,1,0,[1. 1.],[1 2],1.0,0,0.6,0.7,0.30000000000000004,[1. 1.]
1584,0.0,1585,1,False,0.0,793.0,2.0,1,0,1,[1. 1.],[1 2],1.0,0,0.6,0.7,0.30000000000000004,[1. 1.]
1585,2.0,1586,0,False,1.0,793.0,0.0,1,1,0,[0. 1.],[1 2],1.0,0,0.6,0.7,0.30000000000000004,[1. 1.]
1586,0.0,1587,1,False,0.0,794.0,2.0,1,0,1,[0. 1.],[1 2],1.0,0,0.6,0.7,0.30000000000000004,[1. 1.]
1587,2.0,1588,0,False,0.0,794.0,0.0,1,1,0,[1. 0.],[1 2],1.0,0,0.6,0.7,0.30000000000000004,[1. 1.]
1588,0.0,1589,1,False,0.0,795.0,2.0,1,0,1,[1. 0.],[1 2],1.0,0,0.6,0.7,0.30000000000000004,[1. 1.]
1589,2.0,1590,0,False,1.0,795.0,0.0,1,1,0,[1. 1.],[1 2],1.0,0,0.6,0.7,0.30000000000000004,[1. 1.]
1590,0.0,1591,1,False,0.0,796.0,2.0,1,0,1,[1. 1.],[1 2],1.0,0,0.6,0.7,0.30000000000000004,[1. 1.]
1591,2.0,1592,0,False,1.0,796.0,0.0,1,1,0,[1. 0.],[1 2],1.0,0,0.6,0.7,0.30000000000000004,[1. 1.]
1592,0.0,1593,1,False,0.0,797.0,2.0,1,0,1,[1. 0.],[1 2],1.0,0,0.6,0.7,0.30000000000000004,[1. 1.]
1593,2.0,1594,0,False,1.0,797.0,0.0,1,1,0,[1. 0.],[1 2],1.0,0,0.6,0.7,0.30000000000000004,[1. 1.]
1594,0.0,1595,1,False,0.0,798.0,2.0,1,0,1,[1. 0.],[1 2],1.0,0,0.6,0.7,0.30000000000000004,[1. 1.]
1595,2.0,1596,0,False,1.0,798.0,0.0,1,1,0,[0. 1.],[1 2],1.0,0,0.6,0.7,0.30000000000000004,[1. 1.]
1596,0.0,1597,1,False,0.0,799.0,2.0,1,0,1,[0. 1.],[1 2],1.0,0,0.6,0.7,0.30000000000000004,[1. 1.]
1597,2.0,1598,0,False,0.0,799.0,0.0,1,1,0,[1. 0.],[1 2],,0,0.6,0.7,0.30000000000000004,[1. 1.]
1598,0.0,1599,1,False,0.0,800.0,1.0,1,0,1,[1. 0.],[1 2],,0,0.6,0.7,0.30000000000000004,[1. 1.]
1599,1.0,1600,0,False,1.0,800.0,0.0,1,1,0,[1. 0.],[1 2],1.0,0,0.6,0.7,0.30000000000000004,[1. 1.]
1600,0.0,1601,1,False,0.0,801.0,2.0,1,0,1,[1. 0.],[1 2],1.0,0,0.6,0.7,0.30000000000000004,[1. 1.]
1601,2.0,1602,0,False,1.0,801.0,0.0,1,1,0,[1. 1.],[1 2],,0,0.6,0.7,0.30000000000000004,[1. 1.]
1602,0.0,1603,1,False,0.0,802.0,1.0,1,0,1,[1. 1.],[1 2],,0,0.6,0.7,0.30000000000000004,[1. 1.]
1603,1.0,1604,0,False,1.0,802.0,0.0,1,1,0,[0. 0.],[1 2],0.0,0,0.6,0.7,0.30000000000000004,[1. 1.]
1604,0.0,1605,1,False,0.0,803.0,1.0,1,0,1,[0. 0.],[1 2],0.0,0,0.6,0.7,0.30000000000000004,[1. 1.]
1605,1.0,1606,0,False,0.0,803.0,0.0,1,1,0,[1. 1.],[1 2],1.0,0,0.6,0.7,0.30000000000000004,[1. 1.]
1606,0.0,1607,1,False,0.0,804.0,2.0,1,0,1,[1. 1.],[1 2],1.0,0,0.6,0.7,0.30000000000000004,[1. 1.]
1607,2.0,1608,0,False,1.0,804.0,0.0,1,1,0,[1. 0.],[1 2],,0,0.6,0.7,0.30000000000000004,[1. 1.]
1608,0.0,1609,1,False,0.0,805.0,1.0,1,0,1,[1. 0.],[1 2],,0,0.6,0.7,0.30000000000000004,[1. 1.]
1609,1.0,1610,0,False,1.0,805.0,0.0,1,1,0,[0. 0.],[1 2],,0,0.6,0.7,0.30000000000000004,[1. 1.]
1610,0.0,1611,1,False,0.0,806.0,1.0,1,0,1,[0. 0.],[1 2],,0,0.6,0.7,0.30000000000000004,[1. 1.]
1611,1.0,1612,0,False,0.0,806.0,0.0,1,1,0,[0. 1.],[1 2],1.0,0,0.6,0.7,0.30000000000000004,[1. 1.]
1612,0.0,1613,1,False,0.0,807.0,2.0,1,0,1,[0. 1.],[1 2],1.0,0,0.6,0.7,0.30000000000000004,[1. 1.]
1613,2.0,1614,0,False,0.0,807.0,0.0,1,1,0,[1. 0.],[1 2],,0,0.6,0.7,0.30000000000000004,[1. 1.]
1614,0.0,1615,1,False,0.0,808.0,1.0,1,0,1,[1. 0.],[1 2],,0,0.6,0.7,0.30000000000000004,[1. 1.]
1615,1.0,1616,0,False,1.0,808.0,0.0,1,1,0,[1. 0.],[1 2],0.0,0,0.6,0.7,0.30000000000000004,[1. 1.]
1616,0.0,1617,1,False,0.0,809.0,1.0,1,0,1,[1. 0.],[1 2],0.0,0,0.6,0.7,0.30000000000000004,[1. 1.]
1617,1.0,1618,0,False,1.0,809.0,0.0,1,1,0,[1. 1.],[1 2],0.0,0,0.6,0.7,0.30000000000000004,[1. 1.]
1618,0.0,1619,1,False,0.0,810.0,1.0,1,0,1,[1. 1.],[1 2],0.0,0,0.6,0.7,0.30000000000000004,[1. 1.]
1619,1.0,1620,0,False,1.0,810.0,0.0,1,1,0,[1. 0.],[1 2],1.0,0,0.6,0.7,0.30000000000000004,[1. 1.]
1620,0.0,1621,1,False,0.0,811.0,2.0,1,0,1,[1. 0.],[1 2],1.0,0,0.6,0.7,0.30000000000000004,[1. 1.]
1621,2.0,1622,0,False,1.0,811.0,0.0,1,1,0,[1. 1.],[1 2],,0,0.6,0.7,0.30000000000000004,[1. 1.]
1622,0.0,1623,1,False,0.0,812.0,1.0,1,0,1,[1. 1.],[1 2],,0,0.6,0.7,0.30000000000000004,[1. 1.]
1623,1.0,1624,0,False,1.0,812.0,0.0,1,1,0,[0. 1.],[1 2],,1,0.6,0.7,0.30000000000000004,[1. 1.]
1624,0.0,1625,1,False,0.0,813.0,1.0,1,0,1,[0. 1.],[1 2],,1,0.6,0.7,0.30000000000000004,[1. 1.]
1625,1.0,1626,0,False,0.0,813.0,0.0,1,1,0,[0. 0.],[1 2],1.0,1,0.6,0.7,0.30000000000000004,[1. 1.]
1626,0.0,1627,1,False,0.0,814.0,2.0,1,0,1,[0. 0.],[1 2],1.0,1,0.6,0.7,0.30000000000000004,[1. 1.]
1627,2.0,1628,0,False,0.0,814.0,0.0,1,1,0,[0. 1.],[1 2],,1,0.6,0.7,0.30000000000000004,[1. 1.]
1628,0.0,1629,1,False,0.0,815.0,1.0,1,0,1,[0. 1.],[1 2],,1,0.6,0.7,0.30000000000000004,[1. 1.]
1629,1.0,1630,0,False,0.0,815.0,0.0,1,1,0,[0. 1.],[1 2],,1,0.6,0.7,0.30000000000000004,[1. 1.]
1630,0.0,1631,1,False,0.0,816.0,2.0,1,0,2,[0. 1.],[1 2],,1,0.6,0.7,0.30000000000000004,[1. 1.]
1631,2.0,1632,0,False,1.0,816.0,0.0,1,1,0,[1. 1.],[1 2],0.0,1,0.6,0.7,0.30000000000000004,[1. 1.]
1632,0.0,1633,1,False,0.0,817.0,1.0,1,0,2,[1. 1.],[1 2],0.0,1,0.6,0.7,0.30000000000000004,[1. 1.]
1633,1.0,1634,0,False,1.0,817.0,0.0,1,1,0,[0. 1.],[1 2],,1,0.6,0.7,0.30000000000000004,[1. 1.]
1634,0.0,1635,1,False,0.0,818.0,2.0,1,0,2,[0. 1.],[1 2],,1,0.6,0.7,0.30000000000000004,[1. 1.]
1635,2.0,1636,0,False,1.0,818.0,0.0,1,1,0,[0. 0.],[1 2],,1,0.6,0.7,0.30000000000000004,[1. 1.]
1636,0.0,1637,1,False,0.0,819.0,2.0,1,0,2,[0. 0.],[1 2],,1,0.6,0.7,0.30000000000000004,[1. 1.]
1637,2.0,1638,0,False,0.0,819.0,0.0,1,1,0,[0. 0.],[1 2],1.0,1,0.6,0.7,0.30000000000000004,[1. 1.]
1638,0.0,1639,1,False,0.0,820.0,2.0,1,0,2,[0. 0.],[1 2],1.0,1,0.6,0.7,0.30000000000000004,[1. 1.]
1639,2.0,1640,0,False,0.0,820.0,0.0,1,1,0,[1. 1.],[2 1],1.0,1,0.6,0.7,0.30000000000000004,[1. 1.]
1640,0.0,1641,1,False,0.0,821.0,2.0,1,0,2,[1. 1.],[2 1],1.0,1,0.6,0.7,0.30000000000000004,[1. 1.]
1641,2.0,1642,0,False,1.0,821.0,0.0,1,1,0,[0. 0.],[2 1],,1,0.6,0.7,0.30000000000000004,[1. 1.]
1642,0.0,1643,1,False,0.0,822.0,1.0,1,0,2,[0. 0.],[2 1],,1,0.6,0.7,0.30000000000000004,[1. 1.]
1643,1.0,1644,0,False,0.0,822.0,0.0,1,1,0,[0. 0.],[2 1],,1,0.6,0.7,0.30000000000000004,[1. 1.]
1644,0.0,1645,1,False,0.0,823.0,1.0,1,0,2,[0. 0.],[2 1],,1,0.6,0.7,0.30000000000000004,[1. 1.]
1645,1.0,1646,0,False,0.0,823.0,0.0,1,1,0,[1. 1.],[2 1],,1,0.6,0.7,0.30000000000000004,[1. 1.]
1646,0.0,1647,1,False,0.0,824.0,1.0,1,0,2,[1. 1.],[2 1],,1,0.6,0.7,0.30000000000000004,[1. 1.]
1647,1.0,1648,0,False,1.0,824.0,0.0,1,1,0,[0. 0.],[2 1],0.0,1,0.6,0.7,0.30000000000000004,[1. 1.]
1648,0.0,1649,1,False,0.0,825.0,1.0,1,0,2,[0. 0.],[2 1],0.0,1,0.6,0.7,0.30000000000000004,[1. 1.]
1649,1.0,1650,0,False,0.0,825.0,0.0,1,1,0,[0. 1.],[2 1],0.0,1,0.6,0.7,0.30000000000000004,[1. 1.]
1650,0.0,1651,1,False,0.0,826.0,1.0,1,0,2,[0. 1.],[2 1],0.0,1,0.6,0.7,0.30000000000000004,[1. 1.]
1651,1.0,1652,0,False,0.0,826.0,0.0,1,1,0,[0. 0.],[2 1],,1,0.6,0.7,0.30000000000000004,[1. 1.]
1652,0.0,1653,1,False,0.0,827.0,2.0,1,0,1,[0. 0.],[2 1],,1,0.6,0.7,0.30000000000000004,[1. 1.]
1653,2.0,1654,0,False,0.0,827.0,0.0,1,1,0,[0. 1.],[2 1],1.0,1,0.6,0.7,0.30000000000000004,[1. 1.]
1654,0.0,1655,1,False,0.0,828.0,2.0,1,0,1,[0. 1.],[2 1],1.0,1,0.6,0.7,0.30000000000000004,[1. 1.]
1655,2.0,1656,0,False,1.0,828.0,0.0,1,1,0,[1. 1.],[2 1],1.0,1,0.6,0.7,0.30000000000000004,[1. 1.]
1656,0.0,1657,1,False,0.0,829.0,2.0,1,0,1,[1. 1.],[2 1],1.0,1,0.6,0.7,0.30000000000000004,[1. 1.]
1657,2.0,1658,0,False,1.0,829.0,0.0,1,1,0,[0. 0.],[2 1],0.0,1,0.6,0.7,0.30000000000000004,[1. 1.]
1658,0.0,1659,1,False,0.0,830.0,1.0,1,0,1,[0. 0.],[2 1],0.0,1,0.6,0.7,0.30000000000000004,[1. 1.]
1659,1.0,1660,0,False,0.0,830.0,0.0,1,1,0,[0. 1.],[2 1],0.0,1,0.6,0.7,0.30000000000000004,[1. 1.]
1660,0.0,1661,1,False,0.0,831.0,1.0,1,0,1,[0. 1.],[2 1],0.0,1,0.6,0.7,0.30000000000000004,[1. 1.]
1661,1.0,1662,0,False,1.0,831.0,0.0,1,1,0,[0. 1.],[2 1],0.0,1,0.6,0.7,0.30000000000000004,[1. 1.]
1662,0.0,1663,1,False,0.0,832.0,1.0,1,0,1,[0. 1.],[2 1],0.0,1,0.6,0.7,0.30000000000000004,[1. 1.]
1663,1.0,1664,0,False,1.0,832.0,0.0,1,1,0,[0. 1.],[2 1],,1,0.6,0.7,0.30000000000000004,[1. 1.]
1664,0.0,1665,1,False,0.0,833.0,2.0,1,0,1,[0. 1.],[2 1],,1,0.6,0.7,0.30000000000000004,[1. 1.]
1665,2.0,1666,0,False,1.0,833.0,0.0,1,1,0,[0. 1.],[2 1],0.0,1,0.6,0.7,0.30000000000000004,[1. 1.]
1666,0.0,1667,1,False,0.0,834.0,1.0,1,0,1,[0. 1.],[2 1],0.0,1,0.6,0.7,0.30000000000000004,[1. 1.]
1667,1.0,1668,0,False,1.0,834.0,0.0,1,1,0,[0. 1.],[2 1],1.0,1,0.6,0.7,0.30000000000000004,[1. 1.]
1668,0.0,1669,1,False,0.0,835.0,2.0,1,0,1,[0. 1.],[2 1],1.0,1,0.6,0.7,0.30000000000000004,[1. 1.]
1669,2.0,1670,0,False,1.0,835.0,0.0,1,1,0,[0. 1.],[2 1],1.0,1,0.6,0.7,0.30000000000000004,[1. 1.]
1670,0.0,1671,1,False,0.0,836.0,2.0,1,0,1,[0. 1.],[2 1],1.0,1,0.6,0.7,0.30000000000000004,[1. 1.]
1671,2.0,1672,0,False,1.0,836.0,0.0,1,1,0,[0. 1.],[2 1],,1,0.6,0.7,0.30000000000000004,[1. 1.]
1672,0.0,1673,1,False,0.0,837.0,2.0,1,0,1,[0. 1.],[2 1],,1,0.6,0.7,0.30000000000000004,[1. 1.]
1673,2.0,1674,0,False,1.0,837.0,0.0,1,1,0,[0. 1.],[2 1],1.0,1,0.6,0.7,0.30000000000000004,[1. 1.]
1674,0.0,1675,1,False,0.0,838.0,2.0,1,0,1,[0. 1.],[2 1],1.0,1,0.6,0.7,0.30000000000000004,[1. 1.]
1675,2.0,1676,0,False,1.0,838.0,0.0,1,1,0,[0. 0.],[2 1],,1,0.6,0.7,0.30000000000000004,[1. 1.]
1676,0.0,1677,1,False,0.0,839.0,2.0,1,0,1,[0. 0.],[2 1],,1,0.6,0.7,0.30000000000000004,[1. 1.]
1677,2.0,1678,0,False,0.0,839.0,0.0,1,1,0,[0. 0.],[2 1],0.0,1,0.6,0.7,0.30000000000000004,[1. 1.]
1678,0.0,1679,1,False,0.0,840.0,1.0,1,0,1,[0. 0.],[2 1],0.0,1,0.6,0.7,0.30000000000000004,[1. 1.]
1679,1.0,1680,0,False,0.0,840.0,0.0,1,1,0,[1. 0.],[2 1],1.0,1,0.6,0.7,0.30000000000000004,[1. 1.]
1680,0.0,1681,1,False,0.0,841.0,2.0,1,0,1,[1. 0.],[2 1],1.0,1,0.6,0.7,0.30000000000000004,[1. 1.]
1681,2.0,1682,0,False,0.0,841.0,0.0,1,1,0,[1. 0.],[2 1],1.0,1,0.6,0.7,0.30000000000000004,[1. 1.]
1682,0.0,1683,1,False,0.0,842.0,2.0,1,0,1,[1. 0.],[2 1],1.0,1,0.6,0.7,0.30000000000000004,[1. 1.]
1683,2.0,1684,0,False,0.0,842.0,0.0,1,1,0,[1. 1.],[2 1],,1,0.6,0.7,0.30000000000000004,[1. 1.]
1684,0.0,1685,1,False,0.0,843.0,2.0,1,0,1,[1. 1.],[2 1],,1,0.6,0.7,0.30000000000000004,[1. 1.]
1685,2.0,1686,0,False,1.0,843.0,0.0,1,1,0,[0. 1.],[2 1],,1,0.6,0.7,0.30000000000000004,[1. 1.]
1686,0.0,1687,1,False,0.0,844.0,2.0,1,0,1,[0. 1.],[2 1],,1,0.6,0.7,0.30000000000000004,[1. 1.]
1687,2.0,1688,0,False,1.0,844.0,0.0,1,1,0,[1. 1.],[2 1],1.0,1,0.6,0.7,0.30000000000000004,[1. 1.]
1688,0.0,1689,1,False,0.0,845.0,2.0,1,0,1,[1. 1.],[2 1],1.0,1,0.6,0.7,0.30000000000000004,[1. 1.]
1689,2.0,1690,0,False,1.0,845.0,0.0,1,1,0,[0. 1.],[2 1],0.0,1,0.6,0.7,0.30000000000000004,[1. 1.]
1690,0.0,1691,1,False,0.0,846.0,1.0,1,0,1,[0. 1.],[2 1],0.0,1,0.6,0.7,0.30000000000000004,[1. 1.]
1691,1.0,1692,0,False,1.0,846.0,0.0,1,1,0,[0. 0.],[2 1],1.0,1,0.6,0.7,0.30000000000000004,[1. 1.]
1692,0.0,1693,1,False,0.0,847.0,2.0,1,0,1,[0. 0.],[2 1],1.0,1,0.6,0.7,0.30000000000000004,[1. 1.]
1693,2.0,1694,0,False,0.0,847.0,0.0,1,1,0,[1. 1.],[2 1],,1,0.6,0.7,0.30000000000000004,[1. 1.]
1694,0.0,1695,1,False,0.0,848.0,2.0,1,0,1,[1. 1.],[2 1],,1,0.6,0.7,0.30000000000000004,[1. 1.]
1695,2.0,1696,0,False,1.0,848.0,0.0,1,1,0,[1. 1.],[2 1],0.0,1,0.6,0.7,0.30000000000000004,[1. 1.]
1696,0.0,1697,1,False,0.0,849.0,1.0,1,0,1,[1. 1.],[2 1],0.0,1,0.6,0.7,0.30000000000000004,[1. 1.]
1697,1.0,1698,0,False,1.0,849.0,0.0,1,1,0,[0. 0.],[2 1],0.0,1,0.6,0.7,0.30000000000000004,[1. 1.]
1698,0.0,1699,1,False,0.0,850.0,1.0,1,0,1,[0. 0.],[2 1],0.0,1,0.6,0.7,0.30000000000000004,[1. 1.]
1699,1.0,1700,0,False,0.0,850.0,0.0,1,1,0,[0. 1.],[2 1],,1,0.6,0.7,0.30000000000000004,[1. 1.]
1700,0.0,1701,1,False,0.0,851.0,2.0,1,0,1,[0. 1.],[2 1],,1,0.6,0.7,0.30000000000000004,[1. 1.]
1701,2.0,1702,0,False,1.0,851.0,0.0,1,1,0,[0. 1.],[2 1],0.0,1,0.6,0.7,0.30000000000000004,[1. 1.]
1702,0.0,1703,1,False,0.0,852.0,1.0,1,0,1,[0. 1.],[2 1],0.0,1,0.6,0.7,0.30000000000000004,[1. 1.]
1703,1.0,1704,0,False,1.0,852.0,0.0,1,1,0,[0. 1.],[2 1],0.0,1,0.6,0.7,0.30000000000000004,[1. 1.]
1704,0.0,1705,1,False,0.0,853.0,1.0,1,0,1,[0. 1.],[2 1],0.0,1,0.6,0.7,0.30000000000000004,[1. 1.]
1705,1.0,1706,0,False,1.0,853.0,0.0,1,1,0,[0. 1.],[2 1],,1,0.6,0.7,0.30000000000000004,[1. 1.]
1706,0.0,1707,1,False,0.0,854.0,2.0,1,0,1,[0. 1.],[2 1],,1,0.6,0.7,0.30000000000000004,[1. 1.]
1707,2.0,1708,0,False,1.0,854.0,0.0,1,1,0,[0. 1.],[2 1],1.0,1,0.6,0.7,0.30000000000000004,[1. 1.]
1708,0.0,1709,1,False,0.0,855.0,2.0,1,0,1,[0. 1.],[2 1],1.0,1,0.6,0.7,0.30000000000000004,[1. 1.]
1709,2.0,1710,0,False,1.0,855.0,0.0,1,1,0,[0. 1.],[2 1],1.0,1,0.6,0.7,0.30000000000000004,[1. 1.]
1710,0.0,1711,1,False,0.0,856.0,2.0,1,0,1,[0. 1.],[2 1],1.0,1,0.6,0.7,0.30000000000000004,[1. 1.]
1711,2.0,1712,0,False,1.0,856.0,0.0,1,1,0,[0. 1.],[2 1],1.0,1,0.6,0.7,0.30000000000000004,[1. 1.]
1712,0.0,1713,1,False,0.0,857.0,2.0,1,0,1,[0. 1.],[2 1],1.0,1,0.6,0.7,0.30000000000000004,[1. 1.]
1713,2.0,1714,0,False,1.0,857.0,0.0,1,1,0,[0. 0.],[2 1],1.0,1,0.6,0.7,0.30000000000000004,[1. 1.]
1714,0.0,1715,1,False,0.0,858.0,2.0,1,0,1,[0. 0.],[2 1],1.0,1,0.6,0.7,0.30000000000000004,[1. 1.]
1715,2.0,1716,0,False,0.0,858.0,0.0,1,1,0,[1. 1.],[2 1],,1,0.6,0.7,0.30000000000000004,[1. 1.]
1716,0.0,1717,1,False,0.0,859.0,2.0,1,0,1,[1. 1.],[2 1],,1,0.6,0.7,0.30000000000000004,[1. 1.]
1717,2.0,1718,0,False,1.0,859.0,0.0,1,1,0,[0. 1.],[2 1],1.0,1,0.6,0.7,0.30000000000000004,[1. 1.]
1718,0.0,1719,1,False,0.0,860.0,2.0,1,0,1,[0. 1.],[2 1],1.0,1,0.6,0.7,0.30000000000000004,[1. 1.]
1719,2.0,1720,0,False,1.0,860.0,0.0,1,1,0,[0. 1.],[2 1],0.0,1,0.6,0.7,0.30000000000000004,[1. 1.]
1720,0.0,1721,1,False,0.0,861.0,1.0,1,0,1,[0. 1.],[2 1],0.0,1,0.6,0.7,0.30000000000000004,[1. 1.]
1721,1.0,1722,0,False,1.0,861.0,0.0,1,1,0,[0. 1.],[2 1],1.0,1,0.6,0.7,0.30000000000000004,[1. 1.]
1722,0.0,1723,1,False,0.0,862.0,2.0,1,0,1,[0. 1.],[2 1],1.0,1,0.6,0.7,0.30000000000000004,[1. 1.]
1723,2.0,1724,0,False,1.0,862.0,0.0,1,1,0,[0. 1.],[2 1],1.0,1,0.6,0.7,0.30000000000000004,[1. 1.]
1724,0.0,1725,1,False,0.0,863.0,2.0,1,0,1,[0. 1.],[2 1],1.0,1,0.6,0.7,0.30000000000000004,[1. 1.]
1725,2.0,1726,0,False,1.0,863.0,0.0,1,1,0,[1. 0.],[2 1],,1,0.6,0.7,0.30000000000000004,[1. 1.]
1726,0.0,1727,1,False,0.0,864.0,2.0,1,0,1,[1. 0.],[2 1],,1,0.6,0.7,0.30000000000000004,[1. 1.]
1727,2.0,1728,0,False,0.0,864.0,0.0,1,1,0,[0. 1.],[2 1],,1,0.6,0.7,0.30000000000000004,[1. 1.]
1728,0.0,1729,1,False,0.0,865.0,2.0,1,0,1,[0. 1.],[2 1],,1,0.6,0.7,0.30000000000000004,[1. 1.]
1729,2.0,1730,0,False,1.0,865.0,0.0,1,1,0,[0. 1.],[2 1],,1,0.6,0.7,0.30000000000000004,[1. 1.]
1730,0.0,1731,1,False,0.0,866.0,2.0,1,0,1,[0. 1.],[2 1],,1,0.6,0.7,0.30000000000000004,[1. 1.]
1731,2.0,1732,0,False,1.0,866.0,0.0,1,1,0,[0. 0.],[2 1],,1,0.6,0.7,0.30000000000000004,[1. 1.]
1732,0.0,1733,1,False,0.0,867.0,2.0,1,0,1,[0. 0.],[2 1],,1,0.6,0.7,0.30000000000000004,[1. 1.]
1733,2.0,1734,0,False,0.0,867.0,0.0,1,1,0,[1. 1.],[2 1],,1,0.6,0.7,0.30000000000000004,[1. 1.]
1734,0.0,1735,1,False,0.0,868.0,2.0,1,0,1,[1. 1.],[2 1],,1,0.6,0.7,0.30000000000000004,[1. 1.]
1735,2.0,1736,0,False,1.0,868.0,0.0,1,1,0,[1. 1.],[2 1],,1,0.6,0.7,0.30000000000000004,[1. 1.]
1736,0.0,1737,1,False,0.0,869.0,2.0,1,0,1,[1. 1.],[2 1],,1,0.6,0.7,0.30000000000000004,[1. 1.]
1737,2.0,1738,0,False,1.0,869.0,0.0,1,1,0,[1. 1.],[2 1],1.0,1,0.6,0.7,0.30000000000000004,[1. 1.]
1738,0.0,1739,1,False,0.0,870.0,2.0,1,0,1,[1. 1.],[2 1],1.0,1,0.6,0.7,0.30000000000000004,[1. 1.]
1739,2.0,1740,0,False,1.0,870.0,0.0,1,1,0,[1. 1.],[2 1],1.0,1,0.6,0.7,0.30000000000000004,[1. 1.]
1740,0.0,1741,1,False,0.0,871.0,2.0,1,0,1,[1. 1.],[2 1],1.0,1,0.6,0.7,0.30000000000000004,[1. 1.]
1741,2.0,1742,0,False,1.0,871.0,0.0,1,1,0,[0. 1.],[2 1],1.0,1,0.6,0.7,0.30000000000000004,[1. 1.]
1742,0.0,1743,1,False,0.0,872.0,2.0,1,0,1,[0. 1.],[2 1],1.0,1,0.6,0.7,0.30000000000000004,[1. 1.]
1743,2.0,1744,0,False,1.0,872.0,0.0,1,1,0,[0. 1.],[2 1],0.0,1,0.6,0.7,0.30000000000000004,[1. 1.]
1744,0.0,1745,1,False,0.0,873.0,1.0,1,0,1,[0. 1.],[2 1],0.0,1,0.6,0.7,0.30000000000000004,[1. 1.]
1745,1.0,1746,0,False,1.0,873.0,0.0,1,1,0,[1. 0.],[2 1],1.0,1,0.6,0.7,0.30000000000000004,[1. 1.]
1746,0.0,1747,1,False,0.0,874.0,2.0,1,0,1,[1. 0.],[2 1],1.0,1,0.6,0.7,0.30000000000000004,[1. 1.]
1747,2.0,1748,0,False,0.0,874.0,0.0,1,1,0,[0. 1.],[2 1],0.0,1,0.6,0.7,0.30000000000000004,[1. 1.]
1748,0.0,1749,1,False,0.0,875.0,1.0,1,0,1,[0. 1.],[2 1],0.0,1,0.6,0.7,0.30000000000000004,[1. 1.]
1749,1.0,1750,0,False,1.0,875.0,0.0,1,1,0,[1. 0.],[2 1],,1,0.6,0.7,0.30000000000000004,[1. 1.]
1750,0.0,1751,1,False,0.0,876.0,2.0,1,0,1,[1. 0.],[2 1],,1,0.6,0.7,0.30000000000000004,[1. 1.]
1751,2.0,1752,0,False,0.0,876.0,0.0,1,1,0,[0. 0.],[2 1],1.0,1,0.6,0.7,0.30000000000000004,[1. 1.]
1752,0.0,1753,1,False,0.0,877.0,2.0,1,0,1,[0. 0.],[2 1],1.0,1,0.6,0.7,0.30000000000000004,[1. 1.]
1753,2.0,1754,0,False,0.0,877.0,0.0,1,1,0,[0. 1.],[2 1],1.0,1,0.6,0.7,0.30000000000000004,[1. 1.]
1754,0.0,1755,1,False,0.0,878.0,2.0,1,0,1,[0. 1.],[2 1],1.0,1,0.6,0.7,0.30000000000000004,[1. 1.]
1755,2.0,1756,0,False,1.0,878.0,0.0,1,1,0,[0. 1.],[2 1],,1,0.6,0.7,0.30000000000000004,[1. 1.]
1756,0.0,1757,1,False,0.0,879.0,2.0,1,0,1,[0. 1.],[2 1],,1,0.6,0.7,0.30000000000000004,[1. 1.]
1757,2.0,1758,0,False,1.0,879.0,0.0,1,1,0,[0. 1.],[2 1],1.0,1,0.6,0.7,0.30000000000000004,[1. 1.]
1758,0.0,1759,1,False,0.0,880.0,2.0,1,0,1,[0. 1.],[2 1],1.0,1,0.6,0.7,0.30000000000000004,[1. 1.]
1759,2.0,1760,0,False,1.0,880.0,0.0,1,1,0,[1. 1.],[2 1],1.0,1,0.6,0.7,0.30000000000000004,[1. 1.]
1760,0.0,1761,1,False,0.0,881.0,2.0,1,0,1,[1. 1.],[2 1],1.0,1,0.6,0.7,0.30000000000000004,[1. 1.]
1761,2.0,1762,0,False,1.0,881.0,0.0,1,1,0,[0. 0.],[2 1],1.0,1,0.6,0.7,0.30000000000000004,[1. 1.]
1762,0.0,1763,1,False,0.0,882.0,2.0,1,0,1,[0. 0.],[2 1],1.0,1,0.6,0.7,0.30000000000000004,[1. 1.]
1763,2.0,1764,0,False,0.0,882.0,0.0,1,1,0,[0. 1.],[2 1],,1,0.6,0.7,0.30000000000000004,[1. 1.]
1764,0.0,1765,1,False,0.0,883.0,2.0,1,0,1,[0. 1.],[2 1],,1,0.6,0.7,0.30000000000000004,[1. 1.]
1765,2.0,1766,0,False,1.0,883.0,0.0,1,1,0,[1. 1.],[2 1],0.0,1,0.6,0.7,0.30000000000000004,[1. 1.]
1766,0.0,1767,1,False,0.0,884.0,1.0,1,0,1,[1. 1.],[2 1],0.0,1,0.6,0.7,0.30000000000000004,[1. 1.]
1767,1.0,1768,0,False,1.0,884.0,0.0,1,1,0,[0. 1.],[2 1],1.0,1,0.6,0.7,0.30000000000000004,[1. 1.]
1768,0.0,1769,1,False,0.0,885.0,2.0,1,0,1,[0. 1.],[2 1],1.0,1,0.6,0.7,0.30000000000000004,[1. 1.]
1769,2.0,1770,0,False,1.0,885.0,0.0,1,1,0,[0. 1.],[2 1],,1,0.6,0.7,0.30000000000000004,[1. 1.]
1770,0.0,1771,1,False,0.0,886.0,2.0,1,0,1,[0. 1.],[2 1],,1,0.6,0.7,0.30000000000000004,[1. 1.]
1771,2.0,1772,0,False,1.0,886.0,0.0,1,1,0,[0. 1.],[2 1],,1,0.6,0.7,0.30000000000000004,[1. 1.]
1772,0.0,1773,1,False,0.0,887.0,2.0,1,0,1,[0. 1.],[2 1],,1,0.6,0.7,0.30000000000000004,[1. 1.]
1773,2.0,1774,0,False,1.0,887.0,0.0,1,1,0,[1. 1.],[2 1],,1,0.6,0.7,0.30000000000000004,[1. 1.]
1774,0.0,1775,1,False,0.0,888.0,2.0,1,0,1,[1. 1.],[2 1],,1,0.6,0.7,0.30000000000000004,[1. 1.]
1775,2.0,1776,0,False,1.0,888.0,0.0,1,1,0,[1. 1.],[2 1],0.0,1,0.6,0.7,0.30000000000000004,[1. 1.]
1776,0.0,1777,1,False,0.0,889.0,1.0,1,0,1,[1. 1.],[2 1],0.0,1,0.6,0.7,0.30000000000000004,[1. 1.]
1777,1.0,1778,0,False,1.0,889.0,0.0,1,1,0,[0. 1.],[2 1],0.0,1,0.6,0.7,0.30000000000000004,[1. 1.]
1778,0.0,1779,1,False,0.0,890.0,1.0,1,0,1,[0. 1.],[2 1],0.0,1,0.6,0.7,0.30000000000000004,[1. 1.]
1779,1.0,1780,0,False,1.0,890.0,0.0,1,1,0,[0. 1.],[2 1],,1,0.6,0.7,0.30000000000000004,[1. 1.]
1780,0.0,1781,1,False,0.0,891.0,2.0,1,0,1,[0. 1.],[2 1],,1,0.6,0.7,0.30000000000000004,[1. 1.]
1781,2.0,1782,0,False,1.0,891.0,0.0,1,1,0,[0. 1.],[2 1],1.0,1,0.6,0.7,0.30000000000000004,[1. 1.]
1782,0.0,1783,1,False,0.0,892.0,2.0,1,0,1,[0. 1.],[2 1],1.0,1,0.6,0.7,0.30000000000000004,[1. 1.]
1783,2.0,1784,0,False,1.0,892.0,0.0,1,1,0,[0. 1.],[2 1],0.0,1,0.6,0.7,0.30000000000000004,[1. 1.]
1784,0.0,1785,1,False,0.0,893.0,1.0,1,0,1,[0. 1.],[2 1],0.0,1,0.6,0.7,0.30000000000000004,[1. 1.]
1785,1.0,1786,0,False,1.0,893.0,0.0,1,1,0,[0. 0.],[2 1],0.0,1,0.6,0.7,0.30000000000000004,[1. 1.]
1786,0.0,1787,1,False,0.0,894.0,1.0,1,0,1,[0. 0.],[2 1],0.0,1,0.6,0.7,0.30000000000000004,[1. 1.]
1787,1.0,1788,0,False,0.0,894.0,0.0,1,1,0,[0. 1.],[2 1],,1,0.6,0.7,0.30000000000000004,[1. 1.]
1788,0.0,1789,1,False,0.0,895.0,2.0,1,0,1,[0. 1.],[2 1],,1,0.6,0.7,0.30000000000000004,[1. 1.]
1789,2.0,1790,0,False,1.0,895.0,0.0,1,1,0,[0. 1.],[2 1],0.0,1,0.6,0.7,0.30000000000000004,[1. 1.]
1790,0.0,1791,1,False,0.0,896.0,1.0,1,0,1,[0. 1.],[2 1],0.0,1,0.6,0.7,0.30000000000000004,[1. 1.]
1791,1.0,1792,0,False,1.0,896.0,0.0,1,1,0,[0. 1.],[2 1],0.0,1,0.6,0.7,0.30000000000000004,[1. 1.]
1792,0.0,1793,1,False,0.0,897.0,1.0,1,0,1,[0. 1.],[2 1],0.0,1,0.6,0.7,0.30000000000000004,[1. 1.]
1793,1.0,1794,0,False,1.0,897.0,0.0,1,1,0,[0. 1.],[2 1],,1,0.6,0.7,0.30000000000000004,[1. 1.]
1794,0.0,1795,1,False,0.0,898.0,2.0,1,0,1,[0. 1.],[2 1],,1,0.6,0.7,0.30000000000000004,[1. 1.]
1795,2.0,1796,0,False,1.0,898.0,0.0,1,1,0,[0. 0.],[2 1],0.0,1,0.6,0.7,0.30000000000000004,[1. 1.]
1796,0.0,1797,1,False,0.0,899.0,1.0,1,0,1,[0. 0.],[2 1],0.0,1,0.6,0.7,0.30000000000000004,[1. 1.]
1797,1.0,1798,0,False,0.0,899.0,0.0,1,1,0,[1. 1.],[2 1],0.0,1,0.6,0.7,0.30000000000000004,[1. 1.]
1798,0.0,1799,1,False,0.0,900.0,1.0,1,0,1,[1. 1.],[2 1],0.0,1,0.6,0.7,0.30000000000000004,[1. 1.]
1799,1.0,1800,0,False,1.0,900.0,0.0,1,1,0,[1. 0.],[2 1],1.0,1,0.6,0.7,0.30000000000000004,[1. 1.]
1800,0.0,1801,1,False,0.0,901.0,2.0,1,0,1,[1. 0.],[2 1],1.0,1,0.6,0.7,0.30000000000000004,[1. 1.]
1801,2.0,1802,0,False,0.0,901.0,0.0,1,1,0,[1. 1.],[2 1],,1,0.6,0.7,0.30000000000000004,[1. 1.]
1802,0.0,1803,1,False,0.0,902.0,2.0,1,0,1,[1. 1.],[2 1],,1,0.6,0.7,0.30000000000000004,[1. 1.]
1803,2.0,1804,0,False,1.0,902.0,0.0,1,1,0,[1. 1.],[2 1],0.0,1,0.6,0.7,0.30000000000000004,[1. 1.]
1804,0.0,1805,1,False,0.0,903.0,1.0,1,0,1,[1. 1.],[2 1],0.0,1,0.6,0.7,0.30000000000000004,[1. 1.]
1805,1.0,1806,0,False,1.0,903.0,0.0,1,1,0,[0. 1.],[2 1],0.0,1,0.6,0.7,0.30000000000000004,[1. 1.]
1806,0.0,1807,1,False,0.0,904.0,1.0,1,0,1,[0. 1.],[2 1],0.0,1,0.6,0.7,0.30000000000000004,[1. 1.]
1807,1.0,1808,0,False,1.0,904.0,0.0,1,1,0,[0. 1.],[2 1],1.0,1,0.6,0.7,0.30000000000000004,[1. 1.]
1808,0.0,1809,1,False,0.0,905.0,2.0,1,0,1,[0. 1.],[2 1],1.0,1,0.6,0.7,0.30000000000000004,[1. 1.]
1809,2.0,1810,0,False,1.0,905.0,0.0,1,1,0,[0. 1.],[2 1],1.0,1,0.6,0.7,0.30000000000000004,[1. 1.]
1810,0.0,1811,1,False,0.0,906.0,2.0,1,0,1,[0. 1.],[2 1],1.0,1,0.6,0.7,0.30000000000000004,[1. 1.]
1811,2.0,1812,0,False,1.0,906.0,0.0,1,1,0,[1. 1.],[2 1],1.0,1,0.6,0.7,0.30000000000000004,[1. 1.]
1812,0.0,1813,1,False,0.0,907.0,2.0,1,0,1,[1. 1.],[2 1],1.0,1,0.6,0.7,0.30000000000000004,[1. 1.]
1813,2.0,1814,0,False,1.0,907.0,0.0,1,1,0,[1. 1.],[2 1],,0,0.6,0.7,0.30000000000000004,[1. 1.]
1814,0.0,1815,1,False,0.0,908.0,2.0,1,0,1,[1. 1.],[2 1],,0,0.6,0.7,0.30000000000000004,[1. 1.]
1815,2.0,1816,0,False,1.0,908.0,0.0,1,1,0,[1. 1.],[2 1],1.0,0,0.6,0.7,0.30000000000000004,[1. 1.]
1816,0.0,1817,1,False,0.0,909.0,2.0,1,0,1,[1. 1.],[2 1],1.0,0,0.6,0.7,0.30000000000000004,[1. 1.]
1817,2.0,1818,0,False,1.0,909.0,0.0,1,1,0,[1. 0.],[2 1],0.0,0,0.6,0.7,0.30000000000000004,[1. 1.]
1818,0.0,1819,1,False,0.0,910.0,1.0,1,0,1,[1. 0.],[2 1],0.0,0,0.6,0.7,0.30000000000000004,[1. 1.]
1819,1.0,1820,0,False,0.0,910.0,0.0,1,1,0,[1. 1.],[2 1],1.0,0,0.6,0.7,0.30000000000000004,[1. 1.]
1820,0.0,1821,1,False,0.0,911.0,2.0,1,0,1,[1. 1.],[2 1],1.0,0,0.6,0.7,0.30000000000000004,[1. 1.]
1821,2.0,1822,0,False,1.0,911.0,0.0,1,1,0,[1. 0.],[2 1],1.0,0,0.6,0.7,0.30000000000000004,[1. 1.]
1822,0.0,1823,1,False,0.0,912.0,2.0,1,0,1,[1. 0.],[2 1],1.0,0,0.6,0.7,0.30000000000000004,[1. 1.]
1823,2.0,1824,0,False,0.0,912.0,0.0,1,1,0,[1. 1.],[2 1],0.0,0,0.6,0.7,0.30000000000000004,[1. 1.]
1824,0.0,1825,1,False,0.0,913.0,1.0,1,0,1,[1. 1.],[2 1],0.0,0,0.6,0.7,0.30000000000000004,[1. 1.]
1825,1.0,1826,0,False,1.0,913.0,0.0,1,1,0,[1. 0.],[2 1],,0,0.6,0.7,0.30000000000000004,[1. 1.]
1826,0.0,1827,1,False,0.0,914.0,2.0,1,0,1,[1. 0.],[2 1],,0,0.6,0.7,0.30000000000000004,[1. 1.]
1827,2.0,1828,0,False,0.0,914.0,0.0,1,1,0,[1. 0.],[2 1],,0,0.6,0.7,0.30000000000000004,[1. 1.]
1828,0.0,1829,1,False,0.0,915.0,2.0,1,0,1,[1. 0.],[2 1],,0,0.6,0.7,0.30000000000000004,[1. 1.]
1829,2.0,1830,0,False,0.0,915.0,0.0,1,1,0,[1. 0.],[2 1],,0,0.6,0.7,0.30000000000000004,[1. 1.]
1830,0.0,1831,1,False,0.0,916.0,2.0,1,0,1,[1. 0.],[2 1],,0,0.6,0.7,0.30000000000000004,[1. 1.]
1831,2.0,1832,0,False,0.0,916.0,0.0,1,1,0,[1. 0.],[2 1],0.0,0,0.6,0.7,0.30000000000000004,[1. 1.]
1832,0.0,1833,1,False,0.0,917.0,1.0,1,0,2,[1. 0.],[2 1],0.0,0,0.6,0.7,0.30000000000000004,[1. 1.]
1833,1.0,1834,0,False,1.0,917.0,0.0,1,1,0,[0. 0.],[2 1],0.0,0,0.6,0.7,0.30000000000000004,[1. 1.]
1834,0.0,1835,1,False,0.0,918.0,1.0,1,0,2,[0. 0.],[2 1],0.0,0,0.6,0.7,0.30000000000000004,[1. 1.]
1835,1.0,1836,0,False,0.0,918.0,0.0,1,1,0,[1. 0.],[2 1],,0,0.6,0.7,0.30000000000000004,[1. 1.]
1836,0.0,1837,1,False,0.0,919.0,1.0,1,0,2,[1. 0.],[2 1],,0,0.6,0.7,0.30000000000000004,[1. 1.]
1837,1.0,1838,0,False,1.0,919.0,0.0,1,1,0,[1. 0.],[2 1],0.0,0,0.6,0.7,0.30000000000000004,[1. 1.]
1838,0.0,1839,1,False,0.0,920.0,1.0,1,0,2,[1. 0.],[2 1],0.0,0,0.6,0.7,0.30000000000000004,[1. 1.]
1839,1.0,1840,0,False,1.0,920.0,0.0,1,1,0,[1. 0.],[1 2],1.0,0,0.6,0.7,0.30000000000000004,[1. 1.]
1840,0.0,1841,1,False,0.0,921.0,2.0,1,0,2,[1. 0.],[1 2],1.0,0,0.6,0.7,0.30000000000000004,[1. 1.]
1841,2.0,1842,0,False,0.0,921.0,0.0,1,1,0,[0. 0.],[1 2],1.0,0,0.6,0.7,0.30000000000000004,[1. 1.]
1842,0.0,1843,1,False,0.0,922.0,2.0,1,0,2,[0. 0.],[1 2],1.0,0,0.6,0.7,0.30000000000000004,[1. 1.]
1843,2.0,1844,0,False,0.0,922.0,0.0,1,1,0,[1. 0.],[1 2],,0,0.6,0.7,0.30000000000000004,[1. 1.]
1844,0.0,1845,1,False,0.0,923.0,2.0,1,0,2,[1. 0.],[1 2],,0,0.6,0.7,0.30000000000000004,[1. 1.]
1845,2.0,1846,0,False,0.0,923.0,0.0,1,1,0,[0. 0.],[1 2],,0,0.6,0.7,0.30000000000000004,[1. 1.]
1846,0.0,1847,1,False,0.0,924.0,1.0,1,0,1,[0. 0.],[1 2],,0,0.6,0.7,0.30000000000000004,[1. 1.]
1847,1.0,1848,0,False,0.0,924.0,0.0,1,1,0,[1. 0.],[1 2],,0,0.6,0.7,0.30000000000000004,[1. 1.]
1848,0.0,1849,1,False,0.0,925.0,2.0,1,0,2,[1. 0.],[1 2],,0,0.6,0.7,0.30000000000000004,[1. 1.]
1849,2.0,1850,0,False,0.0,925.0,0.0,1,1,0,[0. 1.],[1 2],,0,0.6,0.7,0.30000000000000004,[1. 1.]
1850,0.0,1851,1,False,0.0,926.0,1.0,1,0,1,[0. 1.],[1 2],,0,0.6,0.7,0.30000000000000004,[1. 1.]
1851,1.0,1852,0,False,0.0,926.0,0.0,1,1,0,[0. 1.],[1 2],,0,0.6,0.7,0.30000000000000004,[1. 1.]
1852,0.0,1853,1,False,0.0,927.0,2.0,1,0,2,[0. 1.],[1 2],,0,0.6,0.7,0.30000000000000004,[1. 1.]
1853,2.0,1854,0,False,1.0,927.0,0.0,1,1,0,[1. 0.],[1 2],1.0,0,0.6,0.7,0.30000000000000004,[1. 1.]
1854,0.0,1855,1,False,0.0,928.0,2.0,1,0,2,[1. 0.],[1 2],1.0,0,0.6,0.7,0.30000000000000004,[1. 1.]
1855,2.0,1856,0,False,0.0,928.0,0.0,1,1,0,[0. 0.],[1 2],,0,0.6,0.7,0.30000000000000004,[1. 1.]
1856,0.0,1857,1,False,0.0,929.0,2.0,1,0,2,[0. 0.],[1 2],,0,0.6,0.7,0.30000000000000004,[1. 1.]
1857,2.0,1858,0,False,0.0,929.0,0.0,1,1,0,[0. 0.],[1 2],,0,0.6,0.7,0.30000000000000004,[1. 1.]
1858,0.0,1859,1,False,0.0,930.0,2.0,1,0,2,[0. 0.],[1 2],,0,0.6,0.7,0.30000000000000004,[1. 1.]
1859,2.0,1860,0,False,0.0,930.0,0.0,1,1,0,[1. 0.],[1 2],,0,0.6,0.7,0.30000000000000004,[1. 1.]
1860,0.0,1861,1,False,0.0,931.0,1.0,1,0,1,[1. 0.],[1 2],,0,0.6,0.7,0.30000000000000004,[1. 1.]
1861,1.0,1862,0,False,1.0,931.0,0.0,1,1,0,[0. 0.],[1 2],0.0,0,0.6,0.7,0.30000000000000004,[1. 1.]
1862,0.0,1863,1,False,0.0,932.0,1.0,1,0,1,[0. 0.],[1 2],0.0,0,0.6,0.7,0.30000000000000004,[1. 1.]
1863,1.0,1864,0,False,0.0,932.0,0.0,1,1,0,[0. 1.],[1 2],1.0,0,0.6,0.7,0.30000000000000004,[1. 1.]
1864,0.0,1865,1,False,0.0,933.0,2.0,1,0,1,[0. 1.],[1 2],1.0,0,0.6,0.7,0.30000000000000004,[1. 1.]
1865,2.0,1866,0,False,0.0,933.0,0.0,1,1,0,[0. 0.],[1 2],,0,0.6,0.7,0.30000000000000004,[1. 1.]
1866,0.0,1867,1,False,0.0,934.0,1.0,1,0,1,[0. 0.],[1 2],,0,0.6,0.7,0.30000000000000004,[1. 1.]
1867,1.0,1868,0,False,0.0,934.0,0.0,1,1,0,[1. 0.],[1 2],0.0,0,0.6,0.7,0.30000000000000004,[1. 1.]
1868,0.0,1869,1,False,0.0,935.0,1.0,1,0,2,[1. 0.],[1 2],0.0,0,0.6,0.7,0.30000000000000004,[1. 1.]
1869,1.0,1870,0,False,0.0,935.0,0.0,1,1,0,[0. 0.],[1 2],1.0,0,0.6,0.7,0.30000000000000004,[1. 1.]
1870,0.0,1871,1,False,0.0,936.0,2.0,1,0,1,[0. 0.],[1 2],1.0,0,0.6,0.7,0.30000000000000004,[1. 1.]
1871,2.0,1872,0,False,0.0,936.0,0.0,1,1,0,[1. 1.],[1 2],1.0,0,0.6,0.7,0.30000000000000004,[1. 1.]
1872,0.0,1873,1,False,0.0,937.0,2.0,1,0,1,[1. 1.],[1 2],1.0,0,0.6,0.7,0.30000000000000004,[1. 1.]
1873,2.0,1874,0,False,1.0,937.0,0.0,1,1,0,[1. 0.],[1 2],0.0,0,0.6,0.7,0.30000000000000004,[1. 1.]
1874,0.0,1875,1,False,0.0,938.0,1.0,1,0,1,[1. 0.],[1 2],0.0,0,0.6,0.7,0.30000000000000004,[1. 1.]
1875,1.0,1876,0,False,1.0,938.0,0.0,1,1,0,[1. 1.],[1 2],0.0,0,0.6,0.7,0.30000000000000004,[1. 1.]
1876,0.0,1877,1,False,0.0,939.0,1.0,1,0,1,[1. 1.],[1 2],0.0,0,0.6,0.7,0.30000000000000004,[1. 1.]
1877,1.0,1878,0,False,1.0,939.0,0.0,1,1,0,[1. 0.],[1 2],0.0,0,0.6,0.7,0.30000000000000004,[1. 1.]
1878,0.0,1879,1,False,0.0,940.0,1.0,1,0,1,[1. 0.],[1 2],0.0,0,0.6,0.7,0.30000000000000004,[1. 1.]
1879,1.0,1880,0,False,1.0,940.0,0.0,1,1,0,[1. 0.],[1 2],1.0,0,0.6,0.7,0.30000000000000004,[1. 1.]
1880,0.0,1881,1,False,0.0,941.0,2.0,1,0,1,[1. 0.],[1 2],1.0,0,0.6,0.7,0.30000000000000004,[1. 1.]
1881,2.0,1882,0,False,1.0,941.0,0.0,1,1,0,[0. 0.],[1 2],,0,0.6,0.7,0.30000000000000004,[1. 1.]
1882,0.0,1883,1,False,0.0,942.0,1.0,1,0,1,[0. 0.],[1 2],,0,0.6,0.7,0.30000000000000004,[1. 1.]
1883,1.0,1884,0,False,0.0,942.0,0.0,1,1,0,[0. 1.],[2 1],1.0,0,0.6,0.7,0.30000000000000004,[1. 1.]
1884,0.0,1885,1,False,0.0,943.0,2.0,1,0,1,[0. 1.],[2 1],1.0,0,0.6,0.7,0.30000000000000004,[1. 1.]
1885,2.0,1886,0,False,1.0,943.0,0.0,1,1,0,[1. 0.],[2 1],1.0,0,0.6,0.7,0.30000000000000004,[1. 1.]
1886,0.0,1887,1,False,0.0,944.0,2.0,1,0,1,[1. 0.],[2 1],1.0,0,0.6,0.7,0.30000000000000004,[1. 1.]
1887,2.0,1888,0,False,0.0,944.0,0.0,1,1,0,[0. 0.],[2 1],,0,0.6,0.7,0.30000000000000004,[1. 1.]
1888,0.0,1889,1,False,0.0,945.0,2.0,1,0,1,[0. 0.],[2 1],,0,0.6,0.7,0.30000000000000004,[1. 1.]
1889,2.0,1890,0,False,0.0,945.0,0.0,1,1,0,[1. 0.],[2 1],,0,0.6,0.7,0.30000000000000004,[1. 1.]
1890,0.0,1891,1,False,0.0,946.0,2.0,1,0,1,[1. 0.],[2 1],,0,0.6,0.7,0.30000000000000004,[1. 1.]
1891,2.0,1892,0,False,0.0,946.0,0.0,1,1,0,[1. 1.],[2 1],,0,0.6,0.7,0.30000000000000004,[1. 1.]
1892,0.0,1893,1,False,0.0,947.0,2.0,1,0,1,[1. 1.],[2 1],,0,0.6,0.7,0.30000000000000004,[1. 1.]
1893,2.0,1894,0,False,1.0,947.0,0.0,1,1,0,[1. 0.],[2 1],,0,0.6,0.7,0.30000000000000004,[1. 1.]
1894,0.0,1895,1,False,0.0,948.0,2.0,1,0,1,[1. 0.],[2 1],,0,0.6,0.7,0.30000000000000004,[1. 1.]
1895,2.0,1896,0,False,0.0,948.0,0.0,1,1,0,[0. 0.],[2 1],,0,0.6,0.7,0.30000000000000004,[1. 1.]
1896,0.0,1897,1,False,0.0,949.0,2.0,1,0,1,[0. 0.],[2 1],,0,0.6,0.7,0.30000000000000004,[1. 1.]
1897,2.0,1898,0,False,0.0,949.0,0.0,1,1,0,[0. 0.],[2 1],,0,0.6,0.7,0.30000000000000004,[1. 1.]
1898,0.0,1899,1,False,0.0,950.0,2.0,1,0,1,[0. 0.],[2 1],,0,0.6,0.7,0.30000000000000004,[1. 1.]
1899,2.0,1900,0,False,0.0,950.0,0.0,1,1,0,[1. 0.],[2 1],1.0,0,0.6,0.7,0.30000000000000004,[1. 1.]
1900,0.0,1901,1,False,0.0,951.0,2.0,1,0,1,[1. 0.],[2 1],1.0,0,0.6,0.7,0.30000000000000004,[1. 1.]
1901,2.0,1902,0,False,0.0,951.0,0.0,1,1,0,[1. 1.],[2 1],,0,0.6,0.7,0.30000000000000004,[1. 1.]
1902,0.0,1903,1,False,0.0,952.0,1.0,1,0,2,[1. 1.],[2 1],,0,0.6,0.7,0.30000000000000004,[1. 1.]
1903,1.0,1904,0,False,1.0,952.0,0.0,1,1,0,[0. 0.],[2 1],0.0,0,0.6,0.7,0.30000000000000004,[1. 1.]
1904,0.0,1905,1,False,0.0,953.0,1.0,1,0,2,[0. 0.],[2 1],0.0,0,0.6,0.7,0.30000000000000004,[1. 1.]
1905,1.0,1906,0,False,0.0,953.0,0.0,1,1,0,[0. 1.],[2 1],0.0,0,0.6,0.7,0.30000000000000004,[1. 1.]
1906,0.0,1907,1,False,0.0,954.0,1.0,1,0,2,[0. 1.],[2 1],0.0,0,0.6,0.7,0.30000000000000004,[1. 1.]
1907,1.0,1908,0,False,0.0,954.0,0.0,1,1,0,[1. 1.],[2 1],,0,0.6,0.7,0.30000000000000004,[1. 1.]
1908,0.0,1909,1,False,0.0,955.0,2.0,1,0,1,[1. 1.],[2 1],,0,0.6,0.7,0.30000000000000004,[1. 1.]
1909,2.0,1910,0,False,1.0,955.0,0.0,1,1,0,[0. 1.],[2 1],0.0,0,0.6,0.7,0.30000000000000004,[1. 1.]
1910,0.0,1911,1,False,0.0,956.0,1.0,1,0,1,[0. 1.],[2 1],0.0,0,0.6,0.7,0.30000000000000004,[1. 1.]
1911,1.0,1912,0,False,1.0,956.0,0.0,1,1,0,[0. 0.],[1 2],1.0,0,0.6,0.7,0.30000000000000004,[1. 1.]
1912,0.0,1913,1,False,0.0,957.0,2.0,1,0,1,[0. 0.],[1 2],1.0,0,0.6,0.7,0.30000000000000004,[1. 1.]
1913,2.0,1914,0,False,0.0,957.0,0.0,1,1,0,[1. 0.],[1 2],1.0,0,0.6,0.7,0.30000000000000004,[1. 1.]
1914,0.0,1915,1,False,0.0,958.0,2.0,1,0,1,[1. 0.],[1 2],1.0,0,0.6,0.7,0.30000000000000004,[1. 1.]
1915,2.0,1916,0,False,1.0,958.0,0.0,1,1,0,[1. 0.],[1 2],0.0,0,0.6,0.7,0.30000000000000004,[1. 1.]
1916,0.0,1917,1,False,0.0,959.0,1.0,1,0,1,[1. 0.],[1 2],0.0,0,0.6,0.7,0.30000000000000004,[1. 1.]
1917,1.0,1918,0,False,1.0,959.0,0.0,1,1,0,[1. 0.],[1 2],0.0,0,0.6,0.7,0.30000000000000004,[1. 1.]
1918,0.0,1919,1,False,0.0,960.0,1.0,1,0,1,[1. 0.],[1 2],0.0,0,0.6,0.7,0.30000000000000004,[1. 1.]
1919,1.0,1920,0,False,1.0,960.0,0.0,1,1,0,[1. 0.],[1 2],0.0,0,0.6,0.7,0.30000000000000004,[1. 1.]
1920,0.0,1921,1,False,0.0,961.0,1.0,1,0,1,[1. 0.],[1 2],0.0,0,0.6,0.7,0.30000000000000004,[1. 1.]
1921,1.0,1922,0,False,1.0,961.0,0.0,1,1,0,[1. 0.],[1 2],0.0,0,0.6,0.7,0.30000000000000004,[1. 1.]
1922,0.0,1923,1,False,0.0,962.0,1.0,1,0,1,[1. 0.],[1 2],0.0,0,0.6,0.7,0.30000000000000004,[1. 1.]
1923,1.0,1924,0,False,1.0,962.0,0.0,1,1,0,[1. 0.],[1 2],,0,0.6,0.7,0.30000000000000004,[1. 1.]
1924,0.0,1925,1,False,0.0,963.0,1.0,1,0,1,[1. 0.],[1 2],,0,0.6,0.7,0.30000000000000004,[1. 1.]
1925,1.0,1926,0,False,1.0,963.0,0.0,1,1,0,[1. 0.],[1 2],1.0,0,0.6,0.7,0.30000000000000004,[1. 1.]
1926,0.0,1927,1,False,0.0,964.0,2.0,1,0,1,[1. 0.],[1 2],1.0,0,0.6,0.7,0.30000000000000004,[1. 1.]
1927,2.0,1928,0,False,1.0,964.0,0.0,1,1,0,[1. 0.],[1 2],0.0,0,0.6,0.7,0.30000000000000004,[1. 1.]
1928,0.0,1929,1,False,0.0,965.0,1.0,1,0,1,[1. 0.],[1 2],0.0,0,0.6,0.7,0.30000000000000004,[1. 1.]
1929,1.0,1930,0,False,1.0,965.0,0.0,1,1,0,[0. 0.],[1 2],0.0,0,0.6,0.7,0.30000000000000004,[1. 1.]
1930,0.0,1931,1,False,0.0,966.0,1.0,1,0,1,[0. 0.],[1 2],0.0,0,0.6,0.7,0.30000000000000004,[1. 1.]
1931,1.0,1932,0,False,0.0,966.0,0.0,1,1,0,[1. 0.],[1 2],1.0,0,0.6,0.7,0.30000000000000004,[1. 1.]
1932,0.0,1933,1,False,0.0,967.0,2.0,1,0,1,[1. 0.],[1 2],1.0,0,0.6,0.7,0.30000000000000004,[1. 1.]
1933,2.0,1934,0,False,1.0,967.0,0.0,1,1,0,[1. 1.],[1 2],,0,0.6,0.7,0.30000000000000004,[1. 1.]
1934,0.0,1935,1,False,0.0,968.0,1.0,1,0,1,[1. 1.],[1 2],,0,0.6,0.7,0.30000000000000004,[1. 1.]
1935,1.0,1936,0,False,1.0,968.0,0.0,1,1,0,[1. 1.],[1 2],1.0,0,0.6,0.7,0.30000000000000004,[1. 1.]
1936,0.0,1937,1,False,0.0,969.0,2.0,1,0,1,[1. 1.],[1 2],1.0,0,0.6,0.7,0.30000000000000004,[1. 1.]
1937,2.0,1938,0,False,1.0,969.0,0.0,1,1,0,[1. 1.],[1 2],0.0,0,0.6,0.7,0.30000000000000004,[1. 1.]
1938,0.0,1939,1,False,0.0,970.0,1.0,1,0,1,[1. 1.],[1 2],0.0,0,0.6,0.7,0.30000000000000004,[1. 1.]
1939,1.0,1940,0,False,1.0,970.0,0.0,1,1,0,[1. 0.],[1 2],,0,0.6,0.7,0.30000000000000004,[1. 1.]
1940,0.0,1941,1,False,0.0,971.0,1.0,1,0,1,[1. 0.],[1 2],,0,0.6,0.7,0.30000000000000004,[1. 1.]
1941,1.0,1942,0,False,1.0,971.0,0.0,1,1,0,[1. 1.],[1 2],1.0,0,0.6,0.7,0.30000000000000004,[1. 1.]
1942,0.0,1943,1,False,0.0,972.0,2.0,1,0,1,[1. 1.],[1 2],1.0,0,0.6,0.7,0.30000000000000004,[1. 1.]
1943,2.0,1944,0,False,1.0,972.0,0.0,1,1,0,[1. 1.],[1 2],1.0,0,0.6,0.7,0.30000000000000004,[1. 1.]
1944,0.0,1945,1,False,0.0,973.0,2.0,1,0,1,[1. 1.],[1 2],1.0,0,0.6,0.7,0.30000000000000004,[1. 1.]
1945,2.0,1946,0,False,1.0,973.0,0.0,1,1,0,[1. 0.],[1 2],1.0,0,0.6,0.7,0.30000000000000004,[1. 1.]
1946,0.0,1947,1,False,0.0,974.0,2.0,1,0,1,[1. 0.],[1 2],1.0,0,0.6,0.7,0.30000000000000004,[1. 1.]
1947,2.0,1948,0,False,1.0,974.0,0.0,1,1,0,[1. 0.],[2 1],1.0,0,0.6,0.7,0.30000000000000004,[1. 1.]
1948,0.0,1949,1,False,0.0,975.0,2.0,1,0,1,[1. 0.],[2 1],1.0,0,0.6,0.7,0.30000000000000004,[1. 1.]
1949,2.0,1950,0,False,0.0,975.0,0.0,1,1,0,[0. 0.],[1 2],,0,0.6,0.7,0.30000000000000004,[1. 1.]
1950,0.0,1951,1,False,0.0,976.0,1.0,1,0,1,[0. 0.],[1 2],,0,0.6,0.7,0.30000000000000004,[1. 1.]
1951,1.0,1952,0,False,0.0,976.0,0.0,1,1,0,[0. 1.],[1 2],,0,0.6,0.7,0.30000000000000004,[1. 1.]
1952,0.0,1953,1,False,0.0,977.0,1.0,1,0,1,[0. 1.],[1 2],,0,0.6,0.7,0.30000000000000004,[1. 1.]
1953,1.0,1954,0,False,0.0,977.0,0.0,1,1,0,[1. 0.],[1 2],,0,0.6,0.7,0.30000000000000004,[1. 1.]
1954,0.0,1955,1,False,0.0,978.0,2.0,1,0,2,[1. 0.],[1 2],,0,0.6,0.7,0.30000000000000004,[1. 1.]
1955,2.0,1956,0,False,0.0,978.0,0.0,1,1,0,[1. 0.],[1 2],1.0,0,0.6,0.7,0.30000000000000004,[1. 1.]
1956,0.0,1957,1,False,0.0,979.0,2.0,1,0,1,[1. 0.],[1 2],1.0,0,0.6,0.7,0.30000000000000004,[1. 1.]
1957,2.0,1958,0,False,1.0,979.0,0.0,1,1,0,[0. 0.],[1 2],0.0,0,0.6,0.7,0.30000000000000004,[1. 1.]
1958,0.0,1959,1,False,0.0,980.0,1.0,1,0,1,[0. 0.],[1 2],0.0,0,0.6,0.7,0.30000000000000004,[1. 1.]
1959,1.0,1960,0,False,0.0,980.0,0.0,1,1,0,[1. 0.],[1 2],,0,0.6,0.7,0.30000000000000004,[1. 1.]
1960,0.0,1961,1,False,0.0,981.0,1.0,1,0,1,[1. 0.],[1 2],,0,0.6,0.7,0.30000000000000004,[1. 1.]
1961,1.0,1962,0,False,1.0,981.0,0.0,1,1,0,[1. 0.],[1 2],,0,0.6,0.7,0.30000000000000004,[1. 1.]
1962,0.0,1963,1,False,0.0,982.0,1.0,1,0,1,[1. 0.],[1 2],,0,0.6,0.7,0.30000000000000004,[1. 1.]
1963,1.0,1964,0,False,1.0,982.0,0.0,1,1,0,[1. 0.],[1 2],1.0,0,0.6,0.7,0.30000000000000004,[1. 1.]
1964,0.0,1965,1,False,0.0,983.0,2.0,1,0,1,[1. 0.],[1 2],1.0,0,0.6,0.7,0.30000000000000004,[1. 1.]
1965,2.0,1966,0,False,1.0,983.0,0.0,1,1,0,[0. 1.],[1 2],1.0,0,0.6,0.7,0.30000000000000004,[1. 1.]
1966,0.0,1967,1,False,0.0,984.0,2.0,1,0,1,[0. 1.],[1 2],1.0,0,0.6,0.7,0.30000000000000004,[1. 1.]
1967,2.0,1968,0,False,0.0,984.0,0.0,1,1,0,[0. 0.],[1 2],1.0,0,0.6,0.7,0.30000000000000004,[1. 1.]
1968,0.0,1969,1,False,0.0,985.0,2.0,1,0,1,[0. 0.],[1 2],1.0,0,0.6,0.7,0.30000000000000004,[1. 1.]
1969,2.0,1970,0,False,0.0,985.0,0.0,1,1,0,[1. 0.],[1 2],1.0,0,0.6,0.7,0.30000000000000004,[1. 1.]
1970,0.0,1971,1,False,0.0,986.0,2.0,1,0,1,[1. 0.],[1 2],1.0,0,0.6,0.7,0.30000000000000004,[1. 1.]
1971,2.0,1972,0,False,1.0,986.0,0.0,1,1,0,[1. 0.],[1 2],1.0,0,0.6,0.7,0.30000000000000004,[1. 1.]
1972,0.0,1973,1,False,0.0,987.0,2.0,1,0,1,[1. 0.],[1 2],1.0,0,0.6,0.7,0.30000000000000004,[1. 1.]
1973,2.0,1974,0,False,1.0,987.0,0.0,1,1,0,[1. 0.],[1 2],1.0,0,0.6,0.7,0.30000000000000004,[1. 1.]
1974,0.0,1975,1,False,0.0,988.0,2.0,1,0,1,[1. 0.],[1 2],1.0,0,0.6,0.7,0.30000000000000004,[1. 1.]
1975,2.0,1976,0,False,1.0,988.0,0.0,1,1,0,[0. 1.],[1 2],0.0,1,0.6,0.7,0.30000000000000004,[1. 1.]
1976,0.0,1977,1,False,0.0,989.0,1.0,1,0,1,[0. 1.],[1 2],0.0,1,0.6,0.7,0.30000000000000004,[1. 1.]
1977,1.0,1978,0,False,0.0,989.0,0.0,1,1,0,[1. 1.],[1 2],0.0,1,0.6,0.7,0.30000000000000004,[1. 1.]
1978,0.0,1979,1,False,0.0,990.0,1.0,1,0,1,[1. 1.],[1 2],0.0,1,0.6,0.7,0.30000000000000004,[1. 1.]
1979,1.0,1980,0,False,1.0,990.0,0.0,1,1,0,[0. 1.],[1 2],1.0,1,0.6,0.7,0.30000000000000004,[1. 1.]
1980,0.0,1981,1,False,0.0,991.0,2.0,1,0,1,[0. 1.],[1 2],1.0,1,0.6,0.7,0.30000000000000004,[1. 1.]
1981,2.0,1982,0,False,0.0,991.0,0.0,1,1,0,[0. 0.],[1 2],1.0,1,0.6,0.7,0.30000000000000004,[1. 1.]
1982,0.0,1983,1,False,0.0,992.0,2.0,1,0,1,[0. 0.],[1 2],1.0,1,0.6,0.7,0.30000000000000004,[1. 1.]
1983,2.0,1984,0,False,0.0,992.0,0.0,1,1,0,[1. 0.],[1 2],0.0,1,0.6,0.7,0.30000000000000004,[1. 1.]
1984,0.0,1985,1,False,0.0,993.0,1.0,1,0,1,[1. 0.],[1 2],0.0,1,0.6,0.7,0.30000000000000004,[1. 1.]
1985,1.0,1986,0,False,1.0,993.0,0.0,1,1,0,[0. 1.],[1 2],,1,0.6,0.7,0.30000000000000004,[1. 1.]
1986,0.0,1987,1,False,0.0,994.0,1.0,1,0,1,[0. 1.],[1 2],,1,0.6,0.7,0.30000000000000004,[1. 1.]
1987,1.0,1988,0,False,0.0,994.0,0.0,1,1,0,[0. 1.],[1 2],1.0,1,0.6,0.7,0.30000000000000004,[1. 1.]
1988,0.0,1989,1,False,0.0,995.0,2.0,1,0,1,[0. 1.],[1 2],1.0,1,0.6,0.7,0.30000000000000004,[1. 1.]
1989,2.0,1990,0,False,0.0,995.0,0.0,1,1,0,[1. 1.],[1 2],,1,0.6,0.7,0.30000000000000004,[1. 1.]
1990,0.0,1991,1,False,0.0,996.0,1.0,1,0,1,[1. 1.],[1 2],,1,0.6,0.7,0.30000000000000004,[1. 1.]
1991,1.0,1992,0,False,1.0,996.0,0.0,1,1,0,[0. 1.],[1 2],1.0,1,0.6,0.7,0.30000000000000004,[1. 1.]
1992,0.0,1993,1,False,0.0,997.0,2.0,1,0,1,[0. 1.],[1 2],1.0,1,0.6,0.7,0.30000000000000004,[1. 1.]
1993,2.0,1994,0,False,0.0,997.0,0.0,1,1,0,[1. 1.],[1 2],,1,0.6,0.7,0.30000000000000004,[1. 1.]
1994,0.0,1995,1,False,0.0,998.0,1.0,1,0,1,[1. 1.],[1 2],,1,0.6,0.7,0.30000000000000004,[1. 1.]
1995,1.0,1996,0,False,1.0,998.0,0.0,1,1,0,[1. 0.],[1 2],,1,0.6,0.7,0.30000000000000004,[1. 1.]
1996,0.0,1997,1,False,0.0,999.0,1.0,1,0,1,[1. 0.],[1 2],,1,0.6,0.7,0.30000000000000004,[1. 1.]
1997,1.0,1998,0,False,1.0,999.0,0.0,1,1,0,[1. 0.],[1 2],,0,0.6,0.7,0.30000000000000004,[1. 1.]
1998,0.0,1999,1,False,0.0,1000.0,1.0,1,0,1,[1. 0.],[1 2],,0,0.6,0.7,0.30000000000000004,[1. 1.]
1999,1.0,2000,0,True,1.0,1000.0,0.0,1,1,0,[0. 0.],[1 2],,0,0.6,0.7,0.30000000000000004,[1. 1.]
