,reward,blockID,trialID,action,tot_t,t,is_done,obs,stage,obs_next,transition,rewardplanet,randomplanet,highstate,p_trans,p_ambiguity,p_reward_low,p_reward_high
0,0.0,1,1.0,2,1,1,False,0.0,0,1.0,[2 2],[1. 0.],0,0,[0.6 0.6],1.0,0.0,1.0
1,0.0,1,1.0,0,2,0,False,1.0,1,0.0,[1 1],[1. 0.],1,0,[0.6 0.6],1.0,0.0,1.0
2,0.0,1,2.0,1,3,1,False,0.0,0,2.0,[1 1],[1. 0.],1,0,[0.6 0.6],1.0,0.0,1.0
3,1.0,1,2.0,0,4,0,False,2.0,1,0.0,[2 1],[1. 0.],1,0,[0.6 0.6],1.0,0.0,1.0
4,0.0,1,3.0,1,5,1,False,0.0,0,2.0,[2 1],[1. 0.],1,0,[0.6 0.6],1.0,0.0,1.0
5,0.0,1,3.0,0,6,0,False,2.0,1,0.0,[2 2],[1. 0.],1,0,[0.6 0.6],1.0,0.0,1.0
6,0.0,1,4.0,1,7,1,False,0.0,0,2.0,[2 2],[1. 0.],1,0,[0.6 0.6],1.0,0.0,1.0
7,0.0,1,4.0,0,8,0,False,2.0,1,0.0,[2 2],[1. 0.],1,0,[0.6 0.6],1.0,0.0,1.0
8,0.0,1,5.0,2,9,1,False,0.0,0,2.0,[2 2],[1. 0.],1,0,[0.6 0.6],1.0,0.0,1.0
9,0.0,1,5.0,0,10,0,False,2.0,1,0.0,[1 1],[1. 0.],0,0,[0.6 0.6],1.0,0.0,1.0
10,0.0,1,6.0,1,11,1,False,0.0,0,1.0,[1 1],[1. 0.],0,0,[0.6 0.6],1.0,0.0,1.0
11,1.0,1,6.0,0,12,0,False,1.0,1,0.0,[2 1],[1. 0.],0,0,[0.6 0.6],1.0,0.0,1.0
12,0.0,1,7.0,1,13,1,False,0.0,0,1.0,[2 1],[1. 0.],0,0,[0.6 0.6],1.0,0.0,1.0
13,0.0,1,7.0,0,14,0,False,1.0,1,0.0,[2 2],[1. 0.],1,0,[0.6 0.6],1.0,0.0,1.0
14,0.0,1,8.0,1,15,1,False,0.0,0,2.0,[2 2],[1. 0.],1,0,[0.6 0.6],1.0,0.0,1.0
15,0.0,1,8.0,0,16,0,False,2.0,1,0.0,[2 1],[1. 0.],1,0,[0.6 0.6],1.0,0.0,1.0
16,0.0,1,9.0,2,17,1,False,0.0,0,2.0,[2 1],[1. 0.],1,0,[0.6 0.6],1.0,0.0,1.0
17,1.0,1,9.0,0,18,0,False,2.0,1,0.0,[2 1],[1. 0.],1,0,[0.6 0.6],1.0,0.0,1.0
18,0.0,1,10.0,2,19,1,False,0.0,0,2.0,[2 1],[1. 0.],1,0,[0.6 0.6],1.0,0.0,1.0
19,1.0,1,10.0,0,20,0,False,2.0,1,0.0,[2 1],[1. 0.],0,0,[0.6 0.6],1.0,0.0,1.0
20,0.0,1,11.0,2,21,1,False,0.0,0,1.0,[2 1],[1. 0.],0,0,[0.6 0.6],1.0,0.0,1.0
21,1.0,1,11.0,0,22,0,False,1.0,1,0.0,[1 2],[1. 0.],0,0,[0.6 0.6],1.0,0.0,1.0
22,0.0,1,12.0,2,23,1,False,0.0,0,1.0,[1 2],[1. 0.],0,0,[0.6 0.6],1.0,0.0,1.0
23,0.0,1,12.0,0,24,0,False,1.0,1,0.0,[2 1],[1. 0.],1,0,[0.6 0.6],1.0,0.0,1.0
24,0.0,1,13.0,2,25,1,False,0.0,0,2.0,[2 1],[1. 0.],1,0,[0.6 0.6],1.0,0.0,1.0
25,1.0,1,13.0,0,26,0,False,2.0,1,0.0,[2 2],[1. 0.],0,0,[0.6 0.6],1.0,0.0,1.0
26,0.0,1,14.0,2,27,1,False,0.0,0,1.0,[2 2],[1. 0.],0,0,[0.6 0.6],1.0,0.0,1.0
27,0.0,1,14.0,0,28,0,False,1.0,1,0.0,[2 1],[1. 0.],0,0,[0.6 0.6],1.0,0.0,1.0
28,0.0,1,15.0,2,29,1,False,0.0,0,1.0,[2 1],[1. 0.],0,0,[0.6 0.6],1.0,0.0,1.0
29,1.0,1,15.0,0,30,0,False,1.0,1,0.0,[1 2],[1. 0.],1,0,[0.6 0.6],1.0,0.0,1.0
30,0.0,1,16.0,2,31,1,False,0.0,0,2.0,[1 2],[1. 0.],1,0,[0.6 0.6],1.0,0.0,1.0
31,0.0,1,16.0,0,32,0,False,2.0,1,0.0,[2 2],[1. 0.],1,0,[0.6 0.6],1.0,0.0,1.0
32,0.0,1,17.0,2,33,1,False,0.0,0,2.0,[2 2],[1. 0.],1,0,[0.6 0.6],1.0,0.0,1.0
33,0.0,1,17.0,0,34,0,False,2.0,1,0.0,[2 1],[1. 0.],1,0,[0.6 0.6],1.0,0.0,1.0
34,0.0,1,18.0,1,35,1,False,0.0,0,2.0,[2 1],[1. 0.],1,0,[0.6 0.6],1.0,0.0,1.0
35,0.0,1,18.0,0,36,0,False,2.0,1,0.0,[2 1],[1. 0.],0,0,[0.6 0.6],1.0,0.0,1.0
36,0.0,1,19.0,2,37,1,False,0.0,0,1.0,[2 1],[1. 0.],0,0,[0.6 0.6],1.0,0.0,1.0
37,1.0,1,19.0,0,38,0,False,1.0,1,0.0,[2 2],[1. 0.],0,0,[0.6 0.6],1.0,0.0,1.0
38,0.0,1,20.0,2,39,1,False,0.0,0,1.0,[2 2],[1. 0.],0,0,[0.6 0.6],1.0,0.0,1.0
39,0.0,1,20.0,0,40,0,False,1.0,1,0.0,[2 2],[1. 0.],0,0,[0.6 0.6],1.0,0.0,1.0
40,0.0,1,21.0,2,41,1,False,0.0,0,1.0,[2 2],[1. 0.],0,0,[0.6 0.6],1.0,0.0,1.0
41,0.0,1,21.0,0,42,0,False,1.0,1,0.0,[1 1],[1. 0.],1,0,[0.6 0.6],1.0,0.0,1.0
42,0.0,1,22.0,1,43,1,False,0.0,0,2.0,[1 1],[1. 0.],1,0,[0.6 0.6],1.0,0.0,1.0
43,1.0,1,22.0,0,44,0,False,2.0,1,0.0,[2 2],[1. 0.],1,0,[0.6 0.6],1.0,0.0,1.0
44,0.0,1,23.0,1,45,1,False,0.0,0,2.0,[2 2],[1. 0.],1,0,[0.6 0.6],1.0,0.0,1.0
45,0.0,1,23.0,0,46,0,False,2.0,1,0.0,[1 2],[1. 0.],1,0,[0.6 0.6],1.0,0.0,1.0
46,0.0,1,24.0,1,47,1,False,0.0,0,2.0,[1 2],[1. 0.],1,0,[0.6 0.6],1.0,0.0,1.0
47,1.0,1,24.0,0,48,0,False,2.0,1,0.0,[1 1],[1. 0.],0,0,[0.6 0.6],1.0,0.0,1.0
48,0.0,1,25.0,1,49,1,False,0.0,0,1.0,[1 1],[1. 0.],0,0,[0.6 0.6],1.0,0.0,1.0
49,1.0,1,25.0,0,50,0,False,1.0,1,0.0,[1 2],[1. 0.],0,0,[0.6 0.6],1.0,0.0,1.0
50,0.0,1,26.0,1,51,1,False,0.0,0,1.0,[1 2],[1. 0.],0,0,[0.6 0.6],1.0,0.0,1.0
51,1.0,1,26.0,0,52,0,False,1.0,1,0.0,[2 2],[0. 1.],0,1,[0.6 0.6],1.0,0.0,1.0
52,0.0,1,27.0,1,53,1,False,0.0,0,1.0,[2 2],[0. 1.],0,1,[0.6 0.6],1.0,0.0,1.0
53,1.0,1,27.0,0,54,0,False,1.0,1,0.0,[1 1],[0. 1.],0,1,[0.6 0.6],1.0,0.0,1.0
54,0.0,1,28.0,1,55,1,False,0.0,0,1.0,[1 1],[0. 1.],0,1,[0.6 0.6],1.0,0.0,1.0
55,0.0,1,28.0,0,56,0,False,1.0,1,0.0,[2 2],[0. 1.],0,1,[0.6 0.6],1.0,0.0,1.0
56,0.0,1,29.0,1,57,1,False,0.0,0,1.0,[2 2],[0. 1.],0,1,[0.6 0.6],1.0,0.0,1.0
57,1.0,1,29.0,0,58,0,False,1.0,1,0.0,[1 2],[0. 1.],1,1,[0.6 0.6],1.0,0.0,1.0
58,0.0,1,30.0,1,59,1,False,0.0,0,2.0,[1 2],[0. 1.],1,1,[0.6 0.6],1.0,0.0,1.0
59,0.0,1,30.0,0,60,0,False,2.0,1,0.0,[1 2],[0. 1.],0,1,[0.6 0.6],1.0,0.0,1.0
60,0.0,1,31.0,1,61,1,False,0.0,0,1.0,[1 2],[0. 1.],0,1,[0.6 0.6],1.0,0.0,1.0
61,0.0,1,31.0,0,62,0,False,1.0,1,0.0,[2 2],[0. 1.],1,1,[0.6 0.6],1.0,0.0,1.0
62,0.0,1,32.0,1,63,1,False,0.0,0,2.0,[2 2],[0. 1.],1,1,[0.6 0.6],1.0,0.0,1.0
63,1.0,1,32.0,0,64,0,False,2.0,1,0.0,[1 2],[0. 1.],1,1,[0.6 0.6],1.0,0.0,1.0
64,0.0,1,33.0,1,65,1,False,0.0,0,2.0,[1 2],[0. 1.],1,1,[0.6 0.6],1.0,0.0,1.0
65,0.0,1,33.0,0,66,0,False,2.0,1,0.0,[2 1],[0. 1.],1,1,[0.6 0.6],1.0,0.0,1.0
66,0.0,1,34.0,1,67,1,False,0.0,0,2.0,[2 1],[0. 1.],1,1,[0.6 0.6],1.0,0.0,1.0
67,1.0,1,34.0,0,68,0,False,2.0,1,0.0,[2 1],[0. 1.],1,1,[0.6 0.6],1.0,0.0,1.0
68,0.0,1,35.0,1,69,1,False,0.0,0,2.0,[2 1],[0. 1.],1,1,[0.6 0.6],1.0,0.0,1.0
69,1.0,1,35.0,0,70,0,False,2.0,1,0.0,[2 1],[0. 1.],1,1,[0.6 0.6],1.0,0.0,1.0
70,0.0,1,36.0,1,71,1,False,0.0,0,2.0,[2 1],[0. 1.],1,1,[0.6 0.6],1.0,0.0,1.0
71,1.0,1,36.0,0,72,0,False,2.0,1,0.0,[1 2],[0. 1.],1,1,[0.6 0.6],1.0,0.0,1.0
72,0.0,1,37.0,1,73,1,False,0.0,0,2.0,[1 2],[0. 1.],1,1,[0.6 0.6],1.0,0.0,1.0
73,0.0,1,37.0,0,74,0,False,2.0,1,0.0,[1 1],[0. 1.],0,1,[0.6 0.6],1.0,0.0,1.0
74,0.0,1,38.0,1,75,1,False,0.0,0,1.0,[1 1],[0. 1.],0,1,[0.6 0.6],1.0,0.0,1.0
75,0.0,1,38.0,0,76,0,False,1.0,1,0.0,[2 1],[0. 1.],1,1,[0.6 0.6],1.0,0.0,1.0
76,0.0,1,39.0,1,77,1,False,0.0,0,2.0,[2 1],[0. 1.],1,1,[0.6 0.6],1.0,0.0,1.0
77,1.0,1,39.0,0,78,0,False,2.0,1,0.0,[2 2],[0. 1.],0,1,[0.6 0.6],1.0,0.0,1.0
78,0.0,1,40.0,1,79,1,False,0.0,0,1.0,[2 2],[0. 1.],0,1,[0.6 0.6],1.0,0.0,1.0
79,1.0,1,40.0,0,80,0,False,1.0,1,0.0,[1 1],[0. 1.],1,1,[0.6 0.6],1.0,0.0,1.0
80,0.0,1,41.0,1,81,1,False,0.0,0,2.0,[1 1],[0. 1.],1,1,[0.6 0.6],1.0,0.0,1.0
81,0.0,1,41.0,0,82,0,False,2.0,1,0.0,[2 2],[1. 0.],1,0,[0.6 0.6],1.0,0.0,1.0
82,0.0,1,42.0,1,83,1,False,0.0,0,2.0,[2 2],[1. 0.],1,0,[0.6 0.6],1.0,0.0,1.0
83,0.0,1,42.0,0,84,0,False,2.0,1,0.0,[1 2],[1. 0.],0,0,[0.6 0.6],1.0,0.0,1.0
84,0.0,1,43.0,1,85,1,False,0.0,0,1.0,[1 2],[1. 0.],0,0,[0.6 0.6],1.0,0.0,1.0
85,1.0,1,43.0,0,86,0,False,1.0,1,0.0,[1 1],[1. 0.],0,0,[0.6 0.6],1.0,0.0,1.0
86,0.0,1,44.0,1,87,1,False,0.0,0,1.0,[1 1],[1. 0.],0,0,[0.6 0.6],1.0,0.0,1.0
87,1.0,1,44.0,0,88,0,False,1.0,1,0.0,[2 1],[1. 0.],0,0,[0.6 0.6],1.0,0.0,1.0
88,0.0,1,45.0,1,89,1,False,0.0,0,1.0,[2 1],[1. 0.],0,0,[0.6 0.6],1.0,0.0,1.0
89,0.0,1,45.0,0,90,0,False,1.0,1,0.0,[1 1],[1. 0.],0,0,[0.6 0.6],1.0,0.0,1.0
90,0.0,1,46.0,1,91,1,False,0.0,0,1.0,[1 1],[1. 0.],0,0,[0.6 0.6],1.0,0.0,1.0
91,1.0,1,46.0,0,92,0,False,1.0,1,0.0,[1 2],[1. 0.],1,0,[0.6 0.6],1.0,0.0,1.0
92,0.0,1,47.0,1,93,1,False,0.0,0,2.0,[1 2],[1. 0.],1,0,[0.6 0.6],1.0,0.0,1.0
93,1.0,1,47.0,0,94,0,False,2.0,1,0.0,[1 1],[1. 0.],1,0,[0.6 0.6],1.0,0.0,1.0
94,0.0,1,48.0,1,95,1,False,0.0,0,2.0,[1 1],[1. 0.],1,0,[0.6 0.6],1.0,0.0,1.0
95,1.0,1,48.0,0,96,0,False,2.0,1,0.0,[1 2],[1. 0.],0,0,[0.6 0.6],1.0,0.0,1.0
96,0.0,1,49.0,1,97,1,False,0.0,0,1.0,[1 2],[1. 0.],0,0,[0.6 0.6],1.0,0.0,1.0
97,1.0,1,49.0,0,98,0,False,1.0,1,0.0,[1 2],[1. 0.],0,0,[0.6 0.6],1.0,0.0,1.0
98,0.0,1,50.0,1,99,1,False,0.0,0,1.0,[1 2],[1. 0.],0,0,[0.6 0.6],1.0,0.0,1.0
99,1.0,1,50.0,0,100,0,False,1.0,1,0.0,[1 1],[1. 0.],0,0,[0.6 0.6],1.0,0.0,1.0
100,0.0,1,51.0,1,101,1,False,0.0,0,1.0,[1 1],[1. 0.],0,0,[0.6 0.6],1.0,0.0,1.0
101,1.0,1,51.0,0,102,0,False,1.0,1,0.0,[1 1],[1. 0.],0,0,[0.6 0.6],1.0,0.0,1.0
102,0.0,1,52.0,1,103,1,False,0.0,0,1.0,[1 1],[1. 0.],0,0,[0.6 0.6],1.0,0.0,1.0
103,1.0,1,52.0,0,104,0,False,1.0,1,0.0,[2 1],[1. 0.],0,0,[0.6 0.6],1.0,0.0,1.0
104,0.0,1,53.0,1,105,1,False,0.0,0,1.0,[2 1],[1. 0.],0,0,[0.6 0.6],1.0,0.0,1.0
105,0.0,1,53.0,0,106,0,False,1.0,1,0.0,[1 2],[1. 0.],0,0,[0.6 0.6],1.0,0.0,1.0
106,0.0,1,54.0,1,107,1,False,0.0,0,1.0,[1 2],[1. 0.],0,0,[0.6 0.6],1.0,0.0,1.0
107,1.0,1,54.0,0,108,0,False,1.0,1,0.0,[1 2],[1. 0.],1,0,[0.6 0.6],1.0,0.0,1.0
108,0.0,1,55.0,1,109,1,False,0.0,0,2.0,[1 2],[1. 0.],1,0,[0.6 0.6],1.0,0.0,1.0
109,1.0,1,55.0,0,110,0,False,2.0,1,0.0,[2 1],[1. 0.],0,0,[0.6 0.6],1.0,0.0,1.0
110,0.0,1,56.0,1,111,1,False,0.0,0,1.0,[2 1],[1. 0.],0,0,[0.6 0.6],1.0,0.0,1.0
111,0.0,1,56.0,0,112,0,False,1.0,1,0.0,[1 2],[1. 0.],1,0,[0.6 0.6],1.0,0.0,1.0
112,0.0,1,57.0,1,113,1,False,0.0,0,2.0,[1 2],[1. 0.],1,0,[0.6 0.6],1.0,0.0,1.0
113,1.0,1,57.0,0,114,0,False,2.0,1,0.0,[2 2],[1. 0.],1,0,[0.6 0.6],1.0,0.0,1.0
114,0.0,1,58.0,1,115,1,False,0.0,0,2.0,[2 2],[1. 0.],1,0,[0.6 0.6],1.0,0.0,1.0
115,0.0,1,58.0,0,116,0,False,2.0,1,0.0,[1 2],[1. 0.],1,0,[0.6 0.6],1.0,0.0,1.0
116,0.0,1,59.0,1,117,1,False,0.0,0,2.0,[1 2],[1. 0.],1,0,[0.6 0.6],1.0,0.0,1.0
117,1.0,1,59.0,0,118,0,False,2.0,1,0.0,[2 2],[1. 0.],0,0,[0.6 0.6],1.0,0.0,1.0
118,0.0,1,60.0,1,119,1,False,0.0,0,1.0,[2 2],[1. 0.],0,0,[0.6 0.6],1.0,0.0,1.0
119,0.0,1,60.0,0,120,0,False,1.0,1,0.0,[1 2],[1. 0.],1,0,[0.6 0.6],1.0,0.0,1.0
120,0.0,1,61.0,1,121,1,False,0.0,0,2.0,[1 2],[1. 0.],1,0,[0.6 0.6],1.0,0.0,1.0
121,1.0,1,61.0,0,122,0,False,2.0,1,0.0,[2 1],[1. 0.],0,0,[0.6 0.6],1.0,0.0,1.0
122,0.0,1,62.0,1,123,1,False,0.0,0,1.0,[2 1],[1. 0.],0,0,[0.6 0.6],1.0,0.0,1.0
123,0.0,1,62.0,0,124,0,False,1.0,1,0.0,[2 1],[1. 0.],1,0,[0.6 0.6],1.0,0.0,1.0
124,0.0,1,63.0,1,125,1,False,0.0,0,2.0,[2 1],[1. 0.],1,0,[0.6 0.6],1.0,0.0,1.0
125,0.0,1,63.0,0,126,0,False,2.0,1,0.0,[2 1],[1. 0.],1,0,[0.6 0.6],1.0,0.0,1.0
126,0.0,1,64.0,1,127,1,False,0.0,0,2.0,[2 1],[1. 0.],1,0,[0.6 0.6],1.0,0.0,1.0
127,0.0,1,64.0,0,128,0,False,2.0,1,0.0,[2 1],[1. 0.],0,0,[0.6 0.6],1.0,0.0,1.0
128,0.0,1,65.0,2,129,1,False,0.0,0,1.0,[2 1],[1. 0.],0,0,[0.6 0.6],1.0,0.0,1.0
129,1.0,1,65.0,0,130,0,False,1.0,1,0.0,[2 1],[1. 0.],1,0,[0.6 0.6],1.0,0.0,1.0
130,0.0,1,66.0,2,131,1,False,0.0,0,2.0,[2 1],[1. 0.],1,0,[0.6 0.6],1.0,0.0,1.0
131,1.0,1,66.0,0,132,0,False,2.0,1,0.0,[2 1],[1. 0.],1,0,[0.6 0.6],1.0,0.0,1.0
132,0.0,1,67.0,2,133,1,False,0.0,0,2.0,[2 1],[1. 0.],1,0,[0.6 0.6],1.0,0.0,1.0
133,1.0,1,67.0,0,134,0,False,2.0,1,0.0,[1 1],[1. 0.],0,0,[0.6 0.6],1.0,0.0,1.0
134,0.0,1,68.0,2,135,1,False,0.0,0,1.0,[1 1],[1. 0.],0,0,[0.6 0.6],1.0,0.0,1.0
135,1.0,1,68.0,0,136,0,False,1.0,1,0.0,[1 1],[1. 0.],1,0,[0.6 0.6],1.0,0.0,1.0
136,0.0,1,69.0,2,137,1,False,0.0,0,2.0,[1 1],[1. 0.],1,0,[0.6 0.6],1.0,0.0,1.0
137,1.0,1,69.0,0,138,0,False,2.0,1,0.0,[2 1],[1. 0.],0,0,[0.6 0.6],1.0,0.0,1.0
138,0.0,1,70.0,2,139,1,False,0.0,0,1.0,[2 1],[1. 0.],0,0,[0.6 0.6],1.0,0.0,1.0
139,1.0,1,70.0,0,140,0,False,1.0,1,0.0,[1 1],[1. 0.],0,0,[0.6 0.6],1.0,0.0,1.0
140,0.0,1,71.0,2,141,1,False,0.0,0,1.0,[1 1],[1. 0.],0,0,[0.6 0.6],1.0,0.0,1.0
141,1.0,1,71.0,0,142,0,False,1.0,1,0.0,[2 2],[1. 0.],0,0,[0.6 0.6],1.0,0.0,1.0
142,0.0,1,72.0,2,143,1,False,0.0,0,1.0,[2 2],[1. 0.],0,0,[0.6 0.6],1.0,0.0,1.0
143,0.0,1,72.0,0,144,0,False,1.0,1,0.0,[1 2],[1. 0.],0,0,[0.6 0.6],1.0,0.0,1.0
144,0.0,1,73.0,2,145,1,False,0.0,0,1.0,[1 2],[1. 0.],0,0,[0.6 0.6],1.0,0.0,1.0
145,0.0,1,73.0,0,146,0,False,1.0,1,0.0,[1 1],[1. 0.],0,0,[0.6 0.6],1.0,0.0,1.0
146,0.0,1,74.0,2,147,1,False,0.0,0,1.0,[1 1],[1. 0.],0,0,[0.6 0.6],1.0,0.0,1.0
147,1.0,1,74.0,0,148,0,False,1.0,1,0.0,[1 2],[1. 0.],0,0,[0.6 0.6],1.0,0.0,1.0
148,0.0,1,75.0,2,149,1,False,0.0,0,1.0,[1 2],[1. 0.],0,0,[0.6 0.6],1.0,0.0,1.0
149,0.0,1,75.0,0,150,0,False,1.0,1,0.0,[1 2],[1. 0.],1,0,[0.6 0.6],1.0,0.0,1.0
150,0.0,1,76.0,2,151,1,False,0.0,0,2.0,[1 2],[1. 0.],1,0,[0.6 0.6],1.0,0.0,1.0
151,0.0,1,76.0,0,152,0,False,2.0,1,0.0,[1 2],[1. 0.],1,0,[0.6 0.6],1.0,0.0,1.0
152,0.0,1,77.0,2,153,1,False,0.0,0,2.0,[1 2],[1. 0.],1,0,[0.6 0.6],1.0,0.0,1.0
153,0.0,1,77.0,0,154,0,False,2.0,1,0.0,[1 1],[1. 0.],1,0,[0.6 0.6],1.0,0.0,1.0
154,0.0,1,78.0,1,155,1,False,0.0,0,2.0,[1 1],[1. 0.],1,0,[0.6 0.6],1.0,0.0,1.0
155,1.0,1,78.0,0,156,0,False,2.0,1,0.0,[1 2],[1. 0.],1,0,[0.6 0.6],1.0,0.0,1.0
156,0.0,1,79.0,1,157,1,False,0.0,0,2.0,[1 2],[1. 0.],1,0,[0.6 0.6],1.0,0.0,1.0
157,1.0,1,79.0,0,158,0,False,2.0,1,0.0,[1 2],[1. 0.],0,0,[0.6 0.6],1.0,0.0,1.0
158,0.0,1,80.0,1,159,1,False,0.0,0,1.0,[1 2],[1. 0.],0,0,[0.6 0.6],1.0,0.0,1.0
159,1.0,1,80.0,0,160,0,False,1.0,1,0.0,[2 1],[1. 0.],1,0,[0.6 0.6],1.0,0.0,1.0
160,0.0,1,81.0,1,161,1,False,0.0,0,2.0,[2 1],[1. 0.],1,0,[0.6 0.6],1.0,0.0,1.0
161,0.0,1,81.0,0,162,0,False,2.0,1,0.0,[1 1],[1. 0.],1,0,[0.6 0.6],1.0,0.0,1.0
162,0.0,1,82.0,1,163,1,False,0.0,0,2.0,[1 1],[1. 0.],1,0,[0.6 0.6],1.0,0.0,1.0
163,1.0,1,82.0,0,164,0,False,2.0,1,0.0,[1 1],[1. 0.],1,0,[0.6 0.6],1.0,0.0,1.0
164,0.0,1,83.0,1,165,1,False,0.0,0,2.0,[1 1],[1. 0.],1,0,[0.6 0.6],1.0,0.0,1.0
165,1.0,1,83.0,0,166,0,False,2.0,1,0.0,[1 2],[1. 0.],1,0,[0.6 0.6],1.0,0.0,1.0
166,0.0,1,84.0,1,167,1,False,0.0,0,2.0,[1 2],[1. 0.],1,0,[0.6 0.6],1.0,0.0,1.0
167,1.0,1,84.0,0,168,0,False,2.0,1,0.0,[2 2],[1. 0.],0,0,[0.6 0.6],1.0,0.0,1.0
168,0.0,1,85.0,1,169,1,False,0.0,0,1.0,[2 2],[1. 0.],0,0,[0.6 0.6],1.0,0.0,1.0
169,0.0,1,85.0,0,170,0,False,1.0,1,0.0,[1 1],[1. 0.],0,0,[0.6 0.6],1.0,0.0,1.0
170,0.0,1,86.0,1,171,1,False,0.0,0,1.0,[1 1],[1. 0.],0,0,[0.6 0.6],1.0,0.0,1.0
171,1.0,1,86.0,0,172,0,False,1.0,1,0.0,[1 2],[1. 0.],0,0,[0.6 0.6],1.0,0.0,1.0
172,0.0,1,87.0,1,173,1,False,0.0,0,1.0,[1 2],[1. 0.],0,0,[0.6 0.6],1.0,0.0,1.0
173,1.0,1,87.0,0,174,0,False,1.0,1,0.0,[1 1],[1. 0.],0,0,[0.6 0.6],1.0,0.0,1.0
174,0.0,1,88.0,1,175,1,False,0.0,0,1.0,[1 1],[1. 0.],0,0,[0.6 0.6],1.0,0.0,1.0
175,1.0,1,88.0,0,176,0,False,1.0,1,0.0,[2 1],[1. 0.],0,0,[0.6 0.6],1.0,0.0,1.0
176,0.0,1,89.0,1,177,1,False,0.0,0,1.0,[2 1],[1. 0.],0,0,[0.6 0.6],1.0,0.0,1.0
177,0.0,1,89.0,0,178,0,False,1.0,1,0.0,[1 1],[1. 0.],0,0,[0.6 0.6],1.0,0.0,1.0
178,0.0,1,90.0,1,179,1,False,0.0,0,1.0,[1 1],[1. 0.],0,0,[0.6 0.6],1.0,0.0,1.0
179,1.0,1,90.0,0,180,0,False,1.0,1,0.0,[2 2],[1. 0.],1,0,[0.6 0.6],1.0,0.0,1.0
180,0.0,1,91.0,1,181,1,False,0.0,0,2.0,[2 2],[1. 0.],1,0,[0.6 0.6],1.0,0.0,1.0
181,0.0,1,91.0,0,182,0,False,2.0,1,0.0,[1 1],[1. 0.],0,0,[0.6 0.6],1.0,0.0,1.0
182,0.0,1,92.0,1,183,1,False,0.0,0,1.0,[1 1],[1. 0.],0,0,[0.6 0.6],1.0,0.0,1.0
183,1.0,1,92.0,0,184,0,False,1.0,1,0.0,[1 1],[1. 0.],1,0,[0.6 0.6],1.0,0.0,1.0
184,0.0,1,93.0,1,185,1,False,0.0,0,2.0,[1 1],[1. 0.],1,0,[0.6 0.6],1.0,0.0,1.0
185,1.0,1,93.0,0,186,0,False,2.0,1,0.0,[1 2],[1. 0.],1,0,[0.6 0.6],1.0,0.0,1.0
186,0.0,1,94.0,1,187,1,False,0.0,0,2.0,[1 2],[1. 0.],1,0,[0.6 0.6],1.0,0.0,1.0
187,1.0,1,94.0,0,188,0,False,2.0,1,0.0,[1 1],[1. 0.],0,0,[0.6 0.6],1.0,0.0,1.0
188,0.0,1,95.0,1,189,1,False,0.0,0,1.0,[1 1],[1. 0.],0,0,[0.6 0.6],1.0,0.0,1.0
189,1.0,1,95.0,0,190,0,False,1.0,1,0.0,[2 2],[1. 0.],0,0,[0.6 0.6],1.0,0.0,1.0
190,0.0,1,96.0,1,191,1,False,0.0,0,1.0,[2 2],[1. 0.],0,0,[0.6 0.6],1.0,0.0,1.0
191,0.0,1,96.0,0,192,0,False,1.0,1,0.0,[2 1],[1. 0.],0,0,[0.6 0.6],1.0,0.0,1.0
192,0.0,1,97.0,1,193,1,False,0.0,0,1.0,[2 1],[1. 0.],0,0,[0.6 0.6],1.0,0.0,1.0
193,0.0,1,97.0,0,194,0,False,1.0,1,0.0,[1 1],[1. 0.],1,0,[0.6 0.6],1.0,0.0,1.0
194,0.0,1,98.0,1,195,1,False,0.0,0,2.0,[1 1],[1. 0.],1,0,[0.6 0.6],1.0,0.0,1.0
195,1.0,1,98.0,0,196,0,False,2.0,1,0.0,[2 1],[1. 0.],1,0,[0.6 0.6],1.0,0.0,1.0
196,0.0,1,99.0,1,197,1,False,0.0,0,2.0,[2 1],[1. 0.],1,0,[0.6 0.6],1.0,0.0,1.0
197,0.0,1,99.0,0,198,0,False,2.0,1,0.0,[2 1],[1. 0.],0,0,[0.6 0.6],1.0,0.0,1.0
198,0.0,1,100.0,1,199,1,False,0.0,0,1.0,[2 1],[1. 0.],0,0,[0.6 0.6],1.0,0.0,1.0
199,0.0,1,100.0,0,200,0,False,1.0,1,0.0,[1 1],[1. 0.],1,0,[0.6 0.6],1.0,0.0,1.0
200,0.0,1,101.0,1,201,1,False,0.0,0,2.0,[1 1],[1. 0.],1,0,[0.6 0.6],1.0,0.0,1.0
201,1.0,1,101.0,0,202,0,False,2.0,1,0.0,[1 2],[1. 0.],0,0,[0.6 0.6],1.0,0.0,1.0
202,0.0,1,102.0,1,203,1,False,0.0,0,1.0,[1 2],[1. 0.],0,0,[0.6 0.6],1.0,0.0,1.0
203,1.0,1,102.0,0,204,0,False,1.0,1,0.0,[2 1],[1. 0.],0,0,[0.6 0.6],1.0,0.0,1.0
204,0.0,1,103.0,1,205,1,False,0.0,0,1.0,[2 1],[1. 0.],0,0,[0.6 0.6],1.0,0.0,1.0
205,0.0,1,103.0,0,206,0,False,1.0,1,0.0,[2 2],[1. 0.],1,0,[0.6 0.6],1.0,0.0,1.0
206,0.0,1,104.0,1,207,1,False,0.0,0,2.0,[2 2],[1. 0.],1,0,[0.6 0.6],1.0,0.0,1.0
207,0.0,1,104.0,0,208,0,False,2.0,1,0.0,[2 2],[1. 0.],1,0,[0.6 0.6],1.0,0.0,1.0
208,0.0,1,105.0,1,209,1,False,0.0,0,2.0,[2 2],[1. 0.],1,0,[0.6 0.6],1.0,0.0,1.0
209,0.0,1,105.0,0,210,0,False,2.0,1,0.0,[1 2],[1. 0.],0,0,[0.6 0.6],1.0,0.0,1.0
210,0.0,1,106.0,2,211,1,False,0.0,0,1.0,[1 2],[1. 0.],0,0,[0.6 0.6],1.0,0.0,1.0
211,0.0,1,106.0,0,212,0,False,1.0,1,0.0,[1 1],[1. 0.],0,0,[0.6 0.6],1.0,0.0,1.0
212,0.0,1,107.0,1,213,1,False,0.0,0,1.0,[1 1],[1. 0.],0,0,[0.6 0.6],1.0,0.0,1.0
213,1.0,1,107.0,0,214,0,False,1.0,1,0.0,[1 2],[1. 0.],1,0,[0.6 0.6],1.0,0.0,1.0
214,0.0,1,108.0,1,215,1,False,0.0,0,2.0,[1 2],[1. 0.],1,0,[0.6 0.6],1.0,0.0,1.0
215,1.0,1,108.0,0,216,0,False,2.0,1,0.0,[2 1],[1. 0.],0,0,[0.6 0.6],1.0,0.0,1.0
216,0.0,1,109.0,1,217,1,False,0.0,0,1.0,[2 1],[1. 0.],0,0,[0.6 0.6],1.0,0.0,1.0
217,0.0,1,109.0,0,218,0,False,1.0,1,0.0,[1 1],[1. 0.],0,0,[0.6 0.6],1.0,0.0,1.0
218,0.0,1,110.0,1,219,1,False,0.0,0,1.0,[1 1],[1. 0.],0,0,[0.6 0.6],1.0,0.0,1.0
219,1.0,1,110.0,0,220,0,False,1.0,1,0.0,[2 1],[1. 0.],0,0,[0.6 0.6],1.0,0.0,1.0
220,0.0,1,111.0,1,221,1,False,0.0,0,1.0,[2 1],[1. 0.],0,0,[0.6 0.6],1.0,0.0,1.0
221,0.0,1,111.0,0,222,0,False,1.0,1,0.0,[1 1],[1. 0.],0,0,[0.6 0.6],1.0,0.0,1.0
222,0.0,1,112.0,1,223,1,False,0.0,0,1.0,[1 1],[1. 0.],0,0,[0.6 0.6],1.0,0.0,1.0
223,1.0,1,112.0,0,224,0,False,1.0,1,0.0,[1 1],[1. 0.],1,0,[0.6 0.6],1.0,0.0,1.0
224,0.0,1,113.0,1,225,1,False,0.0,0,2.0,[1 1],[1. 0.],1,0,[0.6 0.6],1.0,0.0,1.0
225,1.0,1,113.0,0,226,0,False,2.0,1,0.0,[1 2],[1. 0.],0,0,[0.6 0.6],1.0,0.0,1.0
226,0.0,1,114.0,1,227,1,False,0.0,0,1.0,[1 2],[1. 0.],0,0,[0.6 0.6],1.0,0.0,1.0
227,1.0,1,114.0,0,228,0,False,1.0,1,0.0,[2 2],[1. 0.],1,0,[0.6 0.6],1.0,0.0,1.0
228,0.0,1,115.0,1,229,1,False,0.0,0,2.0,[2 2],[1. 0.],1,0,[0.6 0.6],1.0,0.0,1.0
229,0.0,1,115.0,0,230,0,False,2.0,1,0.0,[2 1],[1. 0.],1,0,[0.6 0.6],1.0,0.0,1.0
230,0.0,1,116.0,1,231,1,False,0.0,0,2.0,[2 1],[1. 0.],1,0,[0.6 0.6],1.0,0.0,1.0
231,0.0,1,116.0,0,232,0,False,2.0,1,0.0,[2 1],[1. 0.],0,0,[0.6 0.6],1.0,0.0,1.0
232,0.0,1,117.0,1,233,1,False,0.0,0,1.0,[2 1],[1. 0.],0,0,[0.6 0.6],1.0,0.0,1.0
233,0.0,1,117.0,0,234,0,False,1.0,1,0.0,[2 2],[1. 0.],1,0,[0.6 0.6],1.0,0.0,1.0
234,0.0,1,118.0,1,235,1,False,0.0,0,2.0,[2 2],[1. 0.],1,0,[0.6 0.6],1.0,0.0,1.0
235,0.0,1,118.0,0,236,0,False,2.0,1,0.0,[2 1],[1. 0.],1,0,[0.6 0.6],1.0,0.0,1.0
236,0.0,1,119.0,2,237,1,False,0.0,0,2.0,[2 1],[1. 0.],1,0,[0.6 0.6],1.0,0.0,1.0
237,1.0,1,119.0,0,238,0,False,2.0,1,0.0,[1 2],[1. 0.],0,0,[0.6 0.6],1.0,0.0,1.0
238,0.0,1,120.0,2,239,1,False,0.0,0,1.0,[1 2],[1. 0.],0,0,[0.6 0.6],1.0,0.0,1.0
239,0.0,1,120.0,0,240,0,False,1.0,1,0.0,[1 1],[0. 1.],0,1,[0.6 0.6],1.0,0.0,1.0
240,0.0,1,121.0,2,241,1,False,0.0,0,1.0,[1 1],[0. 1.],0,1,[0.6 0.6],1.0,0.0,1.0
241,0.0,1,121.0,0,242,0,False,1.0,1,0.0,[2 1],[0. 1.],0,1,[0.6 0.6],1.0,0.0,1.0
242,0.0,1,122.0,1,243,1,False,0.0,0,1.0,[2 1],[0. 1.],0,1,[0.6 0.6],1.0,0.0,1.0
243,1.0,1,122.0,0,244,0,False,1.0,1,0.0,[1 2],[0. 1.],0,1,[0.6 0.6],1.0,0.0,1.0
244,0.0,1,123.0,1,245,1,False,0.0,0,1.0,[1 2],[0. 1.],0,1,[0.6 0.6],1.0,0.0,1.0
245,0.0,1,123.0,0,246,0,False,1.0,1,0.0,[2 2],[0. 1.],0,1,[0.6 0.6],1.0,0.0,1.0
246,0.0,1,124.0,1,247,1,False,0.0,0,1.0,[2 2],[0. 1.],0,1,[0.6 0.6],1.0,0.0,1.0
247,1.0,1,124.0,0,248,0,False,1.0,1,0.0,[2 1],[0. 1.],1,1,[0.6 0.6],1.0,0.0,1.0
248,0.0,1,125.0,1,249,1,False,0.0,0,2.0,[2 1],[0. 1.],1,1,[0.6 0.6],1.0,0.0,1.0
249,1.0,1,125.0,0,250,0,False,2.0,1,0.0,[2 2],[0. 1.],0,1,[0.6 0.6],1.0,0.0,1.0
250,0.0,1,126.0,1,251,1,False,0.0,0,1.0,[2 2],[0. 1.],0,1,[0.6 0.6],1.0,0.0,1.0
251,1.0,1,126.0,0,252,0,False,1.0,1,0.0,[2 2],[0. 1.],1,1,[0.6 0.6],1.0,0.0,1.0
252,0.0,1,127.0,1,253,1,False,0.0,0,2.0,[2 2],[0. 1.],1,1,[0.6 0.6],1.0,0.0,1.0
253,1.0,1,127.0,0,254,0,False,2.0,1,0.0,[2 2],[0. 1.],1,1,[0.6 0.6],1.0,0.0,1.0
254,0.0,1,128.0,1,255,1,False,0.0,0,2.0,[2 2],[0. 1.],1,1,[0.6 0.6],1.0,0.0,1.0
255,1.0,1,128.0,0,256,0,False,2.0,1,0.0,[1 1],[0. 1.],1,1,[0.6 0.6],1.0,0.0,1.0
256,0.0,1,129.0,1,257,1,False,0.0,0,2.0,[1 1],[0. 1.],1,1,[0.6 0.6],1.0,0.0,1.0
257,0.0,1,129.0,0,258,0,False,2.0,1,0.0,[1 2],[0. 1.],0,1,[0.6 0.6],1.0,0.0,1.0
258,0.0,1,130.0,1,259,1,False,0.0,0,1.0,[1 2],[0. 1.],0,1,[0.6 0.6],1.0,0.0,1.0
259,0.0,1,130.0,0,260,0,False,1.0,1,0.0,[1 1],[0. 1.],1,1,[0.6 0.6],1.0,0.0,1.0
260,0.0,1,131.0,1,261,1,False,0.0,0,2.0,[1 1],[0. 1.],1,1,[0.6 0.6],1.0,0.0,1.0
261,0.0,1,131.0,0,262,0,False,2.0,1,0.0,[1 2],[0. 1.],0,1,[0.6 0.6],1.0,0.0,1.0
262,0.0,1,132.0,1,263,1,False,0.0,0,1.0,[1 2],[0. 1.],0,1,[0.6 0.6],1.0,0.0,1.0
263,0.0,1,132.0,0,264,0,False,1.0,1,0.0,[1 1],[0. 1.],1,1,[0.6 0.6],1.0,0.0,1.0
264,0.0,1,133.0,2,265,1,False,0.0,0,2.0,[1 1],[0. 1.],1,1,[0.6 0.6],1.0,0.0,1.0
265,0.0,1,133.0,0,266,0,False,2.0,1,0.0,[2 1],[0. 1.],1,1,[0.6 0.6],1.0,0.0,1.0
266,0.0,1,134.0,1,267,1,False,0.0,0,2.0,[2 1],[0. 1.],1,1,[0.6 0.6],1.0,0.0,1.0
267,1.0,1,134.0,0,268,0,False,2.0,1,0.0,[1 2],[0. 1.],0,1,[0.6 0.6],1.0,0.0,1.0
268,0.0,1,135.0,1,269,1,False,0.0,0,1.0,[1 2],[0. 1.],0,1,[0.6 0.6],1.0,0.0,1.0
269,0.0,1,135.0,0,270,0,False,1.0,1,0.0,[1 1],[0. 1.],1,1,[0.6 0.6],1.0,0.0,1.0
270,0.0,1,136.0,1,271,1,False,0.0,0,2.0,[1 1],[0. 1.],1,1,[0.6 0.6],1.0,0.0,1.0
271,0.0,1,136.0,0,272,0,False,2.0,1,0.0,[2 1],[0. 1.],0,1,[0.6 0.6],1.0,0.0,1.0
272,0.0,1,137.0,2,273,1,False,0.0,0,1.0,[2 1],[0. 1.],0,1,[0.6 0.6],1.0,0.0,1.0
273,0.0,1,137.0,0,274,0,False,1.0,1,0.0,[1 1],[0. 1.],1,1,[0.6 0.6],1.0,0.0,1.0
274,0.0,1,138.0,1,275,1,False,0.0,0,2.0,[1 1],[0. 1.],1,1,[0.6 0.6],1.0,0.0,1.0
275,0.0,1,138.0,0,276,0,False,2.0,1,0.0,[2 1],[0. 1.],0,1,[0.6 0.6],1.0,0.0,1.0
276,0.0,1,139.0,2,277,1,False,0.0,0,1.0,[2 1],[0. 1.],0,1,[0.6 0.6],1.0,0.0,1.0
277,0.0,1,139.0,0,278,0,False,1.0,1,0.0,[1 1],[0. 1.],1,1,[0.6 0.6],1.0,0.0,1.0
278,0.0,1,140.0,1,279,1,False,0.0,0,2.0,[1 1],[0. 1.],1,1,[0.6 0.6],1.0,0.0,1.0
279,0.0,1,140.0,0,280,0,False,2.0,1,0.0,[1 1],[0. 1.],0,1,[0.6 0.6],1.0,0.0,1.0
280,0.0,1,141.0,2,281,1,False,0.0,0,1.0,[1 1],[0. 1.],0,1,[0.6 0.6],1.0,0.0,1.0
281,0.0,1,141.0,0,282,0,False,1.0,1,0.0,[1 2],[0. 1.],0,1,[0.6 0.6],1.0,0.0,1.0
282,0.0,1,142.0,1,283,1,False,0.0,0,1.0,[1 2],[0. 1.],0,1,[0.6 0.6],1.0,0.0,1.0
283,0.0,1,142.0,0,284,0,False,1.0,1,0.0,[2 1],[0. 1.],1,1,[0.6 0.6],1.0,0.0,1.0
284,0.0,1,143.0,2,285,1,False,0.0,0,2.0,[2 1],[0. 1.],1,1,[0.6 0.6],1.0,0.0,1.0
285,0.0,1,143.0,0,286,0,False,2.0,1,0.0,[1 2],[0. 1.],1,1,[0.6 0.6],1.0,0.0,1.0
286,0.0,1,144.0,1,287,1,False,0.0,0,2.0,[1 2],[0. 1.],1,1,[0.6 0.6],1.0,0.0,1.0
287,0.0,1,144.0,0,288,0,False,2.0,1,0.0,[2 2],[0. 1.],0,1,[0.6 0.6],1.0,0.0,1.0
288,0.0,1,145.0,2,289,1,False,0.0,0,1.0,[2 2],[0. 1.],0,1,[0.6 0.6],1.0,0.0,1.0
289,1.0,1,145.0,0,290,0,False,1.0,1,0.0,[2 2],[0. 1.],0,1,[0.6 0.6],1.0,0.0,1.0
290,0.0,1,146.0,2,291,1,False,0.0,0,1.0,[2 2],[0. 1.],0,1,[0.6 0.6],1.0,0.0,1.0
291,1.0,1,146.0,0,292,0,False,1.0,1,0.0,[2 1],[0. 1.],1,1,[0.6 0.6],1.0,0.0,1.0
292,0.0,1,147.0,2,293,1,False,0.0,0,2.0,[2 1],[0. 1.],1,1,[0.6 0.6],1.0,0.0,1.0
293,0.0,1,147.0,0,294,0,False,2.0,1,0.0,[2 1],[0. 1.],0,1,[0.6 0.6],1.0,0.0,1.0
294,0.0,1,148.0,2,295,1,False,0.0,0,1.0,[2 1],[0. 1.],0,1,[0.6 0.6],1.0,0.0,1.0
295,0.0,1,148.0,0,296,0,False,1.0,1,0.0,[2 1],[0. 1.],0,1,[0.6 0.6],1.0,0.0,1.0
296,0.0,1,149.0,2,297,1,False,0.0,0,1.0,[2 1],[0. 1.],0,1,[0.6 0.6],1.0,0.0,1.0
297,0.0,1,149.0,0,298,0,False,1.0,1,0.0,[2 1],[0. 1.],0,1,[0.6 0.6],1.0,0.0,1.0
298,0.0,1,150.0,2,299,1,False,0.0,0,1.0,[2 1],[0. 1.],0,1,[0.6 0.6],1.0,0.0,1.0
299,0.0,1,150.0,0,300,0,False,1.0,1,0.0,[1 1],[0. 1.],1,1,[0.6 0.6],1.0,0.0,1.0
300,0.0,1,151.0,1,301,1,False,0.0,0,2.0,[1 1],[0. 1.],1,1,[0.6 0.6],1.0,0.0,1.0
301,0.0,1,151.0,0,302,0,False,2.0,1,0.0,[2 1],[1. 0.],1,0,[0.6 0.6],1.0,0.0,1.0
302,0.0,1,152.0,2,303,1,False,0.0,0,2.0,[2 1],[1. 0.],1,0,[0.6 0.6],1.0,0.0,1.0
303,1.0,1,152.0,0,304,0,False,2.0,1,0.0,[2 1],[1. 0.],0,0,[0.6 0.6],1.0,0.0,1.0
304,0.0,1,153.0,2,305,1,False,0.0,0,1.0,[2 1],[1. 0.],0,0,[0.6 0.6],1.0,0.0,1.0
305,1.0,1,153.0,0,306,0,False,1.0,1,0.0,[1 1],[1. 0.],1,0,[0.6 0.6],1.0,0.0,1.0
306,0.0,1,154.0,2,307,1,False,0.0,0,2.0,[1 1],[1. 0.],1,0,[0.6 0.6],1.0,0.0,1.0
307,1.0,1,154.0,0,308,0,False,2.0,1,0.0,[1 2],[1. 0.],1,0,[0.6 0.6],1.0,0.0,1.0
308,0.0,1,155.0,2,309,1,False,0.0,0,2.0,[1 2],[1. 0.],1,0,[0.6 0.6],1.0,0.0,1.0
309,0.0,1,155.0,0,310,0,False,2.0,1,0.0,[2 2],[0. 1.],1,1,[0.6 0.6],1.0,0.0,1.0
310,0.0,1,156.0,2,311,1,False,0.0,0,2.0,[2 2],[0. 1.],1,1,[0.6 0.6],1.0,0.0,1.0
311,1.0,1,156.0,0,312,0,False,2.0,1,0.0,[1 1],[0. 1.],0,1,[0.6 0.6],1.0,0.0,1.0
312,0.0,1,157.0,2,313,1,False,0.0,0,1.0,[1 1],[0. 1.],0,1,[0.6 0.6],1.0,0.0,1.0
313,0.0,1,157.0,0,314,0,False,1.0,1,0.0,[1 2],[0. 1.],1,1,[0.6 0.6],1.0,0.0,1.0
314,0.0,1,158.0,2,315,1,False,0.0,0,2.0,[1 2],[0. 1.],1,1,[0.6 0.6],1.0,0.0,1.0
315,1.0,1,158.0,0,316,0,False,2.0,1,0.0,[1 1],[0. 1.],1,1,[0.6 0.6],1.0,0.0,1.0
316,0.0,1,159.0,2,317,1,False,0.0,0,2.0,[1 1],[0. 1.],1,1,[0.6 0.6],1.0,0.0,1.0
317,0.0,1,159.0,0,318,0,False,2.0,1,0.0,[2 2],[0. 1.],1,1,[0.6 0.6],1.0,0.0,1.0
318,0.0,1,160.0,2,319,1,False,0.0,0,2.0,[2 2],[0. 1.],1,1,[0.6 0.6],1.0,0.0,1.0
319,1.0,1,160.0,0,320,0,False,2.0,1,0.0,[1 1],[0. 1.],1,1,[0.6 0.6],1.0,0.0,1.0
320,0.0,1,161.0,2,321,1,False,0.0,0,2.0,[1 1],[0. 1.],1,1,[0.6 0.6],1.0,0.0,1.0
321,0.0,1,161.0,0,322,0,False,2.0,1,0.0,[2 2],[0. 1.],0,1,[0.6 0.6],1.0,0.0,1.0
322,0.0,1,162.0,2,323,1,False,0.0,0,1.0,[2 2],[0. 1.],0,1,[0.6 0.6],1.0,0.0,1.0
323,1.0,1,162.0,0,324,0,False,1.0,1,0.0,[2 1],[1. 0.],1,0,[0.6 0.6],1.0,0.0,1.0
324,0.0,1,163.0,2,325,1,False,0.0,0,2.0,[2 1],[1. 0.],1,0,[0.6 0.6],1.0,0.0,1.0
325,1.0,1,163.0,0,326,0,False,2.0,1,0.0,[2 2],[1. 0.],1,0,[0.6 0.6],1.0,0.0,1.0
326,0.0,1,164.0,2,327,1,False,0.0,0,2.0,[2 2],[1. 0.],1,0,[0.6 0.6],1.0,0.0,1.0
327,0.0,1,164.0,0,328,0,False,2.0,1,0.0,[1 2],[1. 0.],0,0,[0.6 0.6],1.0,0.0,1.0
328,0.0,1,165.0,2,329,1,False,0.0,0,1.0,[1 2],[1. 0.],0,0,[0.6 0.6],1.0,0.0,1.0
329,0.0,1,165.0,0,330,0,False,1.0,1,0.0,[2 2],[1. 0.],1,0,[0.6 0.6],1.0,0.0,1.0
330,0.0,1,166.0,2,331,1,False,0.0,0,2.0,[2 2],[1. 0.],1,0,[0.6 0.6],1.0,0.0,1.0
331,0.0,1,166.0,0,332,0,False,2.0,1,0.0,[2 1],[1. 0.],1,0,[0.6 0.6],1.0,0.0,1.0
332,0.0,1,167.0,2,333,1,False,0.0,0,2.0,[2 1],[1. 0.],1,0,[0.6 0.6],1.0,0.0,1.0
333,1.0,1,167.0,0,334,0,False,2.0,1,0.0,[2 1],[1. 0.],0,0,[0.6 0.6],1.0,0.0,1.0
334,0.0,1,168.0,2,335,1,False,0.0,0,1.0,[2 1],[1. 0.],0,0,[0.6 0.6],1.0,0.0,1.0
335,1.0,1,168.0,0,336,0,False,1.0,1,0.0,[1 1],[1. 0.],1,0,[0.6 0.6],1.0,0.0,1.0
336,0.0,1,169.0,2,337,1,False,0.0,0,2.0,[1 1],[1. 0.],1,0,[0.6 0.6],1.0,0.0,1.0
337,1.0,1,169.0,0,338,0,False,2.0,1,0.0,[1 2],[1. 0.],1,0,[0.6 0.6],1.0,0.0,1.0
338,0.0,1,170.0,2,339,1,False,0.0,0,2.0,[1 2],[1. 0.],1,0,[0.6 0.6],1.0,0.0,1.0
339,0.0,1,170.0,0,340,0,False,2.0,1,0.0,[2 2],[1. 0.],1,0,[0.6 0.6],1.0,0.0,1.0
340,0.0,1,171.0,2,341,1,False,0.0,0,2.0,[2 2],[1. 0.],1,0,[0.6 0.6],1.0,0.0,1.0
341,0.0,1,171.0,0,342,0,False,2.0,1,0.0,[1 1],[1. 0.],1,0,[0.6 0.6],1.0,0.0,1.0
342,0.0,1,172.0,2,343,1,False,0.0,0,2.0,[1 1],[1. 0.],1,0,[0.6 0.6],1.0,0.0,1.0
343,1.0,1,172.0,0,344,0,False,2.0,1,0.0,[1 1],[1. 0.],0,0,[0.6 0.6],1.0,0.0,1.0
344,0.0,1,173.0,2,345,1,False,0.0,0,1.0,[1 1],[1. 0.],0,0,[0.6 0.6],1.0,0.0,1.0
345,1.0,1,173.0,0,346,0,False,1.0,1,0.0,[2 1],[1. 0.],1,0,[0.6 0.6],1.0,0.0,1.0
346,0.0,1,174.0,2,347,1,False,0.0,0,2.0,[2 1],[1. 0.],1,0,[0.6 0.6],1.0,0.0,1.0
347,1.0,1,174.0,0,348,0,False,2.0,1,0.0,[2 2],[1. 0.],1,0,[0.6 0.6],1.0,0.0,1.0
348,0.0,1,175.0,2,349,1,False,0.0,0,2.0,[2 2],[1. 0.],1,0,[0.6 0.6],1.0,0.0,1.0
349,0.0,1,175.0,0,350,0,False,2.0,1,0.0,[2 2],[1. 0.],0,0,[0.6 0.6],1.0,0.0,1.0
350,0.0,1,176.0,2,351,1,False,0.0,0,1.0,[2 2],[1. 0.],0,0,[0.6 0.6],1.0,0.0,1.0
351,0.0,1,176.0,0,352,0,False,1.0,1,0.0,[2 1],[1. 0.],0,0,[0.6 0.6],1.0,0.0,1.0
352,0.0,1,177.0,2,353,1,False,0.0,0,1.0,[2 1],[1. 0.],0,0,[0.6 0.6],1.0,0.0,1.0
353,1.0,1,177.0,0,354,0,False,1.0,1,0.0,[2 1],[1. 0.],0,0,[0.6 0.6],1.0,0.0,1.0
354,0.0,1,178.0,2,355,1,False,0.0,0,1.0,[2 1],[1. 0.],0,0,[0.6 0.6],1.0,0.0,1.0
355,1.0,1,178.0,0,356,0,False,1.0,1,0.0,[2 2],[1. 0.],0,0,[0.6 0.6],1.0,0.0,1.0
356,0.0,1,179.0,2,357,1,False,0.0,0,1.0,[2 2],[1. 0.],0,0,[0.6 0.6],1.0,0.0,1.0
357,0.0,1,179.0,0,358,0,False,1.0,1,0.0,[2 1],[1. 0.],1,0,[0.6 0.6],1.0,0.0,1.0
358,0.0,1,180.0,2,359,1,False,0.0,0,2.0,[2 1],[1. 0.],1,0,[0.6 0.6],1.0,0.0,1.0
359,1.0,1,180.0,0,360,0,False,2.0,1,0.0,[1 1],[1. 0.],0,0,[0.6 0.6],1.0,0.0,1.0
360,0.0,1,181.0,2,361,1,False,0.0,0,1.0,[1 1],[1. 0.],0,0,[0.6 0.6],1.0,0.0,1.0
361,1.0,1,181.0,0,362,0,False,1.0,1,0.0,[2 1],[1. 0.],1,0,[0.6 0.6],1.0,0.0,1.0
362,0.0,1,182.0,2,363,1,False,0.0,0,2.0,[2 1],[1. 0.],1,0,[0.6 0.6],1.0,0.0,1.0
363,1.0,1,182.0,0,364,0,False,2.0,1,0.0,[2 2],[1. 0.],1,0,[0.6 0.6],1.0,0.0,1.0
364,0.0,1,183.0,2,365,1,False,0.0,0,2.0,[2 2],[1. 0.],1,0,[0.6 0.6],1.0,0.0,1.0
365,0.0,1,183.0,0,366,0,False,2.0,1,0.0,[1 1],[1. 0.],0,0,[0.6 0.6],1.0,0.0,1.0
366,0.0,1,184.0,2,367,1,False,0.0,0,1.0,[1 1],[1. 0.],0,0,[0.6 0.6],1.0,0.0,1.0
367,1.0,1,184.0,0,368,0,False,1.0,1,0.0,[1 1],[1. 0.],0,0,[0.6 0.6],1.0,0.0,1.0
368,0.0,1,185.0,2,369,1,False,0.0,0,1.0,[1 1],[1. 0.],0,0,[0.6 0.6],1.0,0.0,1.0
369,1.0,1,185.0,0,370,0,False,1.0,1,0.0,[1 1],[1. 0.],0,0,[0.6 0.6],1.0,0.0,1.0
370,0.0,1,186.0,2,371,1,False,0.0,0,1.0,[1 1],[1. 0.],0,0,[0.6 0.6],1.0,0.0,1.0
371,1.0,1,186.0,0,372,0,False,1.0,1,0.0,[1 1],[1. 0.],0,0,[0.6 0.6],1.0,0.0,1.0
372,0.0,1,187.0,2,373,1,False,0.0,0,1.0,[1 1],[1. 0.],0,0,[0.6 0.6],1.0,0.0,1.0
373,1.0,1,187.0,0,374,0,False,1.0,1,0.0,[2 2],[1. 0.],1,0,[0.6 0.6],1.0,0.0,1.0
374,0.0,1,188.0,2,375,1,False,0.0,0,2.0,[2 2],[1. 0.],1,0,[0.6 0.6],1.0,0.0,1.0
375,0.0,1,188.0,0,376,0,False,2.0,1,0.0,[2 1],[1. 0.],1,0,[0.6 0.6],1.0,0.0,1.0
376,0.0,1,189.0,2,377,1,False,0.0,0,2.0,[2 1],[1. 0.],1,0,[0.6 0.6],1.0,0.0,1.0
377,1.0,1,189.0,0,378,0,False,2.0,1,0.0,[1 1],[1. 0.],1,0,[0.6 0.6],1.0,0.0,1.0
378,0.0,1,190.0,2,379,1,False,0.0,0,2.0,[1 1],[1. 0.],1,0,[0.6 0.6],1.0,0.0,1.0
379,1.0,1,190.0,0,380,0,False,2.0,1,0.0,[2 1],[1. 0.],1,0,[0.6 0.6],1.0,0.0,1.0
380,0.0,1,191.0,2,381,1,False,0.0,0,2.0,[2 1],[1. 0.],1,0,[0.6 0.6],1.0,0.0,1.0
381,1.0,1,191.0,0,382,0,False,2.0,1,0.0,[1 2],[1. 0.],1,0,[0.6 0.6],1.0,0.0,1.0
382,0.0,1,192.0,2,383,1,False,0.0,0,2.0,[1 2],[1. 0.],1,0,[0.6 0.6],1.0,0.0,1.0
383,0.0,1,192.0,0,384,0,False,2.0,1,0.0,[2 2],[1. 0.],1,0,[0.6 0.6],1.0,0.0,1.0
384,0.0,1,193.0,2,385,1,False,0.0,0,2.0,[2 2],[1. 0.],1,0,[0.6 0.6],1.0,0.0,1.0
385,0.0,1,193.0,0,386,0,False,2.0,1,0.0,[2 1],[1. 0.],0,0,[0.6 0.6],1.0,0.0,1.0
386,0.0,1,194.0,1,387,1,False,0.0,0,1.0,[2 1],[1. 0.],0,0,[0.6 0.6],1.0,0.0,1.0
387,0.0,1,194.0,0,388,0,False,1.0,1,0.0,[2 1],[1. 0.],1,0,[0.6 0.6],1.0,0.0,1.0
388,0.0,1,195.0,1,389,1,False,0.0,0,2.0,[2 1],[1. 0.],1,0,[0.6 0.6],1.0,0.0,1.0
389,0.0,1,195.0,0,390,0,False,2.0,1,0.0,[2 2],[1. 0.],0,0,[0.6 0.6],1.0,0.0,1.0
390,0.0,1,196.0,2,391,1,False,0.0,0,1.0,[2 2],[1. 0.],0,0,[0.6 0.6],1.0,0.0,1.0
391,0.0,1,196.0,0,392,0,False,1.0,1,0.0,[1 1],[1. 0.],1,0,[0.6 0.6],1.0,0.0,1.0
392,0.0,1,197.0,2,393,1,False,0.0,0,2.0,[1 1],[1. 0.],1,0,[0.6 0.6],1.0,0.0,1.0
393,1.0,1,197.0,0,394,0,False,2.0,1,0.0,[2 2],[1. 0.],1,0,[0.6 0.6],1.0,0.0,1.0
394,0.0,1,198.0,2,395,1,False,0.0,0,2.0,[2 2],[1. 0.],1,0,[0.6 0.6],1.0,0.0,1.0
395,0.0,1,198.0,0,396,0,False,2.0,1,0.0,[1 2],[1. 0.],0,0,[0.6 0.6],1.0,0.0,1.0
396,0.0,1,199.0,1,397,1,False,0.0,0,1.0,[1 2],[1. 0.],0,0,[0.6 0.6],1.0,0.0,1.0
397,1.0,1,199.0,0,398,0,False,1.0,1,0.0,[2 1],[1. 0.],1,0,[0.6 0.6],1.0,0.0,1.0
398,0.0,1,200.0,1,399,1,False,0.0,0,2.0,[2 1],[1. 0.],1,0,[0.6 0.6],1.0,0.0,1.0
399,0.0,1,200.0,0,400,0,False,2.0,1,0.0,[1 1],[1. 0.],0,0,[0.6 0.6],1.0,0.0,1.0
400,0.0,1,201.0,1,401,1,False,0.0,0,1.0,[1 1],[1. 0.],0,0,[0.6 0.6],1.0,0.0,1.0
401,1.0,1,201.0,0,402,0,False,1.0,1,0.0,[1 1],[1. 0.],0,0,[0.6 0.6],1.0,0.0,1.0
402,0.0,1,202.0,1,403,1,False,0.0,0,1.0,[1 1],[1. 0.],0,0,[0.6 0.6],1.0,0.0,1.0
403,1.0,1,202.0,0,404,0,False,1.0,1,0.0,[2 1],[1. 0.],0,0,[0.6 0.6],1.0,0.0,1.0
404,0.0,1,203.0,1,405,1,False,0.0,0,1.0,[2 1],[1. 0.],0,0,[0.6 0.6],1.0,0.0,1.0
405,0.0,1,203.0,0,406,0,False,1.0,1,0.0,[2 2],[1. 0.],1,0,[0.6 0.6],1.0,0.0,1.0
406,0.0,1,204.0,1,407,1,False,0.0,0,2.0,[2 2],[1. 0.],1,0,[0.6 0.6],1.0,0.0,1.0
407,0.0,1,204.0,0,408,0,False,2.0,1,0.0,[2 1],[1. 0.],1,0,[0.6 0.6],1.0,0.0,1.0
408,0.0,1,205.0,1,409,1,False,0.0,0,2.0,[2 1],[1. 0.],1,0,[0.6 0.6],1.0,0.0,1.0
409,0.0,1,205.0,0,410,0,False,2.0,1,0.0,[1 1],[1. 0.],1,0,[0.6 0.6],1.0,0.0,1.0
410,0.0,1,206.0,2,411,1,False,0.0,0,2.0,[1 1],[1. 0.],1,0,[0.6 0.6],1.0,0.0,1.0
411,1.0,1,206.0,0,412,0,False,2.0,1,0.0,[1 2],[1. 0.],1,0,[0.6 0.6],1.0,0.0,1.0
412,0.0,1,207.0,2,413,1,False,0.0,0,2.0,[1 2],[1. 0.],1,0,[0.6 0.6],1.0,0.0,1.0
413,0.0,1,207.0,0,414,0,False,2.0,1,0.0,[1 2],[1. 0.],0,0,[0.6 0.6],1.0,0.0,1.0
414,0.0,1,208.0,1,415,1,False,0.0,0,1.0,[1 2],[1. 0.],0,0,[0.6 0.6],1.0,0.0,1.0
415,1.0,1,208.0,0,416,0,False,1.0,1,0.0,[1 2],[1. 0.],1,0,[0.6 0.6],1.0,0.0,1.0
416,0.0,1,209.0,1,417,1,False,0.0,0,2.0,[1 2],[1. 0.],1,0,[0.6 0.6],1.0,0.0,1.0
417,1.0,1,209.0,0,418,0,False,2.0,1,0.0,[2 2],[1. 0.],0,0,[0.6 0.6],1.0,0.0,1.0
418,0.0,1,210.0,1,419,1,False,0.0,0,1.0,[2 2],[1. 0.],0,0,[0.6 0.6],1.0,0.0,1.0
419,0.0,1,210.0,0,420,0,False,1.0,1,0.0,[2 2],[1. 0.],0,0,[0.6 0.6],1.0,0.0,1.0
420,0.0,1,211.0,1,421,1,False,0.0,0,1.0,[2 2],[1. 0.],0,0,[0.6 0.6],1.0,0.0,1.0
421,0.0,1,211.0,0,422,0,False,1.0,1,0.0,[1 1],[1. 0.],0,0,[0.6 0.6],1.0,0.0,1.0
422,0.0,1,212.0,1,423,1,False,0.0,0,1.0,[1 1],[1. 0.],0,0,[0.6 0.6],1.0,0.0,1.0
423,1.0,1,212.0,0,424,0,False,1.0,1,0.0,[1 1],[1. 0.],1,0,[0.6 0.6],1.0,0.0,1.0
424,0.0,1,213.0,1,425,1,False,0.0,0,2.0,[1 1],[1. 0.],1,0,[0.6 0.6],1.0,0.0,1.0
425,1.0,1,213.0,0,426,0,False,2.0,1,0.0,[1 2],[1. 0.],0,0,[0.6 0.6],1.0,0.0,1.0
426,0.0,1,214.0,1,427,1,False,0.0,0,1.0,[1 2],[1. 0.],0,0,[0.6 0.6],1.0,0.0,1.0
427,1.0,1,214.0,0,428,0,False,1.0,1,0.0,[1 2],[1. 0.],1,0,[0.6 0.6],1.0,0.0,1.0
428,0.0,1,215.0,1,429,1,False,0.0,0,2.0,[1 2],[1. 0.],1,0,[0.6 0.6],1.0,0.0,1.0
429,1.0,1,215.0,0,430,0,False,2.0,1,0.0,[1 2],[1. 0.],1,0,[0.6 0.6],1.0,0.0,1.0
430,0.0,1,216.0,1,431,1,False,0.0,0,2.0,[1 2],[1. 0.],1,0,[0.6 0.6],1.0,0.0,1.0
431,1.0,1,216.0,0,432,0,False,2.0,1,0.0,[1 2],[1. 0.],0,0,[0.6 0.6],1.0,0.0,1.0
432,0.0,1,217.0,1,433,1,False,0.0,0,1.0,[1 2],[1. 0.],0,0,[0.6 0.6],1.0,0.0,1.0
433,1.0,1,217.0,0,434,0,False,1.0,1,0.0,[1 2],[1. 0.],0,0,[0.6 0.6],1.0,0.0,1.0
434,0.0,1,218.0,1,435,1,False,0.0,0,1.0,[1 2],[1. 0.],0,0,[0.6 0.6],1.0,0.0,1.0
435,1.0,1,218.0,0,436,0,False,1.0,1,0.0,[2 2],[1. 0.],1,0,[0.6 0.6],1.0,0.0,1.0
436,0.0,1,219.0,1,437,1,False,0.0,0,2.0,[2 2],[1. 0.],1,0,[0.6 0.6],1.0,0.0,1.0
437,0.0,1,219.0,0,438,0,False,2.0,1,0.0,[2 2],[1. 0.],0,0,[0.6 0.6],1.0,0.0,1.0
438,0.0,1,220.0,1,439,1,False,0.0,0,1.0,[2 2],[1. 0.],0,0,[0.6 0.6],1.0,0.0,1.0
439,0.0,1,220.0,0,440,0,False,1.0,1,0.0,[1 2],[1. 0.],0,0,[0.6 0.6],1.0,0.0,1.0
440,0.0,1,221.0,1,441,1,False,0.0,0,1.0,[1 2],[1. 0.],0,0,[0.6 0.6],1.0,0.0,1.0
441,1.0,1,221.0,0,442,0,False,1.0,1,0.0,[1 2],[1. 0.],0,0,[0.6 0.6],1.0,0.0,1.0
442,0.0,1,222.0,1,443,1,False,0.0,0,1.0,[1 2],[1. 0.],0,0,[0.6 0.6],1.0,0.0,1.0
443,1.0,1,222.0,0,444,0,False,1.0,1,0.0,[2 1],[1. 0.],1,0,[0.6 0.6],1.0,0.0,1.0
444,0.0,1,223.0,1,445,1,False,0.0,0,2.0,[2 1],[1. 0.],1,0,[0.6 0.6],1.0,0.0,1.0
445,0.0,1,223.0,0,446,0,False,2.0,1,0.0,[2 1],[1. 0.],0,0,[0.6 0.6],1.0,0.0,1.0
446,0.0,1,224.0,1,447,1,False,0.0,0,1.0,[2 1],[1. 0.],0,0,[0.6 0.6],1.0,0.0,1.0
447,0.0,1,224.0,0,448,0,False,1.0,1,0.0,[2 2],[1. 0.],0,0,[0.6 0.6],1.0,0.0,1.0
448,0.0,1,225.0,1,449,1,False,0.0,0,1.0,[2 2],[1. 0.],0,0,[0.6 0.6],1.0,0.0,1.0
449,0.0,1,225.0,0,450,0,False,1.0,1,0.0,[1 2],[1. 0.],1,0,[0.6 0.6],1.0,0.0,1.0
450,0.0,1,226.0,1,451,1,False,0.0,0,2.0,[1 2],[1. 0.],1,0,[0.6 0.6],1.0,0.0,1.0
451,1.0,1,226.0,0,452,0,False,2.0,1,0.0,[1 1],[1. 0.],0,0,[0.6 0.6],1.0,0.0,1.0
452,0.0,1,227.0,1,453,1,False,0.0,0,1.0,[1 1],[1. 0.],0,0,[0.6 0.6],1.0,0.0,1.0
453,1.0,1,227.0,0,454,0,False,1.0,1,0.0,[2 1],[1. 0.],0,0,[0.6 0.6],1.0,0.0,1.0
454,0.0,1,228.0,1,455,1,False,0.0,0,1.0,[2 1],[1. 0.],0,0,[0.6 0.6],1.0,0.0,1.0
455,0.0,1,228.0,0,456,0,False,1.0,1,0.0,[2 2],[1. 0.],0,0,[0.6 0.6],1.0,0.0,1.0
456,0.0,1,229.0,1,457,1,False,0.0,0,1.0,[2 2],[1. 0.],0,0,[0.6 0.6],1.0,0.0,1.0
457,0.0,1,229.0,0,458,0,False,1.0,1,0.0,[2 2],[1. 0.],0,0,[0.6 0.6],1.0,0.0,1.0
458,0.0,1,230.0,1,459,1,False,0.0,0,1.0,[2 2],[1. 0.],0,0,[0.6 0.6],1.0,0.0,1.0
459,0.0,1,230.0,0,460,0,False,1.0,1,0.0,[1 1],[1. 0.],0,0,[0.6 0.6],1.0,0.0,1.0
460,0.0,1,231.0,1,461,1,False,0.0,0,1.0,[1 1],[1. 0.],0,0,[0.6 0.6],1.0,0.0,1.0
461,1.0,1,231.0,0,462,0,False,1.0,1,0.0,[1 2],[1. 0.],1,0,[0.6 0.6],1.0,0.0,1.0
462,0.0,1,232.0,1,463,1,False,0.0,0,2.0,[1 2],[1. 0.],1,0,[0.6 0.6],1.0,0.0,1.0
463,1.0,1,232.0,0,464,0,False,2.0,1,0.0,[1 1],[0. 1.],0,1,[0.6 0.6],1.0,0.0,1.0
464,0.0,1,233.0,1,465,1,False,0.0,0,1.0,[1 1],[0. 1.],0,1,[0.6 0.6],1.0,0.0,1.0
465,0.0,1,233.0,0,466,0,False,1.0,1,0.0,[1 2],[0. 1.],1,1,[0.6 0.6],1.0,0.0,1.0
466,0.0,1,234.0,1,467,1,False,0.0,0,2.0,[1 2],[0. 1.],1,1,[0.6 0.6],1.0,0.0,1.0
467,0.0,1,234.0,0,468,0,False,2.0,1,0.0,[1 1],[0. 1.],1,1,[0.6 0.6],1.0,0.0,1.0
468,0.0,1,235.0,1,469,1,False,0.0,0,2.0,[1 1],[0. 1.],1,1,[0.6 0.6],1.0,0.0,1.0
469,0.0,1,235.0,0,470,0,False,2.0,1,0.0,[1 2],[0. 1.],0,1,[0.6 0.6],1.0,0.0,1.0
470,0.0,1,236.0,2,471,1,False,0.0,0,1.0,[1 2],[0. 1.],0,1,[0.6 0.6],1.0,0.0,1.0
471,1.0,1,236.0,0,472,0,False,1.0,1,0.0,[2 2],[0. 1.],0,1,[0.6 0.6],1.0,0.0,1.0
472,0.0,1,237.0,2,473,1,False,0.0,0,1.0,[2 2],[0. 1.],0,1,[0.6 0.6],1.0,0.0,1.0
473,1.0,1,237.0,0,474,0,False,1.0,1,0.0,[1 2],[0. 1.],0,1,[0.6 0.6],1.0,0.0,1.0
474,0.0,1,238.0,2,475,1,False,0.0,0,1.0,[1 2],[0. 1.],0,1,[0.6 0.6],1.0,0.0,1.0
475,1.0,1,238.0,0,476,0,False,1.0,1,0.0,[2 2],[0. 1.],1,1,[0.6 0.6],1.0,0.0,1.0
476,0.0,1,239.0,2,477,1,False,0.0,0,2.0,[2 2],[0. 1.],1,1,[0.6 0.6],1.0,0.0,1.0
477,1.0,1,239.0,0,478,0,False,2.0,1,0.0,[1 1],[0. 1.],0,1,[0.6 0.6],1.0,0.0,1.0
478,0.0,1,240.0,2,479,1,False,0.0,0,1.0,[1 1],[0. 1.],0,1,[0.6 0.6],1.0,0.0,1.0
479,0.0,1,240.0,0,480,0,False,1.0,1,0.0,[2 1],[0. 1.],0,1,[0.6 0.6],1.0,0.0,1.0
480,0.0,1,241.0,2,481,1,False,0.0,0,1.0,[2 1],[0. 1.],0,1,[0.6 0.6],1.0,0.0,1.0
481,0.0,1,241.0,0,482,0,False,1.0,1,0.0,[1 2],[0. 1.],1,1,[0.6 0.6],1.0,0.0,1.0
482,0.0,1,242.0,2,483,1,False,0.0,0,2.0,[1 2],[0. 1.],1,1,[0.6 0.6],1.0,0.0,1.0
483,1.0,1,242.0,0,484,0,False,2.0,1,0.0,[1 1],[0. 1.],1,1,[0.6 0.6],1.0,0.0,1.0
484,0.0,1,243.0,2,485,1,False,0.0,0,2.0,[1 1],[0. 1.],1,1,[0.6 0.6],1.0,0.0,1.0
485,0.0,1,243.0,0,486,0,False,2.0,1,0.0,[2 1],[0. 1.],1,1,[0.6 0.6],1.0,0.0,1.0
486,0.0,1,244.0,2,487,1,False,0.0,0,2.0,[2 1],[0. 1.],1,1,[0.6 0.6],1.0,0.0,1.0
487,0.0,1,244.0,0,488,0,False,2.0,1,0.0,[1 2],[0. 1.],0,1,[0.6 0.6],1.0,0.0,1.0
488,0.0,1,245.0,1,489,1,False,0.0,0,1.0,[1 2],[0. 1.],0,1,[0.6 0.6],1.0,0.0,1.0
489,0.0,1,245.0,0,490,0,False,1.0,1,0.0,[1 2],[0. 1.],0,1,[0.6 0.6],1.0,0.0,1.0
490,0.0,1,246.0,1,491,1,False,0.0,0,1.0,[1 2],[0. 1.],0,1,[0.6 0.6],1.0,0.0,1.0
491,0.0,1,246.0,0,492,0,False,1.0,1,0.0,[1 2],[0. 1.],1,1,[0.6 0.6],1.0,0.0,1.0
492,0.0,1,247.0,1,493,1,False,0.0,0,2.0,[1 2],[0. 1.],1,1,[0.6 0.6],1.0,0.0,1.0
493,0.0,1,247.0,0,494,0,False,2.0,1,0.0,[1 2],[0. 1.],1,1,[0.6 0.6],1.0,0.0,1.0
494,0.0,1,248.0,2,495,1,False,0.0,0,2.0,[1 2],[0. 1.],1,1,[0.6 0.6],1.0,0.0,1.0
495,1.0,1,248.0,0,496,0,False,2.0,1,0.0,[1 1],[0. 1.],1,1,[0.6 0.6],1.0,0.0,1.0
496,0.0,1,249.0,2,497,1,False,0.0,0,2.0,[1 1],[0. 1.],1,1,[0.6 0.6],1.0,0.0,1.0
497,0.0,1,249.0,0,498,0,False,2.0,1,0.0,[1 2],[0. 1.],0,1,[0.6 0.6],1.0,0.0,1.0
498,0.0,1,250.0,1,499,1,False,0.0,0,1.0,[1 2],[0. 1.],0,1,[0.6 0.6],1.0,0.0,1.0
499,0.0,1,250.0,0,500,0,False,1.0,1,0.0,[2 2],[0. 1.],1,1,[0.6 0.6],1.0,0.0,1.0
500,0.0,1,251.0,1,501,1,False,0.0,0,2.0,[2 2],[0. 1.],1,1,[0.6 0.6],1.0,0.0,1.0
501,1.0,1,251.0,0,502,0,False,2.0,1,0.0,[2 2],[0. 1.],0,1,[0.6 0.6],1.0,0.0,1.0
502,0.0,1,252.0,1,503,1,False,0.0,0,1.0,[2 2],[0. 1.],0,1,[0.6 0.6],1.0,0.0,1.0
503,1.0,1,252.0,0,504,0,False,1.0,1,0.0,[1 1],[0. 1.],0,1,[0.6 0.6],1.0,0.0,1.0
504,0.0,1,253.0,1,505,1,False,0.0,0,1.0,[1 1],[0. 1.],0,1,[0.6 0.6],1.0,0.0,1.0
505,0.0,1,253.0,0,506,0,False,1.0,1,0.0,[2 1],[0. 1.],0,1,[0.6 0.6],1.0,0.0,1.0
506,0.0,1,254.0,1,507,1,False,0.0,0,1.0,[2 1],[0. 1.],0,1,[0.6 0.6],1.0,0.0,1.0
507,1.0,1,254.0,0,508,0,False,1.0,1,0.0,[1 2],[0. 1.],0,1,[0.6 0.6],1.0,0.0,1.0
508,0.0,1,255.0,1,509,1,False,0.0,0,1.0,[1 2],[0. 1.],0,1,[0.6 0.6],1.0,0.0,1.0
509,0.0,1,255.0,0,510,0,False,1.0,1,0.0,[1 1],[0. 1.],1,1,[0.6 0.6],1.0,0.0,1.0
510,0.0,1,256.0,1,511,1,False,0.0,0,2.0,[1 1],[0. 1.],1,1,[0.6 0.6],1.0,0.0,1.0
511,0.0,1,256.0,0,512,0,False,2.0,1,0.0,[2 2],[0. 1.],0,1,[0.6 0.6],1.0,0.0,1.0
512,0.0,1,257.0,1,513,1,False,0.0,0,1.0,[2 2],[0. 1.],0,1,[0.6 0.6],1.0,0.0,1.0
513,1.0,1,257.0,0,514,0,False,1.0,1,0.0,[1 2],[0. 1.],0,1,[0.6 0.6],1.0,0.0,1.0
514,0.0,1,258.0,1,515,1,False,0.0,0,1.0,[1 2],[0. 1.],0,1,[0.6 0.6],1.0,0.0,1.0
515,0.0,1,258.0,0,516,0,False,1.0,1,0.0,[2 1],[0. 1.],1,1,[0.6 0.6],1.0,0.0,1.0
516,0.0,1,259.0,1,517,1,False,0.0,0,2.0,[2 1],[0. 1.],1,1,[0.6 0.6],1.0,0.0,1.0
517,1.0,1,259.0,0,518,0,False,2.0,1,0.0,[2 2],[0. 1.],1,1,[0.6 0.6],1.0,0.0,1.0
518,0.0,1,260.0,1,519,1,False,0.0,0,2.0,[2 2],[0. 1.],1,1,[0.6 0.6],1.0,0.0,1.0
519,1.0,1,260.0,0,520,0,False,2.0,1,0.0,[2 2],[0. 1.],0,1,[0.6 0.6],1.0,0.0,1.0
520,0.0,1,261.0,1,521,1,False,0.0,0,1.0,[2 2],[0. 1.],0,1,[0.6 0.6],1.0,0.0,1.0
521,1.0,1,261.0,0,522,0,False,1.0,1,0.0,[1 1],[0. 1.],0,1,[0.6 0.6],1.0,0.0,1.0
522,0.0,1,262.0,1,523,1,False,0.0,0,1.0,[1 1],[0. 1.],0,1,[0.6 0.6],1.0,0.0,1.0
523,0.0,1,262.0,0,524,0,False,1.0,1,0.0,[1 2],[0. 1.],0,1,[0.6 0.6],1.0,0.0,1.0
524,0.0,1,263.0,1,525,1,False,0.0,0,1.0,[1 2],[0. 1.],0,1,[0.6 0.6],1.0,0.0,1.0
525,0.0,1,263.0,0,526,0,False,1.0,1,0.0,[1 1],[0. 1.],1,1,[0.6 0.6],1.0,0.0,1.0
526,0.0,1,264.0,1,527,1,False,0.0,0,2.0,[1 1],[0. 1.],1,1,[0.6 0.6],1.0,0.0,1.0
527,0.0,1,264.0,0,528,0,False,2.0,1,0.0,[2 2],[0. 1.],1,1,[0.6 0.6],1.0,0.0,1.0
528,0.0,1,265.0,1,529,1,False,0.0,0,2.0,[2 2],[0. 1.],1,1,[0.6 0.6],1.0,0.0,1.0
529,1.0,1,265.0,0,530,0,False,2.0,1,0.0,[1 2],[0. 1.],1,1,[0.6 0.6],1.0,0.0,1.0
530,0.0,1,266.0,1,531,1,False,0.0,0,2.0,[1 2],[0. 1.],1,1,[0.6 0.6],1.0,0.0,1.0
531,0.0,1,266.0,0,532,0,False,2.0,1,0.0,[1 1],[0. 1.],0,1,[0.6 0.6],1.0,0.0,1.0
532,0.0,1,267.0,2,533,1,False,0.0,0,1.0,[1 1],[0. 1.],0,1,[0.6 0.6],1.0,0.0,1.0
533,0.0,1,267.0,0,534,0,False,1.0,1,0.0,[1 1],[0. 1.],1,1,[0.6 0.6],1.0,0.0,1.0
534,0.0,1,268.0,2,535,1,False,0.0,0,2.0,[1 1],[0. 1.],1,1,[0.6 0.6],1.0,0.0,1.0
535,0.0,1,268.0,0,536,0,False,2.0,1,0.0,[2 1],[0. 1.],0,1,[0.6 0.6],1.0,0.0,1.0
536,0.0,1,269.0,1,537,1,False,0.0,0,1.0,[2 1],[0. 1.],0,1,[0.6 0.6],1.0,0.0,1.0
537,1.0,1,269.0,0,538,0,False,1.0,1,0.0,[1 2],[0. 1.],0,1,[0.6 0.6],1.0,0.0,1.0
538,0.0,1,270.0,1,539,1,False,0.0,0,1.0,[1 2],[0. 1.],0,1,[0.6 0.6],1.0,0.0,1.0
539,0.0,1,270.0,0,540,0,False,1.0,1,0.0,[2 2],[0. 1.],1,1,[0.6 0.6],1.0,0.0,1.0
540,0.0,1,271.0,1,541,1,False,0.0,0,2.0,[2 2],[0. 1.],1,1,[0.6 0.6],1.0,0.0,1.0
541,1.0,1,271.0,0,542,0,False,2.0,1,0.0,[2 2],[0. 1.],0,1,[0.6 0.6],1.0,0.0,1.0
542,0.0,1,272.0,1,543,1,False,0.0,0,1.0,[2 2],[0. 1.],0,1,[0.6 0.6],1.0,0.0,1.0
543,1.0,1,272.0,0,544,0,False,1.0,1,0.0,[2 2],[0. 1.],1,1,[0.6 0.6],1.0,0.0,1.0
544,0.0,1,273.0,1,545,1,False,0.0,0,2.0,[2 2],[0. 1.],1,1,[0.6 0.6],1.0,0.0,1.0
545,1.0,1,273.0,0,546,0,False,2.0,1,0.0,[2 1],[0. 1.],1,1,[0.6 0.6],1.0,0.0,1.0
546,0.0,1,274.0,1,547,1,False,0.0,0,2.0,[2 1],[0. 1.],1,1,[0.6 0.6],1.0,0.0,1.0
547,1.0,1,274.0,0,548,0,False,2.0,1,0.0,[2 1],[0. 1.],1,1,[0.6 0.6],1.0,0.0,1.0
548,0.0,1,275.0,1,549,1,False,0.0,0,2.0,[2 1],[0. 1.],1,1,[0.6 0.6],1.0,0.0,1.0
549,1.0,1,275.0,0,550,0,False,2.0,1,0.0,[2 1],[1. 0.],0,0,[0.6 0.6],1.0,0.0,1.0
550,0.0,1,276.0,1,551,1,False,0.0,0,1.0,[2 1],[1. 0.],0,0,[0.6 0.6],1.0,0.0,1.0
551,0.0,1,276.0,0,552,0,False,1.0,1,0.0,[2 2],[1. 0.],0,0,[0.6 0.6],1.0,0.0,1.0
552,0.0,1,277.0,1,553,1,False,0.0,0,1.0,[2 2],[1. 0.],0,0,[0.6 0.6],1.0,0.0,1.0
553,0.0,1,277.0,0,554,0,False,1.0,1,0.0,[2 1],[1. 0.],1,0,[0.6 0.6],1.0,0.0,1.0
554,0.0,1,278.0,1,555,1,False,0.0,0,2.0,[2 1],[1. 0.],1,0,[0.6 0.6],1.0,0.0,1.0
555,0.0,1,278.0,0,556,0,False,2.0,1,0.0,[1 2],[1. 0.],1,0,[0.6 0.6],1.0,0.0,1.0
556,0.0,1,279.0,1,557,1,False,0.0,0,2.0,[1 2],[1. 0.],1,0,[0.6 0.6],1.0,0.0,1.0
557,1.0,1,279.0,0,558,0,False,2.0,1,0.0,[2 2],[1. 0.],1,0,[0.6 0.6],1.0,0.0,1.0
558,0.0,1,280.0,1,559,1,False,0.0,0,2.0,[2 2],[1. 0.],1,0,[0.6 0.6],1.0,0.0,1.0
559,0.0,1,280.0,0,560,0,False,2.0,1,0.0,[1 2],[1. 0.],1,0,[0.6 0.6],1.0,0.0,1.0
560,0.0,1,281.0,1,561,1,False,0.0,0,2.0,[1 2],[1. 0.],1,0,[0.6 0.6],1.0,0.0,1.0
561,1.0,1,281.0,0,562,0,False,2.0,1,0.0,[2 1],[1. 0.],0,0,[0.6 0.6],1.0,0.0,1.0
562,0.0,1,282.0,1,563,1,False,0.0,0,1.0,[2 1],[1. 0.],0,0,[0.6 0.6],1.0,0.0,1.0
563,0.0,1,282.0,0,564,0,False,1.0,1,0.0,[2 2],[1. 0.],0,0,[0.6 0.6],1.0,0.0,1.0
564,0.0,1,283.0,1,565,1,False,0.0,0,1.0,[2 2],[1. 0.],0,0,[0.6 0.6],1.0,0.0,1.0
565,0.0,1,283.0,0,566,0,False,1.0,1,0.0,[2 1],[1. 0.],0,0,[0.6 0.6],1.0,0.0,1.0
566,0.0,1,284.0,2,567,1,False,0.0,0,1.0,[2 1],[1. 0.],0,0,[0.6 0.6],1.0,0.0,1.0
567,1.0,1,284.0,0,568,0,False,1.0,1,0.0,[2 2],[1. 0.],1,0,[0.6 0.6],1.0,0.0,1.0
568,0.0,1,285.0,2,569,1,False,0.0,0,2.0,[2 2],[1. 0.],1,0,[0.6 0.6],1.0,0.0,1.0
569,0.0,1,285.0,0,570,0,False,2.0,1,0.0,[1 2],[1. 0.],1,0,[0.6 0.6],1.0,0.0,1.0
570,0.0,1,286.0,2,571,1,False,0.0,0,2.0,[1 2],[1. 0.],1,0,[0.6 0.6],1.0,0.0,1.0
571,0.0,1,286.0,0,572,0,False,2.0,1,0.0,[1 1],[1. 0.],1,0,[0.6 0.6],1.0,0.0,1.0
572,0.0,1,287.0,1,573,1,False,0.0,0,2.0,[1 1],[1. 0.],1,0,[0.6 0.6],1.0,0.0,1.0
573,1.0,1,287.0,0,574,0,False,2.0,1,0.0,[1 2],[1. 0.],0,0,[0.6 0.6],1.0,0.0,1.0
574,0.0,1,288.0,1,575,1,False,0.0,0,1.0,[1 2],[1. 0.],0,0,[0.6 0.6],1.0,0.0,1.0
575,1.0,1,288.0,0,576,0,False,1.0,1,0.0,[2 2],[1. 0.],1,0,[0.6 0.6],1.0,0.0,1.0
576,0.0,1,289.0,1,577,1,False,0.0,0,2.0,[2 2],[1. 0.],1,0,[0.6 0.6],1.0,0.0,1.0
577,0.0,1,289.0,0,578,0,False,2.0,1,0.0,[1 1],[1. 0.],0,0,[0.6 0.6],1.0,0.0,1.0
578,0.0,1,290.0,1,579,1,False,0.0,0,1.0,[1 1],[1. 0.],0,0,[0.6 0.6],1.0,0.0,1.0
579,1.0,1,290.0,0,580,0,False,1.0,1,0.0,[2 1],[1. 0.],0,0,[0.6 0.6],1.0,0.0,1.0
580,0.0,1,291.0,1,581,1,False,0.0,0,1.0,[2 1],[1. 0.],0,0,[0.6 0.6],1.0,0.0,1.0
581,0.0,1,291.0,0,582,0,False,1.0,1,0.0,[1 2],[1. 0.],1,0,[0.6 0.6],1.0,0.0,1.0
582,0.0,1,292.0,1,583,1,False,0.0,0,2.0,[1 2],[1. 0.],1,0,[0.6 0.6],1.0,0.0,1.0
583,1.0,1,292.0,0,584,0,False,2.0,1,0.0,[1 2],[1. 0.],1,0,[0.6 0.6],1.0,0.0,1.0
584,0.0,1,293.0,1,585,1,False,0.0,0,2.0,[1 2],[1. 0.],1,0,[0.6 0.6],1.0,0.0,1.0
585,1.0,1,293.0,0,586,0,False,2.0,1,0.0,[2 1],[1. 0.],0,0,[0.6 0.6],1.0,0.0,1.0
586,0.0,1,294.0,1,587,1,False,0.0,0,1.0,[2 1],[1. 0.],0,0,[0.6 0.6],1.0,0.0,1.0
587,0.0,1,294.0,0,588,0,False,1.0,1,0.0,[1 2],[1. 0.],0,0,[0.6 0.6],1.0,0.0,1.0
588,0.0,1,295.0,1,589,1,False,0.0,0,1.0,[1 2],[1. 0.],0,0,[0.6 0.6],1.0,0.0,1.0
589,1.0,1,295.0,0,590,0,False,1.0,1,0.0,[2 1],[1. 0.],0,0,[0.6 0.6],1.0,0.0,1.0
590,0.0,1,296.0,1,591,1,False,0.0,0,1.0,[2 1],[1. 0.],0,0,[0.6 0.6],1.0,0.0,1.0
591,0.0,1,296.0,0,592,0,False,1.0,1,0.0,[2 1],[1. 0.],0,0,[0.6 0.6],1.0,0.0,1.0
592,0.0,1,297.0,1,593,1,False,0.0,0,1.0,[2 1],[1. 0.],0,0,[0.6 0.6],1.0,0.0,1.0
593,0.0,1,297.0,0,594,0,False,1.0,1,0.0,[2 1],[1. 0.],1,0,[0.6 0.6],1.0,0.0,1.0
594,0.0,1,298.0,1,595,1,False,0.0,0,2.0,[2 1],[1. 0.],1,0,[0.6 0.6],1.0,0.0,1.0
595,0.0,1,298.0,0,596,0,False,2.0,1,0.0,[2 1],[1. 0.],1,0,[0.6 0.6],1.0,0.0,1.0
596,0.0,1,299.0,2,597,1,False,0.0,0,2.0,[2 1],[1. 0.],1,0,[0.6 0.6],1.0,0.0,1.0
597,1.0,1,299.0,0,598,0,False,2.0,1,0.0,[1 2],[1. 0.],0,0,[0.6 0.6],1.0,0.0,1.0
598,0.0,1,300.0,2,599,1,False,0.0,0,1.0,[1 2],[1. 0.],0,0,[0.6 0.6],1.0,0.0,1.0
599,0.0,1,300.0,0,600,0,False,1.0,1,0.0,[1 2],[1. 0.],0,0,[0.6 0.6],1.0,0.0,1.0
600,0.0,1,301.0,2,601,1,False,0.0,0,1.0,[1 2],[1. 0.],0,0,[0.6 0.6],1.0,0.0,1.0
601,0.0,1,301.0,0,602,0,False,1.0,1,0.0,[1 2],[1. 0.],1,0,[0.6 0.6],1.0,0.0,1.0
602,0.0,1,302.0,1,603,1,False,0.0,0,2.0,[1 2],[1. 0.],1,0,[0.6 0.6],1.0,0.0,1.0
603,1.0,1,302.0,0,604,0,False,2.0,1,0.0,[1 2],[1. 0.],0,0,[0.6 0.6],1.0,0.0,1.0
604,0.0,1,303.0,1,605,1,False,0.0,0,1.0,[1 2],[1. 0.],0,0,[0.6 0.6],1.0,0.0,1.0
605,1.0,1,303.0,0,606,0,False,1.0,1,0.0,[2 2],[1. 0.],1,0,[0.6 0.6],1.0,0.0,1.0
606,0.0,1,304.0,1,607,1,False,0.0,0,2.0,[2 2],[1. 0.],1,0,[0.6 0.6],1.0,0.0,1.0
607,0.0,1,304.0,0,608,0,False,2.0,1,0.0,[1 1],[1. 0.],1,0,[0.6 0.6],1.0,0.0,1.0
608,0.0,1,305.0,1,609,1,False,0.0,0,2.0,[1 1],[1. 0.],1,0,[0.6 0.6],1.0,0.0,1.0
609,1.0,1,305.0,0,610,0,False,2.0,1,0.0,[1 1],[0. 1.],0,1,[0.6 0.6],1.0,0.0,1.0
610,0.0,1,306.0,1,611,1,False,0.0,0,1.0,[1 1],[0. 1.],0,1,[0.6 0.6],1.0,0.0,1.0
611,0.0,1,306.0,0,612,0,False,1.0,1,0.0,[1 2],[0. 1.],0,1,[0.6 0.6],1.0,0.0,1.0
612,0.0,1,307.0,1,613,1,False,0.0,0,1.0,[1 2],[0. 1.],0,1,[0.6 0.6],1.0,0.0,1.0
613,0.0,1,307.0,0,614,0,False,1.0,1,0.0,[1 2],[0. 1.],1,1,[0.6 0.6],1.0,0.0,1.0
614,0.0,1,308.0,1,615,1,False,0.0,0,2.0,[1 2],[0. 1.],1,1,[0.6 0.6],1.0,0.0,1.0
615,0.0,1,308.0,0,616,0,False,2.0,1,0.0,[2 2],[0. 1.],1,1,[0.6 0.6],1.0,0.0,1.0
616,0.0,1,309.0,2,617,1,False,0.0,0,2.0,[2 2],[0. 1.],1,1,[0.6 0.6],1.0,0.0,1.0
617,1.0,1,309.0,0,618,0,False,2.0,1,0.0,[2 1],[0. 1.],0,1,[0.6 0.6],1.0,0.0,1.0
618,0.0,1,310.0,2,619,1,False,0.0,0,1.0,[2 1],[0. 1.],0,1,[0.6 0.6],1.0,0.0,1.0
619,0.0,1,310.0,0,620,0,False,1.0,1,0.0,[1 2],[0. 1.],1,1,[0.6 0.6],1.0,0.0,1.0
620,0.0,1,311.0,2,621,1,False,0.0,0,2.0,[1 2],[0. 1.],1,1,[0.6 0.6],1.0,0.0,1.0
621,1.0,1,311.0,0,622,0,False,2.0,1,0.0,[2 1],[0. 1.],0,1,[0.6 0.6],1.0,0.0,1.0
622,0.0,1,312.0,2,623,1,False,0.0,0,1.0,[2 1],[0. 1.],0,1,[0.6 0.6],1.0,0.0,1.0
623,0.0,1,312.0,0,624,0,False,1.0,1,0.0,[2 1],[0. 1.],1,1,[0.6 0.6],1.0,0.0,1.0
624,0.0,1,313.0,2,625,1,False,0.0,0,2.0,[2 1],[0. 1.],1,1,[0.6 0.6],1.0,0.0,1.0
625,0.0,1,313.0,0,626,0,False,2.0,1,0.0,[1 2],[0. 1.],1,1,[0.6 0.6],1.0,0.0,1.0
626,0.0,1,314.0,1,627,1,False,0.0,0,2.0,[1 2],[0. 1.],1,1,[0.6 0.6],1.0,0.0,1.0
627,0.0,1,314.0,0,628,0,False,2.0,1,0.0,[2 2],[0. 1.],1,1,[0.6 0.6],1.0,0.0,1.0
628,0.0,1,315.0,2,629,1,False,0.0,0,2.0,[2 2],[0. 1.],1,1,[0.6 0.6],1.0,0.0,1.0
629,1.0,1,315.0,0,630,0,False,2.0,1,0.0,[1 1],[0. 1.],0,1,[0.6 0.6],1.0,0.0,1.0
630,0.0,1,316.0,2,631,1,False,0.0,0,1.0,[1 1],[0. 1.],0,1,[0.6 0.6],1.0,0.0,1.0
631,0.0,1,316.0,0,632,0,False,1.0,1,0.0,[2 1],[0. 1.],1,1,[0.6 0.6],1.0,0.0,1.0
632,0.0,1,317.0,2,633,1,False,0.0,0,2.0,[2 1],[0. 1.],1,1,[0.6 0.6],1.0,0.0,1.0
633,0.0,1,317.0,0,634,0,False,2.0,1,0.0,[2 1],[0. 1.],0,1,[0.6 0.6],1.0,0.0,1.0
634,0.0,1,318.0,1,635,1,False,0.0,0,1.0,[2 1],[0. 1.],0,1,[0.6 0.6],1.0,0.0,1.0
635,1.0,1,318.0,0,636,0,False,1.0,1,0.0,[2 1],[0. 1.],0,1,[0.6 0.6],1.0,0.0,1.0
636,0.0,1,319.0,1,637,1,False,0.0,0,1.0,[2 1],[0. 1.],0,1,[0.6 0.6],1.0,0.0,1.0
637,1.0,1,319.0,0,638,0,False,1.0,1,0.0,[1 2],[0. 1.],0,1,[0.6 0.6],1.0,0.0,1.0
638,0.0,1,320.0,1,639,1,False,0.0,0,1.0,[1 2],[0. 1.],0,1,[0.6 0.6],1.0,0.0,1.0
639,0.0,1,320.0,0,640,0,False,1.0,1,0.0,[1 2],[0. 1.],0,1,[0.6 0.6],1.0,0.0,1.0
640,0.0,1,321.0,1,641,1,False,0.0,0,1.0,[1 2],[0. 1.],0,1,[0.6 0.6],1.0,0.0,1.0
641,0.0,1,321.0,0,642,0,False,1.0,1,0.0,[1 2],[0. 1.],0,1,[0.6 0.6],1.0,0.0,1.0
642,0.0,1,322.0,1,643,1,False,0.0,0,1.0,[1 2],[0. 1.],0,1,[0.6 0.6],1.0,0.0,1.0
643,0.0,1,322.0,0,644,0,False,1.0,1,0.0,[1 2],[0. 1.],1,1,[0.6 0.6],1.0,0.0,1.0
644,0.0,1,323.0,2,645,1,False,0.0,0,2.0,[1 2],[0. 1.],1,1,[0.6 0.6],1.0,0.0,1.0
645,1.0,1,323.0,0,646,0,False,2.0,1,0.0,[2 1],[0. 1.],0,1,[0.6 0.6],1.0,0.0,1.0
646,0.0,1,324.0,2,647,1,False,0.0,0,1.0,[2 1],[0. 1.],0,1,[0.6 0.6],1.0,0.0,1.0
647,0.0,1,324.0,0,648,0,False,1.0,1,0.0,[1 1],[0. 1.],1,1,[0.6 0.6],1.0,0.0,1.0
648,0.0,1,325.0,2,649,1,False,0.0,0,2.0,[1 1],[0. 1.],1,1,[0.6 0.6],1.0,0.0,1.0
649,0.0,1,325.0,0,650,0,False,2.0,1,0.0,[1 1],[0. 1.],0,1,[0.6 0.6],1.0,0.0,1.0
650,0.0,1,326.0,1,651,1,False,0.0,0,1.0,[1 1],[0. 1.],0,1,[0.6 0.6],1.0,0.0,1.0
651,0.0,1,326.0,0,652,0,False,1.0,1,0.0,[1 1],[0. 1.],1,1,[0.6 0.6],1.0,0.0,1.0
652,0.0,1,327.0,2,653,1,False,0.0,0,2.0,[1 1],[0. 1.],1,1,[0.6 0.6],1.0,0.0,1.0
653,0.0,1,327.0,0,654,0,False,2.0,1,0.0,[1 2],[0. 1.],1,1,[0.6 0.6],1.0,0.0,1.0
654,0.0,1,328.0,2,655,1,False,0.0,0,2.0,[1 2],[0. 1.],1,1,[0.6 0.6],1.0,0.0,1.0
655,1.0,1,328.0,0,656,0,False,2.0,1,0.0,[1 2],[0. 1.],1,1,[0.6 0.6],1.0,0.0,1.0
656,0.0,1,329.0,2,657,1,False,0.0,0,2.0,[1 2],[0. 1.],1,1,[0.6 0.6],1.0,0.0,1.0
657,1.0,1,329.0,0,658,0,False,2.0,1,0.0,[1 2],[0. 1.],1,1,[0.6 0.6],1.0,0.0,1.0
658,0.0,1,330.0,2,659,1,False,0.0,0,2.0,[1 2],[0. 1.],1,1,[0.6 0.6],1.0,0.0,1.0
659,1.0,1,330.0,0,660,0,False,2.0,1,0.0,[1 2],[0. 1.],0,1,[0.6 0.6],1.0,0.0,1.0
660,0.0,1,331.0,2,661,1,False,0.0,0,1.0,[1 2],[0. 1.],0,1,[0.6 0.6],1.0,0.0,1.0
661,1.0,1,331.0,0,662,0,False,1.0,1,0.0,[1 2],[0. 1.],1,1,[0.6 0.6],1.0,0.0,1.0
662,0.0,1,332.0,2,663,1,False,0.0,0,2.0,[1 2],[0. 1.],1,1,[0.6 0.6],1.0,0.0,1.0
663,1.0,1,332.0,0,664,0,False,2.0,1,0.0,[2 2],[0. 1.],1,1,[0.6 0.6],1.0,0.0,1.0
664,0.0,1,333.0,2,665,1,False,0.0,0,2.0,[2 2],[0. 1.],1,1,[0.6 0.6],1.0,0.0,1.0
665,1.0,1,333.0,0,666,0,False,2.0,1,0.0,[1 2],[0. 1.],0,1,[0.6 0.6],1.0,0.0,1.0
666,0.0,1,334.0,2,667,1,False,0.0,0,1.0,[1 2],[0. 1.],0,1,[0.6 0.6],1.0,0.0,1.0
667,1.0,1,334.0,0,668,0,False,1.0,1,0.0,[2 2],[0. 1.],1,1,[0.6 0.6],1.0,0.0,1.0
668,0.0,1,335.0,2,669,1,False,0.0,0,2.0,[2 2],[0. 1.],1,1,[0.6 0.6],1.0,0.0,1.0
669,1.0,1,335.0,0,670,0,False,2.0,1,0.0,[2 2],[0. 1.],1,1,[0.6 0.6],1.0,0.0,1.0
670,0.0,1,336.0,2,671,1,False,0.0,0,2.0,[2 2],[0. 1.],1,1,[0.6 0.6],1.0,0.0,1.0
671,1.0,1,336.0,0,672,0,False,2.0,1,0.0,[1 1],[0. 1.],0,1,[0.6 0.6],1.0,0.0,1.0
672,0.0,1,337.0,2,673,1,False,0.0,0,1.0,[1 1],[0. 1.],0,1,[0.6 0.6],1.0,0.0,1.0
673,0.0,1,337.0,0,674,0,False,1.0,1,0.0,[1 1],[0. 1.],1,1,[0.6 0.6],1.0,0.0,1.0
674,0.0,1,338.0,2,675,1,False,0.0,0,2.0,[1 1],[0. 1.],1,1,[0.6 0.6],1.0,0.0,1.0
675,0.0,1,338.0,0,676,0,False,2.0,1,0.0,[2 1],[0. 1.],0,1,[0.6 0.6],1.0,0.0,1.0
676,0.0,1,339.0,2,677,1,False,0.0,0,1.0,[2 1],[0. 1.],0,1,[0.6 0.6],1.0,0.0,1.0
677,0.0,1,339.0,0,678,0,False,1.0,1,0.0,[1 2],[0. 1.],1,1,[0.6 0.6],1.0,0.0,1.0
678,0.0,1,340.0,2,679,1,False,0.0,0,2.0,[1 2],[0. 1.],1,1,[0.6 0.6],1.0,0.0,1.0
679,1.0,1,340.0,0,680,0,False,2.0,1,0.0,[2 1],[0. 1.],0,1,[0.6 0.6],1.0,0.0,1.0
680,0.0,1,341.0,2,681,1,False,0.0,0,1.0,[2 1],[0. 1.],0,1,[0.6 0.6],1.0,0.0,1.0
681,0.0,1,341.0,0,682,0,False,1.0,1,0.0,[2 2],[0. 1.],0,1,[0.6 0.6],1.0,0.0,1.0
682,0.0,1,342.0,2,683,1,False,0.0,0,1.0,[2 2],[0. 1.],0,1,[0.6 0.6],1.0,0.0,1.0
683,1.0,1,342.0,0,684,0,False,1.0,1,0.0,[1 2],[0. 1.],0,1,[0.6 0.6],1.0,0.0,1.0
684,0.0,1,343.0,2,685,1,False,0.0,0,1.0,[1 2],[0. 1.],0,1,[0.6 0.6],1.0,0.0,1.0
685,1.0,1,343.0,0,686,0,False,1.0,1,0.0,[2 1],[0. 1.],1,1,[0.6 0.6],1.0,0.0,1.0
686,0.0,1,344.0,2,687,1,False,0.0,0,2.0,[2 1],[0. 1.],1,1,[0.6 0.6],1.0,0.0,1.0
687,0.0,1,344.0,0,688,0,False,2.0,1,0.0,[1 1],[0. 1.],1,1,[0.6 0.6],1.0,0.0,1.0
688,0.0,1,345.0,2,689,1,False,0.0,0,2.0,[1 1],[0. 1.],1,1,[0.6 0.6],1.0,0.0,1.0
689,0.0,1,345.0,0,690,0,False,2.0,1,0.0,[1 1],[0. 1.],0,1,[0.6 0.6],1.0,0.0,1.0
690,0.0,1,346.0,2,691,1,False,0.0,0,1.0,[1 1],[0. 1.],0,1,[0.6 0.6],1.0,0.0,1.0
691,0.0,1,346.0,0,692,0,False,1.0,1,0.0,[1 2],[0. 1.],1,1,[0.6 0.6],1.0,0.0,1.0
692,0.0,1,347.0,1,693,1,False,0.0,0,2.0,[1 2],[0. 1.],1,1,[0.6 0.6],1.0,0.0,1.0
693,0.0,1,347.0,0,694,0,False,2.0,1,0.0,[2 2],[0. 1.],1,1,[0.6 0.6],1.0,0.0,1.0
694,0.0,1,348.0,2,695,1,False,0.0,0,2.0,[2 2],[0. 1.],1,1,[0.6 0.6],1.0,0.0,1.0
695,1.0,1,348.0,0,696,0,False,2.0,1,0.0,[2 1],[0. 1.],0,1,[0.6 0.6],1.0,0.0,1.0
696,0.0,1,349.0,2,697,1,False,0.0,0,1.0,[2 1],[0. 1.],0,1,[0.6 0.6],1.0,0.0,1.0
697,0.0,1,349.0,0,698,0,False,1.0,1,0.0,[1 2],[0. 1.],1,1,[0.6 0.6],1.0,0.0,1.0
698,0.0,1,350.0,2,699,1,False,0.0,0,2.0,[1 2],[0. 1.],1,1,[0.6 0.6],1.0,0.0,1.0
699,1.0,1,350.0,0,700,0,False,2.0,1,0.0,[1 2],[0. 1.],0,1,[0.6 0.6],1.0,0.0,1.0
700,0.0,1,351.0,2,701,1,False,0.0,0,1.0,[1 2],[0. 1.],0,1,[0.6 0.6],1.0,0.0,1.0
701,1.0,1,351.0,0,702,0,False,1.0,1,0.0,[1 1],[0. 1.],0,1,[0.6 0.6],1.0,0.0,1.0
702,0.0,1,352.0,2,703,1,False,0.0,0,1.0,[1 1],[0. 1.],0,1,[0.6 0.6],1.0,0.0,1.0
703,0.0,1,352.0,0,704,0,False,1.0,1,0.0,[1 1],[0. 1.],1,1,[0.6 0.6],1.0,0.0,1.0
704,0.0,1,353.0,2,705,1,False,0.0,0,2.0,[1 1],[0. 1.],1,1,[0.6 0.6],1.0,0.0,1.0
705,0.0,1,353.0,0,706,0,False,2.0,1,0.0,[2 2],[0. 1.],0,1,[0.6 0.6],1.0,0.0,1.0
706,0.0,1,354.0,2,707,1,False,0.0,0,1.0,[2 2],[0. 1.],0,1,[0.6 0.6],1.0,0.0,1.0
707,1.0,1,354.0,0,708,0,False,1.0,1,0.0,[1 1],[0. 1.],1,1,[0.6 0.6],1.0,0.0,1.0
708,0.0,1,355.0,2,709,1,False,0.0,0,2.0,[1 1],[0. 1.],1,1,[0.6 0.6],1.0,0.0,1.0
709,0.0,1,355.0,0,710,0,False,2.0,1,0.0,[1 2],[0. 1.],1,1,[0.6 0.6],1.0,0.0,1.0
710,0.0,1,356.0,2,711,1,False,0.0,0,2.0,[1 2],[0. 1.],1,1,[0.6 0.6],1.0,0.0,1.0
711,1.0,1,356.0,0,712,0,False,2.0,1,0.0,[1 1],[0. 1.],0,1,[0.6 0.6],1.0,0.0,1.0
712,0.0,1,357.0,2,713,1,False,0.0,0,1.0,[1 1],[0. 1.],0,1,[0.6 0.6],1.0,0.0,1.0
713,0.0,1,357.0,0,714,0,False,1.0,1,0.0,[1 1],[0. 1.],0,1,[0.6 0.6],1.0,0.0,1.0
714,0.0,1,358.0,2,715,1,False,0.0,0,1.0,[1 1],[0. 1.],0,1,[0.6 0.6],1.0,0.0,1.0
715,0.0,1,358.0,0,716,0,False,1.0,1,0.0,[2 2],[0. 1.],1,1,[0.6 0.6],1.0,0.0,1.0
716,0.0,1,359.0,1,717,1,False,0.0,0,2.0,[2 2],[0. 1.],1,1,[0.6 0.6],1.0,0.0,1.0
717,1.0,1,359.0,0,718,0,False,2.0,1,0.0,[2 1],[0. 1.],1,1,[0.6 0.6],1.0,0.0,1.0
718,0.0,1,360.0,1,719,1,False,0.0,0,2.0,[2 1],[0. 1.],1,1,[0.6 0.6],1.0,0.0,1.0
719,1.0,1,360.0,0,720,0,False,2.0,1,0.0,[2 2],[0. 1.],1,1,[0.6 0.6],1.0,0.0,1.0
720,0.0,1,361.0,1,721,1,False,0.0,0,2.0,[2 2],[0. 1.],1,1,[0.6 0.6],1.0,0.0,1.0
721,1.0,1,361.0,0,722,0,False,2.0,1,0.0,[1 1],[1. 0.],1,0,[0.6 0.6],1.0,0.0,1.0
722,0.0,1,362.0,1,723,1,False,0.0,0,2.0,[1 1],[1. 0.],1,0,[0.6 0.6],1.0,0.0,1.0
723,1.0,1,362.0,0,724,0,False,2.0,1,0.0,[1 1],[1. 0.],1,0,[0.6 0.6],1.0,0.0,1.0
724,0.0,1,363.0,1,725,1,False,0.0,0,2.0,[1 1],[1. 0.],1,0,[0.6 0.6],1.0,0.0,1.0
725,1.0,1,363.0,0,726,0,False,2.0,1,0.0,[1 2],[1. 0.],0,0,[0.6 0.6],1.0,0.0,1.0
726,0.0,1,364.0,1,727,1,False,0.0,0,1.0,[1 2],[1. 0.],0,0,[0.6 0.6],1.0,0.0,1.0
727,1.0,1,364.0,0,728,0,False,1.0,1,0.0,[2 1],[1. 0.],0,0,[0.6 0.6],1.0,0.0,1.0
728,0.0,1,365.0,1,729,1,False,0.0,0,1.0,[2 1],[1. 0.],0,0,[0.6 0.6],1.0,0.0,1.0
729,0.0,1,365.0,0,730,0,False,1.0,1,0.0,[1 1],[0. 1.],1,1,[0.6 0.6],1.0,0.0,1.0
730,0.0,1,366.0,1,731,1,False,0.0,0,2.0,[1 1],[0. 1.],1,1,[0.6 0.6],1.0,0.0,1.0
731,0.0,1,366.0,0,732,0,False,2.0,1,0.0,[2 1],[0. 1.],0,1,[0.6 0.6],1.0,0.0,1.0
732,0.0,1,367.0,1,733,1,False,0.0,0,1.0,[2 1],[0. 1.],0,1,[0.6 0.6],1.0,0.0,1.0
733,1.0,1,367.0,0,734,0,False,1.0,1,0.0,[1 2],[0. 1.],0,1,[0.6 0.6],1.0,0.0,1.0
734,0.0,1,368.0,1,735,1,False,0.0,0,1.0,[1 2],[0. 1.],0,1,[0.6 0.6],1.0,0.0,1.0
735,0.0,1,368.0,0,736,0,False,1.0,1,0.0,[2 2],[0. 1.],0,1,[0.6 0.6],1.0,0.0,1.0
736,0.0,1,369.0,1,737,1,False,0.0,0,1.0,[2 2],[0. 1.],0,1,[0.6 0.6],1.0,0.0,1.0
737,1.0,1,369.0,0,738,0,False,1.0,1,0.0,[1 1],[0. 1.],0,1,[0.6 0.6],1.0,0.0,1.0
738,0.0,1,370.0,1,739,1,False,0.0,0,1.0,[1 1],[0. 1.],0,1,[0.6 0.6],1.0,0.0,1.0
739,0.0,1,370.0,0,740,0,False,1.0,1,0.0,[1 2],[0. 1.],1,1,[0.6 0.6],1.0,0.0,1.0
740,0.0,1,371.0,2,741,1,False,0.0,0,2.0,[1 2],[0. 1.],1,1,[0.6 0.6],1.0,0.0,1.0
741,1.0,1,371.0,0,742,0,False,2.0,1,0.0,[1 2],[0. 1.],1,1,[0.6 0.6],1.0,0.0,1.0
742,0.0,1,372.0,2,743,1,False,0.0,0,2.0,[1 2],[0. 1.],1,1,[0.6 0.6],1.0,0.0,1.0
743,1.0,1,372.0,0,744,0,False,2.0,1,0.0,[2 1],[0. 1.],0,1,[0.6 0.6],1.0,0.0,1.0
744,0.0,1,373.0,2,745,1,False,0.0,0,1.0,[2 1],[0. 1.],0,1,[0.6 0.6],1.0,0.0,1.0
745,0.0,1,373.0,0,746,0,False,1.0,1,0.0,[1 1],[0. 1.],1,1,[0.6 0.6],1.0,0.0,1.0
746,0.0,1,374.0,2,747,1,False,0.0,0,2.0,[1 1],[0. 1.],1,1,[0.6 0.6],1.0,0.0,1.0
747,0.0,1,374.0,0,748,0,False,2.0,1,0.0,[1 1],[0. 1.],0,1,[0.6 0.6],1.0,0.0,1.0
748,0.0,1,375.0,2,749,1,False,0.0,0,1.0,[1 1],[0. 1.],0,1,[0.6 0.6],1.0,0.0,1.0
749,0.0,1,375.0,0,750,0,False,1.0,1,0.0,[2 1],[0. 1.],0,1,[0.6 0.6],1.0,0.0,1.0
750,0.0,1,376.0,1,751,1,False,0.0,0,1.0,[2 1],[0. 1.],0,1,[0.6 0.6],1.0,0.0,1.0
751,1.0,1,376.0,0,752,0,False,1.0,1,0.0,[2 1],[0. 1.],0,1,[0.6 0.6],1.0,0.0,1.0
752,0.0,1,377.0,1,753,1,False,0.0,0,1.0,[2 1],[0. 1.],0,1,[0.6 0.6],1.0,0.0,1.0
753,1.0,1,377.0,0,754,0,False,1.0,1,0.0,[2 2],[0. 1.],1,1,[0.6 0.6],1.0,0.0,1.0
754,0.0,1,378.0,1,755,1,False,0.0,0,2.0,[2 2],[0. 1.],1,1,[0.6 0.6],1.0,0.0,1.0
755,1.0,1,378.0,0,756,0,False,2.0,1,0.0,[2 2],[0. 1.],0,1,[0.6 0.6],1.0,0.0,1.0
756,0.0,1,379.0,1,757,1,False,0.0,0,1.0,[2 2],[0. 1.],0,1,[0.6 0.6],1.0,0.0,1.0
757,1.0,1,379.0,0,758,0,False,1.0,1,0.0,[2 1],[0. 1.],1,1,[0.6 0.6],1.0,0.0,1.0
758,0.0,1,380.0,1,759,1,False,0.0,0,2.0,[2 1],[0. 1.],1,1,[0.6 0.6],1.0,0.0,1.0
759,1.0,1,380.0,0,760,0,False,2.0,1,0.0,[2 1],[0. 1.],1,1,[0.6 0.6],1.0,0.0,1.0
760,0.0,1,381.0,1,761,1,False,0.0,0,2.0,[2 1],[0. 1.],1,1,[0.6 0.6],1.0,0.0,1.0
761,1.0,1,381.0,0,762,0,False,2.0,1,0.0,[2 1],[0. 1.],0,1,[0.6 0.6],1.0,0.0,1.0
762,0.0,1,382.0,1,763,1,False,0.0,0,1.0,[2 1],[0. 1.],0,1,[0.6 0.6],1.0,0.0,1.0
763,1.0,1,382.0,0,764,0,False,1.0,1,0.0,[1 1],[0. 1.],0,1,[0.6 0.6],1.0,0.0,1.0
764,0.0,1,383.0,1,765,1,False,0.0,0,1.0,[1 1],[0. 1.],0,1,[0.6 0.6],1.0,0.0,1.0
765,0.0,1,383.0,0,766,0,False,1.0,1,0.0,[1 1],[0. 1.],0,1,[0.6 0.6],1.0,0.0,1.0
766,0.0,1,384.0,1,767,1,False,0.0,0,1.0,[1 1],[0. 1.],0,1,[0.6 0.6],1.0,0.0,1.0
767,0.0,1,384.0,0,768,0,False,1.0,1,0.0,[2 1],[0. 1.],1,1,[0.6 0.6],1.0,0.0,1.0
768,0.0,1,385.0,1,769,1,False,0.0,0,2.0,[2 1],[0. 1.],1,1,[0.6 0.6],1.0,0.0,1.0
769,1.0,1,385.0,0,770,0,False,2.0,1,0.0,[2 1],[0. 1.],1,1,[0.6 0.6],1.0,0.0,1.0
770,0.0,1,386.0,1,771,1,False,0.0,0,2.0,[2 1],[0. 1.],1,1,[0.6 0.6],1.0,0.0,1.0
771,1.0,1,386.0,0,772,0,False,2.0,1,0.0,[2 1],[0. 1.],1,1,[0.6 0.6],1.0,0.0,1.0
772,0.0,1,387.0,1,773,1,False,0.0,0,2.0,[2 1],[0. 1.],1,1,[0.6 0.6],1.0,0.0,1.0
773,1.0,1,387.0,0,774,0,False,2.0,1,0.0,[1 2],[0. 1.],1,1,[0.6 0.6],1.0,0.0,1.0
774,0.0,1,388.0,1,775,1,False,0.0,0,2.0,[1 2],[0. 1.],1,1,[0.6 0.6],1.0,0.0,1.0
775,0.0,1,388.0,0,776,0,False,2.0,1,0.0,[2 1],[0. 1.],1,1,[0.6 0.6],1.0,0.0,1.0
776,0.0,1,389.0,1,777,1,False,0.0,0,2.0,[2 1],[0. 1.],1,1,[0.6 0.6],1.0,0.0,1.0
777,1.0,1,389.0,0,778,0,False,2.0,1,0.0,[2 1],[0. 1.],1,1,[0.6 0.6],1.0,0.0,1.0
778,0.0,1,390.0,1,779,1,False,0.0,0,2.0,[2 1],[0. 1.],1,1,[0.6 0.6],1.0,0.0,1.0
779,1.0,1,390.0,0,780,0,False,2.0,1,0.0,[2 2],[0. 1.],1,1,[0.6 0.6],1.0,0.0,1.0
780,0.0,1,391.0,1,781,1,False,0.0,0,2.0,[2 2],[0. 1.],1,1,[0.6 0.6],1.0,0.0,1.0
781,1.0,1,391.0,0,782,0,False,2.0,1,0.0,[2 1],[0. 1.],0,1,[0.6 0.6],1.0,0.0,1.0
782,0.0,1,392.0,1,783,1,False,0.0,0,1.0,[2 1],[0. 1.],0,1,[0.6 0.6],1.0,0.0,1.0
783,1.0,1,392.0,0,784,0,False,1.0,1,0.0,[2 1],[0. 1.],0,1,[0.6 0.6],1.0,0.0,1.0
784,0.0,1,393.0,1,785,1,False,0.0,0,1.0,[2 1],[0. 1.],0,1,[0.6 0.6],1.0,0.0,1.0
785,1.0,1,393.0,0,786,0,False,1.0,1,0.0,[1 1],[0. 1.],0,1,[0.6 0.6],1.0,0.0,1.0
786,0.0,1,394.0,1,787,1,False,0.0,0,1.0,[1 1],[0. 1.],0,1,[0.6 0.6],1.0,0.0,1.0
787,0.0,1,394.0,0,788,0,False,1.0,1,0.0,[2 1],[0. 1.],1,1,[0.6 0.6],1.0,0.0,1.0
788,0.0,1,395.0,1,789,1,False,0.0,0,2.0,[2 1],[0. 1.],1,1,[0.6 0.6],1.0,0.0,1.0
789,1.0,1,395.0,0,790,0,False,2.0,1,0.0,[1 1],[0. 1.],0,1,[0.6 0.6],1.0,0.0,1.0
790,0.0,1,396.0,1,791,1,False,0.0,0,1.0,[1 1],[0. 1.],0,1,[0.6 0.6],1.0,0.0,1.0
791,0.0,1,396.0,0,792,0,False,1.0,1,0.0,[1 1],[0. 1.],0,1,[0.6 0.6],1.0,0.0,1.0
792,0.0,1,397.0,1,793,1,False,0.0,0,1.0,[1 1],[0. 1.],0,1,[0.6 0.6],1.0,0.0,1.0
793,0.0,1,397.0,0,794,0,False,1.0,1,0.0,[1 2],[0. 1.],1,1,[0.6 0.6],1.0,0.0,1.0
794,0.0,1,398.0,1,795,1,False,0.0,0,2.0,[1 2],[0. 1.],1,1,[0.6 0.6],1.0,0.0,1.0
795,0.0,1,398.0,0,796,0,False,2.0,1,0.0,[2 2],[0. 1.],1,1,[0.6 0.6],1.0,0.0,1.0
796,0.0,1,399.0,1,797,1,False,0.0,0,2.0,[2 2],[0. 1.],1,1,[0.6 0.6],1.0,0.0,1.0
797,1.0,1,399.0,0,798,0,False,2.0,1,0.0,[2 2],[0. 1.],0,1,[0.6 0.6],1.0,0.0,1.0
798,0.0,1,400.0,1,799,1,False,0.0,0,1.0,[2 2],[0. 1.],0,1,[0.6 0.6],1.0,0.0,1.0
799,1.0,1,400.0,0,800,0,False,1.0,1,0.0,[2 1],[0. 1.],0,1,[0.6 0.6],1.0,0.0,1.0
800,0.0,1,401.0,1,801,1,False,0.0,0,1.0,[2 1],[0. 1.],0,1,[0.6 0.6],1.0,0.0,1.0
801,1.0,1,401.0,0,802,0,False,1.0,1,0.0,[2 1],[0. 1.],0,1,[0.6 0.6],1.0,0.0,1.0
802,0.0,1,402.0,1,803,1,False,0.0,0,1.0,[2 1],[0. 1.],0,1,[0.6 0.6],1.0,0.0,1.0
803,1.0,1,402.0,0,804,0,False,1.0,1,0.0,[2 1],[0. 1.],0,1,[0.6 0.6],1.0,0.0,1.0
804,0.0,1,403.0,1,805,1,False,0.0,0,1.0,[2 1],[0. 1.],0,1,[0.6 0.6],1.0,0.0,1.0
805,1.0,1,403.0,0,806,0,False,1.0,1,0.0,[1 1],[0. 1.],1,1,[0.6 0.6],1.0,0.0,1.0
806,0.0,1,404.0,1,807,1,False,0.0,0,2.0,[1 1],[0. 1.],1,1,[0.6 0.6],1.0,0.0,1.0
807,0.0,1,404.0,0,808,0,False,2.0,1,0.0,[2 2],[0. 1.],0,1,[0.6 0.6],1.0,0.0,1.0
808,0.0,1,405.0,1,809,1,False,0.0,0,1.0,[2 2],[0. 1.],0,1,[0.6 0.6],1.0,0.0,1.0
809,1.0,1,405.0,0,810,0,False,1.0,1,0.0,[1 2],[0. 1.],0,1,[0.6 0.6],1.0,0.0,1.0
810,0.0,1,406.0,1,811,1,False,0.0,0,1.0,[1 2],[0. 1.],0,1,[0.6 0.6],1.0,0.0,1.0
811,0.0,1,406.0,0,812,0,False,1.0,1,0.0,[2 2],[0. 1.],0,1,[0.6 0.6],1.0,0.0,1.0
812,0.0,1,407.0,1,813,1,False,0.0,0,1.0,[2 2],[0. 1.],0,1,[0.6 0.6],1.0,0.0,1.0
813,1.0,1,407.0,0,814,0,False,1.0,1,0.0,[2 2],[0. 1.],1,1,[0.6 0.6],1.0,0.0,1.0
814,0.0,1,408.0,1,815,1,False,0.0,0,2.0,[2 2],[0. 1.],1,1,[0.6 0.6],1.0,0.0,1.0
815,1.0,1,408.0,0,816,0,False,2.0,1,0.0,[2 2],[0. 1.],1,1,[0.6 0.6],1.0,0.0,1.0
816,0.0,1,409.0,1,817,1,False,0.0,0,2.0,[2 2],[0. 1.],1,1,[0.6 0.6],1.0,0.0,1.0
817,1.0,1,409.0,0,818,0,False,2.0,1,0.0,[1 2],[0. 1.],1,1,[0.6 0.6],1.0,0.0,1.0
818,0.0,1,410.0,1,819,1,False,0.0,0,2.0,[1 2],[0. 1.],1,1,[0.6 0.6],1.0,0.0,1.0
819,0.0,1,410.0,0,820,0,False,2.0,1,0.0,[1 1],[0. 1.],1,1,[0.6 0.6],1.0,0.0,1.0
820,0.0,1,411.0,1,821,1,False,0.0,0,2.0,[1 1],[0. 1.],1,1,[0.6 0.6],1.0,0.0,1.0
821,0.0,1,411.0,0,822,0,False,2.0,1,0.0,[2 2],[0. 1.],0,1,[0.6 0.6],1.0,0.0,1.0
822,0.0,1,412.0,1,823,1,False,0.0,0,1.0,[2 2],[0. 1.],0,1,[0.6 0.6],1.0,0.0,1.0
823,1.0,1,412.0,0,824,0,False,1.0,1,0.0,[2 2],[0. 1.],0,1,[0.6 0.6],1.0,0.0,1.0
824,0.0,1,413.0,1,825,1,False,0.0,0,1.0,[2 2],[0. 1.],0,1,[0.6 0.6],1.0,0.0,1.0
825,1.0,1,413.0,0,826,0,False,1.0,1,0.0,[2 2],[0. 1.],1,1,[0.6 0.6],1.0,0.0,1.0
826,0.0,1,414.0,1,827,1,False,0.0,0,2.0,[2 2],[0. 1.],1,1,[0.6 0.6],1.0,0.0,1.0
827,1.0,1,414.0,0,828,0,False,2.0,1,0.0,[2 1],[0. 1.],1,1,[0.6 0.6],1.0,0.0,1.0
828,0.0,1,415.0,1,829,1,False,0.0,0,2.0,[2 1],[0. 1.],1,1,[0.6 0.6],1.0,0.0,1.0
829,1.0,1,415.0,0,830,0,False,2.0,1,0.0,[2 1],[0. 1.],0,1,[0.6 0.6],1.0,0.0,1.0
830,0.0,1,416.0,1,831,1,False,0.0,0,1.0,[2 1],[0. 1.],0,1,[0.6 0.6],1.0,0.0,1.0
831,1.0,1,416.0,0,832,0,False,1.0,1,0.0,[2 1],[0. 1.],1,1,[0.6 0.6],1.0,0.0,1.0
832,0.0,1,417.0,1,833,1,False,0.0,0,2.0,[2 1],[0. 1.],1,1,[0.6 0.6],1.0,0.0,1.0
833,1.0,1,417.0,0,834,0,False,2.0,1,0.0,[2 2],[0. 1.],0,1,[0.6 0.6],1.0,0.0,1.0
834,0.0,1,418.0,1,835,1,False,0.0,0,1.0,[2 2],[0. 1.],0,1,[0.6 0.6],1.0,0.0,1.0
835,1.0,1,418.0,0,836,0,False,1.0,1,0.0,[2 2],[0. 1.],0,1,[0.6 0.6],1.0,0.0,1.0
836,0.0,1,419.0,1,837,1,False,0.0,0,1.0,[2 2],[0. 1.],0,1,[0.6 0.6],1.0,0.0,1.0
837,1.0,1,419.0,0,838,0,False,1.0,1,0.0,[1 2],[0. 1.],1,1,[0.6 0.6],1.0,0.0,1.0
838,0.0,1,420.0,1,839,1,False,0.0,0,2.0,[1 2],[0. 1.],1,1,[0.6 0.6],1.0,0.0,1.0
839,0.0,1,420.0,0,840,0,False,2.0,1,0.0,[1 1],[0. 1.],1,1,[0.6 0.6],1.0,0.0,1.0
840,0.0,1,421.0,1,841,1,False,0.0,0,2.0,[1 1],[0. 1.],1,1,[0.6 0.6],1.0,0.0,1.0
841,0.0,1,421.0,0,842,0,False,2.0,1,0.0,[1 1],[0. 1.],1,1,[0.6 0.6],1.0,0.0,1.0
842,0.0,1,422.0,1,843,1,False,0.0,0,2.0,[1 1],[0. 1.],1,1,[0.6 0.6],1.0,0.0,1.0
843,0.0,1,422.0,0,844,0,False,2.0,1,0.0,[1 2],[0. 1.],0,1,[0.6 0.6],1.0,0.0,1.0
844,0.0,1,423.0,2,845,1,False,0.0,0,1.0,[1 2],[0. 1.],0,1,[0.6 0.6],1.0,0.0,1.0
845,1.0,1,423.0,0,846,0,False,1.0,1,0.0,[1 2],[0. 1.],1,1,[0.6 0.6],1.0,0.0,1.0
846,0.0,1,424.0,2,847,1,False,0.0,0,2.0,[1 2],[0. 1.],1,1,[0.6 0.6],1.0,0.0,1.0
847,1.0,1,424.0,0,848,0,False,2.0,1,0.0,[2 2],[0. 1.],1,1,[0.6 0.6],1.0,0.0,1.0
848,0.0,1,425.0,2,849,1,False,0.0,0,2.0,[2 2],[0. 1.],1,1,[0.6 0.6],1.0,0.0,1.0
849,1.0,1,425.0,0,850,0,False,2.0,1,0.0,[2 1],[0. 1.],1,1,[0.6 0.6],1.0,0.0,1.0
850,0.0,1,426.0,2,851,1,False,0.0,0,2.0,[2 1],[0. 1.],1,1,[0.6 0.6],1.0,0.0,1.0
851,0.0,1,426.0,0,852,0,False,2.0,1,0.0,[2 1],[0. 1.],1,1,[0.6 0.6],1.0,0.0,1.0
852,0.0,1,427.0,2,853,1,False,0.0,0,2.0,[2 1],[0. 1.],1,1,[0.6 0.6],1.0,0.0,1.0
853,0.0,1,427.0,0,854,0,False,2.0,1,0.0,[2 1],[0. 1.],1,1,[0.6 0.6],1.0,0.0,1.0
854,0.0,1,428.0,1,855,1,False,0.0,0,2.0,[2 1],[0. 1.],1,1,[0.6 0.6],1.0,0.0,1.0
855,1.0,1,428.0,0,856,0,False,2.0,1,0.0,[1 1],[0. 1.],0,1,[0.6 0.6],1.0,0.0,1.0
856,0.0,1,429.0,1,857,1,False,0.0,0,1.0,[1 1],[0. 1.],0,1,[0.6 0.6],1.0,0.0,1.0
857,0.0,1,429.0,0,858,0,False,1.0,1,0.0,[1 1],[0. 1.],1,1,[0.6 0.6],1.0,0.0,1.0
858,0.0,1,430.0,1,859,1,False,0.0,0,2.0,[1 1],[0. 1.],1,1,[0.6 0.6],1.0,0.0,1.0
859,0.0,1,430.0,0,860,0,False,2.0,1,0.0,[1 1],[0. 1.],1,1,[0.6 0.6],1.0,0.0,1.0
860,0.0,1,431.0,2,861,1,False,0.0,0,2.0,[1 1],[0. 1.],1,1,[0.6 0.6],1.0,0.0,1.0
861,0.0,1,431.0,0,862,0,False,2.0,1,0.0,[2 1],[0. 1.],1,1,[0.6 0.6],1.0,0.0,1.0
862,0.0,1,432.0,1,863,1,False,0.0,0,2.0,[2 1],[0. 1.],1,1,[0.6 0.6],1.0,0.0,1.0
863,1.0,1,432.0,0,864,0,False,2.0,1,0.0,[1 2],[0. 1.],1,1,[0.6 0.6],1.0,0.0,1.0
864,0.0,1,433.0,1,865,1,False,0.0,0,2.0,[1 2],[0. 1.],1,1,[0.6 0.6],1.0,0.0,1.0
865,0.0,1,433.0,0,866,0,False,2.0,1,0.0,[1 1],[0. 1.],0,1,[0.6 0.6],1.0,0.0,1.0
866,0.0,1,434.0,1,867,1,False,0.0,0,1.0,[1 1],[0. 1.],0,1,[0.6 0.6],1.0,0.0,1.0
867,0.0,1,434.0,0,868,0,False,1.0,1,0.0,[1 1],[0. 1.],0,1,[0.6 0.6],1.0,0.0,1.0
868,0.0,1,435.0,2,869,1,False,0.0,0,1.0,[1 1],[0. 1.],0,1,[0.6 0.6],1.0,0.0,1.0
869,0.0,1,435.0,0,870,0,False,1.0,1,0.0,[2 1],[0. 1.],0,1,[0.6 0.6],1.0,0.0,1.0
870,0.0,1,436.0,1,871,1,False,0.0,0,1.0,[2 1],[0. 1.],0,1,[0.6 0.6],1.0,0.0,1.0
871,1.0,1,436.0,0,872,0,False,1.0,1,0.0,[2 2],[0. 1.],0,1,[0.6 0.6],1.0,0.0,1.0
872,0.0,1,437.0,1,873,1,False,0.0,0,1.0,[2 2],[0. 1.],0,1,[0.6 0.6],1.0,0.0,1.0
873,1.0,1,437.0,0,874,0,False,1.0,1,0.0,[2 1],[0. 1.],0,1,[0.6 0.6],1.0,0.0,1.0
874,0.0,1,438.0,1,875,1,False,0.0,0,1.0,[2 1],[0. 1.],0,1,[0.6 0.6],1.0,0.0,1.0
875,1.0,1,438.0,0,876,0,False,1.0,1,0.0,[1 2],[0. 1.],1,1,[0.6 0.6],1.0,0.0,1.0
876,0.0,1,439.0,1,877,1,False,0.0,0,2.0,[1 2],[0. 1.],1,1,[0.6 0.6],1.0,0.0,1.0
877,0.0,1,439.0,0,878,0,False,2.0,1,0.0,[1 2],[0. 1.],1,1,[0.6 0.6],1.0,0.0,1.0
878,0.0,1,440.0,1,879,1,False,0.0,0,2.0,[1 2],[0. 1.],1,1,[0.6 0.6],1.0,0.0,1.0
879,0.0,1,440.0,0,880,0,False,2.0,1,0.0,[2 2],[0. 1.],1,1,[0.6 0.6],1.0,0.0,1.0
880,0.0,1,441.0,1,881,1,False,0.0,0,2.0,[2 2],[0. 1.],1,1,[0.6 0.6],1.0,0.0,1.0
881,1.0,1,441.0,0,882,0,False,2.0,1,0.0,[2 1],[0. 1.],1,1,[0.6 0.6],1.0,0.0,1.0
882,0.0,1,442.0,1,883,1,False,0.0,0,2.0,[2 1],[0. 1.],1,1,[0.6 0.6],1.0,0.0,1.0
883,1.0,1,442.0,0,884,0,False,2.0,1,0.0,[2 2],[0. 1.],0,1,[0.6 0.6],1.0,0.0,1.0
884,0.0,1,443.0,1,885,1,False,0.0,0,1.0,[2 2],[0. 1.],0,1,[0.6 0.6],1.0,0.0,1.0
885,1.0,1,443.0,0,886,0,False,1.0,1,0.0,[1 1],[0. 1.],1,1,[0.6 0.6],1.0,0.0,1.0
886,0.0,1,444.0,1,887,1,False,0.0,0,2.0,[1 1],[0. 1.],1,1,[0.6 0.6],1.0,0.0,1.0
887,0.0,1,444.0,0,888,0,False,2.0,1,0.0,[1 2],[0. 1.],1,1,[0.6 0.6],1.0,0.0,1.0
888,0.0,1,445.0,1,889,1,False,0.0,0,2.0,[1 2],[0. 1.],1,1,[0.6 0.6],1.0,0.0,1.0
889,0.0,1,445.0,0,890,0,False,2.0,1,0.0,[2 1],[0. 1.],0,1,[0.6 0.6],1.0,0.0,1.0
890,0.0,1,446.0,2,891,1,False,0.0,0,1.0,[2 1],[0. 1.],0,1,[0.6 0.6],1.0,0.0,1.0
891,0.0,1,446.0,0,892,0,False,1.0,1,0.0,[1 1],[0. 1.],1,1,[0.6 0.6],1.0,0.0,1.0
892,0.0,1,447.0,2,893,1,False,0.0,0,2.0,[1 1],[0. 1.],1,1,[0.6 0.6],1.0,0.0,1.0
893,0.0,1,447.0,0,894,0,False,2.0,1,0.0,[2 2],[0. 1.],0,1,[0.6 0.6],1.0,0.0,1.0
894,0.0,1,448.0,1,895,1,False,0.0,0,1.0,[2 2],[0. 1.],0,1,[0.6 0.6],1.0,0.0,1.0
895,1.0,1,448.0,0,896,0,False,1.0,1,0.0,[2 1],[0. 1.],0,1,[0.6 0.6],1.0,0.0,1.0
896,0.0,1,449.0,1,897,1,False,0.0,0,1.0,[2 1],[0. 1.],0,1,[0.6 0.6],1.0,0.0,1.0
897,1.0,1,449.0,0,898,0,False,1.0,1,0.0,[2 1],[0. 1.],1,1,[0.6 0.6],1.0,0.0,1.0
898,0.0,1,450.0,1,899,1,False,0.0,0,2.0,[2 1],[0. 1.],1,1,[0.6 0.6],1.0,0.0,1.0
899,1.0,1,450.0,0,900,0,False,2.0,1,0.0,[1 1],[0. 1.],0,1,[0.6 0.6],1.0,0.0,1.0
900,0.0,1,451.0,1,901,1,False,0.0,0,1.0,[1 1],[0. 1.],0,1,[0.6 0.6],1.0,0.0,1.0
901,0.0,1,451.0,0,902,0,False,1.0,1,0.0,[1 2],[0. 1.],0,1,[0.6 0.6],1.0,0.0,1.0
902,0.0,1,452.0,1,903,1,False,0.0,0,1.0,[1 2],[0. 1.],0,1,[0.6 0.6],1.0,0.0,1.0
903,0.0,1,452.0,0,904,0,False,1.0,1,0.0,[2 2],[0. 1.],0,1,[0.6 0.6],1.0,0.0,1.0
904,0.0,1,453.0,1,905,1,False,0.0,0,1.0,[2 2],[0. 1.],0,1,[0.6 0.6],1.0,0.0,1.0
905,1.0,1,453.0,0,906,0,False,1.0,1,0.0,[1 1],[0. 1.],0,1,[0.6 0.6],1.0,0.0,1.0
906,0.0,1,454.0,1,907,1,False,0.0,0,1.0,[1 1],[0. 1.],0,1,[0.6 0.6],1.0,0.0,1.0
907,0.0,1,454.0,0,908,0,False,1.0,1,0.0,[2 1],[0. 1.],0,1,[0.6 0.6],1.0,0.0,1.0
908,0.0,1,455.0,1,909,1,False,0.0,0,1.0,[2 1],[0. 1.],0,1,[0.6 0.6],1.0,0.0,1.0
909,1.0,1,455.0,0,910,0,False,1.0,1,0.0,[1 1],[0. 1.],1,1,[0.6 0.6],1.0,0.0,1.0
910,0.0,1,456.0,1,911,1,False,0.0,0,2.0,[1 1],[0. 1.],1,1,[0.6 0.6],1.0,0.0,1.0
911,0.0,1,456.0,0,912,0,False,2.0,1,0.0,[2 1],[0. 1.],0,1,[0.6 0.6],1.0,0.0,1.0
912,0.0,1,457.0,1,913,1,False,0.0,0,1.0,[2 1],[0. 1.],0,1,[0.6 0.6],1.0,0.0,1.0
913,1.0,1,457.0,0,914,0,False,1.0,1,0.0,[2 2],[0. 1.],1,1,[0.6 0.6],1.0,0.0,1.0
914,0.0,1,458.0,1,915,1,False,0.0,0,2.0,[2 2],[0. 1.],1,1,[0.6 0.6],1.0,0.0,1.0
915,1.0,1,458.0,0,916,0,False,2.0,1,0.0,[2 1],[0. 1.],0,1,[0.6 0.6],1.0,0.0,1.0
916,0.0,1,459.0,1,917,1,False,0.0,0,1.0,[2 1],[0. 1.],0,1,[0.6 0.6],1.0,0.0,1.0
917,1.0,1,459.0,0,918,0,False,1.0,1,0.0,[2 1],[0. 1.],0,1,[0.6 0.6],1.0,0.0,1.0
918,0.0,1,460.0,1,919,1,False,0.0,0,1.0,[2 1],[0. 1.],0,1,[0.6 0.6],1.0,0.0,1.0
919,1.0,1,460.0,0,920,0,False,1.0,1,0.0,[2 1],[0. 1.],0,1,[0.6 0.6],1.0,0.0,1.0
920,0.0,1,461.0,1,921,1,False,0.0,0,1.0,[2 1],[0. 1.],0,1,[0.6 0.6],1.0,0.0,1.0
921,1.0,1,461.0,0,922,0,False,1.0,1,0.0,[2 1],[0. 1.],0,1,[0.6 0.6],1.0,0.0,1.0
922,0.0,1,462.0,1,923,1,False,0.0,0,1.0,[2 1],[0. 1.],0,1,[0.6 0.6],1.0,0.0,1.0
923,1.0,1,462.0,0,924,0,False,1.0,1,0.0,[1 1],[0. 1.],1,1,[0.6 0.6],1.0,0.0,1.0
924,0.0,1,463.0,1,925,1,False,0.0,0,2.0,[1 1],[0. 1.],1,1,[0.6 0.6],1.0,0.0,1.0
925,0.0,1,463.0,0,926,0,False,2.0,1,0.0,[1 2],[0. 1.],0,1,[0.6 0.6],1.0,0.0,1.0
926,0.0,1,464.0,1,927,1,False,0.0,0,1.0,[1 2],[0. 1.],0,1,[0.6 0.6],1.0,0.0,1.0
927,0.0,1,464.0,0,928,0,False,1.0,1,0.0,[1 2],[0. 1.],1,1,[0.6 0.6],1.0,0.0,1.0
928,0.0,1,465.0,1,929,1,False,0.0,0,2.0,[1 2],[0. 1.],1,1,[0.6 0.6],1.0,0.0,1.0
929,0.0,1,465.0,0,930,0,False,2.0,1,0.0,[2 1],[0. 1.],1,1,[0.6 0.6],1.0,0.0,1.0
930,0.0,1,466.0,2,931,1,False,0.0,0,2.0,[2 1],[0. 1.],1,1,[0.6 0.6],1.0,0.0,1.0
931,0.0,1,466.0,0,932,0,False,2.0,1,0.0,[1 2],[0. 1.],1,1,[0.6 0.6],1.0,0.0,1.0
932,0.0,1,467.0,1,933,1,False,0.0,0,2.0,[1 2],[0. 1.],1,1,[0.6 0.6],1.0,0.0,1.0
933,0.0,1,467.0,0,934,0,False,2.0,1,0.0,[2 1],[0. 1.],1,1,[0.6 0.6],1.0,0.0,1.0
934,0.0,1,468.0,2,935,1,False,0.0,0,2.0,[2 1],[0. 1.],1,1,[0.6 0.6],1.0,0.0,1.0
935,0.0,1,468.0,0,936,0,False,2.0,1,0.0,[2 1],[0. 1.],0,1,[0.6 0.6],1.0,0.0,1.0
936,0.0,1,469.0,1,937,1,False,0.0,0,1.0,[2 1],[0. 1.],0,1,[0.6 0.6],1.0,0.0,1.0
937,1.0,1,469.0,0,938,0,False,1.0,1,0.0,[2 2],[0. 1.],0,1,[0.6 0.6],1.0,0.0,1.0
938,0.0,1,470.0,1,939,1,False,0.0,0,1.0,[2 2],[0. 1.],0,1,[0.6 0.6],1.0,0.0,1.0
939,1.0,1,470.0,0,940,0,False,1.0,1,0.0,[2 1],[0. 1.],0,1,[0.6 0.6],1.0,0.0,1.0
940,0.0,1,471.0,1,941,1,False,0.0,0,1.0,[2 1],[0. 1.],0,1,[0.6 0.6],1.0,0.0,1.0
941,1.0,1,471.0,0,942,0,False,1.0,1,0.0,[2 1],[0. 1.],0,1,[0.6 0.6],1.0,0.0,1.0
942,0.0,1,472.0,1,943,1,False,0.0,0,1.0,[2 1],[0. 1.],0,1,[0.6 0.6],1.0,0.0,1.0
943,1.0,1,472.0,0,944,0,False,1.0,1,0.0,[1 2],[0. 1.],0,1,[0.6 0.6],1.0,0.0,1.0
944,0.0,1,473.0,1,945,1,False,0.0,0,1.0,[1 2],[0. 1.],0,1,[0.6 0.6],1.0,0.0,1.0
945,0.0,1,473.0,0,946,0,False,1.0,1,0.0,[1 1],[0. 1.],1,1,[0.6 0.6],1.0,0.0,1.0
946,0.0,1,474.0,1,947,1,False,0.0,0,2.0,[1 1],[0. 1.],1,1,[0.6 0.6],1.0,0.0,1.0
947,0.0,1,474.0,0,948,0,False,2.0,1,0.0,[1 1],[0. 1.],1,1,[0.6 0.6],1.0,0.0,1.0
948,0.0,1,475.0,1,949,1,False,0.0,0,2.0,[1 1],[0. 1.],1,1,[0.6 0.6],1.0,0.0,1.0
949,0.0,1,475.0,0,950,0,False,2.0,1,0.0,[2 1],[0. 1.],1,1,[0.6 0.6],1.0,0.0,1.0
950,0.0,1,476.0,2,951,1,False,0.0,0,2.0,[2 1],[0. 1.],1,1,[0.6 0.6],1.0,0.0,1.0
951,0.0,1,476.0,0,952,0,False,2.0,1,0.0,[2 1],[0. 1.],1,1,[0.6 0.6],1.0,0.0,1.0
952,0.0,1,477.0,1,953,1,False,0.0,0,2.0,[2 1],[0. 1.],1,1,[0.6 0.6],1.0,0.0,1.0
953,1.0,1,477.0,0,954,0,False,2.0,1,0.0,[1 1],[0. 1.],1,1,[0.6 0.6],1.0,0.0,1.0
954,0.0,1,478.0,2,955,1,False,0.0,0,2.0,[1 1],[0. 1.],1,1,[0.6 0.6],1.0,0.0,1.0
955,0.0,1,478.0,0,956,0,False,2.0,1,0.0,[1 1],[0. 1.],1,1,[0.6 0.6],1.0,0.0,1.0
956,0.0,1,479.0,1,957,1,False,0.0,0,2.0,[1 1],[0. 1.],1,1,[0.6 0.6],1.0,0.0,1.0
957,0.0,1,479.0,0,958,0,False,2.0,1,0.0,[2 2],[0. 1.],1,1,[0.6 0.6],1.0,0.0,1.0
958,0.0,1,480.0,2,959,1,False,0.0,0,2.0,[2 2],[0. 1.],1,1,[0.6 0.6],1.0,0.0,1.0
959,1.0,1,480.0,0,960,0,False,2.0,1,0.0,[2 1],[0. 1.],1,1,[0.6 0.6],1.0,0.0,1.0
960,0.0,1,481.0,2,961,1,False,0.0,0,2.0,[2 1],[0. 1.],1,1,[0.6 0.6],1.0,0.0,1.0
961,0.0,1,481.0,0,962,0,False,2.0,1,0.0,[1 1],[0. 1.],1,1,[0.6 0.6],1.0,0.0,1.0
962,0.0,1,482.0,1,963,1,False,0.0,0,2.0,[1 1],[0. 1.],1,1,[0.6 0.6],1.0,0.0,1.0
963,0.0,1,482.0,0,964,0,False,2.0,1,0.0,[1 1],[0. 1.],0,1,[0.6 0.6],1.0,0.0,1.0
964,0.0,1,483.0,2,965,1,False,0.0,0,1.0,[1 1],[0. 1.],0,1,[0.6 0.6],1.0,0.0,1.0
965,0.0,1,483.0,0,966,0,False,1.0,1,0.0,[1 1],[0. 1.],1,1,[0.6 0.6],1.0,0.0,1.0
966,0.0,1,484.0,2,967,1,False,0.0,0,2.0,[1 1],[0. 1.],1,1,[0.6 0.6],1.0,0.0,1.0
967,0.0,1,484.0,0,968,0,False,2.0,1,0.0,[2 2],[0. 1.],1,1,[0.6 0.6],1.0,0.0,1.0
968,0.0,1,485.0,1,969,1,False,0.0,0,2.0,[2 2],[0. 1.],1,1,[0.6 0.6],1.0,0.0,1.0
969,1.0,1,485.0,0,970,0,False,2.0,1,0.0,[1 1],[0. 1.],1,1,[0.6 0.6],1.0,0.0,1.0
970,0.0,1,486.0,1,971,1,False,0.0,0,2.0,[1 1],[0. 1.],1,1,[0.6 0.6],1.0,0.0,1.0
971,0.0,1,486.0,0,972,0,False,2.0,1,0.0,[2 1],[0. 1.],0,1,[0.6 0.6],1.0,0.0,1.0
972,0.0,1,487.0,2,973,1,False,0.0,0,1.0,[2 1],[0. 1.],0,1,[0.6 0.6],1.0,0.0,1.0
973,0.0,1,487.0,0,974,0,False,1.0,1,0.0,[2 2],[0. 1.],1,1,[0.6 0.6],1.0,0.0,1.0
974,0.0,1,488.0,2,975,1,False,0.0,0,2.0,[2 2],[0. 1.],1,1,[0.6 0.6],1.0,0.0,1.0
975,1.0,1,488.0,0,976,0,False,2.0,1,0.0,[1 2],[0. 1.],1,1,[0.6 0.6],1.0,0.0,1.0
976,0.0,1,489.0,2,977,1,False,0.0,0,2.0,[1 2],[0. 1.],1,1,[0.6 0.6],1.0,0.0,1.0
977,1.0,1,489.0,0,978,0,False,2.0,1,0.0,[2 1],[0. 1.],0,1,[0.6 0.6],1.0,0.0,1.0
978,0.0,1,490.0,2,979,1,False,0.0,0,1.0,[2 1],[0. 1.],0,1,[0.6 0.6],1.0,0.0,1.0
979,0.0,1,490.0,0,980,0,False,1.0,1,0.0,[2 2],[0. 1.],1,1,[0.6 0.6],1.0,0.0,1.0
980,0.0,1,491.0,2,981,1,False,0.0,0,2.0,[2 2],[0. 1.],1,1,[0.6 0.6],1.0,0.0,1.0
981,1.0,1,491.0,0,982,0,False,2.0,1,0.0,[2 2],[0. 1.],0,1,[0.6 0.6],1.0,0.0,1.0
982,0.0,1,492.0,2,983,1,False,0.0,0,1.0,[2 2],[0. 1.],0,1,[0.6 0.6],1.0,0.0,1.0
983,1.0,1,492.0,0,984,0,False,1.0,1,0.0,[1 2],[0. 1.],0,1,[0.6 0.6],1.0,0.0,1.0
984,0.0,1,493.0,2,985,1,False,0.0,0,1.0,[1 2],[0. 1.],0,1,[0.6 0.6],1.0,0.0,1.0
985,1.0,1,493.0,0,986,0,False,1.0,1,0.0,[2 2],[0. 1.],0,1,[0.6 0.6],1.0,0.0,1.0
986,0.0,1,494.0,2,987,1,False,0.0,0,1.0,[2 2],[0. 1.],0,1,[0.6 0.6],1.0,0.0,1.0
987,1.0,1,494.0,0,988,0,False,1.0,1,0.0,[2 1],[0. 1.],1,1,[0.6 0.6],1.0,0.0,1.0
988,0.0,1,495.0,2,989,1,False,0.0,0,2.0,[2 1],[0. 1.],1,1,[0.6 0.6],1.0,0.0,1.0
989,0.0,1,495.0,0,990,0,False,2.0,1,0.0,[1 2],[0. 1.],1,1,[0.6 0.6],1.0,0.0,1.0
990,0.0,1,496.0,2,991,1,False,0.0,0,2.0,[1 2],[0. 1.],1,1,[0.6 0.6],1.0,0.0,1.0
991,1.0,1,496.0,0,992,0,False,2.0,1,0.0,[2 2],[0. 1.],1,1,[0.6 0.6],1.0,0.0,1.0
992,0.0,1,497.0,2,993,1,False,0.0,0,2.0,[2 2],[0. 1.],1,1,[0.6 0.6],1.0,0.0,1.0
993,1.0,1,497.0,0,994,0,False,2.0,1,0.0,[1 1],[1. 0.],0,0,[0.6 0.6],1.0,0.0,1.0
994,0.0,1,498.0,2,995,1,False,0.0,0,1.0,[1 1],[1. 0.],0,0,[0.6 0.6],1.0,0.0,1.0
995,1.0,1,498.0,0,996,0,False,1.0,1,0.0,[2 1],[1. 0.],1,0,[0.6 0.6],1.0,0.0,1.0
996,0.0,1,499.0,2,997,1,False,0.0,0,2.0,[2 1],[1. 0.],1,0,[0.6 0.6],1.0,0.0,1.0
997,1.0,1,499.0,0,998,0,False,2.0,1,0.0,[2 2],[1. 0.],0,0,[0.6 0.6],1.0,0.0,1.0
998,0.0,1,500.0,2,999,1,False,0.0,0,1.0,[2 2],[1. 0.],0,0,[0.6 0.6],1.0,0.0,1.0
999,0.0,1,500.0,0,1000,0,False,1.0,1,0.0,[1 1],[1. 0.],1,0,[0.6 0.6],1.0,0.0,1.0
1000,0.0,1,501.0,2,1001,1,False,0.0,0,2.0,[1 1],[1. 0.],1,0,[0.6 0.6],1.0,0.0,1.0
1001,1.0,1,501.0,0,1002,0,False,2.0,1,0.0,[2 1],[1. 0.],0,0,[0.6 0.6],1.0,0.0,1.0
1002,0.0,1,502.0,2,1003,1,False,0.0,0,1.0,[2 1],[1. 0.],0,0,[0.6 0.6],1.0,0.0,1.0
1003,1.0,1,502.0,0,1004,0,False,1.0,1,0.0,[2 2],[1. 0.],1,0,[0.6 0.6],1.0,0.0,1.0
1004,0.0,1,503.0,2,1005,1,False,0.0,0,2.0,[2 2],[1. 0.],1,0,[0.6 0.6],1.0,0.0,1.0
1005,0.0,1,503.0,0,1006,0,False,2.0,1,0.0,[1 2],[1. 0.],1,0,[0.6 0.6],1.0,0.0,1.0
1006,0.0,1,504.0,2,1007,1,False,0.0,0,2.0,[1 2],[1. 0.],1,0,[0.6 0.6],1.0,0.0,1.0
1007,0.0,1,504.0,0,1008,0,False,2.0,1,0.0,[1 2],[1. 0.],1,0,[0.6 0.6],1.0,0.0,1.0
1008,0.0,1,505.0,1,1009,1,False,0.0,0,2.0,[1 2],[1. 0.],1,0,[0.6 0.6],1.0,0.0,1.0
1009,1.0,1,505.0,0,1010,0,False,2.0,1,0.0,[2 1],[1. 0.],0,0,[0.6 0.6],1.0,0.0,1.0
1010,0.0,1,506.0,1,1011,1,False,0.0,0,1.0,[2 1],[1. 0.],0,0,[0.6 0.6],1.0,0.0,1.0
1011,0.0,1,506.0,0,1012,0,False,1.0,1,0.0,[1 2],[1. 0.],1,0,[0.6 0.6],1.0,0.0,1.0
1012,0.0,1,507.0,1,1013,1,False,0.0,0,2.0,[1 2],[1. 0.],1,0,[0.6 0.6],1.0,0.0,1.0
1013,1.0,1,507.0,0,1014,0,False,2.0,1,0.0,[1 2],[1. 0.],1,0,[0.6 0.6],1.0,0.0,1.0
1014,0.0,1,508.0,1,1015,1,False,0.0,0,2.0,[1 2],[1. 0.],1,0,[0.6 0.6],1.0,0.0,1.0
1015,1.0,1,508.0,0,1016,0,False,2.0,1,0.0,[2 1],[1. 0.],0,0,[0.6 0.6],1.0,0.0,1.0
1016,0.0,1,509.0,1,1017,1,False,0.0,0,1.0,[2 1],[1. 0.],0,0,[0.6 0.6],1.0,0.0,1.0
1017,0.0,1,509.0,0,1018,0,False,1.0,1,0.0,[2 1],[1. 0.],1,0,[0.6 0.6],1.0,0.0,1.0
1018,0.0,1,510.0,1,1019,1,False,0.0,0,2.0,[2 1],[1. 0.],1,0,[0.6 0.6],1.0,0.0,1.0
1019,0.0,1,510.0,0,1020,0,False,2.0,1,0.0,[2 1],[1. 0.],0,0,[0.6 0.6],1.0,0.0,1.0
1020,0.0,1,511.0,1,1021,1,False,0.0,0,1.0,[2 1],[1. 0.],0,0,[0.6 0.6],1.0,0.0,1.0
1021,0.0,1,511.0,0,1022,0,False,1.0,1,0.0,[2 1],[1. 0.],0,0,[0.6 0.6],1.0,0.0,1.0
1022,0.0,1,512.0,2,1023,1,False,0.0,0,1.0,[2 1],[1. 0.],0,0,[0.6 0.6],1.0,0.0,1.0
1023,1.0,1,512.0,0,1024,0,False,1.0,1,0.0,[1 2],[1. 0.],0,0,[0.6 0.6],1.0,0.0,1.0
1024,0.0,1,513.0,2,1025,1,False,0.0,0,1.0,[1 2],[1. 0.],0,0,[0.6 0.6],1.0,0.0,1.0
1025,0.0,1,513.0,0,1026,0,False,1.0,1,0.0,[2 2],[1. 0.],1,0,[0.6 0.6],1.0,0.0,1.0
1026,0.0,1,514.0,2,1027,1,False,0.0,0,2.0,[2 2],[1. 0.],1,0,[0.6 0.6],1.0,0.0,1.0
1027,0.0,1,514.0,0,1028,0,False,2.0,1,0.0,[2 1],[1. 0.],0,0,[0.6 0.6],1.0,0.0,1.0
1028,0.0,1,515.0,1,1029,1,False,0.0,0,1.0,[2 1],[1. 0.],0,0,[0.6 0.6],1.0,0.0,1.0
1029,0.0,1,515.0,0,1030,0,False,1.0,1,0.0,[2 1],[1. 0.],0,0,[0.6 0.6],1.0,0.0,1.0
1030,0.0,1,516.0,2,1031,1,False,0.0,0,1.0,[2 1],[1. 0.],0,0,[0.6 0.6],1.0,0.0,1.0
1031,1.0,1,516.0,0,1032,0,False,1.0,1,0.0,[2 1],[1. 0.],0,0,[0.6 0.6],1.0,0.0,1.0
1032,0.0,1,517.0,2,1033,1,False,0.0,0,1.0,[2 1],[1. 0.],0,0,[0.6 0.6],1.0,0.0,1.0
1033,1.0,1,517.0,0,1034,0,False,1.0,1,0.0,[2 2],[1. 0.],0,0,[0.6 0.6],1.0,0.0,1.0
1034,0.0,1,518.0,2,1035,1,False,0.0,0,1.0,[2 2],[1. 0.],0,0,[0.6 0.6],1.0,0.0,1.0
1035,0.0,1,518.0,0,1036,0,False,1.0,1,0.0,[1 2],[1. 0.],0,0,[0.6 0.6],1.0,0.0,1.0
1036,0.0,1,519.0,2,1037,1,False,0.0,0,1.0,[1 2],[1. 0.],0,0,[0.6 0.6],1.0,0.0,1.0
1037,0.0,1,519.0,0,1038,0,False,1.0,1,0.0,[1 1],[1. 0.],0,0,[0.6 0.6],1.0,0.0,1.0
1038,0.0,1,520.0,2,1039,1,False,0.0,0,1.0,[1 1],[1. 0.],0,0,[0.6 0.6],1.0,0.0,1.0
1039,1.0,1,520.0,0,1040,0,False,1.0,1,0.0,[2 2],[1. 0.],1,0,[0.6 0.6],1.0,0.0,1.0
1040,0.0,1,521.0,2,1041,1,False,0.0,0,2.0,[2 2],[1. 0.],1,0,[0.6 0.6],1.0,0.0,1.0
1041,0.0,1,521.0,0,1042,0,False,2.0,1,0.0,[2 1],[1. 0.],0,0,[0.6 0.6],1.0,0.0,1.0
1042,0.0,1,522.0,2,1043,1,False,0.0,0,1.0,[2 1],[1. 0.],0,0,[0.6 0.6],1.0,0.0,1.0
1043,1.0,1,522.0,0,1044,0,False,1.0,1,0.0,[1 2],[1. 0.],1,0,[0.6 0.6],1.0,0.0,1.0
1044,0.0,1,523.0,2,1045,1,False,0.0,0,2.0,[1 2],[1. 0.],1,0,[0.6 0.6],1.0,0.0,1.0
1045,0.0,1,523.0,0,1046,0,False,2.0,1,0.0,[1 1],[1. 0.],0,0,[0.6 0.6],1.0,0.0,1.0
1046,0.0,1,524.0,2,1047,1,False,0.0,0,1.0,[1 1],[1. 0.],0,0,[0.6 0.6],1.0,0.0,1.0
1047,1.0,1,524.0,0,1048,0,False,1.0,1,0.0,[2 1],[1. 0.],0,0,[0.6 0.6],1.0,0.0,1.0
1048,0.0,1,525.0,2,1049,1,False,0.0,0,1.0,[2 1],[1. 0.],0,0,[0.6 0.6],1.0,0.0,1.0
1049,1.0,1,525.0,0,1050,0,False,1.0,1,0.0,[2 1],[1. 0.],1,0,[0.6 0.6],1.0,0.0,1.0
1050,0.0,1,526.0,2,1051,1,False,0.0,0,2.0,[2 1],[1. 0.],1,0,[0.6 0.6],1.0,0.0,1.0
1051,1.0,1,526.0,0,1052,0,False,2.0,1,0.0,[2 1],[1. 0.],0,0,[0.6 0.6],1.0,0.0,1.0
1052,0.0,1,527.0,2,1053,1,False,0.0,0,1.0,[2 1],[1. 0.],0,0,[0.6 0.6],1.0,0.0,1.0
1053,1.0,1,527.0,0,1054,0,False,1.0,1,0.0,[2 2],[1. 0.],1,0,[0.6 0.6],1.0,0.0,1.0
1054,0.0,1,528.0,2,1055,1,False,0.0,0,2.0,[2 2],[1. 0.],1,0,[0.6 0.6],1.0,0.0,1.0
1055,0.0,1,528.0,0,1056,0,False,2.0,1,0.0,[2 2],[1. 0.],1,0,[0.6 0.6],1.0,0.0,1.0
1056,0.0,1,529.0,2,1057,1,False,0.0,0,2.0,[2 2],[1. 0.],1,0,[0.6 0.6],1.0,0.0,1.0
1057,0.0,1,529.0,0,1058,0,False,2.0,1,0.0,[2 1],[1. 0.],1,0,[0.6 0.6],1.0,0.0,1.0
1058,0.0,1,530.0,1,1059,1,False,0.0,0,2.0,[2 1],[1. 0.],1,0,[0.6 0.6],1.0,0.0,1.0
1059,0.0,1,530.0,0,1060,0,False,2.0,1,0.0,[2 2],[1. 0.],1,0,[0.6 0.6],1.0,0.0,1.0
1060,0.0,1,531.0,2,1061,1,False,0.0,0,2.0,[2 2],[1. 0.],1,0,[0.6 0.6],1.0,0.0,1.0
1061,0.0,1,531.0,0,1062,0,False,2.0,1,0.0,[1 1],[1. 0.],1,0,[0.6 0.6],1.0,0.0,1.0
1062,0.0,1,532.0,1,1063,1,False,0.0,0,2.0,[1 1],[1. 0.],1,0,[0.6 0.6],1.0,0.0,1.0
1063,1.0,1,532.0,0,1064,0,False,2.0,1,0.0,[1 1],[1. 0.],1,0,[0.6 0.6],1.0,0.0,1.0
1064,0.0,1,533.0,1,1065,1,False,0.0,0,2.0,[1 1],[1. 0.],1,0,[0.6 0.6],1.0,0.0,1.0
1065,1.0,1,533.0,0,1066,0,False,2.0,1,0.0,[2 2],[1. 0.],0,0,[0.6 0.6],1.0,0.0,1.0
1066,0.0,1,534.0,1,1067,1,False,0.0,0,1.0,[2 2],[1. 0.],0,0,[0.6 0.6],1.0,0.0,1.0
1067,0.0,1,534.0,0,1068,0,False,1.0,1,0.0,[2 1],[1. 0.],0,0,[0.6 0.6],1.0,0.0,1.0
1068,0.0,1,535.0,1,1069,1,False,0.0,0,1.0,[2 1],[1. 0.],0,0,[0.6 0.6],1.0,0.0,1.0
1069,0.0,1,535.0,0,1070,0,False,1.0,1,0.0,[1 1],[1. 0.],1,0,[0.6 0.6],1.0,0.0,1.0
1070,0.0,1,536.0,1,1071,1,False,0.0,0,2.0,[1 1],[1. 0.],1,0,[0.6 0.6],1.0,0.0,1.0
1071,1.0,1,536.0,0,1072,0,False,2.0,1,0.0,[1 1],[1. 0.],0,0,[0.6 0.6],1.0,0.0,1.0
1072,0.0,1,537.0,1,1073,1,False,0.0,0,1.0,[1 1],[1. 0.],0,0,[0.6 0.6],1.0,0.0,1.0
1073,1.0,1,537.0,0,1074,0,False,1.0,1,0.0,[2 2],[1. 0.],1,0,[0.6 0.6],1.0,0.0,1.0
1074,0.0,1,538.0,1,1075,1,False,0.0,0,2.0,[2 2],[1. 0.],1,0,[0.6 0.6],1.0,0.0,1.0
1075,0.0,1,538.0,0,1076,0,False,2.0,1,0.0,[1 2],[1. 0.],0,0,[0.6 0.6],1.0,0.0,1.0
1076,0.0,1,539.0,1,1077,1,False,0.0,0,1.0,[1 2],[1. 0.],0,0,[0.6 0.6],1.0,0.0,1.0
1077,1.0,1,539.0,0,1078,0,False,1.0,1,0.0,[1 2],[1. 0.],1,0,[0.6 0.6],1.0,0.0,1.0
1078,0.0,1,540.0,1,1079,1,False,0.0,0,2.0,[1 2],[1. 0.],1,0,[0.6 0.6],1.0,0.0,1.0
1079,1.0,1,540.0,0,1080,0,False,2.0,1,0.0,[2 1],[1. 0.],0,0,[0.6 0.6],1.0,0.0,1.0
1080,0.0,1,541.0,1,1081,1,False,0.0,0,1.0,[2 1],[1. 0.],0,0,[0.6 0.6],1.0,0.0,1.0
1081,0.0,1,541.0,0,1082,0,False,1.0,1,0.0,[2 1],[1. 0.],0,0,[0.6 0.6],1.0,0.0,1.0
1082,0.0,1,542.0,1,1083,1,False,0.0,0,1.0,[2 1],[1. 0.],0,0,[0.6 0.6],1.0,0.0,1.0
1083,0.0,1,542.0,0,1084,0,False,1.0,1,0.0,[2 1],[1. 0.],1,0,[0.6 0.6],1.0,0.0,1.0
1084,0.0,1,543.0,1,1085,1,False,0.0,0,2.0,[2 1],[1. 0.],1,0,[0.6 0.6],1.0,0.0,1.0
1085,0.0,1,543.0,0,1086,0,False,2.0,1,0.0,[2 1],[1. 0.],1,0,[0.6 0.6],1.0,0.0,1.0
1086,0.0,1,544.0,1,1087,1,False,0.0,0,2.0,[2 1],[1. 0.],1,0,[0.6 0.6],1.0,0.0,1.0
1087,0.0,1,544.0,0,1088,0,False,2.0,1,0.0,[1 2],[1. 0.],0,0,[0.6 0.6],1.0,0.0,1.0
1088,0.0,1,545.0,2,1089,1,False,0.0,0,1.0,[1 2],[1. 0.],0,0,[0.6 0.6],1.0,0.0,1.0
1089,0.0,1,545.0,0,1090,0,False,1.0,1,0.0,[2 1],[1. 0.],0,0,[0.6 0.6],1.0,0.0,1.0
1090,0.0,1,546.0,1,1091,1,False,0.0,0,1.0,[2 1],[1. 0.],0,0,[0.6 0.6],1.0,0.0,1.0
1091,0.0,1,546.0,0,1092,0,False,1.0,1,0.0,[2 1],[1. 0.],0,0,[0.6 0.6],1.0,0.0,1.0
1092,0.0,1,547.0,2,1093,1,False,0.0,0,1.0,[2 1],[1. 0.],0,0,[0.6 0.6],1.0,0.0,1.0
1093,1.0,1,547.0,0,1094,0,False,1.0,1,0.0,[2 2],[1. 0.],0,0,[0.6 0.6],1.0,0.0,1.0
1094,0.0,1,548.0,2,1095,1,False,0.0,0,1.0,[2 2],[1. 0.],0,0,[0.6 0.6],1.0,0.0,1.0
1095,0.0,1,548.0,0,1096,0,False,1.0,1,0.0,[1 2],[1. 0.],1,0,[0.6 0.6],1.0,0.0,1.0
1096,0.0,1,549.0,2,1097,1,False,0.0,0,2.0,[1 2],[1. 0.],1,0,[0.6 0.6],1.0,0.0,1.0
1097,0.0,1,549.0,0,1098,0,False,2.0,1,0.0,[1 1],[1. 0.],0,0,[0.6 0.6],1.0,0.0,1.0
1098,0.0,1,550.0,2,1099,1,False,0.0,0,1.0,[1 1],[1. 0.],0,0,[0.6 0.6],1.0,0.0,1.0
1099,1.0,1,550.0,0,1100,0,False,1.0,1,0.0,[1 1],[1. 0.],0,0,[0.6 0.6],1.0,0.0,1.0
1100,0.0,1,551.0,2,1101,1,False,0.0,0,1.0,[1 1],[1. 0.],0,0,[0.6 0.6],1.0,0.0,1.0
1101,1.0,1,551.0,0,1102,0,False,1.0,1,0.0,[1 2],[1. 0.],0,0,[0.6 0.6],1.0,0.0,1.0
1102,0.0,1,552.0,2,1103,1,False,0.0,0,1.0,[1 2],[1. 0.],0,0,[0.6 0.6],1.0,0.0,1.0
1103,0.0,1,552.0,0,1104,0,False,1.0,1,0.0,[1 2],[1. 0.],0,0,[0.6 0.6],1.0,0.0,1.0
1104,0.0,1,553.0,2,1105,1,False,0.0,0,1.0,[1 2],[1. 0.],0,0,[0.6 0.6],1.0,0.0,1.0
1105,0.0,1,553.0,0,1106,0,False,1.0,1,0.0,[1 1],[1. 0.],0,0,[0.6 0.6],1.0,0.0,1.0
1106,0.0,1,554.0,2,1107,1,False,0.0,0,1.0,[1 1],[1. 0.],0,0,[0.6 0.6],1.0,0.0,1.0
1107,1.0,1,554.0,0,1108,0,False,1.0,1,0.0,[2 1],[1. 0.],1,0,[0.6 0.6],1.0,0.0,1.0
1108,0.0,1,555.0,2,1109,1,False,0.0,0,2.0,[2 1],[1. 0.],1,0,[0.6 0.6],1.0,0.0,1.0
1109,1.0,1,555.0,0,1110,0,False,2.0,1,0.0,[2 1],[1. 0.],1,0,[0.6 0.6],1.0,0.0,1.0
1110,0.0,1,556.0,2,1111,1,False,0.0,0,2.0,[2 1],[1. 0.],1,0,[0.6 0.6],1.0,0.0,1.0
1111,1.0,1,556.0,0,1112,0,False,2.0,1,0.0,[1 1],[1. 0.],0,0,[0.6 0.6],1.0,0.0,1.0
1112,0.0,1,557.0,2,1113,1,False,0.0,0,1.0,[1 1],[1. 0.],0,0,[0.6 0.6],1.0,0.0,1.0
1113,1.0,1,557.0,0,1114,0,False,1.0,1,0.0,[2 2],[1. 0.],0,0,[0.6 0.6],1.0,0.0,1.0
1114,0.0,1,558.0,2,1115,1,False,0.0,0,1.0,[2 2],[1. 0.],0,0,[0.6 0.6],1.0,0.0,1.0
1115,0.0,1,558.0,0,1116,0,False,1.0,1,0.0,[2 2],[1. 0.],0,0,[0.6 0.6],1.0,0.0,1.0
1116,0.0,1,559.0,2,1117,1,False,0.0,0,1.0,[2 2],[1. 0.],0,0,[0.6 0.6],1.0,0.0,1.0
1117,0.0,1,559.0,0,1118,0,False,1.0,1,0.0,[2 1],[1. 0.],0,0,[0.6 0.6],1.0,0.0,1.0
1118,0.0,1,560.0,2,1119,1,False,0.0,0,1.0,[2 1],[1. 0.],0,0,[0.6 0.6],1.0,0.0,1.0
1119,1.0,1,560.0,0,1120,0,False,1.0,1,0.0,[2 2],[1. 0.],1,0,[0.6 0.6],1.0,0.0,1.0
1120,0.0,1,561.0,2,1121,1,False,0.0,0,2.0,[2 2],[1. 0.],1,0,[0.6 0.6],1.0,0.0,1.0
1121,0.0,1,561.0,0,1122,0,False,2.0,1,0.0,[2 1],[1. 0.],0,0,[0.6 0.6],1.0,0.0,1.0
1122,0.0,1,562.0,2,1123,1,False,0.0,0,1.0,[2 1],[1. 0.],0,0,[0.6 0.6],1.0,0.0,1.0
1123,1.0,1,562.0,0,1124,0,False,1.0,1,0.0,[2 1],[1. 0.],0,0,[0.6 0.6],1.0,0.0,1.0
1124,0.0,1,563.0,2,1125,1,False,0.0,0,1.0,[2 1],[1. 0.],0,0,[0.6 0.6],1.0,0.0,1.0
1125,1.0,1,563.0,0,1126,0,False,1.0,1,0.0,[1 2],[1. 0.],1,0,[0.6 0.6],1.0,0.0,1.0
1126,0.0,1,564.0,2,1127,1,False,0.0,0,2.0,[1 2],[1. 0.],1,0,[0.6 0.6],1.0,0.0,1.0
1127,0.0,1,564.0,0,1128,0,False,2.0,1,0.0,[2 1],[1. 0.],0,0,[0.6 0.6],1.0,0.0,1.0
1128,0.0,1,565.0,2,1129,1,False,0.0,0,1.0,[2 1],[1. 0.],0,0,[0.6 0.6],1.0,0.0,1.0
1129,1.0,1,565.0,0,1130,0,False,1.0,1,0.0,[2 2],[0. 1.],1,1,[0.6 0.6],1.0,0.0,1.0
1130,0.0,1,566.0,2,1131,1,False,0.0,0,2.0,[2 2],[0. 1.],1,1,[0.6 0.6],1.0,0.0,1.0
1131,1.0,1,566.0,0,1132,0,False,2.0,1,0.0,[1 1],[0. 1.],1,1,[0.6 0.6],1.0,0.0,1.0
1132,0.0,1,567.0,2,1133,1,False,0.0,0,2.0,[1 1],[0. 1.],1,1,[0.6 0.6],1.0,0.0,1.0
1133,0.0,1,567.0,0,1134,0,False,2.0,1,0.0,[2 2],[0. 1.],0,1,[0.6 0.6],1.0,0.0,1.0
1134,0.0,1,568.0,2,1135,1,False,0.0,0,1.0,[2 2],[0. 1.],0,1,[0.6 0.6],1.0,0.0,1.0
1135,1.0,1,568.0,0,1136,0,False,1.0,1,0.0,[2 1],[0. 1.],1,1,[0.6 0.6],1.0,0.0,1.0
1136,0.0,1,569.0,2,1137,1,False,0.0,0,2.0,[2 1],[0. 1.],1,1,[0.6 0.6],1.0,0.0,1.0
1137,0.0,1,569.0,0,1138,0,False,2.0,1,0.0,[1 2],[0. 1.],0,1,[0.6 0.6],1.0,0.0,1.0
1138,0.0,1,570.0,2,1139,1,False,0.0,0,1.0,[1 2],[0. 1.],0,1,[0.6 0.6],1.0,0.0,1.0
1139,1.0,1,570.0,0,1140,0,False,1.0,1,0.0,[2 2],[0. 1.],1,1,[0.6 0.6],1.0,0.0,1.0
1140,0.0,1,571.0,2,1141,1,False,0.0,0,2.0,[2 2],[0. 1.],1,1,[0.6 0.6],1.0,0.0,1.0
1141,1.0,1,571.0,0,1142,0,False,2.0,1,0.0,[2 1],[0. 1.],0,1,[0.6 0.6],1.0,0.0,1.0
1142,0.0,1,572.0,2,1143,1,False,0.0,0,1.0,[2 1],[0. 1.],0,1,[0.6 0.6],1.0,0.0,1.0
1143,0.0,1,572.0,0,1144,0,False,1.0,1,0.0,[1 2],[0. 1.],1,1,[0.6 0.6],1.0,0.0,1.0
1144,0.0,1,573.0,2,1145,1,False,0.0,0,2.0,[1 2],[0. 1.],1,1,[0.6 0.6],1.0,0.0,1.0
1145,1.0,1,573.0,0,1146,0,False,2.0,1,0.0,[2 1],[0. 1.],0,1,[0.6 0.6],1.0,0.0,1.0
1146,0.0,1,574.0,2,1147,1,False,0.0,0,1.0,[2 1],[0. 1.],0,1,[0.6 0.6],1.0,0.0,1.0
1147,0.0,1,574.0,0,1148,0,False,1.0,1,0.0,[2 1],[0. 1.],1,1,[0.6 0.6],1.0,0.0,1.0
1148,0.0,1,575.0,2,1149,1,False,0.0,0,2.0,[2 1],[0. 1.],1,1,[0.6 0.6],1.0,0.0,1.0
1149,0.0,1,575.0,0,1150,0,False,2.0,1,0.0,[2 1],[0. 1.],0,1,[0.6 0.6],1.0,0.0,1.0
1150,0.0,1,576.0,2,1151,1,False,0.0,0,1.0,[2 1],[0. 1.],0,1,[0.6 0.6],1.0,0.0,1.0
1151,0.0,1,576.0,0,1152,0,False,1.0,1,0.0,[1 2],[1. 0.],1,0,[0.6 0.6],1.0,0.0,1.0
1152,0.0,1,577.0,2,1153,1,False,0.0,0,2.0,[1 2],[1. 0.],1,0,[0.6 0.6],1.0,0.0,1.0
1153,0.0,1,577.0,0,1154,0,False,2.0,1,0.0,[1 2],[1. 0.],0,0,[0.6 0.6],1.0,0.0,1.0
1154,0.0,1,578.0,1,1155,1,False,0.0,0,1.0,[1 2],[1. 0.],0,0,[0.6 0.6],1.0,0.0,1.0
1155,1.0,1,578.0,0,1156,0,False,1.0,1,0.0,[2 1],[1. 0.],1,0,[0.6 0.6],1.0,0.0,1.0
1156,0.0,1,579.0,1,1157,1,False,0.0,0,2.0,[2 1],[1. 0.],1,0,[0.6 0.6],1.0,0.0,1.0
1157,0.0,1,579.0,0,1158,0,False,2.0,1,0.0,[2 2],[1. 0.],1,0,[0.6 0.6],1.0,0.0,1.0
1158,0.0,1,580.0,1,1159,1,False,0.0,0,2.0,[2 2],[1. 0.],1,0,[0.6 0.6],1.0,0.0,1.0
1159,0.0,1,580.0,0,1160,0,False,2.0,1,0.0,[2 1],[1. 0.],0,0,[0.6 0.6],1.0,0.0,1.0
1160,0.0,1,581.0,2,1161,1,False,0.0,0,1.0,[2 1],[1. 0.],0,0,[0.6 0.6],1.0,0.0,1.0
1161,1.0,1,581.0,0,1162,0,False,1.0,1,0.0,[2 1],[1. 0.],1,0,[0.6 0.6],1.0,0.0,1.0
1162,0.0,1,582.0,2,1163,1,False,0.0,0,2.0,[2 1],[1. 0.],1,0,[0.6 0.6],1.0,0.0,1.0
1163,1.0,1,582.0,0,1164,0,False,2.0,1,0.0,[1 1],[1. 0.],0,0,[0.6 0.6],1.0,0.0,1.0
1164,0.0,1,583.0,2,1165,1,False,0.0,0,1.0,[1 1],[1. 0.],0,0,[0.6 0.6],1.0,0.0,1.0
1165,1.0,1,583.0,0,1166,0,False,1.0,1,0.0,[2 2],[1. 0.],1,0,[0.6 0.6],1.0,0.0,1.0
1166,0.0,1,584.0,2,1167,1,False,0.0,0,2.0,[2 2],[1. 0.],1,0,[0.6 0.6],1.0,0.0,1.0
1167,0.0,1,584.0,0,1168,0,False,2.0,1,0.0,[2 1],[1. 0.],1,0,[0.6 0.6],1.0,0.0,1.0
1168,0.0,1,585.0,2,1169,1,False,0.0,0,2.0,[2 1],[1. 0.],1,0,[0.6 0.6],1.0,0.0,1.0
1169,1.0,1,585.0,0,1170,0,False,2.0,1,0.0,[2 1],[0. 1.],0,1,[0.6 0.6],1.0,0.0,1.0
1170,0.0,1,586.0,2,1171,1,False,0.0,0,1.0,[2 1],[0. 1.],0,1,[0.6 0.6],1.0,0.0,1.0
1171,0.0,1,586.0,0,1172,0,False,1.0,1,0.0,[1 1],[0. 1.],1,1,[0.6 0.6],1.0,0.0,1.0
1172,0.0,1,587.0,2,1173,1,False,0.0,0,2.0,[1 1],[0. 1.],1,1,[0.6 0.6],1.0,0.0,1.0
1173,0.0,1,587.0,0,1174,0,False,2.0,1,0.0,[1 1],[0. 1.],0,1,[0.6 0.6],1.0,0.0,1.0
1174,0.0,1,588.0,1,1175,1,False,0.0,0,1.0,[1 1],[0. 1.],0,1,[0.6 0.6],1.0,0.0,1.0
1175,0.0,1,588.0,0,1176,0,False,1.0,1,0.0,[1 2],[0. 1.],1,1,[0.6 0.6],1.0,0.0,1.0
1176,0.0,1,589.0,1,1177,1,False,0.0,0,2.0,[1 2],[0. 1.],1,1,[0.6 0.6],1.0,0.0,1.0
1177,0.0,1,589.0,0,1178,0,False,2.0,1,0.0,[1 2],[0. 1.],0,1,[0.6 0.6],1.0,0.0,1.0
1178,0.0,1,590.0,2,1179,1,False,0.0,0,1.0,[1 2],[0. 1.],0,1,[0.6 0.6],1.0,0.0,1.0
1179,1.0,1,590.0,0,1180,0,False,1.0,1,0.0,[1 1],[0. 1.],1,1,[0.6 0.6],1.0,0.0,1.0
1180,0.0,1,591.0,2,1181,1,False,0.0,0,2.0,[1 1],[0. 1.],1,1,[0.6 0.6],1.0,0.0,1.0
1181,0.0,1,591.0,0,1182,0,False,2.0,1,0.0,[2 1],[0. 1.],0,1,[0.6 0.6],1.0,0.0,1.0
1182,0.0,1,592.0,2,1183,1,False,0.0,0,1.0,[2 1],[0. 1.],0,1,[0.6 0.6],1.0,0.0,1.0
1183,0.0,1,592.0,0,1184,0,False,1.0,1,0.0,[2 1],[0. 1.],1,1,[0.6 0.6],1.0,0.0,1.0
1184,0.0,1,593.0,2,1185,1,False,0.0,0,2.0,[2 1],[0. 1.],1,1,[0.6 0.6],1.0,0.0,1.0
1185,0.0,1,593.0,0,1186,0,False,2.0,1,0.0,[2 1],[0. 1.],0,1,[0.6 0.6],1.0,0.0,1.0
1186,0.0,1,594.0,1,1187,1,False,0.0,0,1.0,[2 1],[0. 1.],0,1,[0.6 0.6],1.0,0.0,1.0
1187,1.0,1,594.0,0,1188,0,False,1.0,1,0.0,[2 2],[0. 1.],1,1,[0.6 0.6],1.0,0.0,1.0
1188,0.0,1,595.0,1,1189,1,False,0.0,0,2.0,[2 2],[0. 1.],1,1,[0.6 0.6],1.0,0.0,1.0
1189,1.0,1,595.0,0,1190,0,False,2.0,1,0.0,[2 1],[0. 1.],1,1,[0.6 0.6],1.0,0.0,1.0
1190,0.0,1,596.0,1,1191,1,False,0.0,0,2.0,[2 1],[0. 1.],1,1,[0.6 0.6],1.0,0.0,1.0
1191,1.0,1,596.0,0,1192,0,False,2.0,1,0.0,[1 2],[0. 1.],1,1,[0.6 0.6],1.0,0.0,1.0
1192,0.0,1,597.0,1,1193,1,False,0.0,0,2.0,[1 2],[0. 1.],1,1,[0.6 0.6],1.0,0.0,1.0
1193,0.0,1,597.0,0,1194,0,False,2.0,1,0.0,[2 1],[0. 1.],1,1,[0.6 0.6],1.0,0.0,1.0
1194,0.0,1,598.0,1,1195,1,False,0.0,0,2.0,[2 1],[0. 1.],1,1,[0.6 0.6],1.0,0.0,1.0
1195,1.0,1,598.0,0,1196,0,False,2.0,1,0.0,[2 2],[0. 1.],1,1,[0.6 0.6],1.0,0.0,1.0
1196,0.0,1,599.0,1,1197,1,False,0.0,0,2.0,[2 2],[0. 1.],1,1,[0.6 0.6],1.0,0.0,1.0
1197,1.0,1,599.0,0,1198,0,False,2.0,1,0.0,[2 2],[0. 1.],1,1,[0.6 0.6],1.0,0.0,1.0
1198,0.0,1,600.0,1,1199,1,False,0.0,0,2.0,[2 2],[0. 1.],1,1,[0.6 0.6],1.0,0.0,1.0
1199,1.0,1,600.0,0,1200,0,False,2.0,1,0.0,[1 1],[0. 1.],0,1,[0.6 0.6],1.0,0.0,1.0
1200,0.0,1,601.0,1,1201,1,False,0.0,0,1.0,[1 1],[0. 1.],0,1,[0.6 0.6],1.0,0.0,1.0
1201,0.0,1,601.0,0,1202,0,False,1.0,1,0.0,[2 1],[0. 1.],1,1,[0.6 0.6],1.0,0.0,1.0
1202,0.0,1,602.0,1,1203,1,False,0.0,0,2.0,[2 1],[0. 1.],1,1,[0.6 0.6],1.0,0.0,1.0
1203,1.0,1,602.0,0,1204,0,False,2.0,1,0.0,[1 1],[0. 1.],1,1,[0.6 0.6],1.0,0.0,1.0
1204,0.0,1,603.0,1,1205,1,False,0.0,0,2.0,[1 1],[0. 1.],1,1,[0.6 0.6],1.0,0.0,1.0
1205,0.0,1,603.0,0,1206,0,False,2.0,1,0.0,[1 1],[0. 1.],1,1,[0.6 0.6],1.0,0.0,1.0
1206,0.0,1,604.0,1,1207,1,False,0.0,0,2.0,[1 1],[0. 1.],1,1,[0.6 0.6],1.0,0.0,1.0
1207,0.0,1,604.0,0,1208,0,False,2.0,1,0.0,[2 1],[0. 1.],1,1,[0.6 0.6],1.0,0.0,1.0
1208,0.0,1,605.0,1,1209,1,False,0.0,0,2.0,[2 1],[0. 1.],1,1,[0.6 0.6],1.0,0.0,1.0
1209,1.0,1,605.0,0,1210,0,False,2.0,1,0.0,[2 1],[0. 1.],0,1,[0.6 0.6],1.0,0.0,1.0
1210,0.0,1,606.0,1,1211,1,False,0.0,0,1.0,[2 1],[0. 1.],0,1,[0.6 0.6],1.0,0.0,1.0
1211,1.0,1,606.0,0,1212,0,False,1.0,1,0.0,[2 2],[0. 1.],0,1,[0.6 0.6],1.0,0.0,1.0
1212,0.0,1,607.0,1,1213,1,False,0.0,0,1.0,[2 2],[0. 1.],0,1,[0.6 0.6],1.0,0.0,1.0
1213,1.0,1,607.0,0,1214,0,False,1.0,1,0.0,[2 2],[0. 1.],0,1,[0.6 0.6],1.0,0.0,1.0
1214,0.0,1,608.0,1,1215,1,False,0.0,0,1.0,[2 2],[0. 1.],0,1,[0.6 0.6],1.0,0.0,1.0
1215,1.0,1,608.0,0,1216,0,False,1.0,1,0.0,[2 2],[0. 1.],0,1,[0.6 0.6],1.0,0.0,1.0
1216,0.0,1,609.0,1,1217,1,False,0.0,0,1.0,[2 2],[0. 1.],0,1,[0.6 0.6],1.0,0.0,1.0
1217,1.0,1,609.0,0,1218,0,False,1.0,1,0.0,[1 2],[0. 1.],1,1,[0.6 0.6],1.0,0.0,1.0
1218,0.0,1,610.0,1,1219,1,False,0.0,0,2.0,[1 2],[0. 1.],1,1,[0.6 0.6],1.0,0.0,1.0
1219,0.0,1,610.0,0,1220,0,False,2.0,1,0.0,[1 1],[0. 1.],0,1,[0.6 0.6],1.0,0.0,1.0
1220,0.0,1,611.0,1,1221,1,False,0.0,0,1.0,[1 1],[0. 1.],0,1,[0.6 0.6],1.0,0.0,1.0
1221,0.0,1,611.0,0,1222,0,False,1.0,1,0.0,[1 1],[0. 1.],1,1,[0.6 0.6],1.0,0.0,1.0
1222,0.0,1,612.0,1,1223,1,False,0.0,0,2.0,[1 1],[0. 1.],1,1,[0.6 0.6],1.0,0.0,1.0
1223,0.0,1,612.0,0,1224,0,False,2.0,1,0.0,[1 2],[1. 0.],1,0,[0.6 0.6],1.0,0.0,1.0
1224,0.0,1,613.0,2,1225,1,False,0.0,0,2.0,[1 2],[1. 0.],1,0,[0.6 0.6],1.0,0.0,1.0
1225,0.0,1,613.0,0,1226,0,False,2.0,1,0.0,[1 1],[1. 0.],1,0,[0.6 0.6],1.0,0.0,1.0
1226,0.0,1,614.0,1,1227,1,False,0.0,0,2.0,[1 1],[1. 0.],1,0,[0.6 0.6],1.0,0.0,1.0
1227,1.0,1,614.0,0,1228,0,False,2.0,1,0.0,[2 1],[1. 0.],1,0,[0.6 0.6],1.0,0.0,1.0
1228,0.0,1,615.0,1,1229,1,False,0.0,0,2.0,[2 1],[1. 0.],1,0,[0.6 0.6],1.0,0.0,1.0
1229,0.0,1,615.0,0,1230,0,False,2.0,1,0.0,[1 1],[1. 0.],1,0,[0.6 0.6],1.0,0.0,1.0
1230,0.0,1,616.0,1,1231,1,False,0.0,0,2.0,[1 1],[1. 0.],1,0,[0.6 0.6],1.0,0.0,1.0
1231,1.0,1,616.0,0,1232,0,False,2.0,1,0.0,[1 2],[1. 0.],0,0,[0.6 0.6],1.0,0.0,1.0
1232,0.0,1,617.0,1,1233,1,False,0.0,0,1.0,[1 2],[1. 0.],0,0,[0.6 0.6],1.0,0.0,1.0
1233,1.0,1,617.0,0,1234,0,False,1.0,1,0.0,[1 1],[1. 0.],0,0,[0.6 0.6],1.0,0.0,1.0
1234,0.0,1,618.0,1,1235,1,False,0.0,0,1.0,[1 1],[1. 0.],0,0,[0.6 0.6],1.0,0.0,1.0
1235,1.0,1,618.0,0,1236,0,False,1.0,1,0.0,[1 2],[1. 0.],0,0,[0.6 0.6],1.0,0.0,1.0
1236,0.0,1,619.0,1,1237,1,False,0.0,0,1.0,[1 2],[1. 0.],0,0,[0.6 0.6],1.0,0.0,1.0
1237,1.0,1,619.0,0,1238,0,False,1.0,1,0.0,[2 1],[1. 0.],0,0,[0.6 0.6],1.0,0.0,1.0
1238,0.0,1,620.0,1,1239,1,False,0.0,0,1.0,[2 1],[1. 0.],0,0,[0.6 0.6],1.0,0.0,1.0
1239,0.0,1,620.0,0,1240,0,False,1.0,1,0.0,[2 2],[1. 0.],0,0,[0.6 0.6],1.0,0.0,1.0
1240,0.0,1,621.0,1,1241,1,False,0.0,0,1.0,[2 2],[1. 0.],0,0,[0.6 0.6],1.0,0.0,1.0
1241,0.0,1,621.0,0,1242,0,False,1.0,1,0.0,[1 1],[1. 0.],1,0,[0.6 0.6],1.0,0.0,1.0
1242,0.0,1,622.0,1,1243,1,False,0.0,0,2.0,[1 1],[1. 0.],1,0,[0.6 0.6],1.0,0.0,1.0
1243,1.0,1,622.0,0,1244,0,False,2.0,1,0.0,[2 2],[1. 0.],0,0,[0.6 0.6],1.0,0.0,1.0
1244,0.0,1,623.0,1,1245,1,False,0.0,0,1.0,[2 2],[1. 0.],0,0,[0.6 0.6],1.0,0.0,1.0
1245,0.0,1,623.0,0,1246,0,False,1.0,1,0.0,[2 2],[1. 0.],1,0,[0.6 0.6],1.0,0.0,1.0
1246,0.0,1,624.0,1,1247,1,False,0.0,0,2.0,[2 2],[1. 0.],1,0,[0.6 0.6],1.0,0.0,1.0
1247,0.0,1,624.0,0,1248,0,False,2.0,1,0.0,[1 2],[1. 0.],0,0,[0.6 0.6],1.0,0.0,1.0
1248,0.0,1,625.0,1,1249,1,False,0.0,0,1.0,[1 2],[1. 0.],0,0,[0.6 0.6],1.0,0.0,1.0
1249,1.0,1,625.0,0,1250,0,False,1.0,1,0.0,[1 2],[1. 0.],1,0,[0.6 0.6],1.0,0.0,1.0
1250,0.0,1,626.0,1,1251,1,False,0.0,0,2.0,[1 2],[1. 0.],1,0,[0.6 0.6],1.0,0.0,1.0
1251,1.0,1,626.0,0,1252,0,False,2.0,1,0.0,[2 1],[1. 0.],0,0,[0.6 0.6],1.0,0.0,1.0
1252,0.0,1,627.0,1,1253,1,False,0.0,0,1.0,[2 1],[1. 0.],0,0,[0.6 0.6],1.0,0.0,1.0
1253,0.0,1,627.0,0,1254,0,False,1.0,1,0.0,[2 2],[1. 0.],0,0,[0.6 0.6],1.0,0.0,1.0
1254,0.0,1,628.0,1,1255,1,False,0.0,0,1.0,[2 2],[1. 0.],0,0,[0.6 0.6],1.0,0.0,1.0
1255,0.0,1,628.0,0,1256,0,False,1.0,1,0.0,[1 2],[1. 0.],0,0,[0.6 0.6],1.0,0.0,1.0
1256,0.0,1,629.0,1,1257,1,False,0.0,0,1.0,[1 2],[1. 0.],0,0,[0.6 0.6],1.0,0.0,1.0
1257,1.0,1,629.0,0,1258,0,False,1.0,1,0.0,[1 1],[1. 0.],0,0,[0.6 0.6],1.0,0.0,1.0
1258,0.0,1,630.0,1,1259,1,False,0.0,0,1.0,[1 1],[1. 0.],0,0,[0.6 0.6],1.0,0.0,1.0
1259,1.0,1,630.0,0,1260,0,False,1.0,1,0.0,[2 1],[1. 0.],0,0,[0.6 0.6],1.0,0.0,1.0
1260,0.0,1,631.0,1,1261,1,False,0.0,0,1.0,[2 1],[1. 0.],0,0,[0.6 0.6],1.0,0.0,1.0
1261,0.0,1,631.0,0,1262,0,False,1.0,1,0.0,[2 2],[1. 0.],1,0,[0.6 0.6],1.0,0.0,1.0
1262,0.0,1,632.0,1,1263,1,False,0.0,0,2.0,[2 2],[1. 0.],1,0,[0.6 0.6],1.0,0.0,1.0
1263,0.0,1,632.0,0,1264,0,False,2.0,1,0.0,[2 2],[1. 0.],0,0,[0.6 0.6],1.0,0.0,1.0
1264,0.0,1,633.0,1,1265,1,False,0.0,0,1.0,[2 2],[1. 0.],0,0,[0.6 0.6],1.0,0.0,1.0
1265,0.0,1,633.0,0,1266,0,False,1.0,1,0.0,[1 2],[1. 0.],0,0,[0.6 0.6],1.0,0.0,1.0
1266,0.0,1,634.0,1,1267,1,False,0.0,0,1.0,[1 2],[1. 0.],0,0,[0.6 0.6],1.0,0.0,1.0
1267,1.0,1,634.0,0,1268,0,False,1.0,1,0.0,[1 1],[1. 0.],1,0,[0.6 0.6],1.0,0.0,1.0
1268,0.0,1,635.0,1,1269,1,False,0.0,0,2.0,[1 1],[1. 0.],1,0,[0.6 0.6],1.0,0.0,1.0
1269,1.0,1,635.0,0,1270,0,False,2.0,1,0.0,[1 2],[1. 0.],1,0,[0.6 0.6],1.0,0.0,1.0
1270,0.0,1,636.0,1,1271,1,False,0.0,0,2.0,[1 2],[1. 0.],1,0,[0.6 0.6],1.0,0.0,1.0
1271,1.0,1,636.0,0,1272,0,False,2.0,1,0.0,[1 1],[1. 0.],0,0,[0.6 0.6],1.0,0.0,1.0
1272,0.0,1,637.0,1,1273,1,False,0.0,0,1.0,[1 1],[1. 0.],0,0,[0.6 0.6],1.0,0.0,1.0
1273,1.0,1,637.0,0,1274,0,False,1.0,1,0.0,[2 1],[1. 0.],1,0,[0.6 0.6],1.0,0.0,1.0
1274,0.0,1,638.0,1,1275,1,False,0.0,0,2.0,[2 1],[1. 0.],1,0,[0.6 0.6],1.0,0.0,1.0
1275,0.0,1,638.0,0,1276,0,False,2.0,1,0.0,[2 2],[1. 0.],0,0,[0.6 0.6],1.0,0.0,1.0
1276,0.0,1,639.0,1,1277,1,False,0.0,0,1.0,[2 2],[1. 0.],0,0,[0.6 0.6],1.0,0.0,1.0
1277,0.0,1,639.0,0,1278,0,False,1.0,1,0.0,[1 1],[1. 0.],0,0,[0.6 0.6],1.0,0.0,1.0
1278,0.0,1,640.0,1,1279,1,False,0.0,0,1.0,[1 1],[1. 0.],0,0,[0.6 0.6],1.0,0.0,1.0
1279,1.0,1,640.0,0,1280,0,False,1.0,1,0.0,[2 2],[1. 0.],0,0,[0.6 0.6],1.0,0.0,1.0
1280,0.0,1,641.0,1,1281,1,False,0.0,0,1.0,[2 2],[1. 0.],0,0,[0.6 0.6],1.0,0.0,1.0
1281,0.0,1,641.0,0,1282,0,False,1.0,1,0.0,[1 1],[1. 0.],1,0,[0.6 0.6],1.0,0.0,1.0
1282,0.0,1,642.0,1,1283,1,False,0.0,0,2.0,[1 1],[1. 0.],1,0,[0.6 0.6],1.0,0.0,1.0
1283,1.0,1,642.0,0,1284,0,False,2.0,1,0.0,[1 2],[1. 0.],1,0,[0.6 0.6],1.0,0.0,1.0
1284,0.0,1,643.0,1,1285,1,False,0.0,0,2.0,[1 2],[1. 0.],1,0,[0.6 0.6],1.0,0.0,1.0
1285,1.0,1,643.0,0,1286,0,False,2.0,1,0.0,[2 1],[1. 0.],0,0,[0.6 0.6],1.0,0.0,1.0
1286,0.0,1,644.0,1,1287,1,False,0.0,0,1.0,[2 1],[1. 0.],0,0,[0.6 0.6],1.0,0.0,1.0
1287,0.0,1,644.0,0,1288,0,False,1.0,1,0.0,[1 1],[1. 0.],1,0,[0.6 0.6],1.0,0.0,1.0
1288,0.0,1,645.0,1,1289,1,False,0.0,0,2.0,[1 1],[1. 0.],1,0,[0.6 0.6],1.0,0.0,1.0
1289,1.0,1,645.0,0,1290,0,False,2.0,1,0.0,[2 1],[1. 0.],1,0,[0.6 0.6],1.0,0.0,1.0
1290,0.0,1,646.0,1,1291,1,False,0.0,0,2.0,[2 1],[1. 0.],1,0,[0.6 0.6],1.0,0.0,1.0
1291,0.0,1,646.0,0,1292,0,False,2.0,1,0.0,[1 1],[1. 0.],0,0,[0.6 0.6],1.0,0.0,1.0
1292,0.0,1,647.0,1,1293,1,False,0.0,0,1.0,[1 1],[1. 0.],0,0,[0.6 0.6],1.0,0.0,1.0
1293,1.0,1,647.0,0,1294,0,False,1.0,1,0.0,[2 1],[1. 0.],0,0,[0.6 0.6],1.0,0.0,1.0
1294,0.0,1,648.0,1,1295,1,False,0.0,0,1.0,[2 1],[1. 0.],0,0,[0.6 0.6],1.0,0.0,1.0
1295,0.0,1,648.0,0,1296,0,False,1.0,1,0.0,[2 1],[1. 0.],1,0,[0.6 0.6],1.0,0.0,1.0
1296,0.0,1,649.0,1,1297,1,False,0.0,0,2.0,[2 1],[1. 0.],1,0,[0.6 0.6],1.0,0.0,1.0
1297,0.0,1,649.0,0,1298,0,False,2.0,1,0.0,[1 1],[1. 0.],1,0,[0.6 0.6],1.0,0.0,1.0
1298,0.0,1,650.0,1,1299,1,False,0.0,0,2.0,[1 1],[1. 0.],1,0,[0.6 0.6],1.0,0.0,1.0
1299,1.0,1,650.0,0,1300,0,False,2.0,1,0.0,[2 1],[1. 0.],1,0,[0.6 0.6],1.0,0.0,1.0
1300,0.0,1,651.0,1,1301,1,False,0.0,0,2.0,[2 1],[1. 0.],1,0,[0.6 0.6],1.0,0.0,1.0
1301,0.0,1,651.0,0,1302,0,False,2.0,1,0.0,[2 1],[1. 0.],0,0,[0.6 0.6],1.0,0.0,1.0
1302,0.0,1,652.0,1,1303,1,False,0.0,0,1.0,[2 1],[1. 0.],0,0,[0.6 0.6],1.0,0.0,1.0
1303,0.0,1,652.0,0,1304,0,False,1.0,1,0.0,[2 2],[1. 0.],0,0,[0.6 0.6],1.0,0.0,1.0
1304,0.0,1,653.0,2,1305,1,False,0.0,0,1.0,[2 2],[1. 0.],0,0,[0.6 0.6],1.0,0.0,1.0
1305,0.0,1,653.0,0,1306,0,False,1.0,1,0.0,[1 1],[1. 0.],1,0,[0.6 0.6],1.0,0.0,1.0
1306,0.0,1,654.0,1,1307,1,False,0.0,0,2.0,[1 1],[1. 0.],1,0,[0.6 0.6],1.0,0.0,1.0
1307,1.0,1,654.0,0,1308,0,False,2.0,1,0.0,[2 1],[1. 0.],1,0,[0.6 0.6],1.0,0.0,1.0
1308,0.0,1,655.0,1,1309,1,False,0.0,0,2.0,[2 1],[1. 0.],1,0,[0.6 0.6],1.0,0.0,1.0
1309,0.0,1,655.0,0,1310,0,False,2.0,1,0.0,[2 2],[1. 0.],1,0,[0.6 0.6],1.0,0.0,1.0
1310,0.0,1,656.0,1,1311,1,False,0.0,0,2.0,[2 2],[1. 0.],1,0,[0.6 0.6],1.0,0.0,1.0
1311,0.0,1,656.0,0,1312,0,False,2.0,1,0.0,[2 1],[0. 1.],0,1,[0.6 0.6],1.0,0.0,1.0
1312,0.0,1,657.0,2,1313,1,False,0.0,0,1.0,[2 1],[0. 1.],0,1,[0.6 0.6],1.0,0.0,1.0
1313,0.0,1,657.0,0,1314,0,False,1.0,1,0.0,[1 1],[0. 1.],0,1,[0.6 0.6],1.0,0.0,1.0
1314,0.0,1,658.0,1,1315,1,False,0.0,0,1.0,[1 1],[0. 1.],0,1,[0.6 0.6],1.0,0.0,1.0
1315,0.0,1,658.0,0,1316,0,False,1.0,1,0.0,[1 2],[0. 1.],0,1,[0.6 0.6],1.0,0.0,1.0
1316,0.0,1,659.0,2,1317,1,False,0.0,0,1.0,[1 2],[0. 1.],0,1,[0.6 0.6],1.0,0.0,1.0
1317,1.0,1,659.0,0,1318,0,False,1.0,1,0.0,[2 2],[0. 1.],0,1,[0.6 0.6],1.0,0.0,1.0
1318,0.0,1,660.0,2,1319,1,False,0.0,0,1.0,[2 2],[0. 1.],0,1,[0.6 0.6],1.0,0.0,1.0
1319,1.0,1,660.0,0,1320,0,False,1.0,1,0.0,[2 1],[0. 1.],1,1,[0.6 0.6],1.0,0.0,1.0
1320,0.0,1,661.0,2,1321,1,False,0.0,0,2.0,[2 1],[0. 1.],1,1,[0.6 0.6],1.0,0.0,1.0
1321,0.0,1,661.0,0,1322,0,False,2.0,1,0.0,[1 2],[1. 0.],1,0,[0.6 0.6],1.0,0.0,1.0
1322,0.0,1,662.0,2,1323,1,False,0.0,0,2.0,[1 2],[1. 0.],1,0,[0.6 0.6],1.0,0.0,1.0
1323,0.0,1,662.0,0,1324,0,False,2.0,1,0.0,[2 2],[1. 0.],0,0,[0.6 0.6],1.0,0.0,1.0
1324,0.0,1,663.0,1,1325,1,False,0.0,0,1.0,[2 2],[1. 0.],0,0,[0.6 0.6],1.0,0.0,1.0
1325,0.0,1,663.0,0,1326,0,False,1.0,1,0.0,[2 1],[1. 0.],1,0,[0.6 0.6],1.0,0.0,1.0
1326,0.0,1,664.0,2,1327,1,False,0.0,0,2.0,[2 1],[1. 0.],1,0,[0.6 0.6],1.0,0.0,1.0
1327,1.0,1,664.0,0,1328,0,False,2.0,1,0.0,[1 1],[1. 0.],0,0,[0.6 0.6],1.0,0.0,1.0
1328,0.0,1,665.0,2,1329,1,False,0.0,0,1.0,[1 1],[1. 0.],0,0,[0.6 0.6],1.0,0.0,1.0
1329,1.0,1,665.0,0,1330,0,False,1.0,1,0.0,[2 1],[1. 0.],1,0,[0.6 0.6],1.0,0.0,1.0
1330,0.0,1,666.0,2,1331,1,False,0.0,0,2.0,[2 1],[1. 0.],1,0,[0.6 0.6],1.0,0.0,1.0
1331,1.0,1,666.0,0,1332,0,False,2.0,1,0.0,[2 2],[1. 0.],0,0,[0.6 0.6],1.0,0.0,1.0
1332,0.0,1,667.0,2,1333,1,False,0.0,0,1.0,[2 2],[1. 0.],0,0,[0.6 0.6],1.0,0.0,1.0
1333,0.0,1,667.0,0,1334,0,False,1.0,1,0.0,[2 1],[1. 0.],0,0,[0.6 0.6],1.0,0.0,1.0
1334,0.0,1,668.0,2,1335,1,False,0.0,0,1.0,[2 1],[1. 0.],0,0,[0.6 0.6],1.0,0.0,1.0
1335,1.0,1,668.0,0,1336,0,False,1.0,1,0.0,[1 1],[1. 0.],1,0,[0.6 0.6],1.0,0.0,1.0
1336,0.0,1,669.0,2,1337,1,False,0.0,0,2.0,[1 1],[1. 0.],1,0,[0.6 0.6],1.0,0.0,1.0
1337,1.0,1,669.0,0,1338,0,False,2.0,1,0.0,[2 1],[1. 0.],1,0,[0.6 0.6],1.0,0.0,1.0
1338,0.0,1,670.0,2,1339,1,False,0.0,0,2.0,[2 1],[1. 0.],1,0,[0.6 0.6],1.0,0.0,1.0
1339,1.0,1,670.0,0,1340,0,False,2.0,1,0.0,[1 1],[1. 0.],1,0,[0.6 0.6],1.0,0.0,1.0
1340,0.0,1,671.0,2,1341,1,False,0.0,0,2.0,[1 1],[1. 0.],1,0,[0.6 0.6],1.0,0.0,1.0
1341,1.0,1,671.0,0,1342,0,False,2.0,1,0.0,[2 1],[1. 0.],1,0,[0.6 0.6],1.0,0.0,1.0
1342,0.0,1,672.0,2,1343,1,False,0.0,0,2.0,[2 1],[1. 0.],1,0,[0.6 0.6],1.0,0.0,1.0
1343,1.0,1,672.0,0,1344,0,False,2.0,1,0.0,[2 1],[1. 0.],0,0,[0.6 0.6],1.0,0.0,1.0
1344,0.0,1,673.0,2,1345,1,False,0.0,0,1.0,[2 1],[1. 0.],0,0,[0.6 0.6],1.0,0.0,1.0
1345,1.0,1,673.0,0,1346,0,False,1.0,1,0.0,[2 2],[1. 0.],0,0,[0.6 0.6],1.0,0.0,1.0
1346,0.0,1,674.0,2,1347,1,False,0.0,0,1.0,[2 2],[1. 0.],0,0,[0.6 0.6],1.0,0.0,1.0
1347,0.0,1,674.0,0,1348,0,False,1.0,1,0.0,[1 2],[1. 0.],1,0,[0.6 0.6],1.0,0.0,1.0
1348,0.0,1,675.0,2,1349,1,False,0.0,0,2.0,[1 2],[1. 0.],1,0,[0.6 0.6],1.0,0.0,1.0
1349,0.0,1,675.0,0,1350,0,False,2.0,1,0.0,[1 2],[1. 0.],0,0,[0.6 0.6],1.0,0.0,1.0
1350,0.0,1,676.0,2,1351,1,False,0.0,0,1.0,[1 2],[1. 0.],0,0,[0.6 0.6],1.0,0.0,1.0
1351,0.0,1,676.0,0,1352,0,False,1.0,1,0.0,[1 1],[1. 0.],0,0,[0.6 0.6],1.0,0.0,1.0
1352,0.0,1,677.0,2,1353,1,False,0.0,0,1.0,[1 1],[1. 0.],0,0,[0.6 0.6],1.0,0.0,1.0
1353,1.0,1,677.0,0,1354,0,False,1.0,1,0.0,[2 2],[1. 0.],0,0,[0.6 0.6],1.0,0.0,1.0
1354,0.0,1,678.0,2,1355,1,False,0.0,0,1.0,[2 2],[1. 0.],0,0,[0.6 0.6],1.0,0.0,1.0
1355,0.0,1,678.0,0,1356,0,False,1.0,1,0.0,[2 2],[1. 0.],1,0,[0.6 0.6],1.0,0.0,1.0
1356,0.0,1,679.0,2,1357,1,False,0.0,0,2.0,[2 2],[1. 0.],1,0,[0.6 0.6],1.0,0.0,1.0
1357,0.0,1,679.0,0,1358,0,False,2.0,1,0.0,[2 2],[1. 0.],0,0,[0.6 0.6],1.0,0.0,1.0
1358,0.0,1,680.0,1,1359,1,False,0.0,0,1.0,[2 2],[1. 0.],0,0,[0.6 0.6],1.0,0.0,1.0
1359,0.0,1,680.0,0,1360,0,False,1.0,1,0.0,[1 2],[1. 0.],1,0,[0.6 0.6],1.0,0.0,1.0
1360,0.0,1,681.0,2,1361,1,False,0.0,0,2.0,[1 2],[1. 0.],1,0,[0.6 0.6],1.0,0.0,1.0
1361,0.0,1,681.0,0,1362,0,False,2.0,1,0.0,[1 1],[1. 0.],0,0,[0.6 0.6],1.0,0.0,1.0
1362,0.0,1,682.0,1,1363,1,False,0.0,0,1.0,[1 1],[1. 0.],0,0,[0.6 0.6],1.0,0.0,1.0
1363,1.0,1,682.0,0,1364,0,False,1.0,1,0.0,[2 2],[1. 0.],0,0,[0.6 0.6],1.0,0.0,1.0
1364,0.0,1,683.0,1,1365,1,False,0.0,0,1.0,[2 2],[1. 0.],0,0,[0.6 0.6],1.0,0.0,1.0
1365,0.0,1,683.0,0,1366,0,False,1.0,1,0.0,[1 1],[1. 0.],0,0,[0.6 0.6],1.0,0.0,1.0
1366,0.0,1,684.0,1,1367,1,False,0.0,0,1.0,[1 1],[1. 0.],0,0,[0.6 0.6],1.0,0.0,1.0
1367,1.0,1,684.0,0,1368,0,False,1.0,1,0.0,[2 2],[1. 0.],0,0,[0.6 0.6],1.0,0.0,1.0
1368,0.0,1,685.0,1,1369,1,False,0.0,0,1.0,[2 2],[1. 0.],0,0,[0.6 0.6],1.0,0.0,1.0
1369,0.0,1,685.0,0,1370,0,False,1.0,1,0.0,[2 1],[1. 0.],1,0,[0.6 0.6],1.0,0.0,1.0
1370,0.0,1,686.0,1,1371,1,False,0.0,0,2.0,[2 1],[1. 0.],1,0,[0.6 0.6],1.0,0.0,1.0
1371,0.0,1,686.0,0,1372,0,False,2.0,1,0.0,[1 1],[1. 0.],0,0,[0.6 0.6],1.0,0.0,1.0
1372,0.0,1,687.0,2,1373,1,False,0.0,0,1.0,[1 1],[1. 0.],0,0,[0.6 0.6],1.0,0.0,1.0
1373,1.0,1,687.0,0,1374,0,False,1.0,1,0.0,[2 2],[1. 0.],1,0,[0.6 0.6],1.0,0.0,1.0
1374,0.0,1,688.0,2,1375,1,False,0.0,0,2.0,[2 2],[1. 0.],1,0,[0.6 0.6],1.0,0.0,1.0
1375,0.0,1,688.0,0,1376,0,False,2.0,1,0.0,[2 2],[1. 0.],0,0,[0.6 0.6],1.0,0.0,1.0
1376,0.0,1,689.0,2,1377,1,False,0.0,0,1.0,[2 2],[1. 0.],0,0,[0.6 0.6],1.0,0.0,1.0
1377,0.0,1,689.0,0,1378,0,False,1.0,1,0.0,[2 1],[1. 0.],0,0,[0.6 0.6],1.0,0.0,1.0
1378,0.0,1,690.0,1,1379,1,False,0.0,0,1.0,[2 1],[1. 0.],0,0,[0.6 0.6],1.0,0.0,1.0
1379,0.0,1,690.0,0,1380,0,False,1.0,1,0.0,[1 2],[1. 0.],0,0,[0.6 0.6],1.0,0.0,1.0
1380,0.0,1,691.0,2,1381,1,False,0.0,0,1.0,[1 2],[1. 0.],0,0,[0.6 0.6],1.0,0.0,1.0
1381,0.0,1,691.0,0,1382,0,False,1.0,1,0.0,[1 2],[1. 0.],0,0,[0.6 0.6],1.0,0.0,1.0
1382,0.0,1,692.0,1,1383,1,False,0.0,0,1.0,[1 2],[1. 0.],0,0,[0.6 0.6],1.0,0.0,1.0
1383,1.0,1,692.0,0,1384,0,False,1.0,1,0.0,[2 2],[1. 0.],1,0,[0.6 0.6],1.0,0.0,1.0
1384,0.0,1,693.0,1,1385,1,False,0.0,0,2.0,[2 2],[1. 0.],1,0,[0.6 0.6],1.0,0.0,1.0
1385,0.0,1,693.0,0,1386,0,False,2.0,1,0.0,[1 1],[1. 0.],0,0,[0.6 0.6],1.0,0.0,1.0
1386,0.0,1,694.0,1,1387,1,False,0.0,0,1.0,[1 1],[1. 0.],0,0,[0.6 0.6],1.0,0.0,1.0
1387,1.0,1,694.0,0,1388,0,False,1.0,1,0.0,[2 1],[1. 0.],1,0,[0.6 0.6],1.0,0.0,1.0
1388,0.0,1,695.0,1,1389,1,False,0.0,0,2.0,[2 1],[1. 0.],1,0,[0.6 0.6],1.0,0.0,1.0
1389,0.0,1,695.0,0,1390,0,False,2.0,1,0.0,[2 2],[1. 0.],1,0,[0.6 0.6],1.0,0.0,1.0
1390,0.0,1,696.0,1,1391,1,False,0.0,0,2.0,[2 2],[1. 0.],1,0,[0.6 0.6],1.0,0.0,1.0
1391,0.0,1,696.0,0,1392,0,False,2.0,1,0.0,[1 2],[1. 0.],0,0,[0.6 0.6],1.0,0.0,1.0
1392,0.0,1,697.0,2,1393,1,False,0.0,0,1.0,[1 2],[1. 0.],0,0,[0.6 0.6],1.0,0.0,1.0
1393,0.0,1,697.0,0,1394,0,False,1.0,1,0.0,[2 1],[1. 0.],0,0,[0.6 0.6],1.0,0.0,1.0
1394,0.0,1,698.0,1,1395,1,False,0.0,0,1.0,[2 1],[1. 0.],0,0,[0.6 0.6],1.0,0.0,1.0
1395,0.0,1,698.0,0,1396,0,False,1.0,1,0.0,[1 1],[1. 0.],0,0,[0.6 0.6],1.0,0.0,1.0
1396,0.0,1,699.0,2,1397,1,False,0.0,0,1.0,[1 1],[1. 0.],0,0,[0.6 0.6],1.0,0.0,1.0
1397,1.0,1,699.0,0,1398,0,False,1.0,1,0.0,[2 1],[1. 0.],1,0,[0.6 0.6],1.0,0.0,1.0
1398,0.0,1,700.0,2,1399,1,False,0.0,0,2.0,[2 1],[1. 0.],1,0,[0.6 0.6],1.0,0.0,1.0
1399,1.0,1,700.0,0,1400,0,False,2.0,1,0.0,[2 1],[1. 0.],0,0,[0.6 0.6],1.0,0.0,1.0
1400,0.0,1,701.0,2,1401,1,False,0.0,0,1.0,[2 1],[1. 0.],0,0,[0.6 0.6],1.0,0.0,1.0
1401,1.0,1,701.0,0,1402,0,False,1.0,1,0.0,[1 1],[1. 0.],1,0,[0.6 0.6],1.0,0.0,1.0
1402,0.0,1,702.0,2,1403,1,False,0.0,0,2.0,[1 1],[1. 0.],1,0,[0.6 0.6],1.0,0.0,1.0
1403,1.0,1,702.0,0,1404,0,False,2.0,1,0.0,[2 2],[1. 0.],1,0,[0.6 0.6],1.0,0.0,1.0
1404,0.0,1,703.0,2,1405,1,False,0.0,0,2.0,[2 2],[1. 0.],1,0,[0.6 0.6],1.0,0.0,1.0
1405,0.0,1,703.0,0,1406,0,False,2.0,1,0.0,[2 2],[1. 0.],1,0,[0.6 0.6],1.0,0.0,1.0
1406,0.0,1,704.0,2,1407,1,False,0.0,0,2.0,[2 2],[1. 0.],1,0,[0.6 0.6],1.0,0.0,1.0
1407,0.0,1,704.0,0,1408,0,False,2.0,1,0.0,[2 1],[1. 0.],1,0,[0.6 0.6],1.0,0.0,1.0
1408,0.0,1,705.0,2,1409,1,False,0.0,0,2.0,[2 1],[1. 0.],1,0,[0.6 0.6],1.0,0.0,1.0
1409,1.0,1,705.0,0,1410,0,False,2.0,1,0.0,[1 1],[1. 0.],0,0,[0.6 0.6],1.0,0.0,1.0
1410,0.0,1,706.0,2,1411,1,False,0.0,0,1.0,[1 1],[1. 0.],0,0,[0.6 0.6],1.0,0.0,1.0
1411,1.0,1,706.0,0,1412,0,False,1.0,1,0.0,[2 1],[1. 0.],0,0,[0.6 0.6],1.0,0.0,1.0
1412,0.0,1,707.0,2,1413,1,False,0.0,0,1.0,[2 1],[1. 0.],0,0,[0.6 0.6],1.0,0.0,1.0
1413,1.0,1,707.0,0,1414,0,False,1.0,1,0.0,[1 1],[1. 0.],1,0,[0.6 0.6],1.0,0.0,1.0
1414,0.0,1,708.0,2,1415,1,False,0.0,0,2.0,[1 1],[1. 0.],1,0,[0.6 0.6],1.0,0.0,1.0
1415,1.0,1,708.0,0,1416,0,False,2.0,1,0.0,[2 2],[1. 0.],1,0,[0.6 0.6],1.0,0.0,1.0
1416,0.0,1,709.0,2,1417,1,False,0.0,0,2.0,[2 2],[1. 0.],1,0,[0.6 0.6],1.0,0.0,1.0
1417,0.0,1,709.0,0,1418,0,False,2.0,1,0.0,[1 1],[1. 0.],0,0,[0.6 0.6],1.0,0.0,1.0
1418,0.0,1,710.0,2,1419,1,False,0.0,0,1.0,[1 1],[1. 0.],0,0,[0.6 0.6],1.0,0.0,1.0
1419,1.0,1,710.0,0,1420,0,False,1.0,1,0.0,[2 1],[1. 0.],0,0,[0.6 0.6],1.0,0.0,1.0
1420,0.0,1,711.0,2,1421,1,False,0.0,0,1.0,[2 1],[1. 0.],0,0,[0.6 0.6],1.0,0.0,1.0
1421,1.0,1,711.0,0,1422,0,False,1.0,1,0.0,[2 2],[1. 0.],1,0,[0.6 0.6],1.0,0.0,1.0
1422,0.0,1,712.0,2,1423,1,False,0.0,0,2.0,[2 2],[1. 0.],1,0,[0.6 0.6],1.0,0.0,1.0
1423,0.0,1,712.0,0,1424,0,False,2.0,1,0.0,[2 1],[1. 0.],0,0,[0.6 0.6],1.0,0.0,1.0
1424,0.0,1,713.0,2,1425,1,False,0.0,0,1.0,[2 1],[1. 0.],0,0,[0.6 0.6],1.0,0.0,1.0
1425,1.0,1,713.0,0,1426,0,False,1.0,1,0.0,[1 1],[1. 0.],1,0,[0.6 0.6],1.0,0.0,1.0
1426,0.0,1,714.0,2,1427,1,False,0.0,0,2.0,[1 1],[1. 0.],1,0,[0.6 0.6],1.0,0.0,1.0
1427,1.0,1,714.0,0,1428,0,False,2.0,1,0.0,[2 1],[1. 0.],1,0,[0.6 0.6],1.0,0.0,1.0
1428,0.0,1,715.0,2,1429,1,False,0.0,0,2.0,[2 1],[1. 0.],1,0,[0.6 0.6],1.0,0.0,1.0
1429,1.0,1,715.0,0,1430,0,False,2.0,1,0.0,[2 1],[1. 0.],1,0,[0.6 0.6],1.0,0.0,1.0
1430,0.0,1,716.0,2,1431,1,False,0.0,0,2.0,[2 1],[1. 0.],1,0,[0.6 0.6],1.0,0.0,1.0
1431,1.0,1,716.0,0,1432,0,False,2.0,1,0.0,[1 1],[1. 0.],1,0,[0.6 0.6],1.0,0.0,1.0
1432,0.0,1,717.0,2,1433,1,False,0.0,0,2.0,[1 1],[1. 0.],1,0,[0.6 0.6],1.0,0.0,1.0
1433,1.0,1,717.0,0,1434,0,False,2.0,1,0.0,[2 2],[1. 0.],0,0,[0.6 0.6],1.0,0.0,1.0
1434,0.0,1,718.0,2,1435,1,False,0.0,0,1.0,[2 2],[1. 0.],0,0,[0.6 0.6],1.0,0.0,1.0
1435,0.0,1,718.0,0,1436,0,False,1.0,1,0.0,[2 2],[1. 0.],0,0,[0.6 0.6],1.0,0.0,1.0
1436,0.0,1,719.0,2,1437,1,False,0.0,0,1.0,[2 2],[1. 0.],0,0,[0.6 0.6],1.0,0.0,1.0
1437,0.0,1,719.0,0,1438,0,False,1.0,1,0.0,[2 2],[1. 0.],1,0,[0.6 0.6],1.0,0.0,1.0
1438,0.0,1,720.0,2,1439,1,False,0.0,0,2.0,[2 2],[1. 0.],1,0,[0.6 0.6],1.0,0.0,1.0
1439,0.0,1,720.0,0,1440,0,False,2.0,1,0.0,[1 2],[1. 0.],1,0,[0.6 0.6],1.0,0.0,1.0
1440,0.0,1,721.0,2,1441,1,False,0.0,0,2.0,[1 2],[1. 0.],1,0,[0.6 0.6],1.0,0.0,1.0
1441,0.0,1,721.0,0,1442,0,False,2.0,1,0.0,[2 2],[1. 0.],0,0,[0.6 0.6],1.0,0.0,1.0
1442,0.0,1,722.0,1,1443,1,False,0.0,0,1.0,[2 2],[1. 0.],0,0,[0.6 0.6],1.0,0.0,1.0
1443,0.0,1,722.0,0,1444,0,False,1.0,1,0.0,[1 1],[1. 0.],0,0,[0.6 0.6],1.0,0.0,1.0
1444,0.0,1,723.0,1,1445,1,False,0.0,0,1.0,[1 1],[1. 0.],0,0,[0.6 0.6],1.0,0.0,1.0
1445,1.0,1,723.0,0,1446,0,False,1.0,1,0.0,[1 2],[1. 0.],0,0,[0.6 0.6],1.0,0.0,1.0
1446,0.0,1,724.0,1,1447,1,False,0.0,0,1.0,[1 2],[1. 0.],0,0,[0.6 0.6],1.0,0.0,1.0
1447,1.0,1,724.0,0,1448,0,False,1.0,1,0.0,[2 2],[1. 0.],0,0,[0.6 0.6],1.0,0.0,1.0
1448,0.0,1,725.0,1,1449,1,False,0.0,0,1.0,[2 2],[1. 0.],0,0,[0.6 0.6],1.0,0.0,1.0
1449,0.0,1,725.0,0,1450,0,False,1.0,1,0.0,[2 2],[1. 0.],1,0,[0.6 0.6],1.0,0.0,1.0
1450,0.0,1,726.0,1,1451,1,False,0.0,0,2.0,[2 2],[1. 0.],1,0,[0.6 0.6],1.0,0.0,1.0
1451,0.0,1,726.0,0,1452,0,False,2.0,1,0.0,[1 1],[1. 0.],0,0,[0.6 0.6],1.0,0.0,1.0
1452,0.0,1,727.0,1,1453,1,False,0.0,0,1.0,[1 1],[1. 0.],0,0,[0.6 0.6],1.0,0.0,1.0
1453,1.0,1,727.0,0,1454,0,False,1.0,1,0.0,[2 1],[1. 0.],0,0,[0.6 0.6],1.0,0.0,1.0
1454,0.0,1,728.0,1,1455,1,False,0.0,0,1.0,[2 1],[1. 0.],0,0,[0.6 0.6],1.0,0.0,1.0
1455,0.0,1,728.0,0,1456,0,False,1.0,1,0.0,[2 1],[1. 0.],1,0,[0.6 0.6],1.0,0.0,1.0
1456,0.0,1,729.0,1,1457,1,False,0.0,0,2.0,[2 1],[1. 0.],1,0,[0.6 0.6],1.0,0.0,1.0
1457,0.0,1,729.0,0,1458,0,False,2.0,1,0.0,[2 2],[1. 0.],0,0,[0.6 0.6],1.0,0.0,1.0
1458,0.0,1,730.0,2,1459,1,False,0.0,0,1.0,[2 2],[1. 0.],0,0,[0.6 0.6],1.0,0.0,1.0
1459,0.0,1,730.0,0,1460,0,False,1.0,1,0.0,[2 1],[1. 0.],1,0,[0.6 0.6],1.0,0.0,1.0
1460,0.0,1,731.0,2,1461,1,False,0.0,0,2.0,[2 1],[1. 0.],1,0,[0.6 0.6],1.0,0.0,1.0
1461,1.0,1,731.0,0,1462,0,False,2.0,1,0.0,[2 2],[1. 0.],1,0,[0.6 0.6],1.0,0.0,1.0
1462,0.0,1,732.0,2,1463,1,False,0.0,0,2.0,[2 2],[1. 0.],1,0,[0.6 0.6],1.0,0.0,1.0
1463,0.0,1,732.0,0,1464,0,False,2.0,1,0.0,[2 1],[1. 0.],1,0,[0.6 0.6],1.0,0.0,1.0
1464,0.0,1,733.0,1,1465,1,False,0.0,0,2.0,[2 1],[1. 0.],1,0,[0.6 0.6],1.0,0.0,1.0
1465,0.0,1,733.0,0,1466,0,False,2.0,1,0.0,[2 2],[1. 0.],0,0,[0.6 0.6],1.0,0.0,1.0
1466,0.0,1,734.0,2,1467,1,False,0.0,0,1.0,[2 2],[1. 0.],0,0,[0.6 0.6],1.0,0.0,1.0
1467,0.0,1,734.0,0,1468,0,False,1.0,1,0.0,[2 1],[1. 0.],0,0,[0.6 0.6],1.0,0.0,1.0
1468,0.0,1,735.0,2,1469,1,False,0.0,0,1.0,[2 1],[1. 0.],0,0,[0.6 0.6],1.0,0.0,1.0
1469,1.0,1,735.0,0,1470,0,False,1.0,1,0.0,[2 2],[1. 0.],0,0,[0.6 0.6],1.0,0.0,1.0
1470,0.0,1,736.0,2,1471,1,False,0.0,0,1.0,[2 2],[1. 0.],0,0,[0.6 0.6],1.0,0.0,1.0
1471,0.0,1,736.0,0,1472,0,False,1.0,1,0.0,[2 2],[1. 0.],0,0,[0.6 0.6],1.0,0.0,1.0
1472,0.0,1,737.0,2,1473,1,False,0.0,0,1.0,[2 2],[1. 0.],0,0,[0.6 0.6],1.0,0.0,1.0
1473,0.0,1,737.0,0,1474,0,False,1.0,1,0.0,[1 1],[1. 0.],0,0,[0.6 0.6],1.0,0.0,1.0
1474,0.0,1,738.0,2,1475,1,False,0.0,0,1.0,[1 1],[1. 0.],0,0,[0.6 0.6],1.0,0.0,1.0
1475,1.0,1,738.0,0,1476,0,False,1.0,1,0.0,[2 2],[1. 0.],0,0,[0.6 0.6],1.0,0.0,1.0
1476,0.0,1,739.0,2,1477,1,False,0.0,0,1.0,[2 2],[1. 0.],0,0,[0.6 0.6],1.0,0.0,1.0
1477,0.0,1,739.0,0,1478,0,False,1.0,1,0.0,[1 2],[1. 0.],1,0,[0.6 0.6],1.0,0.0,1.0
1478,0.0,1,740.0,2,1479,1,False,0.0,0,2.0,[1 2],[1. 0.],1,0,[0.6 0.6],1.0,0.0,1.0
1479,0.0,1,740.0,0,1480,0,False,2.0,1,0.0,[2 2],[1. 0.],1,0,[0.6 0.6],1.0,0.0,1.0
1480,0.0,1,741.0,1,1481,1,False,0.0,0,2.0,[2 2],[1. 0.],1,0,[0.6 0.6],1.0,0.0,1.0
1481,0.0,1,741.0,0,1482,0,False,2.0,1,0.0,[2 2],[1. 0.],0,0,[0.6 0.6],1.0,0.0,1.0
1482,0.0,1,742.0,2,1483,1,False,0.0,0,1.0,[2 2],[1. 0.],0,0,[0.6 0.6],1.0,0.0,1.0
1483,0.0,1,742.0,0,1484,0,False,1.0,1,0.0,[2 2],[1. 0.],1,0,[0.6 0.6],1.0,0.0,1.0
1484,0.0,1,743.0,1,1485,1,False,0.0,0,2.0,[2 2],[1. 0.],1,0,[0.6 0.6],1.0,0.0,1.0
1485,0.0,1,743.0,0,1486,0,False,2.0,1,0.0,[2 2],[1. 0.],0,0,[0.6 0.6],1.0,0.0,1.0
1486,0.0,1,744.0,2,1487,1,False,0.0,0,1.0,[2 2],[1. 0.],0,0,[0.6 0.6],1.0,0.0,1.0
1487,0.0,1,744.0,0,1488,0,False,1.0,1,0.0,[1 1],[1. 0.],0,0,[0.6 0.6],1.0,0.0,1.0
1488,0.0,1,745.0,2,1489,1,False,0.0,0,1.0,[1 1],[1. 0.],0,0,[0.6 0.6],1.0,0.0,1.0
1489,1.0,1,745.0,0,1490,0,False,1.0,1,0.0,[2 1],[1. 0.],0,0,[0.6 0.6],1.0,0.0,1.0
1490,0.0,1,746.0,2,1491,1,False,0.0,0,1.0,[2 1],[1. 0.],0,0,[0.6 0.6],1.0,0.0,1.0
1491,1.0,1,746.0,0,1492,0,False,1.0,1,0.0,[1 1],[1. 0.],1,0,[0.6 0.6],1.0,0.0,1.0
1492,0.0,1,747.0,2,1493,1,False,0.0,0,2.0,[1 1],[1. 0.],1,0,[0.6 0.6],1.0,0.0,1.0
1493,1.0,1,747.0,0,1494,0,False,2.0,1,0.0,[1 1],[1. 0.],0,0,[0.6 0.6],1.0,0.0,1.0
1494,0.0,1,748.0,2,1495,1,False,0.0,0,1.0,[1 1],[1. 0.],0,0,[0.6 0.6],1.0,0.0,1.0
1495,1.0,1,748.0,0,1496,0,False,1.0,1,0.0,[2 1],[1. 0.],0,0,[0.6 0.6],1.0,0.0,1.0
1496,0.0,1,749.0,2,1497,1,False,0.0,0,1.0,[2 1],[1. 0.],0,0,[0.6 0.6],1.0,0.0,1.0
1497,1.0,1,749.0,0,1498,0,False,1.0,1,0.0,[1 1],[1. 0.],1,0,[0.6 0.6],1.0,0.0,1.0
1498,0.0,1,750.0,2,1499,1,False,0.0,0,2.0,[1 1],[1. 0.],1,0,[0.6 0.6],1.0,0.0,1.0
1499,1.0,1,750.0,0,1500,0,False,2.0,1,0.0,[2 2],[1. 0.],0,0,[0.6 0.6],1.0,0.0,1.0
1500,0.0,1,751.0,2,1501,1,False,0.0,0,1.0,[2 2],[1. 0.],0,0,[0.6 0.6],1.0,0.0,1.0
1501,0.0,1,751.0,0,1502,0,False,1.0,1,0.0,[2 1],[1. 0.],1,0,[0.6 0.6],1.0,0.0,1.0
1502,0.0,1,752.0,2,1503,1,False,0.0,0,2.0,[2 1],[1. 0.],1,0,[0.6 0.6],1.0,0.0,1.0
1503,1.0,1,752.0,0,1504,0,False,2.0,1,0.0,[2 1],[1. 0.],0,0,[0.6 0.6],1.0,0.0,1.0
1504,0.0,1,753.0,2,1505,1,False,0.0,0,1.0,[2 1],[1. 0.],0,0,[0.6 0.6],1.0,0.0,1.0
1505,1.0,1,753.0,0,1506,0,False,1.0,1,0.0,[1 1],[1. 0.],1,0,[0.6 0.6],1.0,0.0,1.0
1506,0.0,1,754.0,2,1507,1,False,0.0,0,2.0,[1 1],[1. 0.],1,0,[0.6 0.6],1.0,0.0,1.0
1507,1.0,1,754.0,0,1508,0,False,2.0,1,0.0,[1 1],[1. 0.],0,0,[0.6 0.6],1.0,0.0,1.0
1508,0.0,1,755.0,2,1509,1,False,0.0,0,1.0,[1 1],[1. 0.],0,0,[0.6 0.6],1.0,0.0,1.0
1509,1.0,1,755.0,0,1510,0,False,1.0,1,0.0,[1 1],[1. 0.],1,0,[0.6 0.6],1.0,0.0,1.0
1510,0.0,1,756.0,2,1511,1,False,0.0,0,2.0,[1 1],[1. 0.],1,0,[0.6 0.6],1.0,0.0,1.0
1511,1.0,1,756.0,0,1512,0,False,2.0,1,0.0,[2 1],[1. 0.],0,0,[0.6 0.6],1.0,0.0,1.0
1512,0.0,1,757.0,2,1513,1,False,0.0,0,1.0,[2 1],[1. 0.],0,0,[0.6 0.6],1.0,0.0,1.0
1513,1.0,1,757.0,0,1514,0,False,1.0,1,0.0,[2 2],[1. 0.],0,0,[0.6 0.6],1.0,0.0,1.0
1514,0.0,1,758.0,2,1515,1,False,0.0,0,1.0,[2 2],[1. 0.],0,0,[0.6 0.6],1.0,0.0,1.0
1515,0.0,1,758.0,0,1516,0,False,1.0,1,0.0,[2 1],[1. 0.],0,0,[0.6 0.6],1.0,0.0,1.0
1516,0.0,1,759.0,2,1517,1,False,0.0,0,1.0,[2 1],[1. 0.],0,0,[0.6 0.6],1.0,0.0,1.0
1517,1.0,1,759.0,0,1518,0,False,1.0,1,0.0,[2 2],[1. 0.],1,0,[0.6 0.6],1.0,0.0,1.0
1518,0.0,1,760.0,2,1519,1,False,0.0,0,2.0,[2 2],[1. 0.],1,0,[0.6 0.6],1.0,0.0,1.0
1519,0.0,1,760.0,0,1520,0,False,2.0,1,0.0,[1 2],[1. 0.],1,0,[0.6 0.6],1.0,0.0,1.0
1520,0.0,1,761.0,2,1521,1,False,0.0,0,2.0,[1 2],[1. 0.],1,0,[0.6 0.6],1.0,0.0,1.0
1521,0.0,1,761.0,0,1522,0,False,2.0,1,0.0,[1 1],[1. 0.],0,0,[0.6 0.6],1.0,0.0,1.0
1522,0.0,1,762.0,1,1523,1,False,0.0,0,1.0,[1 1],[1. 0.],0,0,[0.6 0.6],1.0,0.0,1.0
1523,1.0,1,762.0,0,1524,0,False,1.0,1,0.0,[2 1],[1. 0.],0,0,[0.6 0.6],1.0,0.0,1.0
1524,0.0,1,763.0,1,1525,1,False,0.0,0,1.0,[2 1],[1. 0.],0,0,[0.6 0.6],1.0,0.0,1.0
1525,0.0,1,763.0,0,1526,0,False,1.0,1,0.0,[2 2],[1. 0.],0,0,[0.6 0.6],1.0,0.0,1.0
1526,0.0,1,764.0,1,1527,1,False,0.0,0,1.0,[2 2],[1. 0.],0,0,[0.6 0.6],1.0,0.0,1.0
1527,0.0,1,764.0,0,1528,0,False,1.0,1,0.0,[1 1],[1. 0.],1,0,[0.6 0.6],1.0,0.0,1.0
1528,0.0,1,765.0,1,1529,1,False,0.0,0,2.0,[1 1],[1. 0.],1,0,[0.6 0.6],1.0,0.0,1.0
1529,1.0,1,765.0,0,1530,0,False,2.0,1,0.0,[1 1],[1. 0.],1,0,[0.6 0.6],1.0,0.0,1.0
1530,0.0,1,766.0,1,1531,1,False,0.0,0,2.0,[1 1],[1. 0.],1,0,[0.6 0.6],1.0,0.0,1.0
1531,1.0,1,766.0,0,1532,0,False,2.0,1,0.0,[2 1],[1. 0.],0,0,[0.6 0.6],1.0,0.0,1.0
1532,0.0,1,767.0,1,1533,1,False,0.0,0,1.0,[2 1],[1. 0.],0,0,[0.6 0.6],1.0,0.0,1.0
1533,0.0,1,767.0,0,1534,0,False,1.0,1,0.0,[2 1],[1. 0.],0,0,[0.6 0.6],1.0,0.0,1.0
1534,0.0,1,768.0,1,1535,1,False,0.0,0,1.0,[2 1],[1. 0.],0,0,[0.6 0.6],1.0,0.0,1.0
1535,0.0,1,768.0,0,1536,0,False,1.0,1,0.0,[1 2],[1. 0.],1,0,[0.6 0.6],1.0,0.0,1.0
1536,0.0,1,769.0,1,1537,1,False,0.0,0,2.0,[1 2],[1. 0.],1,0,[0.6 0.6],1.0,0.0,1.0
1537,1.0,1,769.0,0,1538,0,False,2.0,1,0.0,[2 1],[1. 0.],1,0,[0.6 0.6],1.0,0.0,1.0
1538,0.0,1,770.0,1,1539,1,False,0.0,0,2.0,[2 1],[1. 0.],1,0,[0.6 0.6],1.0,0.0,1.0
1539,0.0,1,770.0,0,1540,0,False,2.0,1,0.0,[2 1],[1. 0.],0,0,[0.6 0.6],1.0,0.0,1.0
1540,0.0,1,771.0,1,1541,1,False,0.0,0,1.0,[2 1],[1. 0.],0,0,[0.6 0.6],1.0,0.0,1.0
1541,0.0,1,771.0,0,1542,0,False,1.0,1,0.0,[2 2],[1. 0.],0,0,[0.6 0.6],1.0,0.0,1.0
1542,0.0,1,772.0,1,1543,1,False,0.0,0,1.0,[2 2],[1. 0.],0,0,[0.6 0.6],1.0,0.0,1.0
1543,0.0,1,772.0,0,1544,0,False,1.0,1,0.0,[1 1],[1. 0.],1,0,[0.6 0.6],1.0,0.0,1.0
1544,0.0,1,773.0,2,1545,1,False,0.0,0,2.0,[1 1],[1. 0.],1,0,[0.6 0.6],1.0,0.0,1.0
1545,1.0,1,773.0,0,1546,0,False,2.0,1,0.0,[1 1],[1. 0.],1,0,[0.6 0.6],1.0,0.0,1.0
1546,0.0,1,774.0,2,1547,1,False,0.0,0,2.0,[1 1],[1. 0.],1,0,[0.6 0.6],1.0,0.0,1.0
1547,1.0,1,774.0,0,1548,0,False,2.0,1,0.0,[2 1],[1. 0.],0,0,[0.6 0.6],1.0,0.0,1.0
1548,0.0,1,775.0,2,1549,1,False,0.0,0,1.0,[2 1],[1. 0.],0,0,[0.6 0.6],1.0,0.0,1.0
1549,1.0,1,775.0,0,1550,0,False,1.0,1,0.0,[2 1],[1. 0.],0,0,[0.6 0.6],1.0,0.0,1.0
1550,0.0,1,776.0,2,1551,1,False,0.0,0,1.0,[2 1],[1. 0.],0,0,[0.6 0.6],1.0,0.0,1.0
1551,1.0,1,776.0,0,1552,0,False,1.0,1,0.0,[1 1],[1. 0.],0,0,[0.6 0.6],1.0,0.0,1.0
1552,0.0,1,777.0,2,1553,1,False,0.0,0,1.0,[1 1],[1. 0.],0,0,[0.6 0.6],1.0,0.0,1.0
1553,1.0,1,777.0,0,1554,0,False,1.0,1,0.0,[2 2],[1. 0.],1,0,[0.6 0.6],1.0,0.0,1.0
1554,0.0,1,778.0,2,1555,1,False,0.0,0,2.0,[2 2],[1. 0.],1,0,[0.6 0.6],1.0,0.0,1.0
1555,0.0,1,778.0,0,1556,0,False,2.0,1,0.0,[1 1],[1. 0.],1,0,[0.6 0.6],1.0,0.0,1.0
1556,0.0,1,779.0,2,1557,1,False,0.0,0,2.0,[1 1],[1. 0.],1,0,[0.6 0.6],1.0,0.0,1.0
1557,1.0,1,779.0,0,1558,0,False,2.0,1,0.0,[2 2],[1. 0.],0,0,[0.6 0.6],1.0,0.0,1.0
1558,0.0,1,780.0,2,1559,1,False,0.0,0,1.0,[2 2],[1. 0.],0,0,[0.6 0.6],1.0,0.0,1.0
1559,0.0,1,780.0,0,1560,0,False,1.0,1,0.0,[1 2],[1. 0.],1,0,[0.6 0.6],1.0,0.0,1.0
1560,0.0,1,781.0,2,1561,1,False,0.0,0,2.0,[1 2],[1. 0.],1,0,[0.6 0.6],1.0,0.0,1.0
1561,0.0,1,781.0,0,1562,0,False,2.0,1,0.0,[2 2],[1. 0.],1,0,[0.6 0.6],1.0,0.0,1.0
1562,0.0,1,782.0,2,1563,1,False,0.0,0,2.0,[2 2],[1. 0.],1,0,[0.6 0.6],1.0,0.0,1.0
1563,0.0,1,782.0,0,1564,0,False,2.0,1,0.0,[2 1],[1. 0.],1,0,[0.6 0.6],1.0,0.0,1.0
1564,0.0,1,783.0,1,1565,1,False,0.0,0,2.0,[2 1],[1. 0.],1,0,[0.6 0.6],1.0,0.0,1.0
1565,0.0,1,783.0,0,1566,0,False,2.0,1,0.0,[1 1],[1. 0.],0,0,[0.6 0.6],1.0,0.0,1.0
1566,0.0,1,784.0,2,1567,1,False,0.0,0,1.0,[1 1],[1. 0.],0,0,[0.6 0.6],1.0,0.0,1.0
1567,1.0,1,784.0,0,1568,0,False,1.0,1,0.0,[2 2],[1. 0.],0,0,[0.6 0.6],1.0,0.0,1.0
1568,0.0,1,785.0,2,1569,1,False,0.0,0,1.0,[2 2],[1. 0.],0,0,[0.6 0.6],1.0,0.0,1.0
1569,0.0,1,785.0,0,1570,0,False,1.0,1,0.0,[2 2],[1. 0.],1,0,[0.6 0.6],1.0,0.0,1.0
1570,0.0,1,786.0,2,1571,1,False,0.0,0,2.0,[2 2],[1. 0.],1,0,[0.6 0.6],1.0,0.0,1.0
1571,0.0,1,786.0,0,1572,0,False,2.0,1,0.0,[2 1],[1. 0.],1,0,[0.6 0.6],1.0,0.0,1.0
1572,0.0,1,787.0,1,1573,1,False,0.0,0,2.0,[2 1],[1. 0.],1,0,[0.6 0.6],1.0,0.0,1.0
1573,0.0,1,787.0,0,1574,0,False,2.0,1,0.0,[1 2],[1. 0.],0,0,[0.6 0.6],1.0,0.0,1.0
1574,0.0,1,788.0,2,1575,1,False,0.0,0,1.0,[1 2],[1. 0.],0,0,[0.6 0.6],1.0,0.0,1.0
1575,0.0,1,788.0,0,1576,0,False,1.0,1,0.0,[1 2],[1. 0.],0,0,[0.6 0.6],1.0,0.0,1.0
1576,0.0,1,789.0,2,1577,1,False,0.0,0,1.0,[1 2],[1. 0.],0,0,[0.6 0.6],1.0,0.0,1.0
1577,0.0,1,789.0,0,1578,0,False,1.0,1,0.0,[1 2],[1. 0.],1,0,[0.6 0.6],1.0,0.0,1.0
1578,0.0,1,790.0,1,1579,1,False,0.0,0,2.0,[1 2],[1. 0.],1,0,[0.6 0.6],1.0,0.0,1.0
1579,1.0,1,790.0,0,1580,0,False,2.0,1,0.0,[1 2],[1. 0.],0,0,[0.6 0.6],1.0,0.0,1.0
1580,0.0,1,791.0,1,1581,1,False,0.0,0,1.0,[1 2],[1. 0.],0,0,[0.6 0.6],1.0,0.0,1.0
1581,1.0,1,791.0,0,1582,0,False,1.0,1,0.0,[1 2],[1. 0.],1,0,[0.6 0.6],1.0,0.0,1.0
1582,0.0,1,792.0,1,1583,1,False,0.0,0,2.0,[1 2],[1. 0.],1,0,[0.6 0.6],1.0,0.0,1.0
1583,1.0,1,792.0,0,1584,0,False,2.0,1,0.0,[2 1],[1. 0.],1,0,[0.6 0.6],1.0,0.0,1.0
1584,0.0,1,793.0,1,1585,1,False,0.0,0,2.0,[2 1],[1. 0.],1,0,[0.6 0.6],1.0,0.0,1.0
1585,0.0,1,793.0,0,1586,0,False,2.0,1,0.0,[1 1],[1. 0.],1,0,[0.6 0.6],1.0,0.0,1.0
1586,0.0,1,794.0,1,1587,1,False,0.0,0,2.0,[1 1],[1. 0.],1,0,[0.6 0.6],1.0,0.0,1.0
1587,1.0,1,794.0,0,1588,0,False,2.0,1,0.0,[1 2],[1. 0.],1,0,[0.6 0.6],1.0,0.0,1.0
1588,0.0,1,795.0,1,1589,1,False,0.0,0,2.0,[1 2],[1. 0.],1,0,[0.6 0.6],1.0,0.0,1.0
1589,1.0,1,795.0,0,1590,0,False,2.0,1,0.0,[2 2],[1. 0.],1,0,[0.6 0.6],1.0,0.0,1.0
1590,0.0,1,796.0,1,1591,1,False,0.0,0,2.0,[2 2],[1. 0.],1,0,[0.6 0.6],1.0,0.0,1.0
1591,0.0,1,796.0,0,1592,0,False,2.0,1,0.0,[1 2],[1. 0.],0,0,[0.6 0.6],1.0,0.0,1.0
1592,0.0,1,797.0,1,1593,1,False,0.0,0,1.0,[1 2],[1. 0.],0,0,[0.6 0.6],1.0,0.0,1.0
1593,1.0,1,797.0,0,1594,0,False,1.0,1,0.0,[1 2],[1. 0.],1,0,[0.6 0.6],1.0,0.0,1.0
1594,0.0,1,798.0,1,1595,1,False,0.0,0,2.0,[1 2],[1. 0.],1,0,[0.6 0.6],1.0,0.0,1.0
1595,1.0,1,798.0,0,1596,0,False,2.0,1,0.0,[2 1],[1. 0.],0,0,[0.6 0.6],1.0,0.0,1.0
1596,0.0,1,799.0,1,1597,1,False,0.0,0,1.0,[2 1],[1. 0.],0,0,[0.6 0.6],1.0,0.0,1.0
1597,0.0,1,799.0,0,1598,0,False,1.0,1,0.0,[2 1],[1. 0.],1,0,[0.6 0.6],1.0,0.0,1.0
1598,0.0,1,800.0,1,1599,1,False,0.0,0,2.0,[2 1],[1. 0.],1,0,[0.6 0.6],1.0,0.0,1.0
1599,0.0,1,800.0,0,1600,0,False,2.0,1,0.0,[2 2],[1. 0.],1,0,[0.6 0.6],1.0,0.0,1.0
1600,0.0,1,801.0,1,1601,1,False,0.0,0,2.0,[2 2],[1. 0.],1,0,[0.6 0.6],1.0,0.0,1.0
1601,0.0,1,801.0,0,1602,0,False,2.0,1,0.0,[2 2],[1. 0.],0,0,[0.6 0.6],1.0,0.0,1.0
1602,0.0,1,802.0,2,1603,1,False,0.0,0,1.0,[2 2],[1. 0.],0,0,[0.6 0.6],1.0,0.0,1.0
1603,0.0,1,802.0,0,1604,0,False,1.0,1,0.0,[1 2],[1. 0.],1,0,[0.6 0.6],1.0,0.0,1.0
1604,0.0,1,803.0,1,1605,1,False,0.0,0,2.0,[1 2],[1. 0.],1,0,[0.6 0.6],1.0,0.0,1.0
1605,1.0,1,803.0,0,1606,0,False,2.0,1,0.0,[2 2],[1. 0.],0,0,[0.6 0.6],1.0,0.0,1.0
1606,0.0,1,804.0,1,1607,1,False,0.0,0,1.0,[2 2],[1. 0.],0,0,[0.6 0.6],1.0,0.0,1.0
1607,0.0,1,804.0,0,1608,0,False,1.0,1,0.0,[1 2],[1. 0.],1,0,[0.6 0.6],1.0,0.0,1.0
1608,0.0,1,805.0,1,1609,1,False,0.0,0,2.0,[1 2],[1. 0.],1,0,[0.6 0.6],1.0,0.0,1.0
1609,1.0,1,805.0,0,1610,0,False,2.0,1,0.0,[1 2],[1. 0.],1,0,[0.6 0.6],1.0,0.0,1.0
1610,0.0,1,806.0,1,1611,1,False,0.0,0,2.0,[1 2],[1. 0.],1,0,[0.6 0.6],1.0,0.0,1.0
1611,1.0,1,806.0,0,1612,0,False,2.0,1,0.0,[1 1],[1. 0.],1,0,[0.6 0.6],1.0,0.0,1.0
1612,0.0,1,807.0,1,1613,1,False,0.0,0,2.0,[1 1],[1. 0.],1,0,[0.6 0.6],1.0,0.0,1.0
1613,1.0,1,807.0,0,1614,0,False,2.0,1,0.0,[1 1],[1. 0.],1,0,[0.6 0.6],1.0,0.0,1.0
1614,0.0,1,808.0,1,1615,1,False,0.0,0,2.0,[1 1],[1. 0.],1,0,[0.6 0.6],1.0,0.0,1.0
1615,1.0,1,808.0,0,1616,0,False,2.0,1,0.0,[1 1],[1. 0.],0,0,[0.6 0.6],1.0,0.0,1.0
1616,0.0,1,809.0,1,1617,1,False,0.0,0,1.0,[1 1],[1. 0.],0,0,[0.6 0.6],1.0,0.0,1.0
1617,1.0,1,809.0,0,1618,0,False,1.0,1,0.0,[1 2],[0. 1.],1,1,[0.6 0.6],1.0,0.0,1.0
1618,0.0,1,810.0,1,1619,1,False,0.0,0,2.0,[1 2],[0. 1.],1,1,[0.6 0.6],1.0,0.0,1.0
1619,0.0,1,810.0,0,1620,0,False,2.0,1,0.0,[2 2],[0. 1.],1,1,[0.6 0.6],1.0,0.0,1.0
1620,0.0,1,811.0,1,1621,1,False,0.0,0,2.0,[2 2],[0. 1.],1,1,[0.6 0.6],1.0,0.0,1.0
1621,1.0,1,811.0,0,1622,0,False,2.0,1,0.0,[1 1],[0. 1.],0,1,[0.6 0.6],1.0,0.0,1.0
1622,0.0,1,812.0,1,1623,1,False,0.0,0,1.0,[1 1],[0. 1.],0,1,[0.6 0.6],1.0,0.0,1.0
1623,0.0,1,812.0,0,1624,0,False,1.0,1,0.0,[2 1],[0. 1.],0,1,[0.6 0.6],1.0,0.0,1.0
1624,0.0,1,813.0,1,1625,1,False,0.0,0,1.0,[2 1],[0. 1.],0,1,[0.6 0.6],1.0,0.0,1.0
1625,1.0,1,813.0,0,1626,0,False,1.0,1,0.0,[2 2],[0. 1.],0,1,[0.6 0.6],1.0,0.0,1.0
1626,0.0,1,814.0,1,1627,1,False,0.0,0,1.0,[2 2],[0. 1.],0,1,[0.6 0.6],1.0,0.0,1.0
1627,1.0,1,814.0,0,1628,0,False,1.0,1,0.0,[1 1],[0. 1.],0,1,[0.6 0.6],1.0,0.0,1.0
1628,0.0,1,815.0,1,1629,1,False,0.0,0,1.0,[1 1],[0. 1.],0,1,[0.6 0.6],1.0,0.0,1.0
1629,0.0,1,815.0,0,1630,0,False,1.0,1,0.0,[1 1],[0. 1.],0,1,[0.6 0.6],1.0,0.0,1.0
1630,0.0,1,816.0,2,1631,1,False,0.0,0,1.0,[1 1],[0. 1.],0,1,[0.6 0.6],1.0,0.0,1.0
1631,0.0,1,816.0,0,1632,0,False,1.0,1,0.0,[2 1],[0. 1.],0,1,[0.6 0.6],1.0,0.0,1.0
1632,0.0,1,817.0,1,1633,1,False,0.0,0,1.0,[2 1],[0. 1.],0,1,[0.6 0.6],1.0,0.0,1.0
1633,1.0,1,817.0,0,1634,0,False,1.0,1,0.0,[2 1],[0. 1.],0,1,[0.6 0.6],1.0,0.0,1.0
1634,0.0,1,818.0,1,1635,1,False,0.0,0,1.0,[2 1],[0. 1.],0,1,[0.6 0.6],1.0,0.0,1.0
1635,1.0,1,818.0,0,1636,0,False,1.0,1,0.0,[1 1],[0. 1.],0,1,[0.6 0.6],1.0,0.0,1.0
1636,0.0,1,819.0,1,1637,1,False,0.0,0,1.0,[1 1],[0. 1.],0,1,[0.6 0.6],1.0,0.0,1.0
1637,0.0,1,819.0,0,1638,0,False,1.0,1,0.0,[1 1],[0. 1.],0,1,[0.6 0.6],1.0,0.0,1.0
1638,0.0,1,820.0,1,1639,1,False,0.0,0,1.0,[1 1],[0. 1.],0,1,[0.6 0.6],1.0,0.0,1.0
1639,0.0,1,820.0,0,1640,0,False,1.0,1,0.0,[1 1],[0. 1.],1,1,[0.6 0.6],1.0,0.0,1.0
1640,0.0,1,821.0,2,1641,1,False,0.0,0,2.0,[1 1],[0. 1.],1,1,[0.6 0.6],1.0,0.0,1.0
1641,0.0,1,821.0,0,1642,0,False,2.0,1,0.0,[2 2],[0. 1.],0,1,[0.6 0.6],1.0,0.0,1.0
1642,0.0,1,822.0,1,1643,1,False,0.0,0,1.0,[2 2],[0. 1.],0,1,[0.6 0.6],1.0,0.0,1.0
1643,1.0,1,822.0,0,1644,0,False,1.0,1,0.0,[2 1],[0. 1.],1,1,[0.6 0.6],1.0,0.0,1.0
1644,0.0,1,823.0,1,1645,1,False,0.0,0,2.0,[2 1],[0. 1.],1,1,[0.6 0.6],1.0,0.0,1.0
1645,1.0,1,823.0,0,1646,0,False,2.0,1,0.0,[1 1],[0. 1.],0,1,[0.6 0.6],1.0,0.0,1.0
1646,0.0,1,824.0,1,1647,1,False,0.0,0,1.0,[1 1],[0. 1.],0,1,[0.6 0.6],1.0,0.0,1.0
1647,0.0,1,824.0,0,1648,0,False,1.0,1,0.0,[1 2],[0. 1.],1,1,[0.6 0.6],1.0,0.0,1.0
1648,0.0,1,825.0,1,1649,1,False,0.0,0,2.0,[1 2],[0. 1.],1,1,[0.6 0.6],1.0,0.0,1.0
1649,0.0,1,825.0,0,1650,0,False,2.0,1,0.0,[1 1],[0. 1.],1,1,[0.6 0.6],1.0,0.0,1.0
1650,0.0,1,826.0,1,1651,1,False,0.0,0,2.0,[1 1],[0. 1.],1,1,[0.6 0.6],1.0,0.0,1.0
1651,0.0,1,826.0,0,1652,0,False,2.0,1,0.0,[2 1],[0. 1.],0,1,[0.6 0.6],1.0,0.0,1.0
1652,0.0,1,827.0,2,1653,1,False,0.0,0,1.0,[2 1],[0. 1.],0,1,[0.6 0.6],1.0,0.0,1.0
1653,0.0,1,827.0,0,1654,0,False,1.0,1,0.0,[2 1],[0. 1.],0,1,[0.6 0.6],1.0,0.0,1.0
1654,0.0,1,828.0,1,1655,1,False,0.0,0,1.0,[2 1],[0. 1.],0,1,[0.6 0.6],1.0,0.0,1.0
1655,1.0,1,828.0,0,1656,0,False,1.0,1,0.0,[2 1],[0. 1.],0,1,[0.6 0.6],1.0,0.0,1.0
1656,0.0,1,829.0,1,1657,1,False,0.0,0,1.0,[2 1],[0. 1.],0,1,[0.6 0.6],1.0,0.0,1.0
1657,1.0,1,829.0,0,1658,0,False,1.0,1,0.0,[2 2],[0. 1.],1,1,[0.6 0.6],1.0,0.0,1.0
1658,0.0,1,830.0,1,1659,1,False,0.0,0,2.0,[2 2],[0. 1.],1,1,[0.6 0.6],1.0,0.0,1.0
1659,1.0,1,830.0,0,1660,0,False,2.0,1,0.0,[1 2],[0. 1.],0,1,[0.6 0.6],1.0,0.0,1.0
1660,0.0,1,831.0,1,1661,1,False,0.0,0,1.0,[1 2],[0. 1.],0,1,[0.6 0.6],1.0,0.0,1.0
1661,0.0,1,831.0,0,1662,0,False,1.0,1,0.0,[2 1],[0. 1.],0,1,[0.6 0.6],1.0,0.0,1.0
1662,0.0,1,832.0,1,1663,1,False,0.0,0,1.0,[2 1],[0. 1.],0,1,[0.6 0.6],1.0,0.0,1.0
1663,1.0,1,832.0,0,1664,0,False,1.0,1,0.0,[2 2],[0. 1.],1,1,[0.6 0.6],1.0,0.0,1.0
1664,0.0,1,833.0,1,1665,1,False,0.0,0,2.0,[2 2],[0. 1.],1,1,[0.6 0.6],1.0,0.0,1.0
1665,1.0,1,833.0,0,1666,0,False,2.0,1,0.0,[2 1],[0. 1.],0,1,[0.6 0.6],1.0,0.0,1.0
1666,0.0,1,834.0,1,1667,1,False,0.0,0,1.0,[2 1],[0. 1.],0,1,[0.6 0.6],1.0,0.0,1.0
1667,1.0,1,834.0,0,1668,0,False,1.0,1,0.0,[2 1],[0. 1.],0,1,[0.6 0.6],1.0,0.0,1.0
1668,0.0,1,835.0,1,1669,1,False,0.0,0,1.0,[2 1],[0. 1.],0,1,[0.6 0.6],1.0,0.0,1.0
1669,1.0,1,835.0,0,1670,0,False,1.0,1,0.0,[1 2],[0. 1.],1,1,[0.6 0.6],1.0,0.0,1.0
1670,0.0,1,836.0,1,1671,1,False,0.0,0,2.0,[1 2],[0. 1.],1,1,[0.6 0.6],1.0,0.0,1.0
1671,0.0,1,836.0,0,1672,0,False,2.0,1,0.0,[2 1],[0. 1.],1,1,[0.6 0.6],1.0,0.0,1.0
1672,0.0,1,837.0,1,1673,1,False,0.0,0,2.0,[2 1],[0. 1.],1,1,[0.6 0.6],1.0,0.0,1.0
1673,1.0,1,837.0,0,1674,0,False,2.0,1,0.0,[2 1],[0. 1.],1,1,[0.6 0.6],1.0,0.0,1.0
1674,0.0,1,838.0,1,1675,1,False,0.0,0,2.0,[2 1],[0. 1.],1,1,[0.6 0.6],1.0,0.0,1.0
1675,1.0,1,838.0,0,1676,0,False,2.0,1,0.0,[2 2],[0. 1.],0,1,[0.6 0.6],1.0,0.0,1.0
1676,0.0,1,839.0,1,1677,1,False,0.0,0,1.0,[2 2],[0. 1.],0,1,[0.6 0.6],1.0,0.0,1.0
1677,1.0,1,839.0,0,1678,0,False,1.0,1,0.0,[1 1],[0. 1.],0,1,[0.6 0.6],1.0,0.0,1.0
1678,0.0,1,840.0,1,1679,1,False,0.0,0,1.0,[1 1],[0. 1.],0,1,[0.6 0.6],1.0,0.0,1.0
1679,0.0,1,840.0,0,1680,0,False,1.0,1,0.0,[1 2],[0. 1.],1,1,[0.6 0.6],1.0,0.0,1.0
1680,0.0,1,841.0,1,1681,1,False,0.0,0,2.0,[1 2],[0. 1.],1,1,[0.6 0.6],1.0,0.0,1.0
1681,0.0,1,841.0,0,1682,0,False,2.0,1,0.0,[2 2],[0. 1.],1,1,[0.6 0.6],1.0,0.0,1.0
1682,0.0,1,842.0,1,1683,1,False,0.0,0,2.0,[2 2],[0. 1.],1,1,[0.6 0.6],1.0,0.0,1.0
1683,1.0,1,842.0,0,1684,0,False,2.0,1,0.0,[2 2],[0. 1.],0,1,[0.6 0.6],1.0,0.0,1.0
1684,0.0,1,843.0,1,1685,1,False,0.0,0,1.0,[2 2],[0. 1.],0,1,[0.6 0.6],1.0,0.0,1.0
1685,1.0,1,843.0,0,1686,0,False,1.0,1,0.0,[1 1],[0. 1.],1,1,[0.6 0.6],1.0,0.0,1.0
1686,0.0,1,844.0,1,1687,1,False,0.0,0,2.0,[1 1],[0. 1.],1,1,[0.6 0.6],1.0,0.0,1.0
1687,0.0,1,844.0,0,1688,0,False,2.0,1,0.0,[1 2],[0. 1.],0,1,[0.6 0.6],1.0,0.0,1.0
1688,0.0,1,845.0,1,1689,1,False,0.0,0,1.0,[1 2],[0. 1.],0,1,[0.6 0.6],1.0,0.0,1.0
1689,0.0,1,845.0,0,1690,0,False,1.0,1,0.0,[1 1],[0. 1.],1,1,[0.6 0.6],1.0,0.0,1.0
1690,0.0,1,846.0,1,1691,1,False,0.0,0,2.0,[1 1],[0. 1.],1,1,[0.6 0.6],1.0,0.0,1.0
1691,0.0,1,846.0,0,1692,0,False,2.0,1,0.0,[2 1],[0. 1.],1,1,[0.6 0.6],1.0,0.0,1.0
1692,0.0,1,847.0,1,1693,1,False,0.0,0,2.0,[2 1],[0. 1.],1,1,[0.6 0.6],1.0,0.0,1.0
1693,1.0,1,847.0,0,1694,0,False,2.0,1,0.0,[1 1],[0. 1.],1,1,[0.6 0.6],1.0,0.0,1.0
1694,0.0,1,848.0,1,1695,1,False,0.0,0,2.0,[1 1],[0. 1.],1,1,[0.6 0.6],1.0,0.0,1.0
1695,0.0,1,848.0,0,1696,0,False,2.0,1,0.0,[2 2],[0. 1.],0,1,[0.6 0.6],1.0,0.0,1.0
1696,0.0,1,849.0,1,1697,1,False,0.0,0,1.0,[2 2],[0. 1.],0,1,[0.6 0.6],1.0,0.0,1.0
1697,1.0,1,849.0,0,1698,0,False,1.0,1,0.0,[2 1],[0. 1.],0,1,[0.6 0.6],1.0,0.0,1.0
1698,0.0,1,850.0,1,1699,1,False,0.0,0,1.0,[2 1],[0. 1.],0,1,[0.6 0.6],1.0,0.0,1.0
1699,1.0,1,850.0,0,1700,0,False,1.0,1,0.0,[2 1],[0. 1.],0,1,[0.6 0.6],1.0,0.0,1.0
1700,0.0,1,851.0,1,1701,1,False,0.0,0,1.0,[2 1],[0. 1.],0,1,[0.6 0.6],1.0,0.0,1.0
1701,1.0,1,851.0,0,1702,0,False,1.0,1,0.0,[1 2],[0. 1.],1,1,[0.6 0.6],1.0,0.0,1.0
1702,0.0,1,852.0,1,1703,1,False,0.0,0,2.0,[1 2],[0. 1.],1,1,[0.6 0.6],1.0,0.0,1.0
1703,0.0,1,852.0,0,1704,0,False,2.0,1,0.0,[2 1],[0. 1.],1,1,[0.6 0.6],1.0,0.0,1.0
1704,0.0,1,853.0,1,1705,1,False,0.0,0,2.0,[2 1],[0. 1.],1,1,[0.6 0.6],1.0,0.0,1.0
1705,1.0,1,853.0,0,1706,0,False,2.0,1,0.0,[2 2],[0. 1.],0,1,[0.6 0.6],1.0,0.0,1.0
1706,0.0,1,854.0,1,1707,1,False,0.0,0,1.0,[2 2],[0. 1.],0,1,[0.6 0.6],1.0,0.0,1.0
1707,1.0,1,854.0,0,1708,0,False,1.0,1,0.0,[1 2],[0. 1.],0,1,[0.6 0.6],1.0,0.0,1.0
1708,0.0,1,855.0,1,1709,1,False,0.0,0,1.0,[1 2],[0. 1.],0,1,[0.6 0.6],1.0,0.0,1.0
1709,0.0,1,855.0,0,1710,0,False,1.0,1,0.0,[2 1],[0. 1.],1,1,[0.6 0.6],1.0,0.0,1.0
1710,0.0,1,856.0,1,1711,1,False,0.0,0,2.0,[2 1],[0. 1.],1,1,[0.6 0.6],1.0,0.0,1.0
1711,1.0,1,856.0,0,1712,0,False,2.0,1,0.0,[2 1],[0. 1.],0,1,[0.6 0.6],1.0,0.0,1.0
1712,0.0,1,857.0,1,1713,1,False,0.0,0,1.0,[2 1],[0. 1.],0,1,[0.6 0.6],1.0,0.0,1.0
1713,1.0,1,857.0,0,1714,0,False,1.0,1,0.0,[2 1],[0. 1.],1,1,[0.6 0.6],1.0,0.0,1.0
1714,0.0,1,858.0,1,1715,1,False,0.0,0,2.0,[2 1],[0. 1.],1,1,[0.6 0.6],1.0,0.0,1.0
1715,1.0,1,858.0,0,1716,0,False,2.0,1,0.0,[2 1],[0. 1.],0,1,[0.6 0.6],1.0,0.0,1.0
1716,0.0,1,859.0,1,1717,1,False,0.0,0,1.0,[2 1],[0. 1.],0,1,[0.6 0.6],1.0,0.0,1.0
1717,1.0,1,859.0,0,1718,0,False,1.0,1,0.0,[1 1],[0. 1.],0,1,[0.6 0.6],1.0,0.0,1.0
1718,0.0,1,860.0,1,1719,1,False,0.0,0,1.0,[1 1],[0. 1.],0,1,[0.6 0.6],1.0,0.0,1.0
1719,0.0,1,860.0,0,1720,0,False,1.0,1,0.0,[2 2],[0. 1.],1,1,[0.6 0.6],1.0,0.0,1.0
1720,0.0,1,861.0,1,1721,1,False,0.0,0,2.0,[2 2],[0. 1.],1,1,[0.6 0.6],1.0,0.0,1.0
1721,1.0,1,861.0,0,1722,0,False,2.0,1,0.0,[1 2],[0. 1.],1,1,[0.6 0.6],1.0,0.0,1.0
1722,0.0,1,862.0,1,1723,1,False,0.0,0,2.0,[1 2],[0. 1.],1,1,[0.6 0.6],1.0,0.0,1.0
1723,0.0,1,862.0,0,1724,0,False,2.0,1,0.0,[2 1],[0. 1.],1,1,[0.6 0.6],1.0,0.0,1.0
1724,0.0,1,863.0,1,1725,1,False,0.0,0,2.0,[2 1],[0. 1.],1,1,[0.6 0.6],1.0,0.0,1.0
1725,1.0,1,863.0,0,1726,0,False,2.0,1,0.0,[1 2],[0. 1.],1,1,[0.6 0.6],1.0,0.0,1.0
1726,0.0,1,864.0,1,1727,1,False,0.0,0,2.0,[1 2],[0. 1.],1,1,[0.6 0.6],1.0,0.0,1.0
1727,0.0,1,864.0,0,1728,0,False,2.0,1,0.0,[2 2],[0. 1.],1,1,[0.6 0.6],1.0,0.0,1.0
1728,0.0,1,865.0,1,1729,1,False,0.0,0,2.0,[2 2],[0. 1.],1,1,[0.6 0.6],1.0,0.0,1.0
1729,1.0,1,865.0,0,1730,0,False,2.0,1,0.0,[1 1],[0. 1.],1,1,[0.6 0.6],1.0,0.0,1.0
1730,0.0,1,866.0,1,1731,1,False,0.0,0,2.0,[1 1],[0. 1.],1,1,[0.6 0.6],1.0,0.0,1.0
1731,0.0,1,866.0,0,1732,0,False,2.0,1,0.0,[2 1],[0. 1.],0,1,[0.6 0.6],1.0,0.0,1.0
1732,0.0,1,867.0,1,1733,1,False,0.0,0,1.0,[2 1],[0. 1.],0,1,[0.6 0.6],1.0,0.0,1.0
1733,1.0,1,867.0,0,1734,0,False,1.0,1,0.0,[2 1],[0. 1.],1,1,[0.6 0.6],1.0,0.0,1.0
1734,0.0,1,868.0,1,1735,1,False,0.0,0,2.0,[2 1],[0. 1.],1,1,[0.6 0.6],1.0,0.0,1.0
1735,1.0,1,868.0,0,1736,0,False,2.0,1,0.0,[2 2],[0. 1.],0,1,[0.6 0.6],1.0,0.0,1.0
1736,0.0,1,869.0,1,1737,1,False,0.0,0,1.0,[2 2],[0. 1.],0,1,[0.6 0.6],1.0,0.0,1.0
1737,1.0,1,869.0,0,1738,0,False,1.0,1,0.0,[1 2],[0. 1.],1,1,[0.6 0.6],1.0,0.0,1.0
1738,0.0,1,870.0,1,1739,1,False,0.0,0,2.0,[1 2],[0. 1.],1,1,[0.6 0.6],1.0,0.0,1.0
1739,0.0,1,870.0,0,1740,0,False,2.0,1,0.0,[1 2],[0. 1.],0,1,[0.6 0.6],1.0,0.0,1.0
1740,0.0,1,871.0,1,1741,1,False,0.0,0,1.0,[1 2],[0. 1.],0,1,[0.6 0.6],1.0,0.0,1.0
1741,0.0,1,871.0,0,1742,0,False,1.0,1,0.0,[2 1],[0. 1.],1,1,[0.6 0.6],1.0,0.0,1.0
1742,0.0,1,872.0,1,1743,1,False,0.0,0,2.0,[2 1],[0. 1.],1,1,[0.6 0.6],1.0,0.0,1.0
1743,1.0,1,872.0,0,1744,0,False,2.0,1,0.0,[1 2],[0. 1.],0,1,[0.6 0.6],1.0,0.0,1.0
1744,0.0,1,873.0,1,1745,1,False,0.0,0,1.0,[1 2],[0. 1.],0,1,[0.6 0.6],1.0,0.0,1.0
1745,0.0,1,873.0,0,1746,0,False,1.0,1,0.0,[1 1],[0. 1.],0,1,[0.6 0.6],1.0,0.0,1.0
1746,0.0,1,874.0,1,1747,1,False,0.0,0,1.0,[1 1],[0. 1.],0,1,[0.6 0.6],1.0,0.0,1.0
1747,0.0,1,874.0,0,1748,0,False,1.0,1,0.0,[1 2],[0. 1.],0,1,[0.6 0.6],1.0,0.0,1.0
1748,0.0,1,875.0,1,1749,1,False,0.0,0,1.0,[1 2],[0. 1.],0,1,[0.6 0.6],1.0,0.0,1.0
1749,0.0,1,875.0,0,1750,0,False,1.0,1,0.0,[1 2],[0. 1.],1,1,[0.6 0.6],1.0,0.0,1.0
1750,0.0,1,876.0,2,1751,1,False,0.0,0,2.0,[1 2],[0. 1.],1,1,[0.6 0.6],1.0,0.0,1.0
1751,1.0,1,876.0,0,1752,0,False,2.0,1,0.0,[2 2],[0. 1.],1,1,[0.6 0.6],1.0,0.0,1.0
1752,0.0,1,877.0,2,1753,1,False,0.0,0,2.0,[2 2],[0. 1.],1,1,[0.6 0.6],1.0,0.0,1.0
1753,1.0,1,877.0,0,1754,0,False,2.0,1,0.0,[2 2],[0. 1.],1,1,[0.6 0.6],1.0,0.0,1.0
1754,0.0,1,878.0,2,1755,1,False,0.0,0,2.0,[2 2],[0. 1.],1,1,[0.6 0.6],1.0,0.0,1.0
1755,1.0,1,878.0,0,1756,0,False,2.0,1,0.0,[2 1],[0. 1.],0,1,[0.6 0.6],1.0,0.0,1.0
1756,0.0,1,879.0,2,1757,1,False,0.0,0,1.0,[2 1],[0. 1.],0,1,[0.6 0.6],1.0,0.0,1.0
1757,0.0,1,879.0,0,1758,0,False,1.0,1,0.0,[1 1],[0. 1.],1,1,[0.6 0.6],1.0,0.0,1.0
1758,0.0,1,880.0,2,1759,1,False,0.0,0,2.0,[1 1],[0. 1.],1,1,[0.6 0.6],1.0,0.0,1.0
1759,0.0,1,880.0,0,1760,0,False,2.0,1,0.0,[1 2],[0. 1.],1,1,[0.6 0.6],1.0,0.0,1.0
1760,0.0,1,881.0,2,1761,1,False,0.0,0,2.0,[1 2],[0. 1.],1,1,[0.6 0.6],1.0,0.0,1.0
1761,1.0,1,881.0,0,1762,0,False,2.0,1,0.0,[1 2],[0. 1.],1,1,[0.6 0.6],1.0,0.0,1.0
1762,0.0,1,882.0,2,1763,1,False,0.0,0,2.0,[1 2],[0. 1.],1,1,[0.6 0.6],1.0,0.0,1.0
1763,1.0,1,882.0,0,1764,0,False,2.0,1,0.0,[1 2],[0. 1.],0,1,[0.6 0.6],1.0,0.0,1.0
1764,0.0,1,883.0,2,1765,1,False,0.0,0,1.0,[1 2],[0. 1.],0,1,[0.6 0.6],1.0,0.0,1.0
1765,1.0,1,883.0,0,1766,0,False,1.0,1,0.0,[2 2],[0. 1.],0,1,[0.6 0.6],1.0,0.0,1.0
1766,0.0,1,884.0,2,1767,1,False,0.0,0,1.0,[2 2],[0. 1.],0,1,[0.6 0.6],1.0,0.0,1.0
1767,1.0,1,884.0,0,1768,0,False,1.0,1,0.0,[2 1],[0. 1.],1,1,[0.6 0.6],1.0,0.0,1.0
1768,0.0,1,885.0,2,1769,1,False,0.0,0,2.0,[2 1],[0. 1.],1,1,[0.6 0.6],1.0,0.0,1.0
1769,0.0,1,885.0,0,1770,0,False,2.0,1,0.0,[2 1],[0. 1.],0,1,[0.6 0.6],1.0,0.0,1.0
1770,0.0,1,886.0,2,1771,1,False,0.0,0,1.0,[2 1],[0. 1.],0,1,[0.6 0.6],1.0,0.0,1.0
1771,0.0,1,886.0,0,1772,0,False,1.0,1,0.0,[2 1],[0. 1.],0,1,[0.6 0.6],1.0,0.0,1.0
1772,0.0,1,887.0,2,1773,1,False,0.0,0,1.0,[2 1],[0. 1.],0,1,[0.6 0.6],1.0,0.0,1.0
1773,0.0,1,887.0,0,1774,0,False,1.0,1,0.0,[2 1],[0. 1.],0,1,[0.6 0.6],1.0,0.0,1.0
1774,0.0,1,888.0,2,1775,1,False,0.0,0,1.0,[2 1],[0. 1.],0,1,[0.6 0.6],1.0,0.0,1.0
1775,0.0,1,888.0,0,1776,0,False,1.0,1,0.0,[1 1],[0. 1.],1,1,[0.6 0.6],1.0,0.0,1.0
1776,0.0,1,889.0,1,1777,1,False,0.0,0,2.0,[1 1],[0. 1.],1,1,[0.6 0.6],1.0,0.0,1.0
1777,0.0,1,889.0,0,1778,0,False,2.0,1,0.0,[1 2],[0. 1.],0,1,[0.6 0.6],1.0,0.0,1.0
1778,0.0,1,890.0,2,1779,1,False,0.0,0,1.0,[1 2],[0. 1.],0,1,[0.6 0.6],1.0,0.0,1.0
1779,1.0,1,890.0,0,1780,0,False,1.0,1,0.0,[1 2],[0. 1.],0,1,[0.6 0.6],1.0,0.0,1.0
1780,0.0,1,891.0,2,1781,1,False,0.0,0,1.0,[1 2],[0. 1.],0,1,[0.6 0.6],1.0,0.0,1.0
1781,1.0,1,891.0,0,1782,0,False,1.0,1,0.0,[2 2],[0. 1.],1,1,[0.6 0.6],1.0,0.0,1.0
1782,0.0,1,892.0,2,1783,1,False,0.0,0,2.0,[2 2],[0. 1.],1,1,[0.6 0.6],1.0,0.0,1.0
1783,1.0,1,892.0,0,1784,0,False,2.0,1,0.0,[1 2],[0. 1.],1,1,[0.6 0.6],1.0,0.0,1.0
1784,0.0,1,893.0,2,1785,1,False,0.0,0,2.0,[1 2],[0. 1.],1,1,[0.6 0.6],1.0,0.0,1.0
1785,1.0,1,893.0,0,1786,0,False,2.0,1,0.0,[2 1],[1. 0.],1,0,[0.6 0.6],1.0,0.0,1.0
1786,0.0,1,894.0,2,1787,1,False,0.0,0,2.0,[2 1],[1. 0.],1,0,[0.6 0.6],1.0,0.0,1.0
1787,1.0,1,894.0,0,1788,0,False,2.0,1,0.0,[1 2],[1. 0.],1,0,[0.6 0.6],1.0,0.0,1.0
1788,0.0,1,895.0,2,1789,1,False,0.0,0,2.0,[1 2],[1. 0.],1,0,[0.6 0.6],1.0,0.0,1.0
1789,0.0,1,895.0,0,1790,0,False,2.0,1,0.0,[2 1],[1. 0.],1,0,[0.6 0.6],1.0,0.0,1.0
1790,0.0,1,896.0,2,1791,1,False,0.0,0,2.0,[2 1],[1. 0.],1,0,[0.6 0.6],1.0,0.0,1.0
1791,1.0,1,896.0,0,1792,0,False,2.0,1,0.0,[1 1],[1. 0.],1,0,[0.6 0.6],1.0,0.0,1.0
1792,0.0,1,897.0,2,1793,1,False,0.0,0,2.0,[1 1],[1. 0.],1,0,[0.6 0.6],1.0,0.0,1.0
1793,1.0,1,897.0,0,1794,0,False,2.0,1,0.0,[1 2],[1. 0.],1,0,[0.6 0.6],1.0,0.0,1.0
1794,0.0,1,898.0,2,1795,1,False,0.0,0,2.0,[1 2],[1. 0.],1,0,[0.6 0.6],1.0,0.0,1.0
1795,0.0,1,898.0,0,1796,0,False,2.0,1,0.0,[1 2],[1. 0.],0,0,[0.6 0.6],1.0,0.0,1.0
1796,0.0,1,899.0,2,1797,1,False,0.0,0,1.0,[1 2],[1. 0.],0,0,[0.6 0.6],1.0,0.0,1.0
1797,0.0,1,899.0,0,1798,0,False,1.0,1,0.0,[2 1],[1. 0.],0,0,[0.6 0.6],1.0,0.0,1.0
1798,0.0,1,900.0,2,1799,1,False,0.0,0,1.0,[2 1],[1. 0.],0,0,[0.6 0.6],1.0,0.0,1.0
1799,1.0,1,900.0,0,1800,0,False,1.0,1,0.0,[2 2],[1. 0.],0,0,[0.6 0.6],1.0,0.0,1.0
1800,0.0,1,901.0,2,1801,1,False,0.0,0,1.0,[2 2],[1. 0.],0,0,[0.6 0.6],1.0,0.0,1.0
1801,0.0,1,901.0,0,1802,0,False,1.0,1,0.0,[1 1],[1. 0.],0,0,[0.6 0.6],1.0,0.0,1.0
1802,0.0,1,902.0,2,1803,1,False,0.0,0,1.0,[1 1],[1. 0.],0,0,[0.6 0.6],1.0,0.0,1.0
1803,1.0,1,902.0,0,1804,0,False,1.0,1,0.0,[2 2],[1. 0.],0,0,[0.6 0.6],1.0,0.0,1.0
1804,0.0,1,903.0,2,1805,1,False,0.0,0,1.0,[2 2],[1. 0.],0,0,[0.6 0.6],1.0,0.0,1.0
1805,0.0,1,903.0,0,1806,0,False,1.0,1,0.0,[1 2],[1. 0.],0,0,[0.6 0.6],1.0,0.0,1.0
1806,0.0,1,904.0,2,1807,1,False,0.0,0,1.0,[1 2],[1. 0.],0,0,[0.6 0.6],1.0,0.0,1.0
1807,0.0,1,904.0,0,1808,0,False,1.0,1,0.0,[2 2],[1. 0.],1,0,[0.6 0.6],1.0,0.0,1.0
1808,0.0,1,905.0,2,1809,1,False,0.0,0,2.0,[2 2],[1. 0.],1,0,[0.6 0.6],1.0,0.0,1.0
1809,0.0,1,905.0,0,1810,0,False,2.0,1,0.0,[2 2],[1. 0.],0,0,[0.6 0.6],1.0,0.0,1.0
1810,0.0,1,906.0,2,1811,1,False,0.0,0,1.0,[2 2],[1. 0.],0,0,[0.6 0.6],1.0,0.0,1.0
1811,0.0,1,906.0,0,1812,0,False,1.0,1,0.0,[2 2],[1. 0.],0,0,[0.6 0.6],1.0,0.0,1.0
1812,0.0,1,907.0,1,1813,1,False,0.0,0,1.0,[2 2],[1. 0.],0,0,[0.6 0.6],1.0,0.0,1.0
1813,0.0,1,907.0,0,1814,0,False,1.0,1,0.0,[1 1],[1. 0.],1,0,[0.6 0.6],1.0,0.0,1.0
1814,0.0,1,908.0,2,1815,1,False,0.0,0,2.0,[1 1],[1. 0.],1,0,[0.6 0.6],1.0,0.0,1.0
1815,1.0,1,908.0,0,1816,0,False,2.0,1,0.0,[1 2],[0. 1.],0,1,[0.6 0.6],1.0,0.0,1.0
1816,0.0,1,909.0,2,1817,1,False,0.0,0,1.0,[1 2],[0. 1.],0,1,[0.6 0.6],1.0,0.0,1.0
1817,1.0,1,909.0,0,1818,0,False,1.0,1,0.0,[2 2],[0. 1.],1,1,[0.6 0.6],1.0,0.0,1.0
1818,0.0,1,910.0,2,1819,1,False,0.0,0,2.0,[2 2],[0. 1.],1,1,[0.6 0.6],1.0,0.0,1.0
1819,1.0,1,910.0,0,1820,0,False,2.0,1,0.0,[1 2],[0. 1.],1,1,[0.6 0.6],1.0,0.0,1.0
1820,0.0,1,911.0,2,1821,1,False,0.0,0,2.0,[1 2],[0. 1.],1,1,[0.6 0.6],1.0,0.0,1.0
1821,1.0,1,911.0,0,1822,0,False,2.0,1,0.0,[1 1],[0. 1.],1,1,[0.6 0.6],1.0,0.0,1.0
1822,0.0,1,912.0,2,1823,1,False,0.0,0,2.0,[1 1],[0. 1.],1,1,[0.6 0.6],1.0,0.0,1.0
1823,0.0,1,912.0,0,1824,0,False,2.0,1,0.0,[1 1],[0. 1.],0,1,[0.6 0.6],1.0,0.0,1.0
1824,0.0,1,913.0,2,1825,1,False,0.0,0,1.0,[1 1],[0. 1.],0,1,[0.6 0.6],1.0,0.0,1.0
1825,0.0,1,913.0,0,1826,0,False,1.0,1,0.0,[2 1],[0. 1.],0,1,[0.6 0.6],1.0,0.0,1.0
1826,0.0,1,914.0,2,1827,1,False,0.0,0,1.0,[2 1],[0. 1.],0,1,[0.6 0.6],1.0,0.0,1.0
1827,0.0,1,914.0,0,1828,0,False,1.0,1,0.0,[1 2],[0. 1.],0,1,[0.6 0.6],1.0,0.0,1.0
1828,0.0,1,915.0,2,1829,1,False,0.0,0,1.0,[1 2],[0. 1.],0,1,[0.6 0.6],1.0,0.0,1.0
1829,1.0,1,915.0,0,1830,0,False,1.0,1,0.0,[2 1],[0. 1.],1,1,[0.6 0.6],1.0,0.0,1.0
1830,0.0,1,916.0,2,1831,1,False,0.0,0,2.0,[2 1],[0. 1.],1,1,[0.6 0.6],1.0,0.0,1.0
1831,0.0,1,916.0,0,1832,0,False,2.0,1,0.0,[1 2],[0. 1.],1,1,[0.6 0.6],1.0,0.0,1.0
1832,0.0,1,917.0,2,1833,1,False,0.0,0,2.0,[1 2],[0. 1.],1,1,[0.6 0.6],1.0,0.0,1.0
1833,1.0,1,917.0,0,1834,0,False,2.0,1,0.0,[1 2],[0. 1.],0,1,[0.6 0.6],1.0,0.0,1.0
1834,0.0,1,918.0,2,1835,1,False,0.0,0,1.0,[1 2],[0. 1.],0,1,[0.6 0.6],1.0,0.0,1.0
1835,1.0,1,918.0,0,1836,0,False,1.0,1,0.0,[2 2],[0. 1.],1,1,[0.6 0.6],1.0,0.0,1.0
1836,0.0,1,919.0,2,1837,1,False,0.0,0,2.0,[2 2],[0. 1.],1,1,[0.6 0.6],1.0,0.0,1.0
1837,1.0,1,919.0,0,1838,0,False,2.0,1,0.0,[1 2],[0. 1.],0,1,[0.6 0.6],1.0,0.0,1.0
1838,0.0,1,920.0,2,1839,1,False,0.0,0,1.0,[1 2],[0. 1.],0,1,[0.6 0.6],1.0,0.0,1.0
1839,1.0,1,920.0,0,1840,0,False,1.0,1,0.0,[2 1],[0. 1.],0,1,[0.6 0.6],1.0,0.0,1.0
1840,0.0,1,921.0,2,1841,1,False,0.0,0,1.0,[2 1],[0. 1.],0,1,[0.6 0.6],1.0,0.0,1.0
1841,0.0,1,921.0,0,1842,0,False,1.0,1,0.0,[1 2],[0. 1.],1,1,[0.6 0.6],1.0,0.0,1.0
1842,0.0,1,922.0,2,1843,1,False,0.0,0,2.0,[1 2],[0. 1.],1,1,[0.6 0.6],1.0,0.0,1.0
1843,1.0,1,922.0,0,1844,0,False,2.0,1,0.0,[1 1],[0. 1.],1,1,[0.6 0.6],1.0,0.0,1.0
1844,0.0,1,923.0,2,1845,1,False,0.0,0,2.0,[1 1],[0. 1.],1,1,[0.6 0.6],1.0,0.0,1.0
1845,0.0,1,923.0,0,1846,0,False,2.0,1,0.0,[1 2],[0. 1.],1,1,[0.6 0.6],1.0,0.0,1.0
1846,0.0,1,924.0,2,1847,1,False,0.0,0,2.0,[1 2],[0. 1.],1,1,[0.6 0.6],1.0,0.0,1.0
1847,1.0,1,924.0,0,1848,0,False,2.0,1,0.0,[1 2],[0. 1.],1,1,[0.6 0.6],1.0,0.0,1.0
1848,0.0,1,925.0,2,1849,1,False,0.0,0,2.0,[1 2],[0. 1.],1,1,[0.6 0.6],1.0,0.0,1.0
1849,1.0,1,925.0,0,1850,0,False,2.0,1,0.0,[2 1],[0. 1.],0,1,[0.6 0.6],1.0,0.0,1.0
1850,0.0,1,926.0,2,1851,1,False,0.0,0,1.0,[2 1],[0. 1.],0,1,[0.6 0.6],1.0,0.0,1.0
1851,0.0,1,926.0,0,1852,0,False,1.0,1,0.0,[1 2],[0. 1.],1,1,[0.6 0.6],1.0,0.0,1.0
1852,0.0,1,927.0,2,1853,1,False,0.0,0,2.0,[1 2],[0. 1.],1,1,[0.6 0.6],1.0,0.0,1.0
1853,1.0,1,927.0,0,1854,0,False,2.0,1,0.0,[2 1],[0. 1.],1,1,[0.6 0.6],1.0,0.0,1.0
1854,0.0,1,928.0,2,1855,1,False,0.0,0,2.0,[2 1],[0. 1.],1,1,[0.6 0.6],1.0,0.0,1.0
1855,0.0,1,928.0,0,1856,0,False,2.0,1,0.0,[1 1],[0. 1.],0,1,[0.6 0.6],1.0,0.0,1.0
1856,0.0,1,929.0,2,1857,1,False,0.0,0,1.0,[1 1],[0. 1.],0,1,[0.6 0.6],1.0,0.0,1.0
1857,0.0,1,929.0,0,1858,0,False,1.0,1,0.0,[2 2],[0. 1.],0,1,[0.6 0.6],1.0,0.0,1.0
1858,0.0,1,930.0,2,1859,1,False,0.0,0,1.0,[2 2],[0. 1.],0,1,[0.6 0.6],1.0,0.0,1.0
1859,1.0,1,930.0,0,1860,0,False,1.0,1,0.0,[1 2],[0. 1.],0,1,[0.6 0.6],1.0,0.0,1.0
1860,0.0,1,931.0,2,1861,1,False,0.0,0,1.0,[1 2],[0. 1.],0,1,[0.6 0.6],1.0,0.0,1.0
1861,1.0,1,931.0,0,1862,0,False,1.0,1,0.0,[1 1],[0. 1.],0,1,[0.6 0.6],1.0,0.0,1.0
1862,0.0,1,932.0,2,1863,1,False,0.0,0,1.0,[1 1],[0. 1.],0,1,[0.6 0.6],1.0,0.0,1.0
1863,0.0,1,932.0,0,1864,0,False,1.0,1,0.0,[1 2],[0. 1.],0,1,[0.6 0.6],1.0,0.0,1.0
1864,0.0,1,933.0,2,1865,1,False,0.0,0,1.0,[1 2],[0. 1.],0,1,[0.6 0.6],1.0,0.0,1.0
1865,1.0,1,933.0,0,1866,0,False,1.0,1,0.0,[2 2],[0. 1.],0,1,[0.6 0.6],1.0,0.0,1.0
1866,0.0,1,934.0,2,1867,1,False,0.0,0,1.0,[2 2],[0. 1.],0,1,[0.6 0.6],1.0,0.0,1.0
1867,1.0,1,934.0,0,1868,0,False,1.0,1,0.0,[1 1],[0. 1.],1,1,[0.6 0.6],1.0,0.0,1.0
1868,0.0,1,935.0,2,1869,1,False,0.0,0,2.0,[1 1],[0. 1.],1,1,[0.6 0.6],1.0,0.0,1.0
1869,0.0,1,935.0,0,1870,0,False,2.0,1,0.0,[1 2],[0. 1.],1,1,[0.6 0.6],1.0,0.0,1.0
1870,0.0,1,936.0,2,1871,1,False,0.0,0,2.0,[1 2],[0. 1.],1,1,[0.6 0.6],1.0,0.0,1.0
1871,1.0,1,936.0,0,1872,0,False,2.0,1,0.0,[1 2],[0. 1.],0,1,[0.6 0.6],1.0,0.0,1.0
1872,0.0,1,937.0,2,1873,1,False,0.0,0,1.0,[1 2],[0. 1.],0,1,[0.6 0.6],1.0,0.0,1.0
1873,1.0,1,937.0,0,1874,0,False,1.0,1,0.0,[1 1],[0. 1.],0,1,[0.6 0.6],1.0,0.0,1.0
1874,0.0,1,938.0,2,1875,1,False,0.0,0,1.0,[1 1],[0. 1.],0,1,[0.6 0.6],1.0,0.0,1.0
1875,0.0,1,938.0,0,1876,0,False,1.0,1,0.0,[1 1],[0. 1.],1,1,[0.6 0.6],1.0,0.0,1.0
1876,0.0,1,939.0,2,1877,1,False,0.0,0,2.0,[1 1],[0. 1.],1,1,[0.6 0.6],1.0,0.0,1.0
1877,0.0,1,939.0,0,1878,0,False,2.0,1,0.0,[1 2],[0. 1.],1,1,[0.6 0.6],1.0,0.0,1.0
1878,0.0,1,940.0,2,1879,1,False,0.0,0,2.0,[1 2],[0. 1.],1,1,[0.6 0.6],1.0,0.0,1.0
1879,1.0,1,940.0,0,1880,0,False,2.0,1,0.0,[2 1],[0. 1.],1,1,[0.6 0.6],1.0,0.0,1.0
1880,0.0,1,941.0,2,1881,1,False,0.0,0,2.0,[2 1],[0. 1.],1,1,[0.6 0.6],1.0,0.0,1.0
1881,0.0,1,941.0,0,1882,0,False,2.0,1,0.0,[2 2],[0. 1.],0,1,[0.6 0.6],1.0,0.0,1.0
1882,0.0,1,942.0,1,1883,1,False,0.0,0,1.0,[2 2],[0. 1.],0,1,[0.6 0.6],1.0,0.0,1.0
1883,1.0,1,942.0,0,1884,0,False,1.0,1,0.0,[1 1],[0. 1.],1,1,[0.6 0.6],1.0,0.0,1.0
1884,0.0,1,943.0,1,1885,1,False,0.0,0,2.0,[1 1],[0. 1.],1,1,[0.6 0.6],1.0,0.0,1.0
1885,0.0,1,943.0,0,1886,0,False,2.0,1,0.0,[1 1],[0. 1.],0,1,[0.6 0.6],1.0,0.0,1.0
1886,0.0,1,944.0,1,1887,1,False,0.0,0,1.0,[1 1],[0. 1.],0,1,[0.6 0.6],1.0,0.0,1.0
1887,0.0,1,944.0,0,1888,0,False,1.0,1,0.0,[1 1],[0. 1.],1,1,[0.6 0.6],1.0,0.0,1.0
1888,0.0,1,945.0,1,1889,1,False,0.0,0,2.0,[1 1],[0. 1.],1,1,[0.6 0.6],1.0,0.0,1.0
1889,0.0,1,945.0,0,1890,0,False,2.0,1,0.0,[1 1],[0. 1.],0,1,[0.6 0.6],1.0,0.0,1.0
1890,0.0,1,946.0,2,1891,1,False,0.0,0,1.0,[1 1],[0. 1.],0,1,[0.6 0.6],1.0,0.0,1.0
1891,0.0,1,946.0,0,1892,0,False,1.0,1,0.0,[2 1],[0. 1.],0,1,[0.6 0.6],1.0,0.0,1.0
1892,0.0,1,947.0,2,1893,1,False,0.0,0,1.0,[2 1],[0. 1.],0,1,[0.6 0.6],1.0,0.0,1.0
1893,0.0,1,947.0,0,1894,0,False,1.0,1,0.0,[2 1],[0. 1.],0,1,[0.6 0.6],1.0,0.0,1.0
1894,0.0,1,948.0,2,1895,1,False,0.0,0,1.0,[2 1],[0. 1.],0,1,[0.6 0.6],1.0,0.0,1.0
1895,0.0,1,948.0,0,1896,0,False,1.0,1,0.0,[2 1],[0. 1.],0,1,[0.6 0.6],1.0,0.0,1.0
1896,0.0,1,949.0,1,1897,1,False,0.0,0,1.0,[2 1],[0. 1.],0,1,[0.6 0.6],1.0,0.0,1.0
1897,1.0,1,949.0,0,1898,0,False,1.0,1,0.0,[2 2],[0. 1.],0,1,[0.6 0.6],1.0,0.0,1.0
1898,0.0,1,950.0,1,1899,1,False,0.0,0,1.0,[2 2],[0. 1.],0,1,[0.6 0.6],1.0,0.0,1.0
1899,1.0,1,950.0,0,1900,0,False,1.0,1,0.0,[2 2],[0. 1.],1,1,[0.6 0.6],1.0,0.0,1.0
1900,0.0,1,951.0,1,1901,1,False,0.0,0,2.0,[2 2],[0. 1.],1,1,[0.6 0.6],1.0,0.0,1.0
1901,1.0,1,951.0,0,1902,0,False,2.0,1,0.0,[2 2],[0. 1.],1,1,[0.6 0.6],1.0,0.0,1.0
1902,0.0,1,952.0,1,1903,1,False,0.0,0,2.0,[2 2],[0. 1.],1,1,[0.6 0.6],1.0,0.0,1.0
1903,1.0,1,952.0,0,1904,0,False,2.0,1,0.0,[2 1],[0. 1.],1,1,[0.6 0.6],1.0,0.0,1.0
1904,0.0,1,953.0,1,1905,1,False,0.0,0,2.0,[2 1],[0. 1.],1,1,[0.6 0.6],1.0,0.0,1.0
1905,1.0,1,953.0,0,1906,0,False,2.0,1,0.0,[1 2],[0. 1.],0,1,[0.6 0.6],1.0,0.0,1.0
1906,0.0,1,954.0,1,1907,1,False,0.0,0,1.0,[1 2],[0. 1.],0,1,[0.6 0.6],1.0,0.0,1.0
1907,0.0,1,954.0,0,1908,0,False,1.0,1,0.0,[1 1],[0. 1.],1,1,[0.6 0.6],1.0,0.0,1.0
1908,0.0,1,955.0,1,1909,1,False,0.0,0,2.0,[1 1],[0. 1.],1,1,[0.6 0.6],1.0,0.0,1.0
1909,0.0,1,955.0,0,1910,0,False,2.0,1,0.0,[1 2],[0. 1.],0,1,[0.6 0.6],1.0,0.0,1.0
1910,0.0,1,956.0,1,1911,1,False,0.0,0,1.0,[1 2],[0. 1.],0,1,[0.6 0.6],1.0,0.0,1.0
1911,0.0,1,956.0,0,1912,0,False,1.0,1,0.0,[1 1],[0. 1.],1,1,[0.6 0.6],1.0,0.0,1.0
1912,0.0,1,957.0,1,1913,1,False,0.0,0,2.0,[1 1],[0. 1.],1,1,[0.6 0.6],1.0,0.0,1.0
1913,0.0,1,957.0,0,1914,0,False,2.0,1,0.0,[2 2],[0. 1.],0,1,[0.6 0.6],1.0,0.0,1.0
1914,0.0,1,958.0,2,1915,1,False,0.0,0,1.0,[2 2],[0. 1.],0,1,[0.6 0.6],1.0,0.0,1.0
1915,1.0,1,958.0,0,1916,0,False,1.0,1,0.0,[2 1],[0. 1.],0,1,[0.6 0.6],1.0,0.0,1.0
1916,0.0,1,959.0,2,1917,1,False,0.0,0,1.0,[2 1],[0. 1.],0,1,[0.6 0.6],1.0,0.0,1.0
1917,0.0,1,959.0,0,1918,0,False,1.0,1,0.0,[1 2],[0. 1.],0,1,[0.6 0.6],1.0,0.0,1.0
1918,0.0,1,960.0,2,1919,1,False,0.0,0,1.0,[1 2],[0. 1.],0,1,[0.6 0.6],1.0,0.0,1.0
1919,1.0,1,960.0,0,1920,0,False,1.0,1,0.0,[2 2],[0. 1.],0,1,[0.6 0.6],1.0,0.0,1.0
1920,0.0,1,961.0,2,1921,1,False,0.0,0,1.0,[2 2],[0. 1.],0,1,[0.6 0.6],1.0,0.0,1.0
1921,1.0,1,961.0,0,1922,0,False,1.0,1,0.0,[1 2],[0. 1.],1,1,[0.6 0.6],1.0,0.0,1.0
1922,0.0,1,962.0,2,1923,1,False,0.0,0,2.0,[1 2],[0. 1.],1,1,[0.6 0.6],1.0,0.0,1.0
1923,1.0,1,962.0,0,1924,0,False,2.0,1,0.0,[1 1],[0. 1.],0,1,[0.6 0.6],1.0,0.0,1.0
1924,0.0,1,963.0,2,1925,1,False,0.0,0,1.0,[1 1],[0. 1.],0,1,[0.6 0.6],1.0,0.0,1.0
1925,0.0,1,963.0,0,1926,0,False,1.0,1,0.0,[2 1],[0. 1.],0,1,[0.6 0.6],1.0,0.0,1.0
1926,0.0,1,964.0,2,1927,1,False,0.0,0,1.0,[2 1],[0. 1.],0,1,[0.6 0.6],1.0,0.0,1.0
1927,0.0,1,964.0,0,1928,0,False,1.0,1,0.0,[1 2],[0. 1.],1,1,[0.6 0.6],1.0,0.0,1.0
1928,0.0,1,965.0,2,1929,1,False,0.0,0,2.0,[1 2],[0. 1.],1,1,[0.6 0.6],1.0,0.0,1.0
1929,1.0,1,965.0,0,1930,0,False,2.0,1,0.0,[2 2],[0. 1.],1,1,[0.6 0.6],1.0,0.0,1.0
1930,0.0,1,966.0,2,1931,1,False,0.0,0,2.0,[2 2],[0. 1.],1,1,[0.6 0.6],1.0,0.0,1.0
1931,1.0,1,966.0,0,1932,0,False,2.0,1,0.0,[1 2],[0. 1.],0,1,[0.6 0.6],1.0,0.0,1.0
1932,0.0,1,967.0,2,1933,1,False,0.0,0,1.0,[1 2],[0. 1.],0,1,[0.6 0.6],1.0,0.0,1.0
1933,1.0,1,967.0,0,1934,0,False,1.0,1,0.0,[2 1],[0. 1.],0,1,[0.6 0.6],1.0,0.0,1.0
1934,0.0,1,968.0,2,1935,1,False,0.0,0,1.0,[2 1],[0. 1.],0,1,[0.6 0.6],1.0,0.0,1.0
1935,0.0,1,968.0,0,1936,0,False,1.0,1,0.0,[1 2],[0. 1.],1,1,[0.6 0.6],1.0,0.0,1.0
1936,0.0,1,969.0,2,1937,1,False,0.0,0,2.0,[1 2],[0. 1.],1,1,[0.6 0.6],1.0,0.0,1.0
1937,1.0,1,969.0,0,1938,0,False,2.0,1,0.0,[2 2],[0. 1.],0,1,[0.6 0.6],1.0,0.0,1.0
1938,0.0,1,970.0,2,1939,1,False,0.0,0,1.0,[2 2],[0. 1.],0,1,[0.6 0.6],1.0,0.0,1.0
1939,1.0,1,970.0,0,1940,0,False,1.0,1,0.0,[2 2],[0. 1.],0,1,[0.6 0.6],1.0,0.0,1.0
1940,0.0,1,971.0,2,1941,1,False,0.0,0,1.0,[2 2],[0. 1.],0,1,[0.6 0.6],1.0,0.0,1.0
1941,1.0,1,971.0,0,1942,0,False,1.0,1,0.0,[1 1],[0. 1.],0,1,[0.6 0.6],1.0,0.0,1.0
1942,0.0,1,972.0,2,1943,1,False,0.0,0,1.0,[1 1],[0. 1.],0,1,[0.6 0.6],1.0,0.0,1.0
1943,0.0,1,972.0,0,1944,0,False,1.0,1,0.0,[1 1],[0. 1.],1,1,[0.6 0.6],1.0,0.0,1.0
1944,0.0,1,973.0,2,1945,1,False,0.0,0,2.0,[1 1],[0. 1.],1,1,[0.6 0.6],1.0,0.0,1.0
1945,0.0,1,973.0,0,1946,0,False,2.0,1,0.0,[1 2],[0. 1.],0,1,[0.6 0.6],1.0,0.0,1.0
1946,0.0,1,974.0,2,1947,1,False,0.0,0,1.0,[1 2],[0. 1.],0,1,[0.6 0.6],1.0,0.0,1.0
1947,1.0,1,974.0,0,1948,0,False,1.0,1,0.0,[1 2],[0. 1.],1,1,[0.6 0.6],1.0,0.0,1.0
1948,0.0,1,975.0,2,1949,1,False,0.0,0,2.0,[1 2],[0. 1.],1,1,[0.6 0.6],1.0,0.0,1.0
1949,1.0,1,975.0,0,1950,0,False,2.0,1,0.0,[2 1],[0. 1.],0,1,[0.6 0.6],1.0,0.0,1.0
1950,0.0,1,976.0,2,1951,1,False,0.0,0,1.0,[2 1],[0. 1.],0,1,[0.6 0.6],1.0,0.0,1.0
1951,0.0,1,976.0,0,1952,0,False,1.0,1,0.0,[2 1],[0. 1.],0,1,[0.6 0.6],1.0,0.0,1.0
1952,0.0,1,977.0,2,1953,1,False,0.0,0,1.0,[2 1],[0. 1.],0,1,[0.6 0.6],1.0,0.0,1.0
1953,0.0,1,977.0,0,1954,0,False,1.0,1,0.0,[2 1],[0. 1.],1,1,[0.6 0.6],1.0,0.0,1.0
1954,0.0,1,978.0,2,1955,1,False,0.0,0,2.0,[2 1],[0. 1.],1,1,[0.6 0.6],1.0,0.0,1.0
1955,0.0,1,978.0,0,1956,0,False,2.0,1,0.0,[2 2],[0. 1.],1,1,[0.6 0.6],1.0,0.0,1.0
1956,0.0,1,979.0,1,1957,1,False,0.0,0,2.0,[2 2],[0. 1.],1,1,[0.6 0.6],1.0,0.0,1.0
1957,1.0,1,979.0,0,1958,0,False,2.0,1,0.0,[2 1],[0. 1.],1,1,[0.6 0.6],1.0,0.0,1.0
1958,0.0,1,980.0,1,1959,1,False,0.0,0,2.0,[2 1],[0. 1.],1,1,[0.6 0.6],1.0,0.0,1.0
1959,1.0,1,980.0,0,1960,0,False,2.0,1,0.0,[2 1],[0. 1.],1,1,[0.6 0.6],1.0,0.0,1.0
1960,0.0,1,981.0,1,1961,1,False,0.0,0,2.0,[2 1],[0. 1.],1,1,[0.6 0.6],1.0,0.0,1.0
1961,1.0,1,981.0,0,1962,0,False,2.0,1,0.0,[2 1],[0. 1.],1,1,[0.6 0.6],1.0,0.0,1.0
1962,0.0,1,982.0,1,1963,1,False,0.0,0,2.0,[2 1],[0. 1.],1,1,[0.6 0.6],1.0,0.0,1.0
1963,1.0,1,982.0,0,1964,0,False,2.0,1,0.0,[1 1],[0. 1.],0,1,[0.6 0.6],1.0,0.0,1.0
1964,0.0,1,983.0,1,1965,1,False,0.0,0,1.0,[1 1],[0. 1.],0,1,[0.6 0.6],1.0,0.0,1.0
1965,0.0,1,983.0,0,1966,0,False,1.0,1,0.0,[2 1],[0. 1.],1,1,[0.6 0.6],1.0,0.0,1.0
1966,0.0,1,984.0,1,1967,1,False,0.0,0,2.0,[2 1],[0. 1.],1,1,[0.6 0.6],1.0,0.0,1.0
1967,1.0,1,984.0,0,1968,0,False,2.0,1,0.0,[1 2],[0. 1.],1,1,[0.6 0.6],1.0,0.0,1.0
1968,0.0,1,985.0,1,1969,1,False,0.0,0,2.0,[1 2],[0. 1.],1,1,[0.6 0.6],1.0,0.0,1.0
1969,0.0,1,985.0,0,1970,0,False,2.0,1,0.0,[2 1],[0. 1.],1,1,[0.6 0.6],1.0,0.0,1.0
1970,0.0,1,986.0,1,1971,1,False,0.0,0,2.0,[2 1],[0. 1.],1,1,[0.6 0.6],1.0,0.0,1.0
1971,1.0,1,986.0,0,1972,0,False,2.0,1,0.0,[1 1],[0. 1.],1,1,[0.6 0.6],1.0,0.0,1.0
1972,0.0,1,987.0,1,1973,1,False,0.0,0,2.0,[1 1],[0. 1.],1,1,[0.6 0.6],1.0,0.0,1.0
1973,0.0,1,987.0,0,1974,0,False,2.0,1,0.0,[1 2],[1. 0.],0,0,[0.6 0.6],1.0,0.0,1.0
1974,0.0,1,988.0,1,1975,1,False,0.0,0,1.0,[1 2],[1. 0.],0,0,[0.6 0.6],1.0,0.0,1.0
1975,1.0,1,988.0,0,1976,0,False,1.0,1,0.0,[1 2],[1. 0.],0,0,[0.6 0.6],1.0,0.0,1.0
1976,0.0,1,989.0,1,1977,1,False,0.0,0,1.0,[1 2],[1. 0.],0,0,[0.6 0.6],1.0,0.0,1.0
1977,1.0,1,989.0,0,1978,0,False,1.0,1,0.0,[1 2],[1. 0.],1,0,[0.6 0.6],1.0,0.0,1.0
1978,0.0,1,990.0,1,1979,1,False,0.0,0,2.0,[1 2],[1. 0.],1,0,[0.6 0.6],1.0,0.0,1.0
1979,1.0,1,990.0,0,1980,0,False,2.0,1,0.0,[1 2],[1. 0.],0,0,[0.6 0.6],1.0,0.0,1.0
1980,0.0,1,991.0,1,1981,1,False,0.0,0,1.0,[1 2],[1. 0.],0,0,[0.6 0.6],1.0,0.0,1.0
1981,1.0,1,991.0,0,1982,0,False,1.0,1,0.0,[1 2],[1. 0.],0,0,[0.6 0.6],1.0,0.0,1.0
1982,0.0,1,992.0,1,1983,1,False,0.0,0,1.0,[1 2],[1. 0.],0,0,[0.6 0.6],1.0,0.0,1.0
1983,1.0,1,992.0,0,1984,0,False,1.0,1,0.0,[1 2],[1. 0.],1,0,[0.6 0.6],1.0,0.0,1.0
1984,0.0,1,993.0,1,1985,1,False,0.0,0,2.0,[1 2],[1. 0.],1,0,[0.6 0.6],1.0,0.0,1.0
1985,1.0,1,993.0,0,1986,0,False,2.0,1,0.0,[1 2],[1. 0.],1,0,[0.6 0.6],1.0,0.0,1.0
1986,0.0,1,994.0,1,1987,1,False,0.0,0,2.0,[1 2],[1. 0.],1,0,[0.6 0.6],1.0,0.0,1.0
1987,1.0,1,994.0,0,1988,0,False,2.0,1,0.0,[2 2],[1. 0.],0,0,[0.6 0.6],1.0,0.0,1.0
1988,0.0,1,995.0,1,1989,1,False,0.0,0,1.0,[2 2],[1. 0.],0,0,[0.6 0.6],1.0,0.0,1.0
1989,0.0,1,995.0,0,1990,0,False,1.0,1,0.0,[1 1],[1. 0.],0,0,[0.6 0.6],1.0,0.0,1.0
1990,0.0,1,996.0,1,1991,1,False,0.0,0,1.0,[1 1],[1. 0.],0,0,[0.6 0.6],1.0,0.0,1.0
1991,1.0,1,996.0,0,1992,0,False,1.0,1,0.0,[2 2],[1. 0.],1,0,[0.6 0.6],1.0,0.0,1.0
1992,0.0,1,997.0,1,1993,1,False,0.0,0,2.0,[2 2],[1. 0.],1,0,[0.6 0.6],1.0,0.0,1.0
1993,0.0,1,997.0,0,1994,0,False,2.0,1,0.0,[1 2],[1. 0.],0,0,[0.6 0.6],1.0,0.0,1.0
1994,0.0,1,998.0,1,1995,1,False,0.0,0,1.0,[1 2],[1. 0.],0,0,[0.6 0.6],1.0,0.0,1.0
1995,1.0,1,998.0,0,1996,0,False,1.0,1,0.0,[2 1],[1. 0.],0,0,[0.6 0.6],1.0,0.0,1.0
1996,0.0,1,999.0,1,1997,1,False,0.0,0,1.0,[2 1],[1. 0.],0,0,[0.6 0.6],1.0,0.0,1.0
1997,0.0,1,999.0,0,1998,0,False,1.0,1,0.0,[1 1],[1. 0.],1,0,[0.6 0.6],1.0,0.0,1.0
1998,0.0,1,1000.0,1,1999,1,False,0.0,0,2.0,[1 1],[1. 0.],1,0,[0.6 0.6],1.0,0.0,1.0
1999,1.0,1,1000.0,0,2000,0,True,2.0,1,0.0,[1 2],[1. 0.],1,0,[0.6 0.6],1.0,0.0,1.0
0,0.0,1,1.0,2,1,1,False,0.0,0,2.0,[2 1],[1. 0.],1,0,[0.6 0.6],1.0,0.0,1.0
1,1.0,1,1.0,0,2,0,False,2.0,1,0.0,[1 1],[1. 0.],1,0,[0.6 0.6],1.0,0.0,1.0
2,0.0,1,2.0,2,3,1,False,0.0,0,2.0,[1 1],[1. 0.],1,0,[0.6 0.6],1.0,0.0,1.0
3,1.0,1,2.0,0,4,0,False,2.0,1,0.0,[1 2],[1. 0.],1,0,[0.6 0.6],1.0,0.0,1.0
4,0.0,1,3.0,2,5,1,False,0.0,0,2.0,[1 2],[1. 0.],1,0,[0.6 0.6],1.0,0.0,1.0
5,0.0,1,3.0,0,6,0,False,2.0,1,0.0,[2 1],[0. 1.],0,1,[0.6 0.6],1.0,0.0,1.0
6,0.0,1,4.0,2,7,1,False,0.0,0,1.0,[2 1],[0. 1.],0,1,[0.6 0.6],1.0,0.0,1.0
7,0.0,1,4.0,0,8,0,False,1.0,1,0.0,[1 2],[0. 1.],0,1,[0.6 0.6],1.0,0.0,1.0
8,0.0,1,5.0,1,9,1,False,0.0,0,1.0,[1 2],[0. 1.],0,1,[0.6 0.6],1.0,0.0,1.0
9,0.0,1,5.0,0,10,0,False,1.0,1,0.0,[1 1],[0. 1.],0,1,[0.6 0.6],1.0,0.0,1.0
10,0.0,1,6.0,2,11,1,False,0.0,0,1.0,[1 1],[0. 1.],0,1,[0.6 0.6],1.0,0.0,1.0
11,0.0,1,6.0,0,12,0,False,1.0,1,0.0,[1 2],[0. 1.],0,1,[0.6 0.6],1.0,0.0,1.0
12,0.0,1,7.0,1,13,1,False,0.0,0,1.0,[1 2],[0. 1.],0,1,[0.6 0.6],1.0,0.0,1.0
13,0.0,1,7.0,0,14,0,False,1.0,1,0.0,[1 2],[0. 1.],1,1,[0.6 0.6],1.0,0.0,1.0
14,0.0,1,8.0,2,15,1,False,0.0,0,2.0,[1 2],[0. 1.],1,1,[0.6 0.6],1.0,0.0,1.0
15,1.0,1,8.0,0,16,0,False,2.0,1,0.0,[1 2],[0. 1.],0,1,[0.6 0.6],1.0,0.0,1.0
16,0.0,1,9.0,2,17,1,False,0.0,0,1.0,[1 2],[0. 1.],0,1,[0.6 0.6],1.0,0.0,1.0
17,1.0,1,9.0,0,18,0,False,1.0,1,0.0,[1 2],[0. 1.],1,1,[0.6 0.6],1.0,0.0,1.0
18,0.0,1,10.0,2,19,1,False,0.0,0,2.0,[1 2],[0. 1.],1,1,[0.6 0.6],1.0,0.0,1.0
19,1.0,1,10.0,0,20,0,False,2.0,1,0.0,[2 2],[0. 1.],1,1,[0.6 0.6],1.0,0.0,1.0
20,0.0,1,11.0,2,21,1,False,0.0,0,2.0,[2 2],[0. 1.],1,1,[0.6 0.6],1.0,0.0,1.0
21,1.0,1,11.0,0,22,0,False,2.0,1,0.0,[1 1],[0. 1.],1,1,[0.6 0.6],1.0,0.0,1.0
22,0.0,1,12.0,2,23,1,False,0.0,0,2.0,[1 1],[0. 1.],1,1,[0.6 0.6],1.0,0.0,1.0
23,0.0,1,12.0,0,24,0,False,2.0,1,0.0,[2 2],[0. 1.],1,1,[0.6 0.6],1.0,0.0,1.0
24,0.0,1,13.0,2,25,1,False,0.0,0,2.0,[2 2],[0. 1.],1,1,[0.6 0.6],1.0,0.0,1.0
25,1.0,1,13.0,0,26,0,False,2.0,1,0.0,[2 2],[0. 1.],0,1,[0.6 0.6],1.0,0.0,1.0
26,0.0,1,14.0,2,27,1,False,0.0,0,1.0,[2 2],[0. 1.],0,1,[0.6 0.6],1.0,0.0,1.0
27,1.0,1,14.0,0,28,0,False,1.0,1,0.0,[1 1],[0. 1.],1,1,[0.6 0.6],1.0,0.0,1.0
28,0.0,1,15.0,2,29,1,False,0.0,0,2.0,[1 1],[0. 1.],1,1,[0.6 0.6],1.0,0.0,1.0
29,0.0,1,15.0,0,30,0,False,2.0,1,0.0,[2 1],[0. 1.],0,1,[0.6 0.6],1.0,0.0,1.0
30,0.0,1,16.0,2,31,1,False,0.0,0,1.0,[2 1],[0. 1.],0,1,[0.6 0.6],1.0,0.0,1.0
31,0.0,1,16.0,0,32,0,False,1.0,1,0.0,[2 1],[0. 1.],0,1,[0.6 0.6],1.0,0.0,1.0
32,0.0,1,17.0,2,33,1,False,0.0,0,1.0,[2 1],[0. 1.],0,1,[0.6 0.6],1.0,0.0,1.0
33,0.0,1,17.0,0,34,0,False,1.0,1,0.0,[2 2],[0. 1.],0,1,[0.6 0.6],1.0,0.0,1.0
34,0.0,1,18.0,1,35,1,False,0.0,0,1.0,[2 2],[0. 1.],0,1,[0.6 0.6],1.0,0.0,1.0
35,1.0,1,18.0,0,36,0,False,1.0,1,0.0,[2 1],[0. 1.],1,1,[0.6 0.6],1.0,0.0,1.0
36,0.0,1,19.0,1,37,1,False,0.0,0,2.0,[2 1],[0. 1.],1,1,[0.6 0.6],1.0,0.0,1.0
37,1.0,1,19.0,0,38,0,False,2.0,1,0.0,[2 1],[0. 1.],1,1,[0.6 0.6],1.0,0.0,1.0
38,0.0,1,20.0,1,39,1,False,0.0,0,2.0,[2 1],[0. 1.],1,1,[0.6 0.6],1.0,0.0,1.0
39,1.0,1,20.0,0,40,0,False,2.0,1,0.0,[1 1],[0. 1.],0,1,[0.6 0.6],1.0,0.0,1.0
40,0.0,1,21.0,1,41,1,False,0.0,0,1.0,[1 1],[0. 1.],0,1,[0.6 0.6],1.0,0.0,1.0
41,0.0,1,21.0,0,42,0,False,1.0,1,0.0,[1 1],[0. 1.],1,1,[0.6 0.6],1.0,0.0,1.0
42,0.0,1,22.0,1,43,1,False,0.0,0,2.0,[1 1],[0. 1.],1,1,[0.6 0.6],1.0,0.0,1.0
43,0.0,1,22.0,0,44,0,False,2.0,1,0.0,[2 1],[0. 1.],1,1,[0.6 0.6],1.0,0.0,1.0
44,0.0,1,23.0,1,45,1,False,0.0,0,2.0,[2 1],[0. 1.],1,1,[0.6 0.6],1.0,0.0,1.0
45,1.0,1,23.0,0,46,0,False,2.0,1,0.0,[1 2],[0. 1.],0,1,[0.6 0.6],1.0,0.0,1.0
46,0.0,1,24.0,1,47,1,False,0.0,0,1.0,[1 2],[0. 1.],0,1,[0.6 0.6],1.0,0.0,1.0
47,0.0,1,24.0,0,48,0,False,1.0,1,0.0,[1 1],[0. 1.],1,1,[0.6 0.6],1.0,0.0,1.0
48,0.0,1,25.0,1,49,1,False,0.0,0,2.0,[1 1],[0. 1.],1,1,[0.6 0.6],1.0,0.0,1.0
49,0.0,1,25.0,0,50,0,False,2.0,1,0.0,[1 2],[0. 1.],1,1,[0.6 0.6],1.0,0.0,1.0
50,0.0,1,26.0,2,51,1,False,0.0,0,2.0,[1 2],[0. 1.],1,1,[0.6 0.6],1.0,0.0,1.0
51,1.0,1,26.0,0,52,0,False,2.0,1,0.0,[2 2],[0. 1.],0,1,[0.6 0.6],1.0,0.0,1.0
52,0.0,1,27.0,2,53,1,False,0.0,0,1.0,[2 2],[0. 1.],0,1,[0.6 0.6],1.0,0.0,1.0
53,1.0,1,27.0,0,54,0,False,1.0,1,0.0,[1 1],[0. 1.],0,1,[0.6 0.6],1.0,0.0,1.0
54,0.0,1,28.0,2,55,1,False,0.0,0,1.0,[1 1],[0. 1.],0,1,[0.6 0.6],1.0,0.0,1.0
55,0.0,1,28.0,0,56,0,False,1.0,1,0.0,[1 1],[0. 1.],1,1,[0.6 0.6],1.0,0.0,1.0
56,0.0,1,29.0,2,57,1,False,0.0,0,2.0,[1 1],[0. 1.],1,1,[0.6 0.6],1.0,0.0,1.0
57,0.0,1,29.0,0,58,0,False,2.0,1,0.0,[2 1],[0. 1.],0,1,[0.6 0.6],1.0,0.0,1.0
58,0.0,1,30.0,2,59,1,False,0.0,0,1.0,[2 1],[0. 1.],0,1,[0.6 0.6],1.0,0.0,1.0
59,0.0,1,30.0,0,60,0,False,1.0,1,0.0,[1 1],[0. 1.],1,1,[0.6 0.6],1.0,0.0,1.0
60,0.0,1,31.0,1,61,1,False,0.0,0,2.0,[1 1],[0. 1.],1,1,[0.6 0.6],1.0,0.0,1.0
61,0.0,1,31.0,0,62,0,False,2.0,1,0.0,[2 1],[0. 1.],0,1,[0.6 0.6],1.0,0.0,1.0
62,0.0,1,32.0,2,63,1,False,0.0,0,1.0,[2 1],[0. 1.],0,1,[0.6 0.6],1.0,0.0,1.0
63,0.0,1,32.0,0,64,0,False,1.0,1,0.0,[1 1],[0. 1.],1,1,[0.6 0.6],1.0,0.0,1.0
64,0.0,1,33.0,1,65,1,False,0.0,0,2.0,[1 1],[0. 1.],1,1,[0.6 0.6],1.0,0.0,1.0
65,0.0,1,33.0,0,66,0,False,2.0,1,0.0,[1 2],[0. 1.],1,1,[0.6 0.6],1.0,0.0,1.0
66,0.0,1,34.0,2,67,1,False,0.0,0,2.0,[1 2],[0. 1.],1,1,[0.6 0.6],1.0,0.0,1.0
67,1.0,1,34.0,0,68,0,False,2.0,1,0.0,[1 2],[0. 1.],0,1,[0.6 0.6],1.0,0.0,1.0
68,0.0,1,35.0,2,69,1,False,0.0,0,1.0,[1 2],[0. 1.],0,1,[0.6 0.6],1.0,0.0,1.0
69,1.0,1,35.0,0,70,0,False,1.0,1,0.0,[2 2],[0. 1.],0,1,[0.6 0.6],1.0,0.0,1.0
70,0.0,1,36.0,2,71,1,False,0.0,0,1.0,[2 2],[0. 1.],0,1,[0.6 0.6],1.0,0.0,1.0
71,1.0,1,36.0,0,72,0,False,1.0,1,0.0,[1 1],[0. 1.],0,1,[0.6 0.6],1.0,0.0,1.0
72,0.0,1,37.0,2,73,1,False,0.0,0,1.0,[1 1],[0. 1.],0,1,[0.6 0.6],1.0,0.0,1.0
73,0.0,1,37.0,0,74,0,False,1.0,1,0.0,[1 1],[0. 1.],0,1,[0.6 0.6],1.0,0.0,1.0
74,0.0,1,38.0,2,75,1,False,0.0,0,1.0,[1 1],[0. 1.],0,1,[0.6 0.6],1.0,0.0,1.0
75,0.0,1,38.0,0,76,0,False,1.0,1,0.0,[1 2],[0. 1.],1,1,[0.6 0.6],1.0,0.0,1.0
76,0.0,1,39.0,2,77,1,False,0.0,0,2.0,[1 2],[0. 1.],1,1,[0.6 0.6],1.0,0.0,1.0
77,1.0,1,39.0,0,78,0,False,2.0,1,0.0,[1 2],[0. 1.],0,1,[0.6 0.6],1.0,0.0,1.0
78,0.0,1,40.0,2,79,1,False,0.0,0,1.0,[1 2],[0. 1.],0,1,[0.6 0.6],1.0,0.0,1.0
79,1.0,1,40.0,0,80,0,False,1.0,1,0.0,[1 1],[0. 1.],1,1,[0.6 0.6],1.0,0.0,1.0
80,0.0,1,41.0,2,81,1,False,0.0,0,2.0,[1 1],[0. 1.],1,1,[0.6 0.6],1.0,0.0,1.0
81,0.0,1,41.0,0,82,0,False,2.0,1,0.0,[2 2],[0. 1.],1,1,[0.6 0.6],1.0,0.0,1.0
82,0.0,1,42.0,2,83,1,False,0.0,0,2.0,[2 2],[0. 1.],1,1,[0.6 0.6],1.0,0.0,1.0
83,1.0,1,42.0,0,84,0,False,2.0,1,0.0,[2 2],[0. 1.],0,1,[0.6 0.6],1.0,0.0,1.0
84,0.0,1,43.0,2,85,1,False,0.0,0,1.0,[2 2],[0. 1.],0,1,[0.6 0.6],1.0,0.0,1.0
85,1.0,1,43.0,0,86,0,False,1.0,1,0.0,[1 2],[0. 1.],0,1,[0.6 0.6],1.0,0.0,1.0
86,0.0,1,44.0,2,87,1,False,0.0,0,1.0,[1 2],[0. 1.],0,1,[0.6 0.6],1.0,0.0,1.0
87,1.0,1,44.0,0,88,0,False,1.0,1,0.0,[1 2],[0. 1.],1,1,[0.6 0.6],1.0,0.0,1.0
88,0.0,1,45.0,2,89,1,False,0.0,0,2.0,[1 2],[0. 1.],1,1,[0.6 0.6],1.0,0.0,1.0
89,1.0,1,45.0,0,90,0,False,2.0,1,0.0,[2 2],[0. 1.],1,1,[0.6 0.6],1.0,0.0,1.0
90,0.0,1,46.0,2,91,1,False,0.0,0,2.0,[2 2],[0. 1.],1,1,[0.6 0.6],1.0,0.0,1.0
91,1.0,1,46.0,0,92,0,False,2.0,1,0.0,[1 2],[0. 1.],1,1,[0.6 0.6],1.0,0.0,1.0
92,0.0,1,47.0,2,93,1,False,0.0,0,2.0,[1 2],[0. 1.],1,1,[0.6 0.6],1.0,0.0,1.0
93,1.0,1,47.0,0,94,0,False,2.0,1,0.0,[2 1],[0. 1.],0,1,[0.6 0.6],1.0,0.0,1.0
94,0.0,1,48.0,2,95,1,False,0.0,0,1.0,[2 1],[0. 1.],0,1,[0.6 0.6],1.0,0.0,1.0
95,0.0,1,48.0,0,96,0,False,1.0,1,0.0,[1 1],[0. 1.],0,1,[0.6 0.6],1.0,0.0,1.0
96,0.0,1,49.0,2,97,1,False,0.0,0,1.0,[1 1],[0. 1.],0,1,[0.6 0.6],1.0,0.0,1.0
97,0.0,1,49.0,0,98,0,False,1.0,1,0.0,[1 1],[0. 1.],1,1,[0.6 0.6],1.0,0.0,1.0
98,0.0,1,50.0,2,99,1,False,0.0,0,2.0,[1 1],[0. 1.],1,1,[0.6 0.6],1.0,0.0,1.0
99,0.0,1,50.0,0,100,0,False,2.0,1,0.0,[2 1],[0. 1.],1,1,[0.6 0.6],1.0,0.0,1.0
100,0.0,1,51.0,2,101,1,False,0.0,0,2.0,[2 1],[0. 1.],1,1,[0.6 0.6],1.0,0.0,1.0
101,0.0,1,51.0,0,102,0,False,2.0,1,0.0,[2 1],[0. 1.],0,1,[0.6 0.6],1.0,0.0,1.0
102,0.0,1,52.0,1,103,1,False,0.0,0,1.0,[2 1],[0. 1.],0,1,[0.6 0.6],1.0,0.0,1.0
103,1.0,1,52.0,0,104,0,False,1.0,1,0.0,[1 2],[0. 1.],1,1,[0.6 0.6],1.0,0.0,1.0
104,0.0,1,53.0,1,105,1,False,0.0,0,2.0,[1 2],[0. 1.],1,1,[0.6 0.6],1.0,0.0,1.0
105,0.0,1,53.0,0,106,0,False,2.0,1,0.0,[2 2],[0. 1.],1,1,[0.6 0.6],1.0,0.0,1.0
106,0.0,1,54.0,1,107,1,False,0.0,0,2.0,[2 2],[0. 1.],1,1,[0.6 0.6],1.0,0.0,1.0
107,1.0,1,54.0,0,108,0,False,2.0,1,0.0,[1 2],[0. 1.],1,1,[0.6 0.6],1.0,0.0,1.0
108,0.0,1,55.0,1,109,1,False,0.0,0,2.0,[1 2],[0. 1.],1,1,[0.6 0.6],1.0,0.0,1.0
109,0.0,1,55.0,0,110,0,False,2.0,1,0.0,[1 1],[0. 1.],0,1,[0.6 0.6],1.0,0.0,1.0
110,0.0,1,56.0,2,111,1,False,0.0,0,1.0,[1 1],[0. 1.],0,1,[0.6 0.6],1.0,0.0,1.0
111,0.0,1,56.0,0,112,0,False,1.0,1,0.0,[2 1],[0. 1.],0,1,[0.6 0.6],1.0,0.0,1.0
112,0.0,1,57.0,1,113,1,False,0.0,0,1.0,[2 1],[0. 1.],0,1,[0.6 0.6],1.0,0.0,1.0
113,1.0,1,57.0,0,114,0,False,1.0,1,0.0,[1 1],[0. 1.],0,1,[0.6 0.6],1.0,0.0,1.0
114,0.0,1,58.0,1,115,1,False,0.0,0,1.0,[1 1],[0. 1.],0,1,[0.6 0.6],1.0,0.0,1.0
115,0.0,1,58.0,0,116,0,False,1.0,1,0.0,[1 2],[0. 1.],0,1,[0.6 0.6],1.0,0.0,1.0
116,0.0,1,59.0,1,117,1,False,0.0,0,1.0,[1 2],[0. 1.],0,1,[0.6 0.6],1.0,0.0,1.0
117,0.0,1,59.0,0,118,0,False,1.0,1,0.0,[1 2],[0. 1.],1,1,[0.6 0.6],1.0,0.0,1.0
118,0.0,1,60.0,2,119,1,False,0.0,0,2.0,[1 2],[0. 1.],1,1,[0.6 0.6],1.0,0.0,1.0
119,1.0,1,60.0,0,120,0,False,2.0,1,0.0,[1 1],[0. 1.],0,1,[0.6 0.6],1.0,0.0,1.0
120,0.0,1,61.0,2,121,1,False,0.0,0,1.0,[1 1],[0. 1.],0,1,[0.6 0.6],1.0,0.0,1.0
121,0.0,1,61.0,0,122,0,False,1.0,1,0.0,[2 1],[0. 1.],1,1,[0.6 0.6],1.0,0.0,1.0
122,0.0,1,62.0,2,123,1,False,0.0,0,2.0,[2 1],[0. 1.],1,1,[0.6 0.6],1.0,0.0,1.0
123,0.0,1,62.0,0,124,0,False,2.0,1,0.0,[2 2],[0. 1.],0,1,[0.6 0.6],1.0,0.0,1.0
124,0.0,1,63.0,2,125,1,False,0.0,0,1.0,[2 2],[0. 1.],0,1,[0.6 0.6],1.0,0.0,1.0
125,1.0,1,63.0,0,126,0,False,1.0,1,0.0,[2 2],[0. 1.],0,1,[0.6 0.6],1.0,0.0,1.0
126,0.0,1,64.0,2,127,1,False,0.0,0,1.0,[2 2],[0. 1.],0,1,[0.6 0.6],1.0,0.0,1.0
127,1.0,1,64.0,0,128,0,False,1.0,1,0.0,[2 2],[0. 1.],0,1,[0.6 0.6],1.0,0.0,1.0
128,0.0,1,65.0,2,129,1,False,0.0,0,1.0,[2 2],[0. 1.],0,1,[0.6 0.6],1.0,0.0,1.0
129,1.0,1,65.0,0,130,0,False,1.0,1,0.0,[2 2],[0. 1.],1,1,[0.6 0.6],1.0,0.0,1.0
130,0.0,1,66.0,2,131,1,False,0.0,0,2.0,[2 2],[0. 1.],1,1,[0.6 0.6],1.0,0.0,1.0
131,1.0,1,66.0,0,132,0,False,2.0,1,0.0,[2 2],[0. 1.],1,1,[0.6 0.6],1.0,0.0,1.0
132,0.0,1,67.0,2,133,1,False,0.0,0,2.0,[2 2],[0. 1.],1,1,[0.6 0.6],1.0,0.0,1.0
133,1.0,1,67.0,0,134,0,False,2.0,1,0.0,[2 1],[0. 1.],0,1,[0.6 0.6],1.0,0.0,1.0
134,0.0,1,68.0,2,135,1,False,0.0,0,1.0,[2 1],[0. 1.],0,1,[0.6 0.6],1.0,0.0,1.0
135,0.0,1,68.0,0,136,0,False,1.0,1,0.0,[2 1],[0. 1.],0,1,[0.6 0.6],1.0,0.0,1.0
136,0.0,1,69.0,2,137,1,False,0.0,0,1.0,[2 1],[0. 1.],0,1,[0.6 0.6],1.0,0.0,1.0
137,0.0,1,69.0,0,138,0,False,1.0,1,0.0,[2 2],[0. 1.],1,1,[0.6 0.6],1.0,0.0,1.0
138,0.0,1,70.0,2,139,1,False,0.0,0,2.0,[2 2],[0. 1.],1,1,[0.6 0.6],1.0,0.0,1.0
139,1.0,1,70.0,0,140,0,False,2.0,1,0.0,[2 2],[0. 1.],0,1,[0.6 0.6],1.0,0.0,1.0
140,0.0,1,71.0,2,141,1,False,0.0,0,1.0,[2 2],[0. 1.],0,1,[0.6 0.6],1.0,0.0,1.0
141,1.0,1,71.0,0,142,0,False,1.0,1,0.0,[2 1],[0. 1.],1,1,[0.6 0.6],1.0,0.0,1.0
142,0.0,1,72.0,2,143,1,False,0.0,0,2.0,[2 1],[0. 1.],1,1,[0.6 0.6],1.0,0.0,1.0
143,0.0,1,72.0,0,144,0,False,2.0,1,0.0,[2 1],[0. 1.],0,1,[0.6 0.6],1.0,0.0,1.0
144,0.0,1,73.0,2,145,1,False,0.0,0,1.0,[2 1],[0. 1.],0,1,[0.6 0.6],1.0,0.0,1.0
145,0.0,1,73.0,0,146,0,False,1.0,1,0.0,[1 1],[0. 1.],0,1,[0.6 0.6],1.0,0.0,1.0
146,0.0,1,74.0,2,147,1,False,0.0,0,1.0,[1 1],[0. 1.],0,1,[0.6 0.6],1.0,0.0,1.0
147,0.0,1,74.0,0,148,0,False,1.0,1,0.0,[2 1],[0. 1.],0,1,[0.6 0.6],1.0,0.0,1.0
148,0.0,1,75.0,2,149,1,False,0.0,0,1.0,[2 1],[0. 1.],0,1,[0.6 0.6],1.0,0.0,1.0
149,0.0,1,75.0,0,150,0,False,1.0,1,0.0,[1 2],[0. 1.],0,1,[0.6 0.6],1.0,0.0,1.0
150,0.0,1,76.0,2,151,1,False,0.0,0,1.0,[1 2],[0. 1.],0,1,[0.6 0.6],1.0,0.0,1.0
151,1.0,1,76.0,0,152,0,False,1.0,1,0.0,[2 1],[0. 1.],1,1,[0.6 0.6],1.0,0.0,1.0
152,0.0,1,77.0,2,153,1,False,0.0,0,2.0,[2 1],[0. 1.],1,1,[0.6 0.6],1.0,0.0,1.0
153,0.0,1,77.0,0,154,0,False,2.0,1,0.0,[2 1],[0. 1.],0,1,[0.6 0.6],1.0,0.0,1.0
154,0.0,1,78.0,2,155,1,False,0.0,0,1.0,[2 1],[0. 1.],0,1,[0.6 0.6],1.0,0.0,1.0
155,0.0,1,78.0,0,156,0,False,1.0,1,0.0,[1 1],[0. 1.],1,1,[0.6 0.6],1.0,0.0,1.0
156,0.0,1,79.0,2,157,1,False,0.0,0,2.0,[1 1],[0. 1.],1,1,[0.6 0.6],1.0,0.0,1.0
157,0.0,1,79.0,0,158,0,False,2.0,1,0.0,[2 1],[0. 1.],0,1,[0.6 0.6],1.0,0.0,1.0
158,0.0,1,80.0,1,159,1,False,0.0,0,1.0,[2 1],[0. 1.],0,1,[0.6 0.6],1.0,0.0,1.0
159,1.0,1,80.0,0,160,0,False,1.0,1,0.0,[2 1],[0. 1.],0,1,[0.6 0.6],1.0,0.0,1.0
160,0.0,1,81.0,1,161,1,False,0.0,0,1.0,[2 1],[0. 1.],0,1,[0.6 0.6],1.0,0.0,1.0
161,1.0,1,81.0,0,162,0,False,1.0,1,0.0,[1 1],[0. 1.],1,1,[0.6 0.6],1.0,0.0,1.0
162,0.0,1,82.0,1,163,1,False,0.0,0,2.0,[1 1],[0. 1.],1,1,[0.6 0.6],1.0,0.0,1.0
163,0.0,1,82.0,0,164,0,False,2.0,1,0.0,[2 1],[0. 1.],0,1,[0.6 0.6],1.0,0.0,1.0
164,0.0,1,83.0,1,165,1,False,0.0,0,1.0,[2 1],[0. 1.],0,1,[0.6 0.6],1.0,0.0,1.0
165,1.0,1,83.0,0,166,0,False,1.0,1,0.0,[1 2],[0. 1.],0,1,[0.6 0.6],1.0,0.0,1.0
166,0.0,1,84.0,1,167,1,False,0.0,0,1.0,[1 2],[0. 1.],0,1,[0.6 0.6],1.0,0.0,1.0
167,0.0,1,84.0,0,168,0,False,1.0,1,0.0,[1 1],[0. 1.],1,1,[0.6 0.6],1.0,0.0,1.0
168,0.0,1,85.0,1,169,1,False,0.0,0,2.0,[1 1],[0. 1.],1,1,[0.6 0.6],1.0,0.0,1.0
169,0.0,1,85.0,0,170,0,False,2.0,1,0.0,[1 1],[0. 1.],1,1,[0.6 0.6],1.0,0.0,1.0
170,0.0,1,86.0,2,171,1,False,0.0,0,2.0,[1 1],[0. 1.],1,1,[0.6 0.6],1.0,0.0,1.0
171,0.0,1,86.0,0,172,0,False,2.0,1,0.0,[2 2],[0. 1.],0,1,[0.6 0.6],1.0,0.0,1.0
172,0.0,1,87.0,1,173,1,False,0.0,0,1.0,[2 2],[0. 1.],0,1,[0.6 0.6],1.0,0.0,1.0
173,1.0,1,87.0,0,174,0,False,1.0,1,0.0,[2 2],[0. 1.],1,1,[0.6 0.6],1.0,0.0,1.0
174,0.0,1,88.0,1,175,1,False,0.0,0,2.0,[2 2],[0. 1.],1,1,[0.6 0.6],1.0,0.0,1.0
175,1.0,1,88.0,0,176,0,False,2.0,1,0.0,[2 1],[0. 1.],0,1,[0.6 0.6],1.0,0.0,1.0
176,0.0,1,89.0,1,177,1,False,0.0,0,1.0,[2 1],[0. 1.],0,1,[0.6 0.6],1.0,0.0,1.0
177,1.0,1,89.0,0,178,0,False,1.0,1,0.0,[1 1],[0. 1.],1,1,[0.6 0.6],1.0,0.0,1.0
178,0.0,1,90.0,1,179,1,False,0.0,0,2.0,[1 1],[0. 1.],1,1,[0.6 0.6],1.0,0.0,1.0
179,0.0,1,90.0,0,180,0,False,2.0,1,0.0,[1 1],[0. 1.],1,1,[0.6 0.6],1.0,0.0,1.0
180,0.0,1,91.0,1,181,1,False,0.0,0,2.0,[1 1],[0. 1.],1,1,[0.6 0.6],1.0,0.0,1.0
181,0.0,1,91.0,0,182,0,False,2.0,1,0.0,[1 1],[0. 1.],1,1,[0.6 0.6],1.0,0.0,1.0
182,0.0,1,92.0,2,183,1,False,0.0,0,2.0,[1 1],[0. 1.],1,1,[0.6 0.6],1.0,0.0,1.0
183,0.0,1,92.0,0,184,0,False,2.0,1,0.0,[2 2],[0. 1.],1,1,[0.6 0.6],1.0,0.0,1.0
184,0.0,1,93.0,1,185,1,False,0.0,0,2.0,[2 2],[0. 1.],1,1,[0.6 0.6],1.0,0.0,1.0
185,1.0,1,93.0,0,186,0,False,2.0,1,0.0,[2 1],[0. 1.],1,1,[0.6 0.6],1.0,0.0,1.0
186,0.0,1,94.0,2,187,1,False,0.0,0,2.0,[2 1],[0. 1.],1,1,[0.6 0.6],1.0,0.0,1.0
187,0.0,1,94.0,0,188,0,False,2.0,1,0.0,[2 1],[0. 1.],1,1,[0.6 0.6],1.0,0.0,1.0
188,0.0,1,95.0,1,189,1,False,0.0,0,2.0,[2 1],[0. 1.],1,1,[0.6 0.6],1.0,0.0,1.0
189,1.0,1,95.0,0,190,0,False,2.0,1,0.0,[1 2],[0. 1.],1,1,[0.6 0.6],1.0,0.0,1.0
190,0.0,1,96.0,2,191,1,False,0.0,0,2.0,[1 2],[0. 1.],1,1,[0.6 0.6],1.0,0.0,1.0
191,1.0,1,96.0,0,192,0,False,2.0,1,0.0,[1 1],[0. 1.],0,1,[0.6 0.6],1.0,0.0,1.0
192,0.0,1,97.0,2,193,1,False,0.0,0,1.0,[1 1],[0. 1.],0,1,[0.6 0.6],1.0,0.0,1.0
193,0.0,1,97.0,0,194,0,False,1.0,1,0.0,[1 2],[0. 1.],0,1,[0.6 0.6],1.0,0.0,1.0
194,0.0,1,98.0,2,195,1,False,0.0,0,1.0,[1 2],[0. 1.],0,1,[0.6 0.6],1.0,0.0,1.0
195,1.0,1,98.0,0,196,0,False,1.0,1,0.0,[1 1],[0. 1.],1,1,[0.6 0.6],1.0,0.0,1.0
196,0.0,1,99.0,2,197,1,False,0.0,0,2.0,[1 1],[0. 1.],1,1,[0.6 0.6],1.0,0.0,1.0
197,0.0,1,99.0,0,198,0,False,2.0,1,0.0,[2 1],[0. 1.],1,1,[0.6 0.6],1.0,0.0,1.0
198,0.0,1,100.0,2,199,1,False,0.0,0,2.0,[2 1],[0. 1.],1,1,[0.6 0.6],1.0,0.0,1.0
199,0.0,1,100.0,0,200,0,False,2.0,1,0.0,[1 2],[0. 1.],1,1,[0.6 0.6],1.0,0.0,1.0
200,0.0,1,101.0,1,201,1,False,0.0,0,2.0,[1 2],[0. 1.],1,1,[0.6 0.6],1.0,0.0,1.0
201,0.0,1,101.0,0,202,0,False,2.0,1,0.0,[1 2],[0. 1.],1,1,[0.6 0.6],1.0,0.0,1.0
202,0.0,1,102.0,2,203,1,False,0.0,0,2.0,[1 2],[0. 1.],1,1,[0.6 0.6],1.0,0.0,1.0
203,1.0,1,102.0,0,204,0,False,2.0,1,0.0,[1 1],[0. 1.],1,1,[0.6 0.6],1.0,0.0,1.0
204,0.0,1,103.0,2,205,1,False,0.0,0,2.0,[1 1],[0. 1.],1,1,[0.6 0.6],1.0,0.0,1.0
205,0.0,1,103.0,0,206,0,False,2.0,1,0.0,[2 1],[0. 1.],1,1,[0.6 0.6],1.0,0.0,1.0
206,0.0,1,104.0,1,207,1,False,0.0,0,2.0,[2 1],[0. 1.],1,1,[0.6 0.6],1.0,0.0,1.0
207,1.0,1,104.0,0,208,0,False,2.0,1,0.0,[2 1],[0. 1.],1,1,[0.6 0.6],1.0,0.0,1.0
208,0.0,1,105.0,1,209,1,False,0.0,0,2.0,[2 1],[0. 1.],1,1,[0.6 0.6],1.0,0.0,1.0
209,1.0,1,105.0,0,210,0,False,2.0,1,0.0,[2 1],[0. 1.],1,1,[0.6 0.6],1.0,0.0,1.0
210,0.0,1,106.0,1,211,1,False,0.0,0,2.0,[2 1],[0. 1.],1,1,[0.6 0.6],1.0,0.0,1.0
211,1.0,1,106.0,0,212,0,False,2.0,1,0.0,[2 1],[0. 1.],0,1,[0.6 0.6],1.0,0.0,1.0
212,0.0,1,107.0,1,213,1,False,0.0,0,1.0,[2 1],[0. 1.],0,1,[0.6 0.6],1.0,0.0,1.0
213,1.0,1,107.0,0,214,0,False,1.0,1,0.0,[1 1],[0. 1.],0,1,[0.6 0.6],1.0,0.0,1.0
214,0.0,1,108.0,1,215,1,False,0.0,0,1.0,[1 1],[0. 1.],0,1,[0.6 0.6],1.0,0.0,1.0
215,0.0,1,108.0,0,216,0,False,1.0,1,0.0,[2 1],[0. 1.],0,1,[0.6 0.6],1.0,0.0,1.0
216,0.0,1,109.0,1,217,1,False,0.0,0,1.0,[2 1],[0. 1.],0,1,[0.6 0.6],1.0,0.0,1.0
217,1.0,1,109.0,0,218,0,False,1.0,1,0.0,[1 1],[0. 1.],1,1,[0.6 0.6],1.0,0.0,1.0
218,0.0,1,110.0,1,219,1,False,0.0,0,2.0,[1 1],[0. 1.],1,1,[0.6 0.6],1.0,0.0,1.0
219,0.0,1,110.0,0,220,0,False,2.0,1,0.0,[2 2],[0. 1.],0,1,[0.6 0.6],1.0,0.0,1.0
220,0.0,1,111.0,1,221,1,False,0.0,0,1.0,[2 2],[0. 1.],0,1,[0.6 0.6],1.0,0.0,1.0
221,1.0,1,111.0,0,222,0,False,1.0,1,0.0,[1 2],[0. 1.],1,1,[0.6 0.6],1.0,0.0,1.0
222,0.0,1,112.0,1,223,1,False,0.0,0,2.0,[1 2],[0. 1.],1,1,[0.6 0.6],1.0,0.0,1.0
223,0.0,1,112.0,0,224,0,False,2.0,1,0.0,[1 2],[0. 1.],1,1,[0.6 0.6],1.0,0.0,1.0
224,0.0,1,113.0,1,225,1,False,0.0,0,2.0,[1 2],[0. 1.],1,1,[0.6 0.6],1.0,0.0,1.0
225,0.0,1,113.0,0,226,0,False,2.0,1,0.0,[2 2],[0. 1.],0,1,[0.6 0.6],1.0,0.0,1.0
226,0.0,1,114.0,2,227,1,False,0.0,0,1.0,[2 2],[0. 1.],0,1,[0.6 0.6],1.0,0.0,1.0
227,1.0,1,114.0,0,228,0,False,1.0,1,0.0,[1 2],[0. 1.],0,1,[0.6 0.6],1.0,0.0,1.0
228,0.0,1,115.0,2,229,1,False,0.0,0,1.0,[1 2],[0. 1.],0,1,[0.6 0.6],1.0,0.0,1.0
229,1.0,1,115.0,0,230,0,False,1.0,1,0.0,[1 2],[0. 1.],0,1,[0.6 0.6],1.0,0.0,1.0
230,0.0,1,116.0,2,231,1,False,0.0,0,1.0,[1 2],[0. 1.],0,1,[0.6 0.6],1.0,0.0,1.0
231,1.0,1,116.0,0,232,0,False,1.0,1,0.0,[2 2],[0. 1.],0,1,[0.6 0.6],1.0,0.0,1.0
232,0.0,1,117.0,2,233,1,False,0.0,0,1.0,[2 2],[0. 1.],0,1,[0.6 0.6],1.0,0.0,1.0
233,1.0,1,117.0,0,234,0,False,1.0,1,0.0,[1 2],[0. 1.],1,1,[0.6 0.6],1.0,0.0,1.0
234,0.0,1,118.0,2,235,1,False,0.0,0,2.0,[1 2],[0. 1.],1,1,[0.6 0.6],1.0,0.0,1.0
235,1.0,1,118.0,0,236,0,False,2.0,1,0.0,[2 1],[0. 1.],1,1,[0.6 0.6],1.0,0.0,1.0
236,0.0,1,119.0,2,237,1,False,0.0,0,2.0,[2 1],[0. 1.],1,1,[0.6 0.6],1.0,0.0,1.0
237,0.0,1,119.0,0,238,0,False,2.0,1,0.0,[2 1],[0. 1.],0,1,[0.6 0.6],1.0,0.0,1.0
238,0.0,1,120.0,2,239,1,False,0.0,0,1.0,[2 1],[0. 1.],0,1,[0.6 0.6],1.0,0.0,1.0
239,0.0,1,120.0,0,240,0,False,1.0,1,0.0,[1 2],[0. 1.],1,1,[0.6 0.6],1.0,0.0,1.0
240,0.0,1,121.0,2,241,1,False,0.0,0,2.0,[1 2],[0. 1.],1,1,[0.6 0.6],1.0,0.0,1.0
241,1.0,1,121.0,0,242,0,False,2.0,1,0.0,[1 1],[0. 1.],1,1,[0.6 0.6],1.0,0.0,1.0
242,0.0,1,122.0,2,243,1,False,0.0,0,2.0,[1 1],[0. 1.],1,1,[0.6 0.6],1.0,0.0,1.0
243,0.0,1,122.0,0,244,0,False,2.0,1,0.0,[1 1],[0. 1.],0,1,[0.6 0.6],1.0,0.0,1.0
244,0.0,1,123.0,1,245,1,False,0.0,0,1.0,[1 1],[0. 1.],0,1,[0.6 0.6],1.0,0.0,1.0
245,0.0,1,123.0,0,246,0,False,1.0,1,0.0,[1 2],[0. 1.],0,1,[0.6 0.6],1.0,0.0,1.0
246,0.0,1,124.0,1,247,1,False,0.0,0,1.0,[1 2],[0. 1.],0,1,[0.6 0.6],1.0,0.0,1.0
247,0.0,1,124.0,0,248,0,False,1.0,1,0.0,[2 1],[0. 1.],0,1,[0.6 0.6],1.0,0.0,1.0
248,0.0,1,125.0,1,249,1,False,0.0,0,1.0,[2 1],[0. 1.],0,1,[0.6 0.6],1.0,0.0,1.0
249,1.0,1,125.0,0,250,0,False,1.0,1,0.0,[1 1],[0. 1.],1,1,[0.6 0.6],1.0,0.0,1.0
250,0.0,1,126.0,1,251,1,False,0.0,0,2.0,[1 1],[0. 1.],1,1,[0.6 0.6],1.0,0.0,1.0
251,0.0,1,126.0,0,252,0,False,2.0,1,0.0,[1 2],[0. 1.],0,1,[0.6 0.6],1.0,0.0,1.0
252,0.0,1,127.0,2,253,1,False,0.0,0,1.0,[1 2],[0. 1.],0,1,[0.6 0.6],1.0,0.0,1.0
253,1.0,1,127.0,0,254,0,False,1.0,1,0.0,[1 2],[0. 1.],0,1,[0.6 0.6],1.0,0.0,1.0
254,0.0,1,128.0,2,255,1,False,0.0,0,1.0,[1 2],[0. 1.],0,1,[0.6 0.6],1.0,0.0,1.0
255,1.0,1,128.0,0,256,0,False,1.0,1,0.0,[1 1],[0. 1.],0,1,[0.6 0.6],1.0,0.0,1.0
256,0.0,1,129.0,2,257,1,False,0.0,0,1.0,[1 1],[0. 1.],0,1,[0.6 0.6],1.0,0.0,1.0
257,0.0,1,129.0,0,258,0,False,1.0,1,0.0,[2 2],[0. 1.],1,1,[0.6 0.6],1.0,0.0,1.0
258,0.0,1,130.0,2,259,1,False,0.0,0,2.0,[2 2],[0. 1.],1,1,[0.6 0.6],1.0,0.0,1.0
259,1.0,1,130.0,0,260,0,False,2.0,1,0.0,[2 2],[0. 1.],1,1,[0.6 0.6],1.0,0.0,1.0
260,0.0,1,131.0,2,261,1,False,0.0,0,2.0,[2 2],[0. 1.],1,1,[0.6 0.6],1.0,0.0,1.0
261,1.0,1,131.0,0,262,0,False,2.0,1,0.0,[1 2],[0. 1.],1,1,[0.6 0.6],1.0,0.0,1.0
262,0.0,1,132.0,2,263,1,False,0.0,0,2.0,[1 2],[0. 1.],1,1,[0.6 0.6],1.0,0.0,1.0
263,1.0,1,132.0,0,264,0,False,2.0,1,0.0,[1 2],[0. 1.],0,1,[0.6 0.6],1.0,0.0,1.0
264,0.0,1,133.0,2,265,1,False,0.0,0,1.0,[1 2],[0. 1.],0,1,[0.6 0.6],1.0,0.0,1.0
265,1.0,1,133.0,0,266,0,False,1.0,1,0.0,[2 2],[0. 1.],0,1,[0.6 0.6],1.0,0.0,1.0
266,0.0,1,134.0,2,267,1,False,0.0,0,1.0,[2 2],[0. 1.],0,1,[0.6 0.6],1.0,0.0,1.0
267,1.0,1,134.0,0,268,0,False,1.0,1,0.0,[1 2],[0. 1.],0,1,[0.6 0.6],1.0,0.0,1.0
268,0.0,1,135.0,2,269,1,False,0.0,0,1.0,[1 2],[0. 1.],0,1,[0.6 0.6],1.0,0.0,1.0
269,1.0,1,135.0,0,270,0,False,1.0,1,0.0,[2 2],[0. 1.],0,1,[0.6 0.6],1.0,0.0,1.0
270,0.0,1,136.0,2,271,1,False,0.0,0,1.0,[2 2],[0. 1.],0,1,[0.6 0.6],1.0,0.0,1.0
271,1.0,1,136.0,0,272,0,False,1.0,1,0.0,[2 2],[0. 1.],0,1,[0.6 0.6],1.0,0.0,1.0
272,0.0,1,137.0,2,273,1,False,0.0,0,1.0,[2 2],[0. 1.],0,1,[0.6 0.6],1.0,0.0,1.0
273,1.0,1,137.0,0,274,0,False,1.0,1,0.0,[1 2],[0. 1.],1,1,[0.6 0.6],1.0,0.0,1.0
274,0.0,1,138.0,2,275,1,False,0.0,0,2.0,[1 2],[0. 1.],1,1,[0.6 0.6],1.0,0.0,1.0
275,1.0,1,138.0,0,276,0,False,2.0,1,0.0,[1 1],[0. 1.],0,1,[0.6 0.6],1.0,0.0,1.0
276,0.0,1,139.0,2,277,1,False,0.0,0,1.0,[1 1],[0. 1.],0,1,[0.6 0.6],1.0,0.0,1.0
277,0.0,1,139.0,0,278,0,False,1.0,1,0.0,[2 2],[0. 1.],1,1,[0.6 0.6],1.0,0.0,1.0
278,0.0,1,140.0,2,279,1,False,0.0,0,2.0,[2 2],[0. 1.],1,1,[0.6 0.6],1.0,0.0,1.0
279,1.0,1,140.0,0,280,0,False,2.0,1,0.0,[1 1],[0. 1.],1,1,[0.6 0.6],1.0,0.0,1.0
280,0.0,1,141.0,2,281,1,False,0.0,0,2.0,[1 1],[0. 1.],1,1,[0.6 0.6],1.0,0.0,1.0
281,0.0,1,141.0,0,282,0,False,2.0,1,0.0,[1 1],[0. 1.],0,1,[0.6 0.6],1.0,0.0,1.0
282,0.0,1,142.0,2,283,1,False,0.0,0,1.0,[1 1],[0. 1.],0,1,[0.6 0.6],1.0,0.0,1.0
283,0.0,1,142.0,0,284,0,False,1.0,1,0.0,[1 1],[0. 1.],0,1,[0.6 0.6],1.0,0.0,1.0
284,0.0,1,143.0,2,285,1,False,0.0,0,1.0,[1 1],[0. 1.],0,1,[0.6 0.6],1.0,0.0,1.0
285,0.0,1,143.0,0,286,0,False,1.0,1,0.0,[2 2],[0. 1.],0,1,[0.6 0.6],1.0,0.0,1.0
286,0.0,1,144.0,2,287,1,False,0.0,0,1.0,[2 2],[0. 1.],0,1,[0.6 0.6],1.0,0.0,1.0
287,1.0,1,144.0,0,288,0,False,1.0,1,0.0,[2 1],[0. 1.],0,1,[0.6 0.6],1.0,0.0,1.0
288,0.0,1,145.0,2,289,1,False,0.0,0,1.0,[2 1],[0. 1.],0,1,[0.6 0.6],1.0,0.0,1.0
289,0.0,1,145.0,0,290,0,False,1.0,1,0.0,[1 1],[0. 1.],0,1,[0.6 0.6],1.0,0.0,1.0
290,0.0,1,146.0,2,291,1,False,0.0,0,1.0,[1 1],[0. 1.],0,1,[0.6 0.6],1.0,0.0,1.0
291,0.0,1,146.0,0,292,0,False,1.0,1,0.0,[2 2],[0. 1.],1,1,[0.6 0.6],1.0,0.0,1.0
292,0.0,1,147.0,2,293,1,False,0.0,0,2.0,[2 2],[0. 1.],1,1,[0.6 0.6],1.0,0.0,1.0
293,1.0,1,147.0,0,294,0,False,2.0,1,0.0,[2 2],[0. 1.],1,1,[0.6 0.6],1.0,0.0,1.0
294,0.0,1,148.0,2,295,1,False,0.0,0,2.0,[2 2],[0. 1.],1,1,[0.6 0.6],1.0,0.0,1.0
295,1.0,1,148.0,0,296,0,False,2.0,1,0.0,[2 2],[0. 1.],1,1,[0.6 0.6],1.0,0.0,1.0
296,0.0,1,149.0,2,297,1,False,0.0,0,2.0,[2 2],[0. 1.],1,1,[0.6 0.6],1.0,0.0,1.0
297,1.0,1,149.0,0,298,0,False,2.0,1,0.0,[1 2],[0. 1.],1,1,[0.6 0.6],1.0,0.0,1.0
298,0.0,1,150.0,2,299,1,False,0.0,0,2.0,[1 2],[0. 1.],1,1,[0.6 0.6],1.0,0.0,1.0
299,1.0,1,150.0,0,300,0,False,2.0,1,0.0,[2 2],[0. 1.],1,1,[0.6 0.6],1.0,0.0,1.0
300,0.0,1,151.0,2,301,1,False,0.0,0,2.0,[2 2],[0. 1.],1,1,[0.6 0.6],1.0,0.0,1.0
301,1.0,1,151.0,0,302,0,False,2.0,1,0.0,[1 1],[0. 1.],0,1,[0.6 0.6],1.0,0.0,1.0
302,0.0,1,152.0,2,303,1,False,0.0,0,1.0,[1 1],[0. 1.],0,1,[0.6 0.6],1.0,0.0,1.0
303,0.0,1,152.0,0,304,0,False,1.0,1,0.0,[1 1],[0. 1.],0,1,[0.6 0.6],1.0,0.0,1.0
304,0.0,1,153.0,2,305,1,False,0.0,0,1.0,[1 1],[0. 1.],0,1,[0.6 0.6],1.0,0.0,1.0
305,0.0,1,153.0,0,306,0,False,1.0,1,0.0,[1 2],[0. 1.],0,1,[0.6 0.6],1.0,0.0,1.0
306,0.0,1,154.0,2,307,1,False,0.0,0,1.0,[1 2],[0. 1.],0,1,[0.6 0.6],1.0,0.0,1.0
307,1.0,1,154.0,0,308,0,False,1.0,1,0.0,[1 2],[0. 1.],1,1,[0.6 0.6],1.0,0.0,1.0
308,0.0,1,155.0,2,309,1,False,0.0,0,2.0,[1 2],[0. 1.],1,1,[0.6 0.6],1.0,0.0,1.0
309,1.0,1,155.0,0,310,0,False,2.0,1,0.0,[1 1],[0. 1.],1,1,[0.6 0.6],1.0,0.0,1.0
310,0.0,1,156.0,2,311,1,False,0.0,0,2.0,[1 1],[0. 1.],1,1,[0.6 0.6],1.0,0.0,1.0
311,0.0,1,156.0,0,312,0,False,2.0,1,0.0,[2 2],[0. 1.],1,1,[0.6 0.6],1.0,0.0,1.0
312,0.0,1,157.0,2,313,1,False,0.0,0,2.0,[2 2],[0. 1.],1,1,[0.6 0.6],1.0,0.0,1.0
313,1.0,1,157.0,0,314,0,False,2.0,1,0.0,[1 1],[0. 1.],1,1,[0.6 0.6],1.0,0.0,1.0
314,0.0,1,158.0,2,315,1,False,0.0,0,2.0,[1 1],[0. 1.],1,1,[0.6 0.6],1.0,0.0,1.0
315,0.0,1,158.0,0,316,0,False,2.0,1,0.0,[1 2],[0. 1.],0,1,[0.6 0.6],1.0,0.0,1.0
316,0.0,1,159.0,2,317,1,False,0.0,0,1.0,[1 2],[0. 1.],0,1,[0.6 0.6],1.0,0.0,1.0
317,1.0,1,159.0,0,318,0,False,1.0,1,0.0,[1 2],[0. 1.],0,1,[0.6 0.6],1.0,0.0,1.0
318,0.0,1,160.0,2,319,1,False,0.0,0,1.0,[1 2],[0. 1.],0,1,[0.6 0.6],1.0,0.0,1.0
319,1.0,1,160.0,0,320,0,False,1.0,1,0.0,[2 1],[0. 1.],0,1,[0.6 0.6],1.0,0.0,1.0
320,0.0,1,161.0,2,321,1,False,0.0,0,1.0,[2 1],[0. 1.],0,1,[0.6 0.6],1.0,0.0,1.0
321,0.0,1,161.0,0,322,0,False,1.0,1,0.0,[2 2],[0. 1.],1,1,[0.6 0.6],1.0,0.0,1.0
322,0.0,1,162.0,2,323,1,False,0.0,0,2.0,[2 2],[0. 1.],1,1,[0.6 0.6],1.0,0.0,1.0
323,1.0,1,162.0,0,324,0,False,2.0,1,0.0,[1 2],[0. 1.],1,1,[0.6 0.6],1.0,0.0,1.0
324,0.0,1,163.0,2,325,1,False,0.0,0,2.0,[1 2],[0. 1.],1,1,[0.6 0.6],1.0,0.0,1.0
325,1.0,1,163.0,0,326,0,False,2.0,1,0.0,[1 2],[0. 1.],0,1,[0.6 0.6],1.0,0.0,1.0
326,0.0,1,164.0,2,327,1,False,0.0,0,1.0,[1 2],[0. 1.],0,1,[0.6 0.6],1.0,0.0,1.0
327,1.0,1,164.0,0,328,0,False,1.0,1,0.0,[2 1],[0. 1.],0,1,[0.6 0.6],1.0,0.0,1.0
328,0.0,1,165.0,2,329,1,False,0.0,0,1.0,[2 1],[0. 1.],0,1,[0.6 0.6],1.0,0.0,1.0
329,0.0,1,165.0,0,330,0,False,1.0,1,0.0,[2 2],[0. 1.],0,1,[0.6 0.6],1.0,0.0,1.0
330,0.0,1,166.0,2,331,1,False,0.0,0,1.0,[2 2],[0. 1.],0,1,[0.6 0.6],1.0,0.0,1.0
331,1.0,1,166.0,0,332,0,False,1.0,1,0.0,[2 1],[0. 1.],1,1,[0.6 0.6],1.0,0.0,1.0
332,0.0,1,167.0,2,333,1,False,0.0,0,2.0,[2 1],[0. 1.],1,1,[0.6 0.6],1.0,0.0,1.0
333,0.0,1,167.0,0,334,0,False,2.0,1,0.0,[1 1],[0. 1.],0,1,[0.6 0.6],1.0,0.0,1.0
334,0.0,1,168.0,2,335,1,False,0.0,0,1.0,[1 1],[0. 1.],0,1,[0.6 0.6],1.0,0.0,1.0
335,0.0,1,168.0,0,336,0,False,1.0,1,0.0,[2 2],[0. 1.],0,1,[0.6 0.6],1.0,0.0,1.0
336,0.0,1,169.0,2,337,1,False,0.0,0,1.0,[2 2],[0. 1.],0,1,[0.6 0.6],1.0,0.0,1.0
337,1.0,1,169.0,0,338,0,False,1.0,1,0.0,[1 2],[0. 1.],0,1,[0.6 0.6],1.0,0.0,1.0
338,0.0,1,170.0,2,339,1,False,0.0,0,1.0,[1 2],[0. 1.],0,1,[0.6 0.6],1.0,0.0,1.0
339,1.0,1,170.0,0,340,0,False,1.0,1,0.0,[1 2],[0. 1.],0,1,[0.6 0.6],1.0,0.0,1.0
340,0.0,1,171.0,2,341,1,False,0.0,0,1.0,[1 2],[0. 1.],0,1,[0.6 0.6],1.0,0.0,1.0
341,1.0,1,171.0,0,342,0,False,1.0,1,0.0,[1 2],[0. 1.],0,1,[0.6 0.6],1.0,0.0,1.0
342,0.0,1,172.0,2,343,1,False,0.0,0,1.0,[1 2],[0. 1.],0,1,[0.6 0.6],1.0,0.0,1.0
343,1.0,1,172.0,0,344,0,False,1.0,1,0.0,[1 2],[0. 1.],1,1,[0.6 0.6],1.0,0.0,1.0
344,0.0,1,173.0,2,345,1,False,0.0,0,2.0,[1 2],[0. 1.],1,1,[0.6 0.6],1.0,0.0,1.0
345,1.0,1,173.0,0,346,0,False,2.0,1,0.0,[2 2],[0. 1.],1,1,[0.6 0.6],1.0,0.0,1.0
346,0.0,1,174.0,2,347,1,False,0.0,0,2.0,[2 2],[0. 1.],1,1,[0.6 0.6],1.0,0.0,1.0
347,1.0,1,174.0,0,348,0,False,2.0,1,0.0,[2 1],[0. 1.],1,1,[0.6 0.6],1.0,0.0,1.0
348,0.0,1,175.0,2,349,1,False,0.0,0,2.0,[2 1],[0. 1.],1,1,[0.6 0.6],1.0,0.0,1.0
349,0.0,1,175.0,0,350,0,False,2.0,1,0.0,[2 2],[0. 1.],0,1,[0.6 0.6],1.0,0.0,1.0
350,0.0,1,176.0,2,351,1,False,0.0,0,1.0,[2 2],[0. 1.],0,1,[0.6 0.6],1.0,0.0,1.0
351,1.0,1,176.0,0,352,0,False,1.0,1,0.0,[1 1],[0. 1.],0,1,[0.6 0.6],1.0,0.0,1.0
352,0.0,1,177.0,2,353,1,False,0.0,0,1.0,[1 1],[0. 1.],0,1,[0.6 0.6],1.0,0.0,1.0
353,0.0,1,177.0,0,354,0,False,1.0,1,0.0,[1 2],[0. 1.],1,1,[0.6 0.6],1.0,0.0,1.0
354,0.0,1,178.0,2,355,1,False,0.0,0,2.0,[1 2],[0. 1.],1,1,[0.6 0.6],1.0,0.0,1.0
355,1.0,1,178.0,0,356,0,False,2.0,1,0.0,[1 2],[0. 1.],0,1,[0.6 0.6],1.0,0.0,1.0
356,0.0,1,179.0,2,357,1,False,0.0,0,1.0,[1 2],[0. 1.],0,1,[0.6 0.6],1.0,0.0,1.0
357,1.0,1,179.0,0,358,0,False,1.0,1,0.0,[1 2],[0. 1.],1,1,[0.6 0.6],1.0,0.0,1.0
358,0.0,1,180.0,2,359,1,False,0.0,0,2.0,[1 2],[0. 1.],1,1,[0.6 0.6],1.0,0.0,1.0
359,1.0,1,180.0,0,360,0,False,2.0,1,0.0,[1 1],[0. 1.],1,1,[0.6 0.6],1.0,0.0,1.0
360,0.0,1,181.0,2,361,1,False,0.0,0,2.0,[1 1],[0. 1.],1,1,[0.6 0.6],1.0,0.0,1.0
361,0.0,1,181.0,0,362,0,False,2.0,1,0.0,[2 1],[0. 1.],0,1,[0.6 0.6],1.0,0.0,1.0
362,0.0,1,182.0,2,363,1,False,0.0,0,1.0,[2 1],[0. 1.],0,1,[0.6 0.6],1.0,0.0,1.0
363,0.0,1,182.0,0,364,0,False,1.0,1,0.0,[1 2],[0. 1.],1,1,[0.6 0.6],1.0,0.0,1.0
364,0.0,1,183.0,2,365,1,False,0.0,0,2.0,[1 2],[0. 1.],1,1,[0.6 0.6],1.0,0.0,1.0
365,1.0,1,183.0,0,366,0,False,2.0,1,0.0,[1 1],[0. 1.],1,1,[0.6 0.6],1.0,0.0,1.0
366,0.0,1,184.0,2,367,1,False,0.0,0,2.0,[1 1],[0. 1.],1,1,[0.6 0.6],1.0,0.0,1.0
367,0.0,1,184.0,0,368,0,False,2.0,1,0.0,[2 2],[0. 1.],0,1,[0.6 0.6],1.0,0.0,1.0
368,0.0,1,185.0,1,369,1,False,0.0,0,1.0,[2 2],[0. 1.],0,1,[0.6 0.6],1.0,0.0,1.0
369,1.0,1,185.0,0,370,0,False,1.0,1,0.0,[2 2],[0. 1.],0,1,[0.6 0.6],1.0,0.0,1.0
370,0.0,1,186.0,1,371,1,False,0.0,0,1.0,[2 2],[0. 1.],0,1,[0.6 0.6],1.0,0.0,1.0
371,1.0,1,186.0,0,372,0,False,1.0,1,0.0,[1 1],[0. 1.],0,1,[0.6 0.6],1.0,0.0,1.0
372,0.0,1,187.0,1,373,1,False,0.0,0,1.0,[1 1],[0. 1.],0,1,[0.6 0.6],1.0,0.0,1.0
373,0.0,1,187.0,0,374,0,False,1.0,1,0.0,[2 1],[0. 1.],1,1,[0.6 0.6],1.0,0.0,1.0
374,0.0,1,188.0,1,375,1,False,0.0,0,2.0,[2 1],[0. 1.],1,1,[0.6 0.6],1.0,0.0,1.0
375,1.0,1,188.0,0,376,0,False,2.0,1,0.0,[2 2],[0. 1.],1,1,[0.6 0.6],1.0,0.0,1.0
376,0.0,1,189.0,1,377,1,False,0.0,0,2.0,[2 2],[0. 1.],1,1,[0.6 0.6],1.0,0.0,1.0
377,1.0,1,189.0,0,378,0,False,2.0,1,0.0,[1 2],[0. 1.],0,1,[0.6 0.6],1.0,0.0,1.0
378,0.0,1,190.0,1,379,1,False,0.0,0,1.0,[1 2],[0. 1.],0,1,[0.6 0.6],1.0,0.0,1.0
379,0.0,1,190.0,0,380,0,False,1.0,1,0.0,[1 2],[0. 1.],0,1,[0.6 0.6],1.0,0.0,1.0
380,0.0,1,191.0,1,381,1,False,0.0,0,1.0,[1 2],[0. 1.],0,1,[0.6 0.6],1.0,0.0,1.0
381,0.0,1,191.0,0,382,0,False,1.0,1,0.0,[1 1],[0. 1.],1,1,[0.6 0.6],1.0,0.0,1.0
382,0.0,1,192.0,1,383,1,False,0.0,0,2.0,[1 1],[0. 1.],1,1,[0.6 0.6],1.0,0.0,1.0
383,0.0,1,192.0,0,384,0,False,2.0,1,0.0,[1 1],[0. 1.],1,1,[0.6 0.6],1.0,0.0,1.0
384,0.0,1,193.0,2,385,1,False,0.0,0,2.0,[1 1],[0. 1.],1,1,[0.6 0.6],1.0,0.0,1.0
385,0.0,1,193.0,0,386,0,False,2.0,1,0.0,[1 2],[0. 1.],0,1,[0.6 0.6],1.0,0.0,1.0
386,0.0,1,194.0,1,387,1,False,0.0,0,1.0,[1 2],[0. 1.],0,1,[0.6 0.6],1.0,0.0,1.0
387,0.0,1,194.0,0,388,0,False,1.0,1,0.0,[2 1],[0. 1.],1,1,[0.6 0.6],1.0,0.0,1.0
388,0.0,1,195.0,1,389,1,False,0.0,0,2.0,[2 1],[0. 1.],1,1,[0.6 0.6],1.0,0.0,1.0
389,1.0,1,195.0,0,390,0,False,2.0,1,0.0,[1 2],[0. 1.],1,1,[0.6 0.6],1.0,0.0,1.0
390,0.0,1,196.0,1,391,1,False,0.0,0,2.0,[1 2],[0. 1.],1,1,[0.6 0.6],1.0,0.0,1.0
391,0.0,1,196.0,0,392,0,False,2.0,1,0.0,[1 1],[0. 1.],0,1,[0.6 0.6],1.0,0.0,1.0
392,0.0,1,197.0,2,393,1,False,0.0,0,1.0,[1 1],[0. 1.],0,1,[0.6 0.6],1.0,0.0,1.0
393,0.0,1,197.0,0,394,0,False,1.0,1,0.0,[2 1],[0. 1.],0,1,[0.6 0.6],1.0,0.0,1.0
394,0.0,1,198.0,2,395,1,False,0.0,0,1.0,[2 1],[0. 1.],0,1,[0.6 0.6],1.0,0.0,1.0
395,0.0,1,198.0,0,396,0,False,1.0,1,0.0,[1 2],[0. 1.],0,1,[0.6 0.6],1.0,0.0,1.0
396,0.0,1,199.0,1,397,1,False,0.0,0,1.0,[1 2],[0. 1.],0,1,[0.6 0.6],1.0,0.0,1.0
397,0.0,1,199.0,0,398,0,False,1.0,1,0.0,[1 2],[0. 1.],0,1,[0.6 0.6],1.0,0.0,1.0
398,0.0,1,200.0,2,399,1,False,0.0,0,1.0,[1 2],[0. 1.],0,1,[0.6 0.6],1.0,0.0,1.0
399,1.0,1,200.0,0,400,0,False,1.0,1,0.0,[2 1],[0. 1.],0,1,[0.6 0.6],1.0,0.0,1.0
400,0.0,1,201.0,2,401,1,False,0.0,0,1.0,[2 1],[0. 1.],0,1,[0.6 0.6],1.0,0.0,1.0
401,0.0,1,201.0,0,402,0,False,1.0,1,0.0,[2 2],[0. 1.],0,1,[0.6 0.6],1.0,0.0,1.0
402,0.0,1,202.0,2,403,1,False,0.0,0,1.0,[2 2],[0. 1.],0,1,[0.6 0.6],1.0,0.0,1.0
403,1.0,1,202.0,0,404,0,False,1.0,1,0.0,[1 2],[0. 1.],0,1,[0.6 0.6],1.0,0.0,1.0
404,0.0,1,203.0,2,405,1,False,0.0,0,1.0,[1 2],[0. 1.],0,1,[0.6 0.6],1.0,0.0,1.0
405,1.0,1,203.0,0,406,0,False,1.0,1,0.0,[1 2],[0. 1.],0,1,[0.6 0.6],1.0,0.0,1.0
406,0.0,1,204.0,2,407,1,False,0.0,0,1.0,[1 2],[0. 1.],0,1,[0.6 0.6],1.0,0.0,1.0
407,1.0,1,204.0,0,408,0,False,1.0,1,0.0,[2 1],[0. 1.],0,1,[0.6 0.6],1.0,0.0,1.0
408,0.0,1,205.0,2,409,1,False,0.0,0,1.0,[2 1],[0. 1.],0,1,[0.6 0.6],1.0,0.0,1.0
409,0.0,1,205.0,0,410,0,False,1.0,1,0.0,[2 1],[0. 1.],1,1,[0.6 0.6],1.0,0.0,1.0
410,0.0,1,206.0,2,411,1,False,0.0,0,2.0,[2 1],[0. 1.],1,1,[0.6 0.6],1.0,0.0,1.0
411,0.0,1,206.0,0,412,0,False,2.0,1,0.0,[2 2],[0. 1.],0,1,[0.6 0.6],1.0,0.0,1.0
412,0.0,1,207.0,2,413,1,False,0.0,0,1.0,[2 2],[0. 1.],0,1,[0.6 0.6],1.0,0.0,1.0
413,1.0,1,207.0,0,414,0,False,1.0,1,0.0,[2 2],[0. 1.],0,1,[0.6 0.6],1.0,0.0,1.0
414,0.0,1,208.0,2,415,1,False,0.0,0,1.0,[2 2],[0. 1.],0,1,[0.6 0.6],1.0,0.0,1.0
415,1.0,1,208.0,0,416,0,False,1.0,1,0.0,[2 2],[0. 1.],1,1,[0.6 0.6],1.0,0.0,1.0
416,0.0,1,209.0,2,417,1,False,0.0,0,2.0,[2 2],[0. 1.],1,1,[0.6 0.6],1.0,0.0,1.0
417,1.0,1,209.0,0,418,0,False,2.0,1,0.0,[2 1],[0. 1.],1,1,[0.6 0.6],1.0,0.0,1.0
418,0.0,1,210.0,2,419,1,False,0.0,0,2.0,[2 1],[0. 1.],1,1,[0.6 0.6],1.0,0.0,1.0
419,0.0,1,210.0,0,420,0,False,2.0,1,0.0,[1 2],[0. 1.],0,1,[0.6 0.6],1.0,0.0,1.0
420,0.0,1,211.0,2,421,1,False,0.0,0,1.0,[1 2],[0. 1.],0,1,[0.6 0.6],1.0,0.0,1.0
421,1.0,1,211.0,0,422,0,False,1.0,1,0.0,[1 1],[0. 1.],1,1,[0.6 0.6],1.0,0.0,1.0
422,0.0,1,212.0,2,423,1,False,0.0,0,2.0,[1 1],[0. 1.],1,1,[0.6 0.6],1.0,0.0,1.0
423,0.0,1,212.0,0,424,0,False,2.0,1,0.0,[2 2],[0. 1.],1,1,[0.6 0.6],1.0,0.0,1.0
424,0.0,1,213.0,2,425,1,False,0.0,0,2.0,[2 2],[0. 1.],1,1,[0.6 0.6],1.0,0.0,1.0
425,1.0,1,213.0,0,426,0,False,2.0,1,0.0,[2 2],[0. 1.],1,1,[0.6 0.6],1.0,0.0,1.0
426,0.0,1,214.0,2,427,1,False,0.0,0,2.0,[2 2],[0. 1.],1,1,[0.6 0.6],1.0,0.0,1.0
427,1.0,1,214.0,0,428,0,False,2.0,1,0.0,[1 1],[0. 1.],0,1,[0.6 0.6],1.0,0.0,1.0
428,0.0,1,215.0,2,429,1,False,0.0,0,1.0,[1 1],[0. 1.],0,1,[0.6 0.6],1.0,0.0,1.0
429,0.0,1,215.0,0,430,0,False,1.0,1,0.0,[1 2],[0. 1.],0,1,[0.6 0.6],1.0,0.0,1.0
430,0.0,1,216.0,2,431,1,False,0.0,0,1.0,[1 2],[0. 1.],0,1,[0.6 0.6],1.0,0.0,1.0
431,1.0,1,216.0,0,432,0,False,1.0,1,0.0,[1 2],[0. 1.],1,1,[0.6 0.6],1.0,0.0,1.0
432,0.0,1,217.0,2,433,1,False,0.0,0,2.0,[1 2],[0. 1.],1,1,[0.6 0.6],1.0,0.0,1.0
433,1.0,1,217.0,0,434,0,False,2.0,1,0.0,[1 1],[0. 1.],0,1,[0.6 0.6],1.0,0.0,1.0
434,0.0,1,218.0,2,435,1,False,0.0,0,1.0,[1 1],[0. 1.],0,1,[0.6 0.6],1.0,0.0,1.0
435,0.0,1,218.0,0,436,0,False,1.0,1,0.0,[2 2],[0. 1.],1,1,[0.6 0.6],1.0,0.0,1.0
436,0.0,1,219.0,2,437,1,False,0.0,0,2.0,[2 2],[0. 1.],1,1,[0.6 0.6],1.0,0.0,1.0
437,1.0,1,219.0,0,438,0,False,2.0,1,0.0,[2 2],[0. 1.],1,1,[0.6 0.6],1.0,0.0,1.0
438,0.0,1,220.0,2,439,1,False,0.0,0,2.0,[2 2],[0. 1.],1,1,[0.6 0.6],1.0,0.0,1.0
439,1.0,1,220.0,0,440,0,False,2.0,1,0.0,[2 1],[0. 1.],1,1,[0.6 0.6],1.0,0.0,1.0
440,0.0,1,221.0,2,441,1,False,0.0,0,2.0,[2 1],[0. 1.],1,1,[0.6 0.6],1.0,0.0,1.0
441,0.0,1,221.0,0,442,0,False,2.0,1,0.0,[2 1],[0. 1.],0,1,[0.6 0.6],1.0,0.0,1.0
442,0.0,1,222.0,2,443,1,False,0.0,0,1.0,[2 1],[0. 1.],0,1,[0.6 0.6],1.0,0.0,1.0
443,0.0,1,222.0,0,444,0,False,1.0,1,0.0,[1 1],[0. 1.],1,1,[0.6 0.6],1.0,0.0,1.0
444,0.0,1,223.0,2,445,1,False,0.0,0,2.0,[1 1],[0. 1.],1,1,[0.6 0.6],1.0,0.0,1.0
445,0.0,1,223.0,0,446,0,False,2.0,1,0.0,[2 2],[0. 1.],1,1,[0.6 0.6],1.0,0.0,1.0
446,0.0,1,224.0,1,447,1,False,0.0,0,2.0,[2 2],[0. 1.],1,1,[0.6 0.6],1.0,0.0,1.0
447,1.0,1,224.0,0,448,0,False,2.0,1,0.0,[1 2],[0. 1.],1,1,[0.6 0.6],1.0,0.0,1.0
448,0.0,1,225.0,1,449,1,False,0.0,0,2.0,[1 2],[0. 1.],1,1,[0.6 0.6],1.0,0.0,1.0
449,0.0,1,225.0,0,450,0,False,2.0,1,0.0,[1 1],[0. 1.],1,1,[0.6 0.6],1.0,0.0,1.0
450,0.0,1,226.0,2,451,1,False,0.0,0,2.0,[1 1],[0. 1.],1,1,[0.6 0.6],1.0,0.0,1.0
451,0.0,1,226.0,0,452,0,False,2.0,1,0.0,[2 1],[0. 1.],1,1,[0.6 0.6],1.0,0.0,1.0
452,0.0,1,227.0,1,453,1,False,0.0,0,2.0,[2 1],[0. 1.],1,1,[0.6 0.6],1.0,0.0,1.0
453,1.0,1,227.0,0,454,0,False,2.0,1,0.0,[2 2],[0. 1.],0,1,[0.6 0.6],1.0,0.0,1.0
454,0.0,1,228.0,1,455,1,False,0.0,0,1.0,[2 2],[0. 1.],0,1,[0.6 0.6],1.0,0.0,1.0
455,1.0,1,228.0,0,456,0,False,1.0,1,0.0,[1 2],[0. 1.],1,1,[0.6 0.6],1.0,0.0,1.0
456,0.0,1,229.0,1,457,1,False,0.0,0,2.0,[1 2],[0. 1.],1,1,[0.6 0.6],1.0,0.0,1.0
457,0.0,1,229.0,0,458,0,False,2.0,1,0.0,[2 1],[0. 1.],0,1,[0.6 0.6],1.0,0.0,1.0
458,0.0,1,230.0,1,459,1,False,0.0,0,1.0,[2 1],[0. 1.],0,1,[0.6 0.6],1.0,0.0,1.0
459,1.0,1,230.0,0,460,0,False,1.0,1,0.0,[1 2],[0. 1.],1,1,[0.6 0.6],1.0,0.0,1.0
460,0.0,1,231.0,1,461,1,False,0.0,0,2.0,[1 2],[0. 1.],1,1,[0.6 0.6],1.0,0.0,1.0
461,0.0,1,231.0,0,462,0,False,2.0,1,0.0,[1 2],[0. 1.],0,1,[0.6 0.6],1.0,0.0,1.0
462,0.0,1,232.0,1,463,1,False,0.0,0,1.0,[1 2],[0. 1.],0,1,[0.6 0.6],1.0,0.0,1.0
463,0.0,1,232.0,0,464,0,False,1.0,1,0.0,[1 2],[0. 1.],1,1,[0.6 0.6],1.0,0.0,1.0
464,0.0,1,233.0,1,465,1,False,0.0,0,2.0,[1 2],[0. 1.],1,1,[0.6 0.6],1.0,0.0,1.0
465,0.0,1,233.0,0,466,0,False,2.0,1,0.0,[2 2],[0. 1.],1,1,[0.6 0.6],1.0,0.0,1.0
466,0.0,1,234.0,2,467,1,False,0.0,0,2.0,[2 2],[0. 1.],1,1,[0.6 0.6],1.0,0.0,1.0
467,1.0,1,234.0,0,468,0,False,2.0,1,0.0,[1 2],[0. 1.],0,1,[0.6 0.6],1.0,0.0,1.0
468,0.0,1,235.0,2,469,1,False,0.0,0,1.0,[1 2],[0. 1.],0,1,[0.6 0.6],1.0,0.0,1.0
469,1.0,1,235.0,0,470,0,False,1.0,1,0.0,[1 2],[0. 1.],1,1,[0.6 0.6],1.0,0.0,1.0
470,0.0,1,236.0,2,471,1,False,0.0,0,2.0,[1 2],[0. 1.],1,1,[0.6 0.6],1.0,0.0,1.0
471,1.0,1,236.0,0,472,0,False,2.0,1,0.0,[1 2],[0. 1.],1,1,[0.6 0.6],1.0,0.0,1.0
472,0.0,1,237.0,2,473,1,False,0.0,0,2.0,[1 2],[0. 1.],1,1,[0.6 0.6],1.0,0.0,1.0
473,1.0,1,237.0,0,474,0,False,2.0,1,0.0,[1 1],[0. 1.],1,1,[0.6 0.6],1.0,0.0,1.0
474,0.0,1,238.0,2,475,1,False,0.0,0,2.0,[1 1],[0. 1.],1,1,[0.6 0.6],1.0,0.0,1.0
475,0.0,1,238.0,0,476,0,False,2.0,1,0.0,[2 1],[0. 1.],1,1,[0.6 0.6],1.0,0.0,1.0
476,0.0,1,239.0,2,477,1,False,0.0,0,2.0,[2 1],[0. 1.],1,1,[0.6 0.6],1.0,0.0,1.0
477,0.0,1,239.0,0,478,0,False,2.0,1,0.0,[1 2],[0. 1.],1,1,[0.6 0.6],1.0,0.0,1.0
478,0.0,1,240.0,1,479,1,False,0.0,0,2.0,[1 2],[0. 1.],1,1,[0.6 0.6],1.0,0.0,1.0
479,0.0,1,240.0,0,480,0,False,2.0,1,0.0,[1 1],[0. 1.],0,1,[0.6 0.6],1.0,0.0,1.0
480,0.0,1,241.0,2,481,1,False,0.0,0,1.0,[1 1],[0. 1.],0,1,[0.6 0.6],1.0,0.0,1.0
481,0.0,1,241.0,0,482,0,False,1.0,1,0.0,[2 2],[0. 1.],0,1,[0.6 0.6],1.0,0.0,1.0
482,0.0,1,242.0,2,483,1,False,0.0,0,1.0,[2 2],[0. 1.],0,1,[0.6 0.6],1.0,0.0,1.0
483,1.0,1,242.0,0,484,0,False,1.0,1,0.0,[1 2],[0. 1.],0,1,[0.6 0.6],1.0,0.0,1.0
484,0.0,1,243.0,2,485,1,False,0.0,0,1.0,[1 2],[0. 1.],0,1,[0.6 0.6],1.0,0.0,1.0
485,1.0,1,243.0,0,486,0,False,1.0,1,0.0,[2 1],[0. 1.],1,1,[0.6 0.6],1.0,0.0,1.0
486,0.0,1,244.0,2,487,1,False,0.0,0,2.0,[2 1],[0. 1.],1,1,[0.6 0.6],1.0,0.0,1.0
487,0.0,1,244.0,0,488,0,False,2.0,1,0.0,[2 2],[0. 1.],0,1,[0.6 0.6],1.0,0.0,1.0
488,0.0,1,245.0,2,489,1,False,0.0,0,1.0,[2 2],[0. 1.],0,1,[0.6 0.6],1.0,0.0,1.0
489,1.0,1,245.0,0,490,0,False,1.0,1,0.0,[1 2],[0. 1.],1,1,[0.6 0.6],1.0,0.0,1.0
490,0.0,1,246.0,2,491,1,False,0.0,0,2.0,[1 2],[0. 1.],1,1,[0.6 0.6],1.0,0.0,1.0
491,1.0,1,246.0,0,492,0,False,2.0,1,0.0,[1 1],[0. 1.],1,1,[0.6 0.6],1.0,0.0,1.0
492,0.0,1,247.0,2,493,1,False,0.0,0,2.0,[1 1],[0. 1.],1,1,[0.6 0.6],1.0,0.0,1.0
493,0.0,1,247.0,0,494,0,False,2.0,1,0.0,[1 2],[0. 1.],1,1,[0.6 0.6],1.0,0.0,1.0
494,0.0,1,248.0,2,495,1,False,0.0,0,2.0,[1 2],[0. 1.],1,1,[0.6 0.6],1.0,0.0,1.0
495,1.0,1,248.0,0,496,0,False,2.0,1,0.0,[1 2],[0. 1.],1,1,[0.6 0.6],1.0,0.0,1.0
496,0.0,1,249.0,2,497,1,False,0.0,0,2.0,[1 2],[0. 1.],1,1,[0.6 0.6],1.0,0.0,1.0
497,1.0,1,249.0,0,498,0,False,2.0,1,0.0,[2 2],[0. 1.],1,1,[0.6 0.6],1.0,0.0,1.0
498,0.0,1,250.0,2,499,1,False,0.0,0,2.0,[2 2],[0. 1.],1,1,[0.6 0.6],1.0,0.0,1.0
499,1.0,1,250.0,0,500,0,False,2.0,1,0.0,[1 2],[0. 1.],0,1,[0.6 0.6],1.0,0.0,1.0
500,0.0,1,251.0,2,501,1,False,0.0,0,1.0,[1 2],[0. 1.],0,1,[0.6 0.6],1.0,0.0,1.0
501,1.0,1,251.0,0,502,0,False,1.0,1,0.0,[2 2],[0. 1.],1,1,[0.6 0.6],1.0,0.0,1.0
502,0.0,1,252.0,2,503,1,False,0.0,0,2.0,[2 2],[0. 1.],1,1,[0.6 0.6],1.0,0.0,1.0
503,1.0,1,252.0,0,504,0,False,2.0,1,0.0,[2 1],[0. 1.],1,1,[0.6 0.6],1.0,0.0,1.0
504,0.0,1,253.0,2,505,1,False,0.0,0,2.0,[2 1],[0. 1.],1,1,[0.6 0.6],1.0,0.0,1.0
505,0.0,1,253.0,0,506,0,False,2.0,1,0.0,[1 1],[0. 1.],1,1,[0.6 0.6],1.0,0.0,1.0
506,0.0,1,254.0,2,507,1,False,0.0,0,2.0,[1 1],[0. 1.],1,1,[0.6 0.6],1.0,0.0,1.0
507,0.0,1,254.0,0,508,0,False,2.0,1,0.0,[1 2],[0. 1.],1,1,[0.6 0.6],1.0,0.0,1.0
508,0.0,1,255.0,1,509,1,False,0.0,0,2.0,[1 2],[0. 1.],1,1,[0.6 0.6],1.0,0.0,1.0
509,0.0,1,255.0,0,510,0,False,2.0,1,0.0,[1 2],[0. 1.],0,1,[0.6 0.6],1.0,0.0,1.0
510,0.0,1,256.0,2,511,1,False,0.0,0,1.0,[1 2],[0. 1.],0,1,[0.6 0.6],1.0,0.0,1.0
511,1.0,1,256.0,0,512,0,False,1.0,1,0.0,[2 2],[0. 1.],1,1,[0.6 0.6],1.0,0.0,1.0
512,0.0,1,257.0,2,513,1,False,0.0,0,2.0,[2 2],[0. 1.],1,1,[0.6 0.6],1.0,0.0,1.0
513,1.0,1,257.0,0,514,0,False,2.0,1,0.0,[1 2],[0. 1.],1,1,[0.6 0.6],1.0,0.0,1.0
514,0.0,1,258.0,2,515,1,False,0.0,0,2.0,[1 2],[0. 1.],1,1,[0.6 0.6],1.0,0.0,1.0
515,1.0,1,258.0,0,516,0,False,2.0,1,0.0,[1 2],[0. 1.],1,1,[0.6 0.6],1.0,0.0,1.0
516,0.0,1,259.0,2,517,1,False,0.0,0,2.0,[1 2],[0. 1.],1,1,[0.6 0.6],1.0,0.0,1.0
517,1.0,1,259.0,0,518,0,False,2.0,1,0.0,[1 1],[0. 1.],0,1,[0.6 0.6],1.0,0.0,1.0
518,0.0,1,260.0,2,519,1,False,0.0,0,1.0,[1 1],[0. 1.],0,1,[0.6 0.6],1.0,0.0,1.0
519,0.0,1,260.0,0,520,0,False,1.0,1,0.0,[2 2],[0. 1.],1,1,[0.6 0.6],1.0,0.0,1.0
520,0.0,1,261.0,2,521,1,False,0.0,0,2.0,[2 2],[0. 1.],1,1,[0.6 0.6],1.0,0.0,1.0
521,1.0,1,261.0,0,522,0,False,2.0,1,0.0,[1 2],[0. 1.],0,1,[0.6 0.6],1.0,0.0,1.0
522,0.0,1,262.0,2,523,1,False,0.0,0,1.0,[1 2],[0. 1.],0,1,[0.6 0.6],1.0,0.0,1.0
523,1.0,1,262.0,0,524,0,False,1.0,1,0.0,[1 1],[0. 1.],0,1,[0.6 0.6],1.0,0.0,1.0
524,0.0,1,263.0,2,525,1,False,0.0,0,1.0,[1 1],[0. 1.],0,1,[0.6 0.6],1.0,0.0,1.0
525,0.0,1,263.0,0,526,0,False,1.0,1,0.0,[2 2],[0. 1.],0,1,[0.6 0.6],1.0,0.0,1.0
526,0.0,1,264.0,2,527,1,False,0.0,0,1.0,[2 2],[0. 1.],0,1,[0.6 0.6],1.0,0.0,1.0
527,1.0,1,264.0,0,528,0,False,1.0,1,0.0,[1 2],[1. 0.],1,0,[0.6 0.6],1.0,0.0,1.0
528,0.0,1,265.0,2,529,1,False,0.0,0,2.0,[1 2],[1. 0.],1,0,[0.6 0.6],1.0,0.0,1.0
529,0.0,1,265.0,0,530,0,False,2.0,1,0.0,[1 1],[1. 0.],0,0,[0.6 0.6],1.0,0.0,1.0
530,0.0,1,266.0,2,531,1,False,0.0,0,1.0,[1 1],[1. 0.],0,0,[0.6 0.6],1.0,0.0,1.0
531,1.0,1,266.0,0,532,0,False,1.0,1,0.0,[1 1],[1. 0.],1,0,[0.6 0.6],1.0,0.0,1.0
532,0.0,1,267.0,2,533,1,False,0.0,0,2.0,[1 1],[1. 0.],1,0,[0.6 0.6],1.0,0.0,1.0
533,1.0,1,267.0,0,534,0,False,2.0,1,0.0,[2 2],[1. 0.],1,0,[0.6 0.6],1.0,0.0,1.0
534,0.0,1,268.0,2,535,1,False,0.0,0,2.0,[2 2],[1. 0.],1,0,[0.6 0.6],1.0,0.0,1.0
535,0.0,1,268.0,0,536,0,False,2.0,1,0.0,[1 1],[1. 0.],0,0,[0.6 0.6],1.0,0.0,1.0
536,0.0,1,269.0,2,537,1,False,0.0,0,1.0,[1 1],[1. 0.],0,0,[0.6 0.6],1.0,0.0,1.0
537,1.0,1,269.0,0,538,0,False,1.0,1,0.0,[1 1],[1. 0.],0,0,[0.6 0.6],1.0,0.0,1.0
538,0.0,1,270.0,2,539,1,False,0.0,0,1.0,[1 1],[1. 0.],0,0,[0.6 0.6],1.0,0.0,1.0
539,1.0,1,270.0,0,540,0,False,1.0,1,0.0,[1 2],[1. 0.],0,0,[0.6 0.6],1.0,0.0,1.0
540,0.0,1,271.0,2,541,1,False,0.0,0,1.0,[1 2],[1. 0.],0,0,[0.6 0.6],1.0,0.0,1.0
541,0.0,1,271.0,0,542,0,False,1.0,1,0.0,[2 1],[1. 0.],1,0,[0.6 0.6],1.0,0.0,1.0
542,0.0,1,272.0,2,543,1,False,0.0,0,2.0,[2 1],[1. 0.],1,0,[0.6 0.6],1.0,0.0,1.0
543,1.0,1,272.0,0,544,0,False,2.0,1,0.0,[2 1],[1. 0.],1,0,[0.6 0.6],1.0,0.0,1.0
544,0.0,1,273.0,2,545,1,False,0.0,0,2.0,[2 1],[1. 0.],1,0,[0.6 0.6],1.0,0.0,1.0
545,1.0,1,273.0,0,546,0,False,2.0,1,0.0,[1 1],[1. 0.],1,0,[0.6 0.6],1.0,0.0,1.0
546,0.0,1,274.0,2,547,1,False,0.0,0,2.0,[1 1],[1. 0.],1,0,[0.6 0.6],1.0,0.0,1.0
547,1.0,1,274.0,0,548,0,False,2.0,1,0.0,[2 2],[1. 0.],1,0,[0.6 0.6],1.0,0.0,1.0
548,0.0,1,275.0,2,549,1,False,0.0,0,2.0,[2 2],[1. 0.],1,0,[0.6 0.6],1.0,0.0,1.0
549,0.0,1,275.0,0,550,0,False,2.0,1,0.0,[2 1],[1. 0.],1,0,[0.6 0.6],1.0,0.0,1.0
550,0.0,1,276.0,2,551,1,False,0.0,0,2.0,[2 1],[1. 0.],1,0,[0.6 0.6],1.0,0.0,1.0
551,1.0,1,276.0,0,552,0,False,2.0,1,0.0,[2 2],[1. 0.],0,0,[0.6 0.6],1.0,0.0,1.0
552,0.0,1,277.0,2,553,1,False,0.0,0,1.0,[2 2],[1. 0.],0,0,[0.6 0.6],1.0,0.0,1.0
553,0.0,1,277.0,0,554,0,False,1.0,1,0.0,[1 1],[1. 0.],0,0,[0.6 0.6],1.0,0.0,1.0
554,0.0,1,278.0,2,555,1,False,0.0,0,1.0,[1 1],[1. 0.],0,0,[0.6 0.6],1.0,0.0,1.0
555,1.0,1,278.0,0,556,0,False,1.0,1,0.0,[2 1],[1. 0.],1,0,[0.6 0.6],1.0,0.0,1.0
556,0.0,1,279.0,2,557,1,False,0.0,0,2.0,[2 1],[1. 0.],1,0,[0.6 0.6],1.0,0.0,1.0
557,1.0,1,279.0,0,558,0,False,2.0,1,0.0,[1 1],[1. 0.],1,0,[0.6 0.6],1.0,0.0,1.0
558,0.0,1,280.0,2,559,1,False,0.0,0,2.0,[1 1],[1. 0.],1,0,[0.6 0.6],1.0,0.0,1.0
559,1.0,1,280.0,0,560,0,False,2.0,1,0.0,[2 1],[1. 0.],1,0,[0.6 0.6],1.0,0.0,1.0
560,0.0,1,281.0,2,561,1,False,0.0,0,2.0,[2 1],[1. 0.],1,0,[0.6 0.6],1.0,0.0,1.0
561,1.0,1,281.0,0,562,0,False,2.0,1,0.0,[1 1],[1. 0.],1,0,[0.6 0.6],1.0,0.0,1.0
562,0.0,1,282.0,2,563,1,False,0.0,0,2.0,[1 1],[1. 0.],1,0,[0.6 0.6],1.0,0.0,1.0
563,1.0,1,282.0,0,564,0,False,2.0,1,0.0,[2 2],[1. 0.],0,0,[0.6 0.6],1.0,0.0,1.0
564,0.0,1,283.0,2,565,1,False,0.0,0,1.0,[2 2],[1. 0.],0,0,[0.6 0.6],1.0,0.0,1.0
565,0.0,1,283.0,0,566,0,False,1.0,1,0.0,[2 1],[1. 0.],1,0,[0.6 0.6],1.0,0.0,1.0
566,0.0,1,284.0,2,567,1,False,0.0,0,2.0,[2 1],[1. 0.],1,0,[0.6 0.6],1.0,0.0,1.0
567,1.0,1,284.0,0,568,0,False,2.0,1,0.0,[1 1],[1. 0.],1,0,[0.6 0.6],1.0,0.0,1.0
568,0.0,1,285.0,2,569,1,False,0.0,0,2.0,[1 1],[1. 0.],1,0,[0.6 0.6],1.0,0.0,1.0
569,1.0,1,285.0,0,570,0,False,2.0,1,0.0,[2 1],[1. 0.],0,0,[0.6 0.6],1.0,0.0,1.0
570,0.0,1,286.0,2,571,1,False,0.0,0,1.0,[2 1],[1. 0.],0,0,[0.6 0.6],1.0,0.0,1.0
571,1.0,1,286.0,0,572,0,False,1.0,1,0.0,[1 1],[1. 0.],0,0,[0.6 0.6],1.0,0.0,1.0
572,0.0,1,287.0,2,573,1,False,0.0,0,1.0,[1 1],[1. 0.],0,0,[0.6 0.6],1.0,0.0,1.0
573,1.0,1,287.0,0,574,0,False,1.0,1,0.0,[2 2],[1. 0.],1,0,[0.6 0.6],1.0,0.0,1.0
574,0.0,1,288.0,2,575,1,False,0.0,0,2.0,[2 2],[1. 0.],1,0,[0.6 0.6],1.0,0.0,1.0
575,0.0,1,288.0,0,576,0,False,2.0,1,0.0,[2 1],[1. 0.],1,0,[0.6 0.6],1.0,0.0,1.0
576,0.0,1,289.0,2,577,1,False,0.0,0,2.0,[2 1],[1. 0.],1,0,[0.6 0.6],1.0,0.0,1.0
577,1.0,1,289.0,0,578,0,False,2.0,1,0.0,[1 1],[1. 0.],0,0,[0.6 0.6],1.0,0.0,1.0
578,0.0,1,290.0,2,579,1,False,0.0,0,1.0,[1 1],[1. 0.],0,0,[0.6 0.6],1.0,0.0,1.0
579,1.0,1,290.0,0,580,0,False,1.0,1,0.0,[2 1],[1. 0.],1,0,[0.6 0.6],1.0,0.0,1.0
580,0.0,1,291.0,2,581,1,False,0.0,0,2.0,[2 1],[1. 0.],1,0,[0.6 0.6],1.0,0.0,1.0
581,1.0,1,291.0,0,582,0,False,2.0,1,0.0,[1 2],[1. 0.],0,0,[0.6 0.6],1.0,0.0,1.0
582,0.0,1,292.0,2,583,1,False,0.0,0,1.0,[1 2],[1. 0.],0,0,[0.6 0.6],1.0,0.0,1.0
583,0.0,1,292.0,0,584,0,False,1.0,1,0.0,[1 2],[1. 0.],0,0,[0.6 0.6],1.0,0.0,1.0
584,0.0,1,293.0,2,585,1,False,0.0,0,1.0,[1 2],[1. 0.],0,0,[0.6 0.6],1.0,0.0,1.0
585,0.0,1,293.0,0,586,0,False,1.0,1,0.0,[1 2],[1. 0.],0,0,[0.6 0.6],1.0,0.0,1.0
586,0.0,1,294.0,2,587,1,False,0.0,0,1.0,[1 2],[1. 0.],0,0,[0.6 0.6],1.0,0.0,1.0
587,0.0,1,294.0,0,588,0,False,1.0,1,0.0,[2 2],[1. 0.],1,0,[0.6 0.6],1.0,0.0,1.0
588,0.0,1,295.0,2,589,1,False,0.0,0,2.0,[2 2],[1. 0.],1,0,[0.6 0.6],1.0,0.0,1.0
589,0.0,1,295.0,0,590,0,False,2.0,1,0.0,[1 2],[1. 0.],1,0,[0.6 0.6],1.0,0.0,1.0
590,0.0,1,296.0,1,591,1,False,0.0,0,2.0,[1 2],[1. 0.],1,0,[0.6 0.6],1.0,0.0,1.0
591,1.0,1,296.0,0,592,0,False,2.0,1,0.0,[2 1],[1. 0.],0,0,[0.6 0.6],1.0,0.0,1.0
592,0.0,1,297.0,2,593,1,False,0.0,0,1.0,[2 1],[1. 0.],0,0,[0.6 0.6],1.0,0.0,1.0
593,1.0,1,297.0,0,594,0,False,1.0,1,0.0,[1 1],[1. 0.],0,0,[0.6 0.6],1.0,0.0,1.0
594,0.0,1,298.0,2,595,1,False,0.0,0,1.0,[1 1],[1. 0.],0,0,[0.6 0.6],1.0,0.0,1.0
595,1.0,1,298.0,0,596,0,False,1.0,1,0.0,[1 2],[1. 0.],1,0,[0.6 0.6],1.0,0.0,1.0
596,0.0,1,299.0,2,597,1,False,0.0,0,2.0,[1 2],[1. 0.],1,0,[0.6 0.6],1.0,0.0,1.0
597,0.0,1,299.0,0,598,0,False,2.0,1,0.0,[1 1],[1. 0.],0,0,[0.6 0.6],1.0,0.0,1.0
598,0.0,1,300.0,2,599,1,False,0.0,0,1.0,[1 1],[1. 0.],0,0,[0.6 0.6],1.0,0.0,1.0
599,1.0,1,300.0,0,600,0,False,1.0,1,0.0,[1 2],[1. 0.],1,0,[0.6 0.6],1.0,0.0,1.0
600,0.0,1,301.0,2,601,1,False,0.0,0,2.0,[1 2],[1. 0.],1,0,[0.6 0.6],1.0,0.0,1.0
601,0.0,1,301.0,0,602,0,False,2.0,1,0.0,[2 2],[1. 0.],1,0,[0.6 0.6],1.0,0.0,1.0
602,0.0,1,302.0,2,603,1,False,0.0,0,2.0,[2 2],[1. 0.],1,0,[0.6 0.6],1.0,0.0,1.0
603,0.0,1,302.0,0,604,0,False,2.0,1,0.0,[2 1],[1. 0.],1,0,[0.6 0.6],1.0,0.0,1.0
604,0.0,1,303.0,1,605,1,False,0.0,0,2.0,[2 1],[1. 0.],1,0,[0.6 0.6],1.0,0.0,1.0
605,0.0,1,303.0,0,606,0,False,2.0,1,0.0,[2 2],[1. 0.],0,0,[0.6 0.6],1.0,0.0,1.0
606,0.0,1,304.0,2,607,1,False,0.0,0,1.0,[2 2],[1. 0.],0,0,[0.6 0.6],1.0,0.0,1.0
607,0.0,1,304.0,0,608,0,False,1.0,1,0.0,[2 1],[1. 0.],0,0,[0.6 0.6],1.0,0.0,1.0
608,0.0,1,305.0,2,609,1,False,0.0,0,1.0,[2 1],[1. 0.],0,0,[0.6 0.6],1.0,0.0,1.0
609,1.0,1,305.0,0,610,0,False,1.0,1,0.0,[1 1],[1. 0.],1,0,[0.6 0.6],1.0,0.0,1.0
610,0.0,1,306.0,2,611,1,False,0.0,0,2.0,[1 1],[1. 0.],1,0,[0.6 0.6],1.0,0.0,1.0
611,1.0,1,306.0,0,612,0,False,2.0,1,0.0,[2 1],[1. 0.],0,0,[0.6 0.6],1.0,0.0,1.0
612,0.0,1,307.0,2,613,1,False,0.0,0,1.0,[2 1],[1. 0.],0,0,[0.6 0.6],1.0,0.0,1.0
613,1.0,1,307.0,0,614,0,False,1.0,1,0.0,[2 2],[1. 0.],0,0,[0.6 0.6],1.0,0.0,1.0
614,0.0,1,308.0,2,615,1,False,0.0,0,1.0,[2 2],[1. 0.],0,0,[0.6 0.6],1.0,0.0,1.0
615,0.0,1,308.0,0,616,0,False,1.0,1,0.0,[2 2],[1. 0.],0,0,[0.6 0.6],1.0,0.0,1.0
616,0.0,1,309.0,2,617,1,False,0.0,0,1.0,[2 2],[1. 0.],0,0,[0.6 0.6],1.0,0.0,1.0
617,0.0,1,309.0,0,618,0,False,1.0,1,0.0,[1 2],[1. 0.],1,0,[0.6 0.6],1.0,0.0,1.0
618,0.0,1,310.0,2,619,1,False,0.0,0,2.0,[1 2],[1. 0.],1,0,[0.6 0.6],1.0,0.0,1.0
619,0.0,1,310.0,0,620,0,False,2.0,1,0.0,[1 1],[1. 0.],0,0,[0.6 0.6],1.0,0.0,1.0
620,0.0,1,311.0,2,621,1,False,0.0,0,1.0,[1 1],[1. 0.],0,0,[0.6 0.6],1.0,0.0,1.0
621,1.0,1,311.0,0,622,0,False,1.0,1,0.0,[1 2],[1. 0.],0,0,[0.6 0.6],1.0,0.0,1.0
622,0.0,1,312.0,2,623,1,False,0.0,0,1.0,[1 2],[1. 0.],0,0,[0.6 0.6],1.0,0.0,1.0
623,0.0,1,312.0,0,624,0,False,1.0,1,0.0,[2 2],[1. 0.],1,0,[0.6 0.6],1.0,0.0,1.0
624,0.0,1,313.0,2,625,1,False,0.0,0,2.0,[2 2],[1. 0.],1,0,[0.6 0.6],1.0,0.0,1.0
625,0.0,1,313.0,0,626,0,False,2.0,1,0.0,[2 2],[1. 0.],0,0,[0.6 0.6],1.0,0.0,1.0
626,0.0,1,314.0,2,627,1,False,0.0,0,1.0,[2 2],[1. 0.],0,0,[0.6 0.6],1.0,0.0,1.0
627,0.0,1,314.0,0,628,0,False,1.0,1,0.0,[1 1],[1. 0.],0,0,[0.6 0.6],1.0,0.0,1.0
628,0.0,1,315.0,2,629,1,False,0.0,0,1.0,[1 1],[1. 0.],0,0,[0.6 0.6],1.0,0.0,1.0
629,1.0,1,315.0,0,630,0,False,1.0,1,0.0,[1 2],[1. 0.],1,0,[0.6 0.6],1.0,0.0,1.0
630,0.0,1,316.0,2,631,1,False,0.0,0,2.0,[1 2],[1. 0.],1,0,[0.6 0.6],1.0,0.0,1.0
631,0.0,1,316.0,0,632,0,False,2.0,1,0.0,[2 1],[1. 0.],1,0,[0.6 0.6],1.0,0.0,1.0
632,0.0,1,317.0,2,633,1,False,0.0,0,2.0,[2 1],[1. 0.],1,0,[0.6 0.6],1.0,0.0,1.0
633,1.0,1,317.0,0,634,0,False,2.0,1,0.0,[1 1],[1. 0.],0,0,[0.6 0.6],1.0,0.0,1.0
634,0.0,1,318.0,2,635,1,False,0.0,0,1.0,[1 1],[1. 0.],0,0,[0.6 0.6],1.0,0.0,1.0
635,1.0,1,318.0,0,636,0,False,1.0,1,0.0,[1 2],[1. 0.],0,0,[0.6 0.6],1.0,0.0,1.0
636,0.0,1,319.0,2,637,1,False,0.0,0,1.0,[1 2],[1. 0.],0,0,[0.6 0.6],1.0,0.0,1.0
637,0.0,1,319.0,0,638,0,False,1.0,1,0.0,[1 2],[1. 0.],1,0,[0.6 0.6],1.0,0.0,1.0
638,0.0,1,320.0,2,639,1,False,0.0,0,2.0,[1 2],[1. 0.],1,0,[0.6 0.6],1.0,0.0,1.0
639,0.0,1,320.0,0,640,0,False,2.0,1,0.0,[2 2],[1. 0.],1,0,[0.6 0.6],1.0,0.0,1.0
640,0.0,1,321.0,2,641,1,False,0.0,0,2.0,[2 2],[1. 0.],1,0,[0.6 0.6],1.0,0.0,1.0
641,0.0,1,321.0,0,642,0,False,2.0,1,0.0,[2 2],[1. 0.],0,0,[0.6 0.6],1.0,0.0,1.0
642,0.0,1,322.0,1,643,1,False,0.0,0,1.0,[2 2],[1. 0.],0,0,[0.6 0.6],1.0,0.0,1.0
643,0.0,1,322.0,0,644,0,False,1.0,1,0.0,[2 2],[1. 0.],0,0,[0.6 0.6],1.0,0.0,1.0
644,0.0,1,323.0,1,645,1,False,0.0,0,1.0,[2 2],[1. 0.],0,0,[0.6 0.6],1.0,0.0,1.0
645,0.0,1,323.0,0,646,0,False,1.0,1,0.0,[1 2],[1. 0.],0,0,[0.6 0.6],1.0,0.0,1.0
646,0.0,1,324.0,1,647,1,False,0.0,0,1.0,[1 2],[1. 0.],0,0,[0.6 0.6],1.0,0.0,1.0
647,1.0,1,324.0,0,648,0,False,1.0,1,0.0,[2 2],[1. 0.],0,0,[0.6 0.6],1.0,0.0,1.0
648,0.0,1,325.0,1,649,1,False,0.0,0,1.0,[2 2],[1. 0.],0,0,[0.6 0.6],1.0,0.0,1.0
649,0.0,1,325.0,0,650,0,False,1.0,1,0.0,[1 2],[1. 0.],1,0,[0.6 0.6],1.0,0.0,1.0
650,0.0,1,326.0,1,651,1,False,0.0,0,2.0,[1 2],[1. 0.],1,0,[0.6 0.6],1.0,0.0,1.0
651,1.0,1,326.0,0,652,0,False,2.0,1,0.0,[1 2],[1. 0.],0,0,[0.6 0.6],1.0,0.0,1.0
652,0.0,1,327.0,1,653,1,False,0.0,0,1.0,[1 2],[1. 0.],0,0,[0.6 0.6],1.0,0.0,1.0
653,1.0,1,327.0,0,654,0,False,1.0,1,0.0,[1 2],[1. 0.],0,0,[0.6 0.6],1.0,0.0,1.0
654,0.0,1,328.0,1,655,1,False,0.0,0,1.0,[1 2],[1. 0.],0,0,[0.6 0.6],1.0,0.0,1.0
655,1.0,1,328.0,0,656,0,False,1.0,1,0.0,[2 1],[1. 0.],1,0,[0.6 0.6],1.0,0.0,1.0
656,0.0,1,329.0,1,657,1,False,0.0,0,2.0,[2 1],[1. 0.],1,0,[0.6 0.6],1.0,0.0,1.0
657,0.0,1,329.0,0,658,0,False,2.0,1,0.0,[1 1],[1. 0.],0,0,[0.6 0.6],1.0,0.0,1.0
658,0.0,1,330.0,1,659,1,False,0.0,0,1.0,[1 1],[1. 0.],0,0,[0.6 0.6],1.0,0.0,1.0
659,1.0,1,330.0,0,660,0,False,1.0,1,0.0,[2 2],[1. 0.],1,0,[0.6 0.6],1.0,0.0,1.0
660,0.0,1,331.0,1,661,1,False,0.0,0,2.0,[2 2],[1. 0.],1,0,[0.6 0.6],1.0,0.0,1.0
661,0.0,1,331.0,0,662,0,False,2.0,1,0.0,[2 1],[1. 0.],1,0,[0.6 0.6],1.0,0.0,1.0
662,0.0,1,332.0,1,663,1,False,0.0,0,2.0,[2 1],[1. 0.],1,0,[0.6 0.6],1.0,0.0,1.0
663,0.0,1,332.0,0,664,0,False,2.0,1,0.0,[2 2],[1. 0.],1,0,[0.6 0.6],1.0,0.0,1.0
664,0.0,1,333.0,2,665,1,False,0.0,0,2.0,[2 2],[1. 0.],1,0,[0.6 0.6],1.0,0.0,1.0
665,0.0,1,333.0,0,666,0,False,2.0,1,0.0,[2 1],[1. 0.],0,0,[0.6 0.6],1.0,0.0,1.0
666,0.0,1,334.0,1,667,1,False,0.0,0,1.0,[2 1],[1. 0.],0,0,[0.6 0.6],1.0,0.0,1.0
667,0.0,1,334.0,0,668,0,False,1.0,1,0.0,[2 2],[1. 0.],0,0,[0.6 0.6],1.0,0.0,1.0
668,0.0,1,335.0,1,669,1,False,0.0,0,1.0,[2 2],[1. 0.],0,0,[0.6 0.6],1.0,0.0,1.0
669,0.0,1,335.0,0,670,0,False,1.0,1,0.0,[2 2],[1. 0.],1,0,[0.6 0.6],1.0,0.0,1.0
670,0.0,1,336.0,2,671,1,False,0.0,0,2.0,[2 2],[1. 0.],1,0,[0.6 0.6],1.0,0.0,1.0
671,0.0,1,336.0,0,672,0,False,2.0,1,0.0,[1 1],[1. 0.],0,0,[0.6 0.6],1.0,0.0,1.0
672,0.0,1,337.0,1,673,1,False,0.0,0,1.0,[1 1],[1. 0.],0,0,[0.6 0.6],1.0,0.0,1.0
673,1.0,1,337.0,0,674,0,False,1.0,1,0.0,[2 1],[1. 0.],0,0,[0.6 0.6],1.0,0.0,1.0
674,0.0,1,338.0,1,675,1,False,0.0,0,1.0,[2 1],[1. 0.],0,0,[0.6 0.6],1.0,0.0,1.0
675,0.0,1,338.0,0,676,0,False,1.0,1,0.0,[2 1],[1. 0.],1,0,[0.6 0.6],1.0,0.0,1.0
676,0.0,1,339.0,1,677,1,False,0.0,0,2.0,[2 1],[1. 0.],1,0,[0.6 0.6],1.0,0.0,1.0
677,0.0,1,339.0,0,678,0,False,2.0,1,0.0,[2 2],[1. 0.],1,0,[0.6 0.6],1.0,0.0,1.0
678,0.0,1,340.0,2,679,1,False,0.0,0,2.0,[2 2],[1. 0.],1,0,[0.6 0.6],1.0,0.0,1.0
679,0.0,1,340.0,0,680,0,False,2.0,1,0.0,[2 1],[1. 0.],1,0,[0.6 0.6],1.0,0.0,1.0
680,0.0,1,341.0,1,681,1,False,0.0,0,2.0,[2 1],[1. 0.],1,0,[0.6 0.6],1.0,0.0,1.0
681,0.0,1,341.0,0,682,0,False,2.0,1,0.0,[1 2],[1. 0.],0,0,[0.6 0.6],1.0,0.0,1.0
682,0.0,1,342.0,2,683,1,False,0.0,0,1.0,[1 2],[1. 0.],0,0,[0.6 0.6],1.0,0.0,1.0
683,0.0,1,342.0,0,684,0,False,1.0,1,0.0,[2 1],[1. 0.],0,0,[0.6 0.6],1.0,0.0,1.0
684,0.0,1,343.0,1,685,1,False,0.0,0,1.0,[2 1],[1. 0.],0,0,[0.6 0.6],1.0,0.0,1.0
685,0.0,1,343.0,0,686,0,False,1.0,1,0.0,[1 1],[1. 0.],1,0,[0.6 0.6],1.0,0.0,1.0
686,0.0,1,344.0,2,687,1,False,0.0,0,2.0,[1 1],[1. 0.],1,0,[0.6 0.6],1.0,0.0,1.0
687,1.0,1,344.0,0,688,0,False,2.0,1,0.0,[2 1],[1. 0.],0,0,[0.6 0.6],1.0,0.0,1.0
688,0.0,1,345.0,2,689,1,False,0.0,0,1.0,[2 1],[1. 0.],0,0,[0.6 0.6],1.0,0.0,1.0
689,1.0,1,345.0,0,690,0,False,1.0,1,0.0,[2 1],[1. 0.],0,0,[0.6 0.6],1.0,0.0,1.0
690,0.0,1,346.0,2,691,1,False,0.0,0,1.0,[2 1],[1. 0.],0,0,[0.6 0.6],1.0,0.0,1.0
691,1.0,1,346.0,0,692,0,False,1.0,1,0.0,[1 2],[1. 0.],0,0,[0.6 0.6],1.0,0.0,1.0
692,0.0,1,347.0,2,693,1,False,0.0,0,1.0,[1 2],[1. 0.],0,0,[0.6 0.6],1.0,0.0,1.0
693,0.0,1,347.0,0,694,0,False,1.0,1,0.0,[1 1],[1. 0.],0,0,[0.6 0.6],1.0,0.0,1.0
694,0.0,1,348.0,2,695,1,False,0.0,0,1.0,[1 1],[1. 0.],0,0,[0.6 0.6],1.0,0.0,1.0
695,1.0,1,348.0,0,696,0,False,1.0,1,0.0,[1 1],[1. 0.],1,0,[0.6 0.6],1.0,0.0,1.0
696,0.0,1,349.0,2,697,1,False,0.0,0,2.0,[1 1],[1. 0.],1,0,[0.6 0.6],1.0,0.0,1.0
697,1.0,1,349.0,0,698,0,False,2.0,1,0.0,[2 2],[1. 0.],0,0,[0.6 0.6],1.0,0.0,1.0
698,0.0,1,350.0,2,699,1,False,0.0,0,1.0,[2 2],[1. 0.],0,0,[0.6 0.6],1.0,0.0,1.0
699,0.0,1,350.0,0,700,0,False,1.0,1,0.0,[2 1],[1. 0.],1,0,[0.6 0.6],1.0,0.0,1.0
700,0.0,1,351.0,2,701,1,False,0.0,0,2.0,[2 1],[1. 0.],1,0,[0.6 0.6],1.0,0.0,1.0
701,1.0,1,351.0,0,702,0,False,2.0,1,0.0,[2 2],[1. 0.],0,0,[0.6 0.6],1.0,0.0,1.0
702,0.0,1,352.0,2,703,1,False,0.0,0,1.0,[2 2],[1. 0.],0,0,[0.6 0.6],1.0,0.0,1.0
703,0.0,1,352.0,0,704,0,False,1.0,1,0.0,[2 1],[1. 0.],0,0,[0.6 0.6],1.0,0.0,1.0
704,0.0,1,353.0,2,705,1,False,0.0,0,1.0,[2 1],[1. 0.],0,0,[0.6 0.6],1.0,0.0,1.0
705,1.0,1,353.0,0,706,0,False,1.0,1,0.0,[1 2],[1. 0.],0,0,[0.6 0.6],1.0,0.0,1.0
706,0.0,1,354.0,2,707,1,False,0.0,0,1.0,[1 2],[1. 0.],0,0,[0.6 0.6],1.0,0.0,1.0
707,0.0,1,354.0,0,708,0,False,1.0,1,0.0,[1 2],[1. 0.],1,0,[0.6 0.6],1.0,0.0,1.0
708,0.0,1,355.0,2,709,1,False,0.0,0,2.0,[1 2],[1. 0.],1,0,[0.6 0.6],1.0,0.0,1.0
709,0.0,1,355.0,0,710,0,False,2.0,1,0.0,[2 1],[1. 0.],1,0,[0.6 0.6],1.0,0.0,1.0
710,0.0,1,356.0,2,711,1,False,0.0,0,2.0,[2 1],[1. 0.],1,0,[0.6 0.6],1.0,0.0,1.0
711,1.0,1,356.0,0,712,0,False,2.0,1,0.0,[2 2],[1. 0.],1,0,[0.6 0.6],1.0,0.0,1.0
712,0.0,1,357.0,2,713,1,False,0.0,0,2.0,[2 2],[1. 0.],1,0,[0.6 0.6],1.0,0.0,1.0
713,0.0,1,357.0,0,714,0,False,2.0,1,0.0,[1 1],[1. 0.],0,0,[0.6 0.6],1.0,0.0,1.0
714,0.0,1,358.0,1,715,1,False,0.0,0,1.0,[1 1],[1. 0.],0,0,[0.6 0.6],1.0,0.0,1.0
715,1.0,1,358.0,0,716,0,False,1.0,1,0.0,[1 1],[1. 0.],0,0,[0.6 0.6],1.0,0.0,1.0
716,0.0,1,359.0,1,717,1,False,0.0,0,1.0,[1 1],[1. 0.],0,0,[0.6 0.6],1.0,0.0,1.0
717,1.0,1,359.0,0,718,0,False,1.0,1,0.0,[1 1],[1. 0.],0,0,[0.6 0.6],1.0,0.0,1.0
718,0.0,1,360.0,1,719,1,False,0.0,0,1.0,[1 1],[1. 0.],0,0,[0.6 0.6],1.0,0.0,1.0
719,1.0,1,360.0,0,720,0,False,1.0,1,0.0,[2 2],[0. 1.],0,1,[0.6 0.6],1.0,0.0,1.0
720,0.0,1,361.0,1,721,1,False,0.0,0,1.0,[2 2],[0. 1.],0,1,[0.6 0.6],1.0,0.0,1.0
721,1.0,1,361.0,0,722,0,False,1.0,1,0.0,[1 2],[0. 1.],1,1,[0.6 0.6],1.0,0.0,1.0
722,0.0,1,362.0,1,723,1,False,0.0,0,2.0,[1 2],[0. 1.],1,1,[0.6 0.6],1.0,0.0,1.0
723,0.0,1,362.0,0,724,0,False,2.0,1,0.0,[2 1],[0. 1.],0,1,[0.6 0.6],1.0,0.0,1.0
724,0.0,1,363.0,1,725,1,False,0.0,0,1.0,[2 1],[0. 1.],0,1,[0.6 0.6],1.0,0.0,1.0
725,1.0,1,363.0,0,726,0,False,1.0,1,0.0,[1 1],[0. 1.],0,1,[0.6 0.6],1.0,0.0,1.0
726,0.0,1,364.0,1,727,1,False,0.0,0,1.0,[1 1],[0. 1.],0,1,[0.6 0.6],1.0,0.0,1.0
727,0.0,1,364.0,0,728,0,False,1.0,1,0.0,[2 2],[0. 1.],0,1,[0.6 0.6],1.0,0.0,1.0
728,0.0,1,365.0,1,729,1,False,0.0,0,1.0,[2 2],[0. 1.],0,1,[0.6 0.6],1.0,0.0,1.0
729,1.0,1,365.0,0,730,0,False,1.0,1,0.0,[2 1],[0. 1.],0,1,[0.6 0.6],1.0,0.0,1.0
730,0.0,1,366.0,1,731,1,False,0.0,0,1.0,[2 1],[0. 1.],0,1,[0.6 0.6],1.0,0.0,1.0
731,1.0,1,366.0,0,732,0,False,1.0,1,0.0,[2 1],[0. 1.],1,1,[0.6 0.6],1.0,0.0,1.0
732,0.0,1,367.0,1,733,1,False,0.0,0,2.0,[2 1],[0. 1.],1,1,[0.6 0.6],1.0,0.0,1.0
733,1.0,1,367.0,0,734,0,False,2.0,1,0.0,[2 1],[0. 1.],0,1,[0.6 0.6],1.0,0.0,1.0
734,0.0,1,368.0,1,735,1,False,0.0,0,1.0,[2 1],[0. 1.],0,1,[0.6 0.6],1.0,0.0,1.0
735,1.0,1,368.0,0,736,0,False,1.0,1,0.0,[1 1],[0. 1.],0,1,[0.6 0.6],1.0,0.0,1.0
736,0.0,1,369.0,1,737,1,False,0.0,0,1.0,[1 1],[0. 1.],0,1,[0.6 0.6],1.0,0.0,1.0
737,0.0,1,369.0,0,738,0,False,1.0,1,0.0,[2 1],[0. 1.],1,1,[0.6 0.6],1.0,0.0,1.0
738,0.0,1,370.0,1,739,1,False,0.0,0,2.0,[2 1],[0. 1.],1,1,[0.6 0.6],1.0,0.0,1.0
739,1.0,1,370.0,0,740,0,False,2.0,1,0.0,[1 1],[0. 1.],1,1,[0.6 0.6],1.0,0.0,1.0
740,0.0,1,371.0,1,741,1,False,0.0,0,2.0,[1 1],[0. 1.],1,1,[0.6 0.6],1.0,0.0,1.0
741,0.0,1,371.0,0,742,0,False,2.0,1,0.0,[2 1],[0. 1.],1,1,[0.6 0.6],1.0,0.0,1.0
742,0.0,1,372.0,1,743,1,False,0.0,0,2.0,[2 1],[0. 1.],1,1,[0.6 0.6],1.0,0.0,1.0
743,1.0,1,372.0,0,744,0,False,2.0,1,0.0,[2 2],[0. 1.],1,1,[0.6 0.6],1.0,0.0,1.0
744,0.0,1,373.0,1,745,1,False,0.0,0,2.0,[2 2],[0. 1.],1,1,[0.6 0.6],1.0,0.0,1.0
745,1.0,1,373.0,0,746,0,False,2.0,1,0.0,[2 1],[0. 1.],1,1,[0.6 0.6],1.0,0.0,1.0
746,0.0,1,374.0,1,747,1,False,0.0,0,2.0,[2 1],[0. 1.],1,1,[0.6 0.6],1.0,0.0,1.0
747,1.0,1,374.0,0,748,0,False,2.0,1,0.0,[1 1],[0. 1.],1,1,[0.6 0.6],1.0,0.0,1.0
748,0.0,1,375.0,1,749,1,False,0.0,0,2.0,[1 1],[0. 1.],1,1,[0.6 0.6],1.0,0.0,1.0
749,0.0,1,375.0,0,750,0,False,2.0,1,0.0,[1 2],[0. 1.],0,1,[0.6 0.6],1.0,0.0,1.0
750,0.0,1,376.0,1,751,1,False,0.0,0,1.0,[1 2],[0. 1.],0,1,[0.6 0.6],1.0,0.0,1.0
751,0.0,1,376.0,0,752,0,False,1.0,1,0.0,[1 2],[0. 1.],0,1,[0.6 0.6],1.0,0.0,1.0
752,0.0,1,377.0,1,753,1,False,0.0,0,1.0,[1 2],[0. 1.],0,1,[0.6 0.6],1.0,0.0,1.0
753,0.0,1,377.0,0,754,0,False,1.0,1,0.0,[1 1],[0. 1.],0,1,[0.6 0.6],1.0,0.0,1.0
754,0.0,1,378.0,1,755,1,False,0.0,0,1.0,[1 1],[0. 1.],0,1,[0.6 0.6],1.0,0.0,1.0
755,0.0,1,378.0,0,756,0,False,1.0,1,0.0,[2 1],[0. 1.],0,1,[0.6 0.6],1.0,0.0,1.0
756,0.0,1,379.0,2,757,1,False,0.0,0,1.0,[2 1],[0. 1.],0,1,[0.6 0.6],1.0,0.0,1.0
757,0.0,1,379.0,0,758,0,False,1.0,1,0.0,[2 2],[0. 1.],1,1,[0.6 0.6],1.0,0.0,1.0
758,0.0,1,380.0,1,759,1,False,0.0,0,2.0,[2 2],[0. 1.],1,1,[0.6 0.6],1.0,0.0,1.0
759,1.0,1,380.0,0,760,0,False,2.0,1,0.0,[1 1],[0. 1.],0,1,[0.6 0.6],1.0,0.0,1.0
760,0.0,1,381.0,1,761,1,False,0.0,0,1.0,[1 1],[0. 1.],0,1,[0.6 0.6],1.0,0.0,1.0
761,0.0,1,381.0,0,762,0,False,1.0,1,0.0,[2 1],[0. 1.],1,1,[0.6 0.6],1.0,0.0,1.0
762,0.0,1,382.0,1,763,1,False,0.0,0,2.0,[2 1],[0. 1.],1,1,[0.6 0.6],1.0,0.0,1.0
763,1.0,1,382.0,0,764,0,False,2.0,1,0.0,[2 1],[0. 1.],1,1,[0.6 0.6],1.0,0.0,1.0
764,0.0,1,383.0,1,765,1,False,0.0,0,2.0,[2 1],[0. 1.],1,1,[0.6 0.6],1.0,0.0,1.0
765,1.0,1,383.0,0,766,0,False,2.0,1,0.0,[1 2],[0. 1.],1,1,[0.6 0.6],1.0,0.0,1.0
766,0.0,1,384.0,1,767,1,False,0.0,0,2.0,[1 2],[0. 1.],1,1,[0.6 0.6],1.0,0.0,1.0
767,0.0,1,384.0,0,768,0,False,2.0,1,0.0,[1 2],[0. 1.],1,1,[0.6 0.6],1.0,0.0,1.0
768,0.0,1,385.0,2,769,1,False,0.0,0,2.0,[1 2],[0. 1.],1,1,[0.6 0.6],1.0,0.0,1.0
769,1.0,1,385.0,0,770,0,False,2.0,1,0.0,[1 1],[0. 1.],0,1,[0.6 0.6],1.0,0.0,1.0
770,0.0,1,386.0,2,771,1,False,0.0,0,1.0,[1 1],[0. 1.],0,1,[0.6 0.6],1.0,0.0,1.0
771,0.0,1,386.0,0,772,0,False,1.0,1,0.0,[1 2],[0. 1.],0,1,[0.6 0.6],1.0,0.0,1.0
772,0.0,1,387.0,2,773,1,False,0.0,0,1.0,[1 2],[0. 1.],0,1,[0.6 0.6],1.0,0.0,1.0
773,1.0,1,387.0,0,774,0,False,1.0,1,0.0,[1 2],[1. 0.],1,0,[0.6 0.6],1.0,0.0,1.0
774,0.0,1,388.0,2,775,1,False,0.0,0,2.0,[1 2],[1. 0.],1,0,[0.6 0.6],1.0,0.0,1.0
775,0.0,1,388.0,0,776,0,False,2.0,1,0.0,[1 2],[1. 0.],0,0,[0.6 0.6],1.0,0.0,1.0
776,0.0,1,389.0,2,777,1,False,0.0,0,1.0,[1 2],[1. 0.],0,0,[0.6 0.6],1.0,0.0,1.0
777,0.0,1,389.0,0,778,0,False,1.0,1,0.0,[1 1],[1. 0.],1,0,[0.6 0.6],1.0,0.0,1.0
778,0.0,1,390.0,2,779,1,False,0.0,0,2.0,[1 1],[1. 0.],1,0,[0.6 0.6],1.0,0.0,1.0
779,1.0,1,390.0,0,780,0,False,2.0,1,0.0,[2 2],[1. 0.],0,0,[0.6 0.6],1.0,0.0,1.0
780,0.0,1,391.0,2,781,1,False,0.0,0,1.0,[2 2],[1. 0.],0,0,[0.6 0.6],1.0,0.0,1.0
781,0.0,1,391.0,0,782,0,False,1.0,1,0.0,[1 2],[1. 0.],1,0,[0.6 0.6],1.0,0.0,1.0
782,0.0,1,392.0,2,783,1,False,0.0,0,2.0,[1 2],[1. 0.],1,0,[0.6 0.6],1.0,0.0,1.0
783,0.0,1,392.0,0,784,0,False,2.0,1,0.0,[2 2],[1. 0.],1,0,[0.6 0.6],1.0,0.0,1.0
784,0.0,1,393.0,1,785,1,False,0.0,0,2.0,[2 2],[1. 0.],1,0,[0.6 0.6],1.0,0.0,1.0
785,0.0,1,393.0,0,786,0,False,2.0,1,0.0,[1 2],[1. 0.],0,0,[0.6 0.6],1.0,0.0,1.0
786,0.0,1,394.0,2,787,1,False,0.0,0,1.0,[1 2],[1. 0.],0,0,[0.6 0.6],1.0,0.0,1.0
787,0.0,1,394.0,0,788,0,False,1.0,1,0.0,[1 2],[1. 0.],1,0,[0.6 0.6],1.0,0.0,1.0
788,0.0,1,395.0,2,789,1,False,0.0,0,2.0,[1 2],[1. 0.],1,0,[0.6 0.6],1.0,0.0,1.0
789,0.0,1,395.0,0,790,0,False,2.0,1,0.0,[1 2],[1. 0.],0,0,[0.6 0.6],1.0,0.0,1.0
790,0.0,1,396.0,1,791,1,False,0.0,0,1.0,[1 2],[1. 0.],0,0,[0.6 0.6],1.0,0.0,1.0
791,1.0,1,396.0,0,792,0,False,1.0,1,0.0,[2 2],[1. 0.],1,0,[0.6 0.6],1.0,0.0,1.0
792,0.0,1,397.0,1,793,1,False,0.0,0,2.0,[2 2],[1. 0.],1,0,[0.6 0.6],1.0,0.0,1.0
793,0.0,1,397.0,0,794,0,False,2.0,1,0.0,[1 2],[1. 0.],1,0,[0.6 0.6],1.0,0.0,1.0
794,0.0,1,398.0,1,795,1,False,0.0,0,2.0,[1 2],[1. 0.],1,0,[0.6 0.6],1.0,0.0,1.0
795,1.0,1,398.0,0,796,0,False,2.0,1,0.0,[2 2],[1. 0.],0,0,[0.6 0.6],1.0,0.0,1.0
796,0.0,1,399.0,1,797,1,False,0.0,0,1.0,[2 2],[1. 0.],0,0,[0.6 0.6],1.0,0.0,1.0
797,0.0,1,399.0,0,798,0,False,1.0,1,0.0,[1 1],[1. 0.],1,0,[0.6 0.6],1.0,0.0,1.0
798,0.0,1,400.0,1,799,1,False,0.0,0,2.0,[1 1],[1. 0.],1,0,[0.6 0.6],1.0,0.0,1.0
799,1.0,1,400.0,0,800,0,False,2.0,1,0.0,[1 2],[1. 0.],1,0,[0.6 0.6],1.0,0.0,1.0
800,0.0,1,401.0,1,801,1,False,0.0,0,2.0,[1 2],[1. 0.],1,0,[0.6 0.6],1.0,0.0,1.0
801,1.0,1,401.0,0,802,0,False,2.0,1,0.0,[1 1],[1. 0.],1,0,[0.6 0.6],1.0,0.0,1.0
802,0.0,1,402.0,1,803,1,False,0.0,0,2.0,[1 1],[1. 0.],1,0,[0.6 0.6],1.0,0.0,1.0
803,1.0,1,402.0,0,804,0,False,2.0,1,0.0,[2 1],[1. 0.],0,0,[0.6 0.6],1.0,0.0,1.0
804,0.0,1,403.0,1,805,1,False,0.0,0,1.0,[2 1],[1. 0.],0,0,[0.6 0.6],1.0,0.0,1.0
805,0.0,1,403.0,0,806,0,False,1.0,1,0.0,[2 2],[1. 0.],1,0,[0.6 0.6],1.0,0.0,1.0
806,0.0,1,404.0,1,807,1,False,0.0,0,2.0,[2 2],[1. 0.],1,0,[0.6 0.6],1.0,0.0,1.0
807,0.0,1,404.0,0,808,0,False,2.0,1,0.0,[2 2],[1. 0.],0,0,[0.6 0.6],1.0,0.0,1.0
808,0.0,1,405.0,1,809,1,False,0.0,0,1.0,[2 2],[1. 0.],0,0,[0.6 0.6],1.0,0.0,1.0
809,0.0,1,405.0,0,810,0,False,1.0,1,0.0,[1 2],[1. 0.],1,0,[0.6 0.6],1.0,0.0,1.0
810,0.0,1,406.0,2,811,1,False,0.0,0,2.0,[1 2],[1. 0.],1,0,[0.6 0.6],1.0,0.0,1.0
811,0.0,1,406.0,0,812,0,False,2.0,1,0.0,[1 1],[1. 0.],1,0,[0.6 0.6],1.0,0.0,1.0
812,0.0,1,407.0,1,813,1,False,0.0,0,2.0,[1 1],[1. 0.],1,0,[0.6 0.6],1.0,0.0,1.0
813,1.0,1,407.0,0,814,0,False,2.0,1,0.0,[2 2],[1. 0.],1,0,[0.6 0.6],1.0,0.0,1.0
814,0.0,1,408.0,1,815,1,False,0.0,0,2.0,[2 2],[1. 0.],1,0,[0.6 0.6],1.0,0.0,1.0
815,0.0,1,408.0,0,816,0,False,2.0,1,0.0,[1 2],[1. 0.],0,0,[0.6 0.6],1.0,0.0,1.0
816,0.0,1,409.0,1,817,1,False,0.0,0,1.0,[1 2],[1. 0.],0,0,[0.6 0.6],1.0,0.0,1.0
817,1.0,1,409.0,0,818,0,False,1.0,1,0.0,[2 2],[1. 0.],1,0,[0.6 0.6],1.0,0.0,1.0
818,0.0,1,410.0,1,819,1,False,0.0,0,2.0,[2 2],[1. 0.],1,0,[0.6 0.6],1.0,0.0,1.0
819,0.0,1,410.0,0,820,0,False,2.0,1,0.0,[1 1],[1. 0.],0,0,[0.6 0.6],1.0,0.0,1.0
820,0.0,1,411.0,1,821,1,False,0.0,0,1.0,[1 1],[1. 0.],0,0,[0.6 0.6],1.0,0.0,1.0
821,1.0,1,411.0,0,822,0,False,1.0,1,0.0,[1 1],[1. 0.],1,0,[0.6 0.6],1.0,0.0,1.0
822,0.0,1,412.0,1,823,1,False,0.0,0,2.0,[1 1],[1. 0.],1,0,[0.6 0.6],1.0,0.0,1.0
823,1.0,1,412.0,0,824,0,False,2.0,1,0.0,[1 2],[1. 0.],0,0,[0.6 0.6],1.0,0.0,1.0
824,0.0,1,413.0,1,825,1,False,0.0,0,1.0,[1 2],[1. 0.],0,0,[0.6 0.6],1.0,0.0,1.0
825,1.0,1,413.0,0,826,0,False,1.0,1,0.0,[1 2],[1. 0.],0,0,[0.6 0.6],1.0,0.0,1.0
826,0.0,1,414.0,1,827,1,False,0.0,0,1.0,[1 2],[1. 0.],0,0,[0.6 0.6],1.0,0.0,1.0
827,1.0,1,414.0,0,828,0,False,1.0,1,0.0,[1 2],[1. 0.],1,0,[0.6 0.6],1.0,0.0,1.0
828,0.0,1,415.0,1,829,1,False,0.0,0,2.0,[1 2],[1. 0.],1,0,[0.6 0.6],1.0,0.0,1.0
829,1.0,1,415.0,0,830,0,False,2.0,1,0.0,[2 2],[1. 0.],1,0,[0.6 0.6],1.0,0.0,1.0
830,0.0,1,416.0,1,831,1,False,0.0,0,2.0,[2 2],[1. 0.],1,0,[0.6 0.6],1.0,0.0,1.0
831,0.0,1,416.0,0,832,0,False,2.0,1,0.0,[2 2],[1. 0.],1,0,[0.6 0.6],1.0,0.0,1.0
832,0.0,1,417.0,1,833,1,False,0.0,0,2.0,[2 2],[1. 0.],1,0,[0.6 0.6],1.0,0.0,1.0
833,0.0,1,417.0,0,834,0,False,2.0,1,0.0,[2 2],[1. 0.],0,0,[0.6 0.6],1.0,0.0,1.0
834,0.0,1,418.0,1,835,1,False,0.0,0,1.0,[2 2],[1. 0.],0,0,[0.6 0.6],1.0,0.0,1.0
835,0.0,1,418.0,0,836,0,False,1.0,1,0.0,[1 1],[1. 0.],0,0,[0.6 0.6],1.0,0.0,1.0
836,0.0,1,419.0,1,837,1,False,0.0,0,1.0,[1 1],[1. 0.],0,0,[0.6 0.6],1.0,0.0,1.0
837,1.0,1,419.0,0,838,0,False,1.0,1,0.0,[2 1],[1. 0.],1,0,[0.6 0.6],1.0,0.0,1.0
838,0.0,1,420.0,1,839,1,False,0.0,0,2.0,[2 1],[1. 0.],1,0,[0.6 0.6],1.0,0.0,1.0
839,0.0,1,420.0,0,840,0,False,2.0,1,0.0,[1 2],[1. 0.],1,0,[0.6 0.6],1.0,0.0,1.0
840,0.0,1,421.0,1,841,1,False,0.0,0,2.0,[1 2],[1. 0.],1,0,[0.6 0.6],1.0,0.0,1.0
841,1.0,1,421.0,0,842,0,False,2.0,1,0.0,[1 1],[1. 0.],0,0,[0.6 0.6],1.0,0.0,1.0
842,0.0,1,422.0,1,843,1,False,0.0,0,1.0,[1 1],[1. 0.],0,0,[0.6 0.6],1.0,0.0,1.0
843,1.0,1,422.0,0,844,0,False,1.0,1,0.0,[1 1],[1. 0.],0,0,[0.6 0.6],1.0,0.0,1.0
844,0.0,1,423.0,1,845,1,False,0.0,0,1.0,[1 1],[1. 0.],0,0,[0.6 0.6],1.0,0.0,1.0
845,1.0,1,423.0,0,846,0,False,1.0,1,0.0,[2 2],[1. 0.],1,0,[0.6 0.6],1.0,0.0,1.0
846,0.0,1,424.0,1,847,1,False,0.0,0,2.0,[2 2],[1. 0.],1,0,[0.6 0.6],1.0,0.0,1.0
847,0.0,1,424.0,0,848,0,False,2.0,1,0.0,[2 1],[1. 0.],0,0,[0.6 0.6],1.0,0.0,1.0
848,0.0,1,425.0,1,849,1,False,0.0,0,1.0,[2 1],[1. 0.],0,0,[0.6 0.6],1.0,0.0,1.0
849,0.0,1,425.0,0,850,0,False,1.0,1,0.0,[2 2],[1. 0.],1,0,[0.6 0.6],1.0,0.0,1.0
850,0.0,1,426.0,1,851,1,False,0.0,0,2.0,[2 2],[1. 0.],1,0,[0.6 0.6],1.0,0.0,1.0
851,0.0,1,426.0,0,852,0,False,2.0,1,0.0,[2 1],[1. 0.],1,0,[0.6 0.6],1.0,0.0,1.0
852,0.0,1,427.0,1,853,1,False,0.0,0,2.0,[2 1],[1. 0.],1,0,[0.6 0.6],1.0,0.0,1.0
853,0.0,1,427.0,0,854,0,False,2.0,1,0.0,[1 1],[1. 0.],1,0,[0.6 0.6],1.0,0.0,1.0
854,0.0,1,428.0,2,855,1,False,0.0,0,2.0,[1 1],[1. 0.],1,0,[0.6 0.6],1.0,0.0,1.0
855,1.0,1,428.0,0,856,0,False,2.0,1,0.0,[1 1],[1. 0.],1,0,[0.6 0.6],1.0,0.0,1.0
856,0.0,1,429.0,2,857,1,False,0.0,0,2.0,[1 1],[1. 0.],1,0,[0.6 0.6],1.0,0.0,1.0
857,1.0,1,429.0,0,858,0,False,2.0,1,0.0,[1 1],[1. 0.],0,0,[0.6 0.6],1.0,0.0,1.0
858,0.0,1,430.0,2,859,1,False,0.0,0,1.0,[1 1],[1. 0.],0,0,[0.6 0.6],1.0,0.0,1.0
859,1.0,1,430.0,0,860,0,False,1.0,1,0.0,[1 2],[1. 0.],1,0,[0.6 0.6],1.0,0.0,1.0
860,0.0,1,431.0,2,861,1,False,0.0,0,2.0,[1 2],[1. 0.],1,0,[0.6 0.6],1.0,0.0,1.0
861,0.0,1,431.0,0,862,0,False,2.0,1,0.0,[1 1],[1. 0.],0,0,[0.6 0.6],1.0,0.0,1.0
862,0.0,1,432.0,2,863,1,False,0.0,0,1.0,[1 1],[1. 0.],0,0,[0.6 0.6],1.0,0.0,1.0
863,1.0,1,432.0,0,864,0,False,1.0,1,0.0,[1 1],[1. 0.],1,0,[0.6 0.6],1.0,0.0,1.0
864,0.0,1,433.0,2,865,1,False,0.0,0,2.0,[1 1],[1. 0.],1,0,[0.6 0.6],1.0,0.0,1.0
865,1.0,1,433.0,0,866,0,False,2.0,1,0.0,[2 2],[1. 0.],1,0,[0.6 0.6],1.0,0.0,1.0
866,0.0,1,434.0,2,867,1,False,0.0,0,2.0,[2 2],[1. 0.],1,0,[0.6 0.6],1.0,0.0,1.0
867,0.0,1,434.0,0,868,0,False,2.0,1,0.0,[1 2],[1. 0.],1,0,[0.6 0.6],1.0,0.0,1.0
868,0.0,1,435.0,2,869,1,False,0.0,0,2.0,[1 2],[1. 0.],1,0,[0.6 0.6],1.0,0.0,1.0
869,0.0,1,435.0,0,870,0,False,2.0,1,0.0,[2 2],[1. 0.],1,0,[0.6 0.6],1.0,0.0,1.0
870,0.0,1,436.0,1,871,1,False,0.0,0,2.0,[2 2],[1. 0.],1,0,[0.6 0.6],1.0,0.0,1.0
871,0.0,1,436.0,0,872,0,False,2.0,1,0.0,[1 2],[1. 0.],1,0,[0.6 0.6],1.0,0.0,1.0
872,0.0,1,437.0,2,873,1,False,0.0,0,2.0,[1 2],[1. 0.],1,0,[0.6 0.6],1.0,0.0,1.0
873,0.0,1,437.0,0,874,0,False,2.0,1,0.0,[1 1],[1. 0.],0,0,[0.6 0.6],1.0,0.0,1.0
874,0.0,1,438.0,1,875,1,False,0.0,0,1.0,[1 1],[1. 0.],0,0,[0.6 0.6],1.0,0.0,1.0
875,1.0,1,438.0,0,876,0,False,1.0,1,0.0,[2 1],[1. 0.],0,0,[0.6 0.6],1.0,0.0,1.0
876,0.0,1,439.0,1,877,1,False,0.0,0,1.0,[2 1],[1. 0.],0,0,[0.6 0.6],1.0,0.0,1.0
877,0.0,1,439.0,0,878,0,False,1.0,1,0.0,[1 1],[1. 0.],1,0,[0.6 0.6],1.0,0.0,1.0
878,0.0,1,440.0,1,879,1,False,0.0,0,2.0,[1 1],[1. 0.],1,0,[0.6 0.6],1.0,0.0,1.0
879,1.0,1,440.0,0,880,0,False,2.0,1,0.0,[2 1],[1. 0.],1,0,[0.6 0.6],1.0,0.0,1.0
880,0.0,1,441.0,1,881,1,False,0.0,0,2.0,[2 1],[1. 0.],1,0,[0.6 0.6],1.0,0.0,1.0
881,0.0,1,441.0,0,882,0,False,2.0,1,0.0,[2 1],[1. 0.],0,0,[0.6 0.6],1.0,0.0,1.0
882,0.0,1,442.0,1,883,1,False,0.0,0,1.0,[2 1],[1. 0.],0,0,[0.6 0.6],1.0,0.0,1.0
883,0.0,1,442.0,0,884,0,False,1.0,1,0.0,[2 1],[1. 0.],1,0,[0.6 0.6],1.0,0.0,1.0
884,0.0,1,443.0,2,885,1,False,0.0,0,2.0,[2 1],[1. 0.],1,0,[0.6 0.6],1.0,0.0,1.0
885,1.0,1,443.0,0,886,0,False,2.0,1,0.0,[2 2],[1. 0.],0,0,[0.6 0.6],1.0,0.0,1.0
886,0.0,1,444.0,2,887,1,False,0.0,0,1.0,[2 2],[1. 0.],0,0,[0.6 0.6],1.0,0.0,1.0
887,0.0,1,444.0,0,888,0,False,1.0,1,0.0,[2 1],[1. 0.],0,0,[0.6 0.6],1.0,0.0,1.0
888,0.0,1,445.0,2,889,1,False,0.0,0,1.0,[2 1],[1. 0.],0,0,[0.6 0.6],1.0,0.0,1.0
889,1.0,1,445.0,0,890,0,False,1.0,1,0.0,[2 2],[1. 0.],0,0,[0.6 0.6],1.0,0.0,1.0
890,0.0,1,446.0,2,891,1,False,0.0,0,1.0,[2 2],[1. 0.],0,0,[0.6 0.6],1.0,0.0,1.0
891,0.0,1,446.0,0,892,0,False,1.0,1,0.0,[2 2],[1. 0.],0,0,[0.6 0.6],1.0,0.0,1.0
892,0.0,1,447.0,2,893,1,False,0.0,0,1.0,[2 2],[1. 0.],0,0,[0.6 0.6],1.0,0.0,1.0
893,0.0,1,447.0,0,894,0,False,1.0,1,0.0,[1 2],[1. 0.],0,0,[0.6 0.6],1.0,0.0,1.0
894,0.0,1,448.0,2,895,1,False,0.0,0,1.0,[1 2],[1. 0.],0,0,[0.6 0.6],1.0,0.0,1.0
895,0.0,1,448.0,0,896,0,False,1.0,1,0.0,[2 1],[1. 0.],0,0,[0.6 0.6],1.0,0.0,1.0
896,0.0,1,449.0,1,897,1,False,0.0,0,1.0,[2 1],[1. 0.],0,0,[0.6 0.6],1.0,0.0,1.0
897,0.0,1,449.0,0,898,0,False,1.0,1,0.0,[2 1],[1. 0.],1,0,[0.6 0.6],1.0,0.0,1.0
898,0.0,1,450.0,2,899,1,False,0.0,0,2.0,[2 1],[1. 0.],1,0,[0.6 0.6],1.0,0.0,1.0
899,1.0,1,450.0,0,900,0,False,2.0,1,0.0,[2 2],[1. 0.],0,0,[0.6 0.6],1.0,0.0,1.0
900,0.0,1,451.0,2,901,1,False,0.0,0,1.0,[2 2],[1. 0.],0,0,[0.6 0.6],1.0,0.0,1.0
901,0.0,1,451.0,0,902,0,False,1.0,1,0.0,[2 2],[1. 0.],1,0,[0.6 0.6],1.0,0.0,1.0
902,0.0,1,452.0,2,903,1,False,0.0,0,2.0,[2 2],[1. 0.],1,0,[0.6 0.6],1.0,0.0,1.0
903,0.0,1,452.0,0,904,0,False,2.0,1,0.0,[2 1],[1. 0.],1,0,[0.6 0.6],1.0,0.0,1.0
904,0.0,1,453.0,1,905,1,False,0.0,0,2.0,[2 1],[1. 0.],1,0,[0.6 0.6],1.0,0.0,1.0
905,0.0,1,453.0,0,906,0,False,2.0,1,0.0,[2 2],[1. 0.],0,0,[0.6 0.6],1.0,0.0,1.0
906,0.0,1,454.0,2,907,1,False,0.0,0,1.0,[2 2],[1. 0.],0,0,[0.6 0.6],1.0,0.0,1.0
907,0.0,1,454.0,0,908,0,False,1.0,1,0.0,[2 1],[1. 0.],0,0,[0.6 0.6],1.0,0.0,1.0
908,0.0,1,455.0,1,909,1,False,0.0,0,1.0,[2 1],[1. 0.],0,0,[0.6 0.6],1.0,0.0,1.0
909,0.0,1,455.0,0,910,0,False,1.0,1,0.0,[2 2],[1. 0.],0,0,[0.6 0.6],1.0,0.0,1.0
910,0.0,1,456.0,2,911,1,False,0.0,0,1.0,[2 2],[1. 0.],0,0,[0.6 0.6],1.0,0.0,1.0
911,0.0,1,456.0,0,912,0,False,1.0,1,0.0,[1 2],[1. 0.],1,0,[0.6 0.6],1.0,0.0,1.0
912,0.0,1,457.0,1,913,1,False,0.0,0,2.0,[1 2],[1. 0.],1,0,[0.6 0.6],1.0,0.0,1.0
913,1.0,1,457.0,0,914,0,False,2.0,1,0.0,[1 1],[0. 1.],1,1,[0.6 0.6],1.0,0.0,1.0
914,0.0,1,458.0,1,915,1,False,0.0,0,2.0,[1 1],[0. 1.],1,1,[0.6 0.6],1.0,0.0,1.0
915,0.0,1,458.0,0,916,0,False,2.0,1,0.0,[2 1],[0. 1.],0,1,[0.6 0.6],1.0,0.0,1.0
916,0.0,1,459.0,1,917,1,False,0.0,0,1.0,[2 1],[0. 1.],0,1,[0.6 0.6],1.0,0.0,1.0
917,1.0,1,459.0,0,918,0,False,1.0,1,0.0,[2 1],[0. 1.],0,1,[0.6 0.6],1.0,0.0,1.0
918,0.0,1,460.0,1,919,1,False,0.0,0,1.0,[2 1],[0. 1.],0,1,[0.6 0.6],1.0,0.0,1.0
919,1.0,1,460.0,0,920,0,False,1.0,1,0.0,[1 1],[1. 0.],1,0,[0.6 0.6],1.0,0.0,1.0
920,0.0,1,461.0,1,921,1,False,0.0,0,2.0,[1 1],[1. 0.],1,0,[0.6 0.6],1.0,0.0,1.0
921,1.0,1,461.0,0,922,0,False,2.0,1,0.0,[1 2],[1. 0.],0,0,[0.6 0.6],1.0,0.0,1.0
922,0.0,1,462.0,1,923,1,False,0.0,0,1.0,[1 2],[1. 0.],0,0,[0.6 0.6],1.0,0.0,1.0
923,1.0,1,462.0,0,924,0,False,1.0,1,0.0,[2 1],[1. 0.],0,0,[0.6 0.6],1.0,0.0,1.0
924,0.0,1,463.0,1,925,1,False,0.0,0,1.0,[2 1],[1. 0.],0,0,[0.6 0.6],1.0,0.0,1.0
925,0.0,1,463.0,0,926,0,False,1.0,1,0.0,[1 1],[1. 0.],1,0,[0.6 0.6],1.0,0.0,1.0
926,0.0,1,464.0,1,927,1,False,0.0,0,2.0,[1 1],[1. 0.],1,0,[0.6 0.6],1.0,0.0,1.0
927,1.0,1,464.0,0,928,0,False,2.0,1,0.0,[1 2],[1. 0.],0,0,[0.6 0.6],1.0,0.0,1.0
928,0.0,1,465.0,1,929,1,False,0.0,0,1.0,[1 2],[1. 0.],0,0,[0.6 0.6],1.0,0.0,1.0
929,1.0,1,465.0,0,930,0,False,1.0,1,0.0,[1 1],[1. 0.],1,0,[0.6 0.6],1.0,0.0,1.0
930,0.0,1,466.0,1,931,1,False,0.0,0,2.0,[1 1],[1. 0.],1,0,[0.6 0.6],1.0,0.0,1.0
931,1.0,1,466.0,0,932,0,False,2.0,1,0.0,[1 2],[1. 0.],0,0,[0.6 0.6],1.0,0.0,1.0
932,0.0,1,467.0,1,933,1,False,0.0,0,1.0,[1 2],[1. 0.],0,0,[0.6 0.6],1.0,0.0,1.0
933,1.0,1,467.0,0,934,0,False,1.0,1,0.0,[1 1],[1. 0.],0,0,[0.6 0.6],1.0,0.0,1.0
934,0.0,1,468.0,1,935,1,False,0.0,0,1.0,[1 1],[1. 0.],0,0,[0.6 0.6],1.0,0.0,1.0
935,1.0,1,468.0,0,936,0,False,1.0,1,0.0,[2 2],[1. 0.],1,0,[0.6 0.6],1.0,0.0,1.0
936,0.0,1,469.0,1,937,1,False,0.0,0,2.0,[2 2],[1. 0.],1,0,[0.6 0.6],1.0,0.0,1.0
937,0.0,1,469.0,0,938,0,False,2.0,1,0.0,[2 2],[1. 0.],1,0,[0.6 0.6],1.0,0.0,1.0
938,0.0,1,470.0,1,939,1,False,0.0,0,2.0,[2 2],[1. 0.],1,0,[0.6 0.6],1.0,0.0,1.0
939,0.0,1,470.0,0,940,0,False,2.0,1,0.0,[1 2],[1. 0.],1,0,[0.6 0.6],1.0,0.0,1.0
940,0.0,1,471.0,1,941,1,False,0.0,0,2.0,[1 2],[1. 0.],1,0,[0.6 0.6],1.0,0.0,1.0
941,1.0,1,471.0,0,942,0,False,2.0,1,0.0,[1 1],[1. 0.],1,0,[0.6 0.6],1.0,0.0,1.0
942,0.0,1,472.0,1,943,1,False,0.0,0,2.0,[1 1],[1. 0.],1,0,[0.6 0.6],1.0,0.0,1.0
943,1.0,1,472.0,0,944,0,False,2.0,1,0.0,[2 1],[0. 1.],1,1,[0.6 0.6],1.0,0.0,1.0
944,0.0,1,473.0,1,945,1,False,0.0,0,2.0,[2 1],[0. 1.],1,1,[0.6 0.6],1.0,0.0,1.0
945,1.0,1,473.0,0,946,0,False,2.0,1,0.0,[2 1],[0. 1.],1,1,[0.6 0.6],1.0,0.0,1.0
946,0.0,1,474.0,1,947,1,False,0.0,0,2.0,[2 1],[0. 1.],1,1,[0.6 0.6],1.0,0.0,1.0
947,1.0,1,474.0,0,948,0,False,2.0,1,0.0,[2 1],[0. 1.],1,1,[0.6 0.6],1.0,0.0,1.0
948,0.0,1,475.0,1,949,1,False,0.0,0,2.0,[2 1],[0. 1.],1,1,[0.6 0.6],1.0,0.0,1.0
949,1.0,1,475.0,0,950,0,False,2.0,1,0.0,[2 1],[0. 1.],0,1,[0.6 0.6],1.0,0.0,1.0
950,0.0,1,476.0,1,951,1,False,0.0,0,1.0,[2 1],[0. 1.],0,1,[0.6 0.6],1.0,0.0,1.0
951,1.0,1,476.0,0,952,0,False,1.0,1,0.0,[2 2],[0. 1.],1,1,[0.6 0.6],1.0,0.0,1.0
952,0.0,1,477.0,1,953,1,False,0.0,0,2.0,[2 2],[0. 1.],1,1,[0.6 0.6],1.0,0.0,1.0
953,1.0,1,477.0,0,954,0,False,2.0,1,0.0,[2 2],[0. 1.],1,1,[0.6 0.6],1.0,0.0,1.0
954,0.0,1,478.0,1,955,1,False,0.0,0,2.0,[2 2],[0. 1.],1,1,[0.6 0.6],1.0,0.0,1.0
955,1.0,1,478.0,0,956,0,False,2.0,1,0.0,[1 2],[0. 1.],0,1,[0.6 0.6],1.0,0.0,1.0
956,0.0,1,479.0,1,957,1,False,0.0,0,1.0,[1 2],[0. 1.],0,1,[0.6 0.6],1.0,0.0,1.0
957,0.0,1,479.0,0,958,0,False,1.0,1,0.0,[2 2],[0. 1.],1,1,[0.6 0.6],1.0,0.0,1.0
958,0.0,1,480.0,1,959,1,False,0.0,0,2.0,[2 2],[0. 1.],1,1,[0.6 0.6],1.0,0.0,1.0
959,1.0,1,480.0,0,960,0,False,2.0,1,0.0,[1 1],[0. 1.],1,1,[0.6 0.6],1.0,0.0,1.0
960,0.0,1,481.0,1,961,1,False,0.0,0,2.0,[1 1],[0. 1.],1,1,[0.6 0.6],1.0,0.0,1.0
961,0.0,1,481.0,0,962,0,False,2.0,1,0.0,[2 2],[0. 1.],1,1,[0.6 0.6],1.0,0.0,1.0
962,0.0,1,482.0,1,963,1,False,0.0,0,2.0,[2 2],[0. 1.],1,1,[0.6 0.6],1.0,0.0,1.0
963,1.0,1,482.0,0,964,0,False,2.0,1,0.0,[1 2],[0. 1.],1,1,[0.6 0.6],1.0,0.0,1.0
964,0.0,1,483.0,1,965,1,False,0.0,0,2.0,[1 2],[0. 1.],1,1,[0.6 0.6],1.0,0.0,1.0
965,0.0,1,483.0,0,966,0,False,2.0,1,0.0,[2 2],[0. 1.],0,1,[0.6 0.6],1.0,0.0,1.0
966,0.0,1,484.0,1,967,1,False,0.0,0,1.0,[2 2],[0. 1.],0,1,[0.6 0.6],1.0,0.0,1.0
967,1.0,1,484.0,0,968,0,False,1.0,1,0.0,[2 2],[0. 1.],0,1,[0.6 0.6],1.0,0.0,1.0
968,0.0,1,485.0,1,969,1,False,0.0,0,1.0,[2 2],[0. 1.],0,1,[0.6 0.6],1.0,0.0,1.0
969,1.0,1,485.0,0,970,0,False,1.0,1,0.0,[2 1],[0. 1.],0,1,[0.6 0.6],1.0,0.0,1.0
970,0.0,1,486.0,1,971,1,False,0.0,0,1.0,[2 1],[0. 1.],0,1,[0.6 0.6],1.0,0.0,1.0
971,1.0,1,486.0,0,972,0,False,1.0,1,0.0,[2 1],[0. 1.],0,1,[0.6 0.6],1.0,0.0,1.0
972,0.0,1,487.0,1,973,1,False,0.0,0,1.0,[2 1],[0. 1.],0,1,[0.6 0.6],1.0,0.0,1.0
973,1.0,1,487.0,0,974,0,False,1.0,1,0.0,[1 1],[0. 1.],1,1,[0.6 0.6],1.0,0.0,1.0
974,0.0,1,488.0,1,975,1,False,0.0,0,2.0,[1 1],[0. 1.],1,1,[0.6 0.6],1.0,0.0,1.0
975,0.0,1,488.0,0,976,0,False,2.0,1,0.0,[2 2],[0. 1.],0,1,[0.6 0.6],1.0,0.0,1.0
976,0.0,1,489.0,1,977,1,False,0.0,0,1.0,[2 2],[0. 1.],0,1,[0.6 0.6],1.0,0.0,1.0
977,1.0,1,489.0,0,978,0,False,1.0,1,0.0,[2 2],[0. 1.],0,1,[0.6 0.6],1.0,0.0,1.0
978,0.0,1,490.0,1,979,1,False,0.0,0,1.0,[2 2],[0. 1.],0,1,[0.6 0.6],1.0,0.0,1.0
979,1.0,1,490.0,0,980,0,False,1.0,1,0.0,[1 1],[0. 1.],0,1,[0.6 0.6],1.0,0.0,1.0
980,0.0,1,491.0,1,981,1,False,0.0,0,1.0,[1 1],[0. 1.],0,1,[0.6 0.6],1.0,0.0,1.0
981,0.0,1,491.0,0,982,0,False,1.0,1,0.0,[1 1],[0. 1.],1,1,[0.6 0.6],1.0,0.0,1.0
982,0.0,1,492.0,1,983,1,False,0.0,0,2.0,[1 1],[0. 1.],1,1,[0.6 0.6],1.0,0.0,1.0
983,0.0,1,492.0,0,984,0,False,2.0,1,0.0,[1 2],[1. 0.],0,0,[0.6 0.6],1.0,0.0,1.0
984,0.0,1,493.0,1,985,1,False,0.0,0,1.0,[1 2],[1. 0.],0,0,[0.6 0.6],1.0,0.0,1.0
985,1.0,1,493.0,0,986,0,False,1.0,1,0.0,[1 1],[1. 0.],1,0,[0.6 0.6],1.0,0.0,1.0
986,0.0,1,494.0,1,987,1,False,0.0,0,2.0,[1 1],[1. 0.],1,0,[0.6 0.6],1.0,0.0,1.0
987,1.0,1,494.0,0,988,0,False,2.0,1,0.0,[1 1],[1. 0.],0,0,[0.6 0.6],1.0,0.0,1.0
988,0.0,1,495.0,1,989,1,False,0.0,0,1.0,[1 1],[1. 0.],0,0,[0.6 0.6],1.0,0.0,1.0
989,1.0,1,495.0,0,990,0,False,1.0,1,0.0,[2 2],[1. 0.],1,0,[0.6 0.6],1.0,0.0,1.0
990,0.0,1,496.0,1,991,1,False,0.0,0,2.0,[2 2],[1. 0.],1,0,[0.6 0.6],1.0,0.0,1.0
991,0.0,1,496.0,0,992,0,False,2.0,1,0.0,[2 1],[1. 0.],0,0,[0.6 0.6],1.0,0.0,1.0
992,0.0,1,497.0,1,993,1,False,0.0,0,1.0,[2 1],[1. 0.],0,0,[0.6 0.6],1.0,0.0,1.0
993,0.0,1,497.0,0,994,0,False,1.0,1,0.0,[1 1],[1. 0.],0,0,[0.6 0.6],1.0,0.0,1.0
994,0.0,1,498.0,1,995,1,False,0.0,0,1.0,[1 1],[1. 0.],0,0,[0.6 0.6],1.0,0.0,1.0
995,1.0,1,498.0,0,996,0,False,1.0,1,0.0,[2 1],[1. 0.],1,0,[0.6 0.6],1.0,0.0,1.0
996,0.0,1,499.0,1,997,1,False,0.0,0,2.0,[2 1],[1. 0.],1,0,[0.6 0.6],1.0,0.0,1.0
997,0.0,1,499.0,0,998,0,False,2.0,1,0.0,[2 2],[1. 0.],0,0,[0.6 0.6],1.0,0.0,1.0
998,0.0,1,500.0,1,999,1,False,0.0,0,1.0,[2 2],[1. 0.],0,0,[0.6 0.6],1.0,0.0,1.0
999,0.0,1,500.0,0,1000,0,False,1.0,1,0.0,[2 2],[1. 0.],1,0,[0.6 0.6],1.0,0.0,1.0
1000,0.0,1,501.0,1,1001,1,False,0.0,0,2.0,[2 2],[1. 0.],1,0,[0.6 0.6],1.0,0.0,1.0
1001,0.0,1,501.0,0,1002,0,False,2.0,1,0.0,[2 2],[1. 0.],1,0,[0.6 0.6],1.0,0.0,1.0
1002,0.0,1,502.0,2,1003,1,False,0.0,0,2.0,[2 2],[1. 0.],1,0,[0.6 0.6],1.0,0.0,1.0
1003,0.0,1,502.0,0,1004,0,False,2.0,1,0.0,[2 1],[1. 0.],0,0,[0.6 0.6],1.0,0.0,1.0
1004,0.0,1,503.0,1,1005,1,False,0.0,0,1.0,[2 1],[1. 0.],0,0,[0.6 0.6],1.0,0.0,1.0
1005,0.0,1,503.0,0,1006,0,False,1.0,1,0.0,[2 2],[1. 0.],0,0,[0.6 0.6],1.0,0.0,1.0
1006,0.0,1,504.0,2,1007,1,False,0.0,0,1.0,[2 2],[1. 0.],0,0,[0.6 0.6],1.0,0.0,1.0
1007,0.0,1,504.0,0,1008,0,False,1.0,1,0.0,[2 2],[1. 0.],1,0,[0.6 0.6],1.0,0.0,1.0
1008,0.0,1,505.0,1,1009,1,False,0.0,0,2.0,[2 2],[1. 0.],1,0,[0.6 0.6],1.0,0.0,1.0
1009,0.0,1,505.0,0,1010,0,False,2.0,1,0.0,[2 1],[1. 0.],0,0,[0.6 0.6],1.0,0.0,1.0
1010,0.0,1,506.0,2,1011,1,False,0.0,0,1.0,[2 1],[1. 0.],0,0,[0.6 0.6],1.0,0.0,1.0
1011,1.0,1,506.0,0,1012,0,False,1.0,1,0.0,[1 2],[1. 0.],1,0,[0.6 0.6],1.0,0.0,1.0
1012,0.0,1,507.0,2,1013,1,False,0.0,0,2.0,[1 2],[1. 0.],1,0,[0.6 0.6],1.0,0.0,1.0
1013,0.0,1,507.0,0,1014,0,False,2.0,1,0.0,[2 1],[1. 0.],1,0,[0.6 0.6],1.0,0.0,1.0
1014,0.0,1,508.0,2,1015,1,False,0.0,0,2.0,[2 1],[1. 0.],1,0,[0.6 0.6],1.0,0.0,1.0
1015,1.0,1,508.0,0,1016,0,False,2.0,1,0.0,[1 2],[1. 0.],0,0,[0.6 0.6],1.0,0.0,1.0
1016,0.0,1,509.0,2,1017,1,False,0.0,0,1.0,[1 2],[1. 0.],0,0,[0.6 0.6],1.0,0.0,1.0
1017,0.0,1,509.0,0,1018,0,False,1.0,1,0.0,[2 1],[1. 0.],0,0,[0.6 0.6],1.0,0.0,1.0
1018,0.0,1,510.0,2,1019,1,False,0.0,0,1.0,[2 1],[1. 0.],0,0,[0.6 0.6],1.0,0.0,1.0
1019,1.0,1,510.0,0,1020,0,False,1.0,1,0.0,[1 1],[1. 0.],1,0,[0.6 0.6],1.0,0.0,1.0
1020,0.0,1,511.0,2,1021,1,False,0.0,0,2.0,[1 1],[1. 0.],1,0,[0.6 0.6],1.0,0.0,1.0
1021,1.0,1,511.0,0,1022,0,False,2.0,1,0.0,[1 1],[1. 0.],1,0,[0.6 0.6],1.0,0.0,1.0
1022,0.0,1,512.0,2,1023,1,False,0.0,0,2.0,[1 1],[1. 0.],1,0,[0.6 0.6],1.0,0.0,1.0
1023,1.0,1,512.0,0,1024,0,False,2.0,1,0.0,[1 2],[1. 0.],0,0,[0.6 0.6],1.0,0.0,1.0
1024,0.0,1,513.0,2,1025,1,False,0.0,0,1.0,[1 2],[1. 0.],0,0,[0.6 0.6],1.0,0.0,1.0
1025,0.0,1,513.0,0,1026,0,False,1.0,1,0.0,[2 1],[1. 0.],1,0,[0.6 0.6],1.0,0.0,1.0
1026,0.0,1,514.0,2,1027,1,False,0.0,0,2.0,[2 1],[1. 0.],1,0,[0.6 0.6],1.0,0.0,1.0
1027,1.0,1,514.0,0,1028,0,False,2.0,1,0.0,[2 1],[1. 0.],0,0,[0.6 0.6],1.0,0.0,1.0
1028,0.0,1,515.0,2,1029,1,False,0.0,0,1.0,[2 1],[1. 0.],0,0,[0.6 0.6],1.0,0.0,1.0
1029,1.0,1,515.0,0,1030,0,False,1.0,1,0.0,[2 1],[1. 0.],1,0,[0.6 0.6],1.0,0.0,1.0
1030,0.0,1,516.0,2,1031,1,False,0.0,0,2.0,[2 1],[1. 0.],1,0,[0.6 0.6],1.0,0.0,1.0
1031,1.0,1,516.0,0,1032,0,False,2.0,1,0.0,[1 2],[1. 0.],1,0,[0.6 0.6],1.0,0.0,1.0
1032,0.0,1,517.0,2,1033,1,False,0.0,0,2.0,[1 2],[1. 0.],1,0,[0.6 0.6],1.0,0.0,1.0
1033,0.0,1,517.0,0,1034,0,False,2.0,1,0.0,[1 2],[1. 0.],1,0,[0.6 0.6],1.0,0.0,1.0
1034,0.0,1,518.0,2,1035,1,False,0.0,0,2.0,[1 2],[1. 0.],1,0,[0.6 0.6],1.0,0.0,1.0
1035,0.0,1,518.0,0,1036,0,False,2.0,1,0.0,[1 2],[1. 0.],0,0,[0.6 0.6],1.0,0.0,1.0
1036,0.0,1,519.0,2,1037,1,False,0.0,0,1.0,[1 2],[1. 0.],0,0,[0.6 0.6],1.0,0.0,1.0
1037,0.0,1,519.0,0,1038,0,False,1.0,1,0.0,[1 1],[1. 0.],0,0,[0.6 0.6],1.0,0.0,1.0
1038,0.0,1,520.0,2,1039,1,False,0.0,0,1.0,[1 1],[1. 0.],0,0,[0.6 0.6],1.0,0.0,1.0
1039,1.0,1,520.0,0,1040,0,False,1.0,1,0.0,[2 1],[1. 0.],1,0,[0.6 0.6],1.0,0.0,1.0
1040,0.0,1,521.0,2,1041,1,False,0.0,0,2.0,[2 1],[1. 0.],1,0,[0.6 0.6],1.0,0.0,1.0
1041,1.0,1,521.0,0,1042,0,False,2.0,1,0.0,[2 1],[1. 0.],1,0,[0.6 0.6],1.0,0.0,1.0
1042,0.0,1,522.0,2,1043,1,False,0.0,0,2.0,[2 1],[1. 0.],1,0,[0.6 0.6],1.0,0.0,1.0
1043,1.0,1,522.0,0,1044,0,False,2.0,1,0.0,[1 1],[1. 0.],1,0,[0.6 0.6],1.0,0.0,1.0
1044,0.0,1,523.0,2,1045,1,False,0.0,0,2.0,[1 1],[1. 0.],1,0,[0.6 0.6],1.0,0.0,1.0
1045,1.0,1,523.0,0,1046,0,False,2.0,1,0.0,[1 1],[1. 0.],0,0,[0.6 0.6],1.0,0.0,1.0
1046,0.0,1,524.0,2,1047,1,False,0.0,0,1.0,[1 1],[1. 0.],0,0,[0.6 0.6],1.0,0.0,1.0
1047,1.0,1,524.0,0,1048,0,False,1.0,1,0.0,[2 1],[1. 0.],1,0,[0.6 0.6],1.0,0.0,1.0
1048,0.0,1,525.0,2,1049,1,False,0.0,0,2.0,[2 1],[1. 0.],1,0,[0.6 0.6],1.0,0.0,1.0
1049,1.0,1,525.0,0,1050,0,False,2.0,1,0.0,[1 1],[1. 0.],0,0,[0.6 0.6],1.0,0.0,1.0
1050,0.0,1,526.0,2,1051,1,False,0.0,0,1.0,[1 1],[1. 0.],0,0,[0.6 0.6],1.0,0.0,1.0
1051,1.0,1,526.0,0,1052,0,False,1.0,1,0.0,[2 1],[0. 1.],0,1,[0.6 0.6],1.0,0.0,1.0
1052,0.0,1,527.0,2,1053,1,False,0.0,0,1.0,[2 1],[0. 1.],0,1,[0.6 0.6],1.0,0.0,1.0
1053,0.0,1,527.0,0,1054,0,False,1.0,1,0.0,[2 2],[0. 1.],1,1,[0.6 0.6],1.0,0.0,1.0
1054,0.0,1,528.0,2,1055,1,False,0.0,0,2.0,[2 2],[0. 1.],1,1,[0.6 0.6],1.0,0.0,1.0
1055,1.0,1,528.0,0,1056,0,False,2.0,1,0.0,[1 2],[0. 1.],1,1,[0.6 0.6],1.0,0.0,1.0
1056,0.0,1,529.0,2,1057,1,False,0.0,0,2.0,[1 2],[0. 1.],1,1,[0.6 0.6],1.0,0.0,1.0
1057,1.0,1,529.0,0,1058,0,False,2.0,1,0.0,[1 1],[0. 1.],0,1,[0.6 0.6],1.0,0.0,1.0
1058,0.0,1,530.0,2,1059,1,False,0.0,0,1.0,[1 1],[0. 1.],0,1,[0.6 0.6],1.0,0.0,1.0
1059,0.0,1,530.0,0,1060,0,False,1.0,1,0.0,[1 2],[0. 1.],1,1,[0.6 0.6],1.0,0.0,1.0
1060,0.0,1,531.0,2,1061,1,False,0.0,0,2.0,[1 2],[0. 1.],1,1,[0.6 0.6],1.0,0.0,1.0
1061,1.0,1,531.0,0,1062,0,False,2.0,1,0.0,[1 1],[0. 1.],0,1,[0.6 0.6],1.0,0.0,1.0
1062,0.0,1,532.0,2,1063,1,False,0.0,0,1.0,[1 1],[0. 1.],0,1,[0.6 0.6],1.0,0.0,1.0
1063,0.0,1,532.0,0,1064,0,False,1.0,1,0.0,[2 1],[0. 1.],0,1,[0.6 0.6],1.0,0.0,1.0
1064,0.0,1,533.0,2,1065,1,False,0.0,0,1.0,[2 1],[0. 1.],0,1,[0.6 0.6],1.0,0.0,1.0
1065,0.0,1,533.0,0,1066,0,False,1.0,1,0.0,[2 1],[0. 1.],1,1,[0.6 0.6],1.0,0.0,1.0
1066,0.0,1,534.0,2,1067,1,False,0.0,0,2.0,[2 1],[0. 1.],1,1,[0.6 0.6],1.0,0.0,1.0
1067,0.0,1,534.0,0,1068,0,False,2.0,1,0.0,[2 2],[0. 1.],0,1,[0.6 0.6],1.0,0.0,1.0
1068,0.0,1,535.0,1,1069,1,False,0.0,0,1.0,[2 2],[0. 1.],0,1,[0.6 0.6],1.0,0.0,1.0
1069,1.0,1,535.0,0,1070,0,False,1.0,1,0.0,[2 1],[0. 1.],0,1,[0.6 0.6],1.0,0.0,1.0
1070,0.0,1,536.0,1,1071,1,False,0.0,0,1.0,[2 1],[0. 1.],0,1,[0.6 0.6],1.0,0.0,1.0
1071,1.0,1,536.0,0,1072,0,False,1.0,1,0.0,[2 2],[0. 1.],1,1,[0.6 0.6],1.0,0.0,1.0
1072,0.0,1,537.0,1,1073,1,False,0.0,0,2.0,[2 2],[0. 1.],1,1,[0.6 0.6],1.0,0.0,1.0
1073,1.0,1,537.0,0,1074,0,False,2.0,1,0.0,[2 2],[0. 1.],0,1,[0.6 0.6],1.0,0.0,1.0
1074,0.0,1,538.0,1,1075,1,False,0.0,0,1.0,[2 2],[0. 1.],0,1,[0.6 0.6],1.0,0.0,1.0
1075,1.0,1,538.0,0,1076,0,False,1.0,1,0.0,[1 2],[0. 1.],1,1,[0.6 0.6],1.0,0.0,1.0
1076,0.0,1,539.0,1,1077,1,False,0.0,0,2.0,[1 2],[0. 1.],1,1,[0.6 0.6],1.0,0.0,1.0
1077,0.0,1,539.0,0,1078,0,False,2.0,1,0.0,[1 2],[0. 1.],0,1,[0.6 0.6],1.0,0.0,1.0
1078,0.0,1,540.0,1,1079,1,False,0.0,0,1.0,[1 2],[0. 1.],0,1,[0.6 0.6],1.0,0.0,1.0
1079,0.0,1,540.0,0,1080,0,False,1.0,1,0.0,[1 2],[0. 1.],0,1,[0.6 0.6],1.0,0.0,1.0
1080,0.0,1,541.0,1,1081,1,False,0.0,0,1.0,[1 2],[0. 1.],0,1,[0.6 0.6],1.0,0.0,1.0
1081,0.0,1,541.0,0,1082,0,False,1.0,1,0.0,[1 1],[0. 1.],0,1,[0.6 0.6],1.0,0.0,1.0
1082,0.0,1,542.0,1,1083,1,False,0.0,0,1.0,[1 1],[0. 1.],0,1,[0.6 0.6],1.0,0.0,1.0
1083,0.0,1,542.0,0,1084,0,False,1.0,1,0.0,[1 1],[0. 1.],1,1,[0.6 0.6],1.0,0.0,1.0
1084,0.0,1,543.0,2,1085,1,False,0.0,0,2.0,[1 1],[0. 1.],1,1,[0.6 0.6],1.0,0.0,1.0
1085,0.0,1,543.0,0,1086,0,False,2.0,1,0.0,[2 1],[0. 1.],0,1,[0.6 0.6],1.0,0.0,1.0
1086,0.0,1,544.0,1,1087,1,False,0.0,0,1.0,[2 1],[0. 1.],0,1,[0.6 0.6],1.0,0.0,1.0
1087,1.0,1,544.0,0,1088,0,False,1.0,1,0.0,[1 2],[0. 1.],1,1,[0.6 0.6],1.0,0.0,1.0
1088,0.0,1,545.0,1,1089,1,False,0.0,0,2.0,[1 2],[0. 1.],1,1,[0.6 0.6],1.0,0.0,1.0
1089,0.0,1,545.0,0,1090,0,False,2.0,1,0.0,[2 2],[0. 1.],0,1,[0.6 0.6],1.0,0.0,1.0
1090,0.0,1,546.0,1,1091,1,False,0.0,0,1.0,[2 2],[0. 1.],0,1,[0.6 0.6],1.0,0.0,1.0
1091,1.0,1,546.0,0,1092,0,False,1.0,1,0.0,[2 2],[0. 1.],0,1,[0.6 0.6],1.0,0.0,1.0
1092,0.0,1,547.0,1,1093,1,False,0.0,0,1.0,[2 2],[0. 1.],0,1,[0.6 0.6],1.0,0.0,1.0
1093,1.0,1,547.0,0,1094,0,False,1.0,1,0.0,[2 1],[0. 1.],0,1,[0.6 0.6],1.0,0.0,1.0
1094,0.0,1,548.0,1,1095,1,False,0.0,0,1.0,[2 1],[0. 1.],0,1,[0.6 0.6],1.0,0.0,1.0
1095,1.0,1,548.0,0,1096,0,False,1.0,1,0.0,[1 2],[0. 1.],1,1,[0.6 0.6],1.0,0.0,1.0
1096,0.0,1,549.0,1,1097,1,False,0.0,0,2.0,[1 2],[0. 1.],1,1,[0.6 0.6],1.0,0.0,1.0
1097,0.0,1,549.0,0,1098,0,False,2.0,1,0.0,[1 2],[0. 1.],1,1,[0.6 0.6],1.0,0.0,1.0
1098,0.0,1,550.0,1,1099,1,False,0.0,0,2.0,[1 2],[0. 1.],1,1,[0.6 0.6],1.0,0.0,1.0
1099,0.0,1,550.0,0,1100,0,False,2.0,1,0.0,[2 1],[0. 1.],1,1,[0.6 0.6],1.0,0.0,1.0
1100,0.0,1,551.0,1,1101,1,False,0.0,0,2.0,[2 1],[0. 1.],1,1,[0.6 0.6],1.0,0.0,1.0
1101,1.0,1,551.0,0,1102,0,False,2.0,1,0.0,[1 1],[0. 1.],0,1,[0.6 0.6],1.0,0.0,1.0
1102,0.0,1,552.0,1,1103,1,False,0.0,0,1.0,[1 1],[0. 1.],0,1,[0.6 0.6],1.0,0.0,1.0
1103,0.0,1,552.0,0,1104,0,False,1.0,1,0.0,[1 2],[0. 1.],1,1,[0.6 0.6],1.0,0.0,1.0
1104,0.0,1,553.0,1,1105,1,False,0.0,0,2.0,[1 2],[0. 1.],1,1,[0.6 0.6],1.0,0.0,1.0
1105,0.0,1,553.0,0,1106,0,False,2.0,1,0.0,[2 2],[0. 1.],0,1,[0.6 0.6],1.0,0.0,1.0
1106,0.0,1,554.0,2,1107,1,False,0.0,0,1.0,[2 2],[0. 1.],0,1,[0.6 0.6],1.0,0.0,1.0
1107,1.0,1,554.0,0,1108,0,False,1.0,1,0.0,[2 1],[0. 1.],1,1,[0.6 0.6],1.0,0.0,1.0
1108,0.0,1,555.0,2,1109,1,False,0.0,0,2.0,[2 1],[0. 1.],1,1,[0.6 0.6],1.0,0.0,1.0
1109,0.0,1,555.0,0,1110,0,False,2.0,1,0.0,[1 1],[0. 1.],1,1,[0.6 0.6],1.0,0.0,1.0
1110,0.0,1,556.0,2,1111,1,False,0.0,0,2.0,[1 1],[0. 1.],1,1,[0.6 0.6],1.0,0.0,1.0
1111,0.0,1,556.0,0,1112,0,False,2.0,1,0.0,[1 2],[0. 1.],0,1,[0.6 0.6],1.0,0.0,1.0
1112,0.0,1,557.0,1,1113,1,False,0.0,0,1.0,[1 2],[0. 1.],0,1,[0.6 0.6],1.0,0.0,1.0
1113,0.0,1,557.0,0,1114,0,False,1.0,1,0.0,[1 2],[0. 1.],1,1,[0.6 0.6],1.0,0.0,1.0
1114,0.0,1,558.0,2,1115,1,False,0.0,0,2.0,[1 2],[0. 1.],1,1,[0.6 0.6],1.0,0.0,1.0
1115,1.0,1,558.0,0,1116,0,False,2.0,1,0.0,[2 1],[0. 1.],0,1,[0.6 0.6],1.0,0.0,1.0
1116,0.0,1,559.0,2,1117,1,False,0.0,0,1.0,[2 1],[0. 1.],0,1,[0.6 0.6],1.0,0.0,1.0
1117,0.0,1,559.0,0,1118,0,False,1.0,1,0.0,[1 1],[0. 1.],0,1,[0.6 0.6],1.0,0.0,1.0
1118,0.0,1,560.0,2,1119,1,False,0.0,0,1.0,[1 1],[0. 1.],0,1,[0.6 0.6],1.0,0.0,1.0
1119,0.0,1,560.0,0,1120,0,False,1.0,1,0.0,[2 1],[0. 1.],0,1,[0.6 0.6],1.0,0.0,1.0
1120,0.0,1,561.0,1,1121,1,False,0.0,0,1.0,[2 1],[0. 1.],0,1,[0.6 0.6],1.0,0.0,1.0
1121,1.0,1,561.0,0,1122,0,False,1.0,1,0.0,[2 1],[0. 1.],1,1,[0.6 0.6],1.0,0.0,1.0
1122,0.0,1,562.0,1,1123,1,False,0.0,0,2.0,[2 1],[0. 1.],1,1,[0.6 0.6],1.0,0.0,1.0
1123,1.0,1,562.0,0,1124,0,False,2.0,1,0.0,[1 1],[0. 1.],0,1,[0.6 0.6],1.0,0.0,1.0
1124,0.0,1,563.0,1,1125,1,False,0.0,0,1.0,[1 1],[0. 1.],0,1,[0.6 0.6],1.0,0.0,1.0
1125,0.0,1,563.0,0,1126,0,False,1.0,1,0.0,[1 2],[0. 1.],0,1,[0.6 0.6],1.0,0.0,1.0
1126,0.0,1,564.0,1,1127,1,False,0.0,0,1.0,[1 2],[0. 1.],0,1,[0.6 0.6],1.0,0.0,1.0
1127,0.0,1,564.0,0,1128,0,False,1.0,1,0.0,[2 1],[0. 1.],0,1,[0.6 0.6],1.0,0.0,1.0
1128,0.0,1,565.0,1,1129,1,False,0.0,0,1.0,[2 1],[0. 1.],0,1,[0.6 0.6],1.0,0.0,1.0
1129,1.0,1,565.0,0,1130,0,False,1.0,1,0.0,[1 2],[1. 0.],1,0,[0.6 0.6],1.0,0.0,1.0
1130,0.0,1,566.0,1,1131,1,False,0.0,0,2.0,[1 2],[1. 0.],1,0,[0.6 0.6],1.0,0.0,1.0
1131,1.0,1,566.0,0,1132,0,False,2.0,1,0.0,[2 2],[1. 0.],1,0,[0.6 0.6],1.0,0.0,1.0
1132,0.0,1,567.0,1,1133,1,False,0.0,0,2.0,[2 2],[1. 0.],1,0,[0.6 0.6],1.0,0.0,1.0
1133,0.0,1,567.0,0,1134,0,False,2.0,1,0.0,[1 1],[1. 0.],0,0,[0.6 0.6],1.0,0.0,1.0
1134,0.0,1,568.0,1,1135,1,False,0.0,0,1.0,[1 1],[1. 0.],0,0,[0.6 0.6],1.0,0.0,1.0
1135,1.0,1,568.0,0,1136,0,False,1.0,1,0.0,[1 1],[1. 0.],0,0,[0.6 0.6],1.0,0.0,1.0
1136,0.0,1,569.0,1,1137,1,False,0.0,0,1.0,[1 1],[1. 0.],0,0,[0.6 0.6],1.0,0.0,1.0
1137,1.0,1,569.0,0,1138,0,False,1.0,1,0.0,[2 1],[1. 0.],1,0,[0.6 0.6],1.0,0.0,1.0
1138,0.0,1,570.0,1,1139,1,False,0.0,0,2.0,[2 1],[1. 0.],1,0,[0.6 0.6],1.0,0.0,1.0
1139,0.0,1,570.0,0,1140,0,False,2.0,1,0.0,[2 2],[1. 0.],1,0,[0.6 0.6],1.0,0.0,1.0
1140,0.0,1,571.0,1,1141,1,False,0.0,0,2.0,[2 2],[1. 0.],1,0,[0.6 0.6],1.0,0.0,1.0
1141,0.0,1,571.0,0,1142,0,False,2.0,1,0.0,[2 1],[1. 0.],0,0,[0.6 0.6],1.0,0.0,1.0
1142,0.0,1,572.0,1,1143,1,False,0.0,0,1.0,[2 1],[1. 0.],0,0,[0.6 0.6],1.0,0.0,1.0
1143,0.0,1,572.0,0,1144,0,False,1.0,1,0.0,[2 2],[1. 0.],1,0,[0.6 0.6],1.0,0.0,1.0
1144,0.0,1,573.0,2,1145,1,False,0.0,0,2.0,[2 2],[1. 0.],1,0,[0.6 0.6],1.0,0.0,1.0
1145,0.0,1,573.0,0,1146,0,False,2.0,1,0.0,[2 2],[1. 0.],1,0,[0.6 0.6],1.0,0.0,1.0
1146,0.0,1,574.0,1,1147,1,False,0.0,0,2.0,[2 2],[1. 0.],1,0,[0.6 0.6],1.0,0.0,1.0
1147,0.0,1,574.0,0,1148,0,False,2.0,1,0.0,[2 1],[1. 0.],0,0,[0.6 0.6],1.0,0.0,1.0
1148,0.0,1,575.0,2,1149,1,False,0.0,0,1.0,[2 1],[1. 0.],0,0,[0.6 0.6],1.0,0.0,1.0
1149,1.0,1,575.0,0,1150,0,False,1.0,1,0.0,[2 1],[1. 0.],0,0,[0.6 0.6],1.0,0.0,1.0
1150,0.0,1,576.0,2,1151,1,False,0.0,0,1.0,[2 1],[1. 0.],0,0,[0.6 0.6],1.0,0.0,1.0
1151,1.0,1,576.0,0,1152,0,False,1.0,1,0.0,[2 1],[1. 0.],0,0,[0.6 0.6],1.0,0.0,1.0
1152,0.0,1,577.0,2,1153,1,False,0.0,0,1.0,[2 1],[1. 0.],0,0,[0.6 0.6],1.0,0.0,1.0
1153,1.0,1,577.0,0,1154,0,False,1.0,1,0.0,[2 2],[1. 0.],1,0,[0.6 0.6],1.0,0.0,1.0
1154,0.0,1,578.0,2,1155,1,False,0.0,0,2.0,[2 2],[1. 0.],1,0,[0.6 0.6],1.0,0.0,1.0
1155,0.0,1,578.0,0,1156,0,False,2.0,1,0.0,[1 1],[1. 0.],0,0,[0.6 0.6],1.0,0.0,1.0
1156,0.0,1,579.0,2,1157,1,False,0.0,0,1.0,[1 1],[1. 0.],0,0,[0.6 0.6],1.0,0.0,1.0
1157,1.0,1,579.0,0,1158,0,False,1.0,1,0.0,[2 1],[1. 0.],1,0,[0.6 0.6],1.0,0.0,1.0
1158,0.0,1,580.0,2,1159,1,False,0.0,0,2.0,[2 1],[1. 0.],1,0,[0.6 0.6],1.0,0.0,1.0
1159,1.0,1,580.0,0,1160,0,False,2.0,1,0.0,[1 1],[1. 0.],1,0,[0.6 0.6],1.0,0.0,1.0
1160,0.0,1,581.0,2,1161,1,False,0.0,0,2.0,[1 1],[1. 0.],1,0,[0.6 0.6],1.0,0.0,1.0
1161,1.0,1,581.0,0,1162,0,False,2.0,1,0.0,[2 1],[1. 0.],1,0,[0.6 0.6],1.0,0.0,1.0
1162,0.0,1,582.0,2,1163,1,False,0.0,0,2.0,[2 1],[1. 0.],1,0,[0.6 0.6],1.0,0.0,1.0
1163,1.0,1,582.0,0,1164,0,False,2.0,1,0.0,[1 2],[1. 0.],1,0,[0.6 0.6],1.0,0.0,1.0
1164,0.0,1,583.0,2,1165,1,False,0.0,0,2.0,[1 2],[1. 0.],1,0,[0.6 0.6],1.0,0.0,1.0
1165,0.0,1,583.0,0,1166,0,False,2.0,1,0.0,[2 1],[1. 0.],0,0,[0.6 0.6],1.0,0.0,1.0
1166,0.0,1,584.0,2,1167,1,False,0.0,0,1.0,[2 1],[1. 0.],0,0,[0.6 0.6],1.0,0.0,1.0
1167,1.0,1,584.0,0,1168,0,False,1.0,1,0.0,[1 1],[1. 0.],0,0,[0.6 0.6],1.0,0.0,1.0
1168,0.0,1,585.0,2,1169,1,False,0.0,0,1.0,[1 1],[1. 0.],0,0,[0.6 0.6],1.0,0.0,1.0
1169,1.0,1,585.0,0,1170,0,False,1.0,1,0.0,[1 1],[1. 0.],1,0,[0.6 0.6],1.0,0.0,1.0
1170,0.0,1,586.0,2,1171,1,False,0.0,0,2.0,[1 1],[1. 0.],1,0,[0.6 0.6],1.0,0.0,1.0
1171,1.0,1,586.0,0,1172,0,False,2.0,1,0.0,[1 2],[1. 0.],1,0,[0.6 0.6],1.0,0.0,1.0
1172,0.0,1,587.0,2,1173,1,False,0.0,0,2.0,[1 2],[1. 0.],1,0,[0.6 0.6],1.0,0.0,1.0
1173,0.0,1,587.0,0,1174,0,False,2.0,1,0.0,[1 2],[1. 0.],1,0,[0.6 0.6],1.0,0.0,1.0
1174,0.0,1,588.0,2,1175,1,False,0.0,0,2.0,[1 2],[1. 0.],1,0,[0.6 0.6],1.0,0.0,1.0
1175,0.0,1,588.0,0,1176,0,False,2.0,1,0.0,[2 2],[1. 0.],1,0,[0.6 0.6],1.0,0.0,1.0
1176,0.0,1,589.0,1,1177,1,False,0.0,0,2.0,[2 2],[1. 0.],1,0,[0.6 0.6],1.0,0.0,1.0
1177,0.0,1,589.0,0,1178,0,False,2.0,1,0.0,[1 1],[1. 0.],1,0,[0.6 0.6],1.0,0.0,1.0
1178,0.0,1,590.0,2,1179,1,False,0.0,0,2.0,[1 1],[1. 0.],1,0,[0.6 0.6],1.0,0.0,1.0
1179,1.0,1,590.0,0,1180,0,False,2.0,1,0.0,[2 2],[1. 0.],1,0,[0.6 0.6],1.0,0.0,1.0
1180,0.0,1,591.0,2,1181,1,False,0.0,0,2.0,[2 2],[1. 0.],1,0,[0.6 0.6],1.0,0.0,1.0
1181,0.0,1,591.0,0,1182,0,False,2.0,1,0.0,[1 1],[1. 0.],0,0,[0.6 0.6],1.0,0.0,1.0
1182,0.0,1,592.0,1,1183,1,False,0.0,0,1.0,[1 1],[1. 0.],0,0,[0.6 0.6],1.0,0.0,1.0
1183,1.0,1,592.0,0,1184,0,False,1.0,1,0.0,[2 1],[1. 0.],0,0,[0.6 0.6],1.0,0.0,1.0
1184,0.0,1,593.0,1,1185,1,False,0.0,0,1.0,[2 1],[1. 0.],0,0,[0.6 0.6],1.0,0.0,1.0
1185,0.0,1,593.0,0,1186,0,False,1.0,1,0.0,[2 2],[1. 0.],1,0,[0.6 0.6],1.0,0.0,1.0
1186,0.0,1,594.0,1,1187,1,False,0.0,0,2.0,[2 2],[1. 0.],1,0,[0.6 0.6],1.0,0.0,1.0
1187,0.0,1,594.0,0,1188,0,False,2.0,1,0.0,[1 1],[1. 0.],0,0,[0.6 0.6],1.0,0.0,1.0
1188,0.0,1,595.0,1,1189,1,False,0.0,0,1.0,[1 1],[1. 0.],0,0,[0.6 0.6],1.0,0.0,1.0
1189,1.0,1,595.0,0,1190,0,False,1.0,1,0.0,[2 1],[1. 0.],0,0,[0.6 0.6],1.0,0.0,1.0
1190,0.0,1,596.0,1,1191,1,False,0.0,0,1.0,[2 1],[1. 0.],0,0,[0.6 0.6],1.0,0.0,1.0
1191,0.0,1,596.0,0,1192,0,False,1.0,1,0.0,[1 1],[1. 0.],0,0,[0.6 0.6],1.0,0.0,1.0
1192,0.0,1,597.0,1,1193,1,False,0.0,0,1.0,[1 1],[1. 0.],0,0,[0.6 0.6],1.0,0.0,1.0
1193,1.0,1,597.0,0,1194,0,False,1.0,1,0.0,[1 1],[1. 0.],0,0,[0.6 0.6],1.0,0.0,1.0
1194,0.0,1,598.0,1,1195,1,False,0.0,0,1.0,[1 1],[1. 0.],0,0,[0.6 0.6],1.0,0.0,1.0
1195,1.0,1,598.0,0,1196,0,False,1.0,1,0.0,[1 2],[1. 0.],0,0,[0.6 0.6],1.0,0.0,1.0
1196,0.0,1,599.0,1,1197,1,False,0.0,0,1.0,[1 2],[1. 0.],0,0,[0.6 0.6],1.0,0.0,1.0
1197,1.0,1,599.0,0,1198,0,False,1.0,1,0.0,[1 1],[1. 0.],1,0,[0.6 0.6],1.0,0.0,1.0
1198,0.0,1,600.0,1,1199,1,False,0.0,0,2.0,[1 1],[1. 0.],1,0,[0.6 0.6],1.0,0.0,1.0
1199,1.0,1,600.0,0,1200,0,False,2.0,1,0.0,[1 1],[1. 0.],0,0,[0.6 0.6],1.0,0.0,1.0
1200,0.0,1,601.0,1,1201,1,False,0.0,0,1.0,[1 1],[1. 0.],0,0,[0.6 0.6],1.0,0.0,1.0
1201,1.0,1,601.0,0,1202,0,False,1.0,1,0.0,[2 2],[1. 0.],0,0,[0.6 0.6],1.0,0.0,1.0
1202,0.0,1,602.0,1,1203,1,False,0.0,0,1.0,[2 2],[1. 0.],0,0,[0.6 0.6],1.0,0.0,1.0
1203,0.0,1,602.0,0,1204,0,False,1.0,1,0.0,[1 1],[1. 0.],0,0,[0.6 0.6],1.0,0.0,1.0
1204,0.0,1,603.0,1,1205,1,False,0.0,0,1.0,[1 1],[1. 0.],0,0,[0.6 0.6],1.0,0.0,1.0
1205,1.0,1,603.0,0,1206,0,False,1.0,1,0.0,[1 2],[1. 0.],1,0,[0.6 0.6],1.0,0.0,1.0
1206,0.0,1,604.0,1,1207,1,False,0.0,0,2.0,[1 2],[1. 0.],1,0,[0.6 0.6],1.0,0.0,1.0
1207,1.0,1,604.0,0,1208,0,False,2.0,1,0.0,[2 2],[1. 0.],1,0,[0.6 0.6],1.0,0.0,1.0
1208,0.0,1,605.0,1,1209,1,False,0.0,0,2.0,[2 2],[1. 0.],1,0,[0.6 0.6],1.0,0.0,1.0
1209,0.0,1,605.0,0,1210,0,False,2.0,1,0.0,[2 1],[1. 0.],1,0,[0.6 0.6],1.0,0.0,1.0
1210,0.0,1,606.0,1,1211,1,False,0.0,0,2.0,[2 1],[1. 0.],1,0,[0.6 0.6],1.0,0.0,1.0
1211,0.0,1,606.0,0,1212,0,False,2.0,1,0.0,[1 2],[1. 0.],1,0,[0.6 0.6],1.0,0.0,1.0
1212,0.0,1,607.0,2,1213,1,False,0.0,0,2.0,[1 2],[1. 0.],1,0,[0.6 0.6],1.0,0.0,1.0
1213,0.0,1,607.0,0,1214,0,False,2.0,1,0.0,[2 1],[1. 0.],0,0,[0.6 0.6],1.0,0.0,1.0
1214,0.0,1,608.0,1,1215,1,False,0.0,0,1.0,[2 1],[1. 0.],0,0,[0.6 0.6],1.0,0.0,1.0
1215,0.0,1,608.0,0,1216,0,False,1.0,1,0.0,[1 1],[1. 0.],1,0,[0.6 0.6],1.0,0.0,1.0
1216,0.0,1,609.0,1,1217,1,False,0.0,0,2.0,[1 1],[1. 0.],1,0,[0.6 0.6],1.0,0.0,1.0
1217,1.0,1,609.0,0,1218,0,False,2.0,1,0.0,[1 2],[0. 1.],1,1,[0.6 0.6],1.0,0.0,1.0
1218,0.0,1,610.0,1,1219,1,False,0.0,0,2.0,[1 2],[0. 1.],1,1,[0.6 0.6],1.0,0.0,1.0
1219,0.0,1,610.0,0,1220,0,False,2.0,1,0.0,[2 2],[1. 0.],0,0,[0.6 0.6],1.0,0.0,1.0
1220,0.0,1,611.0,2,1221,1,False,0.0,0,1.0,[2 2],[1. 0.],0,0,[0.6 0.6],1.0,0.0,1.0
1221,0.0,1,611.0,0,1222,0,False,1.0,1,0.0,[2 2],[1. 0.],0,0,[0.6 0.6],1.0,0.0,1.0
1222,0.0,1,612.0,2,1223,1,False,0.0,0,1.0,[2 2],[1. 0.],0,0,[0.6 0.6],1.0,0.0,1.0
1223,0.0,1,612.0,0,1224,0,False,1.0,1,0.0,[1 2],[1. 0.],1,0,[0.6 0.6],1.0,0.0,1.0
1224,0.0,1,613.0,2,1225,1,False,0.0,0,2.0,[1 2],[1. 0.],1,0,[0.6 0.6],1.0,0.0,1.0
1225,0.0,1,613.0,0,1226,0,False,2.0,1,0.0,[2 1],[1. 0.],1,0,[0.6 0.6],1.0,0.0,1.0
1226,0.0,1,614.0,1,1227,1,False,0.0,0,2.0,[2 1],[1. 0.],1,0,[0.6 0.6],1.0,0.0,1.0
1227,0.0,1,614.0,0,1228,0,False,2.0,1,0.0,[2 1],[1. 0.],1,0,[0.6 0.6],1.0,0.0,1.0
1228,0.0,1,615.0,2,1229,1,False,0.0,0,2.0,[2 1],[1. 0.],1,0,[0.6 0.6],1.0,0.0,1.0
1229,1.0,1,615.0,0,1230,0,False,2.0,1,0.0,[1 1],[1. 0.],0,0,[0.6 0.6],1.0,0.0,1.0
1230,0.0,1,616.0,2,1231,1,False,0.0,0,1.0,[1 1],[1. 0.],0,0,[0.6 0.6],1.0,0.0,1.0
1231,1.0,1,616.0,0,1232,0,False,1.0,1,0.0,[2 1],[0. 1.],0,1,[0.6 0.6],1.0,0.0,1.0
1232,0.0,1,617.0,2,1233,1,False,0.0,0,1.0,[2 1],[0. 1.],0,1,[0.6 0.6],1.0,0.0,1.0
1233,0.0,1,617.0,0,1234,0,False,1.0,1,0.0,[2 1],[0. 1.],0,1,[0.6 0.6],1.0,0.0,1.0
1234,0.0,1,618.0,2,1235,1,False,0.0,0,1.0,[2 1],[0. 1.],0,1,[0.6 0.6],1.0,0.0,1.0
1235,0.0,1,618.0,0,1236,0,False,1.0,1,0.0,[1 2],[0. 1.],0,1,[0.6 0.6],1.0,0.0,1.0
1236,0.0,1,619.0,2,1237,1,False,0.0,0,1.0,[1 2],[0. 1.],0,1,[0.6 0.6],1.0,0.0,1.0
1237,1.0,1,619.0,0,1238,0,False,1.0,1,0.0,[1 2],[1. 0.],1,0,[0.6 0.6],1.0,0.0,1.0
1238,0.0,1,620.0,2,1239,1,False,0.0,0,2.0,[1 2],[1. 0.],1,0,[0.6 0.6],1.0,0.0,1.0
1239,0.0,1,620.0,0,1240,0,False,2.0,1,0.0,[1 1],[1. 0.],0,0,[0.6 0.6],1.0,0.0,1.0
1240,0.0,1,621.0,2,1241,1,False,0.0,0,1.0,[1 1],[1. 0.],0,0,[0.6 0.6],1.0,0.0,1.0
1241,1.0,1,621.0,0,1242,0,False,1.0,1,0.0,[2 1],[1. 0.],1,0,[0.6 0.6],1.0,0.0,1.0
1242,0.0,1,622.0,2,1243,1,False,0.0,0,2.0,[2 1],[1. 0.],1,0,[0.6 0.6],1.0,0.0,1.0
1243,1.0,1,622.0,0,1244,0,False,2.0,1,0.0,[2 1],[1. 0.],0,0,[0.6 0.6],1.0,0.0,1.0
1244,0.0,1,623.0,2,1245,1,False,0.0,0,1.0,[2 1],[1. 0.],0,0,[0.6 0.6],1.0,0.0,1.0
1245,1.0,1,623.0,0,1246,0,False,1.0,1,0.0,[2 1],[1. 0.],0,0,[0.6 0.6],1.0,0.0,1.0
1246,0.0,1,624.0,2,1247,1,False,0.0,0,1.0,[2 1],[1. 0.],0,0,[0.6 0.6],1.0,0.0,1.0
1247,1.0,1,624.0,0,1248,0,False,1.0,1,0.0,[1 2],[1. 0.],1,0,[0.6 0.6],1.0,0.0,1.0
1248,0.0,1,625.0,2,1249,1,False,0.0,0,2.0,[1 2],[1. 0.],1,0,[0.6 0.6],1.0,0.0,1.0
1249,0.0,1,625.0,0,1250,0,False,2.0,1,0.0,[2 1],[1. 0.],0,0,[0.6 0.6],1.0,0.0,1.0
1250,0.0,1,626.0,2,1251,1,False,0.0,0,1.0,[2 1],[1. 0.],0,0,[0.6 0.6],1.0,0.0,1.0
1251,1.0,1,626.0,0,1252,0,False,1.0,1,0.0,[1 2],[1. 0.],1,0,[0.6 0.6],1.0,0.0,1.0
1252,0.0,1,627.0,2,1253,1,False,0.0,0,2.0,[1 2],[1. 0.],1,0,[0.6 0.6],1.0,0.0,1.0
1253,0.0,1,627.0,0,1254,0,False,2.0,1,0.0,[2 1],[1. 0.],0,0,[0.6 0.6],1.0,0.0,1.0
1254,0.0,1,628.0,2,1255,1,False,0.0,0,1.0,[2 1],[1. 0.],0,0,[0.6 0.6],1.0,0.0,1.0
1255,1.0,1,628.0,0,1256,0,False,1.0,1,0.0,[2 2],[1. 0.],1,0,[0.6 0.6],1.0,0.0,1.0
1256,0.0,1,629.0,2,1257,1,False,0.0,0,2.0,[2 2],[1. 0.],1,0,[0.6 0.6],1.0,0.0,1.0
1257,0.0,1,629.0,0,1258,0,False,2.0,1,0.0,[2 1],[1. 0.],0,0,[0.6 0.6],1.0,0.0,1.0
1258,0.0,1,630.0,2,1259,1,False,0.0,0,1.0,[2 1],[1. 0.],0,0,[0.6 0.6],1.0,0.0,1.0
1259,1.0,1,630.0,0,1260,0,False,1.0,1,0.0,[2 2],[1. 0.],0,0,[0.6 0.6],1.0,0.0,1.0
1260,0.0,1,631.0,2,1261,1,False,0.0,0,1.0,[2 2],[1. 0.],0,0,[0.6 0.6],1.0,0.0,1.0
1261,0.0,1,631.0,0,1262,0,False,1.0,1,0.0,[2 1],[1. 0.],0,0,[0.6 0.6],1.0,0.0,1.0
1262,0.0,1,632.0,2,1263,1,False,0.0,0,1.0,[2 1],[1. 0.],0,0,[0.6 0.6],1.0,0.0,1.0
1263,1.0,1,632.0,0,1264,0,False,1.0,1,0.0,[2 1],[1. 0.],1,0,[0.6 0.6],1.0,0.0,1.0
1264,0.0,1,633.0,2,1265,1,False,0.0,0,2.0,[2 1],[1. 0.],1,0,[0.6 0.6],1.0,0.0,1.0
1265,1.0,1,633.0,0,1266,0,False,2.0,1,0.0,[1 2],[1. 0.],0,0,[0.6 0.6],1.0,0.0,1.0
1266,0.0,1,634.0,2,1267,1,False,0.0,0,1.0,[1 2],[1. 0.],0,0,[0.6 0.6],1.0,0.0,1.0
1267,0.0,1,634.0,0,1268,0,False,1.0,1,0.0,[2 2],[1. 0.],1,0,[0.6 0.6],1.0,0.0,1.0
1268,0.0,1,635.0,2,1269,1,False,0.0,0,2.0,[2 2],[1. 0.],1,0,[0.6 0.6],1.0,0.0,1.0
1269,0.0,1,635.0,0,1270,0,False,2.0,1,0.0,[1 2],[1. 0.],1,0,[0.6 0.6],1.0,0.0,1.0
1270,0.0,1,636.0,2,1271,1,False,0.0,0,2.0,[1 2],[1. 0.],1,0,[0.6 0.6],1.0,0.0,1.0
1271,0.0,1,636.0,0,1272,0,False,2.0,1,0.0,[1 2],[1. 0.],0,0,[0.6 0.6],1.0,0.0,1.0
1272,0.0,1,637.0,1,1273,1,False,0.0,0,1.0,[1 2],[1. 0.],0,0,[0.6 0.6],1.0,0.0,1.0
1273,1.0,1,637.0,0,1274,0,False,1.0,1,0.0,[2 2],[0. 1.],1,1,[0.6 0.6],1.0,0.0,1.0
1274,0.0,1,638.0,1,1275,1,False,0.0,0,2.0,[2 2],[0. 1.],1,1,[0.6 0.6],1.0,0.0,1.0
1275,1.0,1,638.0,0,1276,0,False,2.0,1,0.0,[2 1],[0. 1.],0,1,[0.6 0.6],1.0,0.0,1.0
1276,0.0,1,639.0,1,1277,1,False,0.0,0,1.0,[2 1],[0. 1.],0,1,[0.6 0.6],1.0,0.0,1.0
1277,1.0,1,639.0,0,1278,0,False,1.0,1,0.0,[2 1],[0. 1.],0,1,[0.6 0.6],1.0,0.0,1.0
1278,0.0,1,640.0,1,1279,1,False,0.0,0,1.0,[2 1],[0. 1.],0,1,[0.6 0.6],1.0,0.0,1.0
1279,1.0,1,640.0,0,1280,0,False,1.0,1,0.0,[2 2],[0. 1.],0,1,[0.6 0.6],1.0,0.0,1.0
1280,0.0,1,641.0,1,1281,1,False,0.0,0,1.0,[2 2],[0. 1.],0,1,[0.6 0.6],1.0,0.0,1.0
1281,1.0,1,641.0,0,1282,0,False,1.0,1,0.0,[1 1],[0. 1.],1,1,[0.6 0.6],1.0,0.0,1.0
1282,0.0,1,642.0,1,1283,1,False,0.0,0,2.0,[1 1],[0. 1.],1,1,[0.6 0.6],1.0,0.0,1.0
1283,0.0,1,642.0,0,1284,0,False,2.0,1,0.0,[1 1],[0. 1.],0,1,[0.6 0.6],1.0,0.0,1.0
1284,0.0,1,643.0,1,1285,1,False,0.0,0,1.0,[1 1],[0. 1.],0,1,[0.6 0.6],1.0,0.0,1.0
1285,0.0,1,643.0,0,1286,0,False,1.0,1,0.0,[2 2],[0. 1.],1,1,[0.6 0.6],1.0,0.0,1.0
1286,0.0,1,644.0,1,1287,1,False,0.0,0,2.0,[2 2],[0. 1.],1,1,[0.6 0.6],1.0,0.0,1.0
1287,1.0,1,644.0,0,1288,0,False,2.0,1,0.0,[2 1],[0. 1.],1,1,[0.6 0.6],1.0,0.0,1.0
1288,0.0,1,645.0,1,1289,1,False,0.0,0,2.0,[2 1],[0. 1.],1,1,[0.6 0.6],1.0,0.0,1.0
1289,1.0,1,645.0,0,1290,0,False,2.0,1,0.0,[1 1],[0. 1.],0,1,[0.6 0.6],1.0,0.0,1.0
1290,0.0,1,646.0,1,1291,1,False,0.0,0,1.0,[1 1],[0. 1.],0,1,[0.6 0.6],1.0,0.0,1.0
1291,0.0,1,646.0,0,1292,0,False,1.0,1,0.0,[1 1],[0. 1.],0,1,[0.6 0.6],1.0,0.0,1.0
1292,0.0,1,647.0,1,1293,1,False,0.0,0,1.0,[1 1],[0. 1.],0,1,[0.6 0.6],1.0,0.0,1.0
1293,0.0,1,647.0,0,1294,0,False,1.0,1,0.0,[2 1],[0. 1.],0,1,[0.6 0.6],1.0,0.0,1.0
1294,0.0,1,648.0,1,1295,1,False,0.0,0,1.0,[2 1],[0. 1.],0,1,[0.6 0.6],1.0,0.0,1.0
1295,1.0,1,648.0,0,1296,0,False,1.0,1,0.0,[1 2],[0. 1.],1,1,[0.6 0.6],1.0,0.0,1.0
1296,0.0,1,649.0,1,1297,1,False,0.0,0,2.0,[1 2],[0. 1.],1,1,[0.6 0.6],1.0,0.0,1.0
1297,0.0,1,649.0,0,1298,0,False,2.0,1,0.0,[1 1],[0. 1.],1,1,[0.6 0.6],1.0,0.0,1.0
1298,0.0,1,650.0,1,1299,1,False,0.0,0,2.0,[1 1],[0. 1.],1,1,[0.6 0.6],1.0,0.0,1.0
1299,0.0,1,650.0,0,1300,0,False,2.0,1,0.0,[1 2],[0. 1.],1,1,[0.6 0.6],1.0,0.0,1.0
1300,0.0,1,651.0,2,1301,1,False,0.0,0,2.0,[1 2],[0. 1.],1,1,[0.6 0.6],1.0,0.0,1.0
1301,1.0,1,651.0,0,1302,0,False,2.0,1,0.0,[1 2],[0. 1.],1,1,[0.6 0.6],1.0,0.0,1.0
1302,0.0,1,652.0,2,1303,1,False,0.0,0,2.0,[1 2],[0. 1.],1,1,[0.6 0.6],1.0,0.0,1.0
1303,1.0,1,652.0,0,1304,0,False,2.0,1,0.0,[1 2],[0. 1.],0,1,[0.6 0.6],1.0,0.0,1.0
1304,0.0,1,653.0,2,1305,1,False,0.0,0,1.0,[1 2],[0. 1.],0,1,[0.6 0.6],1.0,0.0,1.0
1305,1.0,1,653.0,0,1306,0,False,1.0,1,0.0,[2 2],[0. 1.],1,1,[0.6 0.6],1.0,0.0,1.0
1306,0.0,1,654.0,2,1307,1,False,0.0,0,2.0,[2 2],[0. 1.],1,1,[0.6 0.6],1.0,0.0,1.0
1307,1.0,1,654.0,0,1308,0,False,2.0,1,0.0,[1 2],[0. 1.],1,1,[0.6 0.6],1.0,0.0,1.0
1308,0.0,1,655.0,2,1309,1,False,0.0,0,2.0,[1 2],[0. 1.],1,1,[0.6 0.6],1.0,0.0,1.0
1309,1.0,1,655.0,0,1310,0,False,2.0,1,0.0,[1 2],[0. 1.],1,1,[0.6 0.6],1.0,0.0,1.0
1310,0.0,1,656.0,2,1311,1,False,0.0,0,2.0,[1 2],[0. 1.],1,1,[0.6 0.6],1.0,0.0,1.0
1311,1.0,1,656.0,0,1312,0,False,2.0,1,0.0,[2 1],[0. 1.],0,1,[0.6 0.6],1.0,0.0,1.0
1312,0.0,1,657.0,2,1313,1,False,0.0,0,1.0,[2 1],[0. 1.],0,1,[0.6 0.6],1.0,0.0,1.0
1313,0.0,1,657.0,0,1314,0,False,1.0,1,0.0,[1 2],[0. 1.],1,1,[0.6 0.6],1.0,0.0,1.0
1314,0.0,1,658.0,2,1315,1,False,0.0,0,2.0,[1 2],[0. 1.],1,1,[0.6 0.6],1.0,0.0,1.0
1315,1.0,1,658.0,0,1316,0,False,2.0,1,0.0,[1 1],[0. 1.],0,1,[0.6 0.6],1.0,0.0,1.0
1316,0.0,1,659.0,2,1317,1,False,0.0,0,1.0,[1 1],[0. 1.],0,1,[0.6 0.6],1.0,0.0,1.0
1317,0.0,1,659.0,0,1318,0,False,1.0,1,0.0,[1 1],[0. 1.],0,1,[0.6 0.6],1.0,0.0,1.0
1318,0.0,1,660.0,2,1319,1,False,0.0,0,1.0,[1 1],[0. 1.],0,1,[0.6 0.6],1.0,0.0,1.0
1319,0.0,1,660.0,0,1320,0,False,1.0,1,0.0,[2 2],[0. 1.],0,1,[0.6 0.6],1.0,0.0,1.0
1320,0.0,1,661.0,2,1321,1,False,0.0,0,1.0,[2 2],[0. 1.],0,1,[0.6 0.6],1.0,0.0,1.0
1321,1.0,1,661.0,0,1322,0,False,1.0,1,0.0,[2 2],[0. 1.],1,1,[0.6 0.6],1.0,0.0,1.0
1322,0.0,1,662.0,2,1323,1,False,0.0,0,2.0,[2 2],[0. 1.],1,1,[0.6 0.6],1.0,0.0,1.0
1323,1.0,1,662.0,0,1324,0,False,2.0,1,0.0,[2 1],[0. 1.],1,1,[0.6 0.6],1.0,0.0,1.0
1324,0.0,1,663.0,2,1325,1,False,0.0,0,2.0,[2 1],[0. 1.],1,1,[0.6 0.6],1.0,0.0,1.0
1325,0.0,1,663.0,0,1326,0,False,2.0,1,0.0,[2 1],[0. 1.],1,1,[0.6 0.6],1.0,0.0,1.0
1326,0.0,1,664.0,2,1327,1,False,0.0,0,2.0,[2 1],[0. 1.],1,1,[0.6 0.6],1.0,0.0,1.0
1327,0.0,1,664.0,0,1328,0,False,2.0,1,0.0,[1 1],[0. 1.],0,1,[0.6 0.6],1.0,0.0,1.0
1328,0.0,1,665.0,1,1329,1,False,0.0,0,1.0,[1 1],[0. 1.],0,1,[0.6 0.6],1.0,0.0,1.0
1329,0.0,1,665.0,0,1330,0,False,1.0,1,0.0,[1 2],[0. 1.],0,1,[0.6 0.6],1.0,0.0,1.0
1330,0.0,1,666.0,1,1331,1,False,0.0,0,1.0,[1 2],[0. 1.],0,1,[0.6 0.6],1.0,0.0,1.0
1331,0.0,1,666.0,0,1332,0,False,1.0,1,0.0,[1 1],[0. 1.],0,1,[0.6 0.6],1.0,0.0,1.0
1332,0.0,1,667.0,2,1333,1,False,0.0,0,1.0,[1 1],[0. 1.],0,1,[0.6 0.6],1.0,0.0,1.0
1333,0.0,1,667.0,0,1334,0,False,1.0,1,0.0,[1 2],[0. 1.],0,1,[0.6 0.6],1.0,0.0,1.0
1334,0.0,1,668.0,1,1335,1,False,0.0,0,1.0,[1 2],[0. 1.],0,1,[0.6 0.6],1.0,0.0,1.0
1335,0.0,1,668.0,0,1336,0,False,1.0,1,0.0,[1 1],[0. 1.],0,1,[0.6 0.6],1.0,0.0,1.0
1336,0.0,1,669.0,2,1337,1,False,0.0,0,1.0,[1 1],[0. 1.],0,1,[0.6 0.6],1.0,0.0,1.0
1337,0.0,1,669.0,0,1338,0,False,1.0,1,0.0,[2 1],[0. 1.],0,1,[0.6 0.6],1.0,0.0,1.0
1338,0.0,1,670.0,1,1339,1,False,0.0,0,1.0,[2 1],[0. 1.],0,1,[0.6 0.6],1.0,0.0,1.0
1339,1.0,1,670.0,0,1340,0,False,1.0,1,0.0,[1 1],[0. 1.],1,1,[0.6 0.6],1.0,0.0,1.0
1340,0.0,1,671.0,1,1341,1,False,0.0,0,2.0,[1 1],[0. 1.],1,1,[0.6 0.6],1.0,0.0,1.0
1341,0.0,1,671.0,0,1342,0,False,2.0,1,0.0,[1 1],[0. 1.],1,1,[0.6 0.6],1.0,0.0,1.0
1342,0.0,1,672.0,1,1343,1,False,0.0,0,2.0,[1 1],[0. 1.],1,1,[0.6 0.6],1.0,0.0,1.0
1343,0.0,1,672.0,0,1344,0,False,2.0,1,0.0,[1 2],[0. 1.],0,1,[0.6 0.6],1.0,0.0,1.0
1344,0.0,1,673.0,2,1345,1,False,0.0,0,1.0,[1 2],[0. 1.],0,1,[0.6 0.6],1.0,0.0,1.0
1345,1.0,1,673.0,0,1346,0,False,1.0,1,0.0,[1 2],[0. 1.],1,1,[0.6 0.6],1.0,0.0,1.0
1346,0.0,1,674.0,2,1347,1,False,0.0,0,2.0,[1 2],[0. 1.],1,1,[0.6 0.6],1.0,0.0,1.0
1347,1.0,1,674.0,0,1348,0,False,2.0,1,0.0,[1 1],[0. 1.],1,1,[0.6 0.6],1.0,0.0,1.0
1348,0.0,1,675.0,2,1349,1,False,0.0,0,2.0,[1 1],[0. 1.],1,1,[0.6 0.6],1.0,0.0,1.0
1349,0.0,1,675.0,0,1350,0,False,2.0,1,0.0,[1 2],[0. 1.],0,1,[0.6 0.6],1.0,0.0,1.0
1350,0.0,1,676.0,2,1351,1,False,0.0,0,1.0,[1 2],[0. 1.],0,1,[0.6 0.6],1.0,0.0,1.0
1351,1.0,1,676.0,0,1352,0,False,1.0,1,0.0,[2 1],[0. 1.],1,1,[0.6 0.6],1.0,0.0,1.0
1352,0.0,1,677.0,2,1353,1,False,0.0,0,2.0,[2 1],[0. 1.],1,1,[0.6 0.6],1.0,0.0,1.0
1353,0.0,1,677.0,0,1354,0,False,2.0,1,0.0,[2 2],[0. 1.],0,1,[0.6 0.6],1.0,0.0,1.0
1354,0.0,1,678.0,2,1355,1,False,0.0,0,1.0,[2 2],[0. 1.],0,1,[0.6 0.6],1.0,0.0,1.0
1355,1.0,1,678.0,0,1356,0,False,1.0,1,0.0,[1 1],[0. 1.],1,1,[0.6 0.6],1.0,0.0,1.0
1356,0.0,1,679.0,2,1357,1,False,0.0,0,2.0,[1 1],[0. 1.],1,1,[0.6 0.6],1.0,0.0,1.0
1357,0.0,1,679.0,0,1358,0,False,2.0,1,0.0,[2 2],[1. 0.],1,0,[0.6 0.6],1.0,0.0,1.0
1358,0.0,1,680.0,2,1359,1,False,0.0,0,2.0,[2 2],[1. 0.],1,0,[0.6 0.6],1.0,0.0,1.0
1359,0.0,1,680.0,0,1360,0,False,2.0,1,0.0,[1 1],[1. 0.],0,0,[0.6 0.6],1.0,0.0,1.0
1360,0.0,1,681.0,1,1361,1,False,0.0,0,1.0,[1 1],[1. 0.],0,0,[0.6 0.6],1.0,0.0,1.0
1361,1.0,1,681.0,0,1362,0,False,1.0,1,0.0,[1 1],[1. 0.],0,0,[0.6 0.6],1.0,0.0,1.0
1362,0.0,1,682.0,1,1363,1,False,0.0,0,1.0,[1 1],[1. 0.],0,0,[0.6 0.6],1.0,0.0,1.0
1363,1.0,1,682.0,0,1364,0,False,1.0,1,0.0,[1 2],[1. 0.],1,0,[0.6 0.6],1.0,0.0,1.0
1364,0.0,1,683.0,1,1365,1,False,0.0,0,2.0,[1 2],[1. 0.],1,0,[0.6 0.6],1.0,0.0,1.0
1365,1.0,1,683.0,0,1366,0,False,2.0,1,0.0,[1 1],[1. 0.],0,0,[0.6 0.6],1.0,0.0,1.0
1366,0.0,1,684.0,1,1367,1,False,0.0,0,1.0,[1 1],[1. 0.],0,0,[0.6 0.6],1.0,0.0,1.0
1367,1.0,1,684.0,0,1368,0,False,1.0,1,0.0,[1 2],[1. 0.],1,0,[0.6 0.6],1.0,0.0,1.0
1368,0.0,1,685.0,1,1369,1,False,0.0,0,2.0,[1 2],[1. 0.],1,0,[0.6 0.6],1.0,0.0,1.0
1369,1.0,1,685.0,0,1370,0,False,2.0,1,0.0,[1 1],[1. 0.],1,0,[0.6 0.6],1.0,0.0,1.0
1370,0.0,1,686.0,1,1371,1,False,0.0,0,2.0,[1 1],[1. 0.],1,0,[0.6 0.6],1.0,0.0,1.0
1371,1.0,1,686.0,0,1372,0,False,2.0,1,0.0,[1 2],[1. 0.],1,0,[0.6 0.6],1.0,0.0,1.0
1372,0.0,1,687.0,1,1373,1,False,0.0,0,2.0,[1 2],[1. 0.],1,0,[0.6 0.6],1.0,0.0,1.0
1373,1.0,1,687.0,0,1374,0,False,2.0,1,0.0,[1 2],[1. 0.],0,0,[0.6 0.6],1.0,0.0,1.0
1374,0.0,1,688.0,1,1375,1,False,0.0,0,1.0,[1 2],[1. 0.],0,0,[0.6 0.6],1.0,0.0,1.0
1375,1.0,1,688.0,0,1376,0,False,1.0,1,0.0,[2 2],[1. 0.],1,0,[0.6 0.6],1.0,0.0,1.0
1376,0.0,1,689.0,1,1377,1,False,0.0,0,2.0,[2 2],[1. 0.],1,0,[0.6 0.6],1.0,0.0,1.0
1377,0.0,1,689.0,0,1378,0,False,2.0,1,0.0,[1 2],[1. 0.],0,0,[0.6 0.6],1.0,0.0,1.0
1378,0.0,1,690.0,1,1379,1,False,0.0,0,1.0,[1 2],[1. 0.],0,0,[0.6 0.6],1.0,0.0,1.0
1379,1.0,1,690.0,0,1380,0,False,1.0,1,0.0,[1 2],[1. 0.],1,0,[0.6 0.6],1.0,0.0,1.0
1380,0.0,1,691.0,1,1381,1,False,0.0,0,2.0,[1 2],[1. 0.],1,0,[0.6 0.6],1.0,0.0,1.0
1381,1.0,1,691.0,0,1382,0,False,2.0,1,0.0,[1 1],[1. 0.],0,0,[0.6 0.6],1.0,0.0,1.0
1382,0.0,1,692.0,1,1383,1,False,0.0,0,1.0,[1 1],[1. 0.],0,0,[0.6 0.6],1.0,0.0,1.0
1383,1.0,1,692.0,0,1384,0,False,1.0,1,0.0,[1 2],[1. 0.],0,0,[0.6 0.6],1.0,0.0,1.0
1384,0.0,1,693.0,1,1385,1,False,0.0,0,1.0,[1 2],[1. 0.],0,0,[0.6 0.6],1.0,0.0,1.0
1385,1.0,1,693.0,0,1386,0,False,1.0,1,0.0,[2 2],[1. 0.],0,0,[0.6 0.6],1.0,0.0,1.0
1386,0.0,1,694.0,1,1387,1,False,0.0,0,1.0,[2 2],[1. 0.],0,0,[0.6 0.6],1.0,0.0,1.0
1387,0.0,1,694.0,0,1388,0,False,1.0,1,0.0,[2 1],[1. 0.],1,0,[0.6 0.6],1.0,0.0,1.0
1388,0.0,1,695.0,1,1389,1,False,0.0,0,2.0,[2 1],[1. 0.],1,0,[0.6 0.6],1.0,0.0,1.0
1389,0.0,1,695.0,0,1390,0,False,2.0,1,0.0,[1 1],[1. 0.],1,0,[0.6 0.6],1.0,0.0,1.0
1390,0.0,1,696.0,1,1391,1,False,0.0,0,2.0,[1 1],[1. 0.],1,0,[0.6 0.6],1.0,0.0,1.0
1391,1.0,1,696.0,0,1392,0,False,2.0,1,0.0,[1 2],[1. 0.],1,0,[0.6 0.6],1.0,0.0,1.0
1392,0.0,1,697.0,1,1393,1,False,0.0,0,2.0,[1 2],[1. 0.],1,0,[0.6 0.6],1.0,0.0,1.0
1393,1.0,1,697.0,0,1394,0,False,2.0,1,0.0,[1 2],[1. 0.],1,0,[0.6 0.6],1.0,0.0,1.0
1394,0.0,1,698.0,1,1395,1,False,0.0,0,2.0,[1 2],[1. 0.],1,0,[0.6 0.6],1.0,0.0,1.0
1395,1.0,1,698.0,0,1396,0,False,2.0,1,0.0,[2 2],[1. 0.],0,0,[0.6 0.6],1.0,0.0,1.0
1396,0.0,1,699.0,1,1397,1,False,0.0,0,1.0,[2 2],[1. 0.],0,0,[0.6 0.6],1.0,0.0,1.0
1397,0.0,1,699.0,0,1398,0,False,1.0,1,0.0,[1 1],[0. 1.],0,1,[0.6 0.6],1.0,0.0,1.0
1398,0.0,1,700.0,1,1399,1,False,0.0,0,1.0,[1 1],[0. 1.],0,1,[0.6 0.6],1.0,0.0,1.0
1399,0.0,1,700.0,0,1400,0,False,1.0,1,0.0,[1 2],[0. 1.],1,1,[0.6 0.6],1.0,0.0,1.0
1400,0.0,1,701.0,1,1401,1,False,0.0,0,2.0,[1 2],[0. 1.],1,1,[0.6 0.6],1.0,0.0,1.0
1401,0.0,1,701.0,0,1402,0,False,2.0,1,0.0,[2 2],[0. 1.],1,1,[0.6 0.6],1.0,0.0,1.0
1402,0.0,1,702.0,2,1403,1,False,0.0,0,2.0,[2 2],[0. 1.],1,1,[0.6 0.6],1.0,0.0,1.0
1403,1.0,1,702.0,0,1404,0,False,2.0,1,0.0,[2 1],[0. 1.],1,1,[0.6 0.6],1.0,0.0,1.0
1404,0.0,1,703.0,2,1405,1,False,0.0,0,2.0,[2 1],[0. 1.],1,1,[0.6 0.6],1.0,0.0,1.0
1405,0.0,1,703.0,0,1406,0,False,2.0,1,0.0,[1 2],[0. 1.],0,1,[0.6 0.6],1.0,0.0,1.0
1406,0.0,1,704.0,1,1407,1,False,0.0,0,1.0,[1 2],[0. 1.],0,1,[0.6 0.6],1.0,0.0,1.0
1407,0.0,1,704.0,0,1408,0,False,1.0,1,0.0,[1 2],[0. 1.],1,1,[0.6 0.6],1.0,0.0,1.0
1408,0.0,1,705.0,1,1409,1,False,0.0,0,2.0,[1 2],[0. 1.],1,1,[0.6 0.6],1.0,0.0,1.0
1409,0.0,1,705.0,0,1410,0,False,2.0,1,0.0,[2 2],[0. 1.],0,1,[0.6 0.6],1.0,0.0,1.0
1410,0.0,1,706.0,2,1411,1,False,0.0,0,1.0,[2 2],[0. 1.],0,1,[0.6 0.6],1.0,0.0,1.0
1411,1.0,1,706.0,0,1412,0,False,1.0,1,0.0,[2 1],[0. 1.],1,1,[0.6 0.6],1.0,0.0,1.0
1412,0.0,1,707.0,2,1413,1,False,0.0,0,2.0,[2 1],[0. 1.],1,1,[0.6 0.6],1.0,0.0,1.0
1413,0.0,1,707.0,0,1414,0,False,2.0,1,0.0,[2 1],[0. 1.],0,1,[0.6 0.6],1.0,0.0,1.0
1414,0.0,1,708.0,1,1415,1,False,0.0,0,1.0,[2 1],[0. 1.],0,1,[0.6 0.6],1.0,0.0,1.0
1415,1.0,1,708.0,0,1416,0,False,1.0,1,0.0,[2 1],[0. 1.],0,1,[0.6 0.6],1.0,0.0,1.0
1416,0.0,1,709.0,1,1417,1,False,0.0,0,1.0,[2 1],[0. 1.],0,1,[0.6 0.6],1.0,0.0,1.0
1417,1.0,1,709.0,0,1418,0,False,1.0,1,0.0,[2 1],[0. 1.],1,1,[0.6 0.6],1.0,0.0,1.0
1418,0.0,1,710.0,1,1419,1,False,0.0,0,2.0,[2 1],[0. 1.],1,1,[0.6 0.6],1.0,0.0,1.0
1419,1.0,1,710.0,0,1420,0,False,2.0,1,0.0,[1 1],[0. 1.],0,1,[0.6 0.6],1.0,0.0,1.0
1420,0.0,1,711.0,1,1421,1,False,0.0,0,1.0,[1 1],[0. 1.],0,1,[0.6 0.6],1.0,0.0,1.0
1421,0.0,1,711.0,0,1422,0,False,1.0,1,0.0,[1 2],[0. 1.],1,1,[0.6 0.6],1.0,0.0,1.0
1422,0.0,1,712.0,1,1423,1,False,0.0,0,2.0,[1 2],[0. 1.],1,1,[0.6 0.6],1.0,0.0,1.0
1423,0.0,1,712.0,0,1424,0,False,2.0,1,0.0,[2 2],[0. 1.],1,1,[0.6 0.6],1.0,0.0,1.0
1424,0.0,1,713.0,1,1425,1,False,0.0,0,2.0,[2 2],[0. 1.],1,1,[0.6 0.6],1.0,0.0,1.0
1425,1.0,1,713.0,0,1426,0,False,2.0,1,0.0,[1 1],[0. 1.],0,1,[0.6 0.6],1.0,0.0,1.0
1426,0.0,1,714.0,1,1427,1,False,0.0,0,1.0,[1 1],[0. 1.],0,1,[0.6 0.6],1.0,0.0,1.0
1427,0.0,1,714.0,0,1428,0,False,1.0,1,0.0,[1 2],[0. 1.],1,1,[0.6 0.6],1.0,0.0,1.0
1428,0.0,1,715.0,1,1429,1,False,0.0,0,2.0,[1 2],[0. 1.],1,1,[0.6 0.6],1.0,0.0,1.0
1429,0.0,1,715.0,0,1430,0,False,2.0,1,0.0,[1 1],[0. 1.],1,1,[0.6 0.6],1.0,0.0,1.0
1430,0.0,1,716.0,2,1431,1,False,0.0,0,2.0,[1 1],[0. 1.],1,1,[0.6 0.6],1.0,0.0,1.0
1431,0.0,1,716.0,0,1432,0,False,2.0,1,0.0,[1 1],[0. 1.],1,1,[0.6 0.6],1.0,0.0,1.0
1432,0.0,1,717.0,1,1433,1,False,0.0,0,2.0,[1 1],[0. 1.],1,1,[0.6 0.6],1.0,0.0,1.0
1433,0.0,1,717.0,0,1434,0,False,2.0,1,0.0,[2 1],[0. 1.],1,1,[0.6 0.6],1.0,0.0,1.0
1434,0.0,1,718.0,2,1435,1,False,0.0,0,2.0,[2 1],[0. 1.],1,1,[0.6 0.6],1.0,0.0,1.0
1435,0.0,1,718.0,0,1436,0,False,2.0,1,0.0,[2 2],[0. 1.],1,1,[0.6 0.6],1.0,0.0,1.0
1436,0.0,1,719.0,1,1437,1,False,0.0,0,2.0,[2 2],[0. 1.],1,1,[0.6 0.6],1.0,0.0,1.0
1437,1.0,1,719.0,0,1438,0,False,2.0,1,0.0,[2 1],[0. 1.],1,1,[0.6 0.6],1.0,0.0,1.0
1438,0.0,1,720.0,1,1439,1,False,0.0,0,2.0,[2 1],[0. 1.],1,1,[0.6 0.6],1.0,0.0,1.0
1439,1.0,1,720.0,0,1440,0,False,2.0,1,0.0,[1 1],[0. 1.],1,1,[0.6 0.6],1.0,0.0,1.0
1440,0.0,1,721.0,1,1441,1,False,0.0,0,2.0,[1 1],[0. 1.],1,1,[0.6 0.6],1.0,0.0,1.0
1441,0.0,1,721.0,0,1442,0,False,2.0,1,0.0,[2 1],[0. 1.],0,1,[0.6 0.6],1.0,0.0,1.0
1442,0.0,1,722.0,1,1443,1,False,0.0,0,1.0,[2 1],[0. 1.],0,1,[0.6 0.6],1.0,0.0,1.0
1443,1.0,1,722.0,0,1444,0,False,1.0,1,0.0,[2 2],[0. 1.],1,1,[0.6 0.6],1.0,0.0,1.0
1444,0.0,1,723.0,1,1445,1,False,0.0,0,2.0,[2 2],[0. 1.],1,1,[0.6 0.6],1.0,0.0,1.0
1445,1.0,1,723.0,0,1446,0,False,2.0,1,0.0,[2 1],[0. 1.],1,1,[0.6 0.6],1.0,0.0,1.0
1446,0.0,1,724.0,1,1447,1,False,0.0,0,2.0,[2 1],[0. 1.],1,1,[0.6 0.6],1.0,0.0,1.0
1447,1.0,1,724.0,0,1448,0,False,2.0,1,0.0,[1 2],[0. 1.],1,1,[0.6 0.6],1.0,0.0,1.0
1448,0.0,1,725.0,1,1449,1,False,0.0,0,2.0,[1 2],[0. 1.],1,1,[0.6 0.6],1.0,0.0,1.0
1449,0.0,1,725.0,0,1450,0,False,2.0,1,0.0,[2 1],[0. 1.],0,1,[0.6 0.6],1.0,0.0,1.0
1450,0.0,1,726.0,1,1451,1,False,0.0,0,1.0,[2 1],[0. 1.],0,1,[0.6 0.6],1.0,0.0,1.0
1451,1.0,1,726.0,0,1452,0,False,1.0,1,0.0,[1 1],[0. 1.],0,1,[0.6 0.6],1.0,0.0,1.0
1452,0.0,1,727.0,1,1453,1,False,0.0,0,1.0,[1 1],[0. 1.],0,1,[0.6 0.6],1.0,0.0,1.0
1453,0.0,1,727.0,0,1454,0,False,1.0,1,0.0,[2 2],[0. 1.],0,1,[0.6 0.6],1.0,0.0,1.0
1454,0.0,1,728.0,1,1455,1,False,0.0,0,1.0,[2 2],[0. 1.],0,1,[0.6 0.6],1.0,0.0,1.0
1455,1.0,1,728.0,0,1456,0,False,1.0,1,0.0,[2 1],[0. 1.],1,1,[0.6 0.6],1.0,0.0,1.0
1456,0.0,1,729.0,1,1457,1,False,0.0,0,2.0,[2 1],[0. 1.],1,1,[0.6 0.6],1.0,0.0,1.0
1457,1.0,1,729.0,0,1458,0,False,2.0,1,0.0,[2 1],[0. 1.],0,1,[0.6 0.6],1.0,0.0,1.0
1458,0.0,1,730.0,1,1459,1,False,0.0,0,1.0,[2 1],[0. 1.],0,1,[0.6 0.6],1.0,0.0,1.0
1459,1.0,1,730.0,0,1460,0,False,1.0,1,0.0,[1 2],[0. 1.],0,1,[0.6 0.6],1.0,0.0,1.0
1460,0.0,1,731.0,1,1461,1,False,0.0,0,1.0,[1 2],[0. 1.],0,1,[0.6 0.6],1.0,0.0,1.0
1461,0.0,1,731.0,0,1462,0,False,1.0,1,0.0,[2 2],[0. 1.],0,1,[0.6 0.6],1.0,0.0,1.0
1462,0.0,1,732.0,1,1463,1,False,0.0,0,1.0,[2 2],[0. 1.],0,1,[0.6 0.6],1.0,0.0,1.0
1463,1.0,1,732.0,0,1464,0,False,1.0,1,0.0,[1 1],[0. 1.],1,1,[0.6 0.6],1.0,0.0,1.0
1464,0.0,1,733.0,1,1465,1,False,0.0,0,2.0,[1 1],[0. 1.],1,1,[0.6 0.6],1.0,0.0,1.0
1465,0.0,1,733.0,0,1466,0,False,2.0,1,0.0,[2 1],[0. 1.],1,1,[0.6 0.6],1.0,0.0,1.0
1466,0.0,1,734.0,1,1467,1,False,0.0,0,2.0,[2 1],[0. 1.],1,1,[0.6 0.6],1.0,0.0,1.0
1467,1.0,1,734.0,0,1468,0,False,2.0,1,0.0,[2 2],[0. 1.],1,1,[0.6 0.6],1.0,0.0,1.0
1468,0.0,1,735.0,1,1469,1,False,0.0,0,2.0,[2 2],[0. 1.],1,1,[0.6 0.6],1.0,0.0,1.0
1469,1.0,1,735.0,0,1470,0,False,2.0,1,0.0,[2 1],[0. 1.],1,1,[0.6 0.6],1.0,0.0,1.0
1470,0.0,1,736.0,1,1471,1,False,0.0,0,2.0,[2 1],[0. 1.],1,1,[0.6 0.6],1.0,0.0,1.0
1471,1.0,1,736.0,0,1472,0,False,2.0,1,0.0,[1 2],[0. 1.],1,1,[0.6 0.6],1.0,0.0,1.0
1472,0.0,1,737.0,1,1473,1,False,0.0,0,2.0,[1 2],[0. 1.],1,1,[0.6 0.6],1.0,0.0,1.0
1473,0.0,1,737.0,0,1474,0,False,2.0,1,0.0,[2 1],[0. 1.],1,1,[0.6 0.6],1.0,0.0,1.0
1474,0.0,1,738.0,1,1475,1,False,0.0,0,2.0,[2 1],[0. 1.],1,1,[0.6 0.6],1.0,0.0,1.0
1475,1.0,1,738.0,0,1476,0,False,2.0,1,0.0,[2 2],[0. 1.],1,1,[0.6 0.6],1.0,0.0,1.0
1476,0.0,1,739.0,1,1477,1,False,0.0,0,2.0,[2 2],[0. 1.],1,1,[0.6 0.6],1.0,0.0,1.0
1477,1.0,1,739.0,0,1478,0,False,2.0,1,0.0,[2 1],[0. 1.],1,1,[0.6 0.6],1.0,0.0,1.0
1478,0.0,1,740.0,1,1479,1,False,0.0,0,2.0,[2 1],[0. 1.],1,1,[0.6 0.6],1.0,0.0,1.0
1479,1.0,1,740.0,0,1480,0,False,2.0,1,0.0,[1 1],[0. 1.],0,1,[0.6 0.6],1.0,0.0,1.0
1480,0.0,1,741.0,1,1481,1,False,0.0,0,1.0,[1 1],[0. 1.],0,1,[0.6 0.6],1.0,0.0,1.0
1481,0.0,1,741.0,0,1482,0,False,1.0,1,0.0,[2 2],[0. 1.],0,1,[0.6 0.6],1.0,0.0,1.0
1482,0.0,1,742.0,1,1483,1,False,0.0,0,1.0,[2 2],[0. 1.],0,1,[0.6 0.6],1.0,0.0,1.0
1483,1.0,1,742.0,0,1484,0,False,1.0,1,0.0,[2 1],[0. 1.],0,1,[0.6 0.6],1.0,0.0,1.0
1484,0.0,1,743.0,1,1485,1,False,0.0,0,1.0,[2 1],[0. 1.],0,1,[0.6 0.6],1.0,0.0,1.0
1485,1.0,1,743.0,0,1486,0,False,1.0,1,0.0,[1 1],[0. 1.],1,1,[0.6 0.6],1.0,0.0,1.0
1486,0.0,1,744.0,1,1487,1,False,0.0,0,2.0,[1 1],[0. 1.],1,1,[0.6 0.6],1.0,0.0,1.0
1487,0.0,1,744.0,0,1488,0,False,2.0,1,0.0,[1 1],[0. 1.],1,1,[0.6 0.6],1.0,0.0,1.0
1488,0.0,1,745.0,1,1489,1,False,0.0,0,2.0,[1 1],[0. 1.],1,1,[0.6 0.6],1.0,0.0,1.0
1489,0.0,1,745.0,0,1490,0,False,2.0,1,0.0,[2 1],[0. 1.],1,1,[0.6 0.6],1.0,0.0,1.0
1490,0.0,1,746.0,1,1491,1,False,0.0,0,2.0,[2 1],[0. 1.],1,1,[0.6 0.6],1.0,0.0,1.0
1491,1.0,1,746.0,0,1492,0,False,2.0,1,0.0,[2 2],[0. 1.],1,1,[0.6 0.6],1.0,0.0,1.0
1492,0.0,1,747.0,1,1493,1,False,0.0,0,2.0,[2 2],[0. 1.],1,1,[0.6 0.6],1.0,0.0,1.0
1493,1.0,1,747.0,0,1494,0,False,2.0,1,0.0,[2 2],[0. 1.],0,1,[0.6 0.6],1.0,0.0,1.0
1494,0.0,1,748.0,1,1495,1,False,0.0,0,1.0,[2 2],[0. 1.],0,1,[0.6 0.6],1.0,0.0,1.0
1495,1.0,1,748.0,0,1496,0,False,1.0,1,0.0,[2 2],[0. 1.],0,1,[0.6 0.6],1.0,0.0,1.0
1496,0.0,1,749.0,1,1497,1,False,0.0,0,1.0,[2 2],[0. 1.],0,1,[0.6 0.6],1.0,0.0,1.0
1497,1.0,1,749.0,0,1498,0,False,1.0,1,0.0,[2 1],[0. 1.],0,1,[0.6 0.6],1.0,0.0,1.0
1498,0.0,1,750.0,1,1499,1,False,0.0,0,1.0,[2 1],[0. 1.],0,1,[0.6 0.6],1.0,0.0,1.0
1499,1.0,1,750.0,0,1500,0,False,1.0,1,0.0,[1 1],[0. 1.],1,1,[0.6 0.6],1.0,0.0,1.0
1500,0.0,1,751.0,1,1501,1,False,0.0,0,2.0,[1 1],[0. 1.],1,1,[0.6 0.6],1.0,0.0,1.0
1501,0.0,1,751.0,0,1502,0,False,2.0,1,0.0,[1 1],[0. 1.],0,1,[0.6 0.6],1.0,0.0,1.0
1502,0.0,1,752.0,1,1503,1,False,0.0,0,1.0,[1 1],[0. 1.],0,1,[0.6 0.6],1.0,0.0,1.0
1503,0.0,1,752.0,0,1504,0,False,1.0,1,0.0,[2 1],[0. 1.],0,1,[0.6 0.6],1.0,0.0,1.0
1504,0.0,1,753.0,1,1505,1,False,0.0,0,1.0,[2 1],[0. 1.],0,1,[0.6 0.6],1.0,0.0,1.0
1505,1.0,1,753.0,0,1506,0,False,1.0,1,0.0,[2 1],[0. 1.],1,1,[0.6 0.6],1.0,0.0,1.0
1506,0.0,1,754.0,1,1507,1,False,0.0,0,2.0,[2 1],[0. 1.],1,1,[0.6 0.6],1.0,0.0,1.0
1507,1.0,1,754.0,0,1508,0,False,2.0,1,0.0,[1 1],[0. 1.],0,1,[0.6 0.6],1.0,0.0,1.0
1508,0.0,1,755.0,1,1509,1,False,0.0,0,1.0,[1 1],[0. 1.],0,1,[0.6 0.6],1.0,0.0,1.0
1509,0.0,1,755.0,0,1510,0,False,1.0,1,0.0,[1 2],[1. 0.],0,0,[0.6 0.6],1.0,0.0,1.0
1510,0.0,1,756.0,1,1511,1,False,0.0,0,1.0,[1 2],[1. 0.],0,0,[0.6 0.6],1.0,0.0,1.0
1511,1.0,1,756.0,0,1512,0,False,1.0,1,0.0,[1 1],[1. 0.],0,0,[0.6 0.6],1.0,0.0,1.0
1512,0.0,1,757.0,1,1513,1,False,0.0,0,1.0,[1 1],[1. 0.],0,0,[0.6 0.6],1.0,0.0,1.0
1513,1.0,1,757.0,0,1514,0,False,1.0,1,0.0,[2 1],[1. 0.],1,0,[0.6 0.6],1.0,0.0,1.0
1514,0.0,1,758.0,1,1515,1,False,0.0,0,2.0,[2 1],[1. 0.],1,0,[0.6 0.6],1.0,0.0,1.0
1515,0.0,1,758.0,0,1516,0,False,2.0,1,0.0,[2 1],[1. 0.],1,0,[0.6 0.6],1.0,0.0,1.0
1516,0.0,1,759.0,1,1517,1,False,0.0,0,2.0,[2 1],[1. 0.],1,0,[0.6 0.6],1.0,0.0,1.0
1517,0.0,1,759.0,0,1518,0,False,2.0,1,0.0,[1 2],[1. 0.],1,0,[0.6 0.6],1.0,0.0,1.0
1518,0.0,1,760.0,1,1519,1,False,0.0,0,2.0,[1 2],[1. 0.],1,0,[0.6 0.6],1.0,0.0,1.0
1519,1.0,1,760.0,0,1520,0,False,2.0,1,0.0,[1 1],[1. 0.],0,0,[0.6 0.6],1.0,0.0,1.0
1520,0.0,1,761.0,1,1521,1,False,0.0,0,1.0,[1 1],[1. 0.],0,0,[0.6 0.6],1.0,0.0,1.0
1521,1.0,1,761.0,0,1522,0,False,1.0,1,0.0,[2 2],[1. 0.],0,0,[0.6 0.6],1.0,0.0,1.0
1522,0.0,1,762.0,1,1523,1,False,0.0,0,1.0,[2 2],[1. 0.],0,0,[0.6 0.6],1.0,0.0,1.0
1523,0.0,1,762.0,0,1524,0,False,1.0,1,0.0,[1 1],[1. 0.],1,0,[0.6 0.6],1.0,0.0,1.0
1524,0.0,1,763.0,1,1525,1,False,0.0,0,2.0,[1 1],[1. 0.],1,0,[0.6 0.6],1.0,0.0,1.0
1525,1.0,1,763.0,0,1526,0,False,2.0,1,0.0,[2 1],[1. 0.],0,0,[0.6 0.6],1.0,0.0,1.0
1526,0.0,1,764.0,1,1527,1,False,0.0,0,1.0,[2 1],[1. 0.],0,0,[0.6 0.6],1.0,0.0,1.0
1527,0.0,1,764.0,0,1528,0,False,1.0,1,0.0,[1 1],[1. 0.],1,0,[0.6 0.6],1.0,0.0,1.0
1528,0.0,1,765.0,1,1529,1,False,0.0,0,2.0,[1 1],[1. 0.],1,0,[0.6 0.6],1.0,0.0,1.0
1529,1.0,1,765.0,0,1530,0,False,2.0,1,0.0,[2 1],[1. 0.],1,0,[0.6 0.6],1.0,0.0,1.0
1530,0.0,1,766.0,1,1531,1,False,0.0,0,2.0,[2 1],[1. 0.],1,0,[0.6 0.6],1.0,0.0,1.0
1531,0.0,1,766.0,0,1532,0,False,2.0,1,0.0,[1 2],[1. 0.],1,0,[0.6 0.6],1.0,0.0,1.0
1532,0.0,1,767.0,1,1533,1,False,0.0,0,2.0,[1 2],[1. 0.],1,0,[0.6 0.6],1.0,0.0,1.0
1533,1.0,1,767.0,0,1534,0,False,2.0,1,0.0,[2 1],[1. 0.],1,0,[0.6 0.6],1.0,0.0,1.0
1534,0.0,1,768.0,1,1535,1,False,0.0,0,2.0,[2 1],[1. 0.],1,0,[0.6 0.6],1.0,0.0,1.0
1535,0.0,1,768.0,0,1536,0,False,2.0,1,0.0,[2 2],[1. 0.],1,0,[0.6 0.6],1.0,0.0,1.0
1536,0.0,1,769.0,1,1537,1,False,0.0,0,2.0,[2 2],[1. 0.],1,0,[0.6 0.6],1.0,0.0,1.0
1537,0.0,1,769.0,0,1538,0,False,2.0,1,0.0,[1 1],[1. 0.],1,0,[0.6 0.6],1.0,0.0,1.0
1538,0.0,1,770.0,1,1539,1,False,0.0,0,2.0,[1 1],[1. 0.],1,0,[0.6 0.6],1.0,0.0,1.0
1539,1.0,1,770.0,0,1540,0,False,2.0,1,0.0,[2 1],[1. 0.],1,0,[0.6 0.6],1.0,0.0,1.0
1540,0.0,1,771.0,1,1541,1,False,0.0,0,2.0,[2 1],[1. 0.],1,0,[0.6 0.6],1.0,0.0,1.0
1541,0.0,1,771.0,0,1542,0,False,2.0,1,0.0,[1 1],[1. 0.],1,0,[0.6 0.6],1.0,0.0,1.0
1542,0.0,1,772.0,1,1543,1,False,0.0,0,2.0,[1 1],[1. 0.],1,0,[0.6 0.6],1.0,0.0,1.0
1543,1.0,1,772.0,0,1544,0,False,2.0,1,0.0,[2 2],[1. 0.],0,0,[0.6 0.6],1.0,0.0,1.0
1544,0.0,1,773.0,1,1545,1,False,0.0,0,1.0,[2 2],[1. 0.],0,0,[0.6 0.6],1.0,0.0,1.0
1545,0.0,1,773.0,0,1546,0,False,1.0,1,0.0,[2 2],[1. 0.],1,0,[0.6 0.6],1.0,0.0,1.0
1546,0.0,1,774.0,1,1547,1,False,0.0,0,2.0,[2 2],[1. 0.],1,0,[0.6 0.6],1.0,0.0,1.0
1547,0.0,1,774.0,0,1548,0,False,2.0,1,0.0,[2 1],[1. 0.],1,0,[0.6 0.6],1.0,0.0,1.0
1548,0.0,1,775.0,2,1549,1,False,0.0,0,2.0,[2 1],[1. 0.],1,0,[0.6 0.6],1.0,0.0,1.0
1549,1.0,1,775.0,0,1550,0,False,2.0,1,0.0,[1 2],[0. 1.],0,1,[0.6 0.6],1.0,0.0,1.0
1550,0.0,1,776.0,2,1551,1,False,0.0,0,1.0,[1 2],[0. 1.],0,1,[0.6 0.6],1.0,0.0,1.0
1551,1.0,1,776.0,0,1552,0,False,1.0,1,0.0,[1 1],[0. 1.],1,1,[0.6 0.6],1.0,0.0,1.0
1552,0.0,1,777.0,2,1553,1,False,0.0,0,2.0,[1 1],[0. 1.],1,1,[0.6 0.6],1.0,0.0,1.0
1553,0.0,1,777.0,0,1554,0,False,2.0,1,0.0,[2 1],[0. 1.],1,1,[0.6 0.6],1.0,0.0,1.0
1554,0.0,1,778.0,2,1555,1,False,0.0,0,2.0,[2 1],[0. 1.],1,1,[0.6 0.6],1.0,0.0,1.0
1555,0.0,1,778.0,0,1556,0,False,2.0,1,0.0,[2 2],[0. 1.],1,1,[0.6 0.6],1.0,0.0,1.0
1556,0.0,1,779.0,1,1557,1,False,0.0,0,2.0,[2 2],[0. 1.],1,1,[0.6 0.6],1.0,0.0,1.0
1557,1.0,1,779.0,0,1558,0,False,2.0,1,0.0,[2 1],[0. 1.],0,1,[0.6 0.6],1.0,0.0,1.0
1558,0.0,1,780.0,1,1559,1,False,0.0,0,1.0,[2 1],[0. 1.],0,1,[0.6 0.6],1.0,0.0,1.0
1559,1.0,1,780.0,0,1560,0,False,1.0,1,0.0,[2 2],[0. 1.],1,1,[0.6 0.6],1.0,0.0,1.0
1560,0.0,1,781.0,1,1561,1,False,0.0,0,2.0,[2 2],[0. 1.],1,1,[0.6 0.6],1.0,0.0,1.0
1561,1.0,1,781.0,0,1562,0,False,2.0,1,0.0,[2 2],[0. 1.],1,1,[0.6 0.6],1.0,0.0,1.0
1562,0.0,1,782.0,1,1563,1,False,0.0,0,2.0,[2 2],[0. 1.],1,1,[0.6 0.6],1.0,0.0,1.0
1563,1.0,1,782.0,0,1564,0,False,2.0,1,0.0,[2 2],[0. 1.],1,1,[0.6 0.6],1.0,0.0,1.0
1564,0.0,1,783.0,1,1565,1,False,0.0,0,2.0,[2 2],[0. 1.],1,1,[0.6 0.6],1.0,0.0,1.0
1565,1.0,1,783.0,0,1566,0,False,2.0,1,0.0,[2 1],[0. 1.],0,1,[0.6 0.6],1.0,0.0,1.0
1566,0.0,1,784.0,1,1567,1,False,0.0,0,1.0,[2 1],[0. 1.],0,1,[0.6 0.6],1.0,0.0,1.0
1567,1.0,1,784.0,0,1568,0,False,1.0,1,0.0,[1 1],[0. 1.],0,1,[0.6 0.6],1.0,0.0,1.0
1568,0.0,1,785.0,1,1569,1,False,0.0,0,1.0,[1 1],[0. 1.],0,1,[0.6 0.6],1.0,0.0,1.0
1569,0.0,1,785.0,0,1570,0,False,1.0,1,0.0,[1 2],[0. 1.],0,1,[0.6 0.6],1.0,0.0,1.0
1570,0.0,1,786.0,1,1571,1,False,0.0,0,1.0,[1 2],[0. 1.],0,1,[0.6 0.6],1.0,0.0,1.0
1571,0.0,1,786.0,0,1572,0,False,1.0,1,0.0,[1 1],[0. 1.],1,1,[0.6 0.6],1.0,0.0,1.0
1572,0.0,1,787.0,1,1573,1,False,0.0,0,2.0,[1 1],[0. 1.],1,1,[0.6 0.6],1.0,0.0,1.0
1573,0.0,1,787.0,0,1574,0,False,2.0,1,0.0,[1 2],[0. 1.],1,1,[0.6 0.6],1.0,0.0,1.0
1574,0.0,1,788.0,1,1575,1,False,0.0,0,2.0,[1 2],[0. 1.],1,1,[0.6 0.6],1.0,0.0,1.0
1575,0.0,1,788.0,0,1576,0,False,2.0,1,0.0,[1 2],[0. 1.],1,1,[0.6 0.6],1.0,0.0,1.0
1576,0.0,1,789.0,2,1577,1,False,0.0,0,2.0,[1 2],[0. 1.],1,1,[0.6 0.6],1.0,0.0,1.0
1577,1.0,1,789.0,0,1578,0,False,2.0,1,0.0,[2 1],[0. 1.],1,1,[0.6 0.6],1.0,0.0,1.0
1578,0.0,1,790.0,2,1579,1,False,0.0,0,2.0,[2 1],[0. 1.],1,1,[0.6 0.6],1.0,0.0,1.0
1579,0.0,1,790.0,0,1580,0,False,2.0,1,0.0,[2 1],[0. 1.],1,1,[0.6 0.6],1.0,0.0,1.0
1580,0.0,1,791.0,1,1581,1,False,0.0,0,2.0,[2 1],[0. 1.],1,1,[0.6 0.6],1.0,0.0,1.0
1581,1.0,1,791.0,0,1582,0,False,2.0,1,0.0,[2 1],[0. 1.],0,1,[0.6 0.6],1.0,0.0,1.0
1582,0.0,1,792.0,1,1583,1,False,0.0,0,1.0,[2 1],[0. 1.],0,1,[0.6 0.6],1.0,0.0,1.0
1583,1.0,1,792.0,0,1584,0,False,1.0,1,0.0,[1 1],[0. 1.],1,1,[0.6 0.6],1.0,0.0,1.0
1584,0.0,1,793.0,1,1585,1,False,0.0,0,2.0,[1 1],[0. 1.],1,1,[0.6 0.6],1.0,0.0,1.0
1585,0.0,1,793.0,0,1586,0,False,2.0,1,0.0,[1 1],[0. 1.],0,1,[0.6 0.6],1.0,0.0,1.0
1586,0.0,1,794.0,1,1587,1,False,0.0,0,1.0,[1 1],[0. 1.],0,1,[0.6 0.6],1.0,0.0,1.0
1587,0.0,1,794.0,0,1588,0,False,1.0,1,0.0,[2 1],[0. 1.],1,1,[0.6 0.6],1.0,0.0,1.0
1588,0.0,1,795.0,1,1589,1,False,0.0,0,2.0,[2 1],[0. 1.],1,1,[0.6 0.6],1.0,0.0,1.0
1589,1.0,1,795.0,0,1590,0,False,2.0,1,0.0,[1 2],[0. 1.],0,1,[0.6 0.6],1.0,0.0,1.0
1590,0.0,1,796.0,1,1591,1,False,0.0,0,1.0,[1 2],[0. 1.],0,1,[0.6 0.6],1.0,0.0,1.0
1591,0.0,1,796.0,0,1592,0,False,1.0,1,0.0,[1 2],[0. 1.],1,1,[0.6 0.6],1.0,0.0,1.0
1592,0.0,1,797.0,1,1593,1,False,0.0,0,2.0,[1 2],[0. 1.],1,1,[0.6 0.6],1.0,0.0,1.0
1593,0.0,1,797.0,0,1594,0,False,2.0,1,0.0,[1 1],[0. 1.],1,1,[0.6 0.6],1.0,0.0,1.0
1594,0.0,1,798.0,1,1595,1,False,0.0,0,2.0,[1 1],[0. 1.],1,1,[0.6 0.6],1.0,0.0,1.0
1595,0.0,1,798.0,0,1596,0,False,2.0,1,0.0,[2 1],[0. 1.],1,1,[0.6 0.6],1.0,0.0,1.0
1596,0.0,1,799.0,2,1597,1,False,0.0,0,2.0,[2 1],[0. 1.],1,1,[0.6 0.6],1.0,0.0,1.0
1597,0.0,1,799.0,0,1598,0,False,2.0,1,0.0,[2 2],[0. 1.],0,1,[0.6 0.6],1.0,0.0,1.0
1598,0.0,1,800.0,1,1599,1,False,0.0,0,1.0,[2 2],[0. 1.],0,1,[0.6 0.6],1.0,0.0,1.0
1599,1.0,1,800.0,0,1600,0,False,1.0,1,0.0,[1 1],[0. 1.],0,1,[0.6 0.6],1.0,0.0,1.0
1600,0.0,1,801.0,1,1601,1,False,0.0,0,1.0,[1 1],[0. 1.],0,1,[0.6 0.6],1.0,0.0,1.0
1601,0.0,1,801.0,0,1602,0,False,1.0,1,0.0,[1 1],[0. 1.],1,1,[0.6 0.6],1.0,0.0,1.0
1602,0.0,1,802.0,1,1603,1,False,0.0,0,2.0,[1 1],[0. 1.],1,1,[0.6 0.6],1.0,0.0,1.0
1603,0.0,1,802.0,0,1604,0,False,2.0,1,0.0,[2 1],[0. 1.],0,1,[0.6 0.6],1.0,0.0,1.0
1604,0.0,1,803.0,2,1605,1,False,0.0,0,1.0,[2 1],[0. 1.],0,1,[0.6 0.6],1.0,0.0,1.0
1605,0.0,1,803.0,0,1606,0,False,1.0,1,0.0,[1 2],[0. 1.],1,1,[0.6 0.6],1.0,0.0,1.0
1606,0.0,1,804.0,1,1607,1,False,0.0,0,2.0,[1 2],[0. 1.],1,1,[0.6 0.6],1.0,0.0,1.0
1607,0.0,1,804.0,0,1608,0,False,2.0,1,0.0,[2 2],[0. 1.],1,1,[0.6 0.6],1.0,0.0,1.0
1608,0.0,1,805.0,2,1609,1,False,0.0,0,2.0,[2 2],[0. 1.],1,1,[0.6 0.6],1.0,0.0,1.0
1609,1.0,1,805.0,0,1610,0,False,2.0,1,0.0,[2 1],[0. 1.],0,1,[0.6 0.6],1.0,0.0,1.0
1610,0.0,1,806.0,2,1611,1,False,0.0,0,1.0,[2 1],[0. 1.],0,1,[0.6 0.6],1.0,0.0,1.0
1611,0.0,1,806.0,0,1612,0,False,1.0,1,0.0,[2 2],[0. 1.],1,1,[0.6 0.6],1.0,0.0,1.0
1612,0.0,1,807.0,2,1613,1,False,0.0,0,2.0,[2 2],[0. 1.],1,1,[0.6 0.6],1.0,0.0,1.0
1613,1.0,1,807.0,0,1614,0,False,2.0,1,0.0,[2 2],[0. 1.],1,1,[0.6 0.6],1.0,0.0,1.0
1614,0.0,1,808.0,2,1615,1,False,0.0,0,2.0,[2 2],[0. 1.],1,1,[0.6 0.6],1.0,0.0,1.0
1615,1.0,1,808.0,0,1616,0,False,2.0,1,0.0,[2 1],[0. 1.],1,1,[0.6 0.6],1.0,0.0,1.0
1616,0.0,1,809.0,2,1617,1,False,0.0,0,2.0,[2 1],[0. 1.],1,1,[0.6 0.6],1.0,0.0,1.0
1617,0.0,1,809.0,0,1618,0,False,2.0,1,0.0,[1 1],[0. 1.],0,1,[0.6 0.6],1.0,0.0,1.0
1618,0.0,1,810.0,2,1619,1,False,0.0,0,1.0,[1 1],[0. 1.],0,1,[0.6 0.6],1.0,0.0,1.0
1619,0.0,1,810.0,0,1620,0,False,1.0,1,0.0,[1 1],[0. 1.],1,1,[0.6 0.6],1.0,0.0,1.0
1620,0.0,1,811.0,2,1621,1,False,0.0,0,2.0,[1 1],[0. 1.],1,1,[0.6 0.6],1.0,0.0,1.0
1621,0.0,1,811.0,0,1622,0,False,2.0,1,0.0,[1 1],[0. 1.],0,1,[0.6 0.6],1.0,0.0,1.0
1622,0.0,1,812.0,1,1623,1,False,0.0,0,1.0,[1 1],[0. 1.],0,1,[0.6 0.6],1.0,0.0,1.0
1623,0.0,1,812.0,0,1624,0,False,1.0,1,0.0,[1 1],[0. 1.],1,1,[0.6 0.6],1.0,0.0,1.0
1624,0.0,1,813.0,2,1625,1,False,0.0,0,2.0,[1 1],[0. 1.],1,1,[0.6 0.6],1.0,0.0,1.0
1625,0.0,1,813.0,0,1626,0,False,2.0,1,0.0,[1 1],[0. 1.],0,1,[0.6 0.6],1.0,0.0,1.0
1626,0.0,1,814.0,2,1627,1,False,0.0,0,1.0,[1 1],[0. 1.],0,1,[0.6 0.6],1.0,0.0,1.0
1627,0.0,1,814.0,0,1628,0,False,1.0,1,0.0,[2 1],[0. 1.],1,1,[0.6 0.6],1.0,0.0,1.0
1628,0.0,1,815.0,1,1629,1,False,0.0,0,2.0,[2 1],[0. 1.],1,1,[0.6 0.6],1.0,0.0,1.0
1629,1.0,1,815.0,0,1630,0,False,2.0,1,0.0,[1 1],[0. 1.],0,1,[0.6 0.6],1.0,0.0,1.0
1630,0.0,1,816.0,1,1631,1,False,0.0,0,1.0,[1 1],[0. 1.],0,1,[0.6 0.6],1.0,0.0,1.0
1631,0.0,1,816.0,0,1632,0,False,1.0,1,0.0,[2 2],[0. 1.],0,1,[0.6 0.6],1.0,0.0,1.0
1632,0.0,1,817.0,1,1633,1,False,0.0,0,1.0,[2 2],[0. 1.],0,1,[0.6 0.6],1.0,0.0,1.0
1633,1.0,1,817.0,0,1634,0,False,1.0,1,0.0,[1 2],[0. 1.],1,1,[0.6 0.6],1.0,0.0,1.0
1634,0.0,1,818.0,1,1635,1,False,0.0,0,2.0,[1 2],[0. 1.],1,1,[0.6 0.6],1.0,0.0,1.0
1635,0.0,1,818.0,0,1636,0,False,2.0,1,0.0,[2 2],[0. 1.],1,1,[0.6 0.6],1.0,0.0,1.0
1636,0.0,1,819.0,1,1637,1,False,0.0,0,2.0,[2 2],[0. 1.],1,1,[0.6 0.6],1.0,0.0,1.0
1637,1.0,1,819.0,0,1638,0,False,2.0,1,0.0,[2 2],[0. 1.],0,1,[0.6 0.6],1.0,0.0,1.0
1638,0.0,1,820.0,1,1639,1,False,0.0,0,1.0,[2 2],[0. 1.],0,1,[0.6 0.6],1.0,0.0,1.0
1639,1.0,1,820.0,0,1640,0,False,1.0,1,0.0,[1 1],[0. 1.],0,1,[0.6 0.6],1.0,0.0,1.0
1640,0.0,1,821.0,1,1641,1,False,0.0,0,1.0,[1 1],[0. 1.],0,1,[0.6 0.6],1.0,0.0,1.0
1641,0.0,1,821.0,0,1642,0,False,1.0,1,0.0,[2 1],[0. 1.],0,1,[0.6 0.6],1.0,0.0,1.0
1642,0.0,1,822.0,1,1643,1,False,0.0,0,1.0,[2 1],[0. 1.],0,1,[0.6 0.6],1.0,0.0,1.0
1643,1.0,1,822.0,0,1644,0,False,1.0,1,0.0,[1 1],[0. 1.],1,1,[0.6 0.6],1.0,0.0,1.0
1644,0.0,1,823.0,1,1645,1,False,0.0,0,2.0,[1 1],[0. 1.],1,1,[0.6 0.6],1.0,0.0,1.0
1645,0.0,1,823.0,0,1646,0,False,2.0,1,0.0,[2 2],[0. 1.],0,1,[0.6 0.6],1.0,0.0,1.0
1646,0.0,1,824.0,1,1647,1,False,0.0,0,1.0,[2 2],[0. 1.],0,1,[0.6 0.6],1.0,0.0,1.0
1647,1.0,1,824.0,0,1648,0,False,1.0,1,0.0,[1 2],[0. 1.],0,1,[0.6 0.6],1.0,0.0,1.0
1648,0.0,1,825.0,1,1649,1,False,0.0,0,1.0,[1 2],[0. 1.],0,1,[0.6 0.6],1.0,0.0,1.0
1649,0.0,1,825.0,0,1650,0,False,1.0,1,0.0,[1 2],[0. 1.],1,1,[0.6 0.6],1.0,0.0,1.0
1650,0.0,1,826.0,1,1651,1,False,0.0,0,2.0,[1 2],[0. 1.],1,1,[0.6 0.6],1.0,0.0,1.0
1651,0.0,1,826.0,0,1652,0,False,2.0,1,0.0,[2 2],[0. 1.],1,1,[0.6 0.6],1.0,0.0,1.0
1652,0.0,1,827.0,1,1653,1,False,0.0,0,2.0,[2 2],[0. 1.],1,1,[0.6 0.6],1.0,0.0,1.0
1653,1.0,1,827.0,0,1654,0,False,2.0,1,0.0,[1 2],[0. 1.],1,1,[0.6 0.6],1.0,0.0,1.0
1654,0.0,1,828.0,1,1655,1,False,0.0,0,2.0,[1 2],[0. 1.],1,1,[0.6 0.6],1.0,0.0,1.0
1655,0.0,1,828.0,0,1656,0,False,2.0,1,0.0,[1 1],[0. 1.],1,1,[0.6 0.6],1.0,0.0,1.0
1656,0.0,1,829.0,1,1657,1,False,0.0,0,2.0,[1 1],[0. 1.],1,1,[0.6 0.6],1.0,0.0,1.0
1657,0.0,1,829.0,0,1658,0,False,2.0,1,0.0,[1 2],[0. 1.],0,1,[0.6 0.6],1.0,0.0,1.0
1658,0.0,1,830.0,2,1659,1,False,0.0,0,1.0,[1 2],[0. 1.],0,1,[0.6 0.6],1.0,0.0,1.0
1659,1.0,1,830.0,0,1660,0,False,1.0,1,0.0,[2 2],[0. 1.],1,1,[0.6 0.6],1.0,0.0,1.0
1660,0.0,1,831.0,2,1661,1,False,0.0,0,2.0,[2 2],[0. 1.],1,1,[0.6 0.6],1.0,0.0,1.0
1661,1.0,1,831.0,0,1662,0,False,2.0,1,0.0,[1 1],[0. 1.],1,1,[0.6 0.6],1.0,0.0,1.0
1662,0.0,1,832.0,2,1663,1,False,0.0,0,2.0,[1 1],[0. 1.],1,1,[0.6 0.6],1.0,0.0,1.0
1663,0.0,1,832.0,0,1664,0,False,2.0,1,0.0,[1 2],[1. 0.],0,0,[0.6 0.6],1.0,0.0,1.0
1664,0.0,1,833.0,2,1665,1,False,0.0,0,1.0,[1 2],[1. 0.],0,0,[0.6 0.6],1.0,0.0,1.0
1665,0.0,1,833.0,0,1666,0,False,1.0,1,0.0,[1 2],[1. 0.],1,0,[0.6 0.6],1.0,0.0,1.0
1666,0.0,1,834.0,2,1667,1,False,0.0,0,2.0,[1 2],[1. 0.],1,0,[0.6 0.6],1.0,0.0,1.0
1667,0.0,1,834.0,0,1668,0,False,2.0,1,0.0,[1 1],[1. 0.],0,0,[0.6 0.6],1.0,0.0,1.0
1668,0.0,1,835.0,1,1669,1,False,0.0,0,1.0,[1 1],[1. 0.],0,0,[0.6 0.6],1.0,0.0,1.0
1669,1.0,1,835.0,0,1670,0,False,1.0,1,0.0,[2 1],[1. 0.],1,0,[0.6 0.6],1.0,0.0,1.0
1670,0.0,1,836.0,1,1671,1,False,0.0,0,2.0,[2 1],[1. 0.],1,0,[0.6 0.6],1.0,0.0,1.0
1671,0.0,1,836.0,0,1672,0,False,2.0,1,0.0,[1 2],[1. 0.],1,0,[0.6 0.6],1.0,0.0,1.0
1672,0.0,1,837.0,1,1673,1,False,0.0,0,2.0,[1 2],[1. 0.],1,0,[0.6 0.6],1.0,0.0,1.0
1673,1.0,1,837.0,0,1674,0,False,2.0,1,0.0,[2 1],[1. 0.],0,0,[0.6 0.6],1.0,0.0,1.0
1674,0.0,1,838.0,1,1675,1,False,0.0,0,1.0,[2 1],[1. 0.],0,0,[0.6 0.6],1.0,0.0,1.0
1675,0.0,1,838.0,0,1676,0,False,1.0,1,0.0,[1 1],[1. 0.],1,0,[0.6 0.6],1.0,0.0,1.0
1676,0.0,1,839.0,1,1677,1,False,0.0,0,2.0,[1 1],[1. 0.],1,0,[0.6 0.6],1.0,0.0,1.0
1677,1.0,1,839.0,0,1678,0,False,2.0,1,0.0,[2 2],[1. 0.],1,0,[0.6 0.6],1.0,0.0,1.0
1678,0.0,1,840.0,1,1679,1,False,0.0,0,2.0,[2 2],[1. 0.],1,0,[0.6 0.6],1.0,0.0,1.0
1679,0.0,1,840.0,0,1680,0,False,2.0,1,0.0,[1 2],[1. 0.],1,0,[0.6 0.6],1.0,0.0,1.0
1680,0.0,1,841.0,1,1681,1,False,0.0,0,2.0,[1 2],[1. 0.],1,0,[0.6 0.6],1.0,0.0,1.0
1681,1.0,1,841.0,0,1682,0,False,2.0,1,0.0,[1 1],[1. 0.],0,0,[0.6 0.6],1.0,0.0,1.0
1682,0.0,1,842.0,1,1683,1,False,0.0,0,1.0,[1 1],[1. 0.],0,0,[0.6 0.6],1.0,0.0,1.0
1683,1.0,1,842.0,0,1684,0,False,1.0,1,0.0,[2 1],[1. 0.],0,0,[0.6 0.6],1.0,0.0,1.0
1684,0.0,1,843.0,1,1685,1,False,0.0,0,1.0,[2 1],[1. 0.],0,0,[0.6 0.6],1.0,0.0,1.0
1685,0.0,1,843.0,0,1686,0,False,1.0,1,0.0,[2 2],[1. 0.],0,0,[0.6 0.6],1.0,0.0,1.0
1686,0.0,1,844.0,1,1687,1,False,0.0,0,1.0,[2 2],[1. 0.],0,0,[0.6 0.6],1.0,0.0,1.0
1687,0.0,1,844.0,0,1688,0,False,1.0,1,0.0,[2 1],[1. 0.],1,0,[0.6 0.6],1.0,0.0,1.0
1688,0.0,1,845.0,1,1689,1,False,0.0,0,2.0,[2 1],[1. 0.],1,0,[0.6 0.6],1.0,0.0,1.0
1689,0.0,1,845.0,0,1690,0,False,2.0,1,0.0,[1 1],[1. 0.],0,0,[0.6 0.6],1.0,0.0,1.0
1690,0.0,1,846.0,2,1691,1,False,0.0,0,1.0,[1 1],[1. 0.],0,0,[0.6 0.6],1.0,0.0,1.0
1691,1.0,1,846.0,0,1692,0,False,1.0,1,0.0,[2 2],[1. 0.],0,0,[0.6 0.6],1.0,0.0,1.0
1692,0.0,1,847.0,2,1693,1,False,0.0,0,1.0,[2 2],[1. 0.],0,0,[0.6 0.6],1.0,0.0,1.0
1693,0.0,1,847.0,0,1694,0,False,1.0,1,0.0,[1 2],[1. 0.],1,0,[0.6 0.6],1.0,0.0,1.0
1694,0.0,1,848.0,2,1695,1,False,0.0,0,2.0,[1 2],[1. 0.],1,0,[0.6 0.6],1.0,0.0,1.0
1695,0.0,1,848.0,0,1696,0,False,2.0,1,0.0,[2 2],[1. 0.],1,0,[0.6 0.6],1.0,0.0,1.0
1696,0.0,1,849.0,1,1697,1,False,0.0,0,2.0,[2 2],[1. 0.],1,0,[0.6 0.6],1.0,0.0,1.0
1697,0.0,1,849.0,0,1698,0,False,2.0,1,0.0,[1 2],[1. 0.],0,0,[0.6 0.6],1.0,0.0,1.0
1698,0.0,1,850.0,2,1699,1,False,0.0,0,1.0,[1 2],[1. 0.],0,0,[0.6 0.6],1.0,0.0,1.0
1699,0.0,1,850.0,0,1700,0,False,1.0,1,0.0,[1 2],[1. 0.],1,0,[0.6 0.6],1.0,0.0,1.0
1700,0.0,1,851.0,1,1701,1,False,0.0,0,2.0,[1 2],[1. 0.],1,0,[0.6 0.6],1.0,0.0,1.0
1701,1.0,1,851.0,0,1702,0,False,2.0,1,0.0,[2 1],[1. 0.],1,0,[0.6 0.6],1.0,0.0,1.0
1702,0.0,1,852.0,1,1703,1,False,0.0,0,2.0,[2 1],[1. 0.],1,0,[0.6 0.6],1.0,0.0,1.0
1703,0.0,1,852.0,0,1704,0,False,2.0,1,0.0,[2 1],[1. 0.],0,0,[0.6 0.6],1.0,0.0,1.0
1704,0.0,1,853.0,1,1705,1,False,0.0,0,1.0,[2 1],[1. 0.],0,0,[0.6 0.6],1.0,0.0,1.0
1705,0.0,1,853.0,0,1706,0,False,1.0,1,0.0,[2 1],[1. 0.],0,0,[0.6 0.6],1.0,0.0,1.0
1706,0.0,1,854.0,2,1707,1,False,0.0,0,1.0,[2 1],[1. 0.],0,0,[0.6 0.6],1.0,0.0,1.0
1707,1.0,1,854.0,0,1708,0,False,1.0,1,0.0,[1 2],[1. 0.],1,0,[0.6 0.6],1.0,0.0,1.0
1708,0.0,1,855.0,2,1709,1,False,0.0,0,2.0,[1 2],[1. 0.],1,0,[0.6 0.6],1.0,0.0,1.0
1709,0.0,1,855.0,0,1710,0,False,2.0,1,0.0,[2 1],[1. 0.],1,0,[0.6 0.6],1.0,0.0,1.0
1710,0.0,1,856.0,1,1711,1,False,0.0,0,2.0,[2 1],[1. 0.],1,0,[0.6 0.6],1.0,0.0,1.0
1711,0.0,1,856.0,0,1712,0,False,2.0,1,0.0,[2 1],[1. 0.],1,0,[0.6 0.6],1.0,0.0,1.0
1712,0.0,1,857.0,2,1713,1,False,0.0,0,2.0,[2 1],[1. 0.],1,0,[0.6 0.6],1.0,0.0,1.0
1713,1.0,1,857.0,0,1714,0,False,2.0,1,0.0,[1 1],[1. 0.],1,0,[0.6 0.6],1.0,0.0,1.0
1714,0.0,1,858.0,2,1715,1,False,0.0,0,2.0,[1 1],[1. 0.],1,0,[0.6 0.6],1.0,0.0,1.0
1715,1.0,1,858.0,0,1716,0,False,2.0,1,0.0,[1 2],[1. 0.],0,0,[0.6 0.6],1.0,0.0,1.0
1716,0.0,1,859.0,2,1717,1,False,0.0,0,1.0,[1 2],[1. 0.],0,0,[0.6 0.6],1.0,0.0,1.0
1717,0.0,1,859.0,0,1718,0,False,1.0,1,0.0,[2 2],[1. 0.],1,0,[0.6 0.6],1.0,0.0,1.0
1718,0.0,1,860.0,2,1719,1,False,0.0,0,2.0,[2 2],[1. 0.],1,0,[0.6 0.6],1.0,0.0,1.0
1719,0.0,1,860.0,0,1720,0,False,2.0,1,0.0,[2 1],[1. 0.],1,0,[0.6 0.6],1.0,0.0,1.0
1720,0.0,1,861.0,2,1721,1,False,0.0,0,2.0,[2 1],[1. 0.],1,0,[0.6 0.6],1.0,0.0,1.0
1721,1.0,1,861.0,0,1722,0,False,2.0,1,0.0,[1 2],[1. 0.],1,0,[0.6 0.6],1.0,0.0,1.0
1722,0.0,1,862.0,2,1723,1,False,0.0,0,2.0,[1 2],[1. 0.],1,0,[0.6 0.6],1.0,0.0,1.0
1723,0.0,1,862.0,0,1724,0,False,2.0,1,0.0,[2 2],[1. 0.],1,0,[0.6 0.6],1.0,0.0,1.0
1724,0.0,1,863.0,2,1725,1,False,0.0,0,2.0,[2 2],[1. 0.],1,0,[0.6 0.6],1.0,0.0,1.0
1725,0.0,1,863.0,0,1726,0,False,2.0,1,0.0,[1 1],[1. 0.],0,0,[0.6 0.6],1.0,0.0,1.0
1726,0.0,1,864.0,1,1727,1,False,0.0,0,1.0,[1 1],[1. 0.],0,0,[0.6 0.6],1.0,0.0,1.0
1727,1.0,1,864.0,0,1728,0,False,1.0,1,0.0,[2 2],[1. 0.],0,0,[0.6 0.6],1.0,0.0,1.0
1728,0.0,1,865.0,1,1729,1,False,0.0,0,1.0,[2 2],[1. 0.],0,0,[0.6 0.6],1.0,0.0,1.0
1729,0.0,1,865.0,0,1730,0,False,1.0,1,0.0,[2 1],[1. 0.],0,0,[0.6 0.6],1.0,0.0,1.0
1730,0.0,1,866.0,1,1731,1,False,0.0,0,1.0,[2 1],[1. 0.],0,0,[0.6 0.6],1.0,0.0,1.0
1731,0.0,1,866.0,0,1732,0,False,1.0,1,0.0,[2 2],[1. 0.],0,0,[0.6 0.6],1.0,0.0,1.0
1732,0.0,1,867.0,2,1733,1,False,0.0,0,1.0,[2 2],[1. 0.],0,0,[0.6 0.6],1.0,0.0,1.0
1733,0.0,1,867.0,0,1734,0,False,1.0,1,0.0,[1 1],[1. 0.],1,0,[0.6 0.6],1.0,0.0,1.0
1734,0.0,1,868.0,1,1735,1,False,0.0,0,2.0,[1 1],[1. 0.],1,0,[0.6 0.6],1.0,0.0,1.0
1735,1.0,1,868.0,0,1736,0,False,2.0,1,0.0,[2 1],[1. 0.],0,0,[0.6 0.6],1.0,0.0,1.0
1736,0.0,1,869.0,1,1737,1,False,0.0,0,1.0,[2 1],[1. 0.],0,0,[0.6 0.6],1.0,0.0,1.0
1737,0.0,1,869.0,0,1738,0,False,1.0,1,0.0,[2 2],[1. 0.],0,0,[0.6 0.6],1.0,0.0,1.0
1738,0.0,1,870.0,1,1739,1,False,0.0,0,1.0,[2 2],[1. 0.],0,0,[0.6 0.6],1.0,0.0,1.0
1739,0.0,1,870.0,0,1740,0,False,1.0,1,0.0,[2 1],[1. 0.],0,0,[0.6 0.6],1.0,0.0,1.0
1740,0.0,1,871.0,2,1741,1,False,0.0,0,1.0,[2 1],[1. 0.],0,0,[0.6 0.6],1.0,0.0,1.0
1741,1.0,1,871.0,0,1742,0,False,1.0,1,0.0,[2 2],[1. 0.],0,0,[0.6 0.6],1.0,0.0,1.0
1742,0.0,1,872.0,2,1743,1,False,0.0,0,1.0,[2 2],[1. 0.],0,0,[0.6 0.6],1.0,0.0,1.0
1743,0.0,1,872.0,0,1744,0,False,1.0,1,0.0,[2 2],[1. 0.],0,0,[0.6 0.6],1.0,0.0,1.0
1744,0.0,1,873.0,2,1745,1,False,0.0,0,1.0,[2 2],[1. 0.],0,0,[0.6 0.6],1.0,0.0,1.0
1745,0.0,1,873.0,0,1746,0,False,1.0,1,0.0,[1 1],[1. 0.],1,0,[0.6 0.6],1.0,0.0,1.0
1746,0.0,1,874.0,1,1747,1,False,0.0,0,2.0,[1 1],[1. 0.],1,0,[0.6 0.6],1.0,0.0,1.0
1747,1.0,1,874.0,0,1748,0,False,2.0,1,0.0,[2 2],[1. 0.],0,0,[0.6 0.6],1.0,0.0,1.0
1748,0.0,1,875.0,1,1749,1,False,0.0,0,1.0,[2 2],[1. 0.],0,0,[0.6 0.6],1.0,0.0,1.0
1749,0.0,1,875.0,0,1750,0,False,1.0,1,0.0,[1 1],[1. 0.],0,0,[0.6 0.6],1.0,0.0,1.0
1750,0.0,1,876.0,1,1751,1,False,0.0,0,1.0,[1 1],[1. 0.],0,0,[0.6 0.6],1.0,0.0,1.0
1751,1.0,1,876.0,0,1752,0,False,1.0,1,0.0,[2 2],[1. 0.],0,0,[0.6 0.6],1.0,0.0,1.0
1752,0.0,1,877.0,1,1753,1,False,0.0,0,1.0,[2 2],[1. 0.],0,0,[0.6 0.6],1.0,0.0,1.0
1753,0.0,1,877.0,0,1754,0,False,1.0,1,0.0,[1 2],[1. 0.],0,0,[0.6 0.6],1.0,0.0,1.0
1754,0.0,1,878.0,1,1755,1,False,0.0,0,1.0,[1 2],[1. 0.],0,0,[0.6 0.6],1.0,0.0,1.0
1755,1.0,1,878.0,0,1756,0,False,1.0,1,0.0,[1 1],[1. 0.],1,0,[0.6 0.6],1.0,0.0,1.0
1756,0.0,1,879.0,1,1757,1,False,0.0,0,2.0,[1 1],[1. 0.],1,0,[0.6 0.6],1.0,0.0,1.0
1757,1.0,1,879.0,0,1758,0,False,2.0,1,0.0,[2 2],[1. 0.],0,0,[0.6 0.6],1.0,0.0,1.0
1758,0.0,1,880.0,1,1759,1,False,0.0,0,1.0,[2 2],[1. 0.],0,0,[0.6 0.6],1.0,0.0,1.0
1759,0.0,1,880.0,0,1760,0,False,1.0,1,0.0,[1 2],[1. 0.],0,0,[0.6 0.6],1.0,0.0,1.0
1760,0.0,1,881.0,1,1761,1,False,0.0,0,1.0,[1 2],[1. 0.],0,0,[0.6 0.6],1.0,0.0,1.0
1761,1.0,1,881.0,0,1762,0,False,1.0,1,0.0,[1 1],[1. 0.],0,0,[0.6 0.6],1.0,0.0,1.0
1762,0.0,1,882.0,1,1763,1,False,0.0,0,1.0,[1 1],[1. 0.],0,0,[0.6 0.6],1.0,0.0,1.0
1763,1.0,1,882.0,0,1764,0,False,1.0,1,0.0,[2 2],[1. 0.],0,0,[0.6 0.6],1.0,0.0,1.0
1764,0.0,1,883.0,1,1765,1,False,0.0,0,1.0,[2 2],[1. 0.],0,0,[0.6 0.6],1.0,0.0,1.0
1765,0.0,1,883.0,0,1766,0,False,1.0,1,0.0,[2 1],[1. 0.],1,0,[0.6 0.6],1.0,0.0,1.0
1766,0.0,1,884.0,1,1767,1,False,0.0,0,2.0,[2 1],[1. 0.],1,0,[0.6 0.6],1.0,0.0,1.0
1767,0.0,1,884.0,0,1768,0,False,2.0,1,0.0,[1 2],[1. 0.],0,0,[0.6 0.6],1.0,0.0,1.0
1768,0.0,1,885.0,1,1769,1,False,0.0,0,1.0,[1 2],[1. 0.],0,0,[0.6 0.6],1.0,0.0,1.0
1769,1.0,1,885.0,0,1770,0,False,1.0,1,0.0,[1 1],[1. 0.],1,0,[0.6 0.6],1.0,0.0,1.0
1770,0.0,1,886.0,1,1771,1,False,0.0,0,2.0,[1 1],[1. 0.],1,0,[0.6 0.6],1.0,0.0,1.0
1771,1.0,1,886.0,0,1772,0,False,2.0,1,0.0,[2 2],[1. 0.],1,0,[0.6 0.6],1.0,0.0,1.0
1772,0.0,1,887.0,1,1773,1,False,0.0,0,2.0,[2 2],[1. 0.],1,0,[0.6 0.6],1.0,0.0,1.0
1773,0.0,1,887.0,0,1774,0,False,2.0,1,0.0,[1 2],[1. 0.],0,0,[0.6 0.6],1.0,0.0,1.0
1774,0.0,1,888.0,1,1775,1,False,0.0,0,1.0,[1 2],[1. 0.],0,0,[0.6 0.6],1.0,0.0,1.0
1775,1.0,1,888.0,0,1776,0,False,1.0,1,0.0,[1 1],[1. 0.],0,0,[0.6 0.6],1.0,0.0,1.0
1776,0.0,1,889.0,1,1777,1,False,0.0,0,1.0,[1 1],[1. 0.],0,0,[0.6 0.6],1.0,0.0,1.0
1777,1.0,1,889.0,0,1778,0,False,1.0,1,0.0,[2 1],[1. 0.],0,0,[0.6 0.6],1.0,0.0,1.0
1778,0.0,1,890.0,1,1779,1,False,0.0,0,1.0,[2 1],[1. 0.],0,0,[0.6 0.6],1.0,0.0,1.0
1779,0.0,1,890.0,0,1780,0,False,1.0,1,0.0,[2 2],[1. 0.],0,0,[0.6 0.6],1.0,0.0,1.0
1780,0.0,1,891.0,1,1781,1,False,0.0,0,1.0,[2 2],[1. 0.],0,0,[0.6 0.6],1.0,0.0,1.0
1781,0.0,1,891.0,0,1782,0,False,1.0,1,0.0,[1 2],[1. 0.],1,0,[0.6 0.6],1.0,0.0,1.0
1782,0.0,1,892.0,1,1783,1,False,0.0,0,2.0,[1 2],[1. 0.],1,0,[0.6 0.6],1.0,0.0,1.0
1783,1.0,1,892.0,0,1784,0,False,2.0,1,0.0,[1 1],[1. 0.],1,0,[0.6 0.6],1.0,0.0,1.0
1784,0.0,1,893.0,1,1785,1,False,0.0,0,2.0,[1 1],[1. 0.],1,0,[0.6 0.6],1.0,0.0,1.0
1785,1.0,1,893.0,0,1786,0,False,2.0,1,0.0,[1 2],[1. 0.],1,0,[0.6 0.6],1.0,0.0,1.0
1786,0.0,1,894.0,1,1787,1,False,0.0,0,2.0,[1 2],[1. 0.],1,0,[0.6 0.6],1.0,0.0,1.0
1787,1.0,1,894.0,0,1788,0,False,2.0,1,0.0,[2 2],[1. 0.],1,0,[0.6 0.6],1.0,0.0,1.0
1788,0.0,1,895.0,1,1789,1,False,0.0,0,2.0,[2 2],[1. 0.],1,0,[0.6 0.6],1.0,0.0,1.0
1789,0.0,1,895.0,0,1790,0,False,2.0,1,0.0,[1 2],[1. 0.],0,0,[0.6 0.6],1.0,0.0,1.0
1790,0.0,1,896.0,1,1791,1,False,0.0,0,1.0,[1 2],[1. 0.],0,0,[0.6 0.6],1.0,0.0,1.0
1791,1.0,1,896.0,0,1792,0,False,1.0,1,0.0,[2 2],[1. 0.],0,0,[0.6 0.6],1.0,0.0,1.0
1792,0.0,1,897.0,1,1793,1,False,0.0,0,1.0,[2 2],[1. 0.],0,0,[0.6 0.6],1.0,0.0,1.0
1793,0.0,1,897.0,0,1794,0,False,1.0,1,0.0,[1 1],[1. 0.],0,0,[0.6 0.6],1.0,0.0,1.0
1794,0.0,1,898.0,1,1795,1,False,0.0,0,1.0,[1 1],[1. 0.],0,0,[0.6 0.6],1.0,0.0,1.0
1795,1.0,1,898.0,0,1796,0,False,1.0,1,0.0,[2 2],[1. 0.],1,0,[0.6 0.6],1.0,0.0,1.0
1796,0.0,1,899.0,1,1797,1,False,0.0,0,2.0,[2 2],[1. 0.],1,0,[0.6 0.6],1.0,0.0,1.0
1797,0.0,1,899.0,0,1798,0,False,2.0,1,0.0,[2 1],[1. 0.],0,0,[0.6 0.6],1.0,0.0,1.0
1798,0.0,1,900.0,1,1799,1,False,0.0,0,1.0,[2 1],[1. 0.],0,0,[0.6 0.6],1.0,0.0,1.0
1799,0.0,1,900.0,0,1800,0,False,1.0,1,0.0,[2 1],[1. 0.],1,0,[0.6 0.6],1.0,0.0,1.0
1800,0.0,1,901.0,1,1801,1,False,0.0,0,2.0,[2 1],[1. 0.],1,0,[0.6 0.6],1.0,0.0,1.0
1801,0.0,1,901.0,0,1802,0,False,2.0,1,0.0,[1 2],[1. 0.],0,0,[0.6 0.6],1.0,0.0,1.0
1802,0.0,1,902.0,2,1803,1,False,0.0,0,1.0,[1 2],[1. 0.],0,0,[0.6 0.6],1.0,0.0,1.0
1803,0.0,1,902.0,0,1804,0,False,1.0,1,0.0,[2 1],[1. 0.],0,0,[0.6 0.6],1.0,0.0,1.0
1804,0.0,1,903.0,1,1805,1,False,0.0,0,1.0,[2 1],[1. 0.],0,0,[0.6 0.6],1.0,0.0,1.0
1805,0.0,1,903.0,0,1806,0,False,1.0,1,0.0,[2 2],[1. 0.],1,0,[0.6 0.6],1.0,0.0,1.0
1806,0.0,1,904.0,2,1807,1,False,0.0,0,2.0,[2 2],[1. 0.],1,0,[0.6 0.6],1.0,0.0,1.0
1807,0.0,1,904.0,0,1808,0,False,2.0,1,0.0,[1 2],[1. 0.],1,0,[0.6 0.6],1.0,0.0,1.0
1808,0.0,1,905.0,1,1809,1,False,0.0,0,2.0,[1 2],[1. 0.],1,0,[0.6 0.6],1.0,0.0,1.0
1809,1.0,1,905.0,0,1810,0,False,2.0,1,0.0,[1 1],[1. 0.],0,0,[0.6 0.6],1.0,0.0,1.0
1810,0.0,1,906.0,1,1811,1,False,0.0,0,1.0,[1 1],[1. 0.],0,0,[0.6 0.6],1.0,0.0,1.0
1811,1.0,1,906.0,0,1812,0,False,1.0,1,0.0,[2 2],[1. 0.],0,0,[0.6 0.6],1.0,0.0,1.0
1812,0.0,1,907.0,1,1813,1,False,0.0,0,1.0,[2 2],[1. 0.],0,0,[0.6 0.6],1.0,0.0,1.0
1813,0.0,1,907.0,0,1814,0,False,1.0,1,0.0,[1 1],[1. 0.],0,0,[0.6 0.6],1.0,0.0,1.0
1814,0.0,1,908.0,1,1815,1,False,0.0,0,1.0,[1 1],[1. 0.],0,0,[0.6 0.6],1.0,0.0,1.0
1815,1.0,1,908.0,0,1816,0,False,1.0,1,0.0,[1 2],[1. 0.],1,0,[0.6 0.6],1.0,0.0,1.0
1816,0.0,1,909.0,1,1817,1,False,0.0,0,2.0,[1 2],[1. 0.],1,0,[0.6 0.6],1.0,0.0,1.0
1817,1.0,1,909.0,0,1818,0,False,2.0,1,0.0,[1 2],[1. 0.],0,0,[0.6 0.6],1.0,0.0,1.0
1818,0.0,1,910.0,1,1819,1,False,0.0,0,1.0,[1 2],[1. 0.],0,0,[0.6 0.6],1.0,0.0,1.0
1819,1.0,1,910.0,0,1820,0,False,1.0,1,0.0,[2 1],[1. 0.],0,0,[0.6 0.6],1.0,0.0,1.0
1820,0.0,1,911.0,1,1821,1,False,0.0,0,1.0,[2 1],[1. 0.],0,0,[0.6 0.6],1.0,0.0,1.0
1821,0.0,1,911.0,0,1822,0,False,1.0,1,0.0,[2 2],[1. 0.],1,0,[0.6 0.6],1.0,0.0,1.0
1822,0.0,1,912.0,1,1823,1,False,0.0,0,2.0,[2 2],[1. 0.],1,0,[0.6 0.6],1.0,0.0,1.0
1823,0.0,1,912.0,0,1824,0,False,2.0,1,0.0,[2 1],[1. 0.],0,0,[0.6 0.6],1.0,0.0,1.0
1824,0.0,1,913.0,1,1825,1,False,0.0,0,1.0,[2 1],[1. 0.],0,0,[0.6 0.6],1.0,0.0,1.0
1825,0.0,1,913.0,0,1826,0,False,1.0,1,0.0,[2 1],[1. 0.],1,0,[0.6 0.6],1.0,0.0,1.0
1826,0.0,1,914.0,1,1827,1,False,0.0,0,2.0,[2 1],[1. 0.],1,0,[0.6 0.6],1.0,0.0,1.0
1827,0.0,1,914.0,0,1828,0,False,2.0,1,0.0,[2 1],[1. 0.],1,0,[0.6 0.6],1.0,0.0,1.0
1828,0.0,1,915.0,2,1829,1,False,0.0,0,2.0,[2 1],[1. 0.],1,0,[0.6 0.6],1.0,0.0,1.0
1829,1.0,1,915.0,0,1830,0,False,2.0,1,0.0,[2 2],[1. 0.],0,0,[0.6 0.6],1.0,0.0,1.0
1830,0.0,1,916.0,2,1831,1,False,0.0,0,1.0,[2 2],[1. 0.],0,0,[0.6 0.6],1.0,0.0,1.0
1831,0.0,1,916.0,0,1832,0,False,1.0,1,0.0,[2 1],[1. 0.],1,0,[0.6 0.6],1.0,0.0,1.0
1832,0.0,1,917.0,2,1833,1,False,0.0,0,2.0,[2 1],[1. 0.],1,0,[0.6 0.6],1.0,0.0,1.0
1833,1.0,1,917.0,0,1834,0,False,2.0,1,0.0,[1 1],[1. 0.],1,0,[0.6 0.6],1.0,0.0,1.0
1834,0.0,1,918.0,2,1835,1,False,0.0,0,2.0,[1 1],[1. 0.],1,0,[0.6 0.6],1.0,0.0,1.0
1835,1.0,1,918.0,0,1836,0,False,2.0,1,0.0,[1 2],[1. 0.],0,0,[0.6 0.6],1.0,0.0,1.0
1836,0.0,1,919.0,2,1837,1,False,0.0,0,1.0,[1 2],[1. 0.],0,0,[0.6 0.6],1.0,0.0,1.0
1837,0.0,1,919.0,0,1838,0,False,1.0,1,0.0,[2 2],[1. 0.],1,0,[0.6 0.6],1.0,0.0,1.0
1838,0.0,1,920.0,2,1839,1,False,0.0,0,2.0,[2 2],[1. 0.],1,0,[0.6 0.6],1.0,0.0,1.0
1839,0.0,1,920.0,0,1840,0,False,2.0,1,0.0,[2 1],[1. 0.],0,0,[0.6 0.6],1.0,0.0,1.0
1840,0.0,1,921.0,2,1841,1,False,0.0,0,1.0,[2 1],[1. 0.],0,0,[0.6 0.6],1.0,0.0,1.0
1841,1.0,1,921.0,0,1842,0,False,1.0,1,0.0,[2 2],[1. 0.],1,0,[0.6 0.6],1.0,0.0,1.0
1842,0.0,1,922.0,2,1843,1,False,0.0,0,2.0,[2 2],[1. 0.],1,0,[0.6 0.6],1.0,0.0,1.0
1843,0.0,1,922.0,0,1844,0,False,2.0,1,0.0,[1 2],[1. 0.],1,0,[0.6 0.6],1.0,0.0,1.0
1844,0.0,1,923.0,2,1845,1,False,0.0,0,2.0,[1 2],[1. 0.],1,0,[0.6 0.6],1.0,0.0,1.0
1845,0.0,1,923.0,0,1846,0,False,2.0,1,0.0,[2 2],[1. 0.],1,0,[0.6 0.6],1.0,0.0,1.0
1846,0.0,1,924.0,1,1847,1,False,0.0,0,2.0,[2 2],[1. 0.],1,0,[0.6 0.6],1.0,0.0,1.0
1847,0.0,1,924.0,0,1848,0,False,2.0,1,0.0,[1 1],[1. 0.],1,0,[0.6 0.6],1.0,0.0,1.0
1848,0.0,1,925.0,2,1849,1,False,0.0,0,2.0,[1 1],[1. 0.],1,0,[0.6 0.6],1.0,0.0,1.0
1849,1.0,1,925.0,0,1850,0,False,2.0,1,0.0,[1 1],[1. 0.],0,0,[0.6 0.6],1.0,0.0,1.0
1850,0.0,1,926.0,2,1851,1,False,0.0,0,1.0,[1 1],[1. 0.],0,0,[0.6 0.6],1.0,0.0,1.0
1851,1.0,1,926.0,0,1852,0,False,1.0,1,0.0,[1 2],[1. 0.],0,0,[0.6 0.6],1.0,0.0,1.0
1852,0.0,1,927.0,2,1853,1,False,0.0,0,1.0,[1 2],[1. 0.],0,0,[0.6 0.6],1.0,0.0,1.0
1853,0.0,1,927.0,0,1854,0,False,1.0,1,0.0,[1 1],[1. 0.],1,0,[0.6 0.6],1.0,0.0,1.0
1854,0.0,1,928.0,2,1855,1,False,0.0,0,2.0,[1 1],[1. 0.],1,0,[0.6 0.6],1.0,0.0,1.0
1855,1.0,1,928.0,0,1856,0,False,2.0,1,0.0,[1 2],[1. 0.],0,0,[0.6 0.6],1.0,0.0,1.0
1856,0.0,1,929.0,2,1857,1,False,0.0,0,1.0,[1 2],[1. 0.],0,0,[0.6 0.6],1.0,0.0,1.0
1857,0.0,1,929.0,0,1858,0,False,1.0,1,0.0,[2 2],[1. 0.],1,0,[0.6 0.6],1.0,0.0,1.0
1858,0.0,1,930.0,2,1859,1,False,0.0,0,2.0,[2 2],[1. 0.],1,0,[0.6 0.6],1.0,0.0,1.0
1859,0.0,1,930.0,0,1860,0,False,2.0,1,0.0,[1 2],[1. 0.],1,0,[0.6 0.6],1.0,0.0,1.0
1860,0.0,1,931.0,2,1861,1,False,0.0,0,2.0,[1 2],[1. 0.],1,0,[0.6 0.6],1.0,0.0,1.0
1861,0.0,1,931.0,0,1862,0,False,2.0,1,0.0,[1 2],[1. 0.],0,0,[0.6 0.6],1.0,0.0,1.0
1862,0.0,1,932.0,1,1863,1,False,0.0,0,1.0,[1 2],[1. 0.],0,0,[0.6 0.6],1.0,0.0,1.0
1863,1.0,1,932.0,0,1864,0,False,1.0,1,0.0,[2 2],[1. 0.],1,0,[0.6 0.6],1.0,0.0,1.0
1864,0.0,1,933.0,1,1865,1,False,0.0,0,2.0,[2 2],[1. 0.],1,0,[0.6 0.6],1.0,0.0,1.0
1865,0.0,1,933.0,0,1866,0,False,2.0,1,0.0,[1 2],[1. 0.],1,0,[0.6 0.6],1.0,0.0,1.0
1866,0.0,1,934.0,1,1867,1,False,0.0,0,2.0,[1 2],[1. 0.],1,0,[0.6 0.6],1.0,0.0,1.0
1867,1.0,1,934.0,0,1868,0,False,2.0,1,0.0,[2 2],[1. 0.],0,0,[0.6 0.6],1.0,0.0,1.0
1868,0.0,1,935.0,1,1869,1,False,0.0,0,1.0,[2 2],[1. 0.],0,0,[0.6 0.6],1.0,0.0,1.0
1869,0.0,1,935.0,0,1870,0,False,1.0,1,0.0,[1 1],[1. 0.],0,0,[0.6 0.6],1.0,0.0,1.0
1870,0.0,1,936.0,1,1871,1,False,0.0,0,1.0,[1 1],[1. 0.],0,0,[0.6 0.6],1.0,0.0,1.0
1871,1.0,1,936.0,0,1872,0,False,1.0,1,0.0,[1 1],[1. 0.],0,0,[0.6 0.6],1.0,0.0,1.0
1872,0.0,1,937.0,1,1873,1,False,0.0,0,1.0,[1 1],[1. 0.],0,0,[0.6 0.6],1.0,0.0,1.0
1873,1.0,1,937.0,0,1874,0,False,1.0,1,0.0,[2 1],[1. 0.],0,0,[0.6 0.6],1.0,0.0,1.0
1874,0.0,1,938.0,1,1875,1,False,0.0,0,1.0,[2 1],[1. 0.],0,0,[0.6 0.6],1.0,0.0,1.0
1875,0.0,1,938.0,0,1876,0,False,1.0,1,0.0,[1 2],[1. 0.],1,0,[0.6 0.6],1.0,0.0,1.0
1876,0.0,1,939.0,1,1877,1,False,0.0,0,2.0,[1 2],[1. 0.],1,0,[0.6 0.6],1.0,0.0,1.0
1877,1.0,1,939.0,0,1878,0,False,2.0,1,0.0,[2 1],[1. 0.],1,0,[0.6 0.6],1.0,0.0,1.0
1878,0.0,1,940.0,1,1879,1,False,0.0,0,2.0,[2 1],[1. 0.],1,0,[0.6 0.6],1.0,0.0,1.0
1879,0.0,1,940.0,0,1880,0,False,2.0,1,0.0,[1 2],[1. 0.],1,0,[0.6 0.6],1.0,0.0,1.0
1880,0.0,1,941.0,1,1881,1,False,0.0,0,2.0,[1 2],[1. 0.],1,0,[0.6 0.6],1.0,0.0,1.0
1881,1.0,1,941.0,0,1882,0,False,2.0,1,0.0,[2 2],[1. 0.],1,0,[0.6 0.6],1.0,0.0,1.0
1882,0.0,1,942.0,1,1883,1,False,0.0,0,2.0,[2 2],[1. 0.],1,0,[0.6 0.6],1.0,0.0,1.0
1883,0.0,1,942.0,0,1884,0,False,2.0,1,0.0,[1 2],[1. 0.],0,0,[0.6 0.6],1.0,0.0,1.0
1884,0.0,1,943.0,1,1885,1,False,0.0,0,1.0,[1 2],[1. 0.],0,0,[0.6 0.6],1.0,0.0,1.0
1885,1.0,1,943.0,0,1886,0,False,1.0,1,0.0,[1 2],[0. 1.],1,1,[0.6 0.6],1.0,0.0,1.0
1886,0.0,1,944.0,1,1887,1,False,0.0,0,2.0,[1 2],[0. 1.],1,1,[0.6 0.6],1.0,0.0,1.0
1887,0.0,1,944.0,0,1888,0,False,2.0,1,0.0,[1 2],[0. 1.],1,1,[0.6 0.6],1.0,0.0,1.0
1888,0.0,1,945.0,1,1889,1,False,0.0,0,2.0,[1 2],[0. 1.],1,1,[0.6 0.6],1.0,0.0,1.0
1889,0.0,1,945.0,0,1890,0,False,2.0,1,0.0,[2 1],[0. 1.],1,1,[0.6 0.6],1.0,0.0,1.0
1890,0.0,1,946.0,2,1891,1,False,0.0,0,2.0,[2 1],[0. 1.],1,1,[0.6 0.6],1.0,0.0,1.0
1891,0.0,1,946.0,0,1892,0,False,2.0,1,0.0,[2 2],[0. 1.],1,1,[0.6 0.6],1.0,0.0,1.0
1892,0.0,1,947.0,1,1893,1,False,0.0,0,2.0,[2 2],[0. 1.],1,1,[0.6 0.6],1.0,0.0,1.0
1893,1.0,1,947.0,0,1894,0,False,2.0,1,0.0,[1 1],[0. 1.],1,1,[0.6 0.6],1.0,0.0,1.0
1894,0.0,1,948.0,1,1895,1,False,0.0,0,2.0,[1 1],[0. 1.],1,1,[0.6 0.6],1.0,0.0,1.0
1895,0.0,1,948.0,0,1896,0,False,2.0,1,0.0,[1 1],[0. 1.],1,1,[0.6 0.6],1.0,0.0,1.0
1896,0.0,1,949.0,2,1897,1,False,0.0,0,2.0,[1 1],[0. 1.],1,1,[0.6 0.6],1.0,0.0,1.0
1897,0.0,1,949.0,0,1898,0,False,2.0,1,0.0,[1 2],[0. 1.],0,1,[0.6 0.6],1.0,0.0,1.0
1898,0.0,1,950.0,1,1899,1,False,0.0,0,1.0,[1 2],[0. 1.],0,1,[0.6 0.6],1.0,0.0,1.0
1899,0.0,1,950.0,0,1900,0,False,1.0,1,0.0,[2 2],[0. 1.],1,1,[0.6 0.6],1.0,0.0,1.0
1900,0.0,1,951.0,2,1901,1,False,0.0,0,2.0,[2 2],[0. 1.],1,1,[0.6 0.6],1.0,0.0,1.0
1901,1.0,1,951.0,0,1902,0,False,2.0,1,0.0,[2 2],[0. 1.],0,1,[0.6 0.6],1.0,0.0,1.0
1902,0.0,1,952.0,2,1903,1,False,0.0,0,1.0,[2 2],[0. 1.],0,1,[0.6 0.6],1.0,0.0,1.0
1903,1.0,1,952.0,0,1904,0,False,1.0,1,0.0,[2 1],[0. 1.],1,1,[0.6 0.6],1.0,0.0,1.0
1904,0.0,1,953.0,2,1905,1,False,0.0,0,2.0,[2 1],[0. 1.],1,1,[0.6 0.6],1.0,0.0,1.0
1905,0.0,1,953.0,0,1906,0,False,2.0,1,0.0,[2 2],[0. 1.],1,1,[0.6 0.6],1.0,0.0,1.0
1906,0.0,1,954.0,2,1907,1,False,0.0,0,2.0,[2 2],[0. 1.],1,1,[0.6 0.6],1.0,0.0,1.0
1907,1.0,1,954.0,0,1908,0,False,2.0,1,0.0,[1 1],[0. 1.],0,1,[0.6 0.6],1.0,0.0,1.0
1908,0.0,1,955.0,2,1909,1,False,0.0,0,1.0,[1 1],[0. 1.],0,1,[0.6 0.6],1.0,0.0,1.0
1909,0.0,1,955.0,0,1910,0,False,1.0,1,0.0,[2 1],[0. 1.],0,1,[0.6 0.6],1.0,0.0,1.0
1910,0.0,1,956.0,2,1911,1,False,0.0,0,1.0,[2 1],[0. 1.],0,1,[0.6 0.6],1.0,0.0,1.0
1911,0.0,1,956.0,0,1912,0,False,1.0,1,0.0,[1 1],[0. 1.],1,1,[0.6 0.6],1.0,0.0,1.0
1912,0.0,1,957.0,2,1913,1,False,0.0,0,2.0,[1 1],[0. 1.],1,1,[0.6 0.6],1.0,0.0,1.0
1913,0.0,1,957.0,0,1914,0,False,2.0,1,0.0,[2 1],[0. 1.],0,1,[0.6 0.6],1.0,0.0,1.0
1914,0.0,1,958.0,1,1915,1,False,0.0,0,1.0,[2 1],[0. 1.],0,1,[0.6 0.6],1.0,0.0,1.0
1915,1.0,1,958.0,0,1916,0,False,1.0,1,0.0,[1 1],[0. 1.],1,1,[0.6 0.6],1.0,0.0,1.0
1916,0.0,1,959.0,1,1917,1,False,0.0,0,2.0,[1 1],[0. 1.],1,1,[0.6 0.6],1.0,0.0,1.0
1917,0.0,1,959.0,0,1918,0,False,2.0,1,0.0,[1 1],[0. 1.],0,1,[0.6 0.6],1.0,0.0,1.0
1918,0.0,1,960.0,1,1919,1,False,0.0,0,1.0,[1 1],[0. 1.],0,1,[0.6 0.6],1.0,0.0,1.0
1919,0.0,1,960.0,0,1920,0,False,1.0,1,0.0,[2 1],[0. 1.],0,1,[0.6 0.6],1.0,0.0,1.0
1920,0.0,1,961.0,2,1921,1,False,0.0,0,1.0,[2 1],[0. 1.],0,1,[0.6 0.6],1.0,0.0,1.0
1921,0.0,1,961.0,0,1922,0,False,1.0,1,0.0,[1 1],[0. 1.],1,1,[0.6 0.6],1.0,0.0,1.0
1922,0.0,1,962.0,1,1923,1,False,0.0,0,2.0,[1 1],[0. 1.],1,1,[0.6 0.6],1.0,0.0,1.0
1923,0.0,1,962.0,0,1924,0,False,2.0,1,0.0,[2 1],[0. 1.],0,1,[0.6 0.6],1.0,0.0,1.0
1924,0.0,1,963.0,2,1925,1,False,0.0,0,1.0,[2 1],[0. 1.],0,1,[0.6 0.6],1.0,0.0,1.0
1925,0.0,1,963.0,0,1926,0,False,1.0,1,0.0,[2 1],[0. 1.],0,1,[0.6 0.6],1.0,0.0,1.0
1926,0.0,1,964.0,1,1927,1,False,0.0,0,1.0,[2 1],[0. 1.],0,1,[0.6 0.6],1.0,0.0,1.0
1927,1.0,1,964.0,0,1928,0,False,1.0,1,0.0,[2 1],[0. 1.],0,1,[0.6 0.6],1.0,0.0,1.0
1928,0.0,1,965.0,1,1929,1,False,0.0,0,1.0,[2 1],[0. 1.],0,1,[0.6 0.6],1.0,0.0,1.0
1929,1.0,1,965.0,0,1930,0,False,1.0,1,0.0,[2 1],[0. 1.],0,1,[0.6 0.6],1.0,0.0,1.0
1930,0.0,1,966.0,1,1931,1,False,0.0,0,1.0,[2 1],[0. 1.],0,1,[0.6 0.6],1.0,0.0,1.0
1931,1.0,1,966.0,0,1932,0,False,1.0,1,0.0,[1 1],[0. 1.],1,1,[0.6 0.6],1.0,0.0,1.0
1932,0.0,1,967.0,1,1933,1,False,0.0,0,2.0,[1 1],[0. 1.],1,1,[0.6 0.6],1.0,0.0,1.0
1933,0.0,1,967.0,0,1934,0,False,2.0,1,0.0,[2 2],[0. 1.],0,1,[0.6 0.6],1.0,0.0,1.0
1934,0.0,1,968.0,1,1935,1,False,0.0,0,1.0,[2 2],[0. 1.],0,1,[0.6 0.6],1.0,0.0,1.0
1935,1.0,1,968.0,0,1936,0,False,1.0,1,0.0,[2 1],[0. 1.],0,1,[0.6 0.6],1.0,0.0,1.0
1936,0.0,1,969.0,1,1937,1,False,0.0,0,1.0,[2 1],[0. 1.],0,1,[0.6 0.6],1.0,0.0,1.0
1937,1.0,1,969.0,0,1938,0,False,1.0,1,0.0,[1 2],[0. 1.],0,1,[0.6 0.6],1.0,0.0,1.0
1938,0.0,1,970.0,1,1939,1,False,0.0,0,1.0,[1 2],[0. 1.],0,1,[0.6 0.6],1.0,0.0,1.0
1939,0.0,1,970.0,0,1940,0,False,1.0,1,0.0,[1 1],[0. 1.],0,1,[0.6 0.6],1.0,0.0,1.0
1940,0.0,1,971.0,1,1941,1,False,0.0,0,1.0,[1 1],[0. 1.],0,1,[0.6 0.6],1.0,0.0,1.0
1941,0.0,1,971.0,0,1942,0,False,1.0,1,0.0,[2 2],[0. 1.],1,1,[0.6 0.6],1.0,0.0,1.0
1942,0.0,1,972.0,1,1943,1,False,0.0,0,2.0,[2 2],[0. 1.],1,1,[0.6 0.6],1.0,0.0,1.0
1943,1.0,1,972.0,0,1944,0,False,2.0,1,0.0,[2 2],[0. 1.],0,1,[0.6 0.6],1.0,0.0,1.0
1944,0.0,1,973.0,1,1945,1,False,0.0,0,1.0,[2 2],[0. 1.],0,1,[0.6 0.6],1.0,0.0,1.0
1945,1.0,1,973.0,0,1946,0,False,1.0,1,0.0,[1 1],[0. 1.],1,1,[0.6 0.6],1.0,0.0,1.0
1946,0.0,1,974.0,1,1947,1,False,0.0,0,2.0,[1 1],[0. 1.],1,1,[0.6 0.6],1.0,0.0,1.0
1947,0.0,1,974.0,0,1948,0,False,2.0,1,0.0,[1 2],[0. 1.],1,1,[0.6 0.6],1.0,0.0,1.0
1948,0.0,1,975.0,1,1949,1,False,0.0,0,2.0,[1 2],[0. 1.],1,1,[0.6 0.6],1.0,0.0,1.0
1949,0.0,1,975.0,0,1950,0,False,2.0,1,0.0,[1 2],[0. 1.],0,1,[0.6 0.6],1.0,0.0,1.0
1950,0.0,1,976.0,2,1951,1,False,0.0,0,1.0,[1 2],[0. 1.],0,1,[0.6 0.6],1.0,0.0,1.0
1951,1.0,1,976.0,0,1952,0,False,1.0,1,0.0,[2 1],[0. 1.],0,1,[0.6 0.6],1.0,0.0,1.0
1952,0.0,1,977.0,2,1953,1,False,0.0,0,1.0,[2 1],[0. 1.],0,1,[0.6 0.6],1.0,0.0,1.0
1953,0.0,1,977.0,0,1954,0,False,1.0,1,0.0,[2 1],[0. 1.],0,1,[0.6 0.6],1.0,0.0,1.0
1954,0.0,1,978.0,2,1955,1,False,0.0,0,1.0,[2 1],[0. 1.],0,1,[0.6 0.6],1.0,0.0,1.0
1955,0.0,1,978.0,0,1956,0,False,1.0,1,0.0,[2 1],[0. 1.],1,1,[0.6 0.6],1.0,0.0,1.0
1956,0.0,1,979.0,2,1957,1,False,0.0,0,2.0,[2 1],[0. 1.],1,1,[0.6 0.6],1.0,0.0,1.0
1957,0.0,1,979.0,0,1958,0,False,2.0,1,0.0,[2 1],[0. 1.],1,1,[0.6 0.6],1.0,0.0,1.0
1958,0.0,1,980.0,1,1959,1,False,0.0,0,2.0,[2 1],[0. 1.],1,1,[0.6 0.6],1.0,0.0,1.0
1959,1.0,1,980.0,0,1960,0,False,2.0,1,0.0,[1 2],[1. 0.],0,0,[0.6 0.6],1.0,0.0,1.0
1960,0.0,1,981.0,1,1961,1,False,0.0,0,1.0,[1 2],[1. 0.],0,0,[0.6 0.6],1.0,0.0,1.0
1961,1.0,1,981.0,0,1962,0,False,1.0,1,0.0,[1 1],[1. 0.],1,0,[0.6 0.6],1.0,0.0,1.0
1962,0.0,1,982.0,1,1963,1,False,0.0,0,2.0,[1 1],[1. 0.],1,0,[0.6 0.6],1.0,0.0,1.0
1963,1.0,1,982.0,0,1964,0,False,2.0,1,0.0,[2 2],[1. 0.],0,0,[0.6 0.6],1.0,0.0,1.0
1964,0.0,1,983.0,1,1965,1,False,0.0,0,1.0,[2 2],[1. 0.],0,0,[0.6 0.6],1.0,0.0,1.0
1965,0.0,1,983.0,0,1966,0,False,1.0,1,0.0,[2 1],[1. 0.],0,0,[0.6 0.6],1.0,0.0,1.0
1966,0.0,1,984.0,1,1967,1,False,0.0,0,1.0,[2 1],[1. 0.],0,0,[0.6 0.6],1.0,0.0,1.0
1967,0.0,1,984.0,0,1968,0,False,1.0,1,0.0,[2 2],[1. 0.],1,0,[0.6 0.6],1.0,0.0,1.0
1968,0.0,1,985.0,1,1969,1,False,0.0,0,2.0,[2 2],[1. 0.],1,0,[0.6 0.6],1.0,0.0,1.0
1969,0.0,1,985.0,0,1970,0,False,2.0,1,0.0,[2 1],[1. 0.],0,0,[0.6 0.6],1.0,0.0,1.0
1970,0.0,1,986.0,2,1971,1,False,0.0,0,1.0,[2 1],[1. 0.],0,0,[0.6 0.6],1.0,0.0,1.0
1971,1.0,1,986.0,0,1972,0,False,1.0,1,0.0,[1 2],[1. 0.],1,0,[0.6 0.6],1.0,0.0,1.0
1972,0.0,1,987.0,2,1973,1,False,0.0,0,2.0,[1 2],[1. 0.],1,0,[0.6 0.6],1.0,0.0,1.0
1973,0.0,1,987.0,0,1974,0,False,2.0,1,0.0,[2 1],[1. 0.],0,0,[0.6 0.6],1.0,0.0,1.0
1974,0.0,1,988.0,2,1975,1,False,0.0,0,1.0,[2 1],[1. 0.],0,0,[0.6 0.6],1.0,0.0,1.0
1975,1.0,1,988.0,0,1976,0,False,1.0,1,0.0,[1 2],[1. 0.],0,0,[0.6 0.6],1.0,0.0,1.0
1976,0.0,1,989.0,2,1977,1,False,0.0,0,1.0,[1 2],[1. 0.],0,0,[0.6 0.6],1.0,0.0,1.0
1977,0.0,1,989.0,0,1978,0,False,1.0,1,0.0,[2 2],[1. 0.],1,0,[0.6 0.6],1.0,0.0,1.0
1978,0.0,1,990.0,2,1979,1,False,0.0,0,2.0,[2 2],[1. 0.],1,0,[0.6 0.6],1.0,0.0,1.0
1979,0.0,1,990.0,0,1980,0,False,2.0,1,0.0,[1 2],[1. 0.],0,0,[0.6 0.6],1.0,0.0,1.0
1980,0.0,1,991.0,2,1981,1,False,0.0,0,1.0,[1 2],[1. 0.],0,0,[0.6 0.6],1.0,0.0,1.0
1981,0.0,1,991.0,0,1982,0,False,1.0,1,0.0,[1 2],[1. 0.],0,0,[0.6 0.6],1.0,0.0,1.0
1982,0.0,1,992.0,2,1983,1,False,0.0,0,1.0,[1 2],[1. 0.],0,0,[0.6 0.6],1.0,0.0,1.0
1983,0.0,1,992.0,0,1984,0,False,1.0,1,0.0,[1 2],[1. 0.],0,0,[0.6 0.6],1.0,0.0,1.0
1984,0.0,1,993.0,2,1985,1,False,0.0,0,1.0,[1 2],[1. 0.],0,0,[0.6 0.6],1.0,0.0,1.0
1985,0.0,1,993.0,0,1986,0,False,1.0,1,0.0,[1 2],[1. 0.],0,0,[0.6 0.6],1.0,0.0,1.0
1986,0.0,1,994.0,2,1987,1,False,0.0,0,1.0,[1 2],[1. 0.],0,0,[0.6 0.6],1.0,0.0,1.0
1987,0.0,1,994.0,0,1988,0,False,1.0,1,0.0,[2 2],[1. 0.],0,0,[0.6 0.6],1.0,0.0,1.0
1988,0.0,1,995.0,2,1989,1,False,0.0,0,1.0,[2 2],[1. 0.],0,0,[0.6 0.6],1.0,0.0,1.0
1989,0.0,1,995.0,0,1990,0,False,1.0,1,0.0,[1 2],[1. 0.],0,0,[0.6 0.6],1.0,0.0,1.0
1990,0.0,1,996.0,1,1991,1,False,0.0,0,1.0,[1 2],[1. 0.],0,0,[0.6 0.6],1.0,0.0,1.0
1991,1.0,1,996.0,0,1992,0,False,1.0,1,0.0,[1 2],[1. 0.],1,0,[0.6 0.6],1.0,0.0,1.0
1992,0.0,1,997.0,1,1993,1,False,0.0,0,2.0,[1 2],[1. 0.],1,0,[0.6 0.6],1.0,0.0,1.0
1993,1.0,1,997.0,0,1994,0,False,2.0,1,0.0,[2 2],[1. 0.],0,0,[0.6 0.6],1.0,0.0,1.0
1994,0.0,1,998.0,1,1995,1,False,0.0,0,1.0,[2 2],[1. 0.],0,0,[0.6 0.6],1.0,0.0,1.0
1995,0.0,1,998.0,0,1996,0,False,1.0,1,0.0,[1 2],[1. 0.],1,0,[0.6 0.6],1.0,0.0,1.0
1996,0.0,1,999.0,1,1997,1,False,0.0,0,2.0,[1 2],[1. 0.],1,0,[0.6 0.6],1.0,0.0,1.0
1997,1.0,1,999.0,0,1998,0,False,2.0,1,0.0,[1 1],[1. 0.],1,0,[0.6 0.6],1.0,0.0,1.0
1998,0.0,1,1000.0,1,1999,1,False,0.0,0,2.0,[1 1],[1. 0.],1,0,[0.6 0.6],1.0,0.0,1.0
1999,1.0,1,1000.0,0,2000,0,True,2.0,1,0.0,[2 1],[1. 0.],0,0,[0.6 0.6],1.0,0.0,1.0
0,0.0,1,1.0,2,1,1,False,0.0,0,1.0,[1 1],[0. 1.],0,1,[0.4 0.4],1.0,0.0,1.0
1,0.0,1,1.0,0,2,0,False,1.0,1,0.0,[2 2],[0. 1.],1,1,[0.4 0.4],1.0,0.0,1.0
2,0.0,1,2.0,1,3,1,False,0.0,0,2.0,[2 2],[0. 1.],1,1,[0.4 0.4],1.0,0.0,1.0
3,1.0,1,2.0,0,4,0,False,2.0,1,0.0,[1 2],[0. 1.],1,1,[0.4 0.4],1.0,0.0,1.0
4,0.0,1,3.0,1,5,1,False,0.0,0,2.0,[1 2],[0. 1.],1,1,[0.4 0.4],1.0,0.0,1.0
5,0.0,1,3.0,0,6,0,False,2.0,1,0.0,[1 2],[0. 1.],1,1,[0.4 0.4],1.0,0.0,1.0
6,0.0,1,4.0,1,7,1,False,0.0,0,2.0,[1 2],[0. 1.],1,1,[0.4 0.4],1.0,0.0,1.0
7,0.0,1,4.0,0,8,0,False,2.0,1,0.0,[1 2],[0. 1.],1,1,[0.4 0.4],1.0,0.0,1.0
8,0.0,1,5.0,2,9,1,False,0.0,0,2.0,[1 2],[0. 1.],1,1,[0.4 0.4],1.0,0.0,1.0
9,1.0,1,5.0,0,10,0,False,2.0,1,0.0,[2 1],[0. 1.],0,1,[0.4 0.4],1.0,0.0,1.0
10,0.0,1,6.0,2,11,1,False,0.0,0,1.0,[2 1],[0. 1.],0,1,[0.4 0.4],1.0,0.0,1.0
11,0.0,1,6.0,0,12,0,False,1.0,1,0.0,[1 2],[0. 1.],1,1,[0.4 0.4],1.0,0.0,1.0
12,0.0,1,7.0,2,13,1,False,0.0,0,2.0,[1 2],[0. 1.],1,1,[0.4 0.4],1.0,0.0,1.0
13,1.0,1,7.0,0,14,0,False,2.0,1,0.0,[1 1],[0. 1.],0,1,[0.4 0.4],1.0,0.0,1.0
14,0.0,1,8.0,2,15,1,False,0.0,0,1.0,[1 1],[0. 1.],0,1,[0.4 0.4],1.0,0.0,1.0
15,0.0,1,8.0,0,16,0,False,1.0,1,0.0,[1 1],[0. 1.],1,1,[0.4 0.4],1.0,0.0,1.0
16,0.0,1,9.0,2,17,1,False,0.0,0,2.0,[1 1],[0. 1.],1,1,[0.4 0.4],1.0,0.0,1.0
17,0.0,1,9.0,0,18,0,False,2.0,1,0.0,[2 1],[0. 1.],0,1,[0.4 0.4],1.0,0.0,1.0
18,0.0,1,10.0,1,19,1,False,0.0,0,1.0,[2 1],[0. 1.],0,1,[0.4 0.4],1.0,0.0,1.0
19,1.0,1,10.0,0,20,0,False,1.0,1,0.0,[1 1],[0. 1.],0,1,[0.4 0.4],1.0,0.0,1.0
20,0.0,1,11.0,1,21,1,False,0.0,0,1.0,[1 1],[0. 1.],0,1,[0.4 0.4],1.0,0.0,1.0
21,0.0,1,11.0,0,22,0,False,1.0,1,0.0,[2 1],[0. 1.],1,1,[0.4 0.4],1.0,0.0,1.0
22,0.0,1,12.0,1,23,1,False,0.0,0,2.0,[2 1],[0. 1.],1,1,[0.4 0.4],1.0,0.0,1.0
23,1.0,1,12.0,0,24,0,False,2.0,1,0.0,[2 2],[0. 1.],0,1,[0.4 0.4],1.0,0.0,1.0
24,0.0,1,13.0,1,25,1,False,0.0,0,1.0,[2 2],[0. 1.],0,1,[0.4 0.4],1.0,0.0,1.0
25,1.0,1,13.0,0,26,0,False,1.0,1,0.0,[1 2],[0. 1.],1,1,[0.4 0.4],1.0,0.0,1.0
26,0.0,1,14.0,1,27,1,False,0.0,0,2.0,[1 2],[0. 1.],1,1,[0.4 0.4],1.0,0.0,1.0
27,0.0,1,14.0,0,28,0,False,2.0,1,0.0,[1 2],[0. 1.],1,1,[0.4 0.4],1.0,0.0,1.0
28,0.0,1,15.0,1,29,1,False,0.0,0,2.0,[1 2],[0. 1.],1,1,[0.4 0.4],1.0,0.0,1.0
29,0.0,1,15.0,0,30,0,False,2.0,1,0.0,[2 2],[0. 1.],0,1,[0.4 0.4],1.0,0.0,1.0
30,0.0,1,16.0,2,31,1,False,0.0,0,1.0,[2 2],[0. 1.],0,1,[0.4 0.4],1.0,0.0,1.0
31,1.0,1,16.0,0,32,0,False,1.0,1,0.0,[2 1],[0. 1.],0,1,[0.4 0.4],1.0,0.0,1.0
32,0.0,1,17.0,2,33,1,False,0.0,0,1.0,[2 1],[0. 1.],0,1,[0.4 0.4],1.0,0.0,1.0
33,0.0,1,17.0,0,34,0,False,1.0,1,0.0,[1 2],[0. 1.],1,1,[0.4 0.4],1.0,0.0,1.0
34,0.0,1,18.0,2,35,1,False,0.0,0,2.0,[1 2],[0. 1.],1,1,[0.4 0.4],1.0,0.0,1.0
35,1.0,1,18.0,0,36,0,False,2.0,1,0.0,[1 2],[0. 1.],1,1,[0.4 0.4],1.0,0.0,1.0
36,0.0,1,19.0,2,37,1,False,0.0,0,2.0,[1 2],[0. 1.],1,1,[0.4 0.4],1.0,0.0,1.0
37,1.0,1,19.0,0,38,0,False,2.0,1,0.0,[2 2],[0. 1.],0,1,[0.4 0.4],1.0,0.0,1.0
38,0.0,1,20.0,2,39,1,False,0.0,0,1.0,[2 2],[0. 1.],0,1,[0.4 0.4],1.0,0.0,1.0
39,1.0,1,20.0,0,40,0,False,1.0,1,0.0,[1 2],[0. 1.],1,1,[0.4 0.4],1.0,0.0,1.0
40,0.0,1,21.0,2,41,1,False,0.0,0,2.0,[1 2],[0. 1.],1,1,[0.4 0.4],1.0,0.0,1.0
41,1.0,1,21.0,0,42,0,False,2.0,1,0.0,[1 2],[0. 1.],0,1,[0.4 0.4],1.0,0.0,1.0
42,0.0,1,22.0,2,43,1,False,0.0,0,1.0,[1 2],[0. 1.],0,1,[0.4 0.4],1.0,0.0,1.0
43,1.0,1,22.0,0,44,0,False,1.0,1,0.0,[2 2],[0. 1.],0,1,[0.4 0.4],1.0,0.0,1.0
44,0.0,1,23.0,2,45,1,False,0.0,0,1.0,[2 2],[0. 1.],0,1,[0.4 0.4],1.0,0.0,1.0
45,1.0,1,23.0,0,46,0,False,1.0,1,0.0,[2 1],[0. 1.],0,1,[0.4 0.4],1.0,0.0,1.0
46,0.0,1,24.0,2,47,1,False,0.0,0,1.0,[2 1],[0. 1.],0,1,[0.4 0.4],1.0,0.0,1.0
47,0.0,1,24.0,0,48,0,False,1.0,1,0.0,[1 1],[0. 1.],0,1,[0.4 0.4],1.0,0.0,1.0
48,0.0,1,25.0,2,49,1,False,0.0,0,1.0,[1 1],[0. 1.],0,1,[0.4 0.4],1.0,0.0,1.0
49,0.0,1,25.0,0,50,0,False,1.0,1,0.0,[2 1],[0. 1.],1,1,[0.4 0.4],1.0,0.0,1.0
50,0.0,1,26.0,2,51,1,False,0.0,0,2.0,[2 1],[0. 1.],1,1,[0.4 0.4],1.0,0.0,1.0
51,0.0,1,26.0,0,52,0,False,2.0,1,0.0,[2 2],[0. 1.],1,1,[0.4 0.4],1.0,0.0,1.0
52,0.0,1,27.0,2,53,1,False,0.0,0,2.0,[2 2],[0. 1.],1,1,[0.4 0.4],1.0,0.0,1.0
53,1.0,1,27.0,0,54,0,False,2.0,1,0.0,[2 1],[0. 1.],0,1,[0.4 0.4],1.0,0.0,1.0
54,0.0,1,28.0,2,55,1,False,0.0,0,1.0,[2 1],[0. 1.],0,1,[0.4 0.4],1.0,0.0,1.0
55,0.0,1,28.0,0,56,0,False,1.0,1,0.0,[2 1],[0. 1.],0,1,[0.4 0.4],1.0,0.0,1.0
56,0.0,1,29.0,2,57,1,False,0.0,0,1.0,[2 1],[0. 1.],0,1,[0.4 0.4],1.0,0.0,1.0
57,0.0,1,29.0,0,58,0,False,1.0,1,0.0,[2 1],[0. 1.],0,1,[0.4 0.4],1.0,0.0,1.0
58,0.0,1,30.0,2,59,1,False,0.0,0,1.0,[2 1],[0. 1.],0,1,[0.4 0.4],1.0,0.0,1.0
59,0.0,1,30.0,0,60,0,False,1.0,1,0.0,[1 2],[0. 1.],0,1,[0.4 0.4],1.0,0.0,1.0
60,0.0,1,31.0,1,61,1,False,0.0,0,1.0,[1 2],[0. 1.],0,1,[0.4 0.4],1.0,0.0,1.0
61,0.0,1,31.0,0,62,0,False,1.0,1,0.0,[1 1],[0. 1.],0,1,[0.4 0.4],1.0,0.0,1.0
62,0.0,1,32.0,2,63,1,False,0.0,0,1.0,[1 1],[0. 1.],0,1,[0.4 0.4],1.0,0.0,1.0
63,0.0,1,32.0,0,64,0,False,1.0,1,0.0,[2 2],[0. 1.],0,1,[0.4 0.4],1.0,0.0,1.0
64,0.0,1,33.0,1,65,1,False,0.0,0,1.0,[2 2],[0. 1.],0,1,[0.4 0.4],1.0,0.0,1.0
65,1.0,1,33.0,0,66,0,False,1.0,1,0.0,[1 2],[0. 1.],1,1,[0.4 0.4],1.0,0.0,1.0
66,0.0,1,34.0,1,67,1,False,0.0,0,2.0,[1 2],[0. 1.],1,1,[0.4 0.4],1.0,0.0,1.0
67,0.0,1,34.0,0,68,0,False,2.0,1,0.0,[1 2],[0. 1.],1,1,[0.4 0.4],1.0,0.0,1.0
68,0.0,1,35.0,1,69,1,False,0.0,0,2.0,[1 2],[0. 1.],1,1,[0.4 0.4],1.0,0.0,1.0
69,0.0,1,35.0,0,70,0,False,2.0,1,0.0,[2 2],[0. 1.],0,1,[0.4 0.4],1.0,0.0,1.0
70,0.0,1,36.0,2,71,1,False,0.0,0,1.0,[2 2],[0. 1.],0,1,[0.4 0.4],1.0,0.0,1.0
71,1.0,1,36.0,0,72,0,False,1.0,1,0.0,[1 2],[0. 1.],1,1,[0.4 0.4],1.0,0.0,1.0
72,0.0,1,37.0,2,73,1,False,0.0,0,2.0,[1 2],[0. 1.],1,1,[0.4 0.4],1.0,0.0,1.0
73,1.0,1,37.0,0,74,0,False,2.0,1,0.0,[2 2],[0. 1.],1,1,[0.4 0.4],1.0,0.0,1.0
74,0.0,1,38.0,2,75,1,False,0.0,0,2.0,[2 2],[0. 1.],1,1,[0.4 0.4],1.0,0.0,1.0
75,1.0,1,38.0,0,76,0,False,2.0,1,0.0,[1 2],[0. 1.],1,1,[0.4 0.4],1.0,0.0,1.0
76,0.0,1,39.0,2,77,1,False,0.0,0,2.0,[1 2],[0. 1.],1,1,[0.4 0.4],1.0,0.0,1.0
77,1.0,1,39.0,0,78,0,False,2.0,1,0.0,[1 1],[0. 1.],1,1,[0.4 0.4],1.0,0.0,1.0
78,0.0,1,40.0,2,79,1,False,0.0,0,2.0,[1 1],[0. 1.],1,1,[0.4 0.4],1.0,0.0,1.0
79,0.0,1,40.0,0,80,0,False,2.0,1,0.0,[1 2],[0. 1.],1,1,[0.4 0.4],1.0,0.0,1.0
80,0.0,1,41.0,2,81,1,False,0.0,0,2.0,[1 2],[0. 1.],1,1,[0.4 0.4],1.0,0.0,1.0
81,1.0,1,41.0,0,82,0,False,2.0,1,0.0,[1 2],[0. 1.],0,1,[0.4 0.4],1.0,0.0,1.0
82,0.0,1,42.0,2,83,1,False,0.0,0,1.0,[1 2],[0. 1.],0,1,[0.4 0.4],1.0,0.0,1.0
83,1.0,1,42.0,0,84,0,False,1.0,1,0.0,[2 1],[0. 1.],1,1,[0.4 0.4],1.0,0.0,1.0
84,0.0,1,43.0,2,85,1,False,0.0,0,2.0,[2 1],[0. 1.],1,1,[0.4 0.4],1.0,0.0,1.0
85,0.0,1,43.0,0,86,0,False,2.0,1,0.0,[1 2],[0. 1.],1,1,[0.4 0.4],1.0,0.0,1.0
86,0.0,1,44.0,2,87,1,False,0.0,0,2.0,[1 2],[0. 1.],1,1,[0.4 0.4],1.0,0.0,1.0
87,1.0,1,44.0,0,88,0,False,2.0,1,0.0,[1 1],[0. 1.],1,1,[0.4 0.4],1.0,0.0,1.0
88,0.0,1,45.0,2,89,1,False,0.0,0,2.0,[1 1],[0. 1.],1,1,[0.4 0.4],1.0,0.0,1.0
89,0.0,1,45.0,0,90,0,False,2.0,1,0.0,[2 2],[0. 1.],1,1,[0.4 0.4],1.0,0.0,1.0
90,0.0,1,46.0,2,91,1,False,0.0,0,2.0,[2 2],[0. 1.],1,1,[0.4 0.4],1.0,0.0,1.0
91,1.0,1,46.0,0,92,0,False,2.0,1,0.0,[1 1],[0. 1.],0,1,[0.4 0.4],1.0,0.0,1.0
92,0.0,1,47.0,2,93,1,False,0.0,0,1.0,[1 1],[0. 1.],0,1,[0.4 0.4],1.0,0.0,1.0
93,0.0,1,47.0,0,94,0,False,1.0,1,0.0,[2 2],[0. 1.],0,1,[0.4 0.4],1.0,0.0,1.0
94,0.0,1,48.0,2,95,1,False,0.0,0,1.0,[2 2],[0. 1.],0,1,[0.4 0.4],1.0,0.0,1.0
95,1.0,1,48.0,0,96,0,False,1.0,1,0.0,[2 1],[0. 1.],1,1,[0.4 0.4],1.0,0.0,1.0
96,0.0,1,49.0,2,97,1,False,0.0,0,2.0,[2 1],[0. 1.],1,1,[0.4 0.4],1.0,0.0,1.0
97,0.0,1,49.0,0,98,0,False,2.0,1,0.0,[2 2],[0. 1.],0,1,[0.4 0.4],1.0,0.0,1.0
98,0.0,1,50.0,2,99,1,False,0.0,0,1.0,[2 2],[0. 1.],0,1,[0.4 0.4],1.0,0.0,1.0
99,1.0,1,50.0,0,100,0,False,1.0,1,0.0,[1 2],[0. 1.],0,1,[0.4 0.4],1.0,0.0,1.0
100,0.0,1,51.0,2,101,1,False,0.0,0,1.0,[1 2],[0. 1.],0,1,[0.4 0.4],1.0,0.0,1.0
101,1.0,1,51.0,0,102,0,False,1.0,1,0.0,[2 2],[0. 1.],1,1,[0.4 0.4],1.0,0.0,1.0
102,0.0,1,52.0,2,103,1,False,0.0,0,2.0,[2 2],[0. 1.],1,1,[0.4 0.4],1.0,0.0,1.0
103,1.0,1,52.0,0,104,0,False,2.0,1,0.0,[1 1],[0. 1.],0,1,[0.4 0.4],1.0,0.0,1.0
104,0.0,1,53.0,2,105,1,False,0.0,0,1.0,[1 1],[0. 1.],0,1,[0.4 0.4],1.0,0.0,1.0
105,0.0,1,53.0,0,106,0,False,1.0,1,0.0,[2 1],[0. 1.],0,1,[0.4 0.4],1.0,0.0,1.0
106,0.0,1,54.0,2,107,1,False,0.0,0,1.0,[2 1],[0. 1.],0,1,[0.4 0.4],1.0,0.0,1.0
107,0.0,1,54.0,0,108,0,False,1.0,1,0.0,[2 2],[0. 1.],1,1,[0.4 0.4],1.0,0.0,1.0
108,0.0,1,55.0,2,109,1,False,0.0,0,2.0,[2 2],[0. 1.],1,1,[0.4 0.4],1.0,0.0,1.0
109,1.0,1,55.0,0,110,0,False,2.0,1,0.0,[1 1],[0. 1.],1,1,[0.4 0.4],1.0,0.0,1.0
110,0.0,1,56.0,2,111,1,False,0.0,0,2.0,[1 1],[0. 1.],1,1,[0.4 0.4],1.0,0.0,1.0
111,0.0,1,56.0,0,112,0,False,2.0,1,0.0,[1 2],[0. 1.],1,1,[0.4 0.4],1.0,0.0,1.0
112,0.0,1,57.0,2,113,1,False,0.0,0,2.0,[1 2],[0. 1.],1,1,[0.4 0.4],1.0,0.0,1.0
113,1.0,1,57.0,0,114,0,False,2.0,1,0.0,[2 1],[0. 1.],0,1,[0.4 0.4],1.0,0.0,1.0
114,0.0,1,58.0,2,115,1,False,0.0,0,1.0,[2 1],[0. 1.],0,1,[0.4 0.4],1.0,0.0,1.0
115,0.0,1,58.0,0,116,0,False,1.0,1,0.0,[2 1],[0. 1.],1,1,[0.4 0.4],1.0,0.0,1.0
116,0.0,1,59.0,2,117,1,False,0.0,0,2.0,[2 1],[0. 1.],1,1,[0.4 0.4],1.0,0.0,1.0
117,0.0,1,59.0,0,118,0,False,2.0,1,0.0,[1 1],[0. 1.],0,1,[0.4 0.4],1.0,0.0,1.0
118,0.0,1,60.0,1,119,1,False,0.0,0,1.0,[1 1],[0. 1.],0,1,[0.4 0.4],1.0,0.0,1.0
119,0.0,1,60.0,0,120,0,False,1.0,1,0.0,[2 2],[0. 1.],1,1,[0.4 0.4],1.0,0.0,1.0
120,0.0,1,61.0,2,121,1,False,0.0,0,2.0,[2 2],[0. 1.],1,1,[0.4 0.4],1.0,0.0,1.0
121,1.0,1,61.0,0,122,0,False,2.0,1,0.0,[1 2],[0. 1.],0,1,[0.4 0.4],1.0,0.0,1.0
122,0.0,1,62.0,2,123,1,False,0.0,0,1.0,[1 2],[0. 1.],0,1,[0.4 0.4],1.0,0.0,1.0
123,1.0,1,62.0,0,124,0,False,1.0,1,0.0,[2 2],[0. 1.],0,1,[0.4 0.4],1.0,0.0,1.0
124,0.0,1,63.0,2,125,1,False,0.0,0,1.0,[2 2],[0. 1.],0,1,[0.4 0.4],1.0,0.0,1.0
125,1.0,1,63.0,0,126,0,False,1.0,1,0.0,[1 1],[0. 1.],1,1,[0.4 0.4],1.0,0.0,1.0
126,0.0,1,64.0,2,127,1,False,0.0,0,2.0,[1 1],[0. 1.],1,1,[0.4 0.4],1.0,0.0,1.0
127,0.0,1,64.0,0,128,0,False,2.0,1,0.0,[2 1],[0. 1.],0,1,[0.4 0.4],1.0,0.0,1.0
128,0.0,1,65.0,2,129,1,False,0.0,0,1.0,[2 1],[0. 1.],0,1,[0.4 0.4],1.0,0.0,1.0
129,0.0,1,65.0,0,130,0,False,1.0,1,0.0,[2 1],[0. 1.],1,1,[0.4 0.4],1.0,0.0,1.0
130,0.0,1,66.0,2,131,1,False,0.0,0,2.0,[2 1],[0. 1.],1,1,[0.4 0.4],1.0,0.0,1.0
131,0.0,1,66.0,0,132,0,False,2.0,1,0.0,[1 2],[0. 1.],1,1,[0.4 0.4],1.0,0.0,1.0
132,0.0,1,67.0,2,133,1,False,0.0,0,2.0,[1 2],[0. 1.],1,1,[0.4 0.4],1.0,0.0,1.0
133,1.0,1,67.0,0,134,0,False,2.0,1,0.0,[1 2],[0. 1.],1,1,[0.4 0.4],1.0,0.0,1.0
134,0.0,1,68.0,2,135,1,False,0.0,0,2.0,[1 2],[0. 1.],1,1,[0.4 0.4],1.0,0.0,1.0
135,1.0,1,68.0,0,136,0,False,2.0,1,0.0,[1 1],[0. 1.],0,1,[0.4 0.4],1.0,0.0,1.0
136,0.0,1,69.0,2,137,1,False,0.0,0,1.0,[1 1],[0. 1.],0,1,[0.4 0.4],1.0,0.0,1.0
137,0.0,1,69.0,0,138,0,False,1.0,1,0.0,[1 1],[0. 1.],1,1,[0.4 0.4],1.0,0.0,1.0
138,0.0,1,70.0,2,139,1,False,0.0,0,2.0,[1 1],[0. 1.],1,1,[0.4 0.4],1.0,0.0,1.0
139,0.0,1,70.0,0,140,0,False,2.0,1,0.0,[1 1],[0. 1.],1,1,[0.4 0.4],1.0,0.0,1.0
140,0.0,1,71.0,2,141,1,False,0.0,0,2.0,[1 1],[0. 1.],1,1,[0.4 0.4],1.0,0.0,1.0
141,0.0,1,71.0,0,142,0,False,2.0,1,0.0,[1 1],[0. 1.],0,1,[0.4 0.4],1.0,0.0,1.0
142,0.0,1,72.0,1,143,1,False,0.0,0,1.0,[1 1],[0. 1.],0,1,[0.4 0.4],1.0,0.0,1.0
143,0.0,1,72.0,0,144,0,False,1.0,1,0.0,[2 1],[0. 1.],1,1,[0.4 0.4],1.0,0.0,1.0
144,0.0,1,73.0,2,145,1,False,0.0,0,2.0,[2 1],[0. 1.],1,1,[0.4 0.4],1.0,0.0,1.0
145,0.0,1,73.0,0,146,0,False,2.0,1,0.0,[2 2],[0. 1.],0,1,[0.4 0.4],1.0,0.0,1.0
146,0.0,1,74.0,1,147,1,False,0.0,0,1.0,[2 2],[0. 1.],0,1,[0.4 0.4],1.0,0.0,1.0
147,1.0,1,74.0,0,148,0,False,1.0,1,0.0,[1 2],[0. 1.],1,1,[0.4 0.4],1.0,0.0,1.0
148,0.0,1,75.0,1,149,1,False,0.0,0,2.0,[1 2],[0. 1.],1,1,[0.4 0.4],1.0,0.0,1.0
149,0.0,1,75.0,0,150,0,False,2.0,1,0.0,[1 1],[0. 1.],1,1,[0.4 0.4],1.0,0.0,1.0
150,0.0,1,76.0,1,151,1,False,0.0,0,2.0,[1 1],[0. 1.],1,1,[0.4 0.4],1.0,0.0,1.0
151,0.0,1,76.0,0,152,0,False,2.0,1,0.0,[1 2],[0. 1.],0,1,[0.4 0.4],1.0,0.0,1.0
152,0.0,1,77.0,2,153,1,False,0.0,0,1.0,[1 2],[0. 1.],0,1,[0.4 0.4],1.0,0.0,1.0
153,1.0,1,77.0,0,154,0,False,1.0,1,0.0,[2 1],[0. 1.],1,1,[0.4 0.4],1.0,0.0,1.0
154,0.0,1,78.0,2,155,1,False,0.0,0,2.0,[2 1],[0. 1.],1,1,[0.4 0.4],1.0,0.0,1.0
155,0.0,1,78.0,0,156,0,False,2.0,1,0.0,[1 1],[0. 1.],0,1,[0.4 0.4],1.0,0.0,1.0
156,0.0,1,79.0,1,157,1,False,0.0,0,1.0,[1 1],[0. 1.],0,1,[0.4 0.4],1.0,0.0,1.0
157,0.0,1,79.0,0,158,0,False,1.0,1,0.0,[2 1],[0. 1.],0,1,[0.4 0.4],1.0,0.0,1.0
158,0.0,1,80.0,2,159,1,False,0.0,0,1.0,[2 1],[0. 1.],0,1,[0.4 0.4],1.0,0.0,1.0
159,0.0,1,80.0,0,160,0,False,1.0,1,0.0,[1 2],[0. 1.],1,1,[0.4 0.4],1.0,0.0,1.0
160,0.0,1,81.0,1,161,1,False,0.0,0,2.0,[1 2],[0. 1.],1,1,[0.4 0.4],1.0,0.0,1.0
161,0.0,1,81.0,0,162,0,False,2.0,1,0.0,[1 2],[0. 1.],0,1,[0.4 0.4],1.0,0.0,1.0
162,0.0,1,82.0,2,163,1,False,0.0,0,1.0,[1 2],[0. 1.],0,1,[0.4 0.4],1.0,0.0,1.0
163,1.0,1,82.0,0,164,0,False,1.0,1,0.0,[2 1],[0. 1.],1,1,[0.4 0.4],1.0,0.0,1.0
164,0.0,1,83.0,2,165,1,False,0.0,0,2.0,[2 1],[0. 1.],1,1,[0.4 0.4],1.0,0.0,1.0
165,0.0,1,83.0,0,166,0,False,2.0,1,0.0,[2 2],[0. 1.],0,1,[0.4 0.4],1.0,0.0,1.0
166,0.0,1,84.0,2,167,1,False,0.0,0,1.0,[2 2],[0. 1.],0,1,[0.4 0.4],1.0,0.0,1.0
167,1.0,1,84.0,0,168,0,False,1.0,1,0.0,[2 1],[0. 1.],1,1,[0.4 0.4],1.0,0.0,1.0
168,0.0,1,85.0,2,169,1,False,0.0,0,2.0,[2 1],[0. 1.],1,1,[0.4 0.4],1.0,0.0,1.0
169,0.0,1,85.0,0,170,0,False,2.0,1,0.0,[2 1],[0. 1.],1,1,[0.4 0.4],1.0,0.0,1.0
170,0.0,1,86.0,2,171,1,False,0.0,0,2.0,[2 1],[0. 1.],1,1,[0.4 0.4],1.0,0.0,1.0
171,0.0,1,86.0,0,172,0,False,2.0,1,0.0,[2 1],[0. 1.],0,1,[0.4 0.4],1.0,0.0,1.0
172,0.0,1,87.0,1,173,1,False,0.0,0,1.0,[2 1],[0. 1.],0,1,[0.4 0.4],1.0,0.0,1.0
173,1.0,1,87.0,0,174,0,False,1.0,1,0.0,[2 1],[0. 1.],1,1,[0.4 0.4],1.0,0.0,1.0
174,0.0,1,88.0,1,175,1,False,0.0,0,2.0,[2 1],[0. 1.],1,1,[0.4 0.4],1.0,0.0,1.0
175,1.0,1,88.0,0,176,0,False,2.0,1,0.0,[2 2],[0. 1.],1,1,[0.4 0.4],1.0,0.0,1.0
176,0.0,1,89.0,1,177,1,False,0.0,0,2.0,[2 2],[0. 1.],1,1,[0.4 0.4],1.0,0.0,1.0
177,1.0,1,89.0,0,178,0,False,2.0,1,0.0,[2 1],[0. 1.],0,1,[0.4 0.4],1.0,0.0,1.0
178,0.0,1,90.0,1,179,1,False,0.0,0,1.0,[2 1],[0. 1.],0,1,[0.4 0.4],1.0,0.0,1.0
179,1.0,1,90.0,0,180,0,False,1.0,1,0.0,[2 2],[0. 1.],1,1,[0.4 0.4],1.0,0.0,1.0
180,0.0,1,91.0,1,181,1,False,0.0,0,2.0,[2 2],[0. 1.],1,1,[0.4 0.4],1.0,0.0,1.0
181,1.0,1,91.0,0,182,0,False,2.0,1,0.0,[2 1],[0. 1.],0,1,[0.4 0.4],1.0,0.0,1.0
182,0.0,1,92.0,1,183,1,False,0.0,0,1.0,[2 1],[0. 1.],0,1,[0.4 0.4],1.0,0.0,1.0
183,1.0,1,92.0,0,184,0,False,1.0,1,0.0,[1 1],[0. 1.],1,1,[0.4 0.4],1.0,0.0,1.0
184,0.0,1,93.0,1,185,1,False,0.0,0,2.0,[1 1],[0. 1.],1,1,[0.4 0.4],1.0,0.0,1.0
185,0.0,1,93.0,0,186,0,False,2.0,1,0.0,[1 2],[0. 1.],1,1,[0.4 0.4],1.0,0.0,1.0
186,0.0,1,94.0,1,187,1,False,0.0,0,2.0,[1 2],[0. 1.],1,1,[0.4 0.4],1.0,0.0,1.0
187,0.0,1,94.0,0,188,0,False,2.0,1,0.0,[2 1],[1. 0.],1,0,[0.4 0.4],1.0,0.0,1.0
188,0.0,1,95.0,1,189,1,False,0.0,0,2.0,[2 1],[1. 0.],1,0,[0.4 0.4],1.0,0.0,1.0
189,0.0,1,95.0,0,190,0,False,2.0,1,0.0,[1 1],[1. 0.],0,0,[0.4 0.4],1.0,0.0,1.0
190,0.0,1,96.0,1,191,1,False,0.0,0,1.0,[1 1],[1. 0.],0,0,[0.4 0.4],1.0,0.0,1.0
191,1.0,1,96.0,0,192,0,False,1.0,1,0.0,[2 1],[1. 0.],0,0,[0.4 0.4],1.0,0.0,1.0
192,0.0,1,97.0,1,193,1,False,0.0,0,1.0,[2 1],[1. 0.],0,0,[0.4 0.4],1.0,0.0,1.0
193,0.0,1,97.0,0,194,0,False,1.0,1,0.0,[1 2],[1. 0.],1,0,[0.4 0.4],1.0,0.0,1.0
194,0.0,1,98.0,1,195,1,False,0.0,0,2.0,[1 2],[1. 0.],1,0,[0.4 0.4],1.0,0.0,1.0
195,1.0,1,98.0,0,196,0,False,2.0,1,0.0,[2 2],[1. 0.],0,0,[0.4 0.4],1.0,0.0,1.0
196,0.0,1,99.0,1,197,1,False,0.0,0,1.0,[2 2],[1. 0.],0,0,[0.4 0.4],1.0,0.0,1.0
197,0.0,1,99.0,0,198,0,False,1.0,1,0.0,[2 2],[1. 0.],1,0,[0.4 0.4],1.0,0.0,1.0
198,0.0,1,100.0,1,199,1,False,0.0,0,2.0,[2 2],[1. 0.],1,0,[0.4 0.4],1.0,0.0,1.0
199,0.0,1,100.0,0,200,0,False,2.0,1,0.0,[2 1],[1. 0.],1,0,[0.4 0.4],1.0,0.0,1.0
200,0.0,1,101.0,2,201,1,False,0.0,0,2.0,[2 1],[1. 0.],1,0,[0.4 0.4],1.0,0.0,1.0
201,1.0,1,101.0,0,202,0,False,2.0,1,0.0,[2 2],[1. 0.],0,0,[0.4 0.4],1.0,0.0,1.0
202,0.0,1,102.0,2,203,1,False,0.0,0,1.0,[2 2],[1. 0.],0,0,[0.4 0.4],1.0,0.0,1.0
203,0.0,1,102.0,0,204,0,False,1.0,1,0.0,[2 2],[1. 0.],1,0,[0.4 0.4],1.0,0.0,1.0
204,0.0,1,103.0,2,205,1,False,0.0,0,2.0,[2 2],[1. 0.],1,0,[0.4 0.4],1.0,0.0,1.0
205,0.0,1,103.0,0,206,0,False,2.0,1,0.0,[2 1],[1. 0.],0,0,[0.4 0.4],1.0,0.0,1.0
206,0.0,1,104.0,1,207,1,False,0.0,0,1.0,[2 1],[1. 0.],0,0,[0.4 0.4],1.0,0.0,1.0
207,0.0,1,104.0,0,208,0,False,1.0,1,0.0,[1 2],[1. 0.],0,0,[0.4 0.4],1.0,0.0,1.0
208,0.0,1,105.0,2,209,1,False,0.0,0,1.0,[1 2],[1. 0.],0,0,[0.4 0.4],1.0,0.0,1.0
209,0.0,1,105.0,0,210,0,False,1.0,1,0.0,[2 2],[1. 0.],0,0,[0.4 0.4],1.0,0.0,1.0
210,0.0,1,106.0,2,211,1,False,0.0,0,1.0,[2 2],[1. 0.],0,0,[0.4 0.4],1.0,0.0,1.0
211,0.0,1,106.0,0,212,0,False,1.0,1,0.0,[2 2],[1. 0.],1,0,[0.4 0.4],1.0,0.0,1.0
212,0.0,1,107.0,1,213,1,False,0.0,0,2.0,[2 2],[1. 0.],1,0,[0.4 0.4],1.0,0.0,1.0
213,0.0,1,107.0,0,214,0,False,2.0,1,0.0,[2 1],[1. 0.],0,0,[0.4 0.4],1.0,0.0,1.0
214,0.0,1,108.0,2,215,1,False,0.0,0,1.0,[2 1],[1. 0.],0,0,[0.4 0.4],1.0,0.0,1.0
215,1.0,1,108.0,0,216,0,False,1.0,1,0.0,[2 2],[1. 0.],0,0,[0.4 0.4],1.0,0.0,1.0
216,0.0,1,109.0,2,217,1,False,0.0,0,1.0,[2 2],[1. 0.],0,0,[0.4 0.4],1.0,0.0,1.0
217,0.0,1,109.0,0,218,0,False,1.0,1,0.0,[1 2],[1. 0.],1,0,[0.4 0.4],1.0,0.0,1.0
218,0.0,1,110.0,2,219,1,False,0.0,0,2.0,[1 2],[1. 0.],1,0,[0.4 0.4],1.0,0.0,1.0
219,0.0,1,110.0,0,220,0,False,2.0,1,0.0,[2 2],[1. 0.],0,0,[0.4 0.4],1.0,0.0,1.0
220,0.0,1,111.0,1,221,1,False,0.0,0,1.0,[2 2],[1. 0.],0,0,[0.4 0.4],1.0,0.0,1.0
221,0.0,1,111.0,0,222,0,False,1.0,1,0.0,[2 2],[0. 1.],1,1,[0.4 0.4],1.0,0.0,1.0
222,0.0,1,112.0,2,223,1,False,0.0,0,2.0,[2 2],[0. 1.],1,1,[0.4 0.4],1.0,0.0,1.0
223,1.0,1,112.0,0,224,0,False,2.0,1,0.0,[2 1],[0. 1.],1,1,[0.4 0.4],1.0,0.0,1.0
224,0.0,1,113.0,2,225,1,False,0.0,0,2.0,[2 1],[0. 1.],1,1,[0.4 0.4],1.0,0.0,1.0
225,0.0,1,113.0,0,226,0,False,2.0,1,0.0,[2 2],[0. 1.],0,1,[0.4 0.4],1.0,0.0,1.0
226,0.0,1,114.0,2,227,1,False,0.0,0,1.0,[2 2],[0. 1.],0,1,[0.4 0.4],1.0,0.0,1.0
227,1.0,1,114.0,0,228,0,False,1.0,1,0.0,[1 2],[0. 1.],1,1,[0.4 0.4],1.0,0.0,1.0
228,0.0,1,115.0,2,229,1,False,0.0,0,2.0,[1 2],[0. 1.],1,1,[0.4 0.4],1.0,0.0,1.0
229,1.0,1,115.0,0,230,0,False,2.0,1,0.0,[2 2],[0. 1.],0,1,[0.4 0.4],1.0,0.0,1.0
230,0.0,1,116.0,2,231,1,False,0.0,0,1.0,[2 2],[0. 1.],0,1,[0.4 0.4],1.0,0.0,1.0
231,1.0,1,116.0,0,232,0,False,1.0,1,0.0,[2 1],[0. 1.],1,1,[0.4 0.4],1.0,0.0,1.0
232,0.0,1,117.0,2,233,1,False,0.0,0,2.0,[2 1],[0. 1.],1,1,[0.4 0.4],1.0,0.0,1.0
233,0.0,1,117.0,0,234,0,False,2.0,1,0.0,[2 1],[0. 1.],0,1,[0.4 0.4],1.0,0.0,1.0
234,0.0,1,118.0,2,235,1,False,0.0,0,1.0,[2 1],[0. 1.],0,1,[0.4 0.4],1.0,0.0,1.0
235,0.0,1,118.0,0,236,0,False,1.0,1,0.0,[1 1],[0. 1.],0,1,[0.4 0.4],1.0,0.0,1.0
236,0.0,1,119.0,2,237,1,False,0.0,0,1.0,[1 1],[0. 1.],0,1,[0.4 0.4],1.0,0.0,1.0
237,0.0,1,119.0,0,238,0,False,1.0,1,0.0,[2 2],[0. 1.],0,1,[0.4 0.4],1.0,0.0,1.0
238,0.0,1,120.0,2,239,1,False,0.0,0,1.0,[2 2],[0. 1.],0,1,[0.4 0.4],1.0,0.0,1.0
239,1.0,1,120.0,0,240,0,False,1.0,1,0.0,[1 1],[0. 1.],0,1,[0.4 0.4],1.0,0.0,1.0
240,0.0,1,121.0,2,241,1,False,0.0,0,1.0,[1 1],[0. 1.],0,1,[0.4 0.4],1.0,0.0,1.0
241,0.0,1,121.0,0,242,0,False,1.0,1,0.0,[2 1],[0. 1.],1,1,[0.4 0.4],1.0,0.0,1.0
242,0.0,1,122.0,2,243,1,False,0.0,0,2.0,[2 1],[0. 1.],1,1,[0.4 0.4],1.0,0.0,1.0
243,0.0,1,122.0,0,244,0,False,2.0,1,0.0,[2 1],[0. 1.],0,1,[0.4 0.4],1.0,0.0,1.0
244,0.0,1,123.0,1,245,1,False,0.0,0,1.0,[2 1],[0. 1.],0,1,[0.4 0.4],1.0,0.0,1.0
245,1.0,1,123.0,0,246,0,False,1.0,1,0.0,[2 2],[0. 1.],1,1,[0.4 0.4],1.0,0.0,1.0
246,0.0,1,124.0,1,247,1,False,0.0,0,2.0,[2 2],[0. 1.],1,1,[0.4 0.4],1.0,0.0,1.0
247,1.0,1,124.0,0,248,0,False,2.0,1,0.0,[2 1],[0. 1.],1,1,[0.4 0.4],1.0,0.0,1.0
248,0.0,1,125.0,1,249,1,False,0.0,0,2.0,[2 1],[0. 1.],1,1,[0.4 0.4],1.0,0.0,1.0
249,1.0,1,125.0,0,250,0,False,2.0,1,0.0,[1 1],[0. 1.],0,1,[0.4 0.4],1.0,0.0,1.0
250,0.0,1,126.0,1,251,1,False,0.0,0,1.0,[1 1],[0. 1.],0,1,[0.4 0.4],1.0,0.0,1.0
251,0.0,1,126.0,0,252,0,False,1.0,1,0.0,[1 1],[0. 1.],1,1,[0.4 0.4],1.0,0.0,1.0
252,0.0,1,127.0,1,253,1,False,0.0,0,2.0,[1 1],[0. 1.],1,1,[0.4 0.4],1.0,0.0,1.0
253,0.0,1,127.0,0,254,0,False,2.0,1,0.0,[1 1],[0. 1.],0,1,[0.4 0.4],1.0,0.0,1.0
254,0.0,1,128.0,1,255,1,False,0.0,0,1.0,[1 1],[0. 1.],0,1,[0.4 0.4],1.0,0.0,1.0
255,0.0,1,128.0,0,256,0,False,1.0,1,0.0,[1 2],[0. 1.],1,1,[0.4 0.4],1.0,0.0,1.0
256,0.0,1,129.0,1,257,1,False,0.0,0,2.0,[1 2],[0. 1.],1,1,[0.4 0.4],1.0,0.0,1.0
257,0.0,1,129.0,0,258,0,False,2.0,1,0.0,[2 2],[0. 1.],0,1,[0.4 0.4],1.0,0.0,1.0
258,0.0,1,130.0,2,259,1,False,0.0,0,1.0,[2 2],[0. 1.],0,1,[0.4 0.4],1.0,0.0,1.0
259,1.0,1,130.0,0,260,0,False,1.0,1,0.0,[1 2],[0. 1.],0,1,[0.4 0.4],1.0,0.0,1.0
260,0.0,1,131.0,2,261,1,False,0.0,0,1.0,[1 2],[0. 1.],0,1,[0.4 0.4],1.0,0.0,1.0
261,1.0,1,131.0,0,262,0,False,1.0,1,0.0,[1 1],[0. 1.],0,1,[0.4 0.4],1.0,0.0,1.0
262,0.0,1,132.0,2,263,1,False,0.0,0,1.0,[1 1],[0. 1.],0,1,[0.4 0.4],1.0,0.0,1.0
263,0.0,1,132.0,0,264,0,False,1.0,1,0.0,[1 2],[0. 1.],0,1,[0.4 0.4],1.0,0.0,1.0
264,0.0,1,133.0,2,265,1,False,0.0,0,1.0,[1 2],[0. 1.],0,1,[0.4 0.4],1.0,0.0,1.0
265,1.0,1,133.0,0,266,0,False,1.0,1,0.0,[1 1],[0. 1.],0,1,[0.4 0.4],1.0,0.0,1.0
266,0.0,1,134.0,2,267,1,False,0.0,0,1.0,[1 1],[0. 1.],0,1,[0.4 0.4],1.0,0.0,1.0
267,0.0,1,134.0,0,268,0,False,1.0,1,0.0,[2 1],[0. 1.],0,1,[0.4 0.4],1.0,0.0,1.0
268,0.0,1,135.0,2,269,1,False,0.0,0,1.0,[2 1],[0. 1.],0,1,[0.4 0.4],1.0,0.0,1.0
269,0.0,1,135.0,0,270,0,False,1.0,1,0.0,[2 1],[0. 1.],0,1,[0.4 0.4],1.0,0.0,1.0
270,0.0,1,136.0,2,271,1,False,0.0,0,1.0,[2 1],[0. 1.],0,1,[0.4 0.4],1.0,0.0,1.0
271,0.0,1,136.0,0,272,0,False,1.0,1,0.0,[1 2],[0. 1.],1,1,[0.4 0.4],1.0,0.0,1.0
272,0.0,1,137.0,2,273,1,False,0.0,0,2.0,[1 2],[0. 1.],1,1,[0.4 0.4],1.0,0.0,1.0
273,1.0,1,137.0,0,274,0,False,2.0,1,0.0,[1 1],[0. 1.],0,1,[0.4 0.4],1.0,0.0,1.0
274,0.0,1,138.0,2,275,1,False,0.0,0,1.0,[1 1],[0. 1.],0,1,[0.4 0.4],1.0,0.0,1.0
275,0.0,1,138.0,0,276,0,False,1.0,1,0.0,[1 1],[0. 1.],1,1,[0.4 0.4],1.0,0.0,1.0
276,0.0,1,139.0,2,277,1,False,0.0,0,2.0,[1 1],[0. 1.],1,1,[0.4 0.4],1.0,0.0,1.0
277,0.0,1,139.0,0,278,0,False,2.0,1,0.0,[1 2],[0. 1.],1,1,[0.4 0.4],1.0,0.0,1.0
278,0.0,1,140.0,2,279,1,False,0.0,0,2.0,[1 2],[0. 1.],1,1,[0.4 0.4],1.0,0.0,1.0
279,1.0,1,140.0,0,280,0,False,2.0,1,0.0,[2 2],[0. 1.],1,1,[0.4 0.4],1.0,0.0,1.0
280,0.0,1,141.0,2,281,1,False,0.0,0,2.0,[2 2],[0. 1.],1,1,[0.4 0.4],1.0,0.0,1.0
281,1.0,1,141.0,0,282,0,False,2.0,1,0.0,[2 2],[0. 1.],1,1,[0.4 0.4],1.0,0.0,1.0
282,0.0,1,142.0,2,283,1,False,0.0,0,2.0,[2 2],[0. 1.],1,1,[0.4 0.4],1.0,0.0,1.0
283,1.0,1,142.0,0,284,0,False,2.0,1,0.0,[2 2],[0. 1.],1,1,[0.4 0.4],1.0,0.0,1.0
284,0.0,1,143.0,2,285,1,False,0.0,0,2.0,[2 2],[0. 1.],1,1,[0.4 0.4],1.0,0.0,1.0
285,1.0,1,143.0,0,286,0,False,2.0,1,0.0,[2 2],[0. 1.],1,1,[0.4 0.4],1.0,0.0,1.0
286,0.0,1,144.0,2,287,1,False,0.0,0,2.0,[2 2],[0. 1.],1,1,[0.4 0.4],1.0,0.0,1.0
287,1.0,1,144.0,0,288,0,False,2.0,1,0.0,[1 2],[0. 1.],0,1,[0.4 0.4],1.0,0.0,1.0
288,0.0,1,145.0,2,289,1,False,0.0,0,1.0,[1 2],[0. 1.],0,1,[0.4 0.4],1.0,0.0,1.0
289,1.0,1,145.0,0,290,0,False,1.0,1,0.0,[1 2],[1. 0.],0,0,[0.4 0.4],1.0,0.0,1.0
290,0.0,1,146.0,2,291,1,False,0.0,0,1.0,[1 2],[1. 0.],0,0,[0.4 0.4],1.0,0.0,1.0
291,0.0,1,146.0,0,292,0,False,1.0,1,0.0,[1 2],[1. 0.],1,0,[0.4 0.4],1.0,0.0,1.0
292,0.0,1,147.0,2,293,1,False,0.0,0,2.0,[1 2],[1. 0.],1,0,[0.4 0.4],1.0,0.0,1.0
293,0.0,1,147.0,0,294,0,False,2.0,1,0.0,[1 1],[1. 0.],1,0,[0.4 0.4],1.0,0.0,1.0
294,0.0,1,148.0,2,295,1,False,0.0,0,2.0,[1 1],[1. 0.],1,0,[0.4 0.4],1.0,0.0,1.0
295,1.0,1,148.0,0,296,0,False,2.0,1,0.0,[1 1],[1. 0.],1,0,[0.4 0.4],1.0,0.0,1.0
296,0.0,1,149.0,2,297,1,False,0.0,0,2.0,[1 1],[1. 0.],1,0,[0.4 0.4],1.0,0.0,1.0
297,1.0,1,149.0,0,298,0,False,2.0,1,0.0,[1 2],[1. 0.],0,0,[0.4 0.4],1.0,0.0,1.0
298,0.0,1,150.0,2,299,1,False,0.0,0,1.0,[1 2],[1. 0.],0,0,[0.4 0.4],1.0,0.0,1.0
299,0.0,1,150.0,0,300,0,False,1.0,1,0.0,[1 2],[1. 0.],0,0,[0.4 0.4],1.0,0.0,1.0
300,0.0,1,151.0,2,301,1,False,0.0,0,1.0,[1 2],[1. 0.],0,0,[0.4 0.4],1.0,0.0,1.0
301,0.0,1,151.0,0,302,0,False,1.0,1,0.0,[1 1],[1. 0.],0,0,[0.4 0.4],1.0,0.0,1.0
302,0.0,1,152.0,2,303,1,False,0.0,0,1.0,[1 1],[1. 0.],0,0,[0.4 0.4],1.0,0.0,1.0
303,1.0,1,152.0,0,304,0,False,1.0,1,0.0,[1 2],[1. 0.],1,0,[0.4 0.4],1.0,0.0,1.0
304,0.0,1,153.0,2,305,1,False,0.0,0,2.0,[1 2],[1. 0.],1,0,[0.4 0.4],1.0,0.0,1.0
305,0.0,1,153.0,0,306,0,False,2.0,1,0.0,[1 2],[1. 0.],1,0,[0.4 0.4],1.0,0.0,1.0
306,0.0,1,154.0,2,307,1,False,0.0,0,2.0,[1 2],[1. 0.],1,0,[0.4 0.4],1.0,0.0,1.0
307,0.0,1,154.0,0,308,0,False,2.0,1,0.0,[2 2],[1. 0.],1,0,[0.4 0.4],1.0,0.0,1.0
308,0.0,1,155.0,1,309,1,False,0.0,0,2.0,[2 2],[1. 0.],1,0,[0.4 0.4],1.0,0.0,1.0
309,0.0,1,155.0,0,310,0,False,2.0,1,0.0,[2 1],[1. 0.],0,0,[0.4 0.4],1.0,0.0,1.0
310,0.0,1,156.0,2,311,1,False,0.0,0,1.0,[2 1],[1. 0.],0,0,[0.4 0.4],1.0,0.0,1.0
311,1.0,1,156.0,0,312,0,False,1.0,1,0.0,[2 1],[1. 0.],1,0,[0.4 0.4],1.0,0.0,1.0
312,0.0,1,157.0,2,313,1,False,0.0,0,2.0,[2 1],[1. 0.],1,0,[0.4 0.4],1.0,0.0,1.0
313,1.0,1,157.0,0,314,0,False,2.0,1,0.0,[2 1],[1. 0.],0,0,[0.4 0.4],1.0,0.0,1.0
314,0.0,1,158.0,2,315,1,False,0.0,0,1.0,[2 1],[1. 0.],0,0,[0.4 0.4],1.0,0.0,1.0
315,1.0,1,158.0,0,316,0,False,1.0,1,0.0,[2 2],[0. 1.],0,1,[0.4 0.4],1.0,0.0,1.0
316,0.0,1,159.0,2,317,1,False,0.0,0,1.0,[2 2],[0. 1.],0,1,[0.4 0.4],1.0,0.0,1.0
317,1.0,1,159.0,0,318,0,False,1.0,1,0.0,[1 2],[0. 1.],1,1,[0.4 0.4],1.0,0.0,1.0
318,0.0,1,160.0,2,319,1,False,0.0,0,2.0,[1 2],[0. 1.],1,1,[0.4 0.4],1.0,0.0,1.0
319,1.0,1,160.0,0,320,0,False,2.0,1,0.0,[1 2],[1. 0.],1,0,[0.4 0.4],1.0,0.0,1.0
320,0.0,1,161.0,2,321,1,False,0.0,0,2.0,[1 2],[1. 0.],1,0,[0.4 0.4],1.0,0.0,1.0
321,0.0,1,161.0,0,322,0,False,2.0,1,0.0,[1 2],[1. 0.],0,0,[0.4 0.4],1.0,0.0,1.0
322,0.0,1,162.0,2,323,1,False,0.0,0,1.0,[1 2],[1. 0.],0,0,[0.4 0.4],1.0,0.0,1.0
323,0.0,1,162.0,0,324,0,False,1.0,1,0.0,[1 1],[1. 0.],1,0,[0.4 0.4],1.0,0.0,1.0
324,0.0,1,163.0,2,325,1,False,0.0,0,2.0,[1 1],[1. 0.],1,0,[0.4 0.4],1.0,0.0,1.0
325,1.0,1,163.0,0,326,0,False,2.0,1,0.0,[1 2],[1. 0.],1,0,[0.4 0.4],1.0,0.0,1.0
326,0.0,1,164.0,2,327,1,False,0.0,0,2.0,[1 2],[1. 0.],1,0,[0.4 0.4],1.0,0.0,1.0
327,0.0,1,164.0,0,328,0,False,2.0,1,0.0,[2 1],[1. 0.],1,0,[0.4 0.4],1.0,0.0,1.0
328,0.0,1,165.0,2,329,1,False,0.0,0,2.0,[2 1],[1. 0.],1,0,[0.4 0.4],1.0,0.0,1.0
329,1.0,1,165.0,0,330,0,False,2.0,1,0.0,[1 2],[1. 0.],1,0,[0.4 0.4],1.0,0.0,1.0
330,0.0,1,166.0,2,331,1,False,0.0,0,2.0,[1 2],[1. 0.],1,0,[0.4 0.4],1.0,0.0,1.0
331,0.0,1,166.0,0,332,0,False,2.0,1,0.0,[2 1],[1. 0.],1,0,[0.4 0.4],1.0,0.0,1.0
332,0.0,1,167.0,2,333,1,False,0.0,0,2.0,[2 1],[1. 0.],1,0,[0.4 0.4],1.0,0.0,1.0
333,1.0,1,167.0,0,334,0,False,2.0,1,0.0,[1 2],[1. 0.],0,0,[0.4 0.4],1.0,0.0,1.0
334,0.0,1,168.0,2,335,1,False,0.0,0,1.0,[1 2],[1. 0.],0,0,[0.4 0.4],1.0,0.0,1.0
335,0.0,1,168.0,0,336,0,False,1.0,1,0.0,[1 1],[1. 0.],0,0,[0.4 0.4],1.0,0.0,1.0
336,0.0,1,169.0,2,337,1,False,0.0,0,1.0,[1 1],[1. 0.],0,0,[0.4 0.4],1.0,0.0,1.0
337,1.0,1,169.0,0,338,0,False,1.0,1,0.0,[2 2],[1. 0.],1,0,[0.4 0.4],1.0,0.0,1.0
338,0.0,1,170.0,2,339,1,False,0.0,0,2.0,[2 2],[1. 0.],1,0,[0.4 0.4],1.0,0.0,1.0
339,0.0,1,170.0,0,340,0,False,2.0,1,0.0,[2 1],[1. 0.],0,0,[0.4 0.4],1.0,0.0,1.0
340,0.0,1,171.0,2,341,1,False,0.0,0,1.0,[2 1],[1. 0.],0,0,[0.4 0.4],1.0,0.0,1.0
341,1.0,1,171.0,0,342,0,False,1.0,1,0.0,[1 2],[1. 0.],0,0,[0.4 0.4],1.0,0.0,1.0
342,0.0,1,172.0,2,343,1,False,0.0,0,1.0,[1 2],[1. 0.],0,0,[0.4 0.4],1.0,0.0,1.0
343,0.0,1,172.0,0,344,0,False,1.0,1,0.0,[1 2],[1. 0.],0,0,[0.4 0.4],1.0,0.0,1.0
344,0.0,1,173.0,2,345,1,False,0.0,0,1.0,[1 2],[1. 0.],0,0,[0.4 0.4],1.0,0.0,1.0
345,0.0,1,173.0,0,346,0,False,1.0,1,0.0,[1 2],[1. 0.],1,0,[0.4 0.4],1.0,0.0,1.0
346,0.0,1,174.0,2,347,1,False,0.0,0,2.0,[1 2],[1. 0.],1,0,[0.4 0.4],1.0,0.0,1.0
347,0.0,1,174.0,0,348,0,False,2.0,1,0.0,[1 2],[1. 0.],1,0,[0.4 0.4],1.0,0.0,1.0
348,0.0,1,175.0,1,349,1,False,0.0,0,2.0,[1 2],[1. 0.],1,0,[0.4 0.4],1.0,0.0,1.0
349,1.0,1,175.0,0,350,0,False,2.0,1,0.0,[2 2],[0. 1.],1,1,[0.4 0.4],1.0,0.0,1.0
350,0.0,1,176.0,1,351,1,False,0.0,0,2.0,[2 2],[0. 1.],1,1,[0.4 0.4],1.0,0.0,1.0
351,1.0,1,176.0,0,352,0,False,2.0,1,0.0,[2 2],[0. 1.],0,1,[0.4 0.4],1.0,0.0,1.0
352,0.0,1,177.0,1,353,1,False,0.0,0,1.0,[2 2],[0. 1.],0,1,[0.4 0.4],1.0,0.0,1.0
353,1.0,1,177.0,0,354,0,False,1.0,1,0.0,[2 2],[0. 1.],1,1,[0.4 0.4],1.0,0.0,1.0
354,0.0,1,178.0,1,355,1,False,0.0,0,2.0,[2 2],[0. 1.],1,1,[0.4 0.4],1.0,0.0,1.0
355,1.0,1,178.0,0,356,0,False,2.0,1,0.0,[2 1],[0. 1.],0,1,[0.4 0.4],1.0,0.0,1.0
356,0.0,1,179.0,1,357,1,False,0.0,0,1.0,[2 1],[0. 1.],0,1,[0.4 0.4],1.0,0.0,1.0
357,1.0,1,179.0,0,358,0,False,1.0,1,0.0,[2 2],[0. 1.],1,1,[0.4 0.4],1.0,0.0,1.0
358,0.0,1,180.0,1,359,1,False,0.0,0,2.0,[2 2],[0. 1.],1,1,[0.4 0.4],1.0,0.0,1.0
359,1.0,1,180.0,0,360,0,False,2.0,1,0.0,[1 1],[0. 1.],1,1,[0.4 0.4],1.0,0.0,1.0
360,0.0,1,181.0,1,361,1,False,0.0,0,2.0,[1 1],[0. 1.],1,1,[0.4 0.4],1.0,0.0,1.0
361,0.0,1,181.0,0,362,0,False,2.0,1,0.0,[1 1],[0. 1.],0,1,[0.4 0.4],1.0,0.0,1.0
362,0.0,1,182.0,1,363,1,False,0.0,0,1.0,[1 1],[0. 1.],0,1,[0.4 0.4],1.0,0.0,1.0
363,0.0,1,182.0,0,364,0,False,1.0,1,0.0,[2 1],[0. 1.],0,1,[0.4 0.4],1.0,0.0,1.0
364,0.0,1,183.0,1,365,1,False,0.0,0,1.0,[2 1],[0. 1.],0,1,[0.4 0.4],1.0,0.0,1.0
365,1.0,1,183.0,0,366,0,False,1.0,1,0.0,[2 1],[0. 1.],1,1,[0.4 0.4],1.0,0.0,1.0
366,0.0,1,184.0,1,367,1,False,0.0,0,2.0,[2 1],[0. 1.],1,1,[0.4 0.4],1.0,0.0,1.0
367,1.0,1,184.0,0,368,0,False,2.0,1,0.0,[2 2],[0. 1.],1,1,[0.4 0.4],1.0,0.0,1.0
368,0.0,1,185.0,1,369,1,False,0.0,0,2.0,[2 2],[0. 1.],1,1,[0.4 0.4],1.0,0.0,1.0
369,1.0,1,185.0,0,370,0,False,2.0,1,0.0,[1 2],[0. 1.],0,1,[0.4 0.4],1.0,0.0,1.0
370,0.0,1,186.0,1,371,1,False,0.0,0,1.0,[1 2],[0. 1.],0,1,[0.4 0.4],1.0,0.0,1.0
371,0.0,1,186.0,0,372,0,False,1.0,1,0.0,[2 1],[0. 1.],0,1,[0.4 0.4],1.0,0.0,1.0
372,0.0,1,187.0,1,373,1,False,0.0,0,1.0,[2 1],[0. 1.],0,1,[0.4 0.4],1.0,0.0,1.0
373,1.0,1,187.0,0,374,0,False,1.0,1,0.0,[1 1],[0. 1.],0,1,[0.4 0.4],1.0,0.0,1.0
374,0.0,1,188.0,1,375,1,False,0.0,0,1.0,[1 1],[0. 1.],0,1,[0.4 0.4],1.0,0.0,1.0
375,0.0,1,188.0,0,376,0,False,1.0,1,0.0,[1 2],[0. 1.],1,1,[0.4 0.4],1.0,0.0,1.0
376,0.0,1,189.0,1,377,1,False,0.0,0,2.0,[1 2],[0. 1.],1,1,[0.4 0.4],1.0,0.0,1.0
377,0.0,1,189.0,0,378,0,False,2.0,1,0.0,[2 2],[0. 1.],0,1,[0.4 0.4],1.0,0.0,1.0
378,0.0,1,190.0,1,379,1,False,0.0,0,1.0,[2 2],[0. 1.],0,1,[0.4 0.4],1.0,0.0,1.0
379,1.0,1,190.0,0,380,0,False,1.0,1,0.0,[1 2],[0. 1.],1,1,[0.4 0.4],1.0,0.0,1.0
380,0.0,1,191.0,1,381,1,False,0.0,0,2.0,[1 2],[0. 1.],1,1,[0.4 0.4],1.0,0.0,1.0
381,0.0,1,191.0,0,382,0,False,2.0,1,0.0,[1 2],[0. 1.],1,1,[0.4 0.4],1.0,0.0,1.0
382,0.0,1,192.0,1,383,1,False,0.0,0,2.0,[1 2],[0. 1.],1,1,[0.4 0.4],1.0,0.0,1.0
383,0.0,1,192.0,0,384,0,False,2.0,1,0.0,[2 2],[0. 1.],1,1,[0.4 0.4],1.0,0.0,1.0
384,0.0,1,193.0,2,385,1,False,0.0,0,2.0,[2 2],[0. 1.],1,1,[0.4 0.4],1.0,0.0,1.0
385,1.0,1,193.0,0,386,0,False,2.0,1,0.0,[1 1],[0. 1.],1,1,[0.4 0.4],1.0,0.0,1.0
386,0.0,1,194.0,2,387,1,False,0.0,0,2.0,[1 1],[0. 1.],1,1,[0.4 0.4],1.0,0.0,1.0
387,0.0,1,194.0,0,388,0,False,2.0,1,0.0,[2 1],[0. 1.],0,1,[0.4 0.4],1.0,0.0,1.0
388,0.0,1,195.0,2,389,1,False,0.0,0,1.0,[2 1],[0. 1.],0,1,[0.4 0.4],1.0,0.0,1.0
389,0.0,1,195.0,0,390,0,False,1.0,1,0.0,[1 2],[1. 0.],1,0,[0.4 0.4],1.0,0.0,1.0
390,0.0,1,196.0,1,391,1,False,0.0,0,2.0,[1 2],[1. 0.],1,0,[0.4 0.4],1.0,0.0,1.0
391,1.0,1,196.0,0,392,0,False,2.0,1,0.0,[2 1],[1. 0.],1,0,[0.4 0.4],1.0,0.0,1.0
392,0.0,1,197.0,1,393,1,False,0.0,0,2.0,[2 1],[1. 0.],1,0,[0.4 0.4],1.0,0.0,1.0
393,0.0,1,197.0,0,394,0,False,2.0,1,0.0,[1 2],[0. 1.],0,1,[0.4 0.4],1.0,0.0,1.0
394,0.0,1,198.0,1,395,1,False,0.0,0,1.0,[1 2],[0. 1.],0,1,[0.4 0.4],1.0,0.0,1.0
395,0.0,1,198.0,0,396,0,False,1.0,1,0.0,[2 2],[0. 1.],0,1,[0.4 0.4],1.0,0.0,1.0
396,0.0,1,199.0,2,397,1,False,0.0,0,1.0,[2 2],[0. 1.],0,1,[0.4 0.4],1.0,0.0,1.0
397,1.0,1,199.0,0,398,0,False,1.0,1,0.0,[1 1],[0. 1.],1,1,[0.4 0.4],1.0,0.0,1.0
398,0.0,1,200.0,2,399,1,False,0.0,0,2.0,[1 1],[0. 1.],1,1,[0.4 0.4],1.0,0.0,1.0
399,0.0,1,200.0,0,400,0,False,2.0,1,0.0,[2 2],[0. 1.],0,1,[0.4 0.4],1.0,0.0,1.0
400,0.0,1,201.0,2,401,1,False,0.0,0,1.0,[2 2],[0. 1.],0,1,[0.4 0.4],1.0,0.0,1.0
401,1.0,1,201.0,0,402,0,False,1.0,1,0.0,[2 1],[0. 1.],0,1,[0.4 0.4],1.0,0.0,1.0
402,0.0,1,202.0,2,403,1,False,0.0,0,1.0,[2 1],[0. 1.],0,1,[0.4 0.4],1.0,0.0,1.0
403,0.0,1,202.0,0,404,0,False,1.0,1,0.0,[1 1],[0. 1.],1,1,[0.4 0.4],1.0,0.0,1.0
404,0.0,1,203.0,2,405,1,False,0.0,0,2.0,[1 1],[0. 1.],1,1,[0.4 0.4],1.0,0.0,1.0
405,0.0,1,203.0,0,406,0,False,2.0,1,0.0,[1 2],[0. 1.],0,1,[0.4 0.4],1.0,0.0,1.0
406,0.0,1,204.0,2,407,1,False,0.0,0,1.0,[1 2],[0. 1.],0,1,[0.4 0.4],1.0,0.0,1.0
407,1.0,1,204.0,0,408,0,False,1.0,1,0.0,[1 2],[0. 1.],1,1,[0.4 0.4],1.0,0.0,1.0
408,0.0,1,205.0,2,409,1,False,0.0,0,2.0,[1 2],[0. 1.],1,1,[0.4 0.4],1.0,0.0,1.0
409,1.0,1,205.0,0,410,0,False,2.0,1,0.0,[1 2],[0. 1.],1,1,[0.4 0.4],1.0,0.0,1.0
410,0.0,1,206.0,2,411,1,False,0.0,0,2.0,[1 2],[0. 1.],1,1,[0.4 0.4],1.0,0.0,1.0
411,1.0,1,206.0,0,412,0,False,2.0,1,0.0,[2 1],[0. 1.],0,1,[0.4 0.4],1.0,0.0,1.0
412,0.0,1,207.0,2,413,1,False,0.0,0,1.0,[2 1],[0. 1.],0,1,[0.4 0.4],1.0,0.0,1.0
413,0.0,1,207.0,0,414,0,False,1.0,1,0.0,[2 1],[0. 1.],0,1,[0.4 0.4],1.0,0.0,1.0
414,0.0,1,208.0,2,415,1,False,0.0,0,1.0,[2 1],[0. 1.],0,1,[0.4 0.4],1.0,0.0,1.0
415,0.0,1,208.0,0,416,0,False,1.0,1,0.0,[1 2],[0. 1.],0,1,[0.4 0.4],1.0,0.0,1.0
416,0.0,1,209.0,2,417,1,False,0.0,0,1.0,[1 2],[0. 1.],0,1,[0.4 0.4],1.0,0.0,1.0
417,1.0,1,209.0,0,418,0,False,1.0,1,0.0,[2 1],[0. 1.],1,1,[0.4 0.4],1.0,0.0,1.0
418,0.0,1,210.0,2,419,1,False,0.0,0,2.0,[2 1],[0. 1.],1,1,[0.4 0.4],1.0,0.0,1.0
419,0.0,1,210.0,0,420,0,False,2.0,1,0.0,[2 2],[0. 1.],0,1,[0.4 0.4],1.0,0.0,1.0
420,0.0,1,211.0,2,421,1,False,0.0,0,1.0,[2 2],[0. 1.],0,1,[0.4 0.4],1.0,0.0,1.0
421,1.0,1,211.0,0,422,0,False,1.0,1,0.0,[2 1],[0. 1.],1,1,[0.4 0.4],1.0,0.0,1.0
422,0.0,1,212.0,2,423,1,False,0.0,0,2.0,[2 1],[0. 1.],1,1,[0.4 0.4],1.0,0.0,1.0
423,0.0,1,212.0,0,424,0,False,2.0,1,0.0,[2 2],[0. 1.],1,1,[0.4 0.4],1.0,0.0,1.0
424,0.0,1,213.0,2,425,1,False,0.0,0,2.0,[2 2],[0. 1.],1,1,[0.4 0.4],1.0,0.0,1.0
425,1.0,1,213.0,0,426,0,False,2.0,1,0.0,[2 2],[0. 1.],1,1,[0.4 0.4],1.0,0.0,1.0
426,0.0,1,214.0,2,427,1,False,0.0,0,2.0,[2 2],[0. 1.],1,1,[0.4 0.4],1.0,0.0,1.0
427,1.0,1,214.0,0,428,0,False,2.0,1,0.0,[1 1],[0. 1.],1,1,[0.4 0.4],1.0,0.0,1.0
428,0.0,1,215.0,2,429,1,False,0.0,0,2.0,[1 1],[0. 1.],1,1,[0.4 0.4],1.0,0.0,1.0
429,0.0,1,215.0,0,430,0,False,2.0,1,0.0,[1 2],[0. 1.],1,1,[0.4 0.4],1.0,0.0,1.0
430,0.0,1,216.0,2,431,1,False,0.0,0,2.0,[1 2],[0. 1.],1,1,[0.4 0.4],1.0,0.0,1.0
431,1.0,1,216.0,0,432,0,False,2.0,1,0.0,[2 2],[0. 1.],0,1,[0.4 0.4],1.0,0.0,1.0
432,0.0,1,217.0,2,433,1,False,0.0,0,1.0,[2 2],[0. 1.],0,1,[0.4 0.4],1.0,0.0,1.0
433,1.0,1,217.0,0,434,0,False,1.0,1,0.0,[1 2],[0. 1.],1,1,[0.4 0.4],1.0,0.0,1.0
434,0.0,1,218.0,2,435,1,False,0.0,0,2.0,[1 2],[0. 1.],1,1,[0.4 0.4],1.0,0.0,1.0
435,1.0,1,218.0,0,436,0,False,2.0,1,0.0,[2 2],[0. 1.],0,1,[0.4 0.4],1.0,0.0,1.0
436,0.0,1,219.0,2,437,1,False,0.0,0,1.0,[2 2],[0. 1.],0,1,[0.4 0.4],1.0,0.0,1.0
437,1.0,1,219.0,0,438,0,False,1.0,1,0.0,[1 1],[0. 1.],0,1,[0.4 0.4],1.0,0.0,1.0
438,0.0,1,220.0,2,439,1,False,0.0,0,1.0,[1 1],[0. 1.],0,1,[0.4 0.4],1.0,0.0,1.0
439,0.0,1,220.0,0,440,0,False,1.0,1,0.0,[2 1],[0. 1.],1,1,[0.4 0.4],1.0,0.0,1.0
440,0.0,1,221.0,2,441,1,False,0.0,0,2.0,[2 1],[0. 1.],1,1,[0.4 0.4],1.0,0.0,1.0
441,0.0,1,221.0,0,442,0,False,2.0,1,0.0,[1 2],[0. 1.],0,1,[0.4 0.4],1.0,0.0,1.0
442,0.0,1,222.0,2,443,1,False,0.0,0,1.0,[1 2],[0. 1.],0,1,[0.4 0.4],1.0,0.0,1.0
443,1.0,1,222.0,0,444,0,False,1.0,1,0.0,[1 2],[0. 1.],1,1,[0.4 0.4],1.0,0.0,1.0
444,0.0,1,223.0,2,445,1,False,0.0,0,2.0,[1 2],[0. 1.],1,1,[0.4 0.4],1.0,0.0,1.0
445,1.0,1,223.0,0,446,0,False,2.0,1,0.0,[1 1],[0. 1.],1,1,[0.4 0.4],1.0,0.0,1.0
446,0.0,1,224.0,2,447,1,False,0.0,0,2.0,[1 1],[0. 1.],1,1,[0.4 0.4],1.0,0.0,1.0
447,0.0,1,224.0,0,448,0,False,2.0,1,0.0,[1 1],[0. 1.],1,1,[0.4 0.4],1.0,0.0,1.0
448,0.0,1,225.0,2,449,1,False,0.0,0,2.0,[1 1],[0. 1.],1,1,[0.4 0.4],1.0,0.0,1.0
449,0.0,1,225.0,0,450,0,False,2.0,1,0.0,[2 2],[0. 1.],1,1,[0.4 0.4],1.0,0.0,1.0
450,0.0,1,226.0,1,451,1,False,0.0,0,2.0,[2 2],[0. 1.],1,1,[0.4 0.4],1.0,0.0,1.0
451,1.0,1,226.0,0,452,0,False,2.0,1,0.0,[2 1],[0. 1.],1,1,[0.4 0.4],1.0,0.0,1.0
452,0.0,1,227.0,1,453,1,False,0.0,0,2.0,[2 1],[0. 1.],1,1,[0.4 0.4],1.0,0.0,1.0
453,1.0,1,227.0,0,454,0,False,2.0,1,0.0,[1 1],[0. 1.],1,1,[0.4 0.4],1.0,0.0,1.0
454,0.0,1,228.0,1,455,1,False,0.0,0,2.0,[1 1],[0. 1.],1,1,[0.4 0.4],1.0,0.0,1.0
455,0.0,1,228.0,0,456,0,False,2.0,1,0.0,[1 2],[0. 1.],0,1,[0.4 0.4],1.0,0.0,1.0
456,0.0,1,229.0,1,457,1,False,0.0,0,1.0,[1 2],[0. 1.],0,1,[0.4 0.4],1.0,0.0,1.0
457,0.0,1,229.0,0,458,0,False,1.0,1,0.0,[1 1],[0. 1.],0,1,[0.4 0.4],1.0,0.0,1.0
458,0.0,1,230.0,1,459,1,False,0.0,0,1.0,[1 1],[0. 1.],0,1,[0.4 0.4],1.0,0.0,1.0
459,0.0,1,230.0,0,460,0,False,1.0,1,0.0,[2 1],[0. 1.],1,1,[0.4 0.4],1.0,0.0,1.0
460,0.0,1,231.0,2,461,1,False,0.0,0,2.0,[2 1],[0. 1.],1,1,[0.4 0.4],1.0,0.0,1.0
461,0.0,1,231.0,0,462,0,False,2.0,1,0.0,[1 2],[0. 1.],1,1,[0.4 0.4],1.0,0.0,1.0
462,0.0,1,232.0,2,463,1,False,0.0,0,2.0,[1 2],[0. 1.],1,1,[0.4 0.4],1.0,0.0,1.0
463,1.0,1,232.0,0,464,0,False,2.0,1,0.0,[2 1],[0. 1.],0,1,[0.4 0.4],1.0,0.0,1.0
464,0.0,1,233.0,2,465,1,False,0.0,0,1.0,[2 1],[0. 1.],0,1,[0.4 0.4],1.0,0.0,1.0
465,0.0,1,233.0,0,466,0,False,1.0,1,0.0,[1 2],[0. 1.],1,1,[0.4 0.4],1.0,0.0,1.0
466,0.0,1,234.0,2,467,1,False,0.0,0,2.0,[1 2],[0. 1.],1,1,[0.4 0.4],1.0,0.0,1.0
467,1.0,1,234.0,0,468,0,False,2.0,1,0.0,[1 1],[0. 1.],1,1,[0.4 0.4],1.0,0.0,1.0
468,0.0,1,235.0,2,469,1,False,0.0,0,2.0,[1 1],[0. 1.],1,1,[0.4 0.4],1.0,0.0,1.0
469,0.0,1,235.0,0,470,0,False,2.0,1,0.0,[2 1],[0. 1.],0,1,[0.4 0.4],1.0,0.0,1.0
470,0.0,1,236.0,2,471,1,False,0.0,0,1.0,[2 1],[0. 1.],0,1,[0.4 0.4],1.0,0.0,1.0
471,0.0,1,236.0,0,472,0,False,1.0,1,0.0,[1 1],[0. 1.],0,1,[0.4 0.4],1.0,0.0,1.0
472,0.0,1,237.0,2,473,1,False,0.0,0,1.0,[1 1],[0. 1.],0,1,[0.4 0.4],1.0,0.0,1.0
473,0.0,1,237.0,0,474,0,False,1.0,1,0.0,[1 2],[0. 1.],0,1,[0.4 0.4],1.0,0.0,1.0
474,0.0,1,238.0,1,475,1,False,0.0,0,1.0,[1 2],[0. 1.],0,1,[0.4 0.4],1.0,0.0,1.0
475,0.0,1,238.0,0,476,0,False,1.0,1,0.0,[1 2],[0. 1.],1,1,[0.4 0.4],1.0,0.0,1.0
476,0.0,1,239.0,2,477,1,False,0.0,0,2.0,[1 2],[0. 1.],1,1,[0.4 0.4],1.0,0.0,1.0
477,1.0,1,239.0,0,478,0,False,2.0,1,0.0,[2 2],[0. 1.],0,1,[0.4 0.4],1.0,0.0,1.0
478,0.0,1,240.0,2,479,1,False,0.0,0,1.0,[2 2],[0. 1.],0,1,[0.4 0.4],1.0,0.0,1.0
479,1.0,1,240.0,0,480,0,False,1.0,1,0.0,[2 1],[0. 1.],0,1,[0.4 0.4],1.0,0.0,1.0
480,0.0,1,241.0,2,481,1,False,0.0,0,1.0,[2 1],[0. 1.],0,1,[0.4 0.4],1.0,0.0,1.0
481,0.0,1,241.0,0,482,0,False,1.0,1,0.0,[1 2],[0. 1.],0,1,[0.4 0.4],1.0,0.0,1.0
482,0.0,1,242.0,2,483,1,False,0.0,0,1.0,[1 2],[0. 1.],0,1,[0.4 0.4],1.0,0.0,1.0
483,1.0,1,242.0,0,484,0,False,1.0,1,0.0,[1 2],[0. 1.],0,1,[0.4 0.4],1.0,0.0,1.0
484,0.0,1,243.0,2,485,1,False,0.0,0,1.0,[1 2],[0. 1.],0,1,[0.4 0.4],1.0,0.0,1.0
485,1.0,1,243.0,0,486,0,False,1.0,1,0.0,[2 1],[0. 1.],1,1,[0.4 0.4],1.0,0.0,1.0
486,0.0,1,244.0,2,487,1,False,0.0,0,2.0,[2 1],[0. 1.],1,1,[0.4 0.4],1.0,0.0,1.0
487,0.0,1,244.0,0,488,0,False,2.0,1,0.0,[2 1],[0. 1.],1,1,[0.4 0.4],1.0,0.0,1.0
488,0.0,1,245.0,2,489,1,False,0.0,0,2.0,[2 1],[0. 1.],1,1,[0.4 0.4],1.0,0.0,1.0
489,0.0,1,245.0,0,490,0,False,2.0,1,0.0,[2 2],[0. 1.],0,1,[0.4 0.4],1.0,0.0,1.0
490,0.0,1,246.0,2,491,1,False,0.0,0,1.0,[2 2],[0. 1.],0,1,[0.4 0.4],1.0,0.0,1.0
491,1.0,1,246.0,0,492,0,False,1.0,1,0.0,[2 2],[0. 1.],1,1,[0.4 0.4],1.0,0.0,1.0
492,0.0,1,247.0,2,493,1,False,0.0,0,2.0,[2 2],[0. 1.],1,1,[0.4 0.4],1.0,0.0,1.0
493,1.0,1,247.0,0,494,0,False,2.0,1,0.0,[1 1],[0. 1.],1,1,[0.4 0.4],1.0,0.0,1.0
494,0.0,1,248.0,2,495,1,False,0.0,0,2.0,[1 1],[0. 1.],1,1,[0.4 0.4],1.0,0.0,1.0
495,0.0,1,248.0,0,496,0,False,2.0,1,0.0,[1 2],[0. 1.],1,1,[0.4 0.4],1.0,0.0,1.0
496,0.0,1,249.0,2,497,1,False,0.0,0,2.0,[1 2],[0. 1.],1,1,[0.4 0.4],1.0,0.0,1.0
497,1.0,1,249.0,0,498,0,False,2.0,1,0.0,[2 2],[0. 1.],1,1,[0.4 0.4],1.0,0.0,1.0
498,0.0,1,250.0,2,499,1,False,0.0,0,2.0,[2 2],[0. 1.],1,1,[0.4 0.4],1.0,0.0,1.0
499,1.0,1,250.0,0,500,0,False,2.0,1,0.0,[1 2],[0. 1.],1,1,[0.4 0.4],1.0,0.0,1.0
500,0.0,1,251.0,2,501,1,False,0.0,0,2.0,[1 2],[0. 1.],1,1,[0.4 0.4],1.0,0.0,1.0
501,1.0,1,251.0,0,502,0,False,2.0,1,0.0,[2 2],[0. 1.],0,1,[0.4 0.4],1.0,0.0,1.0
502,0.0,1,252.0,2,503,1,False,0.0,0,1.0,[2 2],[0. 1.],0,1,[0.4 0.4],1.0,0.0,1.0
503,1.0,1,252.0,0,504,0,False,1.0,1,0.0,[2 2],[0. 1.],0,1,[0.4 0.4],1.0,0.0,1.0
504,0.0,1,253.0,2,505,1,False,0.0,0,1.0,[2 2],[0. 1.],0,1,[0.4 0.4],1.0,0.0,1.0
505,1.0,1,253.0,0,506,0,False,1.0,1,0.0,[1 1],[0. 1.],0,1,[0.4 0.4],1.0,0.0,1.0
506,0.0,1,254.0,2,507,1,False,0.0,0,1.0,[1 1],[0. 1.],0,1,[0.4 0.4],1.0,0.0,1.0
507,0.0,1,254.0,0,508,0,False,1.0,1,0.0,[2 1],[0. 1.],0,1,[0.4 0.4],1.0,0.0,1.0
508,0.0,1,255.0,2,509,1,False,0.0,0,1.0,[2 1],[0. 1.],0,1,[0.4 0.4],1.0,0.0,1.0
509,0.0,1,255.0,0,510,0,False,1.0,1,0.0,[1 2],[0. 1.],1,1,[0.4 0.4],1.0,0.0,1.0
510,0.0,1,256.0,2,511,1,False,0.0,0,2.0,[1 2],[0. 1.],1,1,[0.4 0.4],1.0,0.0,1.0
511,1.0,1,256.0,0,512,0,False,2.0,1,0.0,[2 2],[0. 1.],0,1,[0.4 0.4],1.0,0.0,1.0
512,0.0,1,257.0,2,513,1,False,0.0,0,1.0,[2 2],[0. 1.],0,1,[0.4 0.4],1.0,0.0,1.0
513,1.0,1,257.0,0,514,0,False,1.0,1,0.0,[2 1],[0. 1.],0,1,[0.4 0.4],1.0,0.0,1.0
514,0.0,1,258.0,2,515,1,False,0.0,0,1.0,[2 1],[0. 1.],0,1,[0.4 0.4],1.0,0.0,1.0
515,0.0,1,258.0,0,516,0,False,1.0,1,0.0,[2 2],[0. 1.],0,1,[0.4 0.4],1.0,0.0,1.0
516,0.0,1,259.0,2,517,1,False,0.0,0,1.0,[2 2],[0. 1.],0,1,[0.4 0.4],1.0,0.0,1.0
517,1.0,1,259.0,0,518,0,False,1.0,1,0.0,[1 1],[0. 1.],1,1,[0.4 0.4],1.0,0.0,1.0
518,0.0,1,260.0,2,519,1,False,0.0,0,2.0,[1 1],[0. 1.],1,1,[0.4 0.4],1.0,0.0,1.0
519,0.0,1,260.0,0,520,0,False,2.0,1,0.0,[1 2],[0. 1.],1,1,[0.4 0.4],1.0,0.0,1.0
520,0.0,1,261.0,2,521,1,False,0.0,0,2.0,[1 2],[0. 1.],1,1,[0.4 0.4],1.0,0.0,1.0
521,1.0,1,261.0,0,522,0,False,2.0,1,0.0,[2 1],[0. 1.],1,1,[0.4 0.4],1.0,0.0,1.0
522,0.0,1,262.0,2,523,1,False,0.0,0,2.0,[2 1],[0. 1.],1,1,[0.4 0.4],1.0,0.0,1.0
523,0.0,1,262.0,0,524,0,False,2.0,1,0.0,[1 1],[1. 0.],0,0,[0.4 0.4],1.0,0.0,1.0
524,0.0,1,263.0,1,525,1,False,0.0,0,1.0,[1 1],[1. 0.],0,0,[0.4 0.4],1.0,0.0,1.0
525,1.0,1,263.0,0,526,0,False,1.0,1,0.0,[2 2],[1. 0.],1,0,[0.4 0.4],1.0,0.0,1.0
526,0.0,1,264.0,1,527,1,False,0.0,0,2.0,[2 2],[1. 0.],1,0,[0.4 0.4],1.0,0.0,1.0
527,0.0,1,264.0,0,528,0,False,2.0,1,0.0,[1 2],[1. 0.],1,0,[0.4 0.4],1.0,0.0,1.0
528,0.0,1,265.0,1,529,1,False,0.0,0,2.0,[1 2],[1. 0.],1,0,[0.4 0.4],1.0,0.0,1.0
529,1.0,1,265.0,0,530,0,False,2.0,1,0.0,[1 2],[1. 0.],1,0,[0.4 0.4],1.0,0.0,1.0
530,0.0,1,266.0,1,531,1,False,0.0,0,2.0,[1 2],[1. 0.],1,0,[0.4 0.4],1.0,0.0,1.0
531,1.0,1,266.0,0,532,0,False,2.0,1,0.0,[1 1],[1. 0.],0,0,[0.4 0.4],1.0,0.0,1.0
532,0.0,1,267.0,1,533,1,False,0.0,0,1.0,[1 1],[1. 0.],0,0,[0.4 0.4],1.0,0.0,1.0
533,1.0,1,267.0,0,534,0,False,1.0,1,0.0,[1 1],[1. 0.],0,0,[0.4 0.4],1.0,0.0,1.0
534,0.0,1,268.0,1,535,1,False,0.0,0,1.0,[1 1],[1. 0.],0,0,[0.4 0.4],1.0,0.0,1.0
535,1.0,1,268.0,0,536,0,False,1.0,1,0.0,[2 2],[1. 0.],1,0,[0.4 0.4],1.0,0.0,1.0
536,0.0,1,269.0,1,537,1,False,0.0,0,2.0,[2 2],[1. 0.],1,0,[0.4 0.4],1.0,0.0,1.0
537,0.0,1,269.0,0,538,0,False,2.0,1,0.0,[2 2],[1. 0.],1,0,[0.4 0.4],1.0,0.0,1.0
538,0.0,1,270.0,1,539,1,False,0.0,0,2.0,[2 2],[1. 0.],1,0,[0.4 0.4],1.0,0.0,1.0
539,0.0,1,270.0,0,540,0,False,2.0,1,0.0,[2 1],[1. 0.],0,0,[0.4 0.4],1.0,0.0,1.0
540,0.0,1,271.0,2,541,1,False,0.0,0,1.0,[2 1],[1. 0.],0,0,[0.4 0.4],1.0,0.0,1.0
541,1.0,1,271.0,0,542,0,False,1.0,1,0.0,[1 1],[1. 0.],0,0,[0.4 0.4],1.0,0.0,1.0
542,0.0,1,272.0,2,543,1,False,0.0,0,1.0,[1 1],[1. 0.],0,0,[0.4 0.4],1.0,0.0,1.0
543,1.0,1,272.0,0,544,0,False,1.0,1,0.0,[1 2],[1. 0.],0,0,[0.4 0.4],1.0,0.0,1.0
544,0.0,1,273.0,2,545,1,False,0.0,0,1.0,[1 2],[1. 0.],0,0,[0.4 0.4],1.0,0.0,1.0
545,0.0,1,273.0,0,546,0,False,1.0,1,0.0,[1 2],[1. 0.],1,0,[0.4 0.4],1.0,0.0,1.0
546,0.0,1,274.0,2,547,1,False,0.0,0,2.0,[1 2],[1. 0.],1,0,[0.4 0.4],1.0,0.0,1.0
547,0.0,1,274.0,0,548,0,False,2.0,1,0.0,[2 1],[1. 0.],0,0,[0.4 0.4],1.0,0.0,1.0
548,0.0,1,275.0,2,549,1,False,0.0,0,1.0,[2 1],[1. 0.],0,0,[0.4 0.4],1.0,0.0,1.0
549,1.0,1,275.0,0,550,0,False,1.0,1,0.0,[2 1],[1. 0.],0,0,[0.4 0.4],1.0,0.0,1.0
550,0.0,1,276.0,2,551,1,False,0.0,0,1.0,[2 1],[1. 0.],0,0,[0.4 0.4],1.0,0.0,1.0
551,1.0,1,276.0,0,552,0,False,1.0,1,0.0,[2 1],[1. 0.],1,0,[0.4 0.4],1.0,0.0,1.0
552,0.0,1,277.0,2,553,1,False,0.0,0,2.0,[2 1],[1. 0.],1,0,[0.4 0.4],1.0,0.0,1.0
553,1.0,1,277.0,0,554,0,False,2.0,1,0.0,[2 1],[1. 0.],1,0,[0.4 0.4],1.0,0.0,1.0
554,0.0,1,278.0,2,555,1,False,0.0,0,2.0,[2 1],[1. 0.],1,0,[0.4 0.4],1.0,0.0,1.0
555,1.0,1,278.0,0,556,0,False,2.0,1,0.0,[2 2],[1. 0.],1,0,[0.4 0.4],1.0,0.0,1.0
556,0.0,1,279.0,2,557,1,False,0.0,0,2.0,[2 2],[1. 0.],1,0,[0.4 0.4],1.0,0.0,1.0
557,0.0,1,279.0,0,558,0,False,2.0,1,0.0,[1 2],[1. 0.],0,0,[0.4 0.4],1.0,0.0,1.0
558,0.0,1,280.0,2,559,1,False,0.0,0,1.0,[1 2],[1. 0.],0,0,[0.4 0.4],1.0,0.0,1.0
559,0.0,1,280.0,0,560,0,False,1.0,1,0.0,[1 2],[1. 0.],1,0,[0.4 0.4],1.0,0.0,1.0
560,0.0,1,281.0,2,561,1,False,0.0,0,2.0,[1 2],[1. 0.],1,0,[0.4 0.4],1.0,0.0,1.0
561,0.0,1,281.0,0,562,0,False,2.0,1,0.0,[2 1],[1. 0.],1,0,[0.4 0.4],1.0,0.0,1.0
562,0.0,1,282.0,1,563,1,False,0.0,0,2.0,[2 1],[1. 0.],1,0,[0.4 0.4],1.0,0.0,1.0
563,0.0,1,282.0,0,564,0,False,2.0,1,0.0,[2 1],[1. 0.],1,0,[0.4 0.4],1.0,0.0,1.0
564,0.0,1,283.0,2,565,1,False,0.0,0,2.0,[2 1],[1. 0.],1,0,[0.4 0.4],1.0,0.0,1.0
565,1.0,1,283.0,0,566,0,False,2.0,1,0.0,[1 1],[1. 0.],1,0,[0.4 0.4],1.0,0.0,1.0
566,0.0,1,284.0,2,567,1,False,0.0,0,2.0,[1 1],[1. 0.],1,0,[0.4 0.4],1.0,0.0,1.0
567,1.0,1,284.0,0,568,0,False,2.0,1,0.0,[1 2],[0. 1.],1,1,[0.4 0.4],1.0,0.0,1.0
568,0.0,1,285.0,2,569,1,False,0.0,0,2.0,[1 2],[0. 1.],1,1,[0.4 0.4],1.0,0.0,1.0
569,1.0,1,285.0,0,570,0,False,2.0,1,0.0,[2 2],[0. 1.],1,1,[0.4 0.4],1.0,0.0,1.0
570,0.0,1,286.0,2,571,1,False,0.0,0,2.0,[2 2],[0. 1.],1,1,[0.4 0.4],1.0,0.0,1.0
571,1.0,1,286.0,0,572,0,False,2.0,1,0.0,[2 2],[0. 1.],1,1,[0.4 0.4],1.0,0.0,1.0
572,0.0,1,287.0,2,573,1,False,0.0,0,2.0,[2 2],[0. 1.],1,1,[0.4 0.4],1.0,0.0,1.0
573,1.0,1,287.0,0,574,0,False,2.0,1,0.0,[1 1],[0. 1.],0,1,[0.4 0.4],1.0,0.0,1.0
574,0.0,1,288.0,2,575,1,False,0.0,0,1.0,[1 1],[0. 1.],0,1,[0.4 0.4],1.0,0.0,1.0
575,0.0,1,288.0,0,576,0,False,1.0,1,0.0,[1 2],[0. 1.],1,1,[0.4 0.4],1.0,0.0,1.0
576,0.0,1,289.0,2,577,1,False,0.0,0,2.0,[1 2],[0. 1.],1,1,[0.4 0.4],1.0,0.0,1.0
577,1.0,1,289.0,0,578,0,False,2.0,1,0.0,[1 2],[0. 1.],1,1,[0.4 0.4],1.0,0.0,1.0
578,0.0,1,290.0,2,579,1,False,0.0,0,2.0,[1 2],[0. 1.],1,1,[0.4 0.4],1.0,0.0,1.0
579,1.0,1,290.0,0,580,0,False,2.0,1,0.0,[2 1],[0. 1.],0,1,[0.4 0.4],1.0,0.0,1.0
580,0.0,1,291.0,2,581,1,False,0.0,0,1.0,[2 1],[0. 1.],0,1,[0.4 0.4],1.0,0.0,1.0
581,0.0,1,291.0,0,582,0,False,1.0,1,0.0,[2 2],[0. 1.],1,1,[0.4 0.4],1.0,0.0,1.0
582,0.0,1,292.0,2,583,1,False,0.0,0,2.0,[2 2],[0. 1.],1,1,[0.4 0.4],1.0,0.0,1.0
583,1.0,1,292.0,0,584,0,False,2.0,1,0.0,[1 1],[0. 1.],1,1,[0.4 0.4],1.0,0.0,1.0
584,0.0,1,293.0,2,585,1,False,0.0,0,2.0,[1 1],[0. 1.],1,1,[0.4 0.4],1.0,0.0,1.0
585,0.0,1,293.0,0,586,0,False,2.0,1,0.0,[2 2],[0. 1.],0,1,[0.4 0.4],1.0,0.0,1.0
586,0.0,1,294.0,2,587,1,False,0.0,0,1.0,[2 2],[0. 1.],0,1,[0.4 0.4],1.0,0.0,1.0
587,1.0,1,294.0,0,588,0,False,1.0,1,0.0,[2 1],[0. 1.],1,1,[0.4 0.4],1.0,0.0,1.0
588,0.0,1,295.0,2,589,1,False,0.0,0,2.0,[2 1],[0. 1.],1,1,[0.4 0.4],1.0,0.0,1.0
589,0.0,1,295.0,0,590,0,False,2.0,1,0.0,[2 2],[0. 1.],0,1,[0.4 0.4],1.0,0.0,1.0
590,0.0,1,296.0,2,591,1,False,0.0,0,1.0,[2 2],[0. 1.],0,1,[0.4 0.4],1.0,0.0,1.0
591,1.0,1,296.0,0,592,0,False,1.0,1,0.0,[1 1],[0. 1.],1,1,[0.4 0.4],1.0,0.0,1.0
592,0.0,1,297.0,2,593,1,False,0.0,0,2.0,[1 1],[0. 1.],1,1,[0.4 0.4],1.0,0.0,1.0
593,0.0,1,297.0,0,594,0,False,2.0,1,0.0,[1 2],[0. 1.],0,1,[0.4 0.4],1.0,0.0,1.0
594,0.0,1,298.0,2,595,1,False,0.0,0,1.0,[1 2],[0. 1.],0,1,[0.4 0.4],1.0,0.0,1.0
595,1.0,1,298.0,0,596,0,False,1.0,1,0.0,[1 2],[1. 0.],1,0,[0.4 0.4],1.0,0.0,1.0
596,0.0,1,299.0,2,597,1,False,0.0,0,2.0,[1 2],[1. 0.],1,0,[0.4 0.4],1.0,0.0,1.0
597,0.0,1,299.0,0,598,0,False,2.0,1,0.0,[1 2],[1. 0.],0,0,[0.4 0.4],1.0,0.0,1.0
598,0.0,1,300.0,2,599,1,False,0.0,0,1.0,[1 2],[1. 0.],0,0,[0.4 0.4],1.0,0.0,1.0
599,0.0,1,300.0,0,600,0,False,1.0,1,0.0,[2 1],[1. 0.],0,0,[0.4 0.4],1.0,0.0,1.0
600,0.0,1,301.0,2,601,1,False,0.0,0,1.0,[2 1],[1. 0.],0,0,[0.4 0.4],1.0,0.0,1.0
601,1.0,1,301.0,0,602,0,False,1.0,1,0.0,[2 2],[1. 0.],0,0,[0.4 0.4],1.0,0.0,1.0
602,0.0,1,302.0,2,603,1,False,0.0,0,1.0,[2 2],[1. 0.],0,0,[0.4 0.4],1.0,0.0,1.0
603,0.0,1,302.0,0,604,0,False,1.0,1,0.0,[1 1],[1. 0.],1,0,[0.4 0.4],1.0,0.0,1.0
604,0.0,1,303.0,2,605,1,False,0.0,0,2.0,[1 1],[1. 0.],1,0,[0.4 0.4],1.0,0.0,1.0
605,1.0,1,303.0,0,606,0,False,2.0,1,0.0,[2 1],[1. 0.],1,0,[0.4 0.4],1.0,0.0,1.0
606,0.0,1,304.0,2,607,1,False,0.0,0,2.0,[2 1],[1. 0.],1,0,[0.4 0.4],1.0,0.0,1.0
607,1.0,1,304.0,0,608,0,False,2.0,1,0.0,[1 1],[1. 0.],1,0,[0.4 0.4],1.0,0.0,1.0
608,0.0,1,305.0,2,609,1,False,0.0,0,2.0,[1 1],[1. 0.],1,0,[0.4 0.4],1.0,0.0,1.0
609,1.0,1,305.0,0,610,0,False,2.0,1,0.0,[2 2],[1. 0.],1,0,[0.4 0.4],1.0,0.0,1.0
610,0.0,1,306.0,2,611,1,False,0.0,0,2.0,[2 2],[1. 0.],1,0,[0.4 0.4],1.0,0.0,1.0
611,0.0,1,306.0,0,612,0,False,2.0,1,0.0,[1 2],[1. 0.],1,0,[0.4 0.4],1.0,0.0,1.0
612,0.0,1,307.0,2,613,1,False,0.0,0,2.0,[1 2],[1. 0.],1,0,[0.4 0.4],1.0,0.0,1.0
613,0.0,1,307.0,0,614,0,False,2.0,1,0.0,[2 2],[1. 0.],0,0,[0.4 0.4],1.0,0.0,1.0
614,0.0,1,308.0,1,615,1,False,0.0,0,1.0,[2 2],[1. 0.],0,0,[0.4 0.4],1.0,0.0,1.0
615,0.0,1,308.0,0,616,0,False,1.0,1,0.0,[2 2],[1. 0.],0,0,[0.4 0.4],1.0,0.0,1.0
616,0.0,1,309.0,1,617,1,False,0.0,0,1.0,[2 2],[1. 0.],0,0,[0.4 0.4],1.0,0.0,1.0
617,0.0,1,309.0,0,618,0,False,1.0,1,0.0,[1 1],[1. 0.],1,0,[0.4 0.4],1.0,0.0,1.0
618,0.0,1,310.0,2,619,1,False,0.0,0,2.0,[1 1],[1. 0.],1,0,[0.4 0.4],1.0,0.0,1.0
619,1.0,1,310.0,0,620,0,False,2.0,1,0.0,[1 2],[1. 0.],1,0,[0.4 0.4],1.0,0.0,1.0
620,0.0,1,311.0,2,621,1,False,0.0,0,2.0,[1 2],[1. 0.],1,0,[0.4 0.4],1.0,0.0,1.0
621,0.0,1,311.0,0,622,0,False,2.0,1,0.0,[1 1],[1. 0.],0,0,[0.4 0.4],1.0,0.0,1.0
622,0.0,1,312.0,1,623,1,False,0.0,0,1.0,[1 1],[1. 0.],0,0,[0.4 0.4],1.0,0.0,1.0
623,1.0,1,312.0,0,624,0,False,1.0,1,0.0,[1 1],[1. 0.],0,0,[0.4 0.4],1.0,0.0,1.0
624,0.0,1,313.0,1,625,1,False,0.0,0,1.0,[1 1],[1. 0.],0,0,[0.4 0.4],1.0,0.0,1.0
625,1.0,1,313.0,0,626,0,False,1.0,1,0.0,[1 1],[1. 0.],0,0,[0.4 0.4],1.0,0.0,1.0
626,0.0,1,314.0,1,627,1,False,0.0,0,1.0,[1 1],[1. 0.],0,0,[0.4 0.4],1.0,0.0,1.0
627,1.0,1,314.0,0,628,0,False,1.0,1,0.0,[2 2],[1. 0.],1,0,[0.4 0.4],1.0,0.0,1.0
628,0.0,1,315.0,1,629,1,False,0.0,0,2.0,[2 2],[1. 0.],1,0,[0.4 0.4],1.0,0.0,1.0
629,0.0,1,315.0,0,630,0,False,2.0,1,0.0,[1 2],[1. 0.],1,0,[0.4 0.4],1.0,0.0,1.0
630,0.0,1,316.0,1,631,1,False,0.0,0,2.0,[1 2],[1. 0.],1,0,[0.4 0.4],1.0,0.0,1.0
631,1.0,1,316.0,0,632,0,False,2.0,1,0.0,[1 1],[1. 0.],0,0,[0.4 0.4],1.0,0.0,1.0
632,0.0,1,317.0,1,633,1,False,0.0,0,1.0,[1 1],[1. 0.],0,0,[0.4 0.4],1.0,0.0,1.0
633,1.0,1,317.0,0,634,0,False,1.0,1,0.0,[1 2],[1. 0.],1,0,[0.4 0.4],1.0,0.0,1.0
634,0.0,1,318.0,1,635,1,False,0.0,0,2.0,[1 2],[1. 0.],1,0,[0.4 0.4],1.0,0.0,1.0
635,1.0,1,318.0,0,636,0,False,2.0,1,0.0,[1 1],[1. 0.],1,0,[0.4 0.4],1.0,0.0,1.0
636,0.0,1,319.0,1,637,1,False,0.0,0,2.0,[1 1],[1. 0.],1,0,[0.4 0.4],1.0,0.0,1.0
637,1.0,1,319.0,0,638,0,False,2.0,1,0.0,[2 2],[1. 0.],1,0,[0.4 0.4],1.0,0.0,1.0
638,0.0,1,320.0,1,639,1,False,0.0,0,2.0,[2 2],[1. 0.],1,0,[0.4 0.4],1.0,0.0,1.0
639,0.0,1,320.0,0,640,0,False,2.0,1,0.0,[2 2],[1. 0.],0,0,[0.4 0.4],1.0,0.0,1.0
640,0.0,1,321.0,1,641,1,False,0.0,0,1.0,[2 2],[1. 0.],0,0,[0.4 0.4],1.0,0.0,1.0
641,0.0,1,321.0,0,642,0,False,1.0,1,0.0,[1 2],[1. 0.],0,0,[0.4 0.4],1.0,0.0,1.0
642,0.0,1,322.0,1,643,1,False,0.0,0,1.0,[1 2],[1. 0.],0,0,[0.4 0.4],1.0,0.0,1.0
643,1.0,1,322.0,0,644,0,False,1.0,1,0.0,[2 2],[1. 0.],1,0,[0.4 0.4],1.0,0.0,1.0
644,0.0,1,323.0,1,645,1,False,0.0,0,2.0,[2 2],[1. 0.],1,0,[0.4 0.4],1.0,0.0,1.0
645,0.0,1,323.0,0,646,0,False,2.0,1,0.0,[1 2],[1. 0.],0,0,[0.4 0.4],1.0,0.0,1.0
646,0.0,1,324.0,1,647,1,False,0.0,0,1.0,[1 2],[1. 0.],0,0,[0.4 0.4],1.0,0.0,1.0
647,1.0,1,324.0,0,648,0,False,1.0,1,0.0,[1 2],[1. 0.],1,0,[0.4 0.4],1.0,0.0,1.0
648,0.0,1,325.0,1,649,1,False,0.0,0,2.0,[1 2],[1. 0.],1,0,[0.4 0.4],1.0,0.0,1.0
649,1.0,1,325.0,0,650,0,False,2.0,1,0.0,[1 1],[1. 0.],1,0,[0.4 0.4],1.0,0.0,1.0
650,0.0,1,326.0,1,651,1,False,0.0,0,2.0,[1 1],[1. 0.],1,0,[0.4 0.4],1.0,0.0,1.0
651,1.0,1,326.0,0,652,0,False,2.0,1,0.0,[2 2],[1. 0.],1,0,[0.4 0.4],1.0,0.0,1.0
652,0.0,1,327.0,1,653,1,False,0.0,0,2.0,[2 2],[1. 0.],1,0,[0.4 0.4],1.0,0.0,1.0
653,0.0,1,327.0,0,654,0,False,2.0,1,0.0,[2 1],[1. 0.],0,0,[0.4 0.4],1.0,0.0,1.0
654,0.0,1,328.0,1,655,1,False,0.0,0,1.0,[2 1],[1. 0.],0,0,[0.4 0.4],1.0,0.0,1.0
655,0.0,1,328.0,0,656,0,False,1.0,1,0.0,[2 2],[0. 1.],1,1,[0.4 0.4],1.0,0.0,1.0
656,0.0,1,329.0,1,657,1,False,0.0,0,2.0,[2 2],[0. 1.],1,1,[0.4 0.4],1.0,0.0,1.0
657,1.0,1,329.0,0,658,0,False,2.0,1,0.0,[1 2],[0. 1.],1,1,[0.4 0.4],1.0,0.0,1.0
658,0.0,1,330.0,1,659,1,False,0.0,0,2.0,[1 2],[0. 1.],1,1,[0.4 0.4],1.0,0.0,1.0
659,0.0,1,330.0,0,660,0,False,2.0,1,0.0,[2 1],[0. 1.],0,1,[0.4 0.4],1.0,0.0,1.0
660,0.0,1,331.0,2,661,1,False,0.0,0,1.0,[2 1],[0. 1.],0,1,[0.4 0.4],1.0,0.0,1.0
661,0.0,1,331.0,0,662,0,False,1.0,1,0.0,[2 2],[0. 1.],0,1,[0.4 0.4],1.0,0.0,1.0
662,0.0,1,332.0,1,663,1,False,0.0,0,1.0,[2 2],[0. 1.],0,1,[0.4 0.4],1.0,0.0,1.0
663,1.0,1,332.0,0,664,0,False,1.0,1,0.0,[1 1],[1. 0.],0,0,[0.4 0.4],1.0,0.0,1.0
664,0.0,1,333.0,1,665,1,False,0.0,0,1.0,[1 1],[1. 0.],0,0,[0.4 0.4],1.0,0.0,1.0
665,1.0,1,333.0,0,666,0,False,1.0,1,0.0,[2 1],[1. 0.],1,0,[0.4 0.4],1.0,0.0,1.0
666,0.0,1,334.0,1,667,1,False,0.0,0,2.0,[2 1],[1. 0.],1,0,[0.4 0.4],1.0,0.0,1.0
667,0.0,1,334.0,0,668,0,False,2.0,1,0.0,[2 2],[1. 0.],1,0,[0.4 0.4],1.0,0.0,1.0
668,0.0,1,335.0,1,669,1,False,0.0,0,2.0,[2 2],[1. 0.],1,0,[0.4 0.4],1.0,0.0,1.0
669,0.0,1,335.0,0,670,0,False,2.0,1,0.0,[1 1],[1. 0.],0,0,[0.4 0.4],1.0,0.0,1.0
670,0.0,1,336.0,2,671,1,False,0.0,0,1.0,[1 1],[1. 0.],0,0,[0.4 0.4],1.0,0.0,1.0
671,1.0,1,336.0,0,672,0,False,1.0,1,0.0,[1 2],[0. 1.],0,1,[0.4 0.4],1.0,0.0,1.0
672,0.0,1,337.0,2,673,1,False,0.0,0,1.0,[1 2],[0. 1.],0,1,[0.4 0.4],1.0,0.0,1.0
673,1.0,1,337.0,0,674,0,False,1.0,1,0.0,[1 1],[0. 1.],0,1,[0.4 0.4],1.0,0.0,1.0
674,0.0,1,338.0,2,675,1,False,0.0,0,1.0,[1 1],[0. 1.],0,1,[0.4 0.4],1.0,0.0,1.0
675,0.0,1,338.0,0,676,0,False,1.0,1,0.0,[1 2],[0. 1.],1,1,[0.4 0.4],1.0,0.0,1.0
676,0.0,1,339.0,2,677,1,False,0.0,0,2.0,[1 2],[0. 1.],1,1,[0.4 0.4],1.0,0.0,1.0
677,1.0,1,339.0,0,678,0,False,2.0,1,0.0,[2 2],[0. 1.],1,1,[0.4 0.4],1.0,0.0,1.0
678,0.0,1,340.0,2,679,1,False,0.0,0,2.0,[2 2],[0. 1.],1,1,[0.4 0.4],1.0,0.0,1.0
679,1.0,1,340.0,0,680,0,False,2.0,1,0.0,[2 2],[0. 1.],1,1,[0.4 0.4],1.0,0.0,1.0
680,0.0,1,341.0,2,681,1,False,0.0,0,2.0,[2 2],[0. 1.],1,1,[0.4 0.4],1.0,0.0,1.0
681,1.0,1,341.0,0,682,0,False,2.0,1,0.0,[1 1],[0. 1.],1,1,[0.4 0.4],1.0,0.0,1.0
682,0.0,1,342.0,2,683,1,False,0.0,0,2.0,[1 1],[0. 1.],1,1,[0.4 0.4],1.0,0.0,1.0
683,0.0,1,342.0,0,684,0,False,2.0,1,0.0,[1 2],[0. 1.],0,1,[0.4 0.4],1.0,0.0,1.0
684,0.0,1,343.0,2,685,1,False,0.0,0,1.0,[1 2],[0. 1.],0,1,[0.4 0.4],1.0,0.0,1.0
685,1.0,1,343.0,0,686,0,False,1.0,1,0.0,[2 2],[0. 1.],1,1,[0.4 0.4],1.0,0.0,1.0
686,0.0,1,344.0,2,687,1,False,0.0,0,2.0,[2 2],[0. 1.],1,1,[0.4 0.4],1.0,0.0,1.0
687,1.0,1,344.0,0,688,0,False,2.0,1,0.0,[1 2],[0. 1.],1,1,[0.4 0.4],1.0,0.0,1.0
688,0.0,1,345.0,2,689,1,False,0.0,0,2.0,[1 2],[0. 1.],1,1,[0.4 0.4],1.0,0.0,1.0
689,1.0,1,345.0,0,690,0,False,2.0,1,0.0,[2 2],[0. 1.],0,1,[0.4 0.4],1.0,0.0,1.0
690,0.0,1,346.0,2,691,1,False,0.0,0,1.0,[2 2],[0. 1.],0,1,[0.4 0.4],1.0,0.0,1.0
691,1.0,1,346.0,0,692,0,False,1.0,1,0.0,[1 2],[0. 1.],1,1,[0.4 0.4],1.0,0.0,1.0
692,0.0,1,347.0,2,693,1,False,0.0,0,2.0,[1 2],[0. 1.],1,1,[0.4 0.4],1.0,0.0,1.0
693,1.0,1,347.0,0,694,0,False,2.0,1,0.0,[1 2],[0. 1.],1,1,[0.4 0.4],1.0,0.0,1.0
694,0.0,1,348.0,2,695,1,False,0.0,0,2.0,[1 2],[0. 1.],1,1,[0.4 0.4],1.0,0.0,1.0
695,1.0,1,348.0,0,696,0,False,2.0,1,0.0,[1 2],[0. 1.],1,1,[0.4 0.4],1.0,0.0,1.0
696,0.0,1,349.0,2,697,1,False,0.0,0,2.0,[1 2],[0. 1.],1,1,[0.4 0.4],1.0,0.0,1.0
697,1.0,1,349.0,0,698,0,False,2.0,1,0.0,[1 2],[0. 1.],0,1,[0.4 0.4],1.0,0.0,1.0
698,0.0,1,350.0,2,699,1,False,0.0,0,1.0,[1 2],[0. 1.],0,1,[0.4 0.4],1.0,0.0,1.0
699,1.0,1,350.0,0,700,0,False,1.0,1,0.0,[1 2],[0. 1.],0,1,[0.4 0.4],1.0,0.0,1.0
700,0.0,1,351.0,2,701,1,False,0.0,0,1.0,[1 2],[0. 1.],0,1,[0.4 0.4],1.0,0.0,1.0
701,1.0,1,351.0,0,702,0,False,1.0,1,0.0,[2 2],[0. 1.],0,1,[0.4 0.4],1.0,0.0,1.0
702,0.0,1,352.0,2,703,1,False,0.0,0,1.0,[2 2],[0. 1.],0,1,[0.4 0.4],1.0,0.0,1.0
703,1.0,1,352.0,0,704,0,False,1.0,1,0.0,[2 2],[0. 1.],0,1,[0.4 0.4],1.0,0.0,1.0
704,0.0,1,353.0,2,705,1,False,0.0,0,1.0,[2 2],[0. 1.],0,1,[0.4 0.4],1.0,0.0,1.0
705,1.0,1,353.0,0,706,0,False,1.0,1,0.0,[2 1],[0. 1.],1,1,[0.4 0.4],1.0,0.0,1.0
706,0.0,1,354.0,2,707,1,False,0.0,0,2.0,[2 1],[0. 1.],1,1,[0.4 0.4],1.0,0.0,1.0
707,0.0,1,354.0,0,708,0,False,2.0,1,0.0,[1 1],[0. 1.],0,1,[0.4 0.4],1.0,0.0,1.0
708,0.0,1,355.0,2,709,1,False,0.0,0,1.0,[1 1],[0. 1.],0,1,[0.4 0.4],1.0,0.0,1.0
709,0.0,1,355.0,0,710,0,False,1.0,1,0.0,[2 1],[0. 1.],1,1,[0.4 0.4],1.0,0.0,1.0
710,0.0,1,356.0,2,711,1,False,0.0,0,2.0,[2 1],[0. 1.],1,1,[0.4 0.4],1.0,0.0,1.0
711,0.0,1,356.0,0,712,0,False,2.0,1,0.0,[1 2],[0. 1.],0,1,[0.4 0.4],1.0,0.0,1.0
712,0.0,1,357.0,2,713,1,False,0.0,0,1.0,[1 2],[0. 1.],0,1,[0.4 0.4],1.0,0.0,1.0
713,1.0,1,357.0,0,714,0,False,1.0,1,0.0,[1 2],[0. 1.],1,1,[0.4 0.4],1.0,0.0,1.0
714,0.0,1,358.0,2,715,1,False,0.0,0,2.0,[1 2],[0. 1.],1,1,[0.4 0.4],1.0,0.0,1.0
715,1.0,1,358.0,0,716,0,False,2.0,1,0.0,[2 2],[0. 1.],1,1,[0.4 0.4],1.0,0.0,1.0
716,0.0,1,359.0,2,717,1,False,0.0,0,2.0,[2 2],[0. 1.],1,1,[0.4 0.4],1.0,0.0,1.0
717,1.0,1,359.0,0,718,0,False,2.0,1,0.0,[2 1],[0. 1.],0,1,[0.4 0.4],1.0,0.0,1.0
718,0.0,1,360.0,2,719,1,False,0.0,0,1.0,[2 1],[0. 1.],0,1,[0.4 0.4],1.0,0.0,1.0
719,0.0,1,360.0,0,720,0,False,1.0,1,0.0,[2 1],[0. 1.],0,1,[0.4 0.4],1.0,0.0,1.0
720,0.0,1,361.0,2,721,1,False,0.0,0,1.0,[2 1],[0. 1.],0,1,[0.4 0.4],1.0,0.0,1.0
721,0.0,1,361.0,0,722,0,False,1.0,1,0.0,[1 1],[1. 0.],0,0,[0.4 0.4],1.0,0.0,1.0
722,0.0,1,362.0,2,723,1,False,0.0,0,1.0,[1 1],[1. 0.],0,0,[0.4 0.4],1.0,0.0,1.0
723,1.0,1,362.0,0,724,0,False,1.0,1,0.0,[2 1],[1. 0.],0,0,[0.4 0.4],1.0,0.0,1.0
724,0.0,1,363.0,2,725,1,False,0.0,0,1.0,[2 1],[1. 0.],0,0,[0.4 0.4],1.0,0.0,1.0
725,1.0,1,363.0,0,726,0,False,1.0,1,0.0,[2 2],[1. 0.],0,0,[0.4 0.4],1.0,0.0,1.0
726,0.0,1,364.0,2,727,1,False,0.0,0,1.0,[2 2],[1. 0.],0,0,[0.4 0.4],1.0,0.0,1.0
727,0.0,1,364.0,0,728,0,False,1.0,1,0.0,[2 1],[1. 0.],1,0,[0.4 0.4],1.0,0.0,1.0
728,0.0,1,365.0,2,729,1,False,0.0,0,2.0,[2 1],[1. 0.],1,0,[0.4 0.4],1.0,0.0,1.0
729,1.0,1,365.0,0,730,0,False,2.0,1,0.0,[1 2],[1. 0.],1,0,[0.4 0.4],1.0,0.0,1.0
730,0.0,1,366.0,2,731,1,False,0.0,0,2.0,[1 2],[1. 0.],1,0,[0.4 0.4],1.0,0.0,1.0
731,0.0,1,366.0,0,732,0,False,2.0,1,0.0,[2 2],[1. 0.],0,0,[0.4 0.4],1.0,0.0,1.0
732,0.0,1,367.0,2,733,1,False,0.0,0,1.0,[2 2],[1. 0.],0,0,[0.4 0.4],1.0,0.0,1.0
733,0.0,1,367.0,0,734,0,False,1.0,1,0.0,[1 2],[1. 0.],1,0,[0.4 0.4],1.0,0.0,1.0
734,0.0,1,368.0,2,735,1,False,0.0,0,2.0,[1 2],[1. 0.],1,0,[0.4 0.4],1.0,0.0,1.0
735,0.0,1,368.0,0,736,0,False,2.0,1,0.0,[1 2],[1. 0.],0,0,[0.4 0.4],1.0,0.0,1.0
736,0.0,1,369.0,1,737,1,False,0.0,0,1.0,[1 2],[1. 0.],0,0,[0.4 0.4],1.0,0.0,1.0
737,1.0,1,369.0,0,738,0,False,1.0,1,0.0,[1 2],[1. 0.],1,0,[0.4 0.4],1.0,0.0,1.0
738,0.0,1,370.0,1,739,1,False,0.0,0,2.0,[1 2],[1. 0.],1,0,[0.4 0.4],1.0,0.0,1.0
739,1.0,1,370.0,0,740,0,False,2.0,1,0.0,[2 2],[1. 0.],0,0,[0.4 0.4],1.0,0.0,1.0
740,0.0,1,371.0,1,741,1,False,0.0,0,1.0,[2 2],[1. 0.],0,0,[0.4 0.4],1.0,0.0,1.0
741,0.0,1,371.0,0,742,0,False,1.0,1,0.0,[1 1],[1. 0.],0,0,[0.4 0.4],1.0,0.0,1.0
742,0.0,1,372.0,1,743,1,False,0.0,0,1.0,[1 1],[1. 0.],0,0,[0.4 0.4],1.0,0.0,1.0
743,1.0,1,372.0,0,744,0,False,1.0,1,0.0,[2 2],[1. 0.],1,0,[0.4 0.4],1.0,0.0,1.0
744,0.0,1,373.0,1,745,1,False,0.0,0,2.0,[2 2],[1. 0.],1,0,[0.4 0.4],1.0,0.0,1.0
745,0.0,1,373.0,0,746,0,False,2.0,1,0.0,[1 2],[1. 0.],0,0,[0.4 0.4],1.0,0.0,1.0
746,0.0,1,374.0,1,747,1,False,0.0,0,1.0,[1 2],[1. 0.],0,0,[0.4 0.4],1.0,0.0,1.0
747,1.0,1,374.0,0,748,0,False,1.0,1,0.0,[1 2],[1. 0.],0,0,[0.4 0.4],1.0,0.0,1.0
748,0.0,1,375.0,1,749,1,False,0.0,0,1.0,[1 2],[1. 0.],0,0,[0.4 0.4],1.0,0.0,1.0
749,1.0,1,375.0,0,750,0,False,1.0,1,0.0,[2 2],[1. 0.],1,0,[0.4 0.4],1.0,0.0,1.0
750,0.0,1,376.0,1,751,1,False,0.0,0,2.0,[2 2],[1. 0.],1,0,[0.4 0.4],1.0,0.0,1.0
751,0.0,1,376.0,0,752,0,False,2.0,1,0.0,[1 1],[1. 0.],1,0,[0.4 0.4],1.0,0.0,1.0
752,0.0,1,377.0,1,753,1,False,0.0,0,2.0,[1 1],[1. 0.],1,0,[0.4 0.4],1.0,0.0,1.0
753,1.0,1,377.0,0,754,0,False,2.0,1,0.0,[1 2],[1. 0.],1,0,[0.4 0.4],1.0,0.0,1.0
754,0.0,1,378.0,1,755,1,False,0.0,0,2.0,[1 2],[1. 0.],1,0,[0.4 0.4],1.0,0.0,1.0
755,1.0,1,378.0,0,756,0,False,2.0,1,0.0,[2 2],[1. 0.],0,0,[0.4 0.4],1.0,0.0,1.0
756,0.0,1,379.0,1,757,1,False,0.0,0,1.0,[2 2],[1. 0.],0,0,[0.4 0.4],1.0,0.0,1.0
757,0.0,1,379.0,0,758,0,False,1.0,1,0.0,[2 1],[1. 0.],1,0,[0.4 0.4],1.0,0.0,1.0
758,0.0,1,380.0,1,759,1,False,0.0,0,2.0,[2 1],[1. 0.],1,0,[0.4 0.4],1.0,0.0,1.0
759,0.0,1,380.0,0,760,0,False,2.0,1,0.0,[2 1],[1. 0.],1,0,[0.4 0.4],1.0,0.0,1.0
760,0.0,1,381.0,1,761,1,False,0.0,0,2.0,[2 1],[1. 0.],1,0,[0.4 0.4],1.0,0.0,1.0
761,0.0,1,381.0,0,762,0,False,2.0,1,0.0,[1 1],[1. 0.],0,0,[0.4 0.4],1.0,0.0,1.0
762,0.0,1,382.0,2,763,1,False,0.0,0,1.0,[1 1],[1. 0.],0,0,[0.4 0.4],1.0,0.0,1.0
763,1.0,1,382.0,0,764,0,False,1.0,1,0.0,[2 1],[1. 0.],0,0,[0.4 0.4],1.0,0.0,1.0
764,0.0,1,383.0,2,765,1,False,0.0,0,1.0,[2 1],[1. 0.],0,0,[0.4 0.4],1.0,0.0,1.0
765,1.0,1,383.0,0,766,0,False,1.0,1,0.0,[1 2],[1. 0.],1,0,[0.4 0.4],1.0,0.0,1.0
766,0.0,1,384.0,2,767,1,False,0.0,0,2.0,[1 2],[1. 0.],1,0,[0.4 0.4],1.0,0.0,1.0
767,0.0,1,384.0,0,768,0,False,2.0,1,0.0,[2 1],[1. 0.],0,0,[0.4 0.4],1.0,0.0,1.0
768,0.0,1,385.0,2,769,1,False,0.0,0,1.0,[2 1],[1. 0.],0,0,[0.4 0.4],1.0,0.0,1.0
769,1.0,1,385.0,0,770,0,False,1.0,1,0.0,[1 2],[1. 0.],0,0,[0.4 0.4],1.0,0.0,1.0
770,0.0,1,386.0,2,771,1,False,0.0,0,1.0,[1 2],[1. 0.],0,0,[0.4 0.4],1.0,0.0,1.0
771,0.0,1,386.0,0,772,0,False,1.0,1,0.0,[1 1],[1. 0.],0,0,[0.4 0.4],1.0,0.0,1.0
772,0.0,1,387.0,2,773,1,False,0.0,0,1.0,[1 1],[1. 0.],0,0,[0.4 0.4],1.0,0.0,1.0
773,1.0,1,387.0,0,774,0,False,1.0,1,0.0,[1 1],[1. 0.],0,0,[0.4 0.4],1.0,0.0,1.0
774,0.0,1,388.0,2,775,1,False,0.0,0,1.0,[1 1],[1. 0.],0,0,[0.4 0.4],1.0,0.0,1.0
775,1.0,1,388.0,0,776,0,False,1.0,1,0.0,[2 1],[1. 0.],0,0,[0.4 0.4],1.0,0.0,1.0
776,0.0,1,389.0,2,777,1,False,0.0,0,1.0,[2 1],[1. 0.],0,0,[0.4 0.4],1.0,0.0,1.0
777,1.0,1,389.0,0,778,0,False,1.0,1,0.0,[2 1],[1. 0.],0,0,[0.4 0.4],1.0,0.0,1.0
778,0.0,1,390.0,2,779,1,False,0.0,0,1.0,[2 1],[1. 0.],0,0,[0.4 0.4],1.0,0.0,1.0
779,1.0,1,390.0,0,780,0,False,1.0,1,0.0,[2 2],[1. 0.],0,0,[0.4 0.4],1.0,0.0,1.0
780,0.0,1,391.0,2,781,1,False,0.0,0,1.0,[2 2],[1. 0.],0,0,[0.4 0.4],1.0,0.0,1.0
781,0.0,1,391.0,0,782,0,False,1.0,1,0.0,[2 1],[1. 0.],0,0,[0.4 0.4],1.0,0.0,1.0
782,0.0,1,392.0,2,783,1,False,0.0,0,1.0,[2 1],[1. 0.],0,0,[0.4 0.4],1.0,0.0,1.0
783,1.0,1,392.0,0,784,0,False,1.0,1,0.0,[2 1],[1. 0.],1,0,[0.4 0.4],1.0,0.0,1.0
784,0.0,1,393.0,2,785,1,False,0.0,0,2.0,[2 1],[1. 0.],1,0,[0.4 0.4],1.0,0.0,1.0
785,1.0,1,393.0,0,786,0,False,2.0,1,0.0,[2 2],[1. 0.],1,0,[0.4 0.4],1.0,0.0,1.0
786,0.0,1,394.0,2,787,1,False,0.0,0,2.0,[2 2],[1. 0.],1,0,[0.4 0.4],1.0,0.0,1.0
787,0.0,1,394.0,0,788,0,False,2.0,1,0.0,[2 2],[1. 0.],0,0,[0.4 0.4],1.0,0.0,1.0
788,0.0,1,395.0,2,789,1,False,0.0,0,1.0,[2 2],[1. 0.],0,0,[0.4 0.4],1.0,0.0,1.0
789,0.0,1,395.0,0,790,0,False,1.0,1,0.0,[1 2],[1. 0.],1,0,[0.4 0.4],1.0,0.0,1.0
790,0.0,1,396.0,2,791,1,False,0.0,0,2.0,[1 2],[1. 0.],1,0,[0.4 0.4],1.0,0.0,1.0
791,0.0,1,396.0,0,792,0,False,2.0,1,0.0,[2 1],[1. 0.],0,0,[0.4 0.4],1.0,0.0,1.0
792,0.0,1,397.0,1,793,1,False,0.0,0,1.0,[2 1],[1. 0.],0,0,[0.4 0.4],1.0,0.0,1.0
793,0.0,1,397.0,0,794,0,False,1.0,1,0.0,[1 2],[1. 0.],0,0,[0.4 0.4],1.0,0.0,1.0
794,0.0,1,398.0,1,795,1,False,0.0,0,1.0,[1 2],[1. 0.],0,0,[0.4 0.4],1.0,0.0,1.0
795,1.0,1,398.0,0,796,0,False,1.0,1,0.0,[2 2],[1. 0.],0,0,[0.4 0.4],1.0,0.0,1.0
796,0.0,1,399.0,1,797,1,False,0.0,0,1.0,[2 2],[1. 0.],0,0,[0.4 0.4],1.0,0.0,1.0
797,0.0,1,399.0,0,798,0,False,1.0,1,0.0,[1 1],[1. 0.],0,0,[0.4 0.4],1.0,0.0,1.0
798,0.0,1,400.0,1,799,1,False,0.0,0,1.0,[1 1],[1. 0.],0,0,[0.4 0.4],1.0,0.0,1.0
799,1.0,1,400.0,0,800,0,False,1.0,1,0.0,[1 2],[1. 0.],1,0,[0.4 0.4],1.0,0.0,1.0
800,0.0,1,401.0,1,801,1,False,0.0,0,2.0,[1 2],[1. 0.],1,0,[0.4 0.4],1.0,0.0,1.0
801,1.0,1,401.0,0,802,0,False,2.0,1,0.0,[2 1],[1. 0.],1,0,[0.4 0.4],1.0,0.0,1.0
802,0.0,1,402.0,1,803,1,False,0.0,0,2.0,[2 1],[1. 0.],1,0,[0.4 0.4],1.0,0.0,1.0
803,0.0,1,402.0,0,804,0,False,2.0,1,0.0,[2 1],[1. 0.],0,0,[0.4 0.4],1.0,0.0,1.0
804,0.0,1,403.0,1,805,1,False,0.0,0,1.0,[2 1],[1. 0.],0,0,[0.4 0.4],1.0,0.0,1.0
805,0.0,1,403.0,0,806,0,False,1.0,1,0.0,[2 2],[1. 0.],0,0,[0.4 0.4],1.0,0.0,1.0
806,0.0,1,404.0,1,807,1,False,0.0,0,1.0,[2 2],[1. 0.],0,0,[0.4 0.4],1.0,0.0,1.0
807,0.0,1,404.0,0,808,0,False,1.0,1,0.0,[2 1],[1. 0.],1,0,[0.4 0.4],1.0,0.0,1.0
808,0.0,1,405.0,1,809,1,False,0.0,0,2.0,[2 1],[1. 0.],1,0,[0.4 0.4],1.0,0.0,1.0
809,0.0,1,405.0,0,810,0,False,2.0,1,0.0,[1 2],[1. 0.],0,0,[0.4 0.4],1.0,0.0,1.0
810,0.0,1,406.0,2,811,1,False,0.0,0,1.0,[1 2],[1. 0.],0,0,[0.4 0.4],1.0,0.0,1.0
811,0.0,1,406.0,0,812,0,False,1.0,1,0.0,[1 2],[1. 0.],1,0,[0.4 0.4],1.0,0.0,1.0
812,0.0,1,407.0,2,813,1,False,0.0,0,2.0,[1 2],[1. 0.],1,0,[0.4 0.4],1.0,0.0,1.0
813,0.0,1,407.0,0,814,0,False,2.0,1,0.0,[1 2],[1. 0.],0,0,[0.4 0.4],1.0,0.0,1.0
814,0.0,1,408.0,1,815,1,False,0.0,0,1.0,[1 2],[1. 0.],0,0,[0.4 0.4],1.0,0.0,1.0
815,1.0,1,408.0,0,816,0,False,1.0,1,0.0,[2 2],[1. 0.],0,0,[0.4 0.4],1.0,0.0,1.0
816,0.0,1,409.0,1,817,1,False,0.0,0,1.0,[2 2],[1. 0.],0,0,[0.4 0.4],1.0,0.0,1.0
817,0.0,1,409.0,0,818,0,False,1.0,1,0.0,[2 2],[1. 0.],1,0,[0.4 0.4],1.0,0.0,1.0
818,0.0,1,410.0,1,819,1,False,0.0,0,2.0,[2 2],[1. 0.],1,0,[0.4 0.4],1.0,0.0,1.0
819,0.0,1,410.0,0,820,0,False,2.0,1,0.0,[1 2],[1. 0.],1,0,[0.4 0.4],1.0,0.0,1.0
820,0.0,1,411.0,2,821,1,False,0.0,0,2.0,[1 2],[1. 0.],1,0,[0.4 0.4],1.0,0.0,1.0
821,0.0,1,411.0,0,822,0,False,2.0,1,0.0,[1 1],[1. 0.],1,0,[0.4 0.4],1.0,0.0,1.0
822,0.0,1,412.0,1,823,1,False,0.0,0,2.0,[1 1],[1. 0.],1,0,[0.4 0.4],1.0,0.0,1.0
823,1.0,1,412.0,0,824,0,False,2.0,1,0.0,[1 1],[1. 0.],0,0,[0.4 0.4],1.0,0.0,1.0
824,0.0,1,413.0,1,825,1,False,0.0,0,1.0,[1 1],[1. 0.],0,0,[0.4 0.4],1.0,0.0,1.0
825,1.0,1,413.0,0,826,0,False,1.0,1,0.0,[2 1],[1. 0.],0,0,[0.4 0.4],1.0,0.0,1.0
826,0.0,1,414.0,1,827,1,False,0.0,0,1.0,[2 1],[1. 0.],0,0,[0.4 0.4],1.0,0.0,1.0
827,0.0,1,414.0,0,828,0,False,1.0,1,0.0,[1 1],[1. 0.],0,0,[0.4 0.4],1.0,0.0,1.0
828,0.0,1,415.0,1,829,1,False,0.0,0,1.0,[1 1],[1. 0.],0,0,[0.4 0.4],1.0,0.0,1.0
829,1.0,1,415.0,0,830,0,False,1.0,1,0.0,[1 2],[1. 0.],1,0,[0.4 0.4],1.0,0.0,1.0
830,0.0,1,416.0,1,831,1,False,0.0,0,2.0,[1 2],[1. 0.],1,0,[0.4 0.4],1.0,0.0,1.0
831,1.0,1,416.0,0,832,0,False,2.0,1,0.0,[1 2],[1. 0.],1,0,[0.4 0.4],1.0,0.0,1.0
832,0.0,1,417.0,1,833,1,False,0.0,0,2.0,[1 2],[1. 0.],1,0,[0.4 0.4],1.0,0.0,1.0
833,1.0,1,417.0,0,834,0,False,2.0,1,0.0,[1 1],[1. 0.],1,0,[0.4 0.4],1.0,0.0,1.0
834,0.0,1,418.0,1,835,1,False,0.0,0,2.0,[1 1],[1. 0.],1,0,[0.4 0.4],1.0,0.0,1.0
835,1.0,1,418.0,0,836,0,False,2.0,1,0.0,[1 2],[1. 0.],1,0,[0.4 0.4],1.0,0.0,1.0
836,0.0,1,419.0,1,837,1,False,0.0,0,2.0,[1 2],[1. 0.],1,0,[0.4 0.4],1.0,0.0,1.0
837,1.0,1,419.0,0,838,0,False,2.0,1,0.0,[1 2],[1. 0.],0,0,[0.4 0.4],1.0,0.0,1.0
838,0.0,1,420.0,1,839,1,False,0.0,0,1.0,[1 2],[1. 0.],0,0,[0.4 0.4],1.0,0.0,1.0
839,1.0,1,420.0,0,840,0,False,1.0,1,0.0,[1 2],[1. 0.],1,0,[0.4 0.4],1.0,0.0,1.0
840,0.0,1,421.0,1,841,1,False,0.0,0,2.0,[1 2],[1. 0.],1,0,[0.4 0.4],1.0,0.0,1.0
841,1.0,1,421.0,0,842,0,False,2.0,1,0.0,[1 1],[1. 0.],1,0,[0.4 0.4],1.0,0.0,1.0
842,0.0,1,422.0,1,843,1,False,0.0,0,2.0,[1 1],[1. 0.],1,0,[0.4 0.4],1.0,0.0,1.0
843,1.0,1,422.0,0,844,0,False,2.0,1,0.0,[2 2],[1. 0.],0,0,[0.4 0.4],1.0,0.0,1.0
844,0.0,1,423.0,1,845,1,False,0.0,0,1.0,[2 2],[1. 0.],0,0,[0.4 0.4],1.0,0.0,1.0
845,0.0,1,423.0,0,846,0,False,1.0,1,0.0,[2 2],[1. 0.],1,0,[0.4 0.4],1.0,0.0,1.0
846,0.0,1,424.0,1,847,1,False,0.0,0,2.0,[2 2],[1. 0.],1,0,[0.4 0.4],1.0,0.0,1.0
847,0.0,1,424.0,0,848,0,False,2.0,1,0.0,[1 2],[1. 0.],0,0,[0.4 0.4],1.0,0.0,1.0
848,0.0,1,425.0,1,849,1,False,0.0,0,1.0,[1 2],[1. 0.],0,0,[0.4 0.4],1.0,0.0,1.0
849,1.0,1,425.0,0,850,0,False,1.0,1,0.0,[1 2],[1. 0.],0,0,[0.4 0.4],1.0,0.0,1.0
850,0.0,1,426.0,1,851,1,False,0.0,0,1.0,[1 2],[1. 0.],0,0,[0.4 0.4],1.0,0.0,1.0
851,1.0,1,426.0,0,852,0,False,1.0,1,0.0,[2 2],[1. 0.],0,0,[0.4 0.4],1.0,0.0,1.0
852,0.0,1,427.0,1,853,1,False,0.0,0,1.0,[2 2],[1. 0.],0,0,[0.4 0.4],1.0,0.0,1.0
853,0.0,1,427.0,0,854,0,False,1.0,1,0.0,[1 2],[1. 0.],0,0,[0.4 0.4],1.0,0.0,1.0
854,0.0,1,428.0,1,855,1,False,0.0,0,1.0,[1 2],[1. 0.],0,0,[0.4 0.4],1.0,0.0,1.0
855,1.0,1,428.0,0,856,0,False,1.0,1,0.0,[2 1],[1. 0.],1,0,[0.4 0.4],1.0,0.0,1.0
856,0.0,1,429.0,1,857,1,False,0.0,0,2.0,[2 1],[1. 0.],1,0,[0.4 0.4],1.0,0.0,1.0
857,0.0,1,429.0,0,858,0,False,2.0,1,0.0,[2 1],[1. 0.],1,0,[0.4 0.4],1.0,0.0,1.0
858,0.0,1,430.0,1,859,1,False,0.0,0,2.0,[2 1],[1. 0.],1,0,[0.4 0.4],1.0,0.0,1.0
859,0.0,1,430.0,0,860,0,False,2.0,1,0.0,[1 2],[1. 0.],0,0,[0.4 0.4],1.0,0.0,1.0
860,0.0,1,431.0,1,861,1,False,0.0,0,1.0,[1 2],[1. 0.],0,0,[0.4 0.4],1.0,0.0,1.0
861,1.0,1,431.0,0,862,0,False,1.0,1,0.0,[2 1],[1. 0.],1,0,[0.4 0.4],1.0,0.0,1.0
862,0.0,1,432.0,1,863,1,False,0.0,0,2.0,[2 1],[1. 0.],1,0,[0.4 0.4],1.0,0.0,1.0
863,0.0,1,432.0,0,864,0,False,2.0,1,0.0,[1 1],[1. 0.],1,0,[0.4 0.4],1.0,0.0,1.0
864,0.0,1,433.0,1,865,1,False,0.0,0,2.0,[1 1],[1. 0.],1,0,[0.4 0.4],1.0,0.0,1.0
865,1.0,1,433.0,0,866,0,False,2.0,1,0.0,[1 1],[1. 0.],0,0,[0.4 0.4],1.0,0.0,1.0
866,0.0,1,434.0,1,867,1,False,0.0,0,1.0,[1 1],[1. 0.],0,0,[0.4 0.4],1.0,0.0,1.0
867,1.0,1,434.0,0,868,0,False,1.0,1,0.0,[1 1],[1. 0.],1,0,[0.4 0.4],1.0,0.0,1.0
868,0.0,1,435.0,1,869,1,False,0.0,0,2.0,[1 1],[1. 0.],1,0,[0.4 0.4],1.0,0.0,1.0
869,1.0,1,435.0,0,870,0,False,2.0,1,0.0,[1 2],[1. 0.],1,0,[0.4 0.4],1.0,0.0,1.0
870,0.0,1,436.0,1,871,1,False,0.0,0,2.0,[1 2],[1. 0.],1,0,[0.4 0.4],1.0,0.0,1.0
871,1.0,1,436.0,0,872,0,False,2.0,1,0.0,[1 1],[1. 0.],1,0,[0.4 0.4],1.0,0.0,1.0
872,0.0,1,437.0,1,873,1,False,0.0,0,2.0,[1 1],[1. 0.],1,0,[0.4 0.4],1.0,0.0,1.0
873,1.0,1,437.0,0,874,0,False,2.0,1,0.0,[1 2],[1. 0.],0,0,[0.4 0.4],1.0,0.0,1.0
874,0.0,1,438.0,1,875,1,False,0.0,0,1.0,[1 2],[1. 0.],0,0,[0.4 0.4],1.0,0.0,1.0
875,1.0,1,438.0,0,876,0,False,1.0,1,0.0,[1 2],[1. 0.],1,0,[0.4 0.4],1.0,0.0,1.0
876,0.0,1,439.0,1,877,1,False,0.0,0,2.0,[1 2],[1. 0.],1,0,[0.4 0.4],1.0,0.0,1.0
877,1.0,1,439.0,0,878,0,False,2.0,1,0.0,[2 1],[1. 0.],0,0,[0.4 0.4],1.0,0.0,1.0
878,0.0,1,440.0,1,879,1,False,0.0,0,1.0,[2 1],[1. 0.],0,0,[0.4 0.4],1.0,0.0,1.0
879,0.0,1,440.0,0,880,0,False,1.0,1,0.0,[1 2],[1. 0.],1,0,[0.4 0.4],1.0,0.0,1.0
880,0.0,1,441.0,1,881,1,False,0.0,0,2.0,[1 2],[1. 0.],1,0,[0.4 0.4],1.0,0.0,1.0
881,1.0,1,441.0,0,882,0,False,2.0,1,0.0,[2 2],[1. 0.],1,0,[0.4 0.4],1.0,0.0,1.0
882,0.0,1,442.0,1,883,1,False,0.0,0,2.0,[2 2],[1. 0.],1,0,[0.4 0.4],1.0,0.0,1.0
883,0.0,1,442.0,0,884,0,False,2.0,1,0.0,[1 2],[1. 0.],1,0,[0.4 0.4],1.0,0.0,1.0
884,0.0,1,443.0,1,885,1,False,0.0,0,2.0,[1 2],[1. 0.],1,0,[0.4 0.4],1.0,0.0,1.0
885,1.0,1,443.0,0,886,0,False,2.0,1,0.0,[2 1],[1. 0.],1,0,[0.4 0.4],1.0,0.0,1.0
886,0.0,1,444.0,1,887,1,False,0.0,0,2.0,[2 1],[1. 0.],1,0,[0.4 0.4],1.0,0.0,1.0
887,0.0,1,444.0,0,888,0,False,2.0,1,0.0,[2 2],[1. 0.],1,0,[0.4 0.4],1.0,0.0,1.0
888,0.0,1,445.0,1,889,1,False,0.0,0,2.0,[2 2],[1. 0.],1,0,[0.4 0.4],1.0,0.0,1.0
889,0.0,1,445.0,0,890,0,False,2.0,1,0.0,[1 1],[1. 0.],0,0,[0.4 0.4],1.0,0.0,1.0
890,0.0,1,446.0,1,891,1,False,0.0,0,1.0,[1 1],[1. 0.],0,0,[0.4 0.4],1.0,0.0,1.0
891,1.0,1,446.0,0,892,0,False,1.0,1,0.0,[1 2],[1. 0.],0,0,[0.4 0.4],1.0,0.0,1.0
892,0.0,1,447.0,1,893,1,False,0.0,0,1.0,[1 2],[1. 0.],0,0,[0.4 0.4],1.0,0.0,1.0
893,1.0,1,447.0,0,894,0,False,1.0,1,0.0,[1 1],[1. 0.],1,0,[0.4 0.4],1.0,0.0,1.0
894,0.0,1,448.0,1,895,1,False,0.0,0,2.0,[1 1],[1. 0.],1,0,[0.4 0.4],1.0,0.0,1.0
895,1.0,1,448.0,0,896,0,False,2.0,1,0.0,[2 2],[1. 0.],1,0,[0.4 0.4],1.0,0.0,1.0
896,0.0,1,449.0,1,897,1,False,0.0,0,2.0,[2 2],[1. 0.],1,0,[0.4 0.4],1.0,0.0,1.0
897,0.0,1,449.0,0,898,0,False,2.0,1,0.0,[1 1],[1. 0.],0,0,[0.4 0.4],1.0,0.0,1.0
898,0.0,1,450.0,1,899,1,False,0.0,0,1.0,[1 1],[1. 0.],0,0,[0.4 0.4],1.0,0.0,1.0
899,1.0,1,450.0,0,900,0,False,1.0,1,0.0,[2 1],[1. 0.],1,0,[0.4 0.4],1.0,0.0,1.0
900,0.0,1,451.0,1,901,1,False,0.0,0,2.0,[2 1],[1. 0.],1,0,[0.4 0.4],1.0,0.0,1.0
901,0.0,1,451.0,0,902,0,False,2.0,1,0.0,[1 1],[1. 0.],1,0,[0.4 0.4],1.0,0.0,1.0
902,0.0,1,452.0,1,903,1,False,0.0,0,2.0,[1 1],[1. 0.],1,0,[0.4 0.4],1.0,0.0,1.0
903,1.0,1,452.0,0,904,0,False,2.0,1,0.0,[2 1],[1. 0.],0,0,[0.4 0.4],1.0,0.0,1.0
904,0.0,1,453.0,1,905,1,False,0.0,0,1.0,[2 1],[1. 0.],0,0,[0.4 0.4],1.0,0.0,1.0
905,0.0,1,453.0,0,906,0,False,1.0,1,0.0,[2 1],[1. 0.],1,0,[0.4 0.4],1.0,0.0,1.0
906,0.0,1,454.0,1,907,1,False,0.0,0,2.0,[2 1],[1. 0.],1,0,[0.4 0.4],1.0,0.0,1.0
907,0.0,1,454.0,0,908,0,False,2.0,1,0.0,[2 1],[1. 0.],1,0,[0.4 0.4],1.0,0.0,1.0
908,0.0,1,455.0,1,909,1,False,0.0,0,2.0,[2 1],[1. 0.],1,0,[0.4 0.4],1.0,0.0,1.0
909,0.0,1,455.0,0,910,0,False,2.0,1,0.0,[2 2],[1. 0.],1,0,[0.4 0.4],1.0,0.0,1.0
910,0.0,1,456.0,2,911,1,False,0.0,0,2.0,[2 2],[1. 0.],1,0,[0.4 0.4],1.0,0.0,1.0
911,0.0,1,456.0,0,912,0,False,2.0,1,0.0,[2 1],[1. 0.],0,0,[0.4 0.4],1.0,0.0,1.0
912,0.0,1,457.0,1,913,1,False,0.0,0,1.0,[2 1],[1. 0.],0,0,[0.4 0.4],1.0,0.0,1.0
913,0.0,1,457.0,0,914,0,False,1.0,1,0.0,[1 1],[1. 0.],1,0,[0.4 0.4],1.0,0.0,1.0
914,0.0,1,458.0,2,915,1,False,0.0,0,2.0,[1 1],[1. 0.],1,0,[0.4 0.4],1.0,0.0,1.0
915,1.0,1,458.0,0,916,0,False,2.0,1,0.0,[2 1],[1. 0.],0,0,[0.4 0.4],1.0,0.0,1.0
916,0.0,1,459.0,2,917,1,False,0.0,0,1.0,[2 1],[1. 0.],0,0,[0.4 0.4],1.0,0.0,1.0
917,1.0,1,459.0,0,918,0,False,1.0,1,0.0,[1 2],[1. 0.],0,0,[0.4 0.4],1.0,0.0,1.0
918,0.0,1,460.0,2,919,1,False,0.0,0,1.0,[1 2],[1. 0.],0,0,[0.4 0.4],1.0,0.0,1.0
919,0.0,1,460.0,0,920,0,False,1.0,1,0.0,[1 1],[1. 0.],0,0,[0.4 0.4],1.0,0.0,1.0
920,0.0,1,461.0,2,921,1,False,0.0,0,1.0,[1 1],[1. 0.],0,0,[0.4 0.4],1.0,0.0,1.0
921,1.0,1,461.0,0,922,0,False,1.0,1,0.0,[2 1],[1. 0.],1,0,[0.4 0.4],1.0,0.0,1.0
922,0.0,1,462.0,2,923,1,False,0.0,0,2.0,[2 1],[1. 0.],1,0,[0.4 0.4],1.0,0.0,1.0
923,1.0,1,462.0,0,924,0,False,2.0,1,0.0,[2 1],[1. 0.],1,0,[0.4 0.4],1.0,0.0,1.0
924,0.0,1,463.0,2,925,1,False,0.0,0,2.0,[2 1],[1. 0.],1,0,[0.4 0.4],1.0,0.0,1.0
925,1.0,1,463.0,0,926,0,False,2.0,1,0.0,[1 1],[1. 0.],1,0,[0.4 0.4],1.0,0.0,1.0
926,0.0,1,464.0,2,927,1,False,0.0,0,2.0,[1 1],[1. 0.],1,0,[0.4 0.4],1.0,0.0,1.0
927,1.0,1,464.0,0,928,0,False,2.0,1,0.0,[2 1],[1. 0.],0,0,[0.4 0.4],1.0,0.0,1.0
928,0.0,1,465.0,2,929,1,False,0.0,0,1.0,[2 1],[1. 0.],0,0,[0.4 0.4],1.0,0.0,1.0
929,1.0,1,465.0,0,930,0,False,1.0,1,0.0,[2 1],[1. 0.],1,0,[0.4 0.4],1.0,0.0,1.0
930,0.0,1,466.0,2,931,1,False,0.0,0,2.0,[2 1],[1. 0.],1,0,[0.4 0.4],1.0,0.0,1.0
931,1.0,1,466.0,0,932,0,False,2.0,1,0.0,[2 1],[1. 0.],1,0,[0.4 0.4],1.0,0.0,1.0
932,0.0,1,467.0,2,933,1,False,0.0,0,2.0,[2 1],[1. 0.],1,0,[0.4 0.4],1.0,0.0,1.0
933,1.0,1,467.0,0,934,0,False,2.0,1,0.0,[1 1],[1. 0.],1,0,[0.4 0.4],1.0,0.0,1.0
934,0.0,1,468.0,2,935,1,False,0.0,0,2.0,[1 1],[1. 0.],1,0,[0.4 0.4],1.0,0.0,1.0
935,1.0,1,468.0,0,936,0,False,2.0,1,0.0,[2 1],[1. 0.],1,0,[0.4 0.4],1.0,0.0,1.0
936,0.0,1,469.0,2,937,1,False,0.0,0,2.0,[2 1],[1. 0.],1,0,[0.4 0.4],1.0,0.0,1.0
937,1.0,1,469.0,0,938,0,False,2.0,1,0.0,[1 2],[1. 0.],1,0,[0.4 0.4],1.0,0.0,1.0
938,0.0,1,470.0,2,939,1,False,0.0,0,2.0,[1 2],[1. 0.],1,0,[0.4 0.4],1.0,0.0,1.0
939,0.0,1,470.0,0,940,0,False,2.0,1,0.0,[2 2],[0. 1.],0,1,[0.4 0.4],1.0,0.0,1.0
940,0.0,1,471.0,2,941,1,False,0.0,0,1.0,[2 2],[0. 1.],0,1,[0.4 0.4],1.0,0.0,1.0
941,1.0,1,471.0,0,942,0,False,1.0,1,0.0,[1 1],[0. 1.],0,1,[0.4 0.4],1.0,0.0,1.0
942,0.0,1,472.0,2,943,1,False,0.0,0,1.0,[1 1],[0. 1.],0,1,[0.4 0.4],1.0,0.0,1.0
943,0.0,1,472.0,0,944,0,False,1.0,1,0.0,[1 2],[0. 1.],0,1,[0.4 0.4],1.0,0.0,1.0
944,0.0,1,473.0,2,945,1,False,0.0,0,1.0,[1 2],[0. 1.],0,1,[0.4 0.4],1.0,0.0,1.0
945,1.0,1,473.0,0,946,0,False,1.0,1,0.0,[1 2],[0. 1.],0,1,[0.4 0.4],1.0,0.0,1.0
946,0.0,1,474.0,2,947,1,False,0.0,0,1.0,[1 2],[0. 1.],0,1,[0.4 0.4],1.0,0.0,1.0
947,1.0,1,474.0,0,948,0,False,1.0,1,0.0,[2 2],[0. 1.],1,1,[0.4 0.4],1.0,0.0,1.0
948,0.0,1,475.0,2,949,1,False,0.0,0,2.0,[2 2],[0. 1.],1,1,[0.4 0.4],1.0,0.0,1.0
949,1.0,1,475.0,0,950,0,False,2.0,1,0.0,[2 2],[0. 1.],1,1,[0.4 0.4],1.0,0.0,1.0
950,0.0,1,476.0,2,951,1,False,0.0,0,2.0,[2 2],[0. 1.],1,1,[0.4 0.4],1.0,0.0,1.0
951,1.0,1,476.0,0,952,0,False,2.0,1,0.0,[2 1],[0. 1.],1,1,[0.4 0.4],1.0,0.0,1.0
952,0.0,1,477.0,2,953,1,False,0.0,0,2.0,[2 1],[0. 1.],1,1,[0.4 0.4],1.0,0.0,1.0
953,0.0,1,477.0,0,954,0,False,2.0,1,0.0,[2 2],[0. 1.],1,1,[0.4 0.4],1.0,0.0,1.0
954,0.0,1,478.0,2,955,1,False,0.0,0,2.0,[2 2],[0. 1.],1,1,[0.4 0.4],1.0,0.0,1.0
955,1.0,1,478.0,0,956,0,False,2.0,1,0.0,[2 2],[0. 1.],1,1,[0.4 0.4],1.0,0.0,1.0
956,0.0,1,479.0,2,957,1,False,0.0,0,2.0,[2 2],[0. 1.],1,1,[0.4 0.4],1.0,0.0,1.0
957,1.0,1,479.0,0,958,0,False,2.0,1,0.0,[2 2],[0. 1.],0,1,[0.4 0.4],1.0,0.0,1.0
958,0.0,1,480.0,2,959,1,False,0.0,0,1.0,[2 2],[0. 1.],0,1,[0.4 0.4],1.0,0.0,1.0
959,1.0,1,480.0,0,960,0,False,1.0,1,0.0,[2 2],[0. 1.],1,1,[0.4 0.4],1.0,0.0,1.0
960,0.0,1,481.0,2,961,1,False,0.0,0,2.0,[2 2],[0. 1.],1,1,[0.4 0.4],1.0,0.0,1.0
961,1.0,1,481.0,0,962,0,False,2.0,1,0.0,[2 2],[0. 1.],0,1,[0.4 0.4],1.0,0.0,1.0
962,0.0,1,482.0,2,963,1,False,0.0,0,1.0,[2 2],[0. 1.],0,1,[0.4 0.4],1.0,0.0,1.0
963,1.0,1,482.0,0,964,0,False,1.0,1,0.0,[1 2],[0. 1.],1,1,[0.4 0.4],1.0,0.0,1.0
964,0.0,1,483.0,2,965,1,False,0.0,0,2.0,[1 2],[0. 1.],1,1,[0.4 0.4],1.0,0.0,1.0
965,1.0,1,483.0,0,966,0,False,2.0,1,0.0,[1 1],[0. 1.],1,1,[0.4 0.4],1.0,0.0,1.0
966,0.0,1,484.0,2,967,1,False,0.0,0,2.0,[1 1],[0. 1.],1,1,[0.4 0.4],1.0,0.0,1.0
967,0.0,1,484.0,0,968,0,False,2.0,1,0.0,[2 2],[0. 1.],0,1,[0.4 0.4],1.0,0.0,1.0
968,0.0,1,485.0,2,969,1,False,0.0,0,1.0,[2 2],[0. 1.],0,1,[0.4 0.4],1.0,0.0,1.0
969,1.0,1,485.0,0,970,0,False,1.0,1,0.0,[1 2],[0. 1.],1,1,[0.4 0.4],1.0,0.0,1.0
970,0.0,1,486.0,2,971,1,False,0.0,0,2.0,[1 2],[0. 1.],1,1,[0.4 0.4],1.0,0.0,1.0
971,1.0,1,486.0,0,972,0,False,2.0,1,0.0,[2 2],[0. 1.],1,1,[0.4 0.4],1.0,0.0,1.0
972,0.0,1,487.0,2,973,1,False,0.0,0,2.0,[2 2],[0. 1.],1,1,[0.4 0.4],1.0,0.0,1.0
973,1.0,1,487.0,0,974,0,False,2.0,1,0.0,[2 2],[0. 1.],1,1,[0.4 0.4],1.0,0.0,1.0
974,0.0,1,488.0,2,975,1,False,0.0,0,2.0,[2 2],[0. 1.],1,1,[0.4 0.4],1.0,0.0,1.0
975,1.0,1,488.0,0,976,0,False,2.0,1,0.0,[2 1],[0. 1.],1,1,[0.4 0.4],1.0,0.0,1.0
976,0.0,1,489.0,2,977,1,False,0.0,0,2.0,[2 1],[0. 1.],1,1,[0.4 0.4],1.0,0.0,1.0
977,0.0,1,489.0,0,978,0,False,2.0,1,0.0,[2 1],[0. 1.],1,1,[0.4 0.4],1.0,0.0,1.0
978,0.0,1,490.0,2,979,1,False,0.0,0,2.0,[2 1],[0. 1.],1,1,[0.4 0.4],1.0,0.0,1.0
979,0.0,1,490.0,0,980,0,False,2.0,1,0.0,[2 2],[0. 1.],0,1,[0.4 0.4],1.0,0.0,1.0
980,0.0,1,491.0,2,981,1,False,0.0,0,1.0,[2 2],[0. 1.],0,1,[0.4 0.4],1.0,0.0,1.0
981,1.0,1,491.0,0,982,0,False,1.0,1,0.0,[1 2],[0. 1.],1,1,[0.4 0.4],1.0,0.0,1.0
982,0.0,1,492.0,2,983,1,False,0.0,0,2.0,[1 2],[0. 1.],1,1,[0.4 0.4],1.0,0.0,1.0
983,1.0,1,492.0,0,984,0,False,2.0,1,0.0,[2 2],[0. 1.],1,1,[0.4 0.4],1.0,0.0,1.0
984,0.0,1,493.0,2,985,1,False,0.0,0,2.0,[2 2],[0. 1.],1,1,[0.4 0.4],1.0,0.0,1.0
985,1.0,1,493.0,0,986,0,False,2.0,1,0.0,[2 1],[0. 1.],0,1,[0.4 0.4],1.0,0.0,1.0
986,0.0,1,494.0,2,987,1,False,0.0,0,1.0,[2 1],[0. 1.],0,1,[0.4 0.4],1.0,0.0,1.0
987,0.0,1,494.0,0,988,0,False,1.0,1,0.0,[2 2],[0. 1.],0,1,[0.4 0.4],1.0,0.0,1.0
988,0.0,1,495.0,2,989,1,False,0.0,0,1.0,[2 2],[0. 1.],0,1,[0.4 0.4],1.0,0.0,1.0
989,1.0,1,495.0,0,990,0,False,1.0,1,0.0,[2 2],[0. 1.],0,1,[0.4 0.4],1.0,0.0,1.0
990,0.0,1,496.0,2,991,1,False,0.0,0,1.0,[2 2],[0. 1.],0,1,[0.4 0.4],1.0,0.0,1.0
991,1.0,1,496.0,0,992,0,False,1.0,1,0.0,[1 1],[0. 1.],1,1,[0.4 0.4],1.0,0.0,1.0
992,0.0,1,497.0,2,993,1,False,0.0,0,2.0,[1 1],[0. 1.],1,1,[0.4 0.4],1.0,0.0,1.0
993,0.0,1,497.0,0,994,0,False,2.0,1,0.0,[1 2],[0. 1.],0,1,[0.4 0.4],1.0,0.0,1.0
994,0.0,1,498.0,2,995,1,False,0.0,0,1.0,[1 2],[0. 1.],0,1,[0.4 0.4],1.0,0.0,1.0
995,1.0,1,498.0,0,996,0,False,1.0,1,0.0,[1 1],[0. 1.],0,1,[0.4 0.4],1.0,0.0,1.0
996,0.0,1,499.0,2,997,1,False,0.0,0,1.0,[1 1],[0. 1.],0,1,[0.4 0.4],1.0,0.0,1.0
997,0.0,1,499.0,0,998,0,False,1.0,1,0.0,[2 1],[0. 1.],1,1,[0.4 0.4],1.0,0.0,1.0
998,0.0,1,500.0,2,999,1,False,0.0,0,2.0,[2 1],[0. 1.],1,1,[0.4 0.4],1.0,0.0,1.0
999,0.0,1,500.0,0,1000,0,False,2.0,1,0.0,[1 1],[0. 1.],0,1,[0.4 0.4],1.0,0.0,1.0
1000,0.0,1,501.0,2,1001,1,False,0.0,0,1.0,[1 1],[0. 1.],0,1,[0.4 0.4],1.0,0.0,1.0
1001,0.0,1,501.0,0,1002,0,False,1.0,1,0.0,[2 1],[0. 1.],1,1,[0.4 0.4],1.0,0.0,1.0
1002,0.0,1,502.0,1,1003,1,False,0.0,0,2.0,[2 1],[0. 1.],1,1,[0.4 0.4],1.0,0.0,1.0
1003,1.0,1,502.0,0,1004,0,False,2.0,1,0.0,[2 2],[0. 1.],1,1,[0.4 0.4],1.0,0.0,1.0
1004,0.0,1,503.0,1,1005,1,False,0.0,0,2.0,[2 2],[0. 1.],1,1,[0.4 0.4],1.0,0.0,1.0
1005,1.0,1,503.0,0,1006,0,False,2.0,1,0.0,[1 2],[1. 0.],1,0,[0.4 0.4],1.0,0.0,1.0
1006,0.0,1,504.0,1,1007,1,False,0.0,0,2.0,[1 2],[1. 0.],1,0,[0.4 0.4],1.0,0.0,1.0
1007,1.0,1,504.0,0,1008,0,False,2.0,1,0.0,[2 1],[1. 0.],0,0,[0.4 0.4],1.0,0.0,1.0
1008,0.0,1,505.0,1,1009,1,False,0.0,0,1.0,[2 1],[1. 0.],0,0,[0.4 0.4],1.0,0.0,1.0
1009,0.0,1,505.0,0,1010,0,False,1.0,1,0.0,[2 2],[1. 0.],0,0,[0.4 0.4],1.0,0.0,1.0
1010,0.0,1,506.0,1,1011,1,False,0.0,0,1.0,[2 2],[1. 0.],0,0,[0.4 0.4],1.0,0.0,1.0
1011,0.0,1,506.0,0,1012,0,False,1.0,1,0.0,[2 1],[1. 0.],0,0,[0.4 0.4],1.0,0.0,1.0
1012,0.0,1,507.0,2,1013,1,False,0.0,0,1.0,[2 1],[1. 0.],0,0,[0.4 0.4],1.0,0.0,1.0
1013,1.0,1,507.0,0,1014,0,False,1.0,1,0.0,[2 1],[1. 0.],0,0,[0.4 0.4],1.0,0.0,1.0
1014,0.0,1,508.0,2,1015,1,False,0.0,0,1.0,[2 1],[1. 0.],0,0,[0.4 0.4],1.0,0.0,1.0
1015,1.0,1,508.0,0,1016,0,False,1.0,1,0.0,[2 2],[1. 0.],1,0,[0.4 0.4],1.0,0.0,1.0
1016,0.0,1,509.0,2,1017,1,False,0.0,0,2.0,[2 2],[1. 0.],1,0,[0.4 0.4],1.0,0.0,1.0
1017,0.0,1,509.0,0,1018,0,False,2.0,1,0.0,[2 2],[1. 0.],1,0,[0.4 0.4],1.0,0.0,1.0
1018,0.0,1,510.0,2,1019,1,False,0.0,0,2.0,[2 2],[1. 0.],1,0,[0.4 0.4],1.0,0.0,1.0
1019,0.0,1,510.0,0,1020,0,False,2.0,1,0.0,[2 1],[1. 0.],0,0,[0.4 0.4],1.0,0.0,1.0
1020,0.0,1,511.0,1,1021,1,False,0.0,0,1.0,[2 1],[1. 0.],0,0,[0.4 0.4],1.0,0.0,1.0
1021,0.0,1,511.0,0,1022,0,False,1.0,1,0.0,[2 1],[1. 0.],1,0,[0.4 0.4],1.0,0.0,1.0
1022,0.0,1,512.0,2,1023,1,False,0.0,0,2.0,[2 1],[1. 0.],1,0,[0.4 0.4],1.0,0.0,1.0
1023,1.0,1,512.0,0,1024,0,False,2.0,1,0.0,[2 2],[1. 0.],1,0,[0.4 0.4],1.0,0.0,1.0
1024,0.0,1,513.0,2,1025,1,False,0.0,0,2.0,[2 2],[1. 0.],1,0,[0.4 0.4],1.0,0.0,1.0
1025,0.0,1,513.0,0,1026,0,False,2.0,1,0.0,[1 1],[1. 0.],1,0,[0.4 0.4],1.0,0.0,1.0
1026,0.0,1,514.0,2,1027,1,False,0.0,0,2.0,[1 1],[1. 0.],1,0,[0.4 0.4],1.0,0.0,1.0
1027,1.0,1,514.0,0,1028,0,False,2.0,1,0.0,[1 1],[1. 0.],0,0,[0.4 0.4],1.0,0.0,1.0
1028,0.0,1,515.0,2,1029,1,False,0.0,0,1.0,[1 1],[1. 0.],0,0,[0.4 0.4],1.0,0.0,1.0
1029,1.0,1,515.0,0,1030,0,False,1.0,1,0.0,[2 1],[1. 0.],0,0,[0.4 0.4],1.0,0.0,1.0
1030,0.0,1,516.0,2,1031,1,False,0.0,0,1.0,[2 1],[1. 0.],0,0,[0.4 0.4],1.0,0.0,1.0
1031,1.0,1,516.0,0,1032,0,False,1.0,1,0.0,[2 2],[1. 0.],1,0,[0.4 0.4],1.0,0.0,1.0
1032,0.0,1,517.0,2,1033,1,False,0.0,0,2.0,[2 2],[1. 0.],1,0,[0.4 0.4],1.0,0.0,1.0
1033,0.0,1,517.0,0,1034,0,False,2.0,1,0.0,[2 1],[1. 0.],1,0,[0.4 0.4],1.0,0.0,1.0
1034,0.0,1,518.0,2,1035,1,False,0.0,0,2.0,[2 1],[1. 0.],1,0,[0.4 0.4],1.0,0.0,1.0
1035,1.0,1,518.0,0,1036,0,False,2.0,1,0.0,[2 2],[1. 0.],1,0,[0.4 0.4],1.0,0.0,1.0
1036,0.0,1,519.0,2,1037,1,False,0.0,0,2.0,[2 2],[1. 0.],1,0,[0.4 0.4],1.0,0.0,1.0
1037,0.0,1,519.0,0,1038,0,False,2.0,1,0.0,[1 1],[1. 0.],0,0,[0.4 0.4],1.0,0.0,1.0
1038,0.0,1,520.0,2,1039,1,False,0.0,0,1.0,[1 1],[1. 0.],0,0,[0.4 0.4],1.0,0.0,1.0
1039,1.0,1,520.0,0,1040,0,False,1.0,1,0.0,[1 2],[1. 0.],1,0,[0.4 0.4],1.0,0.0,1.0
1040,0.0,1,521.0,2,1041,1,False,0.0,0,2.0,[1 2],[1. 0.],1,0,[0.4 0.4],1.0,0.0,1.0
1041,0.0,1,521.0,0,1042,0,False,2.0,1,0.0,[2 2],[1. 0.],1,0,[0.4 0.4],1.0,0.0,1.0
1042,0.0,1,522.0,2,1043,1,False,0.0,0,2.0,[2 2],[1. 0.],1,0,[0.4 0.4],1.0,0.0,1.0
1043,0.0,1,522.0,0,1044,0,False,2.0,1,0.0,[2 2],[1. 0.],1,0,[0.4 0.4],1.0,0.0,1.0
1044,0.0,1,523.0,1,1045,1,False,0.0,0,2.0,[2 2],[1. 0.],1,0,[0.4 0.4],1.0,0.0,1.0
1045,0.0,1,523.0,0,1046,0,False,2.0,1,0.0,[1 2],[1. 0.],1,0,[0.4 0.4],1.0,0.0,1.0
1046,0.0,1,524.0,2,1047,1,False,0.0,0,2.0,[1 2],[1. 0.],1,0,[0.4 0.4],1.0,0.0,1.0
1047,0.0,1,524.0,0,1048,0,False,2.0,1,0.0,[1 1],[1. 0.],1,0,[0.4 0.4],1.0,0.0,1.0
1048,0.0,1,525.0,1,1049,1,False,0.0,0,2.0,[1 1],[1. 0.],1,0,[0.4 0.4],1.0,0.0,1.0
1049,1.0,1,525.0,0,1050,0,False,2.0,1,0.0,[1 2],[1. 0.],0,0,[0.4 0.4],1.0,0.0,1.0
1050,0.0,1,526.0,1,1051,1,False,0.0,0,1.0,[1 2],[1. 0.],0,0,[0.4 0.4],1.0,0.0,1.0
1051,1.0,1,526.0,0,1052,0,False,1.0,1,0.0,[1 1],[1. 0.],0,0,[0.4 0.4],1.0,0.0,1.0
1052,0.0,1,527.0,1,1053,1,False,0.0,0,1.0,[1 1],[1. 0.],0,0,[0.4 0.4],1.0,0.0,1.0
1053,1.0,1,527.0,0,1054,0,False,1.0,1,0.0,[1 2],[1. 0.],0,0,[0.4 0.4],1.0,0.0,1.0
1054,0.0,1,528.0,1,1055,1,False,0.0,0,1.0,[1 2],[1. 0.],0,0,[0.4 0.4],1.0,0.0,1.0
1055,1.0,1,528.0,0,1056,0,False,1.0,1,0.0,[2 1],[1. 0.],1,0,[0.4 0.4],1.0,0.0,1.0
1056,0.0,1,529.0,1,1057,1,False,0.0,0,2.0,[2 1],[1. 0.],1,0,[0.4 0.4],1.0,0.0,1.0
1057,0.0,1,529.0,0,1058,0,False,2.0,1,0.0,[2 2],[1. 0.],1,0,[0.4 0.4],1.0,0.0,1.0
1058,0.0,1,530.0,1,1059,1,False,0.0,0,2.0,[2 2],[1. 0.],1,0,[0.4 0.4],1.0,0.0,1.0
1059,0.0,1,530.0,0,1060,0,False,2.0,1,0.0,[1 2],[1. 0.],0,0,[0.4 0.4],1.0,0.0,1.0
1060,0.0,1,531.0,1,1061,1,False,0.0,0,1.0,[1 2],[1. 0.],0,0,[0.4 0.4],1.0,0.0,1.0
1061,1.0,1,531.0,0,1062,0,False,1.0,1,0.0,[1 1],[1. 0.],1,0,[0.4 0.4],1.0,0.0,1.0
1062,0.0,1,532.0,1,1063,1,False,0.0,0,2.0,[1 1],[1. 0.],1,0,[0.4 0.4],1.0,0.0,1.0
1063,1.0,1,532.0,0,1064,0,False,2.0,1,0.0,[2 1],[1. 0.],0,0,[0.4 0.4],1.0,0.0,1.0
1064,0.0,1,533.0,1,1065,1,False,0.0,0,1.0,[2 1],[1. 0.],0,0,[0.4 0.4],1.0,0.0,1.0
1065,0.0,1,533.0,0,1066,0,False,1.0,1,0.0,[1 2],[1. 0.],0,0,[0.4 0.4],1.0,0.0,1.0
1066,0.0,1,534.0,1,1067,1,False,0.0,0,1.0,[1 2],[1. 0.],0,0,[0.4 0.4],1.0,0.0,1.0
1067,1.0,1,534.0,0,1068,0,False,1.0,1,0.0,[2 1],[1. 0.],1,0,[0.4 0.4],1.0,0.0,1.0
1068,0.0,1,535.0,1,1069,1,False,0.0,0,2.0,[2 1],[1. 0.],1,0,[0.4 0.4],1.0,0.0,1.0
1069,0.0,1,535.0,0,1070,0,False,2.0,1,0.0,[2 2],[1. 0.],0,0,[0.4 0.4],1.0,0.0,1.0
1070,0.0,1,536.0,1,1071,1,False,0.0,0,1.0,[2 2],[1. 0.],0,0,[0.4 0.4],1.0,0.0,1.0
1071,0.0,1,536.0,0,1072,0,False,1.0,1,0.0,[2 2],[1. 0.],0,0,[0.4 0.4],1.0,0.0,1.0
1072,0.0,1,537.0,1,1073,1,False,0.0,0,1.0,[2 2],[1. 0.],0,0,[0.4 0.4],1.0,0.0,1.0
1073,0.0,1,537.0,0,1074,0,False,1.0,1,0.0,[1 2],[1. 0.],0,0,[0.4 0.4],1.0,0.0,1.0
1074,0.0,1,538.0,1,1075,1,False,0.0,0,1.0,[1 2],[1. 0.],0,0,[0.4 0.4],1.0,0.0,1.0
1075,1.0,1,538.0,0,1076,0,False,1.0,1,0.0,[2 1],[1. 0.],0,0,[0.4 0.4],1.0,0.0,1.0
1076,0.0,1,539.0,1,1077,1,False,0.0,0,1.0,[2 1],[1. 0.],0,0,[0.4 0.4],1.0,0.0,1.0
1077,0.0,1,539.0,0,1078,0,False,1.0,1,0.0,[1 1],[1. 0.],1,0,[0.4 0.4],1.0,0.0,1.0
1078,0.0,1,540.0,1,1079,1,False,0.0,0,2.0,[1 1],[1. 0.],1,0,[0.4 0.4],1.0,0.0,1.0
1079,1.0,1,540.0,0,1080,0,False,2.0,1,0.0,[1 2],[1. 0.],0,0,[0.4 0.4],1.0,0.0,1.0
1080,0.0,1,541.0,1,1081,1,False,0.0,0,1.0,[1 2],[1. 0.],0,0,[0.4 0.4],1.0,0.0,1.0
1081,1.0,1,541.0,0,1082,0,False,1.0,1,0.0,[2 1],[1. 0.],1,0,[0.4 0.4],1.0,0.0,1.0
1082,0.0,1,542.0,1,1083,1,False,0.0,0,2.0,[2 1],[1. 0.],1,0,[0.4 0.4],1.0,0.0,1.0
1083,0.0,1,542.0,0,1084,0,False,2.0,1,0.0,[2 1],[1. 0.],1,0,[0.4 0.4],1.0,0.0,1.0
1084,0.0,1,543.0,1,1085,1,False,0.0,0,2.0,[2 1],[1. 0.],1,0,[0.4 0.4],1.0,0.0,1.0
1085,0.0,1,543.0,0,1086,0,False,2.0,1,0.0,[1 2],[1. 0.],0,0,[0.4 0.4],1.0,0.0,1.0
1086,0.0,1,544.0,2,1087,1,False,0.0,0,1.0,[1 2],[1. 0.],0,0,[0.4 0.4],1.0,0.0,1.0
1087,0.0,1,544.0,0,1088,0,False,1.0,1,0.0,[2 2],[1. 0.],1,0,[0.4 0.4],1.0,0.0,1.0
1088,0.0,1,545.0,1,1089,1,False,0.0,0,2.0,[2 2],[1. 0.],1,0,[0.4 0.4],1.0,0.0,1.0
1089,0.0,1,545.0,0,1090,0,False,2.0,1,0.0,[1 2],[1. 0.],1,0,[0.4 0.4],1.0,0.0,1.0
1090,0.0,1,546.0,2,1091,1,False,0.0,0,2.0,[1 2],[1. 0.],1,0,[0.4 0.4],1.0,0.0,1.0
1091,0.0,1,546.0,0,1092,0,False,2.0,1,0.0,[2 2],[1. 0.],0,0,[0.4 0.4],1.0,0.0,1.0
1092,0.0,1,547.0,1,1093,1,False,0.0,0,1.0,[2 2],[1. 0.],0,0,[0.4 0.4],1.0,0.0,1.0
1093,0.0,1,547.0,0,1094,0,False,1.0,1,0.0,[1 1],[1. 0.],1,0,[0.4 0.4],1.0,0.0,1.0
1094,0.0,1,548.0,2,1095,1,False,0.0,0,2.0,[1 1],[1. 0.],1,0,[0.4 0.4],1.0,0.0,1.0
1095,1.0,1,548.0,0,1096,0,False,2.0,1,0.0,[1 2],[1. 0.],0,0,[0.4 0.4],1.0,0.0,1.0
1096,0.0,1,549.0,2,1097,1,False,0.0,0,1.0,[1 2],[1. 0.],0,0,[0.4 0.4],1.0,0.0,1.0
1097,0.0,1,549.0,0,1098,0,False,1.0,1,0.0,[2 1],[1. 0.],1,0,[0.4 0.4],1.0,0.0,1.0
1098,0.0,1,550.0,2,1099,1,False,0.0,0,2.0,[2 1],[1. 0.],1,0,[0.4 0.4],1.0,0.0,1.0
1099,1.0,1,550.0,0,1100,0,False,2.0,1,0.0,[2 1],[1. 0.],0,0,[0.4 0.4],1.0,0.0,1.0
1100,0.0,1,551.0,2,1101,1,False,0.0,0,1.0,[2 1],[1. 0.],0,0,[0.4 0.4],1.0,0.0,1.0
1101,1.0,1,551.0,0,1102,0,False,1.0,1,0.0,[2 1],[1. 0.],1,0,[0.4 0.4],1.0,0.0,1.0
1102,0.0,1,552.0,2,1103,1,False,0.0,0,2.0,[2 1],[1. 0.],1,0,[0.4 0.4],1.0,0.0,1.0
1103,1.0,1,552.0,0,1104,0,False,2.0,1,0.0,[2 2],[1. 0.],0,0,[0.4 0.4],1.0,0.0,1.0
1104,0.0,1,553.0,2,1105,1,False,0.0,0,1.0,[2 2],[1. 0.],0,0,[0.4 0.4],1.0,0.0,1.0
1105,0.0,1,553.0,0,1106,0,False,1.0,1,0.0,[2 2],[1. 0.],0,0,[0.4 0.4],1.0,0.0,1.0
1106,0.0,1,554.0,2,1107,1,False,0.0,0,1.0,[2 2],[1. 0.],0,0,[0.4 0.4],1.0,0.0,1.0
1107,0.0,1,554.0,0,1108,0,False,1.0,1,0.0,[1 1],[1. 0.],1,0,[0.4 0.4],1.0,0.0,1.0
1108,0.0,1,555.0,2,1109,1,False,0.0,0,2.0,[1 1],[1. 0.],1,0,[0.4 0.4],1.0,0.0,1.0
1109,1.0,1,555.0,0,1110,0,False,2.0,1,0.0,[1 2],[1. 0.],1,0,[0.4 0.4],1.0,0.0,1.0
1110,0.0,1,556.0,2,1111,1,False,0.0,0,2.0,[1 2],[1. 0.],1,0,[0.4 0.4],1.0,0.0,1.0
1111,0.0,1,556.0,0,1112,0,False,2.0,1,0.0,[2 2],[1. 0.],1,0,[0.4 0.4],1.0,0.0,1.0
1112,0.0,1,557.0,2,1113,1,False,0.0,0,2.0,[2 2],[1. 0.],1,0,[0.4 0.4],1.0,0.0,1.0
1113,0.0,1,557.0,0,1114,0,False,2.0,1,0.0,[2 2],[1. 0.],1,0,[0.4 0.4],1.0,0.0,1.0
1114,0.0,1,558.0,1,1115,1,False,0.0,0,2.0,[2 2],[1. 0.],1,0,[0.4 0.4],1.0,0.0,1.0
1115,0.0,1,558.0,0,1116,0,False,2.0,1,0.0,[1 2],[1. 0.],1,0,[0.4 0.4],1.0,0.0,1.0
1116,0.0,1,559.0,2,1117,1,False,0.0,0,2.0,[1 2],[1. 0.],1,0,[0.4 0.4],1.0,0.0,1.0
1117,0.0,1,559.0,0,1118,0,False,2.0,1,0.0,[1 2],[1. 0.],0,0,[0.4 0.4],1.0,0.0,1.0
1118,0.0,1,560.0,1,1119,1,False,0.0,0,1.0,[1 2],[1. 0.],0,0,[0.4 0.4],1.0,0.0,1.0
1119,1.0,1,560.0,0,1120,0,False,1.0,1,0.0,[2 1],[1. 0.],0,0,[0.4 0.4],1.0,0.0,1.0
1120,0.0,1,561.0,1,1121,1,False,0.0,0,1.0,[2 1],[1. 0.],0,0,[0.4 0.4],1.0,0.0,1.0
1121,0.0,1,561.0,0,1122,0,False,1.0,1,0.0,[2 2],[1. 0.],1,0,[0.4 0.4],1.0,0.0,1.0
1122,0.0,1,562.0,1,1123,1,False,0.0,0,2.0,[2 2],[1. 0.],1,0,[0.4 0.4],1.0,0.0,1.0
1123,0.0,1,562.0,0,1124,0,False,2.0,1,0.0,[1 1],[1. 0.],1,0,[0.4 0.4],1.0,0.0,1.0
1124,0.0,1,563.0,2,1125,1,False,0.0,0,2.0,[1 1],[1. 0.],1,0,[0.4 0.4],1.0,0.0,1.0
1125,1.0,1,563.0,0,1126,0,False,2.0,1,0.0,[2 1],[1. 0.],1,0,[0.4 0.4],1.0,0.0,1.0
1126,0.0,1,564.0,2,1127,1,False,0.0,0,2.0,[2 1],[1. 0.],1,0,[0.4 0.4],1.0,0.0,1.0
1127,1.0,1,564.0,0,1128,0,False,2.0,1,0.0,[2 2],[1. 0.],1,0,[0.4 0.4],1.0,0.0,1.0
1128,0.0,1,565.0,2,1129,1,False,0.0,0,2.0,[2 2],[1. 0.],1,0,[0.4 0.4],1.0,0.0,1.0
1129,0.0,1,565.0,0,1130,0,False,2.0,1,0.0,[1 2],[1. 0.],0,0,[0.4 0.4],1.0,0.0,1.0
1130,0.0,1,566.0,2,1131,1,False,0.0,0,1.0,[1 2],[1. 0.],0,0,[0.4 0.4],1.0,0.0,1.0
1131,0.0,1,566.0,0,1132,0,False,1.0,1,0.0,[2 2],[1. 0.],1,0,[0.4 0.4],1.0,0.0,1.0
1132,0.0,1,567.0,2,1133,1,False,0.0,0,2.0,[2 2],[1. 0.],1,0,[0.4 0.4],1.0,0.0,1.0
1133,0.0,1,567.0,0,1134,0,False,2.0,1,0.0,[2 2],[1. 0.],0,0,[0.4 0.4],1.0,0.0,1.0
1134,0.0,1,568.0,1,1135,1,False,0.0,0,1.0,[2 2],[1. 0.],0,0,[0.4 0.4],1.0,0.0,1.0
1135,0.0,1,568.0,0,1136,0,False,1.0,1,0.0,[2 1],[1. 0.],0,0,[0.4 0.4],1.0,0.0,1.0
1136,0.0,1,569.0,2,1137,1,False,0.0,0,1.0,[2 1],[1. 0.],0,0,[0.4 0.4],1.0,0.0,1.0
1137,1.0,1,569.0,0,1138,0,False,1.0,1,0.0,[2 1],[1. 0.],1,0,[0.4 0.4],1.0,0.0,1.0
1138,0.0,1,570.0,2,1139,1,False,0.0,0,2.0,[2 1],[1. 0.],1,0,[0.4 0.4],1.0,0.0,1.0
1139,1.0,1,570.0,0,1140,0,False,2.0,1,0.0,[1 2],[1. 0.],1,0,[0.4 0.4],1.0,0.0,1.0
1140,0.0,1,571.0,2,1141,1,False,0.0,0,2.0,[1 2],[1. 0.],1,0,[0.4 0.4],1.0,0.0,1.0
1141,0.0,1,571.0,0,1142,0,False,2.0,1,0.0,[2 2],[1. 0.],0,0,[0.4 0.4],1.0,0.0,1.0
1142,0.0,1,572.0,2,1143,1,False,0.0,0,1.0,[2 2],[1. 0.],0,0,[0.4 0.4],1.0,0.0,1.0
1143,0.0,1,572.0,0,1144,0,False,1.0,1,0.0,[1 1],[1. 0.],0,0,[0.4 0.4],1.0,0.0,1.0
1144,0.0,1,573.0,2,1145,1,False,0.0,0,1.0,[1 1],[1. 0.],0,0,[0.4 0.4],1.0,0.0,1.0
1145,1.0,1,573.0,0,1146,0,False,1.0,1,0.0,[1 2],[1. 0.],0,0,[0.4 0.4],1.0,0.0,1.0
1146,0.0,1,574.0,2,1147,1,False,0.0,0,1.0,[1 2],[1. 0.],0,0,[0.4 0.4],1.0,0.0,1.0
1147,0.0,1,574.0,0,1148,0,False,1.0,1,0.0,[2 1],[1. 0.],0,0,[0.4 0.4],1.0,0.0,1.0
1148,0.0,1,575.0,2,1149,1,False,0.0,0,1.0,[2 1],[1. 0.],0,0,[0.4 0.4],1.0,0.0,1.0
1149,1.0,1,575.0,0,1150,0,False,1.0,1,0.0,[1 2],[1. 0.],0,0,[0.4 0.4],1.0,0.0,1.0
1150,0.0,1,576.0,2,1151,1,False,0.0,0,1.0,[1 2],[1. 0.],0,0,[0.4 0.4],1.0,0.0,1.0
1151,0.0,1,576.0,0,1152,0,False,1.0,1,0.0,[2 1],[1. 0.],0,0,[0.4 0.4],1.0,0.0,1.0
1152,0.0,1,577.0,2,1153,1,False,0.0,0,1.0,[2 1],[1. 0.],0,0,[0.4 0.4],1.0,0.0,1.0
1153,1.0,1,577.0,0,1154,0,False,1.0,1,0.0,[2 1],[1. 0.],0,0,[0.4 0.4],1.0,0.0,1.0
1154,0.0,1,578.0,2,1155,1,False,0.0,0,1.0,[2 1],[1. 0.],0,0,[0.4 0.4],1.0,0.0,1.0
1155,1.0,1,578.0,0,1156,0,False,1.0,1,0.0,[2 2],[1. 0.],0,0,[0.4 0.4],1.0,0.0,1.0
1156,0.0,1,579.0,2,1157,1,False,0.0,0,1.0,[2 2],[1. 0.],0,0,[0.4 0.4],1.0,0.0,1.0
1157,0.0,1,579.0,0,1158,0,False,1.0,1,0.0,[1 2],[1. 0.],0,0,[0.4 0.4],1.0,0.0,1.0
1158,0.0,1,580.0,2,1159,1,False,0.0,0,1.0,[1 2],[1. 0.],0,0,[0.4 0.4],1.0,0.0,1.0
1159,0.0,1,580.0,0,1160,0,False,1.0,1,0.0,[2 1],[0. 1.],1,1,[0.4 0.4],1.0,0.0,1.0
1160,0.0,1,581.0,2,1161,1,False,0.0,0,2.0,[2 1],[0. 1.],1,1,[0.4 0.4],1.0,0.0,1.0
1161,0.0,1,581.0,0,1162,0,False,2.0,1,0.0,[1 2],[0. 1.],1,1,[0.4 0.4],1.0,0.0,1.0
1162,0.0,1,582.0,2,1163,1,False,0.0,0,2.0,[1 2],[0. 1.],1,1,[0.4 0.4],1.0,0.0,1.0
1163,1.0,1,582.0,0,1164,0,False,2.0,1,0.0,[1 1],[0. 1.],0,1,[0.4 0.4],1.0,0.0,1.0
1164,0.0,1,583.0,2,1165,1,False,0.0,0,1.0,[1 1],[0. 1.],0,1,[0.4 0.4],1.0,0.0,1.0
1165,0.0,1,583.0,0,1166,0,False,1.0,1,0.0,[2 2],[1. 0.],0,0,[0.4 0.4],1.0,0.0,1.0
1166,0.0,1,584.0,2,1167,1,False,0.0,0,1.0,[2 2],[1. 0.],0,0,[0.4 0.4],1.0,0.0,1.0
1167,0.0,1,584.0,0,1168,0,False,1.0,1,0.0,[2 1],[1. 0.],1,0,[0.4 0.4],1.0,0.0,1.0
1168,0.0,1,585.0,1,1169,1,False,0.0,0,2.0,[2 1],[1. 0.],1,0,[0.4 0.4],1.0,0.0,1.0
1169,0.0,1,585.0,0,1170,0,False,2.0,1,0.0,[2 1],[1. 0.],1,0,[0.4 0.4],1.0,0.0,1.0
1170,0.0,1,586.0,2,1171,1,False,0.0,0,2.0,[2 1],[1. 0.],1,0,[0.4 0.4],1.0,0.0,1.0
1171,1.0,1,586.0,0,1172,0,False,2.0,1,0.0,[2 1],[1. 0.],1,0,[0.4 0.4],1.0,0.0,1.0
1172,0.0,1,587.0,2,1173,1,False,0.0,0,2.0,[2 1],[1. 0.],1,0,[0.4 0.4],1.0,0.0,1.0
1173,1.0,1,587.0,0,1174,0,False,2.0,1,0.0,[1 1],[1. 0.],0,0,[0.4 0.4],1.0,0.0,1.0
1174,0.0,1,588.0,2,1175,1,False,0.0,0,1.0,[1 1],[1. 0.],0,0,[0.4 0.4],1.0,0.0,1.0
1175,1.0,1,588.0,0,1176,0,False,1.0,1,0.0,[1 2],[1. 0.],0,0,[0.4 0.4],1.0,0.0,1.0
1176,0.0,1,589.0,2,1177,1,False,0.0,0,1.0,[1 2],[1. 0.],0,0,[0.4 0.4],1.0,0.0,1.0
1177,0.0,1,589.0,0,1178,0,False,1.0,1,0.0,[2 2],[1. 0.],0,0,[0.4 0.4],1.0,0.0,1.0
1178,0.0,1,590.0,2,1179,1,False,0.0,0,1.0,[2 2],[1. 0.],0,0,[0.4 0.4],1.0,0.0,1.0
1179,0.0,1,590.0,0,1180,0,False,1.0,1,0.0,[1 1],[1. 0.],1,0,[0.4 0.4],1.0,0.0,1.0
1180,0.0,1,591.0,2,1181,1,False,0.0,0,2.0,[1 1],[1. 0.],1,0,[0.4 0.4],1.0,0.0,1.0
1181,1.0,1,591.0,0,1182,0,False,2.0,1,0.0,[1 2],[1. 0.],0,0,[0.4 0.4],1.0,0.0,1.0
1182,0.0,1,592.0,2,1183,1,False,0.0,0,1.0,[1 2],[1. 0.],0,0,[0.4 0.4],1.0,0.0,1.0
1183,0.0,1,592.0,0,1184,0,False,1.0,1,0.0,[2 1],[1. 0.],1,0,[0.4 0.4],1.0,0.0,1.0
1184,0.0,1,593.0,2,1185,1,False,0.0,0,2.0,[2 1],[1. 0.],1,0,[0.4 0.4],1.0,0.0,1.0
1185,1.0,1,593.0,0,1186,0,False,2.0,1,0.0,[2 1],[1. 0.],0,0,[0.4 0.4],1.0,0.0,1.0
1186,0.0,1,594.0,2,1187,1,False,0.0,0,1.0,[2 1],[1. 0.],0,0,[0.4 0.4],1.0,0.0,1.0
1187,1.0,1,594.0,0,1188,0,False,1.0,1,0.0,[1 2],[1. 0.],1,0,[0.4 0.4],1.0,0.0,1.0
1188,0.0,1,595.0,2,1189,1,False,0.0,0,2.0,[1 2],[1. 0.],1,0,[0.4 0.4],1.0,0.0,1.0
1189,0.0,1,595.0,0,1190,0,False,2.0,1,0.0,[1 1],[1. 0.],0,0,[0.4 0.4],1.0,0.0,1.0
1190,0.0,1,596.0,2,1191,1,False,0.0,0,1.0,[1 1],[1. 0.],0,0,[0.4 0.4],1.0,0.0,1.0
1191,1.0,1,596.0,0,1192,0,False,1.0,1,0.0,[1 1],[1. 0.],0,0,[0.4 0.4],1.0,0.0,1.0
1192,0.0,1,597.0,2,1193,1,False,0.0,0,1.0,[1 1],[1. 0.],0,0,[0.4 0.4],1.0,0.0,1.0
1193,1.0,1,597.0,0,1194,0,False,1.0,1,0.0,[2 2],[1. 0.],1,0,[0.4 0.4],1.0,0.0,1.0
1194,0.0,1,598.0,2,1195,1,False,0.0,0,2.0,[2 2],[1. 0.],1,0,[0.4 0.4],1.0,0.0,1.0
1195,0.0,1,598.0,0,1196,0,False,2.0,1,0.0,[1 1],[1. 0.],1,0,[0.4 0.4],1.0,0.0,1.0
1196,0.0,1,599.0,2,1197,1,False,0.0,0,2.0,[1 1],[1. 0.],1,0,[0.4 0.4],1.0,0.0,1.0
1197,1.0,1,599.0,0,1198,0,False,2.0,1,0.0,[2 1],[1. 0.],1,0,[0.4 0.4],1.0,0.0,1.0
1198,0.0,1,600.0,2,1199,1,False,0.0,0,2.0,[2 1],[1. 0.],1,0,[0.4 0.4],1.0,0.0,1.0
1199,1.0,1,600.0,0,1200,0,False,2.0,1,0.0,[2 1],[1. 0.],1,0,[0.4 0.4],1.0,0.0,1.0
1200,0.0,1,601.0,2,1201,1,False,0.0,0,2.0,[2 1],[1. 0.],1,0,[0.4 0.4],1.0,0.0,1.0
1201,1.0,1,601.0,0,1202,0,False,2.0,1,0.0,[1 2],[1. 0.],1,0,[0.4 0.4],1.0,0.0,1.0
1202,0.0,1,602.0,2,1203,1,False,0.0,0,2.0,[1 2],[1. 0.],1,0,[0.4 0.4],1.0,0.0,1.0
1203,0.0,1,602.0,0,1204,0,False,2.0,1,0.0,[1 2],[1. 0.],1,0,[0.4 0.4],1.0,0.0,1.0
1204,0.0,1,603.0,2,1205,1,False,0.0,0,2.0,[1 2],[1. 0.],1,0,[0.4 0.4],1.0,0.0,1.0
1205,0.0,1,603.0,0,1206,0,False,2.0,1,0.0,[2 1],[1. 0.],0,0,[0.4 0.4],1.0,0.0,1.0
1206,0.0,1,604.0,1,1207,1,False,0.0,0,1.0,[2 1],[1. 0.],0,0,[0.4 0.4],1.0,0.0,1.0
1207,0.0,1,604.0,0,1208,0,False,1.0,1,0.0,[2 2],[1. 0.],0,0,[0.4 0.4],1.0,0.0,1.0
1208,0.0,1,605.0,2,1209,1,False,0.0,0,1.0,[2 2],[1. 0.],0,0,[0.4 0.4],1.0,0.0,1.0
1209,0.0,1,605.0,0,1210,0,False,1.0,1,0.0,[2 2],[1. 0.],0,0,[0.4 0.4],1.0,0.0,1.0
1210,0.0,1,606.0,1,1211,1,False,0.0,0,1.0,[2 2],[1. 0.],0,0,[0.4 0.4],1.0,0.0,1.0
1211,0.0,1,606.0,0,1212,0,False,1.0,1,0.0,[1 2],[1. 0.],1,0,[0.4 0.4],1.0,0.0,1.0
1212,0.0,1,607.0,2,1213,1,False,0.0,0,2.0,[1 2],[1. 0.],1,0,[0.4 0.4],1.0,0.0,1.0
1213,0.0,1,607.0,0,1214,0,False,2.0,1,0.0,[1 1],[1. 0.],1,0,[0.4 0.4],1.0,0.0,1.0
1214,0.0,1,608.0,1,1215,1,False,0.0,0,2.0,[1 1],[1. 0.],1,0,[0.4 0.4],1.0,0.0,1.0
1215,1.0,1,608.0,0,1216,0,False,2.0,1,0.0,[1 2],[1. 0.],0,0,[0.4 0.4],1.0,0.0,1.0
1216,0.0,1,609.0,1,1217,1,False,0.0,0,1.0,[1 2],[1. 0.],0,0,[0.4 0.4],1.0,0.0,1.0
1217,1.0,1,609.0,0,1218,0,False,1.0,1,0.0,[1 2],[1. 0.],0,0,[0.4 0.4],1.0,0.0,1.0
1218,0.0,1,610.0,1,1219,1,False,0.0,0,1.0,[1 2],[1. 0.],0,0,[0.4 0.4],1.0,0.0,1.0
1219,1.0,1,610.0,0,1220,0,False,1.0,1,0.0,[2 1],[1. 0.],1,0,[0.4 0.4],1.0,0.0,1.0
1220,0.0,1,611.0,1,1221,1,False,0.0,0,2.0,[2 1],[1. 0.],1,0,[0.4 0.4],1.0,0.0,1.0
1221,0.0,1,611.0,0,1222,0,False,2.0,1,0.0,[2 2],[1. 0.],0,0,[0.4 0.4],1.0,0.0,1.0
1222,0.0,1,612.0,1,1223,1,False,0.0,0,1.0,[2 2],[1. 0.],0,0,[0.4 0.4],1.0,0.0,1.0
1223,0.0,1,612.0,0,1224,0,False,1.0,1,0.0,[1 1],[1. 0.],0,0,[0.4 0.4],1.0,0.0,1.0
1224,0.0,1,613.0,1,1225,1,False,0.0,0,1.0,[1 1],[1. 0.],0,0,[0.4 0.4],1.0,0.0,1.0
1225,1.0,1,613.0,0,1226,0,False,1.0,1,0.0,[2 2],[1. 0.],0,0,[0.4 0.4],1.0,0.0,1.0
1226,0.0,1,614.0,1,1227,1,False,0.0,0,1.0,[2 2],[1. 0.],0,0,[0.4 0.4],1.0,0.0,1.0
1227,0.0,1,614.0,0,1228,0,False,1.0,1,0.0,[2 1],[1. 0.],1,0,[0.4 0.4],1.0,0.0,1.0
1228,0.0,1,615.0,1,1229,1,False,0.0,0,2.0,[2 1],[1. 0.],1,0,[0.4 0.4],1.0,0.0,1.0
1229,0.0,1,615.0,0,1230,0,False,2.0,1,0.0,[1 2],[0. 1.],1,1,[0.4 0.4],1.0,0.0,1.0
1230,0.0,1,616.0,1,1231,1,False,0.0,0,2.0,[1 2],[0. 1.],1,1,[0.4 0.4],1.0,0.0,1.0
1231,0.0,1,616.0,0,1232,0,False,2.0,1,0.0,[2 2],[0. 1.],0,1,[0.4 0.4],1.0,0.0,1.0
1232,0.0,1,617.0,2,1233,1,False,0.0,0,1.0,[2 2],[0. 1.],0,1,[0.4 0.4],1.0,0.0,1.0
1233,1.0,1,617.0,0,1234,0,False,1.0,1,0.0,[2 2],[0. 1.],0,1,[0.4 0.4],1.0,0.0,1.0
1234,0.0,1,618.0,2,1235,1,False,0.0,0,1.0,[2 2],[0. 1.],0,1,[0.4 0.4],1.0,0.0,1.0
1235,1.0,1,618.0,0,1236,0,False,1.0,1,0.0,[1 1],[0. 1.],0,1,[0.4 0.4],1.0,0.0,1.0
1236,0.0,1,619.0,2,1237,1,False,0.0,0,1.0,[1 1],[0. 1.],0,1,[0.4 0.4],1.0,0.0,1.0
1237,0.0,1,619.0,0,1238,0,False,1.0,1,0.0,[1 2],[0. 1.],0,1,[0.4 0.4],1.0,0.0,1.0
1238,0.0,1,620.0,2,1239,1,False,0.0,0,1.0,[1 2],[0. 1.],0,1,[0.4 0.4],1.0,0.0,1.0
1239,1.0,1,620.0,0,1240,0,False,1.0,1,0.0,[1 2],[0. 1.],0,1,[0.4 0.4],1.0,0.0,1.0
1240,0.0,1,621.0,2,1241,1,False,0.0,0,1.0,[1 2],[0. 1.],0,1,[0.4 0.4],1.0,0.0,1.0
1241,1.0,1,621.0,0,1242,0,False,1.0,1,0.0,[1 2],[0. 1.],1,1,[0.4 0.4],1.0,0.0,1.0
1242,0.0,1,622.0,2,1243,1,False,0.0,0,2.0,[1 2],[0. 1.],1,1,[0.4 0.4],1.0,0.0,1.0
1243,1.0,1,622.0,0,1244,0,False,2.0,1,0.0,[1 2],[0. 1.],1,1,[0.4 0.4],1.0,0.0,1.0
1244,0.0,1,623.0,2,1245,1,False,0.0,0,2.0,[1 2],[0. 1.],1,1,[0.4 0.4],1.0,0.0,1.0
1245,1.0,1,623.0,0,1246,0,False,2.0,1,0.0,[2 2],[0. 1.],1,1,[0.4 0.4],1.0,0.0,1.0
1246,0.0,1,624.0,2,1247,1,False,0.0,0,2.0,[2 2],[0. 1.],1,1,[0.4 0.4],1.0,0.0,1.0
1247,1.0,1,624.0,0,1248,0,False,2.0,1,0.0,[1 1],[0. 1.],1,1,[0.4 0.4],1.0,0.0,1.0
1248,0.0,1,625.0,2,1249,1,False,0.0,0,2.0,[1 1],[0. 1.],1,1,[0.4 0.4],1.0,0.0,1.0
1249,0.0,1,625.0,0,1250,0,False,2.0,1,0.0,[1 1],[0. 1.],0,1,[0.4 0.4],1.0,0.0,1.0
1250,0.0,1,626.0,2,1251,1,False,0.0,0,1.0,[1 1],[0. 1.],0,1,[0.4 0.4],1.0,0.0,1.0
1251,0.0,1,626.0,0,1252,0,False,1.0,1,0.0,[1 2],[0. 1.],1,1,[0.4 0.4],1.0,0.0,1.0
1252,0.0,1,627.0,2,1253,1,False,0.0,0,2.0,[1 2],[0. 1.],1,1,[0.4 0.4],1.0,0.0,1.0
1253,1.0,1,627.0,0,1254,0,False,2.0,1,0.0,[1 2],[0. 1.],1,1,[0.4 0.4],1.0,0.0,1.0
1254,0.0,1,628.0,2,1255,1,False,0.0,0,2.0,[1 2],[0. 1.],1,1,[0.4 0.4],1.0,0.0,1.0
1255,1.0,1,628.0,0,1256,0,False,2.0,1,0.0,[1 1],[0. 1.],0,1,[0.4 0.4],1.0,0.0,1.0
1256,0.0,1,629.0,2,1257,1,False,0.0,0,1.0,[1 1],[0. 1.],0,1,[0.4 0.4],1.0,0.0,1.0
1257,0.0,1,629.0,0,1258,0,False,1.0,1,0.0,[2 1],[0. 1.],1,1,[0.4 0.4],1.0,0.0,1.0
1258,0.0,1,630.0,2,1259,1,False,0.0,0,2.0,[2 1],[0. 1.],1,1,[0.4 0.4],1.0,0.0,1.0
1259,0.0,1,630.0,0,1260,0,False,2.0,1,0.0,[1 2],[0. 1.],1,1,[0.4 0.4],1.0,0.0,1.0
1260,0.0,1,631.0,2,1261,1,False,0.0,0,2.0,[1 2],[0. 1.],1,1,[0.4 0.4],1.0,0.0,1.0
1261,1.0,1,631.0,0,1262,0,False,2.0,1,0.0,[1 2],[0. 1.],1,1,[0.4 0.4],1.0,0.0,1.0
1262,0.0,1,632.0,2,1263,1,False,0.0,0,2.0,[1 2],[0. 1.],1,1,[0.4 0.4],1.0,0.0,1.0
1263,1.0,1,632.0,0,1264,0,False,2.0,1,0.0,[1 2],[0. 1.],1,1,[0.4 0.4],1.0,0.0,1.0
1264,0.0,1,633.0,2,1265,1,False,0.0,0,2.0,[1 2],[0. 1.],1,1,[0.4 0.4],1.0,0.0,1.0
1265,1.0,1,633.0,0,1266,0,False,2.0,1,0.0,[1 2],[0. 1.],1,1,[0.4 0.4],1.0,0.0,1.0
1266,0.0,1,634.0,2,1267,1,False,0.0,0,2.0,[1 2],[0. 1.],1,1,[0.4 0.4],1.0,0.0,1.0
1267,1.0,1,634.0,0,1268,0,False,2.0,1,0.0,[2 1],[0. 1.],1,1,[0.4 0.4],1.0,0.0,1.0
1268,0.0,1,635.0,2,1269,1,False,0.0,0,2.0,[2 1],[0. 1.],1,1,[0.4 0.4],1.0,0.0,1.0
1269,0.0,1,635.0,0,1270,0,False,2.0,1,0.0,[1 1],[0. 1.],1,1,[0.4 0.4],1.0,0.0,1.0
1270,0.0,1,636.0,2,1271,1,False,0.0,0,2.0,[1 1],[0. 1.],1,1,[0.4 0.4],1.0,0.0,1.0
1271,0.0,1,636.0,0,1272,0,False,2.0,1,0.0,[2 2],[0. 1.],1,1,[0.4 0.4],1.0,0.0,1.0
1272,0.0,1,637.0,1,1273,1,False,0.0,0,2.0,[2 2],[0. 1.],1,1,[0.4 0.4],1.0,0.0,1.0
1273,1.0,1,637.0,0,1274,0,False,2.0,1,0.0,[1 1],[0. 1.],0,1,[0.4 0.4],1.0,0.0,1.0
1274,0.0,1,638.0,1,1275,1,False,0.0,0,1.0,[1 1],[0. 1.],0,1,[0.4 0.4],1.0,0.0,1.0
1275,0.0,1,638.0,0,1276,0,False,1.0,1,0.0,[1 2],[0. 1.],1,1,[0.4 0.4],1.0,0.0,1.0
1276,0.0,1,639.0,1,1277,1,False,0.0,0,2.0,[1 2],[0. 1.],1,1,[0.4 0.4],1.0,0.0,1.0
1277,0.0,1,639.0,0,1278,0,False,2.0,1,0.0,[2 1],[0. 1.],0,1,[0.4 0.4],1.0,0.0,1.0
1278,0.0,1,640.0,2,1279,1,False,0.0,0,1.0,[2 1],[0. 1.],0,1,[0.4 0.4],1.0,0.0,1.0
1279,0.0,1,640.0,0,1280,0,False,1.0,1,0.0,[1 2],[0. 1.],1,1,[0.4 0.4],1.0,0.0,1.0
1280,0.0,1,641.0,1,1281,1,False,0.0,0,2.0,[1 2],[0. 1.],1,1,[0.4 0.4],1.0,0.0,1.0
1281,0.0,1,641.0,0,1282,0,False,2.0,1,0.0,[1 1],[0. 1.],1,1,[0.4 0.4],1.0,0.0,1.0
1282,0.0,1,642.0,2,1283,1,False,0.0,0,2.0,[1 1],[0. 1.],1,1,[0.4 0.4],1.0,0.0,1.0
1283,0.0,1,642.0,0,1284,0,False,2.0,1,0.0,[1 2],[0. 1.],0,1,[0.4 0.4],1.0,0.0,1.0
1284,0.0,1,643.0,1,1285,1,False,0.0,0,1.0,[1 2],[0. 1.],0,1,[0.4 0.4],1.0,0.0,1.0
1285,0.0,1,643.0,0,1286,0,False,1.0,1,0.0,[2 2],[0. 1.],0,1,[0.4 0.4],1.0,0.0,1.0
1286,0.0,1,644.0,2,1287,1,False,0.0,0,1.0,[2 2],[0. 1.],0,1,[0.4 0.4],1.0,0.0,1.0
1287,1.0,1,644.0,0,1288,0,False,1.0,1,0.0,[1 2],[0. 1.],0,1,[0.4 0.4],1.0,0.0,1.0
1288,0.0,1,645.0,2,1289,1,False,0.0,0,1.0,[1 2],[0. 1.],0,1,[0.4 0.4],1.0,0.0,1.0
1289,1.0,1,645.0,0,1290,0,False,1.0,1,0.0,[1 1],[0. 1.],1,1,[0.4 0.4],1.0,0.0,1.0
1290,0.0,1,646.0,2,1291,1,False,0.0,0,2.0,[1 1],[0. 1.],1,1,[0.4 0.4],1.0,0.0,1.0
1291,0.0,1,646.0,0,1292,0,False,2.0,1,0.0,[2 2],[0. 1.],0,1,[0.4 0.4],1.0,0.0,1.0
1292,0.0,1,647.0,2,1293,1,False,0.0,0,1.0,[2 2],[0. 1.],0,1,[0.4 0.4],1.0,0.0,1.0
1293,1.0,1,647.0,0,1294,0,False,1.0,1,0.0,[2 2],[1. 0.],1,0,[0.4 0.4],1.0,0.0,1.0
1294,0.0,1,648.0,2,1295,1,False,0.0,0,2.0,[2 2],[1. 0.],1,0,[0.4 0.4],1.0,0.0,1.0
1295,0.0,1,648.0,0,1296,0,False,2.0,1,0.0,[1 1],[1. 0.],1,0,[0.4 0.4],1.0,0.0,1.0
1296,0.0,1,649.0,2,1297,1,False,0.0,0,2.0,[1 1],[1. 0.],1,0,[0.4 0.4],1.0,0.0,1.0
1297,1.0,1,649.0,0,1298,0,False,2.0,1,0.0,[1 2],[1. 0.],0,0,[0.4 0.4],1.0,0.0,1.0
1298,0.0,1,650.0,2,1299,1,False,0.0,0,1.0,[1 2],[1. 0.],0,0,[0.4 0.4],1.0,0.0,1.0
1299,0.0,1,650.0,0,1300,0,False,1.0,1,0.0,[2 1],[1. 0.],1,0,[0.4 0.4],1.0,0.0,1.0
1300,0.0,1,651.0,2,1301,1,False,0.0,0,2.0,[2 1],[1. 0.],1,0,[0.4 0.4],1.0,0.0,1.0
1301,1.0,1,651.0,0,1302,0,False,2.0,1,0.0,[1 2],[1. 0.],0,0,[0.4 0.4],1.0,0.0,1.0
1302,0.0,1,652.0,2,1303,1,False,0.0,0,1.0,[1 2],[1. 0.],0,0,[0.4 0.4],1.0,0.0,1.0
1303,0.0,1,652.0,0,1304,0,False,1.0,1,0.0,[1 2],[1. 0.],1,0,[0.4 0.4],1.0,0.0,1.0
1304,0.0,1,653.0,2,1305,1,False,0.0,0,2.0,[1 2],[1. 0.],1,0,[0.4 0.4],1.0,0.0,1.0
1305,0.0,1,653.0,0,1306,0,False,2.0,1,0.0,[2 1],[1. 0.],0,0,[0.4 0.4],1.0,0.0,1.0
1306,0.0,1,654.0,2,1307,1,False,0.0,0,1.0,[2 1],[1. 0.],0,0,[0.4 0.4],1.0,0.0,1.0
1307,1.0,1,654.0,0,1308,0,False,1.0,1,0.0,[2 2],[1. 0.],1,0,[0.4 0.4],1.0,0.0,1.0
1308,0.0,1,655.0,2,1309,1,False,0.0,0,2.0,[2 2],[1. 0.],1,0,[0.4 0.4],1.0,0.0,1.0
1309,0.0,1,655.0,0,1310,0,False,2.0,1,0.0,[1 2],[1. 0.],1,0,[0.4 0.4],1.0,0.0,1.0
1310,0.0,1,656.0,2,1311,1,False,0.0,0,2.0,[1 2],[1. 0.],1,0,[0.4 0.4],1.0,0.0,1.0
1311,0.0,1,656.0,0,1312,0,False,2.0,1,0.0,[1 2],[1. 0.],1,0,[0.4 0.4],1.0,0.0,1.0
1312,0.0,1,657.0,1,1313,1,False,0.0,0,2.0,[1 2],[1. 0.],1,0,[0.4 0.4],1.0,0.0,1.0
1313,1.0,1,657.0,0,1314,0,False,2.0,1,0.0,[2 2],[1. 0.],0,0,[0.4 0.4],1.0,0.0,1.0
1314,0.0,1,658.0,1,1315,1,False,0.0,0,1.0,[2 2],[1. 0.],0,0,[0.4 0.4],1.0,0.0,1.0
1315,0.0,1,658.0,0,1316,0,False,1.0,1,0.0,[2 2],[1. 0.],0,0,[0.4 0.4],1.0,0.0,1.0
1316,0.0,1,659.0,1,1317,1,False,0.0,0,1.0,[2 2],[1. 0.],0,0,[0.4 0.4],1.0,0.0,1.0
1317,0.0,1,659.0,0,1318,0,False,1.0,1,0.0,[1 2],[1. 0.],0,0,[0.4 0.4],1.0,0.0,1.0
1318,0.0,1,660.0,1,1319,1,False,0.0,0,1.0,[1 2],[1. 0.],0,0,[0.4 0.4],1.0,0.0,1.0
1319,1.0,1,660.0,0,1320,0,False,1.0,1,0.0,[1 1],[1. 0.],1,0,[0.4 0.4],1.0,0.0,1.0
1320,0.0,1,661.0,1,1321,1,False,0.0,0,2.0,[1 1],[1. 0.],1,0,[0.4 0.4],1.0,0.0,1.0
1321,1.0,1,661.0,0,1322,0,False,2.0,1,0.0,[1 1],[1. 0.],1,0,[0.4 0.4],1.0,0.0,1.0
1322,0.0,1,662.0,1,1323,1,False,0.0,0,2.0,[1 1],[1. 0.],1,0,[0.4 0.4],1.0,0.0,1.0
1323,1.0,1,662.0,0,1324,0,False,2.0,1,0.0,[1 1],[1. 0.],0,0,[0.4 0.4],1.0,0.0,1.0
1324,0.0,1,663.0,1,1325,1,False,0.0,0,1.0,[1 1],[1. 0.],0,0,[0.4 0.4],1.0,0.0,1.0
1325,1.0,1,663.0,0,1326,0,False,1.0,1,0.0,[2 2],[1. 0.],1,0,[0.4 0.4],1.0,0.0,1.0
1326,0.0,1,664.0,1,1327,1,False,0.0,0,2.0,[2 2],[1. 0.],1,0,[0.4 0.4],1.0,0.0,1.0
1327,0.0,1,664.0,0,1328,0,False,2.0,1,0.0,[1 1],[1. 0.],1,0,[0.4 0.4],1.0,0.0,1.0
1328,0.0,1,665.0,1,1329,1,False,0.0,0,2.0,[1 1],[1. 0.],1,0,[0.4 0.4],1.0,0.0,1.0
1329,1.0,1,665.0,0,1330,0,False,2.0,1,0.0,[2 2],[1. 0.],1,0,[0.4 0.4],1.0,0.0,1.0
1330,0.0,1,666.0,1,1331,1,False,0.0,0,2.0,[2 2],[1. 0.],1,0,[0.4 0.4],1.0,0.0,1.0
1331,0.0,1,666.0,0,1332,0,False,2.0,1,0.0,[2 1],[1. 0.],1,0,[0.4 0.4],1.0,0.0,1.0
1332,0.0,1,667.0,1,1333,1,False,0.0,0,2.0,[2 1],[1. 0.],1,0,[0.4 0.4],1.0,0.0,1.0
1333,0.0,1,667.0,0,1334,0,False,2.0,1,0.0,[1 2],[1. 0.],0,0,[0.4 0.4],1.0,0.0,1.0
1334,0.0,1,668.0,2,1335,1,False,0.0,0,1.0,[1 2],[1. 0.],0,0,[0.4 0.4],1.0,0.0,1.0
1335,0.0,1,668.0,0,1336,0,False,1.0,1,0.0,[1 2],[1. 0.],0,0,[0.4 0.4],1.0,0.0,1.0
1336,0.0,1,669.0,1,1337,1,False,0.0,0,1.0,[1 2],[1. 0.],0,0,[0.4 0.4],1.0,0.0,1.0
1337,1.0,1,669.0,0,1338,0,False,1.0,1,0.0,[2 1],[1. 0.],1,0,[0.4 0.4],1.0,0.0,1.0
1338,0.0,1,670.0,1,1339,1,False,0.0,0,2.0,[2 1],[1. 0.],1,0,[0.4 0.4],1.0,0.0,1.0
1339,0.0,1,670.0,0,1340,0,False,2.0,1,0.0,[2 2],[1. 0.],1,0,[0.4 0.4],1.0,0.0,1.0
1340,0.0,1,671.0,1,1341,1,False,0.0,0,2.0,[2 2],[1. 0.],1,0,[0.4 0.4],1.0,0.0,1.0
1341,0.0,1,671.0,0,1342,0,False,2.0,1,0.0,[1 1],[1. 0.],0,0,[0.4 0.4],1.0,0.0,1.0
1342,0.0,1,672.0,2,1343,1,False,0.0,0,1.0,[1 1],[1. 0.],0,0,[0.4 0.4],1.0,0.0,1.0
1343,1.0,1,672.0,0,1344,0,False,1.0,1,0.0,[2 2],[1. 0.],0,0,[0.4 0.4],1.0,0.0,1.0
1344,0.0,1,673.0,2,1345,1,False,0.0,0,1.0,[2 2],[1. 0.],0,0,[0.4 0.4],1.0,0.0,1.0
1345,0.0,1,673.0,0,1346,0,False,1.0,1,0.0,[1 2],[1. 0.],1,0,[0.4 0.4],1.0,0.0,1.0
1346,0.0,1,674.0,2,1347,1,False,0.0,0,2.0,[1 2],[1. 0.],1,0,[0.4 0.4],1.0,0.0,1.0
1347,0.0,1,674.0,0,1348,0,False,2.0,1,0.0,[1 2],[1. 0.],0,0,[0.4 0.4],1.0,0.0,1.0
1348,0.0,1,675.0,2,1349,1,False,0.0,0,1.0,[1 2],[1. 0.],0,0,[0.4 0.4],1.0,0.0,1.0
1349,0.0,1,675.0,0,1350,0,False,1.0,1,0.0,[1 1],[1. 0.],1,0,[0.4 0.4],1.0,0.0,1.0
1350,0.0,1,676.0,1,1351,1,False,0.0,0,2.0,[1 1],[1. 0.],1,0,[0.4 0.4],1.0,0.0,1.0
1351,1.0,1,676.0,0,1352,0,False,2.0,1,0.0,[2 1],[1. 0.],0,0,[0.4 0.4],1.0,0.0,1.0
1352,0.0,1,677.0,1,1353,1,False,0.0,0,1.0,[2 1],[1. 0.],0,0,[0.4 0.4],1.0,0.0,1.0
1353,0.0,1,677.0,0,1354,0,False,1.0,1,0.0,[2 2],[1. 0.],0,0,[0.4 0.4],1.0,0.0,1.0
1354,0.0,1,678.0,1,1355,1,False,0.0,0,1.0,[2 2],[1. 0.],0,0,[0.4 0.4],1.0,0.0,1.0
1355,0.0,1,678.0,0,1356,0,False,1.0,1,0.0,[1 1],[1. 0.],1,0,[0.4 0.4],1.0,0.0,1.0
1356,0.0,1,679.0,2,1357,1,False,0.0,0,2.0,[1 1],[1. 0.],1,0,[0.4 0.4],1.0,0.0,1.0
1357,1.0,1,679.0,0,1358,0,False,2.0,1,0.0,[2 2],[1. 0.],1,0,[0.4 0.4],1.0,0.0,1.0
1358,0.0,1,680.0,2,1359,1,False,0.0,0,2.0,[2 2],[1. 0.],1,0,[0.4 0.4],1.0,0.0,1.0
1359,0.0,1,680.0,0,1360,0,False,2.0,1,0.0,[2 1],[1. 0.],1,0,[0.4 0.4],1.0,0.0,1.0
1360,0.0,1,681.0,2,1361,1,False,0.0,0,2.0,[2 1],[1. 0.],1,0,[0.4 0.4],1.0,0.0,1.0
1361,1.0,1,681.0,0,1362,0,False,2.0,1,0.0,[2 2],[1. 0.],1,0,[0.4 0.4],1.0,0.0,1.0
1362,0.0,1,682.0,2,1363,1,False,0.0,0,2.0,[2 2],[1. 0.],1,0,[0.4 0.4],1.0,0.0,1.0
1363,0.0,1,682.0,0,1364,0,False,2.0,1,0.0,[1 2],[1. 0.],1,0,[0.4 0.4],1.0,0.0,1.0
1364,0.0,1,683.0,2,1365,1,False,0.0,0,2.0,[1 2],[1. 0.],1,0,[0.4 0.4],1.0,0.0,1.0
1365,0.0,1,683.0,0,1366,0,False,2.0,1,0.0,[1 1],[1. 0.],1,0,[0.4 0.4],1.0,0.0,1.0
1366,0.0,1,684.0,1,1367,1,False,0.0,0,2.0,[1 1],[1. 0.],1,0,[0.4 0.4],1.0,0.0,1.0
1367,1.0,1,684.0,0,1368,0,False,2.0,1,0.0,[2 1],[1. 0.],1,0,[0.4 0.4],1.0,0.0,1.0
1368,0.0,1,685.0,1,1369,1,False,0.0,0,2.0,[2 1],[1. 0.],1,0,[0.4 0.4],1.0,0.0,1.0
1369,0.0,1,685.0,0,1370,0,False,2.0,1,0.0,[1 1],[1. 0.],0,0,[0.4 0.4],1.0,0.0,1.0
1370,0.0,1,686.0,1,1371,1,False,0.0,0,1.0,[1 1],[1. 0.],0,0,[0.4 0.4],1.0,0.0,1.0
1371,1.0,1,686.0,0,1372,0,False,1.0,1,0.0,[1 1],[1. 0.],1,0,[0.4 0.4],1.0,0.0,1.0
1372,0.0,1,687.0,1,1373,1,False,0.0,0,2.0,[1 1],[1. 0.],1,0,[0.4 0.4],1.0,0.0,1.0
1373,1.0,1,687.0,0,1374,0,False,2.0,1,0.0,[2 2],[1. 0.],0,0,[0.4 0.4],1.0,0.0,1.0
1374,0.0,1,688.0,1,1375,1,False,0.0,0,1.0,[2 2],[1. 0.],0,0,[0.4 0.4],1.0,0.0,1.0
1375,0.0,1,688.0,0,1376,0,False,1.0,1,0.0,[2 1],[1. 0.],0,0,[0.4 0.4],1.0,0.0,1.0
1376,0.0,1,689.0,1,1377,1,False,0.0,0,1.0,[2 1],[1. 0.],0,0,[0.4 0.4],1.0,0.0,1.0
1377,0.0,1,689.0,0,1378,0,False,1.0,1,0.0,[1 2],[1. 0.],1,0,[0.4 0.4],1.0,0.0,1.0
1378,0.0,1,690.0,2,1379,1,False,0.0,0,2.0,[1 2],[1. 0.],1,0,[0.4 0.4],1.0,0.0,1.0
1379,0.0,1,690.0,0,1380,0,False,2.0,1,0.0,[2 1],[1. 0.],0,0,[0.4 0.4],1.0,0.0,1.0
1380,0.0,1,691.0,1,1381,1,False,0.0,0,1.0,[2 1],[1. 0.],0,0,[0.4 0.4],1.0,0.0,1.0
1381,0.0,1,691.0,0,1382,0,False,1.0,1,0.0,[2 2],[1. 0.],1,0,[0.4 0.4],1.0,0.0,1.0
1382,0.0,1,692.0,2,1383,1,False,0.0,0,2.0,[2 2],[1. 0.],1,0,[0.4 0.4],1.0,0.0,1.0
1383,0.0,1,692.0,0,1384,0,False,2.0,1,0.0,[2 2],[1. 0.],1,0,[0.4 0.4],1.0,0.0,1.0
1384,0.0,1,693.0,2,1385,1,False,0.0,0,2.0,[2 2],[1. 0.],1,0,[0.4 0.4],1.0,0.0,1.0
1385,0.0,1,693.0,0,1386,0,False,2.0,1,0.0,[1 1],[1. 0.],0,0,[0.4 0.4],1.0,0.0,1.0
1386,0.0,1,694.0,1,1387,1,False,0.0,0,1.0,[1 1],[1. 0.],0,0,[0.4 0.4],1.0,0.0,1.0
1387,1.0,1,694.0,0,1388,0,False,1.0,1,0.0,[2 1],[1. 0.],0,0,[0.4 0.4],1.0,0.0,1.0
1388,0.0,1,695.0,1,1389,1,False,0.0,0,1.0,[2 1],[1. 0.],0,0,[0.4 0.4],1.0,0.0,1.0
1389,0.0,1,695.0,0,1390,0,False,1.0,1,0.0,[2 1],[1. 0.],1,0,[0.4 0.4],1.0,0.0,1.0
1390,0.0,1,696.0,1,1391,1,False,0.0,0,2.0,[2 1],[1. 0.],1,0,[0.4 0.4],1.0,0.0,1.0
1391,0.0,1,696.0,0,1392,0,False,2.0,1,0.0,[2 2],[1. 0.],0,0,[0.4 0.4],1.0,0.0,1.0
1392,0.0,1,697.0,2,1393,1,False,0.0,0,1.0,[2 2],[1. 0.],0,0,[0.4 0.4],1.0,0.0,1.0
1393,0.0,1,697.0,0,1394,0,False,1.0,1,0.0,[2 1],[1. 0.],0,0,[0.4 0.4],1.0,0.0,1.0
1394,0.0,1,698.0,1,1395,1,False,0.0,0,1.0,[2 1],[1. 0.],0,0,[0.4 0.4],1.0,0.0,1.0
1395,0.0,1,698.0,0,1396,0,False,1.0,1,0.0,[1 2],[1. 0.],1,0,[0.4 0.4],1.0,0.0,1.0
1396,0.0,1,699.0,2,1397,1,False,0.0,0,2.0,[1 2],[1. 0.],1,0,[0.4 0.4],1.0,0.0,1.0
1397,0.0,1,699.0,0,1398,0,False,2.0,1,0.0,[1 1],[1. 0.],0,0,[0.4 0.4],1.0,0.0,1.0
1398,0.0,1,700.0,2,1399,1,False,0.0,0,1.0,[1 1],[1. 0.],0,0,[0.4 0.4],1.0,0.0,1.0
1399,1.0,1,700.0,0,1400,0,False,1.0,1,0.0,[1 2],[1. 0.],0,0,[0.4 0.4],1.0,0.0,1.0
1400,0.0,1,701.0,2,1401,1,False,0.0,0,1.0,[1 2],[1. 0.],0,0,[0.4 0.4],1.0,0.0,1.0
1401,0.0,1,701.0,0,1402,0,False,1.0,1,0.0,[2 2],[1. 0.],0,0,[0.4 0.4],1.0,0.0,1.0
1402,0.0,1,702.0,2,1403,1,False,0.0,0,1.0,[2 2],[1. 0.],0,0,[0.4 0.4],1.0,0.0,1.0
1403,0.0,1,702.0,0,1404,0,False,1.0,1,0.0,[2 2],[1. 0.],0,0,[0.4 0.4],1.0,0.0,1.0
1404,0.0,1,703.0,1,1405,1,False,0.0,0,1.0,[2 2],[1. 0.],0,0,[0.4 0.4],1.0,0.0,1.0
1405,0.0,1,703.0,0,1406,0,False,1.0,1,0.0,[2 2],[1. 0.],0,0,[0.4 0.4],1.0,0.0,1.0
1406,0.0,1,704.0,2,1407,1,False,0.0,0,1.0,[2 2],[1. 0.],0,0,[0.4 0.4],1.0,0.0,1.0
1407,0.0,1,704.0,0,1408,0,False,1.0,1,0.0,[2 2],[1. 0.],1,0,[0.4 0.4],1.0,0.0,1.0
1408,0.0,1,705.0,1,1409,1,False,0.0,0,2.0,[2 2],[1. 0.],1,0,[0.4 0.4],1.0,0.0,1.0
1409,0.0,1,705.0,0,1410,0,False,2.0,1,0.0,[1 1],[1. 0.],1,0,[0.4 0.4],1.0,0.0,1.0
1410,0.0,1,706.0,2,1411,1,False,0.0,0,2.0,[1 1],[1. 0.],1,0,[0.4 0.4],1.0,0.0,1.0
1411,1.0,1,706.0,0,1412,0,False,2.0,1,0.0,[1 2],[1. 0.],0,0,[0.4 0.4],1.0,0.0,1.0
1412,0.0,1,707.0,2,1413,1,False,0.0,0,1.0,[1 2],[1. 0.],0,0,[0.4 0.4],1.0,0.0,1.0
1413,0.0,1,707.0,0,1414,0,False,1.0,1,0.0,[2 2],[1. 0.],1,0,[0.4 0.4],1.0,0.0,1.0
1414,0.0,1,708.0,2,1415,1,False,0.0,0,2.0,[2 2],[1. 0.],1,0,[0.4 0.4],1.0,0.0,1.0
1415,0.0,1,708.0,0,1416,0,False,2.0,1,0.0,[2 2],[1. 0.],1,0,[0.4 0.4],1.0,0.0,1.0
1416,0.0,1,709.0,2,1417,1,False,0.0,0,2.0,[2 2],[1. 0.],1,0,[0.4 0.4],1.0,0.0,1.0
1417,0.0,1,709.0,0,1418,0,False,2.0,1,0.0,[2 2],[1. 0.],1,0,[0.4 0.4],1.0,0.0,1.0
1418,0.0,1,710.0,1,1419,1,False,0.0,0,2.0,[2 2],[1. 0.],1,0,[0.4 0.4],1.0,0.0,1.0
1419,0.0,1,710.0,0,1420,0,False,2.0,1,0.0,[2 2],[1. 0.],1,0,[0.4 0.4],1.0,0.0,1.0
1420,0.0,1,711.0,2,1421,1,False,0.0,0,2.0,[2 2],[1. 0.],1,0,[0.4 0.4],1.0,0.0,1.0
1421,0.0,1,711.0,0,1422,0,False,2.0,1,0.0,[2 2],[1. 0.],0,0,[0.4 0.4],1.0,0.0,1.0
1422,0.0,1,712.0,1,1423,1,False,0.0,0,1.0,[2 2],[1. 0.],0,0,[0.4 0.4],1.0,0.0,1.0
1423,0.0,1,712.0,0,1424,0,False,1.0,1,0.0,[1 1],[1. 0.],1,0,[0.4 0.4],1.0,0.0,1.0
1424,0.0,1,713.0,2,1425,1,False,0.0,0,2.0,[1 1],[1. 0.],1,0,[0.4 0.4],1.0,0.0,1.0
1425,1.0,1,713.0,0,1426,0,False,2.0,1,0.0,[2 1],[1. 0.],0,0,[0.4 0.4],1.0,0.0,1.0
1426,0.0,1,714.0,2,1427,1,False,0.0,0,1.0,[2 1],[1. 0.],0,0,[0.4 0.4],1.0,0.0,1.0
1427,1.0,1,714.0,0,1428,0,False,1.0,1,0.0,[2 2],[1. 0.],1,0,[0.4 0.4],1.0,0.0,1.0
1428,0.0,1,715.0,2,1429,1,False,0.0,0,2.0,[2 2],[1. 0.],1,0,[0.4 0.4],1.0,0.0,1.0
1429,0.0,1,715.0,0,1430,0,False,2.0,1,0.0,[1 2],[1. 0.],1,0,[0.4 0.4],1.0,0.0,1.0
1430,0.0,1,716.0,2,1431,1,False,0.0,0,2.0,[1 2],[1. 0.],1,0,[0.4 0.4],1.0,0.0,1.0
1431,0.0,1,716.0,0,1432,0,False,2.0,1,0.0,[2 2],[1. 0.],0,0,[0.4 0.4],1.0,0.0,1.0
1432,0.0,1,717.0,2,1433,1,False,0.0,0,1.0,[2 2],[1. 0.],0,0,[0.4 0.4],1.0,0.0,1.0
1433,0.0,1,717.0,0,1434,0,False,1.0,1,0.0,[2 1],[1. 0.],1,0,[0.4 0.4],1.0,0.0,1.0
1434,0.0,1,718.0,1,1435,1,False,0.0,0,2.0,[2 1],[1. 0.],1,0,[0.4 0.4],1.0,0.0,1.0
1435,0.0,1,718.0,0,1436,0,False,2.0,1,0.0,[1 2],[1. 0.],0,0,[0.4 0.4],1.0,0.0,1.0
1436,0.0,1,719.0,2,1437,1,False,0.0,0,1.0,[1 2],[1. 0.],0,0,[0.4 0.4],1.0,0.0,1.0
1437,0.0,1,719.0,0,1438,0,False,1.0,1,0.0,[2 1],[1. 0.],0,0,[0.4 0.4],1.0,0.0,1.0
1438,0.0,1,720.0,1,1439,1,False,0.0,0,1.0,[2 1],[1. 0.],0,0,[0.4 0.4],1.0,0.0,1.0
1439,0.0,1,720.0,0,1440,0,False,1.0,1,0.0,[2 1],[1. 0.],0,0,[0.4 0.4],1.0,0.0,1.0
1440,0.0,1,721.0,2,1441,1,False,0.0,0,1.0,[2 1],[1. 0.],0,0,[0.4 0.4],1.0,0.0,1.0
1441,1.0,1,721.0,0,1442,0,False,1.0,1,0.0,[2 1],[1. 0.],1,0,[0.4 0.4],1.0,0.0,1.0
1442,0.0,1,722.0,2,1443,1,False,0.0,0,2.0,[2 1],[1. 0.],1,0,[0.4 0.4],1.0,0.0,1.0
1443,1.0,1,722.0,0,1444,0,False,2.0,1,0.0,[2 1],[1. 0.],1,0,[0.4 0.4],1.0,0.0,1.0
1444,0.0,1,723.0,2,1445,1,False,0.0,0,2.0,[2 1],[1. 0.],1,0,[0.4 0.4],1.0,0.0,1.0
1445,1.0,1,723.0,0,1446,0,False,2.0,1,0.0,[2 2],[1. 0.],0,0,[0.4 0.4],1.0,0.0,1.0
1446,0.0,1,724.0,2,1447,1,False,0.0,0,1.0,[2 2],[1. 0.],0,0,[0.4 0.4],1.0,0.0,1.0
1447,0.0,1,724.0,0,1448,0,False,1.0,1,0.0,[1 2],[1. 0.],0,0,[0.4 0.4],1.0,0.0,1.0
1448,0.0,1,725.0,2,1449,1,False,0.0,0,1.0,[1 2],[1. 0.],0,0,[0.4 0.4],1.0,0.0,1.0
1449,0.0,1,725.0,0,1450,0,False,1.0,1,0.0,[1 1],[0. 1.],1,1,[0.4 0.4],1.0,0.0,1.0
1450,0.0,1,726.0,2,1451,1,False,0.0,0,2.0,[1 1],[0. 1.],1,1,[0.4 0.4],1.0,0.0,1.0
1451,0.0,1,726.0,0,1452,0,False,2.0,1,0.0,[2 1],[0. 1.],1,1,[0.4 0.4],1.0,0.0,1.0
1452,0.0,1,727.0,2,1453,1,False,0.0,0,2.0,[2 1],[0. 1.],1,1,[0.4 0.4],1.0,0.0,1.0
1453,0.0,1,727.0,0,1454,0,False,2.0,1,0.0,[2 2],[0. 1.],0,1,[0.4 0.4],1.0,0.0,1.0
1454,0.0,1,728.0,1,1455,1,False,0.0,0,1.0,[2 2],[0. 1.],0,1,[0.4 0.4],1.0,0.0,1.0
1455,1.0,1,728.0,0,1456,0,False,1.0,1,0.0,[1 1],[0. 1.],0,1,[0.4 0.4],1.0,0.0,1.0
1456,0.0,1,729.0,1,1457,1,False,0.0,0,1.0,[1 1],[0. 1.],0,1,[0.4 0.4],1.0,0.0,1.0
1457,0.0,1,729.0,0,1458,0,False,1.0,1,0.0,[2 2],[0. 1.],1,1,[0.4 0.4],1.0,0.0,1.0
1458,0.0,1,730.0,1,1459,1,False,0.0,0,2.0,[2 2],[0. 1.],1,1,[0.4 0.4],1.0,0.0,1.0
1459,1.0,1,730.0,0,1460,0,False,2.0,1,0.0,[1 1],[0. 1.],0,1,[0.4 0.4],1.0,0.0,1.0
1460,0.0,1,731.0,1,1461,1,False,0.0,0,1.0,[1 1],[0. 1.],0,1,[0.4 0.4],1.0,0.0,1.0
1461,0.0,1,731.0,0,1462,0,False,1.0,1,0.0,[2 2],[0. 1.],1,1,[0.4 0.4],1.0,0.0,1.0
1462,0.0,1,732.0,1,1463,1,False,0.0,0,2.0,[2 2],[0. 1.],1,1,[0.4 0.4],1.0,0.0,1.0
1463,1.0,1,732.0,0,1464,0,False,2.0,1,0.0,[2 1],[0. 1.],0,1,[0.4 0.4],1.0,0.0,1.0
1464,0.0,1,733.0,1,1465,1,False,0.0,0,1.0,[2 1],[0. 1.],0,1,[0.4 0.4],1.0,0.0,1.0
1465,1.0,1,733.0,0,1466,0,False,1.0,1,0.0,[2 1],[0. 1.],0,1,[0.4 0.4],1.0,0.0,1.0
1466,0.0,1,734.0,1,1467,1,False,0.0,0,1.0,[2 1],[0. 1.],0,1,[0.4 0.4],1.0,0.0,1.0
1467,1.0,1,734.0,0,1468,0,False,1.0,1,0.0,[2 1],[0. 1.],0,1,[0.4 0.4],1.0,0.0,1.0
1468,0.0,1,735.0,1,1469,1,False,0.0,0,1.0,[2 1],[0. 1.],0,1,[0.4 0.4],1.0,0.0,1.0
1469,1.0,1,735.0,0,1470,0,False,1.0,1,0.0,[1 2],[0. 1.],1,1,[0.4 0.4],1.0,0.0,1.0
1470,0.0,1,736.0,1,1471,1,False,0.0,0,2.0,[1 2],[0. 1.],1,1,[0.4 0.4],1.0,0.0,1.0
1471,0.0,1,736.0,0,1472,0,False,2.0,1,0.0,[1 1],[0. 1.],0,1,[0.4 0.4],1.0,0.0,1.0
1472,0.0,1,737.0,1,1473,1,False,0.0,0,1.0,[1 1],[0. 1.],0,1,[0.4 0.4],1.0,0.0,1.0
1473,0.0,1,737.0,0,1474,0,False,1.0,1,0.0,[2 2],[0. 1.],1,1,[0.4 0.4],1.0,0.0,1.0
1474,0.0,1,738.0,1,1475,1,False,0.0,0,2.0,[2 2],[0. 1.],1,1,[0.4 0.4],1.0,0.0,1.0
1475,1.0,1,738.0,0,1476,0,False,2.0,1,0.0,[1 1],[0. 1.],1,1,[0.4 0.4],1.0,0.0,1.0
1476,0.0,1,739.0,1,1477,1,False,0.0,0,2.0,[1 1],[0. 1.],1,1,[0.4 0.4],1.0,0.0,1.0
1477,0.0,1,739.0,0,1478,0,False,2.0,1,0.0,[1 2],[0. 1.],0,1,[0.4 0.4],1.0,0.0,1.0
1478,0.0,1,740.0,1,1479,1,False,0.0,0,1.0,[1 2],[0. 1.],0,1,[0.4 0.4],1.0,0.0,1.0
1479,0.0,1,740.0,0,1480,0,False,1.0,1,0.0,[1 1],[0. 1.],1,1,[0.4 0.4],1.0,0.0,1.0
1480,0.0,1,741.0,1,1481,1,False,0.0,0,2.0,[1 1],[0. 1.],1,1,[0.4 0.4],1.0,0.0,1.0
1481,0.0,1,741.0,0,1482,0,False,2.0,1,0.0,[2 2],[0. 1.],0,1,[0.4 0.4],1.0,0.0,1.0
1482,0.0,1,742.0,2,1483,1,False,0.0,0,1.0,[2 2],[0. 1.],0,1,[0.4 0.4],1.0,0.0,1.0
1483,1.0,1,742.0,0,1484,0,False,1.0,1,0.0,[1 1],[0. 1.],0,1,[0.4 0.4],1.0,0.0,1.0
1484,0.0,1,743.0,2,1485,1,False,0.0,0,1.0,[1 1],[0. 1.],0,1,[0.4 0.4],1.0,0.0,1.0
1485,0.0,1,743.0,0,1486,0,False,1.0,1,0.0,[2 1],[1. 0.],1,0,[0.4 0.4],1.0,0.0,1.0
1486,0.0,1,744.0,2,1487,1,False,0.0,0,2.0,[2 1],[1. 0.],1,0,[0.4 0.4],1.0,0.0,1.0
1487,1.0,1,744.0,0,1488,0,False,2.0,1,0.0,[2 1],[1. 0.],0,0,[0.4 0.4],1.0,0.0,1.0
1488,0.0,1,745.0,2,1489,1,False,0.0,0,1.0,[2 1],[1. 0.],0,0,[0.4 0.4],1.0,0.0,1.0
1489,1.0,1,745.0,0,1490,0,False,1.0,1,0.0,[1 2],[1. 0.],0,0,[0.4 0.4],1.0,0.0,1.0
1490,0.0,1,746.0,2,1491,1,False,0.0,0,1.0,[1 2],[1. 0.],0,0,[0.4 0.4],1.0,0.0,1.0
1491,0.0,1,746.0,0,1492,0,False,1.0,1,0.0,[1 1],[0. 1.],0,1,[0.4 0.4],1.0,0.0,1.0
1492,0.0,1,747.0,2,1493,1,False,0.0,0,1.0,[1 1],[0. 1.],0,1,[0.4 0.4],1.0,0.0,1.0
1493,0.0,1,747.0,0,1494,0,False,1.0,1,0.0,[2 2],[0. 1.],1,1,[0.4 0.4],1.0,0.0,1.0
1494,0.0,1,748.0,2,1495,1,False,0.0,0,2.0,[2 2],[0. 1.],1,1,[0.4 0.4],1.0,0.0,1.0
1495,1.0,1,748.0,0,1496,0,False,2.0,1,0.0,[1 2],[0. 1.],1,1,[0.4 0.4],1.0,0.0,1.0
1496,0.0,1,749.0,2,1497,1,False,0.0,0,2.0,[1 2],[0. 1.],1,1,[0.4 0.4],1.0,0.0,1.0
1497,1.0,1,749.0,0,1498,0,False,2.0,1,0.0,[1 1],[0. 1.],1,1,[0.4 0.4],1.0,0.0,1.0
1498,0.0,1,750.0,2,1499,1,False,0.0,0,2.0,[1 1],[0. 1.],1,1,[0.4 0.4],1.0,0.0,1.0
1499,0.0,1,750.0,0,1500,0,False,2.0,1,0.0,[1 1],[0. 1.],1,1,[0.4 0.4],1.0,0.0,1.0
1500,0.0,1,751.0,2,1501,1,False,0.0,0,2.0,[1 1],[0. 1.],1,1,[0.4 0.4],1.0,0.0,1.0
1501,0.0,1,751.0,0,1502,0,False,2.0,1,0.0,[2 1],[0. 1.],1,1,[0.4 0.4],1.0,0.0,1.0
1502,0.0,1,752.0,1,1503,1,False,0.0,0,2.0,[2 1],[0. 1.],1,1,[0.4 0.4],1.0,0.0,1.0
1503,1.0,1,752.0,0,1504,0,False,2.0,1,0.0,[1 2],[0. 1.],0,1,[0.4 0.4],1.0,0.0,1.0
1504,0.0,1,753.0,1,1505,1,False,0.0,0,1.0,[1 2],[0. 1.],0,1,[0.4 0.4],1.0,0.0,1.0
1505,0.0,1,753.0,0,1506,0,False,1.0,1,0.0,[2 1],[0. 1.],1,1,[0.4 0.4],1.0,0.0,1.0
1506,0.0,1,754.0,1,1507,1,False,0.0,0,2.0,[2 1],[0. 1.],1,1,[0.4 0.4],1.0,0.0,1.0
1507,1.0,1,754.0,0,1508,0,False,2.0,1,0.0,[1 1],[0. 1.],1,1,[0.4 0.4],1.0,0.0,1.0
1508,0.0,1,755.0,1,1509,1,False,0.0,0,2.0,[1 1],[0. 1.],1,1,[0.4 0.4],1.0,0.0,1.0
1509,0.0,1,755.0,0,1510,0,False,2.0,1,0.0,[1 2],[0. 1.],1,1,[0.4 0.4],1.0,0.0,1.0
1510,0.0,1,756.0,1,1511,1,False,0.0,0,2.0,[1 2],[0. 1.],1,1,[0.4 0.4],1.0,0.0,1.0
1511,0.0,1,756.0,0,1512,0,False,2.0,1,0.0,[2 1],[0. 1.],0,1,[0.4 0.4],1.0,0.0,1.0
1512,0.0,1,757.0,2,1513,1,False,0.0,0,1.0,[2 1],[0. 1.],0,1,[0.4 0.4],1.0,0.0,1.0
1513,0.0,1,757.0,0,1514,0,False,1.0,1,0.0,[2 1],[0. 1.],1,1,[0.4 0.4],1.0,0.0,1.0
1514,0.0,1,758.0,1,1515,1,False,0.0,0,2.0,[2 1],[0. 1.],1,1,[0.4 0.4],1.0,0.0,1.0
1515,1.0,1,758.0,0,1516,0,False,2.0,1,0.0,[2 2],[0. 1.],0,1,[0.4 0.4],1.0,0.0,1.0
1516,0.0,1,759.0,1,1517,1,False,0.0,0,1.0,[2 2],[0. 1.],0,1,[0.4 0.4],1.0,0.0,1.0
1517,1.0,1,759.0,0,1518,0,False,1.0,1,0.0,[2 2],[0. 1.],0,1,[0.4 0.4],1.0,0.0,1.0
1518,0.0,1,760.0,1,1519,1,False,0.0,0,1.0,[2 2],[0. 1.],0,1,[0.4 0.4],1.0,0.0,1.0
1519,1.0,1,760.0,0,1520,0,False,1.0,1,0.0,[2 1],[0. 1.],0,1,[0.4 0.4],1.0,0.0,1.0
1520,0.0,1,761.0,1,1521,1,False,0.0,0,1.0,[2 1],[0. 1.],0,1,[0.4 0.4],1.0,0.0,1.0
1521,1.0,1,761.0,0,1522,0,False,1.0,1,0.0,[1 2],[0. 1.],0,1,[0.4 0.4],1.0,0.0,1.0
1522,0.0,1,762.0,1,1523,1,False,0.0,0,1.0,[1 2],[0. 1.],0,1,[0.4 0.4],1.0,0.0,1.0
1523,0.0,1,762.0,0,1524,0,False,1.0,1,0.0,[2 2],[0. 1.],0,1,[0.4 0.4],1.0,0.0,1.0
1524,0.0,1,763.0,1,1525,1,False,0.0,0,1.0,[2 2],[0. 1.],0,1,[0.4 0.4],1.0,0.0,1.0
1525,1.0,1,763.0,0,1526,0,False,1.0,1,0.0,[2 1],[0. 1.],1,1,[0.4 0.4],1.0,0.0,1.0
1526,0.0,1,764.0,1,1527,1,False,0.0,0,2.0,[2 1],[0. 1.],1,1,[0.4 0.4],1.0,0.0,1.0
1527,1.0,1,764.0,0,1528,0,False,2.0,1,0.0,[2 2],[0. 1.],1,1,[0.4 0.4],1.0,0.0,1.0
1528,0.0,1,765.0,1,1529,1,False,0.0,0,2.0,[2 2],[0. 1.],1,1,[0.4 0.4],1.0,0.0,1.0
1529,1.0,1,765.0,0,1530,0,False,2.0,1,0.0,[2 2],[0. 1.],1,1,[0.4 0.4],1.0,0.0,1.0
1530,0.0,1,766.0,1,1531,1,False,0.0,0,2.0,[2 2],[0. 1.],1,1,[0.4 0.4],1.0,0.0,1.0
1531,1.0,1,766.0,0,1532,0,False,2.0,1,0.0,[2 1],[0. 1.],1,1,[0.4 0.4],1.0,0.0,1.0
1532,0.0,1,767.0,1,1533,1,False,0.0,0,2.0,[2 1],[0. 1.],1,1,[0.4 0.4],1.0,0.0,1.0
1533,1.0,1,767.0,0,1534,0,False,2.0,1,0.0,[1 2],[0. 1.],0,1,[0.4 0.4],1.0,0.0,1.0
1534,0.0,1,768.0,1,1535,1,False,0.0,0,1.0,[1 2],[0. 1.],0,1,[0.4 0.4],1.0,0.0,1.0
1535,0.0,1,768.0,0,1536,0,False,1.0,1,0.0,[2 1],[0. 1.],1,1,[0.4 0.4],1.0,0.0,1.0
1536,0.0,1,769.0,1,1537,1,False,0.0,0,2.0,[2 1],[0. 1.],1,1,[0.4 0.4],1.0,0.0,1.0
1537,1.0,1,769.0,0,1538,0,False,2.0,1,0.0,[1 1],[0. 1.],1,1,[0.4 0.4],1.0,0.0,1.0
1538,0.0,1,770.0,1,1539,1,False,0.0,0,2.0,[1 1],[0. 1.],1,1,[0.4 0.4],1.0,0.0,1.0
1539,0.0,1,770.0,0,1540,0,False,2.0,1,0.0,[2 1],[0. 1.],0,1,[0.4 0.4],1.0,0.0,1.0
1540,0.0,1,771.0,1,1541,1,False,0.0,0,1.0,[2 1],[0. 1.],0,1,[0.4 0.4],1.0,0.0,1.0
1541,1.0,1,771.0,0,1542,0,False,1.0,1,0.0,[2 1],[0. 1.],1,1,[0.4 0.4],1.0,0.0,1.0
1542,0.0,1,772.0,1,1543,1,False,0.0,0,2.0,[2 1],[0. 1.],1,1,[0.4 0.4],1.0,0.0,1.0
1543,1.0,1,772.0,0,1544,0,False,2.0,1,0.0,[2 2],[0. 1.],1,1,[0.4 0.4],1.0,0.0,1.0
1544,0.0,1,773.0,1,1545,1,False,0.0,0,2.0,[2 2],[0. 1.],1,1,[0.4 0.4],1.0,0.0,1.0
1545,1.0,1,773.0,0,1546,0,False,2.0,1,0.0,[2 1],[0. 1.],1,1,[0.4 0.4],1.0,0.0,1.0
1546,0.0,1,774.0,1,1547,1,False,0.0,0,2.0,[2 1],[0. 1.],1,1,[0.4 0.4],1.0,0.0,1.0
1547,1.0,1,774.0,0,1548,0,False,2.0,1,0.0,[2 1],[0. 1.],0,1,[0.4 0.4],1.0,0.0,1.0
1548,0.0,1,775.0,1,1549,1,False,0.0,0,1.0,[2 1],[0. 1.],0,1,[0.4 0.4],1.0,0.0,1.0
1549,1.0,1,775.0,0,1550,0,False,1.0,1,0.0,[1 2],[0. 1.],1,1,[0.4 0.4],1.0,0.0,1.0
1550,0.0,1,776.0,1,1551,1,False,0.0,0,2.0,[1 2],[0. 1.],1,1,[0.4 0.4],1.0,0.0,1.0
1551,0.0,1,776.0,0,1552,0,False,2.0,1,0.0,[2 2],[0. 1.],0,1,[0.4 0.4],1.0,0.0,1.0
1552,0.0,1,777.0,1,1553,1,False,0.0,0,1.0,[2 2],[0. 1.],0,1,[0.4 0.4],1.0,0.0,1.0
1553,1.0,1,777.0,0,1554,0,False,1.0,1,0.0,[2 1],[0. 1.],0,1,[0.4 0.4],1.0,0.0,1.0
1554,0.0,1,778.0,1,1555,1,False,0.0,0,1.0,[2 1],[0. 1.],0,1,[0.4 0.4],1.0,0.0,1.0
1555,1.0,1,778.0,0,1556,0,False,1.0,1,0.0,[2 1],[0. 1.],0,1,[0.4 0.4],1.0,0.0,1.0
1556,0.0,1,779.0,1,1557,1,False,0.0,0,1.0,[2 1],[0. 1.],0,1,[0.4 0.4],1.0,0.0,1.0
1557,1.0,1,779.0,0,1558,0,False,1.0,1,0.0,[1 1],[0. 1.],0,1,[0.4 0.4],1.0,0.0,1.0
1558,0.0,1,780.0,1,1559,1,False,0.0,0,1.0,[1 1],[0. 1.],0,1,[0.4 0.4],1.0,0.0,1.0
1559,0.0,1,780.0,0,1560,0,False,1.0,1,0.0,[2 2],[1. 0.],0,0,[0.4 0.4],1.0,0.0,1.0
1560,0.0,1,781.0,1,1561,1,False,0.0,0,1.0,[2 2],[1. 0.],0,0,[0.4 0.4],1.0,0.0,1.0
1561,0.0,1,781.0,0,1562,0,False,1.0,1,0.0,[1 2],[1. 0.],1,0,[0.4 0.4],1.0,0.0,1.0
1562,0.0,1,782.0,1,1563,1,False,0.0,0,2.0,[1 2],[1. 0.],1,0,[0.4 0.4],1.0,0.0,1.0
1563,1.0,1,782.0,0,1564,0,False,2.0,1,0.0,[2 2],[1. 0.],1,0,[0.4 0.4],1.0,0.0,1.0
1564,0.0,1,783.0,1,1565,1,False,0.0,0,2.0,[2 2],[1. 0.],1,0,[0.4 0.4],1.0,0.0,1.0
1565,0.0,1,783.0,0,1566,0,False,2.0,1,0.0,[1 2],[1. 0.],0,0,[0.4 0.4],1.0,0.0,1.0
1566,0.0,1,784.0,1,1567,1,False,0.0,0,1.0,[1 2],[1. 0.],0,0,[0.4 0.4],1.0,0.0,1.0
1567,1.0,1,784.0,0,1568,0,False,1.0,1,0.0,[2 1],[1. 0.],1,0,[0.4 0.4],1.0,0.0,1.0
1568,0.0,1,785.0,1,1569,1,False,0.0,0,2.0,[2 1],[1. 0.],1,0,[0.4 0.4],1.0,0.0,1.0
1569,0.0,1,785.0,0,1570,0,False,2.0,1,0.0,[1 2],[1. 0.],0,0,[0.4 0.4],1.0,0.0,1.0
1570,0.0,1,786.0,1,1571,1,False,0.0,0,1.0,[1 2],[1. 0.],0,0,[0.4 0.4],1.0,0.0,1.0
1571,1.0,1,786.0,0,1572,0,False,1.0,1,0.0,[2 1],[1. 0.],1,0,[0.4 0.4],1.0,0.0,1.0
1572,0.0,1,787.0,1,1573,1,False,0.0,0,2.0,[2 1],[1. 0.],1,0,[0.4 0.4],1.0,0.0,1.0
1573,0.0,1,787.0,0,1574,0,False,2.0,1,0.0,[2 1],[1. 0.],1,0,[0.4 0.4],1.0,0.0,1.0
1574,0.0,1,788.0,1,1575,1,False,0.0,0,2.0,[2 1],[1. 0.],1,0,[0.4 0.4],1.0,0.0,1.0
1575,0.0,1,788.0,0,1576,0,False,2.0,1,0.0,[2 2],[1. 0.],1,0,[0.4 0.4],1.0,0.0,1.0
1576,0.0,1,789.0,1,1577,1,False,0.0,0,2.0,[2 2],[1. 0.],1,0,[0.4 0.4],1.0,0.0,1.0
1577,0.0,1,789.0,0,1578,0,False,2.0,1,0.0,[1 1],[1. 0.],1,0,[0.4 0.4],1.0,0.0,1.0
1578,0.0,1,790.0,2,1579,1,False,0.0,0,2.0,[1 1],[1. 0.],1,0,[0.4 0.4],1.0,0.0,1.0
1579,1.0,1,790.0,0,1580,0,False,2.0,1,0.0,[1 1],[1. 0.],0,0,[0.4 0.4],1.0,0.0,1.0
1580,0.0,1,791.0,2,1581,1,False,0.0,0,1.0,[1 1],[1. 0.],0,0,[0.4 0.4],1.0,0.0,1.0
1581,1.0,1,791.0,0,1582,0,False,1.0,1,0.0,[2 2],[1. 0.],1,0,[0.4 0.4],1.0,0.0,1.0
1582,0.0,1,792.0,2,1583,1,False,0.0,0,2.0,[2 2],[1. 0.],1,0,[0.4 0.4],1.0,0.0,1.0
1583,0.0,1,792.0,0,1584,0,False,2.0,1,0.0,[2 1],[1. 0.],0,0,[0.4 0.4],1.0,0.0,1.0
1584,0.0,1,793.0,2,1585,1,False,0.0,0,1.0,[2 1],[1. 0.],0,0,[0.4 0.4],1.0,0.0,1.0
1585,1.0,1,793.0,0,1586,0,False,1.0,1,0.0,[1 1],[1. 0.],0,0,[0.4 0.4],1.0,0.0,1.0
1586,0.0,1,794.0,2,1587,1,False,0.0,0,1.0,[1 1],[1. 0.],0,0,[0.4 0.4],1.0,0.0,1.0
1587,1.0,1,794.0,0,1588,0,False,1.0,1,0.0,[2 1],[1. 0.],0,0,[0.4 0.4],1.0,0.0,1.0
1588,0.0,1,795.0,2,1589,1,False,0.0,0,1.0,[2 1],[1. 0.],0,0,[0.4 0.4],1.0,0.0,1.0
1589,1.0,1,795.0,0,1590,0,False,1.0,1,0.0,[2 2],[1. 0.],0,0,[0.4 0.4],1.0,0.0,1.0
1590,0.0,1,796.0,2,1591,1,False,0.0,0,1.0,[2 2],[1. 0.],0,0,[0.4 0.4],1.0,0.0,1.0
1591,0.0,1,796.0,0,1592,0,False,1.0,1,0.0,[1 1],[1. 0.],1,0,[0.4 0.4],1.0,0.0,1.0
1592,0.0,1,797.0,2,1593,1,False,0.0,0,2.0,[1 1],[1. 0.],1,0,[0.4 0.4],1.0,0.0,1.0
1593,1.0,1,797.0,0,1594,0,False,2.0,1,0.0,[1 2],[1. 0.],0,0,[0.4 0.4],1.0,0.0,1.0
1594,0.0,1,798.0,2,1595,1,False,0.0,0,1.0,[1 2],[1. 0.],0,0,[0.4 0.4],1.0,0.0,1.0
1595,0.0,1,798.0,0,1596,0,False,1.0,1,0.0,[2 1],[1. 0.],0,0,[0.4 0.4],1.0,0.0,1.0
1596,0.0,1,799.0,2,1597,1,False,0.0,0,1.0,[2 1],[1. 0.],0,0,[0.4 0.4],1.0,0.0,1.0
1597,1.0,1,799.0,0,1598,0,False,1.0,1,0.0,[2 1],[1. 0.],1,0,[0.4 0.4],1.0,0.0,1.0
1598,0.0,1,800.0,2,1599,1,False,0.0,0,2.0,[2 1],[1. 0.],1,0,[0.4 0.4],1.0,0.0,1.0
1599,1.0,1,800.0,0,1600,0,False,2.0,1,0.0,[2 1],[1. 0.],0,0,[0.4 0.4],1.0,0.0,1.0
1600,0.0,1,801.0,2,1601,1,False,0.0,0,1.0,[2 1],[1. 0.],0,0,[0.4 0.4],1.0,0.0,1.0
1601,1.0,1,801.0,0,1602,0,False,1.0,1,0.0,[2 2],[1. 0.],0,0,[0.4 0.4],1.0,0.0,1.0
1602,0.0,1,802.0,2,1603,1,False,0.0,0,1.0,[2 2],[1. 0.],0,0,[0.4 0.4],1.0,0.0,1.0
1603,0.0,1,802.0,0,1604,0,False,1.0,1,0.0,[2 2],[1. 0.],1,0,[0.4 0.4],1.0,0.0,1.0
1604,0.0,1,803.0,2,1605,1,False,0.0,0,2.0,[2 2],[1. 0.],1,0,[0.4 0.4],1.0,0.0,1.0
1605,0.0,1,803.0,0,1606,0,False,2.0,1,0.0,[1 2],[1. 0.],1,0,[0.4 0.4],1.0,0.0,1.0
1606,0.0,1,804.0,2,1607,1,False,0.0,0,2.0,[1 2],[1. 0.],1,0,[0.4 0.4],1.0,0.0,1.0
1607,0.0,1,804.0,0,1608,0,False,2.0,1,0.0,[1 1],[1. 0.],0,0,[0.4 0.4],1.0,0.0,1.0
1608,0.0,1,805.0,1,1609,1,False,0.0,0,1.0,[1 1],[1. 0.],0,0,[0.4 0.4],1.0,0.0,1.0
1609,1.0,1,805.0,0,1610,0,False,1.0,1,0.0,[2 1],[1. 0.],0,0,[0.4 0.4],1.0,0.0,1.0
1610,0.0,1,806.0,1,1611,1,False,0.0,0,1.0,[2 1],[1. 0.],0,0,[0.4 0.4],1.0,0.0,1.0
1611,0.0,1,806.0,0,1612,0,False,1.0,1,0.0,[2 1],[1. 0.],0,0,[0.4 0.4],1.0,0.0,1.0
1612,0.0,1,807.0,1,1613,1,False,0.0,0,1.0,[2 1],[1. 0.],0,0,[0.4 0.4],1.0,0.0,1.0
1613,0.0,1,807.0,0,1614,0,False,1.0,1,0.0,[2 1],[1. 0.],1,0,[0.4 0.4],1.0,0.0,1.0
1614,0.0,1,808.0,1,1615,1,False,0.0,0,2.0,[2 1],[1. 0.],1,0,[0.4 0.4],1.0,0.0,1.0
1615,0.0,1,808.0,0,1616,0,False,2.0,1,0.0,[2 2],[1. 0.],0,0,[0.4 0.4],1.0,0.0,1.0
1616,0.0,1,809.0,2,1617,1,False,0.0,0,1.0,[2 2],[1. 0.],0,0,[0.4 0.4],1.0,0.0,1.0
1617,0.0,1,809.0,0,1618,0,False,1.0,1,0.0,[1 2],[1. 0.],0,0,[0.4 0.4],1.0,0.0,1.0
1618,0.0,1,810.0,2,1619,1,False,0.0,0,1.0,[1 2],[1. 0.],0,0,[0.4 0.4],1.0,0.0,1.0
1619,0.0,1,810.0,0,1620,0,False,1.0,1,0.0,[1 2],[1. 0.],0,0,[0.4 0.4],1.0,0.0,1.0
1620,0.0,1,811.0,1,1621,1,False,0.0,0,1.0,[1 2],[1. 0.],0,0,[0.4 0.4],1.0,0.0,1.0
1621,1.0,1,811.0,0,1622,0,False,1.0,1,0.0,[1 1],[1. 0.],0,0,[0.4 0.4],1.0,0.0,1.0
1622,0.0,1,812.0,1,1623,1,False,0.0,0,1.0,[1 1],[1. 0.],0,0,[0.4 0.4],1.0,0.0,1.0
1623,1.0,1,812.0,0,1624,0,False,1.0,1,0.0,[2 1],[1. 0.],0,0,[0.4 0.4],1.0,0.0,1.0
1624,0.0,1,813.0,1,1625,1,False,0.0,0,1.0,[2 1],[1. 0.],0,0,[0.4 0.4],1.0,0.0,1.0
1625,0.0,1,813.0,0,1626,0,False,1.0,1,0.0,[2 2],[1. 0.],0,0,[0.4 0.4],1.0,0.0,1.0
1626,0.0,1,814.0,1,1627,1,False,0.0,0,1.0,[2 2],[1. 0.],0,0,[0.4 0.4],1.0,0.0,1.0
1627,0.0,1,814.0,0,1628,0,False,1.0,1,0.0,[1 2],[1. 0.],0,0,[0.4 0.4],1.0,0.0,1.0
1628,0.0,1,815.0,1,1629,1,False,0.0,0,1.0,[1 2],[1. 0.],0,0,[0.4 0.4],1.0,0.0,1.0
1629,1.0,1,815.0,0,1630,0,False,1.0,1,0.0,[2 2],[1. 0.],1,0,[0.4 0.4],1.0,0.0,1.0
1630,0.0,1,816.0,1,1631,1,False,0.0,0,2.0,[2 2],[1. 0.],1,0,[0.4 0.4],1.0,0.0,1.0
1631,0.0,1,816.0,0,1632,0,False,2.0,1,0.0,[2 2],[1. 0.],0,0,[0.4 0.4],1.0,0.0,1.0
1632,0.0,1,817.0,1,1633,1,False,0.0,0,1.0,[2 2],[1. 0.],0,0,[0.4 0.4],1.0,0.0,1.0
1633,0.0,1,817.0,0,1634,0,False,1.0,1,0.0,[1 2],[1. 0.],0,0,[0.4 0.4],1.0,0.0,1.0
1634,0.0,1,818.0,1,1635,1,False,0.0,0,1.0,[1 2],[1. 0.],0,0,[0.4 0.4],1.0,0.0,1.0
1635,1.0,1,818.0,0,1636,0,False,1.0,1,0.0,[1 2],[1. 0.],1,0,[0.4 0.4],1.0,0.0,1.0
1636,0.0,1,819.0,1,1637,1,False,0.0,0,2.0,[1 2],[1. 0.],1,0,[0.4 0.4],1.0,0.0,1.0
1637,1.0,1,819.0,0,1638,0,False,2.0,1,0.0,[1 1],[1. 0.],0,0,[0.4 0.4],1.0,0.0,1.0
1638,0.0,1,820.0,1,1639,1,False,0.0,0,1.0,[1 1],[1. 0.],0,0,[0.4 0.4],1.0,0.0,1.0
1639,1.0,1,820.0,0,1640,0,False,1.0,1,0.0,[1 1],[1. 0.],1,0,[0.4 0.4],1.0,0.0,1.0
1640,0.0,1,821.0,1,1641,1,False,0.0,0,2.0,[1 1],[1. 0.],1,0,[0.4 0.4],1.0,0.0,1.0
1641,1.0,1,821.0,0,1642,0,False,2.0,1,0.0,[2 1],[1. 0.],1,0,[0.4 0.4],1.0,0.0,1.0
1642,0.0,1,822.0,1,1643,1,False,0.0,0,2.0,[2 1],[1. 0.],1,0,[0.4 0.4],1.0,0.0,1.0
1643,0.0,1,822.0,0,1644,0,False,2.0,1,0.0,[1 1],[1. 0.],1,0,[0.4 0.4],1.0,0.0,1.0
1644,0.0,1,823.0,1,1645,1,False,0.0,0,2.0,[1 1],[1. 0.],1,0,[0.4 0.4],1.0,0.0,1.0
1645,1.0,1,823.0,0,1646,0,False,2.0,1,0.0,[2 1],[1. 0.],0,0,[0.4 0.4],1.0,0.0,1.0
1646,0.0,1,824.0,1,1647,1,False,0.0,0,1.0,[2 1],[1. 0.],0,0,[0.4 0.4],1.0,0.0,1.0
1647,0.0,1,824.0,0,1648,0,False,1.0,1,0.0,[2 1],[1. 0.],0,0,[0.4 0.4],1.0,0.0,1.0
1648,0.0,1,825.0,1,1649,1,False,0.0,0,1.0,[2 1],[1. 0.],0,0,[0.4 0.4],1.0,0.0,1.0
1649,0.0,1,825.0,0,1650,0,False,1.0,1,0.0,[1 2],[1. 0.],1,0,[0.4 0.4],1.0,0.0,1.0
1650,0.0,1,826.0,1,1651,1,False,0.0,0,2.0,[1 2],[1. 0.],1,0,[0.4 0.4],1.0,0.0,1.0
1651,1.0,1,826.0,0,1652,0,False,2.0,1,0.0,[1 1],[1. 0.],0,0,[0.4 0.4],1.0,0.0,1.0
1652,0.0,1,827.0,1,1653,1,False,0.0,0,1.0,[1 1],[1. 0.],0,0,[0.4 0.4],1.0,0.0,1.0
1653,1.0,1,827.0,0,1654,0,False,1.0,1,0.0,[1 1],[1. 0.],1,0,[0.4 0.4],1.0,0.0,1.0
1654,0.0,1,828.0,1,1655,1,False,0.0,0,2.0,[1 1],[1. 0.],1,0,[0.4 0.4],1.0,0.0,1.0
1655,1.0,1,828.0,0,1656,0,False,2.0,1,0.0,[1 1],[1. 0.],1,0,[0.4 0.4],1.0,0.0,1.0
1656,0.0,1,829.0,1,1657,1,False,0.0,0,2.0,[1 1],[1. 0.],1,0,[0.4 0.4],1.0,0.0,1.0
1657,1.0,1,829.0,0,1658,0,False,2.0,1,0.0,[1 2],[1. 0.],1,0,[0.4 0.4],1.0,0.0,1.0
1658,0.0,1,830.0,1,1659,1,False,0.0,0,2.0,[1 2],[1. 0.],1,0,[0.4 0.4],1.0,0.0,1.0
1659,1.0,1,830.0,0,1660,0,False,2.0,1,0.0,[2 1],[1. 0.],0,0,[0.4 0.4],1.0,0.0,1.0
1660,0.0,1,831.0,1,1661,1,False,0.0,0,1.0,[2 1],[1. 0.],0,0,[0.4 0.4],1.0,0.0,1.0
1661,0.0,1,831.0,0,1662,0,False,1.0,1,0.0,[1 1],[1. 0.],0,0,[0.4 0.4],1.0,0.0,1.0
1662,0.0,1,832.0,1,1663,1,False,0.0,0,1.0,[1 1],[1. 0.],0,0,[0.4 0.4],1.0,0.0,1.0
1663,1.0,1,832.0,0,1664,0,False,1.0,1,0.0,[2 2],[1. 0.],1,0,[0.4 0.4],1.0,0.0,1.0
1664,0.0,1,833.0,1,1665,1,False,0.0,0,2.0,[2 2],[1. 0.],1,0,[0.4 0.4],1.0,0.0,1.0
1665,0.0,1,833.0,0,1666,0,False,2.0,1,0.0,[2 2],[1. 0.],0,0,[0.4 0.4],1.0,0.0,1.0
1666,0.0,1,834.0,1,1667,1,False,0.0,0,1.0,[2 2],[1. 0.],0,0,[0.4 0.4],1.0,0.0,1.0
1667,0.0,1,834.0,0,1668,0,False,1.0,1,0.0,[2 2],[1. 0.],1,0,[0.4 0.4],1.0,0.0,1.0
1668,0.0,1,835.0,1,1669,1,False,0.0,0,2.0,[2 2],[1. 0.],1,0,[0.4 0.4],1.0,0.0,1.0
1669,0.0,1,835.0,0,1670,0,False,2.0,1,0.0,[2 2],[1. 0.],0,0,[0.4 0.4],1.0,0.0,1.0
1670,0.0,1,836.0,1,1671,1,False,0.0,0,1.0,[2 2],[1. 0.],0,0,[0.4 0.4],1.0,0.0,1.0
1671,0.0,1,836.0,0,1672,0,False,1.0,1,0.0,[1 2],[1. 0.],0,0,[0.4 0.4],1.0,0.0,1.0
1672,0.0,1,837.0,2,1673,1,False,0.0,0,1.0,[1 2],[1. 0.],0,0,[0.4 0.4],1.0,0.0,1.0
1673,0.0,1,837.0,0,1674,0,False,1.0,1,0.0,[2 2],[1. 0.],0,0,[0.4 0.4],1.0,0.0,1.0
1674,0.0,1,838.0,1,1675,1,False,0.0,0,1.0,[2 2],[1. 0.],0,0,[0.4 0.4],1.0,0.0,1.0
1675,0.0,1,838.0,0,1676,0,False,1.0,1,0.0,[1 2],[1. 0.],1,0,[0.4 0.4],1.0,0.0,1.0
1676,0.0,1,839.0,2,1677,1,False,0.0,0,2.0,[1 2],[1. 0.],1,0,[0.4 0.4],1.0,0.0,1.0
1677,0.0,1,839.0,0,1678,0,False,2.0,1,0.0,[1 2],[1. 0.],0,0,[0.4 0.4],1.0,0.0,1.0
1678,0.0,1,840.0,2,1679,1,False,0.0,0,1.0,[1 2],[1. 0.],0,0,[0.4 0.4],1.0,0.0,1.0
1679,0.0,1,840.0,0,1680,0,False,1.0,1,0.0,[2 2],[1. 0.],1,0,[0.4 0.4],1.0,0.0,1.0
1680,0.0,1,841.0,1,1681,1,False,0.0,0,2.0,[2 2],[1. 0.],1,0,[0.4 0.4],1.0,0.0,1.0
1681,0.0,1,841.0,0,1682,0,False,2.0,1,0.0,[1 1],[1. 0.],0,0,[0.4 0.4],1.0,0.0,1.0
1682,0.0,1,842.0,2,1683,1,False,0.0,0,1.0,[1 1],[1. 0.],0,0,[0.4 0.4],1.0,0.0,1.0
1683,1.0,1,842.0,0,1684,0,False,1.0,1,0.0,[2 1],[1. 0.],0,0,[0.4 0.4],1.0,0.0,1.0
1684,0.0,1,843.0,2,1685,1,False,0.0,0,1.0,[2 1],[1. 0.],0,0,[0.4 0.4],1.0,0.0,1.0
1685,1.0,1,843.0,0,1686,0,False,1.0,1,0.0,[2 2],[1. 0.],0,0,[0.4 0.4],1.0,0.0,1.0
1686,0.0,1,844.0,2,1687,1,False,0.0,0,1.0,[2 2],[1. 0.],0,0,[0.4 0.4],1.0,0.0,1.0
1687,0.0,1,844.0,0,1688,0,False,1.0,1,0.0,[2 1],[1. 0.],1,0,[0.4 0.4],1.0,0.0,1.0
1688,0.0,1,845.0,2,1689,1,False,0.0,0,2.0,[2 1],[1. 0.],1,0,[0.4 0.4],1.0,0.0,1.0
1689,1.0,1,845.0,0,1690,0,False,2.0,1,0.0,[2 2],[1. 0.],1,0,[0.4 0.4],1.0,0.0,1.0
1690,0.0,1,846.0,2,1691,1,False,0.0,0,2.0,[2 2],[1. 0.],1,0,[0.4 0.4],1.0,0.0,1.0
1691,0.0,1,846.0,0,1692,0,False,2.0,1,0.0,[1 1],[1. 0.],1,0,[0.4 0.4],1.0,0.0,1.0
1692,0.0,1,847.0,2,1693,1,False,0.0,0,2.0,[1 1],[1. 0.],1,0,[0.4 0.4],1.0,0.0,1.0
1693,1.0,1,847.0,0,1694,0,False,2.0,1,0.0,[2 1],[1. 0.],0,0,[0.4 0.4],1.0,0.0,1.0
1694,0.0,1,848.0,2,1695,1,False,0.0,0,1.0,[2 1],[1. 0.],0,0,[0.4 0.4],1.0,0.0,1.0
1695,1.0,1,848.0,0,1696,0,False,1.0,1,0.0,[1 2],[1. 0.],1,0,[0.4 0.4],1.0,0.0,1.0
1696,0.0,1,849.0,2,1697,1,False,0.0,0,2.0,[1 2],[1. 0.],1,0,[0.4 0.4],1.0,0.0,1.0
1697,0.0,1,849.0,0,1698,0,False,2.0,1,0.0,[1 1],[1. 0.],1,0,[0.4 0.4],1.0,0.0,1.0
1698,0.0,1,850.0,2,1699,1,False,0.0,0,2.0,[1 1],[1. 0.],1,0,[0.4 0.4],1.0,0.0,1.0
1699,1.0,1,850.0,0,1700,0,False,2.0,1,0.0,[2 2],[1. 0.],0,0,[0.4 0.4],1.0,0.0,1.0
1700,0.0,1,851.0,2,1701,1,False,0.0,0,1.0,[2 2],[1. 0.],0,0,[0.4 0.4],1.0,0.0,1.0
1701,0.0,1,851.0,0,1702,0,False,1.0,1,0.0,[2 1],[1. 0.],0,0,[0.4 0.4],1.0,0.0,1.0
1702,0.0,1,852.0,2,1703,1,False,0.0,0,1.0,[2 1],[1. 0.],0,0,[0.4 0.4],1.0,0.0,1.0
1703,1.0,1,852.0,0,1704,0,False,1.0,1,0.0,[1 1],[1. 0.],0,0,[0.4 0.4],1.0,0.0,1.0
1704,0.0,1,853.0,2,1705,1,False,0.0,0,1.0,[1 1],[1. 0.],0,0,[0.4 0.4],1.0,0.0,1.0
1705,1.0,1,853.0,0,1706,0,False,1.0,1,0.0,[2 2],[1. 0.],1,0,[0.4 0.4],1.0,0.0,1.0
1706,0.0,1,854.0,2,1707,1,False,0.0,0,2.0,[2 2],[1. 0.],1,0,[0.4 0.4],1.0,0.0,1.0
1707,0.0,1,854.0,0,1708,0,False,2.0,1,0.0,[2 2],[1. 0.],1,0,[0.4 0.4],1.0,0.0,1.0
1708,0.0,1,855.0,2,1709,1,False,0.0,0,2.0,[2 2],[1. 0.],1,0,[0.4 0.4],1.0,0.0,1.0
1709,0.0,1,855.0,0,1710,0,False,2.0,1,0.0,[2 2],[1. 0.],0,0,[0.4 0.4],1.0,0.0,1.0
1710,0.0,1,856.0,2,1711,1,False,0.0,0,1.0,[2 2],[1. 0.],0,0,[0.4 0.4],1.0,0.0,1.0
1711,0.0,1,856.0,0,1712,0,False,1.0,1,0.0,[2 2],[1. 0.],1,0,[0.4 0.4],1.0,0.0,1.0
1712,0.0,1,857.0,2,1713,1,False,0.0,0,2.0,[2 2],[1. 0.],1,0,[0.4 0.4],1.0,0.0,1.0
1713,0.0,1,857.0,0,1714,0,False,2.0,1,0.0,[1 1],[1. 0.],0,0,[0.4 0.4],1.0,0.0,1.0
1714,0.0,1,858.0,1,1715,1,False,0.0,0,1.0,[1 1],[1. 0.],0,0,[0.4 0.4],1.0,0.0,1.0
1715,1.0,1,858.0,0,1716,0,False,1.0,1,0.0,[2 1],[1. 0.],1,0,[0.4 0.4],1.0,0.0,1.0
1716,0.0,1,859.0,1,1717,1,False,0.0,0,2.0,[2 1],[1. 0.],1,0,[0.4 0.4],1.0,0.0,1.0
1717,0.0,1,859.0,0,1718,0,False,2.0,1,0.0,[2 1],[1. 0.],0,0,[0.4 0.4],1.0,0.0,1.0
1718,0.0,1,860.0,1,1719,1,False,0.0,0,1.0,[2 1],[1. 0.],0,0,[0.4 0.4],1.0,0.0,1.0
1719,0.0,1,860.0,0,1720,0,False,1.0,1,0.0,[1 1],[1. 0.],0,0,[0.4 0.4],1.0,0.0,1.0
1720,0.0,1,861.0,1,1721,1,False,0.0,0,1.0,[1 1],[1. 0.],0,0,[0.4 0.4],1.0,0.0,1.0
1721,1.0,1,861.0,0,1722,0,False,1.0,1,0.0,[1 1],[1. 0.],0,0,[0.4 0.4],1.0,0.0,1.0
1722,0.0,1,862.0,1,1723,1,False,0.0,0,1.0,[1 1],[1. 0.],0,0,[0.4 0.4],1.0,0.0,1.0
1723,1.0,1,862.0,0,1724,0,False,1.0,1,0.0,[1 1],[0. 1.],0,1,[0.4 0.4],1.0,0.0,1.0
1724,0.0,1,863.0,1,1725,1,False,0.0,0,1.0,[1 1],[0. 1.],0,1,[0.4 0.4],1.0,0.0,1.0
1725,0.0,1,863.0,0,1726,0,False,1.0,1,0.0,[2 2],[0. 1.],1,1,[0.4 0.4],1.0,0.0,1.0
1726,0.0,1,864.0,1,1727,1,False,0.0,0,2.0,[2 2],[0. 1.],1,1,[0.4 0.4],1.0,0.0,1.0
1727,1.0,1,864.0,0,1728,0,False,2.0,1,0.0,[1 2],[0. 1.],0,1,[0.4 0.4],1.0,0.0,1.0
1728,0.0,1,865.0,1,1729,1,False,0.0,0,1.0,[1 2],[0. 1.],0,1,[0.4 0.4],1.0,0.0,1.0
1729,0.0,1,865.0,0,1730,0,False,1.0,1,0.0,[2 1],[0. 1.],1,1,[0.4 0.4],1.0,0.0,1.0
1730,0.0,1,866.0,1,1731,1,False,0.0,0,2.0,[2 1],[0. 1.],1,1,[0.4 0.4],1.0,0.0,1.0
1731,1.0,1,866.0,0,1732,0,False,2.0,1,0.0,[1 2],[0. 1.],1,1,[0.4 0.4],1.0,0.0,1.0
1732,0.0,1,867.0,1,1733,1,False,0.0,0,2.0,[1 2],[0. 1.],1,1,[0.4 0.4],1.0,0.0,1.0
1733,0.0,1,867.0,0,1734,0,False,2.0,1,0.0,[1 2],[0. 1.],0,1,[0.4 0.4],1.0,0.0,1.0
1734,0.0,1,868.0,1,1735,1,False,0.0,0,1.0,[1 2],[0. 1.],0,1,[0.4 0.4],1.0,0.0,1.0
1735,0.0,1,868.0,0,1736,0,False,1.0,1,0.0,[2 2],[0. 1.],1,1,[0.4 0.4],1.0,0.0,1.0
1736,0.0,1,869.0,1,1737,1,False,0.0,0,2.0,[2 2],[0. 1.],1,1,[0.4 0.4],1.0,0.0,1.0
1737,1.0,1,869.0,0,1738,0,False,2.0,1,0.0,[1 1],[0. 1.],1,1,[0.4 0.4],1.0,0.0,1.0
1738,0.0,1,870.0,1,1739,1,False,0.0,0,2.0,[1 1],[0. 1.],1,1,[0.4 0.4],1.0,0.0,1.0
1739,0.0,1,870.0,0,1740,0,False,2.0,1,0.0,[2 1],[0. 1.],1,1,[0.4 0.4],1.0,0.0,1.0
1740,0.0,1,871.0,1,1741,1,False,0.0,0,2.0,[2 1],[0. 1.],1,1,[0.4 0.4],1.0,0.0,1.0
1741,1.0,1,871.0,0,1742,0,False,2.0,1,0.0,[2 2],[0. 1.],1,1,[0.4 0.4],1.0,0.0,1.0
1742,0.0,1,872.0,1,1743,1,False,0.0,0,2.0,[2 2],[0. 1.],1,1,[0.4 0.4],1.0,0.0,1.0
1743,1.0,1,872.0,0,1744,0,False,2.0,1,0.0,[2 2],[0. 1.],0,1,[0.4 0.4],1.0,0.0,1.0
1744,0.0,1,873.0,1,1745,1,False,0.0,0,1.0,[2 2],[0. 1.],0,1,[0.4 0.4],1.0,0.0,1.0
1745,1.0,1,873.0,0,1746,0,False,1.0,1,0.0,[2 1],[0. 1.],1,1,[0.4 0.4],1.0,0.0,1.0
1746,0.0,1,874.0,1,1747,1,False,0.0,0,2.0,[2 1],[0. 1.],1,1,[0.4 0.4],1.0,0.0,1.0
1747,1.0,1,874.0,0,1748,0,False,2.0,1,0.0,[2 1],[0. 1.],0,1,[0.4 0.4],1.0,0.0,1.0
1748,0.0,1,875.0,1,1749,1,False,0.0,0,1.0,[2 1],[0. 1.],0,1,[0.4 0.4],1.0,0.0,1.0
1749,1.0,1,875.0,0,1750,0,False,1.0,1,0.0,[1 2],[0. 1.],1,1,[0.4 0.4],1.0,0.0,1.0
1750,0.0,1,876.0,1,1751,1,False,0.0,0,2.0,[1 2],[0. 1.],1,1,[0.4 0.4],1.0,0.0,1.0
1751,0.0,1,876.0,0,1752,0,False,2.0,1,0.0,[1 1],[0. 1.],1,1,[0.4 0.4],1.0,0.0,1.0
1752,0.0,1,877.0,1,1753,1,False,0.0,0,2.0,[1 1],[0. 1.],1,1,[0.4 0.4],1.0,0.0,1.0
1753,0.0,1,877.0,0,1754,0,False,2.0,1,0.0,[1 2],[0. 1.],0,1,[0.4 0.4],1.0,0.0,1.0
1754,0.0,1,878.0,1,1755,1,False,0.0,0,1.0,[1 2],[0. 1.],0,1,[0.4 0.4],1.0,0.0,1.0
1755,0.0,1,878.0,0,1756,0,False,1.0,1,0.0,[2 1],[0. 1.],1,1,[0.4 0.4],1.0,0.0,1.0
1756,0.0,1,879.0,1,1757,1,False,0.0,0,2.0,[2 1],[0. 1.],1,1,[0.4 0.4],1.0,0.0,1.0
1757,1.0,1,879.0,0,1758,0,False,2.0,1,0.0,[2 1],[0. 1.],1,1,[0.4 0.4],1.0,0.0,1.0
1758,0.0,1,880.0,1,1759,1,False,0.0,0,2.0,[2 1],[0. 1.],1,1,[0.4 0.4],1.0,0.0,1.0
1759,1.0,1,880.0,0,1760,0,False,2.0,1,0.0,[1 1],[0. 1.],1,1,[0.4 0.4],1.0,0.0,1.0
1760,0.0,1,881.0,1,1761,1,False,0.0,0,2.0,[1 1],[0. 1.],1,1,[0.4 0.4],1.0,0.0,1.0
1761,0.0,1,881.0,0,1762,0,False,2.0,1,0.0,[1 1],[0. 1.],0,1,[0.4 0.4],1.0,0.0,1.0
1762,0.0,1,882.0,1,1763,1,False,0.0,0,1.0,[1 1],[0. 1.],0,1,[0.4 0.4],1.0,0.0,1.0
1763,0.0,1,882.0,0,1764,0,False,1.0,1,0.0,[1 1],[0. 1.],1,1,[0.4 0.4],1.0,0.0,1.0
1764,0.0,1,883.0,1,1765,1,False,0.0,0,2.0,[1 1],[0. 1.],1,1,[0.4 0.4],1.0,0.0,1.0
1765,0.0,1,883.0,0,1766,0,False,2.0,1,0.0,[1 1],[0. 1.],0,1,[0.4 0.4],1.0,0.0,1.0
1766,0.0,1,884.0,2,1767,1,False,0.0,0,1.0,[1 1],[0. 1.],0,1,[0.4 0.4],1.0,0.0,1.0
1767,0.0,1,884.0,0,1768,0,False,1.0,1,0.0,[2 2],[1. 0.],0,0,[0.4 0.4],1.0,0.0,1.0
1768,0.0,1,885.0,1,1769,1,False,0.0,0,1.0,[2 2],[1. 0.],0,0,[0.4 0.4],1.0,0.0,1.0
1769,0.0,1,885.0,0,1770,0,False,1.0,1,0.0,[2 1],[1. 0.],1,0,[0.4 0.4],1.0,0.0,1.0
1770,0.0,1,886.0,2,1771,1,False,0.0,0,2.0,[2 1],[1. 0.],1,0,[0.4 0.4],1.0,0.0,1.0
1771,1.0,1,886.0,0,1772,0,False,2.0,1,0.0,[2 2],[1. 0.],0,0,[0.4 0.4],1.0,0.0,1.0
1772,0.0,1,887.0,2,1773,1,False,0.0,0,1.0,[2 2],[1. 0.],0,0,[0.4 0.4],1.0,0.0,1.0
1773,0.0,1,887.0,0,1774,0,False,1.0,1,0.0,[2 2],[1. 0.],1,0,[0.4 0.4],1.0,0.0,1.0
1774,0.0,1,888.0,2,1775,1,False,0.0,0,2.0,[2 2],[1. 0.],1,0,[0.4 0.4],1.0,0.0,1.0
1775,0.0,1,888.0,0,1776,0,False,2.0,1,0.0,[1 1],[1. 0.],1,0,[0.4 0.4],1.0,0.0,1.0
1776,0.0,1,889.0,2,1777,1,False,0.0,0,2.0,[1 1],[1. 0.],1,0,[0.4 0.4],1.0,0.0,1.0
1777,1.0,1,889.0,0,1778,0,False,2.0,1,0.0,[1 1],[1. 0.],1,0,[0.4 0.4],1.0,0.0,1.0
1778,0.0,1,890.0,2,1779,1,False,0.0,0,2.0,[1 1],[1. 0.],1,0,[0.4 0.4],1.0,0.0,1.0
1779,1.0,1,890.0,0,1780,0,False,2.0,1,0.0,[1 1],[1. 0.],0,0,[0.4 0.4],1.0,0.0,1.0
1780,0.0,1,891.0,2,1781,1,False,0.0,0,1.0,[1 1],[1. 0.],0,0,[0.4 0.4],1.0,0.0,1.0
1781,1.0,1,891.0,0,1782,0,False,1.0,1,0.0,[2 1],[1. 0.],0,0,[0.4 0.4],1.0,0.0,1.0
1782,0.0,1,892.0,2,1783,1,False,0.0,0,1.0,[2 1],[1. 0.],0,0,[0.4 0.4],1.0,0.0,1.0
1783,1.0,1,892.0,0,1784,0,False,1.0,1,0.0,[2 2],[1. 0.],0,0,[0.4 0.4],1.0,0.0,1.0
1784,0.0,1,893.0,2,1785,1,False,0.0,0,1.0,[2 2],[1. 0.],0,0,[0.4 0.4],1.0,0.0,1.0
1785,0.0,1,893.0,0,1786,0,False,1.0,1,0.0,[1 2],[1. 0.],1,0,[0.4 0.4],1.0,0.0,1.0
1786,0.0,1,894.0,2,1787,1,False,0.0,0,2.0,[1 2],[1. 0.],1,0,[0.4 0.4],1.0,0.0,1.0
1787,0.0,1,894.0,0,1788,0,False,2.0,1,0.0,[1 1],[1. 0.],0,0,[0.4 0.4],1.0,0.0,1.0
1788,0.0,1,895.0,2,1789,1,False,0.0,0,1.0,[1 1],[1. 0.],0,0,[0.4 0.4],1.0,0.0,1.0
1789,1.0,1,895.0,0,1790,0,False,1.0,1,0.0,[1 2],[1. 0.],1,0,[0.4 0.4],1.0,0.0,1.0
1790,0.0,1,896.0,2,1791,1,False,0.0,0,2.0,[1 2],[1. 0.],1,0,[0.4 0.4],1.0,0.0,1.0
1791,0.0,1,896.0,0,1792,0,False,2.0,1,0.0,[1 2],[1. 0.],1,0,[0.4 0.4],1.0,0.0,1.0
1792,0.0,1,897.0,2,1793,1,False,0.0,0,2.0,[1 2],[1. 0.],1,0,[0.4 0.4],1.0,0.0,1.0
1793,0.0,1,897.0,0,1794,0,False,2.0,1,0.0,[1 1],[1. 0.],0,0,[0.4 0.4],1.0,0.0,1.0
1794,0.0,1,898.0,1,1795,1,False,0.0,0,1.0,[1 1],[1. 0.],0,0,[0.4 0.4],1.0,0.0,1.0
1795,1.0,1,898.0,0,1796,0,False,1.0,1,0.0,[1 1],[1. 0.],1,0,[0.4 0.4],1.0,0.0,1.0
1796,0.0,1,899.0,1,1797,1,False,0.0,0,2.0,[1 1],[1. 0.],1,0,[0.4 0.4],1.0,0.0,1.0
1797,1.0,1,899.0,0,1798,0,False,2.0,1,0.0,[1 1],[1. 0.],0,0,[0.4 0.4],1.0,0.0,1.0
1798,0.0,1,900.0,1,1799,1,False,0.0,0,1.0,[1 1],[1. 0.],0,0,[0.4 0.4],1.0,0.0,1.0
1799,1.0,1,900.0,0,1800,0,False,1.0,1,0.0,[2 1],[1. 0.],1,0,[0.4 0.4],1.0,0.0,1.0
1800,0.0,1,901.0,1,1801,1,False,0.0,0,2.0,[2 1],[1. 0.],1,0,[0.4 0.4],1.0,0.0,1.0
1801,0.0,1,901.0,0,1802,0,False,2.0,1,0.0,[2 1],[1. 0.],1,0,[0.4 0.4],1.0,0.0,1.0
1802,0.0,1,902.0,1,1803,1,False,0.0,0,2.0,[2 1],[1. 0.],1,0,[0.4 0.4],1.0,0.0,1.0
1803,0.0,1,902.0,0,1804,0,False,2.0,1,0.0,[1 1],[1. 0.],1,0,[0.4 0.4],1.0,0.0,1.0
1804,0.0,1,903.0,1,1805,1,False,0.0,0,2.0,[1 1],[1. 0.],1,0,[0.4 0.4],1.0,0.0,1.0
1805,1.0,1,903.0,0,1806,0,False,2.0,1,0.0,[1 2],[1. 0.],0,0,[0.4 0.4],1.0,0.0,1.0
1806,0.0,1,904.0,1,1807,1,False,0.0,0,1.0,[1 2],[1. 0.],0,0,[0.4 0.4],1.0,0.0,1.0
1807,1.0,1,904.0,0,1808,0,False,1.0,1,0.0,[1 1],[1. 0.],1,0,[0.4 0.4],1.0,0.0,1.0
1808,0.0,1,905.0,1,1809,1,False,0.0,0,2.0,[1 1],[1. 0.],1,0,[0.4 0.4],1.0,0.0,1.0
1809,1.0,1,905.0,0,1810,0,False,2.0,1,0.0,[2 1],[1. 0.],0,0,[0.4 0.4],1.0,0.0,1.0
1810,0.0,1,906.0,1,1811,1,False,0.0,0,1.0,[2 1],[1. 0.],0,0,[0.4 0.4],1.0,0.0,1.0
1811,0.0,1,906.0,0,1812,0,False,1.0,1,0.0,[2 1],[1. 0.],1,0,[0.4 0.4],1.0,0.0,1.0
1812,0.0,1,907.0,1,1813,1,False,0.0,0,2.0,[2 1],[1. 0.],1,0,[0.4 0.4],1.0,0.0,1.0
1813,0.0,1,907.0,0,1814,0,False,2.0,1,0.0,[1 1],[0. 1.],0,1,[0.4 0.4],1.0,0.0,1.0
1814,0.0,1,908.0,1,1815,1,False,0.0,0,1.0,[1 1],[0. 1.],0,1,[0.4 0.4],1.0,0.0,1.0
1815,0.0,1,908.0,0,1816,0,False,1.0,1,0.0,[2 2],[0. 1.],1,1,[0.4 0.4],1.0,0.0,1.0
1816,0.0,1,909.0,1,1817,1,False,0.0,0,2.0,[2 2],[0. 1.],1,1,[0.4 0.4],1.0,0.0,1.0
1817,1.0,1,909.0,0,1818,0,False,2.0,1,0.0,[2 1],[0. 1.],0,1,[0.4 0.4],1.0,0.0,1.0
1818,0.0,1,910.0,1,1819,1,False,0.0,0,1.0,[2 1],[0. 1.],0,1,[0.4 0.4],1.0,0.0,1.0
1819,1.0,1,910.0,0,1820,0,False,1.0,1,0.0,[2 1],[0. 1.],0,1,[0.4 0.4],1.0,0.0,1.0
1820,0.0,1,911.0,1,1821,1,False,0.0,0,1.0,[2 1],[0. 1.],0,1,[0.4 0.4],1.0,0.0,1.0
1821,1.0,1,911.0,0,1822,0,False,1.0,1,0.0,[2 1],[0. 1.],1,1,[0.4 0.4],1.0,0.0,1.0
1822,0.0,1,912.0,1,1823,1,False,0.0,0,2.0,[2 1],[0. 1.],1,1,[0.4 0.4],1.0,0.0,1.0
1823,1.0,1,912.0,0,1824,0,False,2.0,1,0.0,[1 2],[1. 0.],1,0,[0.4 0.4],1.0,0.0,1.0
1824,0.0,1,913.0,1,1825,1,False,0.0,0,2.0,[1 2],[1. 0.],1,0,[0.4 0.4],1.0,0.0,1.0
1825,1.0,1,913.0,0,1826,0,False,2.0,1,0.0,[1 1],[1. 0.],1,0,[0.4 0.4],1.0,0.0,1.0
1826,0.0,1,914.0,1,1827,1,False,0.0,0,2.0,[1 1],[1. 0.],1,0,[0.4 0.4],1.0,0.0,1.0
1827,1.0,1,914.0,0,1828,0,False,2.0,1,0.0,[2 1],[1. 0.],0,0,[0.4 0.4],1.0,0.0,1.0
1828,0.0,1,915.0,1,1829,1,False,0.0,0,1.0,[2 1],[1. 0.],0,0,[0.4 0.4],1.0,0.0,1.0
1829,0.0,1,915.0,0,1830,0,False,1.0,1,0.0,[2 2],[1. 0.],1,0,[0.4 0.4],1.0,0.0,1.0
1830,0.0,1,916.0,1,1831,1,False,0.0,0,2.0,[2 2],[1. 0.],1,0,[0.4 0.4],1.0,0.0,1.0
1831,0.0,1,916.0,0,1832,0,False,2.0,1,0.0,[1 2],[1. 0.],1,0,[0.4 0.4],1.0,0.0,1.0
1832,0.0,1,917.0,1,1833,1,False,0.0,0,2.0,[1 2],[1. 0.],1,0,[0.4 0.4],1.0,0.0,1.0
1833,1.0,1,917.0,0,1834,0,False,2.0,1,0.0,[2 1],[1. 0.],1,0,[0.4 0.4],1.0,0.0,1.0
1834,0.0,1,918.0,1,1835,1,False,0.0,0,2.0,[2 1],[1. 0.],1,0,[0.4 0.4],1.0,0.0,1.0
1835,0.0,1,918.0,0,1836,0,False,2.0,1,0.0,[2 2],[1. 0.],0,0,[0.4 0.4],1.0,0.0,1.0
1836,0.0,1,919.0,1,1837,1,False,0.0,0,1.0,[2 2],[1. 0.],0,0,[0.4 0.4],1.0,0.0,1.0
1837,0.0,1,919.0,0,1838,0,False,1.0,1,0.0,[2 1],[1. 0.],1,0,[0.4 0.4],1.0,0.0,1.0
1838,0.0,1,920.0,1,1839,1,False,0.0,0,2.0,[2 1],[1. 0.],1,0,[0.4 0.4],1.0,0.0,1.0
1839,0.0,1,920.0,0,1840,0,False,2.0,1,0.0,[1 2],[1. 0.],1,0,[0.4 0.4],1.0,0.0,1.0
1840,0.0,1,921.0,2,1841,1,False,0.0,0,2.0,[1 2],[1. 0.],1,0,[0.4 0.4],1.0,0.0,1.0
1841,0.0,1,921.0,0,1842,0,False,2.0,1,0.0,[2 1],[1. 0.],0,0,[0.4 0.4],1.0,0.0,1.0
1842,0.0,1,922.0,1,1843,1,False,0.0,0,1.0,[2 1],[1. 0.],0,0,[0.4 0.4],1.0,0.0,1.0
1843,0.0,1,922.0,0,1844,0,False,1.0,1,0.0,[2 1],[1. 0.],0,0,[0.4 0.4],1.0,0.0,1.0
1844,0.0,1,923.0,2,1845,1,False,0.0,0,1.0,[2 1],[1. 0.],0,0,[0.4 0.4],1.0,0.0,1.0
1845,1.0,1,923.0,0,1846,0,False,1.0,1,0.0,[2 1],[1. 0.],0,0,[0.4 0.4],1.0,0.0,1.0
1846,0.0,1,924.0,2,1847,1,False,0.0,0,1.0,[2 1],[1. 0.],0,0,[0.4 0.4],1.0,0.0,1.0
1847,1.0,1,924.0,0,1848,0,False,1.0,1,0.0,[1 1],[1. 0.],1,0,[0.4 0.4],1.0,0.0,1.0
1848,0.0,1,925.0,2,1849,1,False,0.0,0,2.0,[1 1],[1. 0.],1,0,[0.4 0.4],1.0,0.0,1.0
1849,1.0,1,925.0,0,1850,0,False,2.0,1,0.0,[2 1],[0. 1.],1,1,[0.4 0.4],1.0,0.0,1.0
1850,0.0,1,926.0,2,1851,1,False,0.0,0,2.0,[2 1],[0. 1.],1,1,[0.4 0.4],1.0,0.0,1.0
1851,0.0,1,926.0,0,1852,0,False,2.0,1,0.0,[2 1],[0. 1.],0,1,[0.4 0.4],1.0,0.0,1.0
1852,0.0,1,927.0,2,1853,1,False,0.0,0,1.0,[2 1],[0. 1.],0,1,[0.4 0.4],1.0,0.0,1.0
1853,0.0,1,927.0,0,1854,0,False,1.0,1,0.0,[1 1],[0. 1.],0,1,[0.4 0.4],1.0,0.0,1.0
1854,0.0,1,928.0,2,1855,1,False,0.0,0,1.0,[1 1],[0. 1.],0,1,[0.4 0.4],1.0,0.0,1.0
1855,0.0,1,928.0,0,1856,0,False,1.0,1,0.0,[2 1],[0. 1.],0,1,[0.4 0.4],1.0,0.0,1.0
1856,0.0,1,929.0,2,1857,1,False,0.0,0,1.0,[2 1],[0. 1.],0,1,[0.4 0.4],1.0,0.0,1.0
1857,0.0,1,929.0,0,1858,0,False,1.0,1,0.0,[1 2],[0. 1.],0,1,[0.4 0.4],1.0,0.0,1.0
1858,0.0,1,930.0,1,1859,1,False,0.0,0,1.0,[1 2],[0. 1.],0,1,[0.4 0.4],1.0,0.0,1.0
1859,0.0,1,930.0,0,1860,0,False,1.0,1,0.0,[1 2],[0. 1.],0,1,[0.4 0.4],1.0,0.0,1.0
1860,0.0,1,931.0,2,1861,1,False,0.0,0,1.0,[1 2],[0. 1.],0,1,[0.4 0.4],1.0,0.0,1.0
1861,1.0,1,931.0,0,1862,0,False,1.0,1,0.0,[2 2],[1. 0.],1,0,[0.4 0.4],1.0,0.0,1.0
1862,0.0,1,932.0,2,1863,1,False,0.0,0,2.0,[2 2],[1. 0.],1,0,[0.4 0.4],1.0,0.0,1.0
1863,0.0,1,932.0,0,1864,0,False,2.0,1,0.0,[2 2],[1. 0.],0,0,[0.4 0.4],1.0,0.0,1.0
1864,0.0,1,933.0,2,1865,1,False,0.0,0,1.0,[2 2],[1. 0.],0,0,[0.4 0.4],1.0,0.0,1.0
1865,0.0,1,933.0,0,1866,0,False,1.0,1,0.0,[1 2],[1. 0.],1,0,[0.4 0.4],1.0,0.0,1.0
1866,0.0,1,934.0,1,1867,1,False,0.0,0,2.0,[1 2],[1. 0.],1,0,[0.4 0.4],1.0,0.0,1.0
1867,1.0,1,934.0,0,1868,0,False,2.0,1,0.0,[2 1],[1. 0.],0,0,[0.4 0.4],1.0,0.0,1.0
1868,0.0,1,935.0,1,1869,1,False,0.0,0,1.0,[2 1],[1. 0.],0,0,[0.4 0.4],1.0,0.0,1.0
1869,0.0,1,935.0,0,1870,0,False,1.0,1,0.0,[1 2],[1. 0.],0,0,[0.4 0.4],1.0,0.0,1.0
1870,0.0,1,936.0,1,1871,1,False,0.0,0,1.0,[1 2],[1. 0.],0,0,[0.4 0.4],1.0,0.0,1.0
1871,1.0,1,936.0,0,1872,0,False,1.0,1,0.0,[2 2],[1. 0.],1,0,[0.4 0.4],1.0,0.0,1.0
1872,0.0,1,937.0,1,1873,1,False,0.0,0,2.0,[2 2],[1. 0.],1,0,[0.4 0.4],1.0,0.0,1.0
1873,0.0,1,937.0,0,1874,0,False,2.0,1,0.0,[2 1],[1. 0.],0,0,[0.4 0.4],1.0,0.0,1.0
1874,0.0,1,938.0,1,1875,1,False,0.0,0,1.0,[2 1],[1. 0.],0,0,[0.4 0.4],1.0,0.0,1.0
1875,0.0,1,938.0,0,1876,0,False,1.0,1,0.0,[2 1],[1. 0.],1,0,[0.4 0.4],1.0,0.0,1.0
1876,0.0,1,939.0,2,1877,1,False,0.0,0,2.0,[2 1],[1. 0.],1,0,[0.4 0.4],1.0,0.0,1.0
1877,1.0,1,939.0,0,1878,0,False,2.0,1,0.0,[2 1],[1. 0.],0,0,[0.4 0.4],1.0,0.0,1.0
1878,0.0,1,940.0,2,1879,1,False,0.0,0,1.0,[2 1],[1. 0.],0,0,[0.4 0.4],1.0,0.0,1.0
1879,1.0,1,940.0,0,1880,0,False,1.0,1,0.0,[1 1],[1. 0.],1,0,[0.4 0.4],1.0,0.0,1.0
1880,0.0,1,941.0,2,1881,1,False,0.0,0,2.0,[1 1],[1. 0.],1,0,[0.4 0.4],1.0,0.0,1.0
1881,1.0,1,941.0,0,1882,0,False,2.0,1,0.0,[1 1],[1. 0.],1,0,[0.4 0.4],1.0,0.0,1.0
1882,0.0,1,942.0,2,1883,1,False,0.0,0,2.0,[1 1],[1. 0.],1,0,[0.4 0.4],1.0,0.0,1.0
1883,1.0,1,942.0,0,1884,0,False,2.0,1,0.0,[2 2],[1. 0.],0,0,[0.4 0.4],1.0,0.0,1.0
1884,0.0,1,943.0,2,1885,1,False,0.0,0,1.0,[2 2],[1. 0.],0,0,[0.4 0.4],1.0,0.0,1.0
1885,0.0,1,943.0,0,1886,0,False,1.0,1,0.0,[2 1],[1. 0.],1,0,[0.4 0.4],1.0,0.0,1.0
1886,0.0,1,944.0,2,1887,1,False,0.0,0,2.0,[2 1],[1. 0.],1,0,[0.4 0.4],1.0,0.0,1.0
1887,1.0,1,944.0,0,1888,0,False,2.0,1,0.0,[1 1],[1. 0.],1,0,[0.4 0.4],1.0,0.0,1.0
1888,0.0,1,945.0,2,1889,1,False,0.0,0,2.0,[1 1],[1. 0.],1,0,[0.4 0.4],1.0,0.0,1.0
1889,1.0,1,945.0,0,1890,0,False,2.0,1,0.0,[2 2],[0. 1.],1,1,[0.4 0.4],1.0,0.0,1.0
1890,0.0,1,946.0,2,1891,1,False,0.0,0,2.0,[2 2],[0. 1.],1,1,[0.4 0.4],1.0,0.0,1.0
1891,1.0,1,946.0,0,1892,0,False,2.0,1,0.0,[1 2],[0. 1.],1,1,[0.4 0.4],1.0,0.0,1.0
1892,0.0,1,947.0,2,1893,1,False,0.0,0,2.0,[1 2],[0. 1.],1,1,[0.4 0.4],1.0,0.0,1.0
1893,1.0,1,947.0,0,1894,0,False,2.0,1,0.0,[1 1],[0. 1.],1,1,[0.4 0.4],1.0,0.0,1.0
1894,0.0,1,948.0,2,1895,1,False,0.0,0,2.0,[1 1],[0. 1.],1,1,[0.4 0.4],1.0,0.0,1.0
1895,0.0,1,948.0,0,1896,0,False,2.0,1,0.0,[1 1],[0. 1.],0,1,[0.4 0.4],1.0,0.0,1.0
1896,0.0,1,949.0,2,1897,1,False,0.0,0,1.0,[1 1],[0. 1.],0,1,[0.4 0.4],1.0,0.0,1.0
1897,0.0,1,949.0,0,1898,0,False,1.0,1,0.0,[1 1],[0. 1.],1,1,[0.4 0.4],1.0,0.0,1.0
1898,0.0,1,950.0,2,1899,1,False,0.0,0,2.0,[1 1],[0. 1.],1,1,[0.4 0.4],1.0,0.0,1.0
1899,0.0,1,950.0,0,1900,0,False,2.0,1,0.0,[1 2],[0. 1.],0,1,[0.4 0.4],1.0,0.0,1.0
1900,0.0,1,951.0,2,1901,1,False,0.0,0,1.0,[1 2],[0. 1.],0,1,[0.4 0.4],1.0,0.0,1.0
1901,1.0,1,951.0,0,1902,0,False,1.0,1,0.0,[2 2],[0. 1.],1,1,[0.4 0.4],1.0,0.0,1.0
1902,0.0,1,952.0,2,1903,1,False,0.0,0,2.0,[2 2],[0. 1.],1,1,[0.4 0.4],1.0,0.0,1.0
1903,1.0,1,952.0,0,1904,0,False,2.0,1,0.0,[2 1],[0. 1.],0,1,[0.4 0.4],1.0,0.0,1.0
1904,0.0,1,953.0,2,1905,1,False,0.0,0,1.0,[2 1],[0. 1.],0,1,[0.4 0.4],1.0,0.0,1.0
1905,0.0,1,953.0,0,1906,0,False,1.0,1,0.0,[2 2],[0. 1.],1,1,[0.4 0.4],1.0,0.0,1.0
1906,0.0,1,954.0,2,1907,1,False,0.0,0,2.0,[2 2],[0. 1.],1,1,[0.4 0.4],1.0,0.0,1.0
1907,1.0,1,954.0,0,1908,0,False,2.0,1,0.0,[2 1],[0. 1.],0,1,[0.4 0.4],1.0,0.0,1.0
1908,0.0,1,955.0,2,1909,1,False,0.0,0,1.0,[2 1],[0. 1.],0,1,[0.4 0.4],1.0,0.0,1.0
1909,0.0,1,955.0,0,1910,0,False,1.0,1,0.0,[2 1],[0. 1.],1,1,[0.4 0.4],1.0,0.0,1.0
1910,0.0,1,956.0,2,1911,1,False,0.0,0,2.0,[2 1],[0. 1.],1,1,[0.4 0.4],1.0,0.0,1.0
1911,0.0,1,956.0,0,1912,0,False,2.0,1,0.0,[1 1],[0. 1.],0,1,[0.4 0.4],1.0,0.0,1.0
1912,0.0,1,957.0,2,1913,1,False,0.0,0,1.0,[1 1],[0. 1.],0,1,[0.4 0.4],1.0,0.0,1.0
1913,0.0,1,957.0,0,1914,0,False,1.0,1,0.0,[2 1],[0. 1.],0,1,[0.4 0.4],1.0,0.0,1.0
1914,0.0,1,958.0,1,1915,1,False,0.0,0,1.0,[2 1],[0. 1.],0,1,[0.4 0.4],1.0,0.0,1.0
1915,1.0,1,958.0,0,1916,0,False,1.0,1,0.0,[1 2],[0. 1.],1,1,[0.4 0.4],1.0,0.0,1.0
1916,0.0,1,959.0,1,1917,1,False,0.0,0,2.0,[1 2],[0. 1.],1,1,[0.4 0.4],1.0,0.0,1.0
1917,0.0,1,959.0,0,1918,0,False,2.0,1,0.0,[1 1],[0. 1.],1,1,[0.4 0.4],1.0,0.0,1.0
1918,0.0,1,960.0,1,1919,1,False,0.0,0,2.0,[1 1],[0. 1.],1,1,[0.4 0.4],1.0,0.0,1.0
1919,0.0,1,960.0,0,1920,0,False,2.0,1,0.0,[1 1],[0. 1.],0,1,[0.4 0.4],1.0,0.0,1.0
1920,0.0,1,961.0,2,1921,1,False,0.0,0,1.0,[1 1],[0. 1.],0,1,[0.4 0.4],1.0,0.0,1.0
1921,0.0,1,961.0,0,1922,0,False,1.0,1,0.0,[2 2],[0. 1.],1,1,[0.4 0.4],1.0,0.0,1.0
1922,0.0,1,962.0,1,1923,1,False,0.0,0,2.0,[2 2],[0. 1.],1,1,[0.4 0.4],1.0,0.0,1.0
1923,1.0,1,962.0,0,1924,0,False,2.0,1,0.0,[1 2],[0. 1.],0,1,[0.4 0.4],1.0,0.0,1.0
1924,0.0,1,963.0,1,1925,1,False,0.0,0,1.0,[1 2],[0. 1.],0,1,[0.4 0.4],1.0,0.0,1.0
1925,0.0,1,963.0,0,1926,0,False,1.0,1,0.0,[1 2],[0. 1.],1,1,[0.4 0.4],1.0,0.0,1.0
1926,0.0,1,964.0,1,1927,1,False,0.0,0,2.0,[1 2],[0. 1.],1,1,[0.4 0.4],1.0,0.0,1.0
1927,0.0,1,964.0,0,1928,0,False,2.0,1,0.0,[2 2],[0. 1.],1,1,[0.4 0.4],1.0,0.0,1.0
1928,0.0,1,965.0,2,1929,1,False,0.0,0,2.0,[2 2],[0. 1.],1,1,[0.4 0.4],1.0,0.0,1.0
1929,1.0,1,965.0,0,1930,0,False,2.0,1,0.0,[2 1],[0. 1.],1,1,[0.4 0.4],1.0,0.0,1.0
1930,0.0,1,966.0,2,1931,1,False,0.0,0,2.0,[2 1],[0. 1.],1,1,[0.4 0.4],1.0,0.0,1.0
1931,0.0,1,966.0,0,1932,0,False,2.0,1,0.0,[1 2],[0. 1.],1,1,[0.4 0.4],1.0,0.0,1.0
1932,0.0,1,967.0,2,1933,1,False,0.0,0,2.0,[1 2],[0. 1.],1,1,[0.4 0.4],1.0,0.0,1.0
1933,1.0,1,967.0,0,1934,0,False,2.0,1,0.0,[2 1],[0. 1.],0,1,[0.4 0.4],1.0,0.0,1.0
1934,0.0,1,968.0,2,1935,1,False,0.0,0,1.0,[2 1],[0. 1.],0,1,[0.4 0.4],1.0,0.0,1.0
1935,0.0,1,968.0,0,1936,0,False,1.0,1,0.0,[2 2],[0. 1.],1,1,[0.4 0.4],1.0,0.0,1.0
1936,0.0,1,969.0,2,1937,1,False,0.0,0,2.0,[2 2],[0. 1.],1,1,[0.4 0.4],1.0,0.0,1.0
1937,1.0,1,969.0,0,1938,0,False,2.0,1,0.0,[2 2],[0. 1.],0,1,[0.4 0.4],1.0,0.0,1.0
1938,0.0,1,970.0,2,1939,1,False,0.0,0,1.0,[2 2],[0. 1.],0,1,[0.4 0.4],1.0,0.0,1.0
1939,1.0,1,970.0,0,1940,0,False,1.0,1,0.0,[2 1],[0. 1.],0,1,[0.4 0.4],1.0,0.0,1.0
1940,0.0,1,971.0,2,1941,1,False,0.0,0,1.0,[2 1],[0. 1.],0,1,[0.4 0.4],1.0,0.0,1.0
1941,0.0,1,971.0,0,1942,0,False,1.0,1,0.0,[2 1],[0. 1.],1,1,[0.4 0.4],1.0,0.0,1.0
1942,0.0,1,972.0,2,1943,1,False,0.0,0,2.0,[2 1],[0. 1.],1,1,[0.4 0.4],1.0,0.0,1.0
1943,0.0,1,972.0,0,1944,0,False,2.0,1,0.0,[1 2],[0. 1.],0,1,[0.4 0.4],1.0,0.0,1.0
1944,0.0,1,973.0,2,1945,1,False,0.0,0,1.0,[1 2],[0. 1.],0,1,[0.4 0.4],1.0,0.0,1.0
1945,1.0,1,973.0,0,1946,0,False,1.0,1,0.0,[2 1],[0. 1.],1,1,[0.4 0.4],1.0,0.0,1.0
1946,0.0,1,974.0,2,1947,1,False,0.0,0,2.0,[2 1],[0. 1.],1,1,[0.4 0.4],1.0,0.0,1.0
1947,0.0,1,974.0,0,1948,0,False,2.0,1,0.0,[2 1],[1. 0.],1,0,[0.4 0.4],1.0,0.0,1.0
1948,0.0,1,975.0,2,1949,1,False,0.0,0,2.0,[2 1],[1. 0.],1,0,[0.4 0.4],1.0,0.0,1.0
1949,1.0,1,975.0,0,1950,0,False,2.0,1,0.0,[1 2],[1. 0.],1,0,[0.4 0.4],1.0,0.0,1.0
1950,0.0,1,976.0,2,1951,1,False,0.0,0,2.0,[1 2],[1. 0.],1,0,[0.4 0.4],1.0,0.0,1.0
1951,0.0,1,976.0,0,1952,0,False,2.0,1,0.0,[2 2],[1. 0.],0,0,[0.4 0.4],1.0,0.0,1.0
1952,0.0,1,977.0,2,1953,1,False,0.0,0,1.0,[2 2],[1. 0.],0,0,[0.4 0.4],1.0,0.0,1.0
1953,0.0,1,977.0,0,1954,0,False,1.0,1,0.0,[2 1],[1. 0.],1,0,[0.4 0.4],1.0,0.0,1.0
1954,0.0,1,978.0,2,1955,1,False,0.0,0,2.0,[2 1],[1. 0.],1,0,[0.4 0.4],1.0,0.0,1.0
1955,1.0,1,978.0,0,1956,0,False,2.0,1,0.0,[2 1],[1. 0.],0,0,[0.4 0.4],1.0,0.0,1.0
1956,0.0,1,979.0,2,1957,1,False,0.0,0,1.0,[2 1],[1. 0.],0,0,[0.4 0.4],1.0,0.0,1.0
1957,1.0,1,979.0,0,1958,0,False,1.0,1,0.0,[2 1],[1. 0.],0,0,[0.4 0.4],1.0,0.0,1.0
1958,0.0,1,980.0,2,1959,1,False,0.0,0,1.0,[2 1],[1. 0.],0,0,[0.4 0.4],1.0,0.0,1.0
1959,1.0,1,980.0,0,1960,0,False,1.0,1,0.0,[1 1],[1. 0.],1,0,[0.4 0.4],1.0,0.0,1.0
1960,0.0,1,981.0,2,1961,1,False,0.0,0,2.0,[1 1],[1. 0.],1,0,[0.4 0.4],1.0,0.0,1.0
1961,1.0,1,981.0,0,1962,0,False,2.0,1,0.0,[2 2],[1. 0.],0,0,[0.4 0.4],1.0,0.0,1.0
1962,0.0,1,982.0,2,1963,1,False,0.0,0,1.0,[2 2],[1. 0.],0,0,[0.4 0.4],1.0,0.0,1.0
1963,0.0,1,982.0,0,1964,0,False,1.0,1,0.0,[1 2],[1. 0.],0,0,[0.4 0.4],1.0,0.0,1.0
1964,0.0,1,983.0,2,1965,1,False,0.0,0,1.0,[1 2],[1. 0.],0,0,[0.4 0.4],1.0,0.0,1.0
1965,0.0,1,983.0,0,1966,0,False,1.0,1,0.0,[2 2],[1. 0.],0,0,[0.4 0.4],1.0,0.0,1.0
1966,0.0,1,984.0,2,1967,1,False,0.0,0,1.0,[2 2],[1. 0.],0,0,[0.4 0.4],1.0,0.0,1.0
1967,0.0,1,984.0,0,1968,0,False,1.0,1,0.0,[2 1],[1. 0.],1,0,[0.4 0.4],1.0,0.0,1.0
1968,0.0,1,985.0,2,1969,1,False,0.0,0,2.0,[2 1],[1. 0.],1,0,[0.4 0.4],1.0,0.0,1.0
1969,1.0,1,985.0,0,1970,0,False,2.0,1,0.0,[1 1],[1. 0.],1,0,[0.4 0.4],1.0,0.0,1.0
1970,0.0,1,986.0,2,1971,1,False,0.0,0,2.0,[1 1],[1. 0.],1,0,[0.4 0.4],1.0,0.0,1.0
1971,1.0,1,986.0,0,1972,0,False,2.0,1,0.0,[1 1],[1. 0.],0,0,[0.4 0.4],1.0,0.0,1.0
1972,0.0,1,987.0,2,1973,1,False,0.0,0,1.0,[1 1],[1. 0.],0,0,[0.4 0.4],1.0,0.0,1.0
1973,1.0,1,987.0,0,1974,0,False,1.0,1,0.0,[1 2],[1. 0.],0,0,[0.4 0.4],1.0,0.0,1.0
1974,0.0,1,988.0,2,1975,1,False,0.0,0,1.0,[1 2],[1. 0.],0,0,[0.4 0.4],1.0,0.0,1.0
1975,0.0,1,988.0,0,1976,0,False,1.0,1,0.0,[2 1],[1. 0.],1,0,[0.4 0.4],1.0,0.0,1.0
1976,0.0,1,989.0,2,1977,1,False,0.0,0,2.0,[2 1],[1. 0.],1,0,[0.4 0.4],1.0,0.0,1.0
1977,1.0,1,989.0,0,1978,0,False,2.0,1,0.0,[2 1],[1. 0.],0,0,[0.4 0.4],1.0,0.0,1.0
1978,0.0,1,990.0,2,1979,1,False,0.0,0,1.0,[2 1],[1. 0.],0,0,[0.4 0.4],1.0,0.0,1.0
1979,1.0,1,990.0,0,1980,0,False,1.0,1,0.0,[2 1],[1. 0.],0,0,[0.4 0.4],1.0,0.0,1.0
1980,0.0,1,991.0,2,1981,1,False,0.0,0,1.0,[2 1],[1. 0.],0,0,[0.4 0.4],1.0,0.0,1.0
1981,1.0,1,991.0,0,1982,0,False,1.0,1,0.0,[2 1],[1. 0.],1,0,[0.4 0.4],1.0,0.0,1.0
1982,0.0,1,992.0,2,1983,1,False,0.0,0,2.0,[2 1],[1. 0.],1,0,[0.4 0.4],1.0,0.0,1.0
1983,1.0,1,992.0,0,1984,0,False,2.0,1,0.0,[2 1],[1. 0.],1,0,[0.4 0.4],1.0,0.0,1.0
1984,0.0,1,993.0,2,1985,1,False,0.0,0,2.0,[2 1],[1. 0.],1,0,[0.4 0.4],1.0,0.0,1.0
1985,1.0,1,993.0,0,1986,0,False,2.0,1,0.0,[2 1],[1. 0.],1,0,[0.4 0.4],1.0,0.0,1.0
1986,0.0,1,994.0,2,1987,1,False,0.0,0,2.0,[2 1],[1. 0.],1,0,[0.4 0.4],1.0,0.0,1.0
1987,1.0,1,994.0,0,1988,0,False,2.0,1,0.0,[1 1],[1. 0.],1,0,[0.4 0.4],1.0,0.0,1.0
1988,0.0,1,995.0,2,1989,1,False,0.0,0,2.0,[1 1],[1. 0.],1,0,[0.4 0.4],1.0,0.0,1.0
1989,1.0,1,995.0,0,1990,0,False,2.0,1,0.0,[2 1],[1. 0.],0,0,[0.4 0.4],1.0,0.0,1.0
1990,0.0,1,996.0,2,1991,1,False,0.0,0,1.0,[2 1],[1. 0.],0,0,[0.4 0.4],1.0,0.0,1.0
1991,1.0,1,996.0,0,1992,0,False,1.0,1,0.0,[1 1],[1. 0.],1,0,[0.4 0.4],1.0,0.0,1.0
1992,0.0,1,997.0,2,1993,1,False,0.0,0,2.0,[1 1],[1. 0.],1,0,[0.4 0.4],1.0,0.0,1.0
1993,1.0,1,997.0,0,1994,0,False,2.0,1,0.0,[2 2],[1. 0.],1,0,[0.4 0.4],1.0,0.0,1.0
1994,0.0,1,998.0,2,1995,1,False,0.0,0,2.0,[2 2],[1. 0.],1,0,[0.4 0.4],1.0,0.0,1.0
1995,0.0,1,998.0,0,1996,0,False,2.0,1,0.0,[1 1],[1. 0.],1,0,[0.4 0.4],1.0,0.0,1.0
1996,0.0,1,999.0,2,1997,1,False,0.0,0,2.0,[1 1],[1. 0.],1,0,[0.4 0.4],1.0,0.0,1.0
1997,1.0,1,999.0,0,1998,0,False,2.0,1,0.0,[1 1],[1. 0.],0,0,[0.4 0.4],1.0,0.0,1.0
1998,0.0,1,1000.0,2,1999,1,False,0.0,0,1.0,[1 1],[1. 0.],0,0,[0.4 0.4],1.0,0.0,1.0
1999,1.0,1,1000.0,0,2000,0,True,1.0,1,0.0,[2 2],[1. 0.],0,0,[0.4 0.4],1.0,0.0,1.0
0,0.0,1,1.0,2,1,1,False,0.0,0,1.0,[2 1],[1. 0.],0,0,[0.6 0.6],1.0,0.0,1.0
1,1.0,1,1.0,0,2,0,False,1.0,1,0.0,[1 2],[1. 0.],0,0,[0.6 0.6],1.0,0.0,1.0
2,0.0,1,2.0,2,3,1,False,0.0,0,1.0,[1 2],[1. 0.],0,0,[0.6 0.6],1.0,0.0,1.0
3,0.0,1,2.0,0,4,0,False,1.0,1,0.0,[1 1],[1. 0.],0,0,[0.6 0.6],1.0,0.0,1.0
4,0.0,1,3.0,2,5,1,False,0.0,0,1.0,[1 1],[1. 0.],0,0,[0.6 0.6],1.0,0.0,1.0
5,1.0,1,3.0,0,6,0,False,1.0,1,0.0,[1 1],[1. 0.],1,0,[0.6 0.6],1.0,0.0,1.0
6,0.0,1,4.0,2,7,1,False,0.0,0,2.0,[1 1],[1. 0.],1,0,[0.6 0.6],1.0,0.0,1.0
7,1.0,1,4.0,0,8,0,False,2.0,1,0.0,[2 2],[1. 0.],1,0,[0.6 0.6],1.0,0.0,1.0
8,0.0,1,5.0,2,9,1,False,0.0,0,2.0,[2 2],[1. 0.],1,0,[0.6 0.6],1.0,0.0,1.0
9,0.0,1,5.0,0,10,0,False,2.0,1,0.0,[2 1],[1. 0.],0,0,[0.6 0.6],1.0,0.0,1.0
10,0.0,1,6.0,2,11,1,False,0.0,0,1.0,[2 1],[1. 0.],0,0,[0.6 0.6],1.0,0.0,1.0
11,1.0,1,6.0,0,12,0,False,1.0,1,0.0,[1 2],[1. 0.],0,0,[0.6 0.6],1.0,0.0,1.0
12,0.0,1,7.0,2,13,1,False,0.0,0,1.0,[1 2],[1. 0.],0,0,[0.6 0.6],1.0,0.0,1.0
13,0.0,1,7.0,0,14,0,False,1.0,1,0.0,[2 2],[1. 0.],1,0,[0.6 0.6],1.0,0.0,1.0
14,0.0,1,8.0,2,15,1,False,0.0,0,2.0,[2 2],[1. 0.],1,0,[0.6 0.6],1.0,0.0,1.0
15,0.0,1,8.0,0,16,0,False,2.0,1,0.0,[2 2],[1. 0.],0,0,[0.6 0.6],1.0,0.0,1.0
16,0.0,1,9.0,1,17,1,False,0.0,0,1.0,[2 2],[1. 0.],0,0,[0.6 0.6],1.0,0.0,1.0
17,0.0,1,9.0,0,18,0,False,1.0,1,0.0,[2 1],[1. 0.],1,0,[0.6 0.6],1.0,0.0,1.0
18,0.0,1,10.0,2,19,1,False,0.0,0,2.0,[2 1],[1. 0.],1,0,[0.6 0.6],1.0,0.0,1.0
19,1.0,1,10.0,0,20,0,False,2.0,1,0.0,[2 2],[1. 0.],0,0,[0.6 0.6],1.0,0.0,1.0
20,0.0,1,11.0,2,21,1,False,0.0,0,1.0,[2 2],[1. 0.],0,0,[0.6 0.6],1.0,0.0,1.0
21,0.0,1,11.0,0,22,0,False,1.0,1,0.0,[2 2],[1. 0.],1,0,[0.6 0.6],1.0,0.0,1.0
22,0.0,1,12.0,2,23,1,False,0.0,0,2.0,[2 2],[1. 0.],1,0,[0.6 0.6],1.0,0.0,1.0
23,0.0,1,12.0,0,24,0,False,2.0,1,0.0,[1 1],[1. 0.],0,0,[0.6 0.6],1.0,0.0,1.0
24,0.0,1,13.0,1,25,1,False,0.0,0,1.0,[1 1],[1. 0.],0,0,[0.6 0.6],1.0,0.0,1.0
25,1.0,1,13.0,0,26,0,False,1.0,1,0.0,[2 1],[1. 0.],0,0,[0.6 0.6],1.0,0.0,1.0
26,0.0,1,14.0,1,27,1,False,0.0,0,1.0,[2 1],[1. 0.],0,0,[0.6 0.6],1.0,0.0,1.0
27,0.0,1,14.0,0,28,0,False,1.0,1,0.0,[2 1],[1. 0.],0,0,[0.6 0.6],1.0,0.0,1.0
28,0.0,1,15.0,1,29,1,False,0.0,0,1.0,[2 1],[1. 0.],0,0,[0.6 0.6],1.0,0.0,1.0
29,0.0,1,15.0,0,30,0,False,1.0,1,0.0,[2 1],[1. 0.],0,0,[0.6 0.6],1.0,0.0,1.0
30,0.0,1,16.0,2,31,1,False,0.0,0,1.0,[2 1],[1. 0.],0,0,[0.6 0.6],1.0,0.0,1.0
31,1.0,1,16.0,0,32,0,False,1.0,1,0.0,[2 1],[1. 0.],0,0,[0.6 0.6],1.0,0.0,1.0
32,0.0,1,17.0,2,33,1,False,0.0,0,1.0,[2 1],[1. 0.],0,0,[0.6 0.6],1.0,0.0,1.0
33,1.0,1,17.0,0,34,0,False,1.0,1,0.0,[2 1],[1. 0.],1,0,[0.6 0.6],1.0,0.0,1.0
34,0.0,1,18.0,2,35,1,False,0.0,0,2.0,[2 1],[1. 0.],1,0,[0.6 0.6],1.0,0.0,1.0
35,1.0,1,18.0,0,36,0,False,2.0,1,0.0,[1 1],[1. 0.],1,0,[0.6 0.6],1.0,0.0,1.0
36,0.0,1,19.0,2,37,1,False,0.0,0,2.0,[1 1],[1. 0.],1,0,[0.6 0.6],1.0,0.0,1.0
37,1.0,1,19.0,0,38,0,False,2.0,1,0.0,[1 2],[1. 0.],0,0,[0.6 0.6],1.0,0.0,1.0
38,0.0,1,20.0,2,39,1,False,0.0,0,1.0,[1 2],[1. 0.],0,0,[0.6 0.6],1.0,0.0,1.0
39,0.0,1,20.0,0,40,0,False,1.0,1,0.0,[2 1],[1. 0.],1,0,[0.6 0.6],1.0,0.0,1.0
40,0.0,1,21.0,2,41,1,False,0.0,0,2.0,[2 1],[1. 0.],1,0,[0.6 0.6],1.0,0.0,1.0
41,1.0,1,21.0,0,42,0,False,2.0,1,0.0,[1 1],[1. 0.],0,0,[0.6 0.6],1.0,0.0,1.0
42,0.0,1,22.0,2,43,1,False,0.0,0,1.0,[1 1],[1. 0.],0,0,[0.6 0.6],1.0,0.0,1.0
43,1.0,1,22.0,0,44,0,False,1.0,1,0.0,[2 1],[1. 0.],0,0,[0.6 0.6],1.0,0.0,1.0
44,0.0,1,23.0,2,45,1,False,0.0,0,1.0,[2 1],[1. 0.],0,0,[0.6 0.6],1.0,0.0,1.0
45,1.0,1,23.0,0,46,0,False,1.0,1,0.0,[1 1],[1. 0.],1,0,[0.6 0.6],1.0,0.0,1.0
46,0.0,1,24.0,2,47,1,False,0.0,0,2.0,[1 1],[1. 0.],1,0,[0.6 0.6],1.0,0.0,1.0
47,1.0,1,24.0,0,48,0,False,2.0,1,0.0,[1 2],[1. 0.],1,0,[0.6 0.6],1.0,0.0,1.0
48,0.0,1,25.0,2,49,1,False,0.0,0,2.0,[1 2],[1. 0.],1,0,[0.6 0.6],1.0,0.0,1.0
49,0.0,1,25.0,0,50,0,False,2.0,1,0.0,[2 1],[1. 0.],1,0,[0.6 0.6],1.0,0.0,1.0
50,0.0,1,26.0,2,51,1,False,0.0,0,2.0,[2 1],[1. 0.],1,0,[0.6 0.6],1.0,0.0,1.0
51,1.0,1,26.0,0,52,0,False,2.0,1,0.0,[1 1],[1. 0.],1,0,[0.6 0.6],1.0,0.0,1.0
52,0.0,1,27.0,2,53,1,False,0.0,0,2.0,[1 1],[1. 0.],1,0,[0.6 0.6],1.0,0.0,1.0
53,1.0,1,27.0,0,54,0,False,2.0,1,0.0,[2 1],[1. 0.],1,0,[0.6 0.6],1.0,0.0,1.0
54,0.0,1,28.0,2,55,1,False,0.0,0,2.0,[2 1],[1. 0.],1,0,[0.6 0.6],1.0,0.0,1.0
55,1.0,1,28.0,0,56,0,False,2.0,1,0.0,[1 1],[1. 0.],0,0,[0.6 0.6],1.0,0.0,1.0
56,0.0,1,29.0,2,57,1,False,0.0,0,1.0,[1 1],[1. 0.],0,0,[0.6 0.6],1.0,0.0,1.0
57,1.0,1,29.0,0,58,0,False,1.0,1,0.0,[1 2],[0. 1.],0,1,[0.6 0.6],1.0,0.0,1.0
58,0.0,1,30.0,2,59,1,False,0.0,0,1.0,[1 2],[0. 1.],0,1,[0.6 0.6],1.0,0.0,1.0
59,1.0,1,30.0,0,60,0,False,1.0,1,0.0,[1 1],[0. 1.],0,1,[0.6 0.6],1.0,0.0,1.0
60,0.0,1,31.0,2,61,1,False,0.0,0,1.0,[1 1],[0. 1.],0,1,[0.6 0.6],1.0,0.0,1.0
61,0.0,1,31.0,0,62,0,False,1.0,1,0.0,[1 2],[0. 1.],1,1,[0.6 0.6],1.0,0.0,1.0
62,0.0,1,32.0,2,63,1,False,0.0,0,2.0,[1 2],[0. 1.],1,1,[0.6 0.6],1.0,0.0,1.0
63,1.0,1,32.0,0,64,0,False,2.0,1,0.0,[1 2],[0. 1.],0,1,[0.6 0.6],1.0,0.0,1.0
64,0.0,1,33.0,2,65,1,False,0.0,0,1.0,[1 2],[0. 1.],0,1,[0.6 0.6],1.0,0.0,1.0
65,1.0,1,33.0,0,66,0,False,1.0,1,0.0,[1 2],[0. 1.],0,1,[0.6 0.6],1.0,0.0,1.0
66,0.0,1,34.0,2,67,1,False,0.0,0,1.0,[1 2],[0. 1.],0,1,[0.6 0.6],1.0,0.0,1.0
67,1.0,1,34.0,0,68,0,False,1.0,1,0.0,[1 1],[0. 1.],1,1,[0.6 0.6],1.0,0.0,1.0
68,0.0,1,35.0,2,69,1,False,0.0,0,2.0,[1 1],[0. 1.],1,1,[0.6 0.6],1.0,0.0,1.0
69,0.0,1,35.0,0,70,0,False,2.0,1,0.0,[1 1],[0. 1.],0,1,[0.6 0.6],1.0,0.0,1.0
70,0.0,1,36.0,2,71,1,False,0.0,0,1.0,[1 1],[0. 1.],0,1,[0.6 0.6],1.0,0.0,1.0
71,0.0,1,36.0,0,72,0,False,1.0,1,0.0,[1 2],[0. 1.],0,1,[0.6 0.6],1.0,0.0,1.0
72,0.0,1,37.0,2,73,1,False,0.0,0,1.0,[1 2],[0. 1.],0,1,[0.6 0.6],1.0,0.0,1.0
73,1.0,1,37.0,0,74,0,False,1.0,1,0.0,[1 2],[0. 1.],0,1,[0.6 0.6],1.0,0.0,1.0
74,0.0,1,38.0,2,75,1,False,0.0,0,1.0,[1 2],[0. 1.],0,1,[0.6 0.6],1.0,0.0,1.0
75,1.0,1,38.0,0,76,0,False,1.0,1,0.0,[2 1],[0. 1.],0,1,[0.6 0.6],1.0,0.0,1.0
76,0.0,1,39.0,2,77,1,False,0.0,0,1.0,[2 1],[0. 1.],0,1,[0.6 0.6],1.0,0.0,1.0
77,0.0,1,39.0,0,78,0,False,1.0,1,0.0,[1 1],[0. 1.],1,1,[0.6 0.6],1.0,0.0,1.0
78,0.0,1,40.0,2,79,1,False,0.0,0,2.0,[1 1],[0. 1.],1,1,[0.6 0.6],1.0,0.0,1.0
79,0.0,1,40.0,0,80,0,False,2.0,1,0.0,[1 2],[0. 1.],0,1,[0.6 0.6],1.0,0.0,1.0
80,0.0,1,41.0,2,81,1,False,0.0,0,1.0,[1 2],[0. 1.],0,1,[0.6 0.6],1.0,0.0,1.0
81,1.0,1,41.0,0,82,0,False,1.0,1,0.0,[1 2],[0. 1.],0,1,[0.6 0.6],1.0,0.0,1.0
82,0.0,1,42.0,2,83,1,False,0.0,0,1.0,[1 2],[0. 1.],0,1,[0.6 0.6],1.0,0.0,1.0
83,1.0,1,42.0,0,84,0,False,1.0,1,0.0,[1 2],[0. 1.],0,1,[0.6 0.6],1.0,0.0,1.0
84,0.0,1,43.0,2,85,1,False,0.0,0,1.0,[1 2],[0. 1.],0,1,[0.6 0.6],1.0,0.0,1.0
85,1.0,1,43.0,0,86,0,False,1.0,1,0.0,[2 2],[0. 1.],0,1,[0.6 0.6],1.0,0.0,1.0
86,0.0,1,44.0,2,87,1,False,0.0,0,1.0,[2 2],[0. 1.],0,1,[0.6 0.6],1.0,0.0,1.0
87,1.0,1,44.0,0,88,0,False,1.0,1,0.0,[1 2],[0. 1.],0,1,[0.6 0.6],1.0,0.0,1.0
88,0.0,1,45.0,2,89,1,False,0.0,0,1.0,[1 2],[0. 1.],0,1,[0.6 0.6],1.0,0.0,1.0
89,1.0,1,45.0,0,90,0,False,1.0,1,0.0,[2 1],[0. 1.],0,1,[0.6 0.6],1.0,0.0,1.0
90,0.0,1,46.0,2,91,1,False,0.0,0,1.0,[2 1],[0. 1.],0,1,[0.6 0.6],1.0,0.0,1.0
91,0.0,1,46.0,0,92,0,False,1.0,1,0.0,[1 2],[0. 1.],0,1,[0.6 0.6],1.0,0.0,1.0
92,0.0,1,47.0,2,93,1,False,0.0,0,1.0,[1 2],[0. 1.],0,1,[0.6 0.6],1.0,0.0,1.0
93,1.0,1,47.0,0,94,0,False,1.0,1,0.0,[2 2],[0. 1.],0,1,[0.6 0.6],1.0,0.0,1.0
94,0.0,1,48.0,2,95,1,False,0.0,0,1.0,[2 2],[0. 1.],0,1,[0.6 0.6],1.0,0.0,1.0
95,1.0,1,48.0,0,96,0,False,1.0,1,0.0,[1 2],[0. 1.],0,1,[0.6 0.6],1.0,0.0,1.0
96,0.0,1,49.0,2,97,1,False,0.0,0,1.0,[1 2],[0. 1.],0,1,[0.6 0.6],1.0,0.0,1.0
97,1.0,1,49.0,0,98,0,False,1.0,1,0.0,[1 1],[0. 1.],1,1,[0.6 0.6],1.0,0.0,1.0
98,0.0,1,50.0,2,99,1,False,0.0,0,2.0,[1 1],[0. 1.],1,1,[0.6 0.6],1.0,0.0,1.0
99,0.0,1,50.0,0,100,0,False,2.0,1,0.0,[1 2],[0. 1.],1,1,[0.6 0.6],1.0,0.0,1.0
100,0.0,1,51.0,2,101,1,False,0.0,0,2.0,[1 2],[0. 1.],1,1,[0.6 0.6],1.0,0.0,1.0
101,1.0,1,51.0,0,102,0,False,2.0,1,0.0,[1 2],[0. 1.],0,1,[0.6 0.6],1.0,0.0,1.0
102,0.0,1,52.0,2,103,1,False,0.0,0,1.0,[1 2],[0. 1.],0,1,[0.6 0.6],1.0,0.0,1.0
103,1.0,1,52.0,0,104,0,False,1.0,1,0.0,[1 2],[0. 1.],1,1,[0.6 0.6],1.0,0.0,1.0
104,0.0,1,53.0,2,105,1,False,0.0,0,2.0,[1 2],[0. 1.],1,1,[0.6 0.6],1.0,0.0,1.0
105,1.0,1,53.0,0,106,0,False,2.0,1,0.0,[1 2],[0. 1.],1,1,[0.6 0.6],1.0,0.0,1.0
106,0.0,1,54.0,2,107,1,False,0.0,0,2.0,[1 2],[0. 1.],1,1,[0.6 0.6],1.0,0.0,1.0
107,1.0,1,54.0,0,108,0,False,2.0,1,0.0,[1 2],[0. 1.],1,1,[0.6 0.6],1.0,0.0,1.0
108,0.0,1,55.0,2,109,1,False,0.0,0,2.0,[1 2],[0. 1.],1,1,[0.6 0.6],1.0,0.0,1.0
109,1.0,1,55.0,0,110,0,False,2.0,1,0.0,[1 2],[0. 1.],0,1,[0.6 0.6],1.0,0.0,1.0
110,0.0,1,56.0,2,111,1,False,0.0,0,1.0,[1 2],[0. 1.],0,1,[0.6 0.6],1.0,0.0,1.0
111,1.0,1,56.0,0,112,0,False,1.0,1,0.0,[1 2],[0. 1.],1,1,[0.6 0.6],1.0,0.0,1.0
112,0.0,1,57.0,2,113,1,False,0.0,0,2.0,[1 2],[0. 1.],1,1,[0.6 0.6],1.0,0.0,1.0
113,1.0,1,57.0,0,114,0,False,2.0,1,0.0,[1 2],[0. 1.],1,1,[0.6 0.6],1.0,0.0,1.0
114,0.0,1,58.0,2,115,1,False,0.0,0,2.0,[1 2],[0. 1.],1,1,[0.6 0.6],1.0,0.0,1.0
115,1.0,1,58.0,0,116,0,False,2.0,1,0.0,[2 2],[0. 1.],0,1,[0.6 0.6],1.0,0.0,1.0
116,0.0,1,59.0,2,117,1,False,0.0,0,1.0,[2 2],[0. 1.],0,1,[0.6 0.6],1.0,0.0,1.0
117,1.0,1,59.0,0,118,0,False,1.0,1,0.0,[2 2],[0. 1.],0,1,[0.6 0.6],1.0,0.0,1.0
118,0.0,1,60.0,2,119,1,False,0.0,0,1.0,[2 2],[0. 1.],0,1,[0.6 0.6],1.0,0.0,1.0
119,1.0,1,60.0,0,120,0,False,1.0,1,0.0,[1 2],[0. 1.],1,1,[0.6 0.6],1.0,0.0,1.0
120,0.0,1,61.0,2,121,1,False,0.0,0,2.0,[1 2],[0. 1.],1,1,[0.6 0.6],1.0,0.0,1.0
121,1.0,1,61.0,0,122,0,False,2.0,1,0.0,[2 1],[0. 1.],1,1,[0.6 0.6],1.0,0.0,1.0
122,0.0,1,62.0,2,123,1,False,0.0,0,2.0,[2 1],[0. 1.],1,1,[0.6 0.6],1.0,0.0,1.0
123,0.0,1,62.0,0,124,0,False,2.0,1,0.0,[1 1],[0. 1.],0,1,[0.6 0.6],1.0,0.0,1.0
124,0.0,1,63.0,2,125,1,False,0.0,0,1.0,[1 1],[0. 1.],0,1,[0.6 0.6],1.0,0.0,1.0
125,0.0,1,63.0,0,126,0,False,1.0,1,0.0,[1 2],[0. 1.],0,1,[0.6 0.6],1.0,0.0,1.0
126,0.0,1,64.0,2,127,1,False,0.0,0,1.0,[1 2],[0. 1.],0,1,[0.6 0.6],1.0,0.0,1.0
127,1.0,1,64.0,0,128,0,False,1.0,1,0.0,[2 1],[0. 1.],1,1,[0.6 0.6],1.0,0.0,1.0
128,0.0,1,65.0,2,129,1,False,0.0,0,2.0,[2 1],[0. 1.],1,1,[0.6 0.6],1.0,0.0,1.0
129,0.0,1,65.0,0,130,0,False,2.0,1,0.0,[2 2],[0. 1.],1,1,[0.6 0.6],1.0,0.0,1.0
130,0.0,1,66.0,1,131,1,False,0.0,0,2.0,[2 2],[0. 1.],1,1,[0.6 0.6],1.0,0.0,1.0
131,1.0,1,66.0,0,132,0,False,2.0,1,0.0,[2 1],[0. 1.],1,1,[0.6 0.6],1.0,0.0,1.0
132,0.0,1,67.0,2,133,1,False,0.0,0,2.0,[2 1],[0. 1.],1,1,[0.6 0.6],1.0,0.0,1.0
133,0.0,1,67.0,0,134,0,False,2.0,1,0.0,[1 2],[0. 1.],0,1,[0.6 0.6],1.0,0.0,1.0
134,0.0,1,68.0,1,135,1,False,0.0,0,1.0,[1 2],[0. 1.],0,1,[0.6 0.6],1.0,0.0,1.0
135,0.0,1,68.0,0,136,0,False,1.0,1,0.0,[1 1],[0. 1.],0,1,[0.6 0.6],1.0,0.0,1.0
136,0.0,1,69.0,1,137,1,False,0.0,0,1.0,[1 1],[0. 1.],0,1,[0.6 0.6],1.0,0.0,1.0
137,0.0,1,69.0,0,138,0,False,1.0,1,0.0,[1 2],[0. 1.],1,1,[0.6 0.6],1.0,0.0,1.0
138,0.0,1,70.0,2,139,1,False,0.0,0,2.0,[1 2],[0. 1.],1,1,[0.6 0.6],1.0,0.0,1.0
139,1.0,1,70.0,0,140,0,False,2.0,1,0.0,[1 2],[0. 1.],1,1,[0.6 0.6],1.0,0.0,1.0
140,0.0,1,71.0,2,141,1,False,0.0,0,2.0,[1 2],[0. 1.],1,1,[0.6 0.6],1.0,0.0,1.0
141,1.0,1,71.0,0,142,0,False,2.0,1,0.0,[1 2],[1. 0.],1,0,[0.6 0.6],1.0,0.0,1.0
142,0.0,1,72.0,2,143,1,False,0.0,0,2.0,[1 2],[1. 0.],1,0,[0.6 0.6],1.0,0.0,1.0
143,0.0,1,72.0,0,144,0,False,2.0,1,0.0,[2 1],[1. 0.],0,0,[0.6 0.6],1.0,0.0,1.0
144,0.0,1,73.0,1,145,1,False,0.0,0,1.0,[2 1],[1. 0.],0,0,[0.6 0.6],1.0,0.0,1.0
145,0.0,1,73.0,0,146,0,False,1.0,1,0.0,[2 2],[1. 0.],0,0,[0.6 0.6],1.0,0.0,1.0
146,0.0,1,74.0,1,147,1,False,0.0,0,1.0,[2 2],[1. 0.],0,0,[0.6 0.6],1.0,0.0,1.0
147,0.0,1,74.0,0,148,0,False,1.0,1,0.0,[2 2],[1. 0.],1,0,[0.6 0.6],1.0,0.0,1.0
148,0.0,1,75.0,2,149,1,False,0.0,0,2.0,[2 2],[1. 0.],1,0,[0.6 0.6],1.0,0.0,1.0
149,0.0,1,75.0,0,150,0,False,2.0,1,0.0,[1 1],[1. 0.],0,0,[0.6 0.6],1.0,0.0,1.0
150,0.0,1,76.0,1,151,1,False,0.0,0,1.0,[1 1],[1. 0.],0,0,[0.6 0.6],1.0,0.0,1.0
151,1.0,1,76.0,0,152,0,False,1.0,1,0.0,[2 2],[1. 0.],1,0,[0.6 0.6],1.0,0.0,1.0
152,0.0,1,77.0,1,153,1,False,0.0,0,2.0,[2 2],[1. 0.],1,0,[0.6 0.6],1.0,0.0,1.0
153,0.0,1,77.0,0,154,0,False,2.0,1,0.0,[1 1],[1. 0.],0,0,[0.6 0.6],1.0,0.0,1.0
154,0.0,1,78.0,1,155,1,False,0.0,0,1.0,[1 1],[1. 0.],0,0,[0.6 0.6],1.0,0.0,1.0
155,1.0,1,78.0,0,156,0,False,1.0,1,0.0,[2 2],[1. 0.],1,0,[0.6 0.6],1.0,0.0,1.0
156,0.0,1,79.0,1,157,1,False,0.0,0,2.0,[2 2],[1. 0.],1,0,[0.6 0.6],1.0,0.0,1.0
157,0.0,1,79.0,0,158,0,False,2.0,1,0.0,[2 1],[1. 0.],1,0,[0.6 0.6],1.0,0.0,1.0
158,0.0,1,80.0,2,159,1,False,0.0,0,2.0,[2 1],[1. 0.],1,0,[0.6 0.6],1.0,0.0,1.0
159,1.0,1,80.0,0,160,0,False,2.0,1,0.0,[1 1],[1. 0.],0,0,[0.6 0.6],1.0,0.0,1.0
160,0.0,1,81.0,2,161,1,False,0.0,0,1.0,[1 1],[1. 0.],0,0,[0.6 0.6],1.0,0.0,1.0
161,1.0,1,81.0,0,162,0,False,1.0,1,0.0,[1 1],[1. 0.],1,0,[0.6 0.6],1.0,0.0,1.0
162,0.0,1,82.0,2,163,1,False,0.0,0,2.0,[1 1],[1. 0.],1,0,[0.6 0.6],1.0,0.0,1.0
163,1.0,1,82.0,0,164,0,False,2.0,1,0.0,[1 1],[1. 0.],0,0,[0.6 0.6],1.0,0.0,1.0
164,0.0,1,83.0,2,165,1,False,0.0,0,1.0,[1 1],[1. 0.],0,0,[0.6 0.6],1.0,0.0,1.0
165,1.0,1,83.0,0,166,0,False,1.0,1,0.0,[2 1],[1. 0.],1,0,[0.6 0.6],1.0,0.0,1.0
166,0.0,1,84.0,2,167,1,False,0.0,0,2.0,[2 1],[1. 0.],1,0,[0.6 0.6],1.0,0.0,1.0
167,1.0,1,84.0,0,168,0,False,2.0,1,0.0,[2 2],[1. 0.],1,0,[0.6 0.6],1.0,0.0,1.0
168,0.0,1,85.0,2,169,1,False,0.0,0,2.0,[2 2],[1. 0.],1,0,[0.6 0.6],1.0,0.0,1.0
169,0.0,1,85.0,0,170,0,False,2.0,1,0.0,[1 1],[1. 0.],1,0,[0.6 0.6],1.0,0.0,1.0
170,0.0,1,86.0,2,171,1,False,0.0,0,2.0,[1 1],[1. 0.],1,0,[0.6 0.6],1.0,0.0,1.0
171,1.0,1,86.0,0,172,0,False,2.0,1,0.0,[2 2],[1. 0.],1,0,[0.6 0.6],1.0,0.0,1.0
172,0.0,1,87.0,2,173,1,False,0.0,0,2.0,[2 2],[1. 0.],1,0,[0.6 0.6],1.0,0.0,1.0
173,0.0,1,87.0,0,174,0,False,2.0,1,0.0,[2 2],[1. 0.],0,0,[0.6 0.6],1.0,0.0,1.0
174,0.0,1,88.0,1,175,1,False,0.0,0,1.0,[2 2],[1. 0.],0,0,[0.6 0.6],1.0,0.0,1.0
175,0.0,1,88.0,0,176,0,False,1.0,1,0.0,[2 2],[1. 0.],1,0,[0.6 0.6],1.0,0.0,1.0
176,0.0,1,89.0,1,177,1,False,0.0,0,2.0,[2 2],[1. 0.],1,0,[0.6 0.6],1.0,0.0,1.0
177,0.0,1,89.0,0,178,0,False,2.0,1,0.0,[1 1],[1. 0.],1,0,[0.6 0.6],1.0,0.0,1.0
178,0.0,1,90.0,2,179,1,False,0.0,0,2.0,[1 1],[1. 0.],1,0,[0.6 0.6],1.0,0.0,1.0
179,1.0,1,90.0,0,180,0,False,2.0,1,0.0,[1 2],[1. 0.],0,0,[0.6 0.6],1.0,0.0,1.0
180,0.0,1,91.0,2,181,1,False,0.0,0,1.0,[1 2],[1. 0.],0,0,[0.6 0.6],1.0,0.0,1.0
181,0.0,1,91.0,0,182,0,False,1.0,1,0.0,[1 1],[1. 0.],1,0,[0.6 0.6],1.0,0.0,1.0
182,0.0,1,92.0,2,183,1,False,0.0,0,2.0,[1 1],[1. 0.],1,0,[0.6 0.6],1.0,0.0,1.0
183,1.0,1,92.0,0,184,0,False,2.0,1,0.0,[2 2],[1. 0.],0,0,[0.6 0.6],1.0,0.0,1.0
184,0.0,1,93.0,2,185,1,False,0.0,0,1.0,[2 2],[1. 0.],0,0,[0.6 0.6],1.0,0.0,1.0
185,0.0,1,93.0,0,186,0,False,1.0,1,0.0,[2 1],[1. 0.],1,0,[0.6 0.6],1.0,0.0,1.0
186,0.0,1,94.0,2,187,1,False,0.0,0,2.0,[2 1],[1. 0.],1,0,[0.6 0.6],1.0,0.0,1.0
187,1.0,1,94.0,0,188,0,False,2.0,1,0.0,[2 1],[1. 0.],0,0,[0.6 0.6],1.0,0.0,1.0
188,0.0,1,95.0,2,189,1,False,0.0,0,1.0,[2 1],[1. 0.],0,0,[0.6 0.6],1.0,0.0,1.0
189,1.0,1,95.0,0,190,0,False,1.0,1,0.0,[2 2],[1. 0.],1,0,[0.6 0.6],1.0,0.0,1.0
190,0.0,1,96.0,2,191,1,False,0.0,0,2.0,[2 2],[1. 0.],1,0,[0.6 0.6],1.0,0.0,1.0
191,0.0,1,96.0,0,192,0,False,2.0,1,0.0,[2 1],[1. 0.],0,0,[0.6 0.6],1.0,0.0,1.0
192,0.0,1,97.0,2,193,1,False,0.0,0,1.0,[2 1],[1. 0.],0,0,[0.6 0.6],1.0,0.0,1.0
193,1.0,1,97.0,0,194,0,False,1.0,1,0.0,[1 1],[1. 0.],1,0,[0.6 0.6],1.0,0.0,1.0
194,0.0,1,98.0,2,195,1,False,0.0,0,2.0,[1 1],[1. 0.],1,0,[0.6 0.6],1.0,0.0,1.0
195,1.0,1,98.0,0,196,0,False,2.0,1,0.0,[1 2],[1. 0.],0,0,[0.6 0.6],1.0,0.0,1.0
196,0.0,1,99.0,2,197,1,False,0.0,0,1.0,[1 2],[1. 0.],0,0,[0.6 0.6],1.0,0.0,1.0
197,0.0,1,99.0,0,198,0,False,1.0,1,0.0,[2 1],[1. 0.],0,0,[0.6 0.6],1.0,0.0,1.0
198,0.0,1,100.0,2,199,1,False,0.0,0,1.0,[2 1],[1. 0.],0,0,[0.6 0.6],1.0,0.0,1.0
199,1.0,1,100.0,0,200,0,False,1.0,1,0.0,[2 1],[1. 0.],1,0,[0.6 0.6],1.0,0.0,1.0
200,0.0,1,101.0,2,201,1,False,0.0,0,2.0,[2 1],[1. 0.],1,0,[0.6 0.6],1.0,0.0,1.0
201,1.0,1,101.0,0,202,0,False,2.0,1,0.0,[1 1],[1. 0.],1,0,[0.6 0.6],1.0,0.0,1.0
202,0.0,1,102.0,2,203,1,False,0.0,0,2.0,[1 1],[1. 0.],1,0,[0.6 0.6],1.0,0.0,1.0
203,1.0,1,102.0,0,204,0,False,2.0,1,0.0,[1 1],[1. 0.],0,0,[0.6 0.6],1.0,0.0,1.0
204,0.0,1,103.0,2,205,1,False,0.0,0,1.0,[1 1],[1. 0.],0,0,[0.6 0.6],1.0,0.0,1.0
205,1.0,1,103.0,0,206,0,False,1.0,1,0.0,[2 2],[1. 0.],0,0,[0.6 0.6],1.0,0.0,1.0
206,0.0,1,104.0,2,207,1,False,0.0,0,1.0,[2 2],[1. 0.],0,0,[0.6 0.6],1.0,0.0,1.0
207,0.0,1,104.0,0,208,0,False,1.0,1,0.0,[2 2],[1. 0.],1,0,[0.6 0.6],1.0,0.0,1.0
208,0.0,1,105.0,2,209,1,False,0.0,0,2.0,[2 2],[1. 0.],1,0,[0.6 0.6],1.0,0.0,1.0
209,0.0,1,105.0,0,210,0,False,2.0,1,0.0,[2 1],[0. 1.],1,1,[0.6 0.6],1.0,0.0,1.0
210,0.0,1,106.0,2,211,1,False,0.0,0,2.0,[2 1],[0. 1.],1,1,[0.6 0.6],1.0,0.0,1.0
211,0.0,1,106.0,0,212,0,False,2.0,1,0.0,[2 2],[0. 1.],0,1,[0.6 0.6],1.0,0.0,1.0
212,0.0,1,107.0,1,213,1,False,0.0,0,1.0,[2 2],[0. 1.],0,1,[0.6 0.6],1.0,0.0,1.0
213,1.0,1,107.0,0,214,0,False,1.0,1,0.0,[2 1],[0. 1.],0,1,[0.6 0.6],1.0,0.0,1.0
214,0.0,1,108.0,1,215,1,False,0.0,0,1.0,[2 1],[0. 1.],0,1,[0.6 0.6],1.0,0.0,1.0
215,1.0,1,108.0,0,216,0,False,1.0,1,0.0,[1 2],[0. 1.],1,1,[0.6 0.6],1.0,0.0,1.0
216,0.0,1,109.0,1,217,1,False,0.0,0,2.0,[1 2],[0. 1.],1,1,[0.6 0.6],1.0,0.0,1.0
217,0.0,1,109.0,0,218,0,False,2.0,1,0.0,[2 2],[0. 1.],0,1,[0.6 0.6],1.0,0.0,1.0
218,0.0,1,110.0,1,219,1,False,0.0,0,1.0,[2 2],[0. 1.],0,1,[0.6 0.6],1.0,0.0,1.0
219,1.0,1,110.0,0,220,0,False,1.0,1,0.0,[2 1],[0. 1.],1,1,[0.6 0.6],1.0,0.0,1.0
220,0.0,1,111.0,1,221,1,False,0.0,0,2.0,[2 1],[0. 1.],1,1,[0.6 0.6],1.0,0.0,1.0
221,1.0,1,111.0,0,222,0,False,2.0,1,0.0,[2 2],[0. 1.],1,1,[0.6 0.6],1.0,0.0,1.0
222,0.0,1,112.0,1,223,1,False,0.0,0,2.0,[2 2],[0. 1.],1,1,[0.6 0.6],1.0,0.0,1.0
223,1.0,1,112.0,0,224,0,False,2.0,1,0.0,[2 1],[0. 1.],0,1,[0.6 0.6],1.0,0.0,1.0
224,0.0,1,113.0,1,225,1,False,0.0,0,1.0,[2 1],[0. 1.],0,1,[0.6 0.6],1.0,0.0,1.0
225,1.0,1,113.0,0,226,0,False,1.0,1,0.0,[2 2],[0. 1.],0,1,[0.6 0.6],1.0,0.0,1.0
226,0.0,1,114.0,1,227,1,False,0.0,0,1.0,[2 2],[0. 1.],0,1,[0.6 0.6],1.0,0.0,1.0
227,1.0,1,114.0,0,228,0,False,1.0,1,0.0,[2 1],[0. 1.],1,1,[0.6 0.6],1.0,0.0,1.0
228,0.0,1,115.0,1,229,1,False,0.0,0,2.0,[2 1],[0. 1.],1,1,[0.6 0.6],1.0,0.0,1.0
229,1.0,1,115.0,0,230,0,False,2.0,1,0.0,[1 2],[0. 1.],0,1,[0.6 0.6],1.0,0.0,1.0
230,0.0,1,116.0,1,231,1,False,0.0,0,1.0,[1 2],[0. 1.],0,1,[0.6 0.6],1.0,0.0,1.0
231,0.0,1,116.0,0,232,0,False,1.0,1,0.0,[2 2],[0. 1.],1,1,[0.6 0.6],1.0,0.0,1.0
232,0.0,1,117.0,1,233,1,False,0.0,0,2.0,[2 2],[0. 1.],1,1,[0.6 0.6],1.0,0.0,1.0
233,1.0,1,117.0,0,234,0,False,2.0,1,0.0,[2 1],[0. 1.],1,1,[0.6 0.6],1.0,0.0,1.0
234,0.0,1,118.0,1,235,1,False,0.0,0,2.0,[2 1],[0. 1.],1,1,[0.6 0.6],1.0,0.0,1.0
235,1.0,1,118.0,0,236,0,False,2.0,1,0.0,[2 1],[0. 1.],1,1,[0.6 0.6],1.0,0.0,1.0
236,0.0,1,119.0,1,237,1,False,0.0,0,2.0,[2 1],[0. 1.],1,1,[0.6 0.6],1.0,0.0,1.0
237,1.0,1,119.0,0,238,0,False,2.0,1,0.0,[1 2],[0. 1.],1,1,[0.6 0.6],1.0,0.0,1.0
238,0.0,1,120.0,1,239,1,False,0.0,0,2.0,[1 2],[0. 1.],1,1,[0.6 0.6],1.0,0.0,1.0
239,0.0,1,120.0,0,240,0,False,2.0,1,0.0,[1 2],[0. 1.],1,1,[0.6 0.6],1.0,0.0,1.0
240,0.0,1,121.0,1,241,1,False,0.0,0,2.0,[1 2],[0. 1.],1,1,[0.6 0.6],1.0,0.0,1.0
241,0.0,1,121.0,0,242,0,False,2.0,1,0.0,[2 2],[0. 1.],1,1,[0.6 0.6],1.0,0.0,1.0
242,0.0,1,122.0,2,243,1,False,0.0,0,2.0,[2 2],[0. 1.],1,1,[0.6 0.6],1.0,0.0,1.0
243,1.0,1,122.0,0,244,0,False,2.0,1,0.0,[2 1],[0. 1.],1,1,[0.6 0.6],1.0,0.0,1.0
244,0.0,1,123.0,2,245,1,False,0.0,0,2.0,[2 1],[0. 1.],1,1,[0.6 0.6],1.0,0.0,1.0
245,0.0,1,123.0,0,246,0,False,2.0,1,0.0,[1 2],[0. 1.],0,1,[0.6 0.6],1.0,0.0,1.0
246,0.0,1,124.0,1,247,1,False,0.0,0,1.0,[1 2],[0. 1.],0,1,[0.6 0.6],1.0,0.0,1.0
247,0.0,1,124.0,0,248,0,False,1.0,1,0.0,[1 2],[0. 1.],1,1,[0.6 0.6],1.0,0.0,1.0
248,0.0,1,125.0,1,249,1,False,0.0,0,2.0,[1 2],[0. 1.],1,1,[0.6 0.6],1.0,0.0,1.0
249,0.0,1,125.0,0,250,0,False,2.0,1,0.0,[1 2],[0. 1.],1,1,[0.6 0.6],1.0,0.0,1.0
250,0.0,1,126.0,2,251,1,False,0.0,0,2.0,[1 2],[0. 1.],1,1,[0.6 0.6],1.0,0.0,1.0
251,1.0,1,126.0,0,252,0,False,2.0,1,0.0,[2 1],[0. 1.],0,1,[0.6 0.6],1.0,0.0,1.0
252,0.0,1,127.0,2,253,1,False,0.0,0,1.0,[2 1],[0. 1.],0,1,[0.6 0.6],1.0,0.0,1.0
253,0.0,1,127.0,0,254,0,False,1.0,1,0.0,[2 2],[0. 1.],1,1,[0.6 0.6],1.0,0.0,1.0
254,0.0,1,128.0,2,255,1,False,0.0,0,2.0,[2 2],[0. 1.],1,1,[0.6 0.6],1.0,0.0,1.0
255,1.0,1,128.0,0,256,0,False,2.0,1,0.0,[2 1],[1. 0.],1,0,[0.6 0.6],1.0,0.0,1.0
256,0.0,1,129.0,2,257,1,False,0.0,0,2.0,[2 1],[1. 0.],1,0,[0.6 0.6],1.0,0.0,1.0
257,1.0,1,129.0,0,258,0,False,2.0,1,0.0,[1 1],[1. 0.],0,0,[0.6 0.6],1.0,0.0,1.0
258,0.0,1,130.0,2,259,1,False,0.0,0,1.0,[1 1],[1. 0.],0,0,[0.6 0.6],1.0,0.0,1.0
259,1.0,1,130.0,0,260,0,False,1.0,1,0.0,[2 2],[1. 0.],0,0,[0.6 0.6],1.0,0.0,1.0
260,0.0,1,131.0,2,261,1,False,0.0,0,1.0,[2 2],[1. 0.],0,0,[0.6 0.6],1.0,0.0,1.0
261,0.0,1,131.0,0,262,0,False,1.0,1,0.0,[1 1],[1. 0.],0,0,[0.6 0.6],1.0,0.0,1.0
262,0.0,1,132.0,2,263,1,False,0.0,0,1.0,[1 1],[1. 0.],0,0,[0.6 0.6],1.0,0.0,1.0
263,1.0,1,132.0,0,264,0,False,1.0,1,0.0,[1 2],[1. 0.],0,0,[0.6 0.6],1.0,0.0,1.0
264,0.0,1,133.0,2,265,1,False,0.0,0,1.0,[1 2],[1. 0.],0,0,[0.6 0.6],1.0,0.0,1.0
265,0.0,1,133.0,0,266,0,False,1.0,1,0.0,[1 2],[1. 0.],1,0,[0.6 0.6],1.0,0.0,1.0
266,0.0,1,134.0,2,267,1,False,0.0,0,2.0,[1 2],[1. 0.],1,0,[0.6 0.6],1.0,0.0,1.0
267,0.0,1,134.0,0,268,0,False,2.0,1,0.0,[2 2],[1. 0.],1,0,[0.6 0.6],1.0,0.0,1.0
268,0.0,1,135.0,2,269,1,False,0.0,0,2.0,[2 2],[1. 0.],1,0,[0.6 0.6],1.0,0.0,1.0
269,0.0,1,135.0,0,270,0,False,2.0,1,0.0,[1 1],[0. 1.],0,1,[0.6 0.6],1.0,0.0,1.0
270,0.0,1,136.0,1,271,1,False,0.0,0,1.0,[1 1],[0. 1.],0,1,[0.6 0.6],1.0,0.0,1.0
271,0.0,1,136.0,0,272,0,False,1.0,1,0.0,[2 2],[0. 1.],0,1,[0.6 0.6],1.0,0.0,1.0
272,0.0,1,137.0,1,273,1,False,0.0,0,1.0,[2 2],[0. 1.],0,1,[0.6 0.6],1.0,0.0,1.0
273,1.0,1,137.0,0,274,0,False,1.0,1,0.0,[2 2],[0. 1.],0,1,[0.6 0.6],1.0,0.0,1.0
274,0.0,1,138.0,1,275,1,False,0.0,0,1.0,[2 2],[0. 1.],0,1,[0.6 0.6],1.0,0.0,1.0
275,1.0,1,138.0,0,276,0,False,1.0,1,0.0,[1 1],[0. 1.],1,1,[0.6 0.6],1.0,0.0,1.0
276,0.0,1,139.0,1,277,1,False,0.0,0,2.0,[1 1],[0. 1.],1,1,[0.6 0.6],1.0,0.0,1.0
277,0.0,1,139.0,0,278,0,False,2.0,1,0.0,[2 2],[0. 1.],1,1,[0.6 0.6],1.0,0.0,1.0
278,0.0,1,140.0,1,279,1,False,0.0,0,2.0,[2 2],[0. 1.],1,1,[0.6 0.6],1.0,0.0,1.0
279,1.0,1,140.0,0,280,0,False,2.0,1,0.0,[2 1],[0. 1.],1,1,[0.6 0.6],1.0,0.0,1.0
280,0.0,1,141.0,1,281,1,False,0.0,0,2.0,[2 1],[0. 1.],1,1,[0.6 0.6],1.0,0.0,1.0
281,1.0,1,141.0,0,282,0,False,2.0,1,0.0,[2 1],[0. 1.],1,1,[0.6 0.6],1.0,0.0,1.0
282,0.0,1,142.0,1,283,1,False,0.0,0,2.0,[2 1],[0. 1.],1,1,[0.6 0.6],1.0,0.0,1.0
283,1.0,1,142.0,0,284,0,False,2.0,1,0.0,[1 2],[0. 1.],0,1,[0.6 0.6],1.0,0.0,1.0
284,0.0,1,143.0,1,285,1,False,0.0,0,1.0,[1 2],[0. 1.],0,1,[0.6 0.6],1.0,0.0,1.0
285,0.0,1,143.0,0,286,0,False,1.0,1,0.0,[1 1],[0. 1.],1,1,[0.6 0.6],1.0,0.0,1.0
286,0.0,1,144.0,1,287,1,False,0.0,0,2.0,[1 1],[0. 1.],1,1,[0.6 0.6],1.0,0.0,1.0
287,0.0,1,144.0,0,288,0,False,2.0,1,0.0,[2 2],[0. 1.],1,1,[0.6 0.6],1.0,0.0,1.0
288,0.0,1,145.0,1,289,1,False,0.0,0,2.0,[2 2],[0. 1.],1,1,[0.6 0.6],1.0,0.0,1.0
289,1.0,1,145.0,0,290,0,False,2.0,1,0.0,[2 1],[0. 1.],1,1,[0.6 0.6],1.0,0.0,1.0
290,0.0,1,146.0,1,291,1,False,0.0,0,2.0,[2 1],[0. 1.],1,1,[0.6 0.6],1.0,0.0,1.0
291,1.0,1,146.0,0,292,0,False,2.0,1,0.0,[2 2],[0. 1.],0,1,[0.6 0.6],1.0,0.0,1.0
292,0.0,1,147.0,1,293,1,False,0.0,0,1.0,[2 2],[0. 1.],0,1,[0.6 0.6],1.0,0.0,1.0
293,1.0,1,147.0,0,294,0,False,1.0,1,0.0,[2 2],[0. 1.],0,1,[0.6 0.6],1.0,0.0,1.0
294,0.0,1,148.0,1,295,1,False,0.0,0,1.0,[2 2],[0. 1.],0,1,[0.6 0.6],1.0,0.0,1.0
295,1.0,1,148.0,0,296,0,False,1.0,1,0.0,[2 1],[0. 1.],0,1,[0.6 0.6],1.0,0.0,1.0
296,0.0,1,149.0,1,297,1,False,0.0,0,1.0,[2 1],[0. 1.],0,1,[0.6 0.6],1.0,0.0,1.0
297,1.0,1,149.0,0,298,0,False,1.0,1,0.0,[2 1],[0. 1.],0,1,[0.6 0.6],1.0,0.0,1.0
298,0.0,1,150.0,1,299,1,False,0.0,0,1.0,[2 1],[0. 1.],0,1,[0.6 0.6],1.0,0.0,1.0
299,1.0,1,150.0,0,300,0,False,1.0,1,0.0,[2 2],[0. 1.],0,1,[0.6 0.6],1.0,0.0,1.0
300,0.0,1,151.0,1,301,1,False,0.0,0,1.0,[2 2],[0. 1.],0,1,[0.6 0.6],1.0,0.0,1.0
301,1.0,1,151.0,0,302,0,False,1.0,1,0.0,[2 1],[0. 1.],1,1,[0.6 0.6],1.0,0.0,1.0
302,0.0,1,152.0,1,303,1,False,0.0,0,2.0,[2 1],[0. 1.],1,1,[0.6 0.6],1.0,0.0,1.0
303,1.0,1,152.0,0,304,0,False,2.0,1,0.0,[1 2],[0. 1.],1,1,[0.6 0.6],1.0,0.0,1.0
304,0.0,1,153.0,1,305,1,False,0.0,0,2.0,[1 2],[0. 1.],1,1,[0.6 0.6],1.0,0.0,1.0
305,0.0,1,153.0,0,306,0,False,2.0,1,0.0,[2 2],[0. 1.],1,1,[0.6 0.6],1.0,0.0,1.0
306,0.0,1,154.0,1,307,1,False,0.0,0,2.0,[2 2],[0. 1.],1,1,[0.6 0.6],1.0,0.0,1.0
307,1.0,1,154.0,0,308,0,False,2.0,1,0.0,[1 2],[0. 1.],0,1,[0.6 0.6],1.0,0.0,1.0
308,0.0,1,155.0,1,309,1,False,0.0,0,1.0,[1 2],[0. 1.],0,1,[0.6 0.6],1.0,0.0,1.0
309,0.0,1,155.0,0,310,0,False,1.0,1,0.0,[1 2],[0. 1.],1,1,[0.6 0.6],1.0,0.0,1.0
310,0.0,1,156.0,1,311,1,False,0.0,0,2.0,[1 2],[0. 1.],1,1,[0.6 0.6],1.0,0.0,1.0
311,0.0,1,156.0,0,312,0,False,2.0,1,0.0,[1 1],[0. 1.],0,1,[0.6 0.6],1.0,0.0,1.0
312,0.0,1,157.0,2,313,1,False,0.0,0,1.0,[1 1],[0. 1.],0,1,[0.6 0.6],1.0,0.0,1.0
313,0.0,1,157.0,0,314,0,False,1.0,1,0.0,[1 1],[0. 1.],0,1,[0.6 0.6],1.0,0.0,1.0
314,0.0,1,158.0,1,315,1,False,0.0,0,1.0,[1 1],[0. 1.],0,1,[0.6 0.6],1.0,0.0,1.0
315,0.0,1,158.0,0,316,0,False,1.0,1,0.0,[2 1],[0. 1.],1,1,[0.6 0.6],1.0,0.0,1.0
316,0.0,1,159.0,1,317,1,False,0.0,0,2.0,[2 1],[0. 1.],1,1,[0.6 0.6],1.0,0.0,1.0
317,1.0,1,159.0,0,318,0,False,2.0,1,0.0,[2 1],[0. 1.],0,1,[0.6 0.6],1.0,0.0,1.0
318,0.0,1,160.0,1,319,1,False,0.0,0,1.0,[2 1],[0. 1.],0,1,[0.6 0.6],1.0,0.0,1.0
319,1.0,1,160.0,0,320,0,False,1.0,1,0.0,[2 1],[0. 1.],0,1,[0.6 0.6],1.0,0.0,1.0
320,0.0,1,161.0,1,321,1,False,0.0,0,1.0,[2 1],[0. 1.],0,1,[0.6 0.6],1.0,0.0,1.0
321,1.0,1,161.0,0,322,0,False,1.0,1,0.0,[1 2],[0. 1.],0,1,[0.6 0.6],1.0,0.0,1.0
322,0.0,1,162.0,1,323,1,False,0.0,0,1.0,[1 2],[0. 1.],0,1,[0.6 0.6],1.0,0.0,1.0
323,0.0,1,162.0,0,324,0,False,1.0,1,0.0,[2 2],[0. 1.],0,1,[0.6 0.6],1.0,0.0,1.0
324,0.0,1,163.0,1,325,1,False,0.0,0,1.0,[2 2],[0. 1.],0,1,[0.6 0.6],1.0,0.0,1.0
325,1.0,1,163.0,0,326,0,False,1.0,1,0.0,[2 1],[0. 1.],1,1,[0.6 0.6],1.0,0.0,1.0
326,0.0,1,164.0,1,327,1,False,0.0,0,2.0,[2 1],[0. 1.],1,1,[0.6 0.6],1.0,0.0,1.0
327,1.0,1,164.0,0,328,0,False,2.0,1,0.0,[2 2],[0. 1.],1,1,[0.6 0.6],1.0,0.0,1.0
328,0.0,1,165.0,1,329,1,False,0.0,0,2.0,[2 2],[0. 1.],1,1,[0.6 0.6],1.0,0.0,1.0
329,1.0,1,165.0,0,330,0,False,2.0,1,0.0,[1 1],[0. 1.],1,1,[0.6 0.6],1.0,0.0,1.0
330,0.0,1,166.0,1,331,1,False,0.0,0,2.0,[1 1],[0. 1.],1,1,[0.6 0.6],1.0,0.0,1.0
331,0.0,1,166.0,0,332,0,False,2.0,1,0.0,[1 1],[0. 1.],1,1,[0.6 0.6],1.0,0.0,1.0
332,0.0,1,167.0,1,333,1,False,0.0,0,2.0,[1 1],[0. 1.],1,1,[0.6 0.6],1.0,0.0,1.0
333,0.0,1,167.0,0,334,0,False,2.0,1,0.0,[2 2],[0. 1.],0,1,[0.6 0.6],1.0,0.0,1.0
334,0.0,1,168.0,2,335,1,False,0.0,0,1.0,[2 2],[0. 1.],0,1,[0.6 0.6],1.0,0.0,1.0
335,1.0,1,168.0,0,336,0,False,1.0,1,0.0,[2 2],[0. 1.],1,1,[0.6 0.6],1.0,0.0,1.0
336,0.0,1,169.0,2,337,1,False,0.0,0,2.0,[2 2],[0. 1.],1,1,[0.6 0.6],1.0,0.0,1.0
337,1.0,1,169.0,0,338,0,False,2.0,1,0.0,[1 1],[0. 1.],0,1,[0.6 0.6],1.0,0.0,1.0
338,0.0,1,170.0,2,339,1,False,0.0,0,1.0,[1 1],[0. 1.],0,1,[0.6 0.6],1.0,0.0,1.0
339,0.0,1,170.0,0,340,0,False,1.0,1,0.0,[2 2],[0. 1.],0,1,[0.6 0.6],1.0,0.0,1.0
340,0.0,1,171.0,2,341,1,False,0.0,0,1.0,[2 2],[0. 1.],0,1,[0.6 0.6],1.0,0.0,1.0
341,1.0,1,171.0,0,342,0,False,1.0,1,0.0,[1 1],[0. 1.],0,1,[0.6 0.6],1.0,0.0,1.0
342,0.0,1,172.0,2,343,1,False,0.0,0,1.0,[1 1],[0. 1.],0,1,[0.6 0.6],1.0,0.0,1.0
343,0.0,1,172.0,0,344,0,False,1.0,1,0.0,[2 1],[0. 1.],1,1,[0.6 0.6],1.0,0.0,1.0
344,0.0,1,173.0,2,345,1,False,0.0,0,2.0,[2 1],[0. 1.],1,1,[0.6 0.6],1.0,0.0,1.0
345,0.0,1,173.0,0,346,0,False,2.0,1,0.0,[2 2],[0. 1.],0,1,[0.6 0.6],1.0,0.0,1.0
346,0.0,1,174.0,2,347,1,False,0.0,0,1.0,[2 2],[0. 1.],0,1,[0.6 0.6],1.0,0.0,1.0
347,1.0,1,174.0,0,348,0,False,1.0,1,0.0,[2 1],[0. 1.],1,1,[0.6 0.6],1.0,0.0,1.0
348,0.0,1,175.0,2,349,1,False,0.0,0,2.0,[2 1],[0. 1.],1,1,[0.6 0.6],1.0,0.0,1.0
349,0.0,1,175.0,0,350,0,False,2.0,1,0.0,[2 2],[0. 1.],0,1,[0.6 0.6],1.0,0.0,1.0
350,0.0,1,176.0,2,351,1,False,0.0,0,1.0,[2 2],[0. 1.],0,1,[0.6 0.6],1.0,0.0,1.0
351,1.0,1,176.0,0,352,0,False,1.0,1,0.0,[2 2],[0. 1.],1,1,[0.6 0.6],1.0,0.0,1.0
352,0.0,1,177.0,2,353,1,False,0.0,0,2.0,[2 2],[0. 1.],1,1,[0.6 0.6],1.0,0.0,1.0
353,1.0,1,177.0,0,354,0,False,2.0,1,0.0,[2 1],[0. 1.],0,1,[0.6 0.6],1.0,0.0,1.0
354,0.0,1,178.0,2,355,1,False,0.0,0,1.0,[2 1],[0. 1.],0,1,[0.6 0.6],1.0,0.0,1.0
355,0.0,1,178.0,0,356,0,False,1.0,1,0.0,[1 1],[0. 1.],0,1,[0.6 0.6],1.0,0.0,1.0
356,0.0,1,179.0,2,357,1,False,0.0,0,1.0,[1 1],[0. 1.],0,1,[0.6 0.6],1.0,0.0,1.0
357,0.0,1,179.0,0,358,0,False,1.0,1,0.0,[1 1],[0. 1.],0,1,[0.6 0.6],1.0,0.0,1.0
358,0.0,1,180.0,2,359,1,False,0.0,0,1.0,[1 1],[0. 1.],0,1,[0.6 0.6],1.0,0.0,1.0
359,0.0,1,180.0,0,360,0,False,1.0,1,0.0,[2 2],[0. 1.],1,1,[0.6 0.6],1.0,0.0,1.0
360,0.0,1,181.0,2,361,1,False,0.0,0,2.0,[2 2],[0. 1.],1,1,[0.6 0.6],1.0,0.0,1.0
361,1.0,1,181.0,0,362,0,False,2.0,1,0.0,[1 2],[0. 1.],0,1,[0.6 0.6],1.0,0.0,1.0
362,0.0,1,182.0,2,363,1,False,0.0,0,1.0,[1 2],[0. 1.],0,1,[0.6 0.6],1.0,0.0,1.0
363,1.0,1,182.0,0,364,0,False,1.0,1,0.0,[2 2],[0. 1.],1,1,[0.6 0.6],1.0,0.0,1.0
364,0.0,1,183.0,2,365,1,False,0.0,0,2.0,[2 2],[0. 1.],1,1,[0.6 0.6],1.0,0.0,1.0
365,1.0,1,183.0,0,366,0,False,2.0,1,0.0,[1 1],[0. 1.],1,1,[0.6 0.6],1.0,0.0,1.0
366,0.0,1,184.0,2,367,1,False,0.0,0,2.0,[1 1],[0. 1.],1,1,[0.6 0.6],1.0,0.0,1.0
367,0.0,1,184.0,0,368,0,False,2.0,1,0.0,[2 1],[0. 1.],1,1,[0.6 0.6],1.0,0.0,1.0
368,0.0,1,185.0,2,369,1,False,0.0,0,2.0,[2 1],[0. 1.],1,1,[0.6 0.6],1.0,0.0,1.0
369,0.0,1,185.0,0,370,0,False,2.0,1,0.0,[2 2],[0. 1.],0,1,[0.6 0.6],1.0,0.0,1.0
370,0.0,1,186.0,1,371,1,False,0.0,0,1.0,[2 2],[0. 1.],0,1,[0.6 0.6],1.0,0.0,1.0
371,1.0,1,186.0,0,372,0,False,1.0,1,0.0,[1 2],[0. 1.],1,1,[0.6 0.6],1.0,0.0,1.0
372,0.0,1,187.0,1,373,1,False,0.0,0,2.0,[1 2],[0. 1.],1,1,[0.6 0.6],1.0,0.0,1.0
373,0.0,1,187.0,0,374,0,False,2.0,1,0.0,[1 1],[0. 1.],1,1,[0.6 0.6],1.0,0.0,1.0
374,0.0,1,188.0,1,375,1,False,0.0,0,2.0,[1 1],[0. 1.],1,1,[0.6 0.6],1.0,0.0,1.0
375,0.0,1,188.0,0,376,0,False,2.0,1,0.0,[1 2],[0. 1.],1,1,[0.6 0.6],1.0,0.0,1.0
376,0.0,1,189.0,2,377,1,False,0.0,0,2.0,[1 2],[0. 1.],1,1,[0.6 0.6],1.0,0.0,1.0
377,1.0,1,189.0,0,378,0,False,2.0,1,0.0,[1 2],[0. 1.],0,1,[0.6 0.6],1.0,0.0,1.0
378,0.0,1,190.0,2,379,1,False,0.0,0,1.0,[1 2],[0. 1.],0,1,[0.6 0.6],1.0,0.0,1.0
379,1.0,1,190.0,0,380,0,False,1.0,1,0.0,[2 1],[0. 1.],0,1,[0.6 0.6],1.0,0.0,1.0
380,0.0,1,191.0,2,381,1,False,0.0,0,1.0,[2 1],[0. 1.],0,1,[0.6 0.6],1.0,0.0,1.0
381,0.0,1,191.0,0,382,0,False,1.0,1,0.0,[1 1],[0. 1.],1,1,[0.6 0.6],1.0,0.0,1.0
382,0.0,1,192.0,2,383,1,False,0.0,0,2.0,[1 1],[0. 1.],1,1,[0.6 0.6],1.0,0.0,1.0
383,0.0,1,192.0,0,384,0,False,2.0,1,0.0,[2 2],[0. 1.],1,1,[0.6 0.6],1.0,0.0,1.0
384,0.0,1,193.0,2,385,1,False,0.0,0,2.0,[2 2],[0. 1.],1,1,[0.6 0.6],1.0,0.0,1.0
385,1.0,1,193.0,0,386,0,False,2.0,1,0.0,[1 2],[0. 1.],0,1,[0.6 0.6],1.0,0.0,1.0
386,0.0,1,194.0,2,387,1,False,0.0,0,1.0,[1 2],[0. 1.],0,1,[0.6 0.6],1.0,0.0,1.0
387,1.0,1,194.0,0,388,0,False,1.0,1,0.0,[2 2],[0. 1.],0,1,[0.6 0.6],1.0,0.0,1.0
388,0.0,1,195.0,2,389,1,False,0.0,0,1.0,[2 2],[0. 1.],0,1,[0.6 0.6],1.0,0.0,1.0
389,1.0,1,195.0,0,390,0,False,1.0,1,0.0,[2 1],[0. 1.],0,1,[0.6 0.6],1.0,0.0,1.0
390,0.0,1,196.0,2,391,1,False,0.0,0,1.0,[2 1],[0. 1.],0,1,[0.6 0.6],1.0,0.0,1.0
391,0.0,1,196.0,0,392,0,False,1.0,1,0.0,[1 1],[0. 1.],1,1,[0.6 0.6],1.0,0.0,1.0
392,0.0,1,197.0,2,393,1,False,0.0,0,2.0,[1 1],[0. 1.],1,1,[0.6 0.6],1.0,0.0,1.0
393,0.0,1,197.0,0,394,0,False,2.0,1,0.0,[1 2],[0. 1.],1,1,[0.6 0.6],1.0,0.0,1.0
394,0.0,1,198.0,2,395,1,False,0.0,0,2.0,[1 2],[0. 1.],1,1,[0.6 0.6],1.0,0.0,1.0
395,1.0,1,198.0,0,396,0,False,2.0,1,0.0,[2 2],[0. 1.],1,1,[0.6 0.6],1.0,0.0,1.0
396,0.0,1,199.0,2,397,1,False,0.0,0,2.0,[2 2],[0. 1.],1,1,[0.6 0.6],1.0,0.0,1.0
397,1.0,1,199.0,0,398,0,False,2.0,1,0.0,[2 2],[0. 1.],0,1,[0.6 0.6],1.0,0.0,1.0
398,0.0,1,200.0,2,399,1,False,0.0,0,1.0,[2 2],[0. 1.],0,1,[0.6 0.6],1.0,0.0,1.0
399,1.0,1,200.0,0,400,0,False,1.0,1,0.0,[1 1],[0. 1.],1,1,[0.6 0.6],1.0,0.0,1.0
400,0.0,1,201.0,2,401,1,False,0.0,0,2.0,[1 1],[0. 1.],1,1,[0.6 0.6],1.0,0.0,1.0
401,0.0,1,201.0,0,402,0,False,2.0,1,0.0,[2 1],[0. 1.],0,1,[0.6 0.6],1.0,0.0,1.0
402,0.0,1,202.0,2,403,1,False,0.0,0,1.0,[2 1],[0. 1.],0,1,[0.6 0.6],1.0,0.0,1.0
403,0.0,1,202.0,0,404,0,False,1.0,1,0.0,[2 1],[0. 1.],0,1,[0.6 0.6],1.0,0.0,1.0
404,0.0,1,203.0,2,405,1,False,0.0,0,1.0,[2 1],[0. 1.],0,1,[0.6 0.6],1.0,0.0,1.0
405,0.0,1,203.0,0,406,0,False,1.0,1,0.0,[1 1],[0. 1.],0,1,[0.6 0.6],1.0,0.0,1.0
406,0.0,1,204.0,2,407,1,False,0.0,0,1.0,[1 1],[0. 1.],0,1,[0.6 0.6],1.0,0.0,1.0
407,0.0,1,204.0,0,408,0,False,1.0,1,0.0,[1 2],[0. 1.],1,1,[0.6 0.6],1.0,0.0,1.0
408,0.0,1,205.0,2,409,1,False,0.0,0,2.0,[1 2],[0. 1.],1,1,[0.6 0.6],1.0,0.0,1.0
409,1.0,1,205.0,0,410,0,False,2.0,1,0.0,[2 1],[0. 1.],0,1,[0.6 0.6],1.0,0.0,1.0
410,0.0,1,206.0,2,411,1,False,0.0,0,1.0,[2 1],[0. 1.],0,1,[0.6 0.6],1.0,0.0,1.0
411,0.0,1,206.0,0,412,0,False,1.0,1,0.0,[1 2],[0. 1.],0,1,[0.6 0.6],1.0,0.0,1.0
412,0.0,1,207.0,2,413,1,False,0.0,0,1.0,[1 2],[0. 1.],0,1,[0.6 0.6],1.0,0.0,1.0
413,1.0,1,207.0,0,414,0,False,1.0,1,0.0,[1 1],[0. 1.],0,1,[0.6 0.6],1.0,0.0,1.0
414,0.0,1,208.0,2,415,1,False,0.0,0,1.0,[1 1],[0. 1.],0,1,[0.6 0.6],1.0,0.0,1.0
415,0.0,1,208.0,0,416,0,False,1.0,1,0.0,[2 1],[0. 1.],0,1,[0.6 0.6],1.0,0.0,1.0
416,0.0,1,209.0,2,417,1,False,0.0,0,1.0,[2 1],[0. 1.],0,1,[0.6 0.6],1.0,0.0,1.0
417,0.0,1,209.0,0,418,0,False,1.0,1,0.0,[1 1],[0. 1.],0,1,[0.6 0.6],1.0,0.0,1.0
418,0.0,1,210.0,2,419,1,False,0.0,0,1.0,[1 1],[0. 1.],0,1,[0.6 0.6],1.0,0.0,1.0
419,0.0,1,210.0,0,420,0,False,1.0,1,0.0,[1 1],[0. 1.],0,1,[0.6 0.6],1.0,0.0,1.0
420,0.0,1,211.0,2,421,1,False,0.0,0,1.0,[1 1],[0. 1.],0,1,[0.6 0.6],1.0,0.0,1.0
421,0.0,1,211.0,0,422,0,False,1.0,1,0.0,[1 2],[0. 1.],1,1,[0.6 0.6],1.0,0.0,1.0
422,0.0,1,212.0,1,423,1,False,0.0,0,2.0,[1 2],[0. 1.],1,1,[0.6 0.6],1.0,0.0,1.0
423,0.0,1,212.0,0,424,0,False,2.0,1,0.0,[1 1],[0. 1.],1,1,[0.6 0.6],1.0,0.0,1.0
424,0.0,1,213.0,2,425,1,False,0.0,0,2.0,[1 1],[0. 1.],1,1,[0.6 0.6],1.0,0.0,1.0
425,0.0,1,213.0,0,426,0,False,2.0,1,0.0,[2 1],[0. 1.],0,1,[0.6 0.6],1.0,0.0,1.0
426,0.0,1,214.0,1,427,1,False,0.0,0,1.0,[2 1],[0. 1.],0,1,[0.6 0.6],1.0,0.0,1.0
427,1.0,1,214.0,0,428,0,False,1.0,1,0.0,[2 2],[0. 1.],1,1,[0.6 0.6],1.0,0.0,1.0
428,0.0,1,215.0,1,429,1,False,0.0,0,2.0,[2 2],[0. 1.],1,1,[0.6 0.6],1.0,0.0,1.0
429,1.0,1,215.0,0,430,0,False,2.0,1,0.0,[2 2],[0. 1.],0,1,[0.6 0.6],1.0,0.0,1.0
430,0.0,1,216.0,1,431,1,False,0.0,0,1.0,[2 2],[0. 1.],0,1,[0.6 0.6],1.0,0.0,1.0
431,1.0,1,216.0,0,432,0,False,1.0,1,0.0,[2 2],[0. 1.],1,1,[0.6 0.6],1.0,0.0,1.0
432,0.0,1,217.0,1,433,1,False,0.0,0,2.0,[2 2],[0. 1.],1,1,[0.6 0.6],1.0,0.0,1.0
433,1.0,1,217.0,0,434,0,False,2.0,1,0.0,[2 1],[0. 1.],1,1,[0.6 0.6],1.0,0.0,1.0
434,0.0,1,218.0,1,435,1,False,0.0,0,2.0,[2 1],[0. 1.],1,1,[0.6 0.6],1.0,0.0,1.0
435,1.0,1,218.0,0,436,0,False,2.0,1,0.0,[2 1],[0. 1.],1,1,[0.6 0.6],1.0,0.0,1.0
436,0.0,1,219.0,1,437,1,False,0.0,0,2.0,[2 1],[0. 1.],1,1,[0.6 0.6],1.0,0.0,1.0
437,1.0,1,219.0,0,438,0,False,2.0,1,0.0,[2 1],[0. 1.],0,1,[0.6 0.6],1.0,0.0,1.0
438,0.0,1,220.0,1,439,1,False,0.0,0,1.0,[2 1],[0. 1.],0,1,[0.6 0.6],1.0,0.0,1.0
439,1.0,1,220.0,0,440,0,False,1.0,1,0.0,[2 2],[0. 1.],0,1,[0.6 0.6],1.0,0.0,1.0
440,0.0,1,221.0,1,441,1,False,0.0,0,1.0,[2 2],[0. 1.],0,1,[0.6 0.6],1.0,0.0,1.0
441,1.0,1,221.0,0,442,0,False,1.0,1,0.0,[1 1],[1. 0.],0,0,[0.6 0.6],1.0,0.0,1.0
442,0.0,1,222.0,1,443,1,False,0.0,0,1.0,[1 1],[1. 0.],0,0,[0.6 0.6],1.0,0.0,1.0
443,1.0,1,222.0,0,444,0,False,1.0,1,0.0,[2 2],[1. 0.],0,0,[0.6 0.6],1.0,0.0,1.0
444,0.0,1,223.0,1,445,1,False,0.0,0,1.0,[2 2],[1. 0.],0,0,[0.6 0.6],1.0,0.0,1.0
445,0.0,1,223.0,0,446,0,False,1.0,1,0.0,[2 2],[1. 0.],1,0,[0.6 0.6],1.0,0.0,1.0
446,0.0,1,224.0,1,447,1,False,0.0,0,2.0,[2 2],[1. 0.],1,0,[0.6 0.6],1.0,0.0,1.0
447,0.0,1,224.0,0,448,0,False,2.0,1,0.0,[1 2],[1. 0.],0,0,[0.6 0.6],1.0,0.0,1.0
448,0.0,1,225.0,1,449,1,False,0.0,0,1.0,[1 2],[1. 0.],0,0,[0.6 0.6],1.0,0.0,1.0
449,1.0,1,225.0,0,450,0,False,1.0,1,0.0,[2 1],[1. 0.],0,0,[0.6 0.6],1.0,0.0,1.0
450,0.0,1,226.0,1,451,1,False,0.0,0,1.0,[2 1],[1. 0.],0,0,[0.6 0.6],1.0,0.0,1.0
451,0.0,1,226.0,0,452,0,False,1.0,1,0.0,[2 1],[1. 0.],0,0,[0.6 0.6],1.0,0.0,1.0
452,0.0,1,227.0,1,453,1,False,0.0,0,1.0,[2 1],[1. 0.],0,0,[0.6 0.6],1.0,0.0,1.0
453,0.0,1,227.0,0,454,0,False,1.0,1,0.0,[1 2],[1. 0.],0,0,[0.6 0.6],1.0,0.0,1.0
454,0.0,1,228.0,1,455,1,False,0.0,0,1.0,[1 2],[1. 0.],0,0,[0.6 0.6],1.0,0.0,1.0
455,1.0,1,228.0,0,456,0,False,1.0,1,0.0,[2 1],[1. 0.],0,0,[0.6 0.6],1.0,0.0,1.0
456,0.0,1,229.0,1,457,1,False,0.0,0,1.0,[2 1],[1. 0.],0,0,[0.6 0.6],1.0,0.0,1.0
457,0.0,1,229.0,0,458,0,False,1.0,1,0.0,[2 2],[1. 0.],0,0,[0.6 0.6],1.0,0.0,1.0
458,0.0,1,230.0,1,459,1,False,0.0,0,1.0,[2 2],[1. 0.],0,0,[0.6 0.6],1.0,0.0,1.0
459,0.0,1,230.0,0,460,0,False,1.0,1,0.0,[1 2],[1. 0.],1,0,[0.6 0.6],1.0,0.0,1.0
460,0.0,1,231.0,1,461,1,False,0.0,0,2.0,[1 2],[1. 0.],1,0,[0.6 0.6],1.0,0.0,1.0
461,1.0,1,231.0,0,462,0,False,2.0,1,0.0,[2 2],[1. 0.],1,0,[0.6 0.6],1.0,0.0,1.0
462,0.0,1,232.0,1,463,1,False,0.0,0,2.0,[2 2],[1. 0.],1,0,[0.6 0.6],1.0,0.0,1.0
463,0.0,1,232.0,0,464,0,False,2.0,1,0.0,[2 1],[1. 0.],0,0,[0.6 0.6],1.0,0.0,1.0
464,0.0,1,233.0,1,465,1,False,0.0,0,1.0,[2 1],[1. 0.],0,0,[0.6 0.6],1.0,0.0,1.0
465,0.0,1,233.0,0,466,0,False,1.0,1,0.0,[2 1],[1. 0.],1,0,[0.6 0.6],1.0,0.0,1.0
466,0.0,1,234.0,2,467,1,False,0.0,0,2.0,[2 1],[1. 0.],1,0,[0.6 0.6],1.0,0.0,1.0
467,1.0,1,234.0,0,468,0,False,2.0,1,0.0,[2 2],[1. 0.],0,0,[0.6 0.6],1.0,0.0,1.0
468,0.0,1,235.0,2,469,1,False,0.0,0,1.0,[2 2],[1. 0.],0,0,[0.6 0.6],1.0,0.0,1.0
469,0.0,1,235.0,0,470,0,False,1.0,1,0.0,[2 1],[1. 0.],0,0,[0.6 0.6],1.0,0.0,1.0
470,0.0,1,236.0,2,471,1,False,0.0,0,1.0,[2 1],[1. 0.],0,0,[0.6 0.6],1.0,0.0,1.0
471,1.0,1,236.0,0,472,0,False,1.0,1,0.0,[2 1],[1. 0.],0,0,[0.6 0.6],1.0,0.0,1.0
472,0.0,1,237.0,2,473,1,False,0.0,0,1.0,[2 1],[1. 0.],0,0,[0.6 0.6],1.0,0.0,1.0
473,1.0,1,237.0,0,474,0,False,1.0,1,0.0,[2 1],[1. 0.],0,0,[0.6 0.6],1.0,0.0,1.0
474,0.0,1,238.0,2,475,1,False,0.0,0,1.0,[2 1],[1. 0.],0,0,[0.6 0.6],1.0,0.0,1.0
475,1.0,1,238.0,0,476,0,False,1.0,1,0.0,[2 1],[1. 0.],0,0,[0.6 0.6],1.0,0.0,1.0
476,0.0,1,239.0,2,477,1,False,0.0,0,1.0,[2 1],[1. 0.],0,0,[0.6 0.6],1.0,0.0,1.0
477,1.0,1,239.0,0,478,0,False,1.0,1,0.0,[2 2],[1. 0.],0,0,[0.6 0.6],1.0,0.0,1.0
478,0.0,1,240.0,2,479,1,False,0.0,0,1.0,[2 2],[1. 0.],0,0,[0.6 0.6],1.0,0.0,1.0
479,0.0,1,240.0,0,480,0,False,1.0,1,0.0,[2 2],[1. 0.],0,0,[0.6 0.6],1.0,0.0,1.0
480,0.0,1,241.0,2,481,1,False,0.0,0,1.0,[2 2],[1. 0.],0,0,[0.6 0.6],1.0,0.0,1.0
481,0.0,1,241.0,0,482,0,False,1.0,1,0.0,[2 1],[1. 0.],0,0,[0.6 0.6],1.0,0.0,1.0
482,0.0,1,242.0,2,483,1,False,0.0,0,1.0,[2 1],[1. 0.],0,0,[0.6 0.6],1.0,0.0,1.0
483,1.0,1,242.0,0,484,0,False,1.0,1,0.0,[2 1],[1. 0.],1,0,[0.6 0.6],1.0,0.0,1.0
484,0.0,1,243.0,2,485,1,False,0.0,0,2.0,[2 1],[1. 0.],1,0,[0.6 0.6],1.0,0.0,1.0
485,1.0,1,243.0,0,486,0,False,2.0,1,0.0,[1 1],[1. 0.],0,0,[0.6 0.6],1.0,0.0,1.0
486,0.0,1,244.0,2,487,1,False,0.0,0,1.0,[1 1],[1. 0.],0,0,[0.6 0.6],1.0,0.0,1.0
487,1.0,1,244.0,0,488,0,False,1.0,1,0.0,[1 1],[1. 0.],1,0,[0.6 0.6],1.0,0.0,1.0
488,0.0,1,245.0,2,489,1,False,0.0,0,2.0,[1 1],[1. 0.],1,0,[0.6 0.6],1.0,0.0,1.0
489,1.0,1,245.0,0,490,0,False,2.0,1,0.0,[2 2],[1. 0.],1,0,[0.6 0.6],1.0,0.0,1.0
490,0.0,1,246.0,2,491,1,False,0.0,0,2.0,[2 2],[1. 0.],1,0,[0.6 0.6],1.0,0.0,1.0
491,0.0,1,246.0,0,492,0,False,2.0,1,0.0,[2 1],[1. 0.],0,0,[0.6 0.6],1.0,0.0,1.0
492,0.0,1,247.0,2,493,1,False,0.0,0,1.0,[2 1],[1. 0.],0,0,[0.6 0.6],1.0,0.0,1.0
493,1.0,1,247.0,0,494,0,False,1.0,1,0.0,[1 2],[1. 0.],0,0,[0.6 0.6],1.0,0.0,1.0
494,0.0,1,248.0,2,495,1,False,0.0,0,1.0,[1 2],[1. 0.],0,0,[0.6 0.6],1.0,0.0,1.0
495,0.0,1,248.0,0,496,0,False,1.0,1,0.0,[1 1],[1. 0.],0,0,[0.6 0.6],1.0,0.0,1.0
496,0.0,1,249.0,2,497,1,False,0.0,0,1.0,[1 1],[1. 0.],0,0,[0.6 0.6],1.0,0.0,1.0
497,1.0,1,249.0,0,498,0,False,1.0,1,0.0,[2 1],[1. 0.],0,0,[0.6 0.6],1.0,0.0,1.0
498,0.0,1,250.0,2,499,1,False,0.0,0,1.0,[2 1],[1. 0.],0,0,[0.6 0.6],1.0,0.0,1.0
499,1.0,1,250.0,0,500,0,False,1.0,1,0.0,[1 2],[1. 0.],1,0,[0.6 0.6],1.0,0.0,1.0
500,0.0,1,251.0,2,501,1,False,0.0,0,2.0,[1 2],[1. 0.],1,0,[0.6 0.6],1.0,0.0,1.0
501,0.0,1,251.0,0,502,0,False,2.0,1,0.0,[1 1],[1. 0.],0,0,[0.6 0.6],1.0,0.0,1.0
502,0.0,1,252.0,2,503,1,False,0.0,0,1.0,[1 1],[1. 0.],0,0,[0.6 0.6],1.0,0.0,1.0
503,1.0,1,252.0,0,504,0,False,1.0,1,0.0,[2 2],[1. 0.],0,0,[0.6 0.6],1.0,0.0,1.0
504,0.0,1,253.0,2,505,1,False,0.0,0,1.0,[2 2],[1. 0.],0,0,[0.6 0.6],1.0,0.0,1.0
505,0.0,1,253.0,0,506,0,False,1.0,1,0.0,[1 1],[1. 0.],1,0,[0.6 0.6],1.0,0.0,1.0
506,0.0,1,254.0,2,507,1,False,0.0,0,2.0,[1 1],[1. 0.],1,0,[0.6 0.6],1.0,0.0,1.0
507,1.0,1,254.0,0,508,0,False,2.0,1,0.0,[1 1],[1. 0.],1,0,[0.6 0.6],1.0,0.0,1.0
508,0.0,1,255.0,2,509,1,False,0.0,0,2.0,[1 1],[1. 0.],1,0,[0.6 0.6],1.0,0.0,1.0
509,1.0,1,255.0,0,510,0,False,2.0,1,0.0,[2 1],[1. 0.],0,0,[0.6 0.6],1.0,0.0,1.0
510,0.0,1,256.0,2,511,1,False,0.0,0,1.0,[2 1],[1. 0.],0,0,[0.6 0.6],1.0,0.0,1.0
511,1.0,1,256.0,0,512,0,False,1.0,1,0.0,[2 1],[1. 0.],0,0,[0.6 0.6],1.0,0.0,1.0
512,0.0,1,257.0,2,513,1,False,0.0,0,1.0,[2 1],[1. 0.],0,0,[0.6 0.6],1.0,0.0,1.0
513,1.0,1,257.0,0,514,0,False,1.0,1,0.0,[2 2],[1. 0.],0,0,[0.6 0.6],1.0,0.0,1.0
514,0.0,1,258.0,2,515,1,False,0.0,0,1.0,[2 2],[1. 0.],0,0,[0.6 0.6],1.0,0.0,1.0
515,0.0,1,258.0,0,516,0,False,1.0,1,0.0,[1 1],[1. 0.],0,0,[0.6 0.6],1.0,0.0,1.0
516,0.0,1,259.0,2,517,1,False,0.0,0,1.0,[1 1],[1. 0.],0,0,[0.6 0.6],1.0,0.0,1.0
517,1.0,1,259.0,0,518,0,False,1.0,1,0.0,[1 1],[1. 0.],0,0,[0.6 0.6],1.0,0.0,1.0
518,0.0,1,260.0,2,519,1,False,0.0,0,1.0,[1 1],[1. 0.],0,0,[0.6 0.6],1.0,0.0,1.0
519,1.0,1,260.0,0,520,0,False,1.0,1,0.0,[2 1],[1. 0.],1,0,[0.6 0.6],1.0,0.0,1.0
520,0.0,1,261.0,2,521,1,False,0.0,0,2.0,[2 1],[1. 0.],1,0,[0.6 0.6],1.0,0.0,1.0
521,1.0,1,261.0,0,522,0,False,2.0,1,0.0,[2 1],[1. 0.],1,0,[0.6 0.6],1.0,0.0,1.0
522,0.0,1,262.0,2,523,1,False,0.0,0,2.0,[2 1],[1. 0.],1,0,[0.6 0.6],1.0,0.0,1.0
523,1.0,1,262.0,0,524,0,False,2.0,1,0.0,[1 1],[1. 0.],1,0,[0.6 0.6],1.0,0.0,1.0
524,0.0,1,263.0,2,525,1,False,0.0,0,2.0,[1 1],[1. 0.],1,0,[0.6 0.6],1.0,0.0,1.0
525,1.0,1,263.0,0,526,0,False,2.0,1,0.0,[2 2],[1. 0.],0,0,[0.6 0.6],1.0,0.0,1.0
526,0.0,1,264.0,2,527,1,False,0.0,0,1.0,[2 2],[1. 0.],0,0,[0.6 0.6],1.0,0.0,1.0
527,0.0,1,264.0,0,528,0,False,1.0,1,0.0,[2 2],[1. 0.],1,0,[0.6 0.6],1.0,0.0,1.0
528,0.0,1,265.0,2,529,1,False,0.0,0,2.0,[2 2],[1. 0.],1,0,[0.6 0.6],1.0,0.0,1.0
529,0.0,1,265.0,0,530,0,False,2.0,1,0.0,[2 1],[1. 0.],0,0,[0.6 0.6],1.0,0.0,1.0
530,0.0,1,266.0,2,531,1,False,0.0,0,1.0,[2 1],[1. 0.],0,0,[0.6 0.6],1.0,0.0,1.0
531,1.0,1,266.0,0,532,0,False,1.0,1,0.0,[1 1],[1. 0.],1,0,[0.6 0.6],1.0,0.0,1.0
532,0.0,1,267.0,2,533,1,False,0.0,0,2.0,[1 1],[1. 0.],1,0,[0.6 0.6],1.0,0.0,1.0
533,1.0,1,267.0,0,534,0,False,2.0,1,0.0,[2 2],[1. 0.],1,0,[0.6 0.6],1.0,0.0,1.0
534,0.0,1,268.0,2,535,1,False,0.0,0,2.0,[2 2],[1. 0.],1,0,[0.6 0.6],1.0,0.0,1.0
535,0.0,1,268.0,0,536,0,False,2.0,1,0.0,[2 1],[1. 0.],0,0,[0.6 0.6],1.0,0.0,1.0
536,0.0,1,269.0,2,537,1,False,0.0,0,1.0,[2 1],[1. 0.],0,0,[0.6 0.6],1.0,0.0,1.0
537,1.0,1,269.0,0,538,0,False,1.0,1,0.0,[2 2],[1. 0.],0,0,[0.6 0.6],1.0,0.0,1.0
538,0.0,1,270.0,2,539,1,False,0.0,0,1.0,[2 2],[1. 0.],0,0,[0.6 0.6],1.0,0.0,1.0
539,0.0,1,270.0,0,540,0,False,1.0,1,0.0,[2 2],[1. 0.],0,0,[0.6 0.6],1.0,0.0,1.0
540,0.0,1,271.0,2,541,1,False,0.0,0,1.0,[2 2],[1. 0.],0,0,[0.6 0.6],1.0,0.0,1.0
541,0.0,1,271.0,0,542,0,False,1.0,1,0.0,[1 1],[1. 0.],1,0,[0.6 0.6],1.0,0.0,1.0
542,0.0,1,272.0,2,543,1,False,0.0,0,2.0,[1 1],[1. 0.],1,0,[0.6 0.6],1.0,0.0,1.0
543,1.0,1,272.0,0,544,0,False,2.0,1,0.0,[2 1],[1. 0.],0,0,[0.6 0.6],1.0,0.0,1.0
544,0.0,1,273.0,2,545,1,False,0.0,0,1.0,[2 1],[1. 0.],0,0,[0.6 0.6],1.0,0.0,1.0
545,1.0,1,273.0,0,546,0,False,1.0,1,0.0,[1 1],[1. 0.],0,0,[0.6 0.6],1.0,0.0,1.0
546,0.0,1,274.0,2,547,1,False,0.0,0,1.0,[1 1],[1. 0.],0,0,[0.6 0.6],1.0,0.0,1.0
547,1.0,1,274.0,0,548,0,False,1.0,1,0.0,[2 1],[1. 0.],1,0,[0.6 0.6],1.0,0.0,1.0
548,0.0,1,275.0,2,549,1,False,0.0,0,2.0,[2 1],[1. 0.],1,0,[0.6 0.6],1.0,0.0,1.0
549,1.0,1,275.0,0,550,0,False,2.0,1,0.0,[2 1],[1. 0.],0,0,[0.6 0.6],1.0,0.0,1.0
550,0.0,1,276.0,2,551,1,False,0.0,0,1.0,[2 1],[1. 0.],0,0,[0.6 0.6],1.0,0.0,1.0
551,1.0,1,276.0,0,552,0,False,1.0,1,0.0,[2 1],[1. 0.],0,0,[0.6 0.6],1.0,0.0,1.0
552,0.0,1,277.0,2,553,1,False,0.0,0,1.0,[2 1],[1. 0.],0,0,[0.6 0.6],1.0,0.0,1.0
553,1.0,1,277.0,0,554,0,False,1.0,1,0.0,[2 2],[1. 0.],1,0,[0.6 0.6],1.0,0.0,1.0
554,0.0,1,278.0,2,555,1,False,0.0,0,2.0,[2 2],[1. 0.],1,0,[0.6 0.6],1.0,0.0,1.0
555,0.0,1,278.0,0,556,0,False,2.0,1,0.0,[2 1],[1. 0.],0,0,[0.6 0.6],1.0,0.0,1.0
556,0.0,1,279.0,2,557,1,False,0.0,0,1.0,[2 1],[1. 0.],0,0,[0.6 0.6],1.0,0.0,1.0
557,1.0,1,279.0,0,558,0,False,1.0,1,0.0,[2 1],[1. 0.],0,0,[0.6 0.6],1.0,0.0,1.0
558,0.0,1,280.0,2,559,1,False,0.0,0,1.0,[2 1],[1. 0.],0,0,[0.6 0.6],1.0,0.0,1.0
559,1.0,1,280.0,0,560,0,False,1.0,1,0.0,[1 1],[1. 0.],0,0,[0.6 0.6],1.0,0.0,1.0
560,0.0,1,281.0,2,561,1,False,0.0,0,1.0,[1 1],[1. 0.],0,0,[0.6 0.6],1.0,0.0,1.0
561,1.0,1,281.0,0,562,0,False,1.0,1,0.0,[2 1],[1. 0.],0,0,[0.6 0.6],1.0,0.0,1.0
562,0.0,1,282.0,2,563,1,False,0.0,0,1.0,[2 1],[1. 0.],0,0,[0.6 0.6],1.0,0.0,1.0
563,1.0,1,282.0,0,564,0,False,1.0,1,0.0,[1 2],[1. 0.],0,0,[0.6 0.6],1.0,0.0,1.0
564,0.0,1,283.0,2,565,1,False,0.0,0,1.0,[1 2],[1. 0.],0,0,[0.6 0.6],1.0,0.0,1.0
565,0.0,1,283.0,0,566,0,False,1.0,1,0.0,[2 1],[1. 0.],0,0,[0.6 0.6],1.0,0.0,1.0
566,0.0,1,284.0,2,567,1,False,0.0,0,1.0,[2 1],[1. 0.],0,0,[0.6 0.6],1.0,0.0,1.0
567,1.0,1,284.0,0,568,0,False,1.0,1,0.0,[2 2],[1. 0.],0,0,[0.6 0.6],1.0,0.0,1.0
568,0.0,1,285.0,2,569,1,False,0.0,0,1.0,[2 2],[1. 0.],0,0,[0.6 0.6],1.0,0.0,1.0
569,0.0,1,285.0,0,570,0,False,1.0,1,0.0,[2 1],[1. 0.],1,0,[0.6 0.6],1.0,0.0,1.0
570,0.0,1,286.0,2,571,1,False,0.0,0,2.0,[2 1],[1. 0.],1,0,[0.6 0.6],1.0,0.0,1.0
571,1.0,1,286.0,0,572,0,False,2.0,1,0.0,[1 1],[1. 0.],1,0,[0.6 0.6],1.0,0.0,1.0
572,0.0,1,287.0,2,573,1,False,0.0,0,2.0,[1 1],[1. 0.],1,0,[0.6 0.6],1.0,0.0,1.0
573,1.0,1,287.0,0,574,0,False,2.0,1,0.0,[2 1],[1. 0.],1,0,[0.6 0.6],1.0,0.0,1.0
574,0.0,1,288.0,2,575,1,False,0.0,0,2.0,[2 1],[1. 0.],1,0,[0.6 0.6],1.0,0.0,1.0
575,1.0,1,288.0,0,576,0,False,2.0,1,0.0,[2 1],[1. 0.],0,0,[0.6 0.6],1.0,0.0,1.0
576,0.0,1,289.0,2,577,1,False,0.0,0,1.0,[2 1],[1. 0.],0,0,[0.6 0.6],1.0,0.0,1.0
577,1.0,1,289.0,0,578,0,False,1.0,1,0.0,[2 1],[1. 0.],0,0,[0.6 0.6],1.0,0.0,1.0
578,0.0,1,290.0,2,579,1,False,0.0,0,1.0,[2 1],[1. 0.],0,0,[0.6 0.6],1.0,0.0,1.0
579,1.0,1,290.0,0,580,0,False,1.0,1,0.0,[2 1],[1. 0.],0,0,[0.6 0.6],1.0,0.0,1.0
580,0.0,1,291.0,2,581,1,False,0.0,0,1.0,[2 1],[1. 0.],0,0,[0.6 0.6],1.0,0.0,1.0
581,1.0,1,291.0,0,582,0,False,1.0,1,0.0,[2 1],[1. 0.],1,0,[0.6 0.6],1.0,0.0,1.0
582,0.0,1,292.0,2,583,1,False,0.0,0,2.0,[2 1],[1. 0.],1,0,[0.6 0.6],1.0,0.0,1.0
583,1.0,1,292.0,0,584,0,False,2.0,1,0.0,[1 2],[1. 0.],1,0,[0.6 0.6],1.0,0.0,1.0
584,0.0,1,293.0,2,585,1,False,0.0,0,2.0,[1 2],[1. 0.],1,0,[0.6 0.6],1.0,0.0,1.0
585,0.0,1,293.0,0,586,0,False,2.0,1,0.0,[1 2],[1. 0.],0,0,[0.6 0.6],1.0,0.0,1.0
586,0.0,1,294.0,2,587,1,False,0.0,0,1.0,[1 2],[1. 0.],0,0,[0.6 0.6],1.0,0.0,1.0
587,0.0,1,294.0,0,588,0,False,1.0,1,0.0,[1 1],[1. 0.],0,0,[0.6 0.6],1.0,0.0,1.0
588,0.0,1,295.0,2,589,1,False,0.0,0,1.0,[1 1],[1. 0.],0,0,[0.6 0.6],1.0,0.0,1.0
589,1.0,1,295.0,0,590,0,False,1.0,1,0.0,[2 1],[1. 0.],1,0,[0.6 0.6],1.0,0.0,1.0
590,0.0,1,296.0,2,591,1,False,0.0,0,2.0,[2 1],[1. 0.],1,0,[0.6 0.6],1.0,0.0,1.0
591,1.0,1,296.0,0,592,0,False,2.0,1,0.0,[1 2],[1. 0.],1,0,[0.6 0.6],1.0,0.0,1.0
592,0.0,1,297.0,2,593,1,False,0.0,0,2.0,[1 2],[1. 0.],1,0,[0.6 0.6],1.0,0.0,1.0
593,0.0,1,297.0,0,594,0,False,2.0,1,0.0,[2 2],[1. 0.],1,0,[0.6 0.6],1.0,0.0,1.0
594,0.0,1,298.0,2,595,1,False,0.0,0,2.0,[2 2],[1. 0.],1,0,[0.6 0.6],1.0,0.0,1.0
595,0.0,1,298.0,0,596,0,False,2.0,1,0.0,[2 1],[1. 0.],0,0,[0.6 0.6],1.0,0.0,1.0
596,0.0,1,299.0,1,597,1,False,0.0,0,1.0,[2 1],[1. 0.],0,0,[0.6 0.6],1.0,0.0,1.0
597,0.0,1,299.0,0,598,0,False,1.0,1,0.0,[1 1],[1. 0.],0,0,[0.6 0.6],1.0,0.0,1.0
598,0.0,1,300.0,1,599,1,False,0.0,0,1.0,[1 1],[1. 0.],0,0,[0.6 0.6],1.0,0.0,1.0
599,1.0,1,300.0,0,600,0,False,1.0,1,0.0,[1 1],[1. 0.],0,0,[0.6 0.6],1.0,0.0,1.0
600,0.0,1,301.0,1,601,1,False,0.0,0,1.0,[1 1],[1. 0.],0,0,[0.6 0.6],1.0,0.0,1.0
601,1.0,1,301.0,0,602,0,False,1.0,1,0.0,[1 1],[1. 0.],0,0,[0.6 0.6],1.0,0.0,1.0
602,0.0,1,302.0,1,603,1,False,0.0,0,1.0,[1 1],[1. 0.],0,0,[0.6 0.6],1.0,0.0,1.0
603,1.0,1,302.0,0,604,0,False,1.0,1,0.0,[2 1],[1. 0.],1,0,[0.6 0.6],1.0,0.0,1.0
604,0.0,1,303.0,1,605,1,False,0.0,0,2.0,[2 1],[1. 0.],1,0,[0.6 0.6],1.0,0.0,1.0
605,0.0,1,303.0,0,606,0,False,2.0,1,0.0,[2 1],[1. 0.],0,0,[0.6 0.6],1.0,0.0,1.0
606,0.0,1,304.0,1,607,1,False,0.0,0,1.0,[2 1],[1. 0.],0,0,[0.6 0.6],1.0,0.0,1.0
607,0.0,1,304.0,0,608,0,False,1.0,1,0.0,[2 2],[1. 0.],0,0,[0.6 0.6],1.0,0.0,1.0
608,0.0,1,305.0,1,609,1,False,0.0,0,1.0,[2 2],[1. 0.],0,0,[0.6 0.6],1.0,0.0,1.0
609,0.0,1,305.0,0,610,0,False,1.0,1,0.0,[1 2],[1. 0.],1,0,[0.6 0.6],1.0,0.0,1.0
610,0.0,1,306.0,1,611,1,False,0.0,0,2.0,[1 2],[1. 0.],1,0,[0.6 0.6],1.0,0.0,1.0
611,1.0,1,306.0,0,612,0,False,2.0,1,0.0,[1 1],[1. 0.],0,0,[0.6 0.6],1.0,0.0,1.0
612,0.0,1,307.0,1,613,1,False,0.0,0,1.0,[1 1],[1. 0.],0,0,[0.6 0.6],1.0,0.0,1.0
613,1.0,1,307.0,0,614,0,False,1.0,1,0.0,[1 2],[1. 0.],0,0,[0.6 0.6],1.0,0.0,1.0
614,0.0,1,308.0,1,615,1,False,0.0,0,1.0,[1 2],[1. 0.],0,0,[0.6 0.6],1.0,0.0,1.0
615,1.0,1,308.0,0,616,0,False,1.0,1,0.0,[2 2],[1. 0.],1,0,[0.6 0.6],1.0,0.0,1.0
616,0.0,1,309.0,1,617,1,False,0.0,0,2.0,[2 2],[1. 0.],1,0,[0.6 0.6],1.0,0.0,1.0
617,0.0,1,309.0,0,618,0,False,2.0,1,0.0,[2 2],[1. 0.],0,0,[0.6 0.6],1.0,0.0,1.0
618,0.0,1,310.0,1,619,1,False,0.0,0,1.0,[2 2],[1. 0.],0,0,[0.6 0.6],1.0,0.0,1.0
619,0.0,1,310.0,0,620,0,False,1.0,1,0.0,[2 1],[1. 0.],1,0,[0.6 0.6],1.0,0.0,1.0
620,0.0,1,311.0,1,621,1,False,0.0,0,2.0,[2 1],[1. 0.],1,0,[0.6 0.6],1.0,0.0,1.0
621,0.0,1,311.0,0,622,0,False,2.0,1,0.0,[2 1],[1. 0.],1,0,[0.6 0.6],1.0,0.0,1.0
622,0.0,1,312.0,2,623,1,False,0.0,0,2.0,[2 1],[1. 0.],1,0,[0.6 0.6],1.0,0.0,1.0
623,1.0,1,312.0,0,624,0,False,2.0,1,0.0,[1 2],[1. 0.],1,0,[0.6 0.6],1.0,0.0,1.0
624,0.0,1,313.0,2,625,1,False,0.0,0,2.0,[1 2],[1. 0.],1,0,[0.6 0.6],1.0,0.0,1.0
625,0.0,1,313.0,0,626,0,False,2.0,1,0.0,[2 2],[1. 0.],1,0,[0.6 0.6],1.0,0.0,1.0
626,0.0,1,314.0,1,627,1,False,0.0,0,2.0,[2 2],[1. 0.],1,0,[0.6 0.6],1.0,0.0,1.0
627,0.0,1,314.0,0,628,0,False,2.0,1,0.0,[1 1],[1. 0.],0,0,[0.6 0.6],1.0,0.0,1.0
628,0.0,1,315.0,2,629,1,False,0.0,0,1.0,[1 1],[1. 0.],0,0,[0.6 0.6],1.0,0.0,1.0
629,1.0,1,315.0,0,630,0,False,1.0,1,0.0,[2 1],[1. 0.],1,0,[0.6 0.6],1.0,0.0,1.0
630,0.0,1,316.0,2,631,1,False,0.0,0,2.0,[2 1],[1. 0.],1,0,[0.6 0.6],1.0,0.0,1.0
631,1.0,1,316.0,0,632,0,False,2.0,1,0.0,[2 1],[1. 0.],1,0,[0.6 0.6],1.0,0.0,1.0
632,0.0,1,317.0,2,633,1,False,0.0,0,2.0,[2 1],[1. 0.],1,0,[0.6 0.6],1.0,0.0,1.0
633,1.0,1,317.0,0,634,0,False,2.0,1,0.0,[2 1],[1. 0.],0,0,[0.6 0.6],1.0,0.0,1.0
634,0.0,1,318.0,2,635,1,False,0.0,0,1.0,[2 1],[1. 0.],0,0,[0.6 0.6],1.0,0.0,1.0
635,1.0,1,318.0,0,636,0,False,1.0,1,0.0,[1 2],[1. 0.],1,0,[0.6 0.6],1.0,0.0,1.0
636,0.0,1,319.0,2,637,1,False,0.0,0,2.0,[1 2],[1. 0.],1,0,[0.6 0.6],1.0,0.0,1.0
637,0.0,1,319.0,0,638,0,False,2.0,1,0.0,[2 1],[1. 0.],0,0,[0.6 0.6],1.0,0.0,1.0
638,0.0,1,320.0,2,639,1,False,0.0,0,1.0,[2 1],[1. 0.],0,0,[0.6 0.6],1.0,0.0,1.0
639,1.0,1,320.0,0,640,0,False,1.0,1,0.0,[2 1],[1. 0.],0,0,[0.6 0.6],1.0,0.0,1.0
640,0.0,1,321.0,2,641,1,False,0.0,0,1.0,[2 1],[1. 0.],0,0,[0.6 0.6],1.0,0.0,1.0
641,1.0,1,321.0,0,642,0,False,1.0,1,0.0,[2 2],[1. 0.],1,0,[0.6 0.6],1.0,0.0,1.0
642,0.0,1,322.0,2,643,1,False,0.0,0,2.0,[2 2],[1. 0.],1,0,[0.6 0.6],1.0,0.0,1.0
643,0.0,1,322.0,0,644,0,False,2.0,1,0.0,[2 1],[1. 0.],0,0,[0.6 0.6],1.0,0.0,1.0
644,0.0,1,323.0,2,645,1,False,0.0,0,1.0,[2 1],[1. 0.],0,0,[0.6 0.6],1.0,0.0,1.0
645,1.0,1,323.0,0,646,0,False,1.0,1,0.0,[2 1],[1. 0.],0,0,[0.6 0.6],1.0,0.0,1.0
646,0.0,1,324.0,2,647,1,False,0.0,0,1.0,[2 1],[1. 0.],0,0,[0.6 0.6],1.0,0.0,1.0
647,1.0,1,324.0,0,648,0,False,1.0,1,0.0,[2 1],[1. 0.],0,0,[0.6 0.6],1.0,0.0,1.0
648,0.0,1,325.0,2,649,1,False,0.0,0,1.0,[2 1],[1. 0.],0,0,[0.6 0.6],1.0,0.0,1.0
649,1.0,1,325.0,0,650,0,False,1.0,1,0.0,[1 2],[1. 0.],0,0,[0.6 0.6],1.0,0.0,1.0
650,0.0,1,326.0,2,651,1,False,0.0,0,1.0,[1 2],[1. 0.],0,0,[0.6 0.6],1.0,0.0,1.0
651,0.0,1,326.0,0,652,0,False,1.0,1,0.0,[1 1],[1. 0.],1,0,[0.6 0.6],1.0,0.0,1.0
652,0.0,1,327.0,2,653,1,False,0.0,0,2.0,[1 1],[1. 0.],1,0,[0.6 0.6],1.0,0.0,1.0
653,1.0,1,327.0,0,654,0,False,2.0,1,0.0,[2 1],[1. 0.],1,0,[0.6 0.6],1.0,0.0,1.0
654,0.0,1,328.0,2,655,1,False,0.0,0,2.0,[2 1],[1. 0.],1,0,[0.6 0.6],1.0,0.0,1.0
655,1.0,1,328.0,0,656,0,False,2.0,1,0.0,[2 1],[0. 1.],0,1,[0.6 0.6],1.0,0.0,1.0
656,0.0,1,329.0,2,657,1,False,0.0,0,1.0,[2 1],[0. 1.],0,1,[0.6 0.6],1.0,0.0,1.0
657,0.0,1,329.0,0,658,0,False,1.0,1,0.0,[2 2],[0. 1.],0,1,[0.6 0.6],1.0,0.0,1.0
658,0.0,1,330.0,2,659,1,False,0.0,0,1.0,[2 2],[0. 1.],0,1,[0.6 0.6],1.0,0.0,1.0
659,1.0,1,330.0,0,660,0,False,1.0,1,0.0,[2 2],[0. 1.],1,1,[0.6 0.6],1.0,0.0,1.0
660,0.0,1,331.0,2,661,1,False,0.0,0,2.0,[2 2],[0. 1.],1,1,[0.6 0.6],1.0,0.0,1.0
661,1.0,1,331.0,0,662,0,False,2.0,1,0.0,[2 1],[0. 1.],1,1,[0.6 0.6],1.0,0.0,1.0
662,0.0,1,332.0,2,663,1,False,0.0,0,2.0,[2 1],[0. 1.],1,1,[0.6 0.6],1.0,0.0,1.0
663,0.0,1,332.0,0,664,0,False,2.0,1,0.0,[2 2],[0. 1.],0,1,[0.6 0.6],1.0,0.0,1.0
664,0.0,1,333.0,2,665,1,False,0.0,0,1.0,[2 2],[0. 1.],0,1,[0.6 0.6],1.0,0.0,1.0
665,1.0,1,333.0,0,666,0,False,1.0,1,0.0,[2 2],[0. 1.],1,1,[0.6 0.6],1.0,0.0,1.0
666,0.0,1,334.0,2,667,1,False,0.0,0,2.0,[2 2],[0. 1.],1,1,[0.6 0.6],1.0,0.0,1.0
667,1.0,1,334.0,0,668,0,False,2.0,1,0.0,[2 2],[0. 1.],0,1,[0.6 0.6],1.0,0.0,1.0
668,0.0,1,335.0,2,669,1,False,0.0,0,1.0,[2 2],[0. 1.],0,1,[0.6 0.6],1.0,0.0,1.0
669,1.0,1,335.0,0,670,0,False,1.0,1,0.0,[1 2],[0. 1.],1,1,[0.6 0.6],1.0,0.0,1.0
670,0.0,1,336.0,2,671,1,False,0.0,0,2.0,[1 2],[0. 1.],1,1,[0.6 0.6],1.0,0.0,1.0
671,1.0,1,336.0,0,672,0,False,2.0,1,0.0,[2 1],[0. 1.],1,1,[0.6 0.6],1.0,0.0,1.0
672,0.0,1,337.0,2,673,1,False,0.0,0,2.0,[2 1],[0. 1.],1,1,[0.6 0.6],1.0,0.0,1.0
673,0.0,1,337.0,0,674,0,False,2.0,1,0.0,[1 1],[0. 1.],1,1,[0.6 0.6],1.0,0.0,1.0
674,0.0,1,338.0,2,675,1,False,0.0,0,2.0,[1 1],[0. 1.],1,1,[0.6 0.6],1.0,0.0,1.0
675,0.0,1,338.0,0,676,0,False,2.0,1,0.0,[2 1],[0. 1.],0,1,[0.6 0.6],1.0,0.0,1.0
676,0.0,1,339.0,1,677,1,False,0.0,0,1.0,[2 1],[0. 1.],0,1,[0.6 0.6],1.0,0.0,1.0
677,1.0,1,339.0,0,678,0,False,1.0,1,0.0,[2 1],[0. 1.],1,1,[0.6 0.6],1.0,0.0,1.0
678,0.0,1,340.0,1,679,1,False,0.0,0,2.0,[2 1],[0. 1.],1,1,[0.6 0.6],1.0,0.0,1.0
679,1.0,1,340.0,0,680,0,False,2.0,1,0.0,[2 2],[0. 1.],0,1,[0.6 0.6],1.0,0.0,1.0
680,0.0,1,341.0,1,681,1,False,0.0,0,1.0,[2 2],[0. 1.],0,1,[0.6 0.6],1.0,0.0,1.0
681,1.0,1,341.0,0,682,0,False,1.0,1,0.0,[2 2],[0. 1.],1,1,[0.6 0.6],1.0,0.0,1.0
682,0.0,1,342.0,1,683,1,False,0.0,0,2.0,[2 2],[0. 1.],1,1,[0.6 0.6],1.0,0.0,1.0
683,1.0,1,342.0,0,684,0,False,2.0,1,0.0,[2 2],[0. 1.],1,1,[0.6 0.6],1.0,0.0,1.0
684,0.0,1,343.0,1,685,1,False,0.0,0,2.0,[2 2],[0. 1.],1,1,[0.6 0.6],1.0,0.0,1.0
685,1.0,1,343.0,0,686,0,False,2.0,1,0.0,[2 2],[0. 1.],0,1,[0.6 0.6],1.0,0.0,1.0
686,0.0,1,344.0,1,687,1,False,0.0,0,1.0,[2 2],[0. 1.],0,1,[0.6 0.6],1.0,0.0,1.0
687,1.0,1,344.0,0,688,0,False,1.0,1,0.0,[2 1],[0. 1.],0,1,[0.6 0.6],1.0,0.0,1.0
688,0.0,1,345.0,1,689,1,False,0.0,0,1.0,[2 1],[0. 1.],0,1,[0.6 0.6],1.0,0.0,1.0
689,1.0,1,345.0,0,690,0,False,1.0,1,0.0,[2 1],[0. 1.],1,1,[0.6 0.6],1.0,0.0,1.0
690,0.0,1,346.0,1,691,1,False,0.0,0,2.0,[2 1],[0. 1.],1,1,[0.6 0.6],1.0,0.0,1.0
691,1.0,1,346.0,0,692,0,False,2.0,1,0.0,[2 1],[0. 1.],0,1,[0.6 0.6],1.0,0.0,1.0
692,0.0,1,347.0,1,693,1,False,0.0,0,1.0,[2 1],[0. 1.],0,1,[0.6 0.6],1.0,0.0,1.0
693,1.0,1,347.0,0,694,0,False,1.0,1,0.0,[2 1],[0. 1.],0,1,[0.6 0.6],1.0,0.0,1.0
694,0.0,1,348.0,1,695,1,False,0.0,0,1.0,[2 1],[0. 1.],0,1,[0.6 0.6],1.0,0.0,1.0
695,1.0,1,348.0,0,696,0,False,1.0,1,0.0,[1 1],[0. 1.],1,1,[0.6 0.6],1.0,0.0,1.0
696,0.0,1,349.0,1,697,1,False,0.0,0,2.0,[1 1],[0. 1.],1,1,[0.6 0.6],1.0,0.0,1.0
697,0.0,1,349.0,0,698,0,False,2.0,1,0.0,[2 2],[0. 1.],0,1,[0.6 0.6],1.0,0.0,1.0
698,0.0,1,350.0,1,699,1,False,0.0,0,1.0,[2 2],[0. 1.],0,1,[0.6 0.6],1.0,0.0,1.0
699,1.0,1,350.0,0,700,0,False,1.0,1,0.0,[1 2],[0. 1.],0,1,[0.6 0.6],1.0,0.0,1.0
700,0.0,1,351.0,1,701,1,False,0.0,0,1.0,[1 2],[0. 1.],0,1,[0.6 0.6],1.0,0.0,1.0
701,0.0,1,351.0,0,702,0,False,1.0,1,0.0,[2 1],[0. 1.],0,1,[0.6 0.6],1.0,0.0,1.0
702,0.0,1,352.0,1,703,1,False,0.0,0,1.0,[2 1],[0. 1.],0,1,[0.6 0.6],1.0,0.0,1.0
703,1.0,1,352.0,0,704,0,False,1.0,1,0.0,[2 2],[0. 1.],1,1,[0.6 0.6],1.0,0.0,1.0
704,0.0,1,353.0,1,705,1,False,0.0,0,2.0,[2 2],[0. 1.],1,1,[0.6 0.6],1.0,0.0,1.0
705,1.0,1,353.0,0,706,0,False,2.0,1,0.0,[2 2],[0. 1.],1,1,[0.6 0.6],1.0,0.0,1.0
706,0.0,1,354.0,1,707,1,False,0.0,0,2.0,[2 2],[0. 1.],1,1,[0.6 0.6],1.0,0.0,1.0
707,1.0,1,354.0,0,708,0,False,2.0,1,0.0,[1 2],[0. 1.],1,1,[0.6 0.6],1.0,0.0,1.0
708,0.0,1,355.0,1,709,1,False,0.0,0,2.0,[1 2],[0. 1.],1,1,[0.6 0.6],1.0,0.0,1.0
709,0.0,1,355.0,0,710,0,False,2.0,1,0.0,[2 1],[0. 1.],1,1,[0.6 0.6],1.0,0.0,1.0
710,0.0,1,356.0,1,711,1,False,0.0,0,2.0,[2 1],[0. 1.],1,1,[0.6 0.6],1.0,0.0,1.0
711,1.0,1,356.0,0,712,0,False,2.0,1,0.0,[2 2],[0. 1.],0,1,[0.6 0.6],1.0,0.0,1.0
712,0.0,1,357.0,1,713,1,False,0.0,0,1.0,[2 2],[0. 1.],0,1,[0.6 0.6],1.0,0.0,1.0
713,1.0,1,357.0,0,714,0,False,1.0,1,0.0,[1 2],[0. 1.],1,1,[0.6 0.6],1.0,0.0,1.0
714,0.0,1,358.0,1,715,1,False,0.0,0,2.0,[1 2],[0. 1.],1,1,[0.6 0.6],1.0,0.0,1.0
715,0.0,1,358.0,0,716,0,False,2.0,1,0.0,[1 2],[0. 1.],1,1,[0.6 0.6],1.0,0.0,1.0
716,0.0,1,359.0,1,717,1,False,0.0,0,2.0,[1 2],[0. 1.],1,1,[0.6 0.6],1.0,0.0,1.0
717,0.0,1,359.0,0,718,0,False,2.0,1,0.0,[2 1],[0. 1.],0,1,[0.6 0.6],1.0,0.0,1.0
718,0.0,1,360.0,2,719,1,False,0.0,0,1.0,[2 1],[0. 1.],0,1,[0.6 0.6],1.0,0.0,1.0
719,0.0,1,360.0,0,720,0,False,1.0,1,0.0,[2 1],[0. 1.],1,1,[0.6 0.6],1.0,0.0,1.0
720,0.0,1,361.0,2,721,1,False,0.0,0,2.0,[2 1],[0. 1.],1,1,[0.6 0.6],1.0,0.0,1.0
721,0.0,1,361.0,0,722,0,False,2.0,1,0.0,[1 2],[0. 1.],0,1,[0.6 0.6],1.0,0.0,1.0
722,0.0,1,362.0,1,723,1,False,0.0,0,1.0,[1 2],[0. 1.],0,1,[0.6 0.6],1.0,0.0,1.0
723,0.0,1,362.0,0,724,0,False,1.0,1,0.0,[1 2],[0. 1.],1,1,[0.6 0.6],1.0,0.0,1.0
724,0.0,1,363.0,2,725,1,False,0.0,0,2.0,[1 2],[0. 1.],1,1,[0.6 0.6],1.0,0.0,1.0
725,1.0,1,363.0,0,726,0,False,2.0,1,0.0,[1 2],[0. 1.],0,1,[0.6 0.6],1.0,0.0,1.0
726,0.0,1,364.0,2,727,1,False,0.0,0,1.0,[1 2],[0. 1.],0,1,[0.6 0.6],1.0,0.0,1.0
727,1.0,1,364.0,0,728,0,False,1.0,1,0.0,[2 1],[0. 1.],1,1,[0.6 0.6],1.0,0.0,1.0
728,0.0,1,365.0,2,729,1,False,0.0,0,2.0,[2 1],[0. 1.],1,1,[0.6 0.6],1.0,0.0,1.0
729,0.0,1,365.0,0,730,0,False,2.0,1,0.0,[1 1],[0. 1.],0,1,[0.6 0.6],1.0,0.0,1.0
730,0.0,1,366.0,2,731,1,False,0.0,0,1.0,[1 1],[0. 1.],0,1,[0.6 0.6],1.0,0.0,1.0
731,0.0,1,366.0,0,732,0,False,1.0,1,0.0,[1 1],[0. 1.],1,1,[0.6 0.6],1.0,0.0,1.0
732,0.0,1,367.0,2,733,1,False,0.0,0,2.0,[1 1],[0. 1.],1,1,[0.6 0.6],1.0,0.0,1.0
733,0.0,1,367.0,0,734,0,False,2.0,1,0.0,[2 1],[0. 1.],1,1,[0.6 0.6],1.0,0.0,1.0
734,0.0,1,368.0,1,735,1,False,0.0,0,2.0,[2 1],[0. 1.],1,1,[0.6 0.6],1.0,0.0,1.0
735,1.0,1,368.0,0,736,0,False,2.0,1,0.0,[2 2],[0. 1.],1,1,[0.6 0.6],1.0,0.0,1.0
736,0.0,1,369.0,2,737,1,False,0.0,0,2.0,[2 2],[0. 1.],1,1,[0.6 0.6],1.0,0.0,1.0
737,1.0,1,369.0,0,738,0,False,2.0,1,0.0,[2 1],[0. 1.],1,1,[0.6 0.6],1.0,0.0,1.0
738,0.0,1,370.0,2,739,1,False,0.0,0,2.0,[2 1],[0. 1.],1,1,[0.6 0.6],1.0,0.0,1.0
739,0.0,1,370.0,0,740,0,False,2.0,1,0.0,[2 1],[0. 1.],0,1,[0.6 0.6],1.0,0.0,1.0
740,0.0,1,371.0,1,741,1,False,0.0,0,1.0,[2 1],[0. 1.],0,1,[0.6 0.6],1.0,0.0,1.0
741,1.0,1,371.0,0,742,0,False,1.0,1,0.0,[1 1],[0. 1.],0,1,[0.6 0.6],1.0,0.0,1.0
742,0.0,1,372.0,1,743,1,False,0.0,0,1.0,[1 1],[0. 1.],0,1,[0.6 0.6],1.0,0.0,1.0
743,0.0,1,372.0,0,744,0,False,1.0,1,0.0,[1 1],[0. 1.],0,1,[0.6 0.6],1.0,0.0,1.0
744,0.0,1,373.0,1,745,1,False,0.0,0,1.0,[1 1],[0. 1.],0,1,[0.6 0.6],1.0,0.0,1.0
745,0.0,1,373.0,0,746,0,False,1.0,1,0.0,[2 1],[0. 1.],1,1,[0.6 0.6],1.0,0.0,1.0
746,0.0,1,374.0,1,747,1,False,0.0,0,2.0,[2 1],[0. 1.],1,1,[0.6 0.6],1.0,0.0,1.0
747,1.0,1,374.0,0,748,0,False,2.0,1,0.0,[2 2],[0. 1.],1,1,[0.6 0.6],1.0,0.0,1.0
748,0.0,1,375.0,1,749,1,False,0.0,0,2.0,[2 2],[0. 1.],1,1,[0.6 0.6],1.0,0.0,1.0
749,1.0,1,375.0,0,750,0,False,2.0,1,0.0,[1 1],[0. 1.],0,1,[0.6 0.6],1.0,0.0,1.0
750,0.0,1,376.0,1,751,1,False,0.0,0,1.0,[1 1],[0. 1.],0,1,[0.6 0.6],1.0,0.0,1.0
751,0.0,1,376.0,0,752,0,False,1.0,1,0.0,[1 2],[0. 1.],0,1,[0.6 0.6],1.0,0.0,1.0
752,0.0,1,377.0,1,753,1,False,0.0,0,1.0,[1 2],[0. 1.],0,1,[0.6 0.6],1.0,0.0,1.0
753,0.0,1,377.0,0,754,0,False,1.0,1,0.0,[2 1],[0. 1.],0,1,[0.6 0.6],1.0,0.0,1.0
754,0.0,1,378.0,1,755,1,False,0.0,0,1.0,[2 1],[0. 1.],0,1,[0.6 0.6],1.0,0.0,1.0
755,1.0,1,378.0,0,756,0,False,1.0,1,0.0,[1 1],[0. 1.],0,1,[0.6 0.6],1.0,0.0,1.0
756,0.0,1,379.0,1,757,1,False,0.0,0,1.0,[1 1],[0. 1.],0,1,[0.6 0.6],1.0,0.0,1.0
757,0.0,1,379.0,0,758,0,False,1.0,1,0.0,[2 2],[0. 1.],0,1,[0.6 0.6],1.0,0.0,1.0
758,0.0,1,380.0,1,759,1,False,0.0,0,1.0,[2 2],[0. 1.],0,1,[0.6 0.6],1.0,0.0,1.0
759,1.0,1,380.0,0,760,0,False,1.0,1,0.0,[2 1],[0. 1.],1,1,[0.6 0.6],1.0,0.0,1.0
760,0.0,1,381.0,1,761,1,False,0.0,0,2.0,[2 1],[0. 1.],1,1,[0.6 0.6],1.0,0.0,1.0
761,1.0,1,381.0,0,762,0,False,2.0,1,0.0,[1 1],[0. 1.],0,1,[0.6 0.6],1.0,0.0,1.0
762,0.0,1,382.0,1,763,1,False,0.0,0,1.0,[1 1],[0. 1.],0,1,[0.6 0.6],1.0,0.0,1.0
763,0.0,1,382.0,0,764,0,False,1.0,1,0.0,[1 2],[0. 1.],0,1,[0.6 0.6],1.0,0.0,1.0
764,0.0,1,383.0,1,765,1,False,0.0,0,1.0,[1 2],[0. 1.],0,1,[0.6 0.6],1.0,0.0,1.0
765,0.0,1,383.0,0,766,0,False,1.0,1,0.0,[2 2],[0. 1.],1,1,[0.6 0.6],1.0,0.0,1.0
766,0.0,1,384.0,1,767,1,False,0.0,0,2.0,[2 2],[0. 1.],1,1,[0.6 0.6],1.0,0.0,1.0
767,1.0,1,384.0,0,768,0,False,2.0,1,0.0,[2 1],[0. 1.],0,1,[0.6 0.6],1.0,0.0,1.0
768,0.0,1,385.0,1,769,1,False,0.0,0,1.0,[2 1],[0. 1.],0,1,[0.6 0.6],1.0,0.0,1.0
769,1.0,1,385.0,0,770,0,False,1.0,1,0.0,[2 2],[0. 1.],1,1,[0.6 0.6],1.0,0.0,1.0
770,0.0,1,386.0,1,771,1,False,0.0,0,2.0,[2 2],[0. 1.],1,1,[0.6 0.6],1.0,0.0,1.0
771,1.0,1,386.0,0,772,0,False,2.0,1,0.0,[2 2],[0. 1.],1,1,[0.6 0.6],1.0,0.0,1.0
772,0.0,1,387.0,1,773,1,False,0.0,0,2.0,[2 2],[0. 1.],1,1,[0.6 0.6],1.0,0.0,1.0
773,1.0,1,387.0,0,774,0,False,2.0,1,0.0,[2 1],[0. 1.],1,1,[0.6 0.6],1.0,0.0,1.0
774,0.0,1,388.0,1,775,1,False,0.0,0,2.0,[2 1],[0. 1.],1,1,[0.6 0.6],1.0,0.0,1.0
775,1.0,1,388.0,0,776,0,False,2.0,1,0.0,[2 2],[0. 1.],0,1,[0.6 0.6],1.0,0.0,1.0
776,0.0,1,389.0,1,777,1,False,0.0,0,1.0,[2 2],[0. 1.],0,1,[0.6 0.6],1.0,0.0,1.0
777,1.0,1,389.0,0,778,0,False,1.0,1,0.0,[2 2],[0. 1.],1,1,[0.6 0.6],1.0,0.0,1.0
778,0.0,1,390.0,1,779,1,False,0.0,0,2.0,[2 2],[0. 1.],1,1,[0.6 0.6],1.0,0.0,1.0
779,1.0,1,390.0,0,780,0,False,2.0,1,0.0,[2 1],[0. 1.],1,1,[0.6 0.6],1.0,0.0,1.0
780,0.0,1,391.0,1,781,1,False,0.0,0,2.0,[2 1],[0. 1.],1,1,[0.6 0.6],1.0,0.0,1.0
781,1.0,1,391.0,0,782,0,False,2.0,1,0.0,[1 1],[0. 1.],1,1,[0.6 0.6],1.0,0.0,1.0
782,0.0,1,392.0,1,783,1,False,0.0,0,2.0,[1 1],[0. 1.],1,1,[0.6 0.6],1.0,0.0,1.0
783,0.0,1,392.0,0,784,0,False,2.0,1,0.0,[2 2],[0. 1.],1,1,[0.6 0.6],1.0,0.0,1.0
784,0.0,1,393.0,1,785,1,False,0.0,0,2.0,[2 2],[0. 1.],1,1,[0.6 0.6],1.0,0.0,1.0
785,1.0,1,393.0,0,786,0,False,2.0,1,0.0,[1 1],[0. 1.],1,1,[0.6 0.6],1.0,0.0,1.0
786,0.0,1,394.0,1,787,1,False,0.0,0,2.0,[1 1],[0. 1.],1,1,[0.6 0.6],1.0,0.0,1.0
787,0.0,1,394.0,0,788,0,False,2.0,1,0.0,[2 2],[0. 1.],1,1,[0.6 0.6],1.0,0.0,1.0
788,0.0,1,395.0,1,789,1,False,0.0,0,2.0,[2 2],[0. 1.],1,1,[0.6 0.6],1.0,0.0,1.0
789,1.0,1,395.0,0,790,0,False,2.0,1,0.0,[2 1],[0. 1.],0,1,[0.6 0.6],1.0,0.0,1.0
790,0.0,1,396.0,1,791,1,False,0.0,0,1.0,[2 1],[0. 1.],0,1,[0.6 0.6],1.0,0.0,1.0
791,1.0,1,396.0,0,792,0,False,1.0,1,0.0,[1 1],[0. 1.],1,1,[0.6 0.6],1.0,0.0,1.0
792,0.0,1,397.0,1,793,1,False,0.0,0,2.0,[1 1],[0. 1.],1,1,[0.6 0.6],1.0,0.0,1.0
793,0.0,1,397.0,0,794,0,False,2.0,1,0.0,[2 1],[0. 1.],0,1,[0.6 0.6],1.0,0.0,1.0
794,0.0,1,398.0,1,795,1,False,0.0,0,1.0,[2 1],[0. 1.],0,1,[0.6 0.6],1.0,0.0,1.0
795,1.0,1,398.0,0,796,0,False,1.0,1,0.0,[2 1],[0. 1.],1,1,[0.6 0.6],1.0,0.0,1.0
796,0.0,1,399.0,1,797,1,False,0.0,0,2.0,[2 1],[0. 1.],1,1,[0.6 0.6],1.0,0.0,1.0
797,1.0,1,399.0,0,798,0,False,2.0,1,0.0,[2 1],[0. 1.],0,1,[0.6 0.6],1.0,0.0,1.0
798,0.0,1,400.0,1,799,1,False,0.0,0,1.0,[2 1],[0. 1.],0,1,[0.6 0.6],1.0,0.0,1.0
799,1.0,1,400.0,0,800,0,False,1.0,1,0.0,[1 2],[0. 1.],1,1,[0.6 0.6],1.0,0.0,1.0
800,0.0,1,401.0,1,801,1,False,0.0,0,2.0,[1 2],[0. 1.],1,1,[0.6 0.6],1.0,0.0,1.0
801,0.0,1,401.0,0,802,0,False,2.0,1,0.0,[1 1],[0. 1.],1,1,[0.6 0.6],1.0,0.0,1.0
802,0.0,1,402.0,1,803,1,False,0.0,0,2.0,[1 1],[0. 1.],1,1,[0.6 0.6],1.0,0.0,1.0
803,0.0,1,402.0,0,804,0,False,2.0,1,0.0,[1 1],[1. 0.],0,0,[0.6 0.6],1.0,0.0,1.0
804,0.0,1,403.0,1,805,1,False,0.0,0,1.0,[1 1],[1. 0.],0,0,[0.6 0.6],1.0,0.0,1.0
805,1.0,1,403.0,0,806,0,False,1.0,1,0.0,[1 2],[1. 0.],1,0,[0.6 0.6],1.0,0.0,1.0
806,0.0,1,404.0,1,807,1,False,0.0,0,2.0,[1 2],[1. 0.],1,0,[0.6 0.6],1.0,0.0,1.0
807,1.0,1,404.0,0,808,0,False,2.0,1,0.0,[2 1],[1. 0.],1,0,[0.6 0.6],1.0,0.0,1.0
808,0.0,1,405.0,1,809,1,False,0.0,0,2.0,[2 1],[1. 0.],1,0,[0.6 0.6],1.0,0.0,1.0
809,0.0,1,405.0,0,810,0,False,2.0,1,0.0,[2 1],[1. 0.],1,0,[0.6 0.6],1.0,0.0,1.0
810,0.0,1,406.0,1,811,1,False,0.0,0,2.0,[2 1],[1. 0.],1,0,[0.6 0.6],1.0,0.0,1.0
811,0.0,1,406.0,0,812,0,False,2.0,1,0.0,[1 1],[1. 0.],0,0,[0.6 0.6],1.0,0.0,1.0
812,0.0,1,407.0,2,813,1,False,0.0,0,1.0,[1 1],[1. 0.],0,0,[0.6 0.6],1.0,0.0,1.0
813,1.0,1,407.0,0,814,0,False,1.0,1,0.0,[2 2],[1. 0.],1,0,[0.6 0.6],1.0,0.0,1.0
814,0.0,1,408.0,2,815,1,False,0.0,0,2.0,[2 2],[1. 0.],1,0,[0.6 0.6],1.0,0.0,1.0
815,0.0,1,408.0,0,816,0,False,2.0,1,0.0,[2 1],[1. 0.],0,0,[0.6 0.6],1.0,0.0,1.0
816,0.0,1,409.0,1,817,1,False,0.0,0,1.0,[2 1],[1. 0.],0,0,[0.6 0.6],1.0,0.0,1.0
817,0.0,1,409.0,0,818,0,False,1.0,1,0.0,[1 1],[1. 0.],1,0,[0.6 0.6],1.0,0.0,1.0
818,0.0,1,410.0,2,819,1,False,0.0,0,2.0,[1 1],[1. 0.],1,0,[0.6 0.6],1.0,0.0,1.0
819,1.0,1,410.0,0,820,0,False,2.0,1,0.0,[1 2],[1. 0.],1,0,[0.6 0.6],1.0,0.0,1.0
820,0.0,1,411.0,2,821,1,False,0.0,0,2.0,[1 2],[1. 0.],1,0,[0.6 0.6],1.0,0.0,1.0
821,0.0,1,411.0,0,822,0,False,2.0,1,0.0,[2 2],[1. 0.],0,0,[0.6 0.6],1.0,0.0,1.0
822,0.0,1,412.0,2,823,1,False,0.0,0,1.0,[2 2],[1. 0.],0,0,[0.6 0.6],1.0,0.0,1.0
823,0.0,1,412.0,0,824,0,False,1.0,1,0.0,[1 1],[1. 0.],0,0,[0.6 0.6],1.0,0.0,1.0
824,0.0,1,413.0,1,825,1,False,0.0,0,1.0,[1 1],[1. 0.],0,0,[0.6 0.6],1.0,0.0,1.0
825,1.0,1,413.0,0,826,0,False,1.0,1,0.0,[1 2],[1. 0.],1,0,[0.6 0.6],1.0,0.0,1.0
826,0.0,1,414.0,1,827,1,False,0.0,0,2.0,[1 2],[1. 0.],1,0,[0.6 0.6],1.0,0.0,1.0
827,1.0,1,414.0,0,828,0,False,2.0,1,0.0,[2 1],[1. 0.],0,0,[0.6 0.6],1.0,0.0,1.0
828,0.0,1,415.0,1,829,1,False,0.0,0,1.0,[2 1],[1. 0.],0,0,[0.6 0.6],1.0,0.0,1.0
829,0.0,1,415.0,0,830,0,False,1.0,1,0.0,[2 1],[1. 0.],1,0,[0.6 0.6],1.0,0.0,1.0
830,0.0,1,416.0,1,831,1,False,0.0,0,2.0,[2 1],[1. 0.],1,0,[0.6 0.6],1.0,0.0,1.0
831,0.0,1,416.0,0,832,0,False,2.0,1,0.0,[2 1],[1. 0.],1,0,[0.6 0.6],1.0,0.0,1.0
832,0.0,1,417.0,1,833,1,False,0.0,0,2.0,[2 1],[1. 0.],1,0,[0.6 0.6],1.0,0.0,1.0
833,0.0,1,417.0,0,834,0,False,2.0,1,0.0,[1 2],[1. 0.],0,0,[0.6 0.6],1.0,0.0,1.0
834,0.0,1,418.0,2,835,1,False,0.0,0,1.0,[1 2],[1. 0.],0,0,[0.6 0.6],1.0,0.0,1.0
835,0.0,1,418.0,0,836,0,False,1.0,1,0.0,[1 1],[1. 0.],1,0,[0.6 0.6],1.0,0.0,1.0
836,0.0,1,419.0,1,837,1,False,0.0,0,2.0,[1 1],[1. 0.],1,0,[0.6 0.6],1.0,0.0,1.0
837,1.0,1,419.0,0,838,0,False,2.0,1,0.0,[1 1],[1. 0.],1,0,[0.6 0.6],1.0,0.0,1.0
838,0.0,1,420.0,1,839,1,False,0.0,0,2.0,[1 1],[1. 0.],1,0,[0.6 0.6],1.0,0.0,1.0
839,1.0,1,420.0,0,840,0,False,2.0,1,0.0,[2 2],[1. 0.],1,0,[0.6 0.6],1.0,0.0,1.0
840,0.0,1,421.0,1,841,1,False,0.0,0,2.0,[2 2],[1. 0.],1,0,[0.6 0.6],1.0,0.0,1.0
841,0.0,1,421.0,0,842,0,False,2.0,1,0.0,[2 1],[1. 0.],1,0,[0.6 0.6],1.0,0.0,1.0
842,0.0,1,422.0,1,843,1,False,0.0,0,2.0,[2 1],[1. 0.],1,0,[0.6 0.6],1.0,0.0,1.0
843,0.0,1,422.0,0,844,0,False,2.0,1,0.0,[2 2],[1. 0.],0,0,[0.6 0.6],1.0,0.0,1.0
844,0.0,1,423.0,1,845,1,False,0.0,0,1.0,[2 2],[1. 0.],0,0,[0.6 0.6],1.0,0.0,1.0
845,0.0,1,423.0,0,846,0,False,1.0,1,0.0,[2 1],[1. 0.],1,0,[0.6 0.6],1.0,0.0,1.0
846,0.0,1,424.0,2,847,1,False,0.0,0,2.0,[2 1],[1. 0.],1,0,[0.6 0.6],1.0,0.0,1.0
847,1.0,1,424.0,0,848,0,False,2.0,1,0.0,[2 2],[1. 0.],1,0,[0.6 0.6],1.0,0.0,1.0
848,0.0,1,425.0,2,849,1,False,0.0,0,2.0,[2 2],[1. 0.],1,0,[0.6 0.6],1.0,0.0,1.0
849,0.0,1,425.0,0,850,0,False,2.0,1,0.0,[1 1],[1. 0.],0,0,[0.6 0.6],1.0,0.0,1.0
850,0.0,1,426.0,2,851,1,False,0.0,0,1.0,[1 1],[1. 0.],0,0,[0.6 0.6],1.0,0.0,1.0
851,1.0,1,426.0,0,852,0,False,1.0,1,0.0,[1 1],[1. 0.],1,0,[0.6 0.6],1.0,0.0,1.0
852,0.0,1,427.0,2,853,1,False,0.0,0,2.0,[1 1],[1. 0.],1,0,[0.6 0.6],1.0,0.0,1.0
853,1.0,1,427.0,0,854,0,False,2.0,1,0.0,[2 2],[1. 0.],0,0,[0.6 0.6],1.0,0.0,1.0
854,0.0,1,428.0,2,855,1,False,0.0,0,1.0,[2 2],[1. 0.],0,0,[0.6 0.6],1.0,0.0,1.0
855,0.0,1,428.0,0,856,0,False,1.0,1,0.0,[1 1],[1. 0.],0,0,[0.6 0.6],1.0,0.0,1.0
856,0.0,1,429.0,2,857,1,False,0.0,0,1.0,[1 1],[1. 0.],0,0,[0.6 0.6],1.0,0.0,1.0
857,1.0,1,429.0,0,858,0,False,1.0,1,0.0,[1 1],[1. 0.],1,0,[0.6 0.6],1.0,0.0,1.0
858,0.0,1,430.0,2,859,1,False,0.0,0,2.0,[1 1],[1. 0.],1,0,[0.6 0.6],1.0,0.0,1.0
859,1.0,1,430.0,0,860,0,False,2.0,1,0.0,[2 2],[1. 0.],1,0,[0.6 0.6],1.0,0.0,1.0
860,0.0,1,431.0,2,861,1,False,0.0,0,2.0,[2 2],[1. 0.],1,0,[0.6 0.6],1.0,0.0,1.0
861,0.0,1,431.0,0,862,0,False,2.0,1,0.0,[1 1],[1. 0.],0,0,[0.6 0.6],1.0,0.0,1.0
862,0.0,1,432.0,2,863,1,False,0.0,0,1.0,[1 1],[1. 0.],0,0,[0.6 0.6],1.0,0.0,1.0
863,1.0,1,432.0,0,864,0,False,1.0,1,0.0,[1 1],[1. 0.],1,0,[0.6 0.6],1.0,0.0,1.0
864,0.0,1,433.0,2,865,1,False,0.0,0,2.0,[1 1],[1. 0.],1,0,[0.6 0.6],1.0,0.0,1.0
865,1.0,1,433.0,0,866,0,False,2.0,1,0.0,[2 1],[1. 0.],1,0,[0.6 0.6],1.0,0.0,1.0
866,0.0,1,434.0,2,867,1,False,0.0,0,2.0,[2 1],[1. 0.],1,0,[0.6 0.6],1.0,0.0,1.0
867,1.0,1,434.0,0,868,0,False,2.0,1,0.0,[2 2],[1. 0.],1,0,[0.6 0.6],1.0,0.0,1.0
868,0.0,1,435.0,2,869,1,False,0.0,0,2.0,[2 2],[1. 0.],1,0,[0.6 0.6],1.0,0.0,1.0
869,0.0,1,435.0,0,870,0,False,2.0,1,0.0,[1 1],[1. 0.],0,0,[0.6 0.6],1.0,0.0,1.0
870,0.0,1,436.0,2,871,1,False,0.0,0,1.0,[1 1],[1. 0.],0,0,[0.6 0.6],1.0,0.0,1.0
871,1.0,1,436.0,0,872,0,False,1.0,1,0.0,[2 1],[1. 0.],1,0,[0.6 0.6],1.0,0.0,1.0
872,0.0,1,437.0,2,873,1,False,0.0,0,2.0,[2 1],[1. 0.],1,0,[0.6 0.6],1.0,0.0,1.0
873,1.0,1,437.0,0,874,0,False,2.0,1,0.0,[1 1],[0. 1.],0,1,[0.6 0.6],1.0,0.0,1.0
874,0.0,1,438.0,2,875,1,False,0.0,0,1.0,[1 1],[0. 1.],0,1,[0.6 0.6],1.0,0.0,1.0
875,0.0,1,438.0,0,876,0,False,1.0,1,0.0,[1 2],[0. 1.],0,1,[0.6 0.6],1.0,0.0,1.0
876,0.0,1,439.0,2,877,1,False,0.0,0,1.0,[1 2],[0. 1.],0,1,[0.6 0.6],1.0,0.0,1.0
877,1.0,1,439.0,0,878,0,False,1.0,1,0.0,[2 2],[0. 1.],0,1,[0.6 0.6],1.0,0.0,1.0
878,0.0,1,440.0,2,879,1,False,0.0,0,1.0,[2 2],[0. 1.],0,1,[0.6 0.6],1.0,0.0,1.0
879,1.0,1,440.0,0,880,0,False,1.0,1,0.0,[2 1],[0. 1.],1,1,[0.6 0.6],1.0,0.0,1.0
880,0.0,1,441.0,2,881,1,False,0.0,0,2.0,[2 1],[0. 1.],1,1,[0.6 0.6],1.0,0.0,1.0
881,0.0,1,441.0,0,882,0,False,2.0,1,0.0,[2 2],[0. 1.],1,1,[0.6 0.6],1.0,0.0,1.0
882,0.0,1,442.0,2,883,1,False,0.0,0,2.0,[2 2],[0. 1.],1,1,[0.6 0.6],1.0,0.0,1.0
883,1.0,1,442.0,0,884,0,False,2.0,1,0.0,[2 1],[0. 1.],1,1,[0.6 0.6],1.0,0.0,1.0
884,0.0,1,443.0,2,885,1,False,0.0,0,2.0,[2 1],[0. 1.],1,1,[0.6 0.6],1.0,0.0,1.0
885,0.0,1,443.0,0,886,0,False,2.0,1,0.0,[1 1],[0. 1.],0,1,[0.6 0.6],1.0,0.0,1.0
886,0.0,1,444.0,2,887,1,False,0.0,0,1.0,[1 1],[0. 1.],0,1,[0.6 0.6],1.0,0.0,1.0
887,0.0,1,444.0,0,888,0,False,1.0,1,0.0,[2 1],[0. 1.],0,1,[0.6 0.6],1.0,0.0,1.0
888,0.0,1,445.0,2,889,1,False,0.0,0,1.0,[2 1],[0. 1.],0,1,[0.6 0.6],1.0,0.0,1.0
889,0.0,1,445.0,0,890,0,False,1.0,1,0.0,[1 2],[0. 1.],0,1,[0.6 0.6],1.0,0.0,1.0
890,0.0,1,446.0,1,891,1,False,0.0,0,1.0,[1 2],[0. 1.],0,1,[0.6 0.6],1.0,0.0,1.0
891,0.0,1,446.0,0,892,0,False,1.0,1,0.0,[1 1],[0. 1.],0,1,[0.6 0.6],1.0,0.0,1.0
892,0.0,1,447.0,2,893,1,False,0.0,0,1.0,[1 1],[0. 1.],0,1,[0.6 0.6],1.0,0.0,1.0
893,0.0,1,447.0,0,894,0,False,1.0,1,0.0,[2 1],[0. 1.],1,1,[0.6 0.6],1.0,0.0,1.0
894,0.0,1,448.0,1,895,1,False,0.0,0,2.0,[2 1],[0. 1.],1,1,[0.6 0.6],1.0,0.0,1.0
895,1.0,1,448.0,0,896,0,False,2.0,1,0.0,[2 2],[0. 1.],0,1,[0.6 0.6],1.0,0.0,1.0
896,0.0,1,449.0,1,897,1,False,0.0,0,1.0,[2 2],[0. 1.],0,1,[0.6 0.6],1.0,0.0,1.0
897,1.0,1,449.0,0,898,0,False,1.0,1,0.0,[1 1],[0. 1.],1,1,[0.6 0.6],1.0,0.0,1.0
898,0.0,1,450.0,1,899,1,False,0.0,0,2.0,[1 1],[0. 1.],1,1,[0.6 0.6],1.0,0.0,1.0
899,0.0,1,450.0,0,900,0,False,2.0,1,0.0,[1 2],[0. 1.],0,1,[0.6 0.6],1.0,0.0,1.0
900,0.0,1,451.0,1,901,1,False,0.0,0,1.0,[1 2],[0. 1.],0,1,[0.6 0.6],1.0,0.0,1.0
901,0.0,1,451.0,0,902,0,False,1.0,1,0.0,[2 1],[0. 1.],0,1,[0.6 0.6],1.0,0.0,1.0
902,0.0,1,452.0,1,903,1,False,0.0,0,1.0,[2 1],[0. 1.],0,1,[0.6 0.6],1.0,0.0,1.0
903,1.0,1,452.0,0,904,0,False,1.0,1,0.0,[1 2],[0. 1.],1,1,[0.6 0.6],1.0,0.0,1.0
904,0.0,1,453.0,1,905,1,False,0.0,0,2.0,[1 2],[0. 1.],1,1,[0.6 0.6],1.0,0.0,1.0
905,0.0,1,453.0,0,906,0,False,2.0,1,0.0,[2 1],[0. 1.],0,1,[0.6 0.6],1.0,0.0,1.0
906,0.0,1,454.0,1,907,1,False,0.0,0,1.0,[2 1],[0. 1.],0,1,[0.6 0.6],1.0,0.0,1.0
907,1.0,1,454.0,0,908,0,False,1.0,1,0.0,[1 2],[0. 1.],0,1,[0.6 0.6],1.0,0.0,1.0
908,0.0,1,455.0,1,909,1,False,0.0,0,1.0,[1 2],[0. 1.],0,1,[0.6 0.6],1.0,0.0,1.0
909,0.0,1,455.0,0,910,0,False,1.0,1,0.0,[2 1],[0. 1.],1,1,[0.6 0.6],1.0,0.0,1.0
910,0.0,1,456.0,1,911,1,False,0.0,0,2.0,[2 1],[0. 1.],1,1,[0.6 0.6],1.0,0.0,1.0
911,1.0,1,456.0,0,912,0,False,2.0,1,0.0,[2 2],[0. 1.],1,1,[0.6 0.6],1.0,0.0,1.0
912,0.0,1,457.0,1,913,1,False,0.0,0,2.0,[2 2],[0. 1.],1,1,[0.6 0.6],1.0,0.0,1.0
913,1.0,1,457.0,0,914,0,False,2.0,1,0.0,[1 1],[0. 1.],1,1,[0.6 0.6],1.0,0.0,1.0
914,0.0,1,458.0,1,915,1,False,0.0,0,2.0,[1 1],[0. 1.],1,1,[0.6 0.6],1.0,0.0,1.0
915,0.0,1,458.0,0,916,0,False,2.0,1,0.0,[2 1],[0. 1.],1,1,[0.6 0.6],1.0,0.0,1.0
916,0.0,1,459.0,1,917,1,False,0.0,0,2.0,[2 1],[0. 1.],1,1,[0.6 0.6],1.0,0.0,1.0
917,1.0,1,459.0,0,918,0,False,2.0,1,0.0,[1 2],[0. 1.],1,1,[0.6 0.6],1.0,0.0,1.0
918,0.0,1,460.0,1,919,1,False,0.0,0,2.0,[1 2],[0. 1.],1,1,[0.6 0.6],1.0,0.0,1.0
919,0.0,1,460.0,0,920,0,False,2.0,1,0.0,[1 1],[0. 1.],0,1,[0.6 0.6],1.0,0.0,1.0
920,0.0,1,461.0,1,921,1,False,0.0,0,1.0,[1 1],[0. 1.],0,1,[0.6 0.6],1.0,0.0,1.0
921,0.0,1,461.0,0,922,0,False,1.0,1,0.0,[1 1],[0. 1.],0,1,[0.6 0.6],1.0,0.0,1.0
922,0.0,1,462.0,2,923,1,False,0.0,0,1.0,[1 1],[0. 1.],0,1,[0.6 0.6],1.0,0.0,1.0
923,0.0,1,462.0,0,924,0,False,1.0,1,0.0,[1 1],[0. 1.],0,1,[0.6 0.6],1.0,0.0,1.0
924,0.0,1,463.0,1,925,1,False,0.0,0,1.0,[1 1],[0. 1.],0,1,[0.6 0.6],1.0,0.0,1.0
925,0.0,1,463.0,0,926,0,False,1.0,1,0.0,[2 1],[0. 1.],1,1,[0.6 0.6],1.0,0.0,1.0
926,0.0,1,464.0,2,927,1,False,0.0,0,2.0,[2 1],[0. 1.],1,1,[0.6 0.6],1.0,0.0,1.0
927,0.0,1,464.0,0,928,0,False,2.0,1,0.0,[2 1],[1. 0.],0,0,[0.6 0.6],1.0,0.0,1.0
928,0.0,1,465.0,2,929,1,False,0.0,0,1.0,[2 1],[1. 0.],0,0,[0.6 0.6],1.0,0.0,1.0
929,1.0,1,465.0,0,930,0,False,1.0,1,0.0,[1 2],[1. 0.],1,0,[0.6 0.6],1.0,0.0,1.0
930,0.0,1,466.0,2,931,1,False,0.0,0,2.0,[1 2],[1. 0.],1,0,[0.6 0.6],1.0,0.0,1.0
931,0.0,1,466.0,0,932,0,False,2.0,1,0.0,[2 2],[1. 0.],1,0,[0.6 0.6],1.0,0.0,1.0
932,0.0,1,467.0,2,933,1,False,0.0,0,2.0,[2 2],[1. 0.],1,0,[0.6 0.6],1.0,0.0,1.0
933,0.0,1,467.0,0,934,0,False,2.0,1,0.0,[1 2],[1. 0.],0,0,[0.6 0.6],1.0,0.0,1.0
934,0.0,1,468.0,1,935,1,False,0.0,0,1.0,[1 2],[1. 0.],0,0,[0.6 0.6],1.0,0.0,1.0
935,1.0,1,468.0,0,936,0,False,1.0,1,0.0,[1 2],[1. 0.],0,0,[0.6 0.6],1.0,0.0,1.0
936,0.0,1,469.0,1,937,1,False,0.0,0,1.0,[1 2],[1. 0.],0,0,[0.6 0.6],1.0,0.0,1.0
937,1.0,1,469.0,0,938,0,False,1.0,1,0.0,[1 1],[1. 0.],1,0,[0.6 0.6],1.0,0.0,1.0
938,0.0,1,470.0,1,939,1,False,0.0,0,2.0,[1 1],[1. 0.],1,0,[0.6 0.6],1.0,0.0,1.0
939,1.0,1,470.0,0,940,0,False,2.0,1,0.0,[1 1],[1. 0.],0,0,[0.6 0.6],1.0,0.0,1.0
940,0.0,1,471.0,1,941,1,False,0.0,0,1.0,[1 1],[1. 0.],0,0,[0.6 0.6],1.0,0.0,1.0
941,1.0,1,471.0,0,942,0,False,1.0,1,0.0,[2 1],[1. 0.],1,0,[0.6 0.6],1.0,0.0,1.0
942,0.0,1,472.0,1,943,1,False,0.0,0,2.0,[2 1],[1. 0.],1,0,[0.6 0.6],1.0,0.0,1.0
943,0.0,1,472.0,0,944,0,False,2.0,1,0.0,[2 1],[1. 0.],1,0,[0.6 0.6],1.0,0.0,1.0
944,0.0,1,473.0,1,945,1,False,0.0,0,2.0,[2 1],[1. 0.],1,0,[0.6 0.6],1.0,0.0,1.0
945,0.0,1,473.0,0,946,0,False,2.0,1,0.0,[1 1],[1. 0.],1,0,[0.6 0.6],1.0,0.0,1.0
946,0.0,1,474.0,1,947,1,False,0.0,0,2.0,[1 1],[1. 0.],1,0,[0.6 0.6],1.0,0.0,1.0
947,1.0,1,474.0,0,948,0,False,2.0,1,0.0,[2 1],[1. 0.],1,0,[0.6 0.6],1.0,0.0,1.0
948,0.0,1,475.0,1,949,1,False,0.0,0,2.0,[2 1],[1. 0.],1,0,[0.6 0.6],1.0,0.0,1.0
949,0.0,1,475.0,0,950,0,False,2.0,1,0.0,[1 2],[1. 0.],0,0,[0.6 0.6],1.0,0.0,1.0
950,0.0,1,476.0,1,951,1,False,0.0,0,1.0,[1 2],[1. 0.],0,0,[0.6 0.6],1.0,0.0,1.0
951,1.0,1,476.0,0,952,0,False,1.0,1,0.0,[1 2],[1. 0.],0,0,[0.6 0.6],1.0,0.0,1.0
952,0.0,1,477.0,1,953,1,False,0.0,0,1.0,[1 2],[1. 0.],0,0,[0.6 0.6],1.0,0.0,1.0
953,1.0,1,477.0,0,954,0,False,1.0,1,0.0,[1 2],[1. 0.],0,0,[0.6 0.6],1.0,0.0,1.0
954,0.0,1,478.0,1,955,1,False,0.0,0,1.0,[1 2],[1. 0.],0,0,[0.6 0.6],1.0,0.0,1.0
955,1.0,1,478.0,0,956,0,False,1.0,1,0.0,[1 1],[1. 0.],0,0,[0.6 0.6],1.0,0.0,1.0
956,0.0,1,479.0,1,957,1,False,0.0,0,1.0,[1 1],[1. 0.],0,0,[0.6 0.6],1.0,0.0,1.0
957,1.0,1,479.0,0,958,0,False,1.0,1,0.0,[1 1],[1. 0.],1,0,[0.6 0.6],1.0,0.0,1.0
958,0.0,1,480.0,1,959,1,False,0.0,0,2.0,[1 1],[1. 0.],1,0,[0.6 0.6],1.0,0.0,1.0
959,1.0,1,480.0,0,960,0,False,2.0,1,0.0,[1 1],[1. 0.],1,0,[0.6 0.6],1.0,0.0,1.0
960,0.0,1,481.0,1,961,1,False,0.0,0,2.0,[1 1],[1. 0.],1,0,[0.6 0.6],1.0,0.0,1.0
961,1.0,1,481.0,0,962,0,False,2.0,1,0.0,[2 2],[1. 0.],0,0,[0.6 0.6],1.0,0.0,1.0
962,0.0,1,482.0,1,963,1,False,0.0,0,1.0,[2 2],[1. 0.],0,0,[0.6 0.6],1.0,0.0,1.0
963,0.0,1,482.0,0,964,0,False,1.0,1,0.0,[2 2],[1. 0.],1,0,[0.6 0.6],1.0,0.0,1.0
964,0.0,1,483.0,1,965,1,False,0.0,0,2.0,[2 2],[1. 0.],1,0,[0.6 0.6],1.0,0.0,1.0
965,0.0,1,483.0,0,966,0,False,2.0,1,0.0,[2 2],[1. 0.],1,0,[0.6 0.6],1.0,0.0,1.0
966,0.0,1,484.0,1,967,1,False,0.0,0,2.0,[2 2],[1. 0.],1,0,[0.6 0.6],1.0,0.0,1.0
967,0.0,1,484.0,0,968,0,False,2.0,1,0.0,[2 1],[1. 0.],1,0,[0.6 0.6],1.0,0.0,1.0
968,0.0,1,485.0,2,969,1,False,0.0,0,2.0,[2 1],[1. 0.],1,0,[0.6 0.6],1.0,0.0,1.0
969,1.0,1,485.0,0,970,0,False,2.0,1,0.0,[2 1],[1. 0.],1,0,[0.6 0.6],1.0,0.0,1.0
970,0.0,1,486.0,2,971,1,False,0.0,0,2.0,[2 1],[1. 0.],1,0,[0.6 0.6],1.0,0.0,1.0
971,1.0,1,486.0,0,972,0,False,2.0,1,0.0,[1 1],[1. 0.],0,0,[0.6 0.6],1.0,0.0,1.0
972,0.0,1,487.0,2,973,1,False,0.0,0,1.0,[1 1],[1. 0.],0,0,[0.6 0.6],1.0,0.0,1.0
973,1.0,1,487.0,0,974,0,False,1.0,1,0.0,[1 2],[1. 0.],1,0,[0.6 0.6],1.0,0.0,1.0
974,0.0,1,488.0,2,975,1,False,0.0,0,2.0,[1 2],[1. 0.],1,0,[0.6 0.6],1.0,0.0,1.0
975,0.0,1,488.0,0,976,0,False,2.0,1,0.0,[2 2],[1. 0.],1,0,[0.6 0.6],1.0,0.0,1.0
976,0.0,1,489.0,2,977,1,False,0.0,0,2.0,[2 2],[1. 0.],1,0,[0.6 0.6],1.0,0.0,1.0
977,0.0,1,489.0,0,978,0,False,2.0,1,0.0,[2 1],[1. 0.],1,0,[0.6 0.6],1.0,0.0,1.0
978,0.0,1,490.0,1,979,1,False,0.0,0,2.0,[2 1],[1. 0.],1,0,[0.6 0.6],1.0,0.0,1.0
979,0.0,1,490.0,0,980,0,False,2.0,1,0.0,[2 2],[0. 1.],0,1,[0.6 0.6],1.0,0.0,1.0
980,0.0,1,491.0,2,981,1,False,0.0,0,1.0,[2 2],[0. 1.],0,1,[0.6 0.6],1.0,0.0,1.0
981,1.0,1,491.0,0,982,0,False,1.0,1,0.0,[1 2],[0. 1.],1,1,[0.6 0.6],1.0,0.0,1.0
982,0.0,1,492.0,2,983,1,False,0.0,0,2.0,[1 2],[0. 1.],1,1,[0.6 0.6],1.0,0.0,1.0
983,1.0,1,492.0,0,984,0,False,2.0,1,0.0,[1 2],[0. 1.],1,1,[0.6 0.6],1.0,0.0,1.0
984,0.0,1,493.0,2,985,1,False,0.0,0,2.0,[1 2],[0. 1.],1,1,[0.6 0.6],1.0,0.0,1.0
985,1.0,1,493.0,0,986,0,False,2.0,1,0.0,[1 2],[0. 1.],1,1,[0.6 0.6],1.0,0.0,1.0
986,0.0,1,494.0,2,987,1,False,0.0,0,2.0,[1 2],[0. 1.],1,1,[0.6 0.6],1.0,0.0,1.0
987,1.0,1,494.0,0,988,0,False,2.0,1,0.0,[1 2],[0. 1.],0,1,[0.6 0.6],1.0,0.0,1.0
988,0.0,1,495.0,2,989,1,False,0.0,0,1.0,[1 2],[0. 1.],0,1,[0.6 0.6],1.0,0.0,1.0
989,1.0,1,495.0,0,990,0,False,1.0,1,0.0,[1 2],[0. 1.],1,1,[0.6 0.6],1.0,0.0,1.0
990,0.0,1,496.0,2,991,1,False,0.0,0,2.0,[1 2],[0. 1.],1,1,[0.6 0.6],1.0,0.0,1.0
991,1.0,1,496.0,0,992,0,False,2.0,1,0.0,[1 2],[0. 1.],0,1,[0.6 0.6],1.0,0.0,1.0
992,0.0,1,497.0,2,993,1,False,0.0,0,1.0,[1 2],[0. 1.],0,1,[0.6 0.6],1.0,0.0,1.0
993,1.0,1,497.0,0,994,0,False,1.0,1,0.0,[1 2],[0. 1.],1,1,[0.6 0.6],1.0,0.0,1.0
994,0.0,1,498.0,2,995,1,False,0.0,0,2.0,[1 2],[0. 1.],1,1,[0.6 0.6],1.0,0.0,1.0
995,1.0,1,498.0,0,996,0,False,2.0,1,0.0,[1 1],[0. 1.],1,1,[0.6 0.6],1.0,0.0,1.0
996,0.0,1,499.0,2,997,1,False,0.0,0,2.0,[1 1],[0. 1.],1,1,[0.6 0.6],1.0,0.0,1.0
997,0.0,1,499.0,0,998,0,False,2.0,1,0.0,[2 2],[0. 1.],0,1,[0.6 0.6],1.0,0.0,1.0
998,0.0,1,500.0,2,999,1,False,0.0,0,1.0,[2 2],[0. 1.],0,1,[0.6 0.6],1.0,0.0,1.0
999,1.0,1,500.0,0,1000,0,False,1.0,1,0.0,[2 1],[0. 1.],0,1,[0.6 0.6],1.0,0.0,1.0
1000,0.0,1,501.0,2,1001,1,False,0.0,0,1.0,[2 1],[0. 1.],0,1,[0.6 0.6],1.0,0.0,1.0
1001,0.0,1,501.0,0,1002,0,False,1.0,1,0.0,[1 2],[0. 1.],1,1,[0.6 0.6],1.0,0.0,1.0
1002,0.0,1,502.0,2,1003,1,False,0.0,0,2.0,[1 2],[0. 1.],1,1,[0.6 0.6],1.0,0.0,1.0
1003,1.0,1,502.0,0,1004,0,False,2.0,1,0.0,[2 2],[0. 1.],0,1,[0.6 0.6],1.0,0.0,1.0
1004,0.0,1,503.0,2,1005,1,False,0.0,0,1.0,[2 2],[0. 1.],0,1,[0.6 0.6],1.0,0.0,1.0
1005,1.0,1,503.0,0,1006,0,False,1.0,1,0.0,[1 2],[0. 1.],0,1,[0.6 0.6],1.0,0.0,1.0
1006,0.0,1,504.0,2,1007,1,False,0.0,0,1.0,[1 2],[0. 1.],0,1,[0.6 0.6],1.0,0.0,1.0
1007,1.0,1,504.0,0,1008,0,False,1.0,1,0.0,[2 2],[0. 1.],1,1,[0.6 0.6],1.0,0.0,1.0
1008,0.0,1,505.0,2,1009,1,False,0.0,0,2.0,[2 2],[0. 1.],1,1,[0.6 0.6],1.0,0.0,1.0
1009,1.0,1,505.0,0,1010,0,False,2.0,1,0.0,[1 2],[0. 1.],0,1,[0.6 0.6],1.0,0.0,1.0
1010,0.0,1,506.0,2,1011,1,False,0.0,0,1.0,[1 2],[0. 1.],0,1,[0.6 0.6],1.0,0.0,1.0
1011,1.0,1,506.0,0,1012,0,False,1.0,1,0.0,[2 1],[0. 1.],1,1,[0.6 0.6],1.0,0.0,1.0
1012,0.0,1,507.0,2,1013,1,False,0.0,0,2.0,[2 1],[0. 1.],1,1,[0.6 0.6],1.0,0.0,1.0
1013,0.0,1,507.0,0,1014,0,False,2.0,1,0.0,[1 1],[0. 1.],1,1,[0.6 0.6],1.0,0.0,1.0
1014,0.0,1,508.0,2,1015,1,False,0.0,0,2.0,[1 1],[0. 1.],1,1,[0.6 0.6],1.0,0.0,1.0
1015,0.0,1,508.0,0,1016,0,False,2.0,1,0.0,[1 2],[0. 1.],1,1,[0.6 0.6],1.0,0.0,1.0
1016,0.0,1,509.0,1,1017,1,False,0.0,0,2.0,[1 2],[0. 1.],1,1,[0.6 0.6],1.0,0.0,1.0
1017,0.0,1,509.0,0,1018,0,False,2.0,1,0.0,[1 2],[0. 1.],0,1,[0.6 0.6],1.0,0.0,1.0
1018,0.0,1,510.0,2,1019,1,False,0.0,0,1.0,[1 2],[0. 1.],0,1,[0.6 0.6],1.0,0.0,1.0
1019,1.0,1,510.0,0,1020,0,False,1.0,1,0.0,[2 1],[0. 1.],1,1,[0.6 0.6],1.0,0.0,1.0
1020,0.0,1,511.0,2,1021,1,False,0.0,0,2.0,[2 1],[0. 1.],1,1,[0.6 0.6],1.0,0.0,1.0
1021,0.0,1,511.0,0,1022,0,False,2.0,1,0.0,[1 1],[0. 1.],1,1,[0.6 0.6],1.0,0.0,1.0
1022,0.0,1,512.0,2,1023,1,False,0.0,0,2.0,[1 1],[0. 1.],1,1,[0.6 0.6],1.0,0.0,1.0
1023,0.0,1,512.0,0,1024,0,False,2.0,1,0.0,[2 1],[0. 1.],0,1,[0.6 0.6],1.0,0.0,1.0
1024,0.0,1,513.0,1,1025,1,False,0.0,0,1.0,[2 1],[0. 1.],0,1,[0.6 0.6],1.0,0.0,1.0
1025,1.0,1,513.0,0,1026,0,False,1.0,1,0.0,[1 1],[0. 1.],1,1,[0.6 0.6],1.0,0.0,1.0
1026,0.0,1,514.0,1,1027,1,False,0.0,0,2.0,[1 1],[0. 1.],1,1,[0.6 0.6],1.0,0.0,1.0
1027,0.0,1,514.0,0,1028,0,False,2.0,1,0.0,[1 2],[0. 1.],0,1,[0.6 0.6],1.0,0.0,1.0
1028,0.0,1,515.0,1,1029,1,False,0.0,0,1.0,[1 2],[0. 1.],0,1,[0.6 0.6],1.0,0.0,1.0
1029,0.0,1,515.0,0,1030,0,False,1.0,1,0.0,[1 2],[0. 1.],1,1,[0.6 0.6],1.0,0.0,1.0
1030,0.0,1,516.0,1,1031,1,False,0.0,0,2.0,[1 2],[0. 1.],1,1,[0.6 0.6],1.0,0.0,1.0
1031,0.0,1,516.0,0,1032,0,False,2.0,1,0.0,[1 1],[0. 1.],0,1,[0.6 0.6],1.0,0.0,1.0
1032,0.0,1,517.0,2,1033,1,False,0.0,0,1.0,[1 1],[0. 1.],0,1,[0.6 0.6],1.0,0.0,1.0
1033,0.0,1,517.0,0,1034,0,False,1.0,1,0.0,[1 1],[0. 1.],1,1,[0.6 0.6],1.0,0.0,1.0
1034,0.0,1,518.0,2,1035,1,False,0.0,0,2.0,[1 1],[0. 1.],1,1,[0.6 0.6],1.0,0.0,1.0
1035,0.0,1,518.0,0,1036,0,False,2.0,1,0.0,[2 1],[0. 1.],0,1,[0.6 0.6],1.0,0.0,1.0
1036,0.0,1,519.0,1,1037,1,False,0.0,0,1.0,[2 1],[0. 1.],0,1,[0.6 0.6],1.0,0.0,1.0
1037,1.0,1,519.0,0,1038,0,False,1.0,1,0.0,[1 1],[0. 1.],1,1,[0.6 0.6],1.0,0.0,1.0
1038,0.0,1,520.0,1,1039,1,False,0.0,0,2.0,[1 1],[0. 1.],1,1,[0.6 0.6],1.0,0.0,1.0
1039,0.0,1,520.0,0,1040,0,False,2.0,1,0.0,[2 2],[1. 0.],0,0,[0.6 0.6],1.0,0.0,1.0
1040,0.0,1,521.0,2,1041,1,False,0.0,0,1.0,[2 2],[1. 0.],0,0,[0.6 0.6],1.0,0.0,1.0
1041,0.0,1,521.0,0,1042,0,False,1.0,1,0.0,[2 2],[1. 0.],0,0,[0.6 0.6],1.0,0.0,1.0
1042,0.0,1,522.0,2,1043,1,False,0.0,0,1.0,[2 2],[1. 0.],0,0,[0.6 0.6],1.0,0.0,1.0
1043,0.0,1,522.0,0,1044,0,False,1.0,1,0.0,[2 1],[1. 0.],0,0,[0.6 0.6],1.0,0.0,1.0
1044,0.0,1,523.0,2,1045,1,False,0.0,0,1.0,[2 1],[1. 0.],0,0,[0.6 0.6],1.0,0.0,1.0
1045,1.0,1,523.0,0,1046,0,False,1.0,1,0.0,[1 1],[1. 0.],1,0,[0.6 0.6],1.0,0.0,1.0
1046,0.0,1,524.0,2,1047,1,False,0.0,0,2.0,[1 1],[1. 0.],1,0,[0.6 0.6],1.0,0.0,1.0
1047,1.0,1,524.0,0,1048,0,False,2.0,1,0.0,[1 2],[1. 0.],1,0,[0.6 0.6],1.0,0.0,1.0
1048,0.0,1,525.0,2,1049,1,False,0.0,0,2.0,[1 2],[1. 0.],1,0,[0.6 0.6],1.0,0.0,1.0
1049,0.0,1,525.0,0,1050,0,False,2.0,1,0.0,[2 2],[1. 0.],0,0,[0.6 0.6],1.0,0.0,1.0
1050,0.0,1,526.0,2,1051,1,False,0.0,0,1.0,[2 2],[1. 0.],0,0,[0.6 0.6],1.0,0.0,1.0
1051,0.0,1,526.0,0,1052,0,False,1.0,1,0.0,[1 2],[1. 0.],1,0,[0.6 0.6],1.0,0.0,1.0
1052,0.0,1,527.0,2,1053,1,False,0.0,0,2.0,[1 2],[1. 0.],1,0,[0.6 0.6],1.0,0.0,1.0
1053,0.0,1,527.0,0,1054,0,False,2.0,1,0.0,[1 2],[1. 0.],1,0,[0.6 0.6],1.0,0.0,1.0
1054,0.0,1,528.0,1,1055,1,False,0.0,0,2.0,[1 2],[1. 0.],1,0,[0.6 0.6],1.0,0.0,1.0
1055,1.0,1,528.0,0,1056,0,False,2.0,1,0.0,[1 2],[1. 0.],0,0,[0.6 0.6],1.0,0.0,1.0
1056,0.0,1,529.0,1,1057,1,False,0.0,0,1.0,[1 2],[1. 0.],0,0,[0.6 0.6],1.0,0.0,1.0
1057,1.0,1,529.0,0,1058,0,False,1.0,1,0.0,[1 2],[1. 0.],1,0,[0.6 0.6],1.0,0.0,1.0
1058,0.0,1,530.0,1,1059,1,False,0.0,0,2.0,[1 2],[1. 0.],1,0,[0.6 0.6],1.0,0.0,1.0
1059,1.0,1,530.0,0,1060,0,False,2.0,1,0.0,[1 1],[1. 0.],1,0,[0.6 0.6],1.0,0.0,1.0
1060,0.0,1,531.0,1,1061,1,False,0.0,0,2.0,[1 1],[1. 0.],1,0,[0.6 0.6],1.0,0.0,1.0
1061,1.0,1,531.0,0,1062,0,False,2.0,1,0.0,[1 1],[1. 0.],0,0,[0.6 0.6],1.0,0.0,1.0
1062,0.0,1,532.0,1,1063,1,False,0.0,0,1.0,[1 1],[1. 0.],0,0,[0.6 0.6],1.0,0.0,1.0
1063,1.0,1,532.0,0,1064,0,False,1.0,1,0.0,[2 1],[1. 0.],1,0,[0.6 0.6],1.0,0.0,1.0
1064,0.0,1,533.0,1,1065,1,False,0.0,0,2.0,[2 1],[1. 0.],1,0,[0.6 0.6],1.0,0.0,1.0
1065,0.0,1,533.0,0,1066,0,False,2.0,1,0.0,[1 2],[1. 0.],0,0,[0.6 0.6],1.0,0.0,1.0
1066,0.0,1,534.0,1,1067,1,False,0.0,0,1.0,[1 2],[1. 0.],0,0,[0.6 0.6],1.0,0.0,1.0
1067,1.0,1,534.0,0,1068,0,False,1.0,1,0.0,[1 2],[1. 0.],0,0,[0.6 0.6],1.0,0.0,1.0
1068,0.0,1,535.0,1,1069,1,False,0.0,0,1.0,[1 2],[1. 0.],0,0,[0.6 0.6],1.0,0.0,1.0
1069,1.0,1,535.0,0,1070,0,False,1.0,1,0.0,[2 2],[1. 0.],0,0,[0.6 0.6],1.0,0.0,1.0
1070,0.0,1,536.0,1,1071,1,False,0.0,0,1.0,[2 2],[1. 0.],0,0,[0.6 0.6],1.0,0.0,1.0
1071,0.0,1,536.0,0,1072,0,False,1.0,1,0.0,[2 1],[1. 0.],0,0,[0.6 0.6],1.0,0.0,1.0
1072,0.0,1,537.0,1,1073,1,False,0.0,0,1.0,[2 1],[1. 0.],0,0,[0.6 0.6],1.0,0.0,1.0
1073,0.0,1,537.0,0,1074,0,False,1.0,1,0.0,[2 1],[1. 0.],0,0,[0.6 0.6],1.0,0.0,1.0
1074,0.0,1,538.0,1,1075,1,False,0.0,0,1.0,[2 1],[1. 0.],0,0,[0.6 0.6],1.0,0.0,1.0
1075,0.0,1,538.0,0,1076,0,False,1.0,1,0.0,[2 1],[1. 0.],1,0,[0.6 0.6],1.0,0.0,1.0
1076,0.0,1,539.0,1,1077,1,False,0.0,0,2.0,[2 1],[1. 0.],1,0,[0.6 0.6],1.0,0.0,1.0
1077,0.0,1,539.0,0,1078,0,False,2.0,1,0.0,[1 2],[1. 0.],1,0,[0.6 0.6],1.0,0.0,1.0
1078,0.0,1,540.0,2,1079,1,False,0.0,0,2.0,[1 2],[1. 0.],1,0,[0.6 0.6],1.0,0.0,1.0
1079,0.0,1,540.0,0,1080,0,False,2.0,1,0.0,[1 1],[1. 0.],1,0,[0.6 0.6],1.0,0.0,1.0
1080,0.0,1,541.0,1,1081,1,False,0.0,0,2.0,[1 1],[1. 0.],1,0,[0.6 0.6],1.0,0.0,1.0
1081,1.0,1,541.0,0,1082,0,False,2.0,1,0.0,[2 2],[1. 0.],0,0,[0.6 0.6],1.0,0.0,1.0
1082,0.0,1,542.0,1,1083,1,False,0.0,0,1.0,[2 2],[1. 0.],0,0,[0.6 0.6],1.0,0.0,1.0
1083,0.0,1,542.0,0,1084,0,False,1.0,1,0.0,[2 1],[1. 0.],0,0,[0.6 0.6],1.0,0.0,1.0
1084,0.0,1,543.0,1,1085,1,False,0.0,0,1.0,[2 1],[1. 0.],0,0,[0.6 0.6],1.0,0.0,1.0
1085,0.0,1,543.0,0,1086,0,False,1.0,1,0.0,[2 2],[1. 0.],0,0,[0.6 0.6],1.0,0.0,1.0
1086,0.0,1,544.0,2,1087,1,False,0.0,0,1.0,[2 2],[1. 0.],0,0,[0.6 0.6],1.0,0.0,1.0
1087,0.0,1,544.0,0,1088,0,False,1.0,1,0.0,[1 1],[1. 0.],1,0,[0.6 0.6],1.0,0.0,1.0
1088,0.0,1,545.0,1,1089,1,False,0.0,0,2.0,[1 1],[1. 0.],1,0,[0.6 0.6],1.0,0.0,1.0
1089,1.0,1,545.0,0,1090,0,False,2.0,1,0.0,[2 2],[1. 0.],0,0,[0.6 0.6],1.0,0.0,1.0
1090,0.0,1,546.0,1,1091,1,False,0.0,0,1.0,[2 2],[1. 0.],0,0,[0.6 0.6],1.0,0.0,1.0
1091,0.0,1,546.0,0,1092,0,False,1.0,1,0.0,[1 1],[1. 0.],1,0,[0.6 0.6],1.0,0.0,1.0
1092,0.0,1,547.0,1,1093,1,False,0.0,0,2.0,[1 1],[1. 0.],1,0,[0.6 0.6],1.0,0.0,1.0
1093,1.0,1,547.0,0,1094,0,False,2.0,1,0.0,[2 2],[1. 0.],0,0,[0.6 0.6],1.0,0.0,1.0
1094,0.0,1,548.0,1,1095,1,False,0.0,0,1.0,[2 2],[1. 0.],0,0,[0.6 0.6],1.0,0.0,1.0
1095,0.0,1,548.0,0,1096,0,False,1.0,1,0.0,[1 1],[1. 0.],0,0,[0.6 0.6],1.0,0.0,1.0
1096,0.0,1,549.0,1,1097,1,False,0.0,0,1.0,[1 1],[1. 0.],0,0,[0.6 0.6],1.0,0.0,1.0
1097,1.0,1,549.0,0,1098,0,False,1.0,1,0.0,[2 1],[1. 0.],0,0,[0.6 0.6],1.0,0.0,1.0
1098,0.0,1,550.0,1,1099,1,False,0.0,0,1.0,[2 1],[1. 0.],0,0,[0.6 0.6],1.0,0.0,1.0
1099,0.0,1,550.0,0,1100,0,False,1.0,1,0.0,[2 1],[1. 0.],0,0,[0.6 0.6],1.0,0.0,1.0
1100,0.0,1,551.0,1,1101,1,False,0.0,0,1.0,[2 1],[1. 0.],0,0,[0.6 0.6],1.0,0.0,1.0
1101,0.0,1,551.0,0,1102,0,False,1.0,1,0.0,[2 2],[1. 0.],0,0,[0.6 0.6],1.0,0.0,1.0
1102,0.0,1,552.0,2,1103,1,False,0.0,0,1.0,[2 2],[1. 0.],0,0,[0.6 0.6],1.0,0.0,1.0
1103,0.0,1,552.0,0,1104,0,False,1.0,1,0.0,[1 2],[1. 0.],0,0,[0.6 0.6],1.0,0.0,1.0
1104,0.0,1,553.0,1,1105,1,False,0.0,0,1.0,[1 2],[1. 0.],0,0,[0.6 0.6],1.0,0.0,1.0
1105,1.0,1,553.0,0,1106,0,False,1.0,1,0.0,[2 2],[1. 0.],0,0,[0.6 0.6],1.0,0.0,1.0
1106,0.0,1,554.0,1,1107,1,False,0.0,0,1.0,[2 2],[1. 0.],0,0,[0.6 0.6],1.0,0.0,1.0
1107,0.0,1,554.0,0,1108,0,False,1.0,1,0.0,[2 2],[1. 0.],1,0,[0.6 0.6],1.0,0.0,1.0
1108,0.0,1,555.0,2,1109,1,False,0.0,0,2.0,[2 2],[1. 0.],1,0,[0.6 0.6],1.0,0.0,1.0
1109,0.0,1,555.0,0,1110,0,False,2.0,1,0.0,[2 2],[1. 0.],0,0,[0.6 0.6],1.0,0.0,1.0
1110,0.0,1,556.0,1,1111,1,False,0.0,0,1.0,[2 2],[1. 0.],0,0,[0.6 0.6],1.0,0.0,1.0
1111,0.0,1,556.0,0,1112,0,False,1.0,1,0.0,[2 1],[1. 0.],1,0,[0.6 0.6],1.0,0.0,1.0
1112,0.0,1,557.0,2,1113,1,False,0.0,0,2.0,[2 1],[1. 0.],1,0,[0.6 0.6],1.0,0.0,1.0
1113,1.0,1,557.0,0,1114,0,False,2.0,1,0.0,[1 1],[1. 0.],0,0,[0.6 0.6],1.0,0.0,1.0
1114,0.0,1,558.0,2,1115,1,False,0.0,0,1.0,[1 1],[1. 0.],0,0,[0.6 0.6],1.0,0.0,1.0
1115,1.0,1,558.0,0,1116,0,False,1.0,1,0.0,[2 2],[1. 0.],0,0,[0.6 0.6],1.0,0.0,1.0
1116,0.0,1,559.0,2,1117,1,False,0.0,0,1.0,[2 2],[1. 0.],0,0,[0.6 0.6],1.0,0.0,1.0
1117,0.0,1,559.0,0,1118,0,False,1.0,1,0.0,[1 1],[1. 0.],1,0,[0.6 0.6],1.0,0.0,1.0
1118,0.0,1,560.0,2,1119,1,False,0.0,0,2.0,[1 1],[1. 0.],1,0,[0.6 0.6],1.0,0.0,1.0
1119,1.0,1,560.0,0,1120,0,False,2.0,1,0.0,[2 1],[1. 0.],0,0,[0.6 0.6],1.0,0.0,1.0
1120,0.0,1,561.0,2,1121,1,False,0.0,0,1.0,[2 1],[1. 0.],0,0,[0.6 0.6],1.0,0.0,1.0
1121,1.0,1,561.0,0,1122,0,False,1.0,1,0.0,[2 1],[1. 0.],1,0,[0.6 0.6],1.0,0.0,1.0
1122,0.0,1,562.0,2,1123,1,False,0.0,0,2.0,[2 1],[1. 0.],1,0,[0.6 0.6],1.0,0.0,1.0
1123,1.0,1,562.0,0,1124,0,False,2.0,1,0.0,[1 2],[1. 0.],0,0,[0.6 0.6],1.0,0.0,1.0
1124,0.0,1,563.0,2,1125,1,False,0.0,0,1.0,[1 2],[1. 0.],0,0,[0.6 0.6],1.0,0.0,1.0
1125,0.0,1,563.0,0,1126,0,False,1.0,1,0.0,[1 1],[1. 0.],1,0,[0.6 0.6],1.0,0.0,1.0
1126,0.0,1,564.0,2,1127,1,False,0.0,0,2.0,[1 1],[1. 0.],1,0,[0.6 0.6],1.0,0.0,1.0
1127,1.0,1,564.0,0,1128,0,False,2.0,1,0.0,[2 1],[1. 0.],1,0,[0.6 0.6],1.0,0.0,1.0
1128,0.0,1,565.0,2,1129,1,False,0.0,0,2.0,[2 1],[1. 0.],1,0,[0.6 0.6],1.0,0.0,1.0
1129,1.0,1,565.0,0,1130,0,False,2.0,1,0.0,[2 1],[1. 0.],1,0,[0.6 0.6],1.0,0.0,1.0
1130,0.0,1,566.0,2,1131,1,False,0.0,0,2.0,[2 1],[1. 0.],1,0,[0.6 0.6],1.0,0.0,1.0
1131,1.0,1,566.0,0,1132,0,False,2.0,1,0.0,[2 2],[1. 0.],1,0,[0.6 0.6],1.0,0.0,1.0
1132,0.0,1,567.0,2,1133,1,False,0.0,0,2.0,[2 2],[1. 0.],1,0,[0.6 0.6],1.0,0.0,1.0
1133,0.0,1,567.0,0,1134,0,False,2.0,1,0.0,[1 1],[1. 0.],1,0,[0.6 0.6],1.0,0.0,1.0
1134,0.0,1,568.0,2,1135,1,False,0.0,0,2.0,[1 1],[1. 0.],1,0,[0.6 0.6],1.0,0.0,1.0
1135,1.0,1,568.0,0,1136,0,False,2.0,1,0.0,[2 1],[1. 0.],1,0,[0.6 0.6],1.0,0.0,1.0
1136,0.0,1,569.0,2,1137,1,False,0.0,0,2.0,[2 1],[1. 0.],1,0,[0.6 0.6],1.0,0.0,1.0
1137,1.0,1,569.0,0,1138,0,False,2.0,1,0.0,[1 1],[1. 0.],0,0,[0.6 0.6],1.0,0.0,1.0
1138,0.0,1,570.0,2,1139,1,False,0.0,0,1.0,[1 1],[1. 0.],0,0,[0.6 0.6],1.0,0.0,1.0
1139,1.0,1,570.0,0,1140,0,False,1.0,1,0.0,[2 2],[1. 0.],0,0,[0.6 0.6],1.0,0.0,1.0
1140,0.0,1,571.0,2,1141,1,False,0.0,0,1.0,[2 2],[1. 0.],0,0,[0.6 0.6],1.0,0.0,1.0
1141,0.0,1,571.0,0,1142,0,False,1.0,1,0.0,[1 1],[1. 0.],0,0,[0.6 0.6],1.0,0.0,1.0
1142,0.0,1,572.0,2,1143,1,False,0.0,0,1.0,[1 1],[1. 0.],0,0,[0.6 0.6],1.0,0.0,1.0
1143,1.0,1,572.0,0,1144,0,False,1.0,1,0.0,[1 2],[1. 0.],1,0,[0.6 0.6],1.0,0.0,1.0
1144,0.0,1,573.0,2,1145,1,False,0.0,0,2.0,[1 2],[1. 0.],1,0,[0.6 0.6],1.0,0.0,1.0
1145,0.0,1,573.0,0,1146,0,False,2.0,1,0.0,[1 1],[1. 0.],0,0,[0.6 0.6],1.0,0.0,1.0
1146,0.0,1,574.0,2,1147,1,False,0.0,0,1.0,[1 1],[1. 0.],0,0,[0.6 0.6],1.0,0.0,1.0
1147,1.0,1,574.0,0,1148,0,False,1.0,1,0.0,[1 2],[1. 0.],0,0,[0.6 0.6],1.0,0.0,1.0
1148,0.0,1,575.0,2,1149,1,False,0.0,0,1.0,[1 2],[1. 0.],0,0,[0.6 0.6],1.0,0.0,1.0
1149,0.0,1,575.0,0,1150,0,False,1.0,1,0.0,[1 2],[1. 0.],1,0,[0.6 0.6],1.0,0.0,1.0
1150,0.0,1,576.0,2,1151,1,False,0.0,0,2.0,[1 2],[1. 0.],1,0,[0.6 0.6],1.0,0.0,1.0
1151,0.0,1,576.0,0,1152,0,False,2.0,1,0.0,[2 2],[1. 0.],0,0,[0.6 0.6],1.0,0.0,1.0
1152,0.0,1,577.0,2,1153,1,False,0.0,0,1.0,[2 2],[1. 0.],0,0,[0.6 0.6],1.0,0.0,1.0
1153,0.0,1,577.0,0,1154,0,False,1.0,1,0.0,[2 2],[1. 0.],1,0,[0.6 0.6],1.0,0.0,1.0
1154,0.0,1,578.0,2,1155,1,False,0.0,0,2.0,[2 2],[1. 0.],1,0,[0.6 0.6],1.0,0.0,1.0
1155,0.0,1,578.0,0,1156,0,False,2.0,1,0.0,[2 2],[1. 0.],1,0,[0.6 0.6],1.0,0.0,1.0
1156,0.0,1,579.0,1,1157,1,False,0.0,0,2.0,[2 2],[1. 0.],1,0,[0.6 0.6],1.0,0.0,1.0
1157,0.0,1,579.0,0,1158,0,False,2.0,1,0.0,[2 1],[1. 0.],0,0,[0.6 0.6],1.0,0.0,1.0
1158,0.0,1,580.0,2,1159,1,False,0.0,0,1.0,[2 1],[1. 0.],0,0,[0.6 0.6],1.0,0.0,1.0
1159,1.0,1,580.0,0,1160,0,False,1.0,1,0.0,[1 1],[0. 1.],0,1,[0.6 0.6],1.0,0.0,1.0
1160,0.0,1,581.0,2,1161,1,False,0.0,0,1.0,[1 1],[0. 1.],0,1,[0.6 0.6],1.0,0.0,1.0
1161,0.0,1,581.0,0,1162,0,False,1.0,1,0.0,[2 2],[0. 1.],0,1,[0.6 0.6],1.0,0.0,1.0
1162,0.0,1,582.0,2,1163,1,False,0.0,0,1.0,[2 2],[0. 1.],0,1,[0.6 0.6],1.0,0.0,1.0
1163,1.0,1,582.0,0,1164,0,False,1.0,1,0.0,[2 2],[0. 1.],1,1,[0.6 0.6],1.0,0.0,1.0
1164,0.0,1,583.0,2,1165,1,False,0.0,0,2.0,[2 2],[0. 1.],1,1,[0.6 0.6],1.0,0.0,1.0
1165,1.0,1,583.0,0,1166,0,False,2.0,1,0.0,[2 2],[0. 1.],0,1,[0.6 0.6],1.0,0.0,1.0
1166,0.0,1,584.0,2,1167,1,False,0.0,0,1.0,[2 2],[0. 1.],0,1,[0.6 0.6],1.0,0.0,1.0
1167,1.0,1,584.0,0,1168,0,False,1.0,1,0.0,[2 1],[0. 1.],0,1,[0.6 0.6],1.0,0.0,1.0
1168,0.0,1,585.0,2,1169,1,False,0.0,0,1.0,[2 1],[0. 1.],0,1,[0.6 0.6],1.0,0.0,1.0
1169,0.0,1,585.0,0,1170,0,False,1.0,1,0.0,[1 1],[0. 1.],0,1,[0.6 0.6],1.0,0.0,1.0
1170,0.0,1,586.0,2,1171,1,False,0.0,0,1.0,[1 1],[0. 1.],0,1,[0.6 0.6],1.0,0.0,1.0
1171,0.0,1,586.0,0,1172,0,False,1.0,1,0.0,[2 1],[0. 1.],1,1,[0.6 0.6],1.0,0.0,1.0
1172,0.0,1,587.0,2,1173,1,False,0.0,0,2.0,[2 1],[0. 1.],1,1,[0.6 0.6],1.0,0.0,1.0
1173,0.0,1,587.0,0,1174,0,False,2.0,1,0.0,[2 2],[1. 0.],1,0,[0.6 0.6],1.0,0.0,1.0
1174,0.0,1,588.0,2,1175,1,False,0.0,0,2.0,[2 2],[1. 0.],1,0,[0.6 0.6],1.0,0.0,1.0
1175,0.0,1,588.0,0,1176,0,False,2.0,1,0.0,[1 2],[1. 0.],1,0,[0.6 0.6],1.0,0.0,1.0
1176,0.0,1,589.0,1,1177,1,False,0.0,0,2.0,[1 2],[1. 0.],1,0,[0.6 0.6],1.0,0.0,1.0
1177,1.0,1,589.0,0,1178,0,False,2.0,1,0.0,[1 1],[1. 0.],1,0,[0.6 0.6],1.0,0.0,1.0
1178,0.0,1,590.0,1,1179,1,False,0.0,0,2.0,[1 1],[1. 0.],1,0,[0.6 0.6],1.0,0.0,1.0
1179,1.0,1,590.0,0,1180,0,False,2.0,1,0.0,[2 2],[1. 0.],1,0,[0.6 0.6],1.0,0.0,1.0
1180,0.0,1,591.0,1,1181,1,False,0.0,0,2.0,[2 2],[1. 0.],1,0,[0.6 0.6],1.0,0.0,1.0
1181,0.0,1,591.0,0,1182,0,False,2.0,1,0.0,[2 2],[1. 0.],1,0,[0.6 0.6],1.0,0.0,1.0
1182,0.0,1,592.0,1,1183,1,False,0.0,0,2.0,[2 2],[1. 0.],1,0,[0.6 0.6],1.0,0.0,1.0
1183,0.0,1,592.0,0,1184,0,False,2.0,1,0.0,[1 2],[1. 0.],1,0,[0.6 0.6],1.0,0.0,1.0
1184,0.0,1,593.0,2,1185,1,False,0.0,0,2.0,[1 2],[1. 0.],1,0,[0.6 0.6],1.0,0.0,1.0
1185,0.0,1,593.0,0,1186,0,False,2.0,1,0.0,[2 2],[1. 0.],1,0,[0.6 0.6],1.0,0.0,1.0
1186,0.0,1,594.0,1,1187,1,False,0.0,0,2.0,[2 2],[1. 0.],1,0,[0.6 0.6],1.0,0.0,1.0
1187,0.0,1,594.0,0,1188,0,False,2.0,1,0.0,[1 2],[1. 0.],0,0,[0.6 0.6],1.0,0.0,1.0
1188,0.0,1,595.0,2,1189,1,False,0.0,0,1.0,[1 2],[1. 0.],0,0,[0.6 0.6],1.0,0.0,1.0
1189,0.0,1,595.0,0,1190,0,False,1.0,1,0.0,[2 2],[1. 0.],1,0,[0.6 0.6],1.0,0.0,1.0
1190,0.0,1,596.0,1,1191,1,False,0.0,0,2.0,[2 2],[1. 0.],1,0,[0.6 0.6],1.0,0.0,1.0
1191,0.0,1,596.0,0,1192,0,False,2.0,1,0.0,[1 2],[1. 0.],1,0,[0.6 0.6],1.0,0.0,1.0
1192,0.0,1,597.0,2,1193,1,False,0.0,0,2.0,[1 2],[1. 0.],1,0,[0.6 0.6],1.0,0.0,1.0
1193,0.0,1,597.0,0,1194,0,False,2.0,1,0.0,[2 1],[1. 0.],1,0,[0.6 0.6],1.0,0.0,1.0
1194,0.0,1,598.0,2,1195,1,False,0.0,0,2.0,[2 1],[1. 0.],1,0,[0.6 0.6],1.0,0.0,1.0
1195,1.0,1,598.0,0,1196,0,False,2.0,1,0.0,[2 1],[1. 0.],1,0,[0.6 0.6],1.0,0.0,1.0
1196,0.0,1,599.0,2,1197,1,False,0.0,0,2.0,[2 1],[1. 0.],1,0,[0.6 0.6],1.0,0.0,1.0
1197,1.0,1,599.0,0,1198,0,False,2.0,1,0.0,[2 1],[1. 0.],0,0,[0.6 0.6],1.0,0.0,1.0
1198,0.0,1,600.0,2,1199,1,False,0.0,0,1.0,[2 1],[1. 0.],0,0,[0.6 0.6],1.0,0.0,1.0
1199,1.0,1,600.0,0,1200,0,False,1.0,1,0.0,[1 2],[1. 0.],0,0,[0.6 0.6],1.0,0.0,1.0
1200,0.0,1,601.0,2,1201,1,False,0.0,0,1.0,[1 2],[1. 0.],0,0,[0.6 0.6],1.0,0.0,1.0
1201,0.0,1,601.0,0,1202,0,False,1.0,1,0.0,[2 1],[1. 0.],1,0,[0.6 0.6],1.0,0.0,1.0
1202,0.0,1,602.0,2,1203,1,False,0.0,0,2.0,[2 1],[1. 0.],1,0,[0.6 0.6],1.0,0.0,1.0
1203,1.0,1,602.0,0,1204,0,False,2.0,1,0.0,[1 2],[1. 0.],0,0,[0.6 0.6],1.0,0.0,1.0
1204,0.0,1,603.0,2,1205,1,False,0.0,0,1.0,[1 2],[1. 0.],0,0,[0.6 0.6],1.0,0.0,1.0
1205,0.0,1,603.0,0,1206,0,False,1.0,1,0.0,[2 2],[1. 0.],1,0,[0.6 0.6],1.0,0.0,1.0
1206,0.0,1,604.0,2,1207,1,False,0.0,0,2.0,[2 2],[1. 0.],1,0,[0.6 0.6],1.0,0.0,1.0
1207,0.0,1,604.0,0,1208,0,False,2.0,1,0.0,[1 2],[1. 0.],0,0,[0.6 0.6],1.0,0.0,1.0
1208,0.0,1,605.0,2,1209,1,False,0.0,0,1.0,[1 2],[1. 0.],0,0,[0.6 0.6],1.0,0.0,1.0
1209,0.0,1,605.0,0,1210,0,False,1.0,1,0.0,[2 2],[1. 0.],0,0,[0.6 0.6],1.0,0.0,1.0
1210,0.0,1,606.0,1,1211,1,False,0.0,0,1.0,[2 2],[1. 0.],0,0,[0.6 0.6],1.0,0.0,1.0
1211,0.0,1,606.0,0,1212,0,False,1.0,1,0.0,[1 1],[1. 0.],0,0,[0.6 0.6],1.0,0.0,1.0
1212,0.0,1,607.0,2,1213,1,False,0.0,0,1.0,[1 1],[1. 0.],0,0,[0.6 0.6],1.0,0.0,1.0
1213,1.0,1,607.0,0,1214,0,False,1.0,1,0.0,[1 2],[1. 0.],1,0,[0.6 0.6],1.0,0.0,1.0
1214,0.0,1,608.0,2,1215,1,False,0.0,0,2.0,[1 2],[1. 0.],1,0,[0.6 0.6],1.0,0.0,1.0
1215,0.0,1,608.0,0,1216,0,False,2.0,1,0.0,[1 1],[1. 0.],0,0,[0.6 0.6],1.0,0.0,1.0
1216,0.0,1,609.0,2,1217,1,False,0.0,0,1.0,[1 1],[1. 0.],0,0,[0.6 0.6],1.0,0.0,1.0
1217,1.0,1,609.0,0,1218,0,False,1.0,1,0.0,[1 1],[1. 0.],0,0,[0.6 0.6],1.0,0.0,1.0
1218,0.0,1,610.0,2,1219,1,False,0.0,0,1.0,[1 1],[1. 0.],0,0,[0.6 0.6],1.0,0.0,1.0
1219,1.0,1,610.0,0,1220,0,False,1.0,1,0.0,[2 1],[1. 0.],0,0,[0.6 0.6],1.0,0.0,1.0
1220,0.0,1,611.0,2,1221,1,False,0.0,0,1.0,[2 1],[1. 0.],0,0,[0.6 0.6],1.0,0.0,1.0
1221,1.0,1,611.0,0,1222,0,False,1.0,1,0.0,[1 2],[1. 0.],0,0,[0.6 0.6],1.0,0.0,1.0
1222,0.0,1,612.0,2,1223,1,False,0.0,0,1.0,[1 2],[1. 0.],0,0,[0.6 0.6],1.0,0.0,1.0
1223,0.0,1,612.0,0,1224,0,False,1.0,1,0.0,[1 1],[1. 0.],1,0,[0.6 0.6],1.0,0.0,1.0
1224,0.0,1,613.0,2,1225,1,False,0.0,0,2.0,[1 1],[1. 0.],1,0,[0.6 0.6],1.0,0.0,1.0
1225,1.0,1,613.0,0,1226,0,False,2.0,1,0.0,[2 1],[1. 0.],1,0,[0.6 0.6],1.0,0.0,1.0
1226,0.0,1,614.0,2,1227,1,False,0.0,0,2.0,[2 1],[1. 0.],1,0,[0.6 0.6],1.0,0.0,1.0
1227,1.0,1,614.0,0,1228,0,False,2.0,1,0.0,[1 2],[1. 0.],1,0,[0.6 0.6],1.0,0.0,1.0
1228,0.0,1,615.0,2,1229,1,False,0.0,0,2.0,[1 2],[1. 0.],1,0,[0.6 0.6],1.0,0.0,1.0
1229,0.0,1,615.0,0,1230,0,False,2.0,1,0.0,[2 2],[1. 0.],1,0,[0.6 0.6],1.0,0.0,1.0
1230,0.0,1,616.0,2,1231,1,False,0.0,0,2.0,[2 2],[1. 0.],1,0,[0.6 0.6],1.0,0.0,1.0
1231,0.0,1,616.0,0,1232,0,False,2.0,1,0.0,[2 2],[1. 0.],1,0,[0.6 0.6],1.0,0.0,1.0
1232,0.0,1,617.0,1,1233,1,False,0.0,0,2.0,[2 2],[1. 0.],1,0,[0.6 0.6],1.0,0.0,1.0
1233,0.0,1,617.0,0,1234,0,False,2.0,1,0.0,[1 1],[1. 0.],0,0,[0.6 0.6],1.0,0.0,1.0
1234,0.0,1,618.0,2,1235,1,False,0.0,0,1.0,[1 1],[1. 0.],0,0,[0.6 0.6],1.0,0.0,1.0
1235,1.0,1,618.0,0,1236,0,False,1.0,1,0.0,[2 2],[1. 0.],0,0,[0.6 0.6],1.0,0.0,1.0
1236,0.0,1,619.0,2,1237,1,False,0.0,0,1.0,[2 2],[1. 0.],0,0,[0.6 0.6],1.0,0.0,1.0
1237,0.0,1,619.0,0,1238,0,False,1.0,1,0.0,[2 2],[1. 0.],0,0,[0.6 0.6],1.0,0.0,1.0
1238,0.0,1,620.0,2,1239,1,False,0.0,0,1.0,[2 2],[1. 0.],0,0,[0.6 0.6],1.0,0.0,1.0
1239,0.0,1,620.0,0,1240,0,False,1.0,1,0.0,[1 1],[1. 0.],0,0,[0.6 0.6],1.0,0.0,1.0
1240,0.0,1,621.0,2,1241,1,False,0.0,0,1.0,[1 1],[1. 0.],0,0,[0.6 0.6],1.0,0.0,1.0
1241,1.0,1,621.0,0,1242,0,False,1.0,1,0.0,[2 2],[1. 0.],0,0,[0.6 0.6],1.0,0.0,1.0
1242,0.0,1,622.0,2,1243,1,False,0.0,0,1.0,[2 2],[1. 0.],0,0,[0.6 0.6],1.0,0.0,1.0
1243,0.0,1,622.0,0,1244,0,False,1.0,1,0.0,[2 1],[1. 0.],0,0,[0.6 0.6],1.0,0.0,1.0
1244,0.0,1,623.0,2,1245,1,False,0.0,0,1.0,[2 1],[1. 0.],0,0,[0.6 0.6],1.0,0.0,1.0
1245,1.0,1,623.0,0,1246,0,False,1.0,1,0.0,[1 2],[1. 0.],0,0,[0.6 0.6],1.0,0.0,1.0
1246,0.0,1,624.0,2,1247,1,False,0.0,0,1.0,[1 2],[1. 0.],0,0,[0.6 0.6],1.0,0.0,1.0
1247,0.0,1,624.0,0,1248,0,False,1.0,1,0.0,[1 2],[1. 0.],1,0,[0.6 0.6],1.0,0.0,1.0
1248,0.0,1,625.0,2,1249,1,False,0.0,0,2.0,[1 2],[1. 0.],1,0,[0.6 0.6],1.0,0.0,1.0
1249,0.0,1,625.0,0,1250,0,False,2.0,1,0.0,[1 2],[1. 0.],1,0,[0.6 0.6],1.0,0.0,1.0
1250,0.0,1,626.0,2,1251,1,False,0.0,0,2.0,[1 2],[1. 0.],1,0,[0.6 0.6],1.0,0.0,1.0
1251,0.0,1,626.0,0,1252,0,False,2.0,1,0.0,[2 1],[1. 0.],0,0,[0.6 0.6],1.0,0.0,1.0
1252,0.0,1,627.0,1,1253,1,False,0.0,0,1.0,[2 1],[1. 0.],0,0,[0.6 0.6],1.0,0.0,1.0
1253,0.0,1,627.0,0,1254,0,False,1.0,1,0.0,[1 2],[1. 0.],1,0,[0.6 0.6],1.0,0.0,1.0
1254,0.0,1,628.0,1,1255,1,False,0.0,0,2.0,[1 2],[1. 0.],1,0,[0.6 0.6],1.0,0.0,1.0
1255,1.0,1,628.0,0,1256,0,False,2.0,1,0.0,[1 2],[1. 0.],1,0,[0.6 0.6],1.0,0.0,1.0
1256,0.0,1,629.0,1,1257,1,False,0.0,0,2.0,[1 2],[1. 0.],1,0,[0.6 0.6],1.0,0.0,1.0
1257,1.0,1,629.0,0,1258,0,False,2.0,1,0.0,[1 2],[1. 0.],0,0,[0.6 0.6],1.0,0.0,1.0
1258,0.0,1,630.0,1,1259,1,False,0.0,0,1.0,[1 2],[1. 0.],0,0,[0.6 0.6],1.0,0.0,1.0
1259,1.0,1,630.0,0,1260,0,False,1.0,1,0.0,[2 1],[1. 0.],0,0,[0.6 0.6],1.0,0.0,1.0
1260,0.0,1,631.0,1,1261,1,False,0.0,0,1.0,[2 1],[1. 0.],0,0,[0.6 0.6],1.0,0.0,1.0
1261,0.0,1,631.0,0,1262,0,False,1.0,1,0.0,[2 2],[1. 0.],1,0,[0.6 0.6],1.0,0.0,1.0
1262,0.0,1,632.0,1,1263,1,False,0.0,0,2.0,[2 2],[1. 0.],1,0,[0.6 0.6],1.0,0.0,1.0
1263,0.0,1,632.0,0,1264,0,False,2.0,1,0.0,[2 1],[1. 0.],0,0,[0.6 0.6],1.0,0.0,1.0
1264,0.0,1,633.0,1,1265,1,False,0.0,0,1.0,[2 1],[1. 0.],0,0,[0.6 0.6],1.0,0.0,1.0
1265,0.0,1,633.0,0,1266,0,False,1.0,1,0.0,[2 1],[0. 1.],1,1,[0.6 0.6],1.0,0.0,1.0
1266,0.0,1,634.0,1,1267,1,False,0.0,0,2.0,[2 1],[0. 1.],1,1,[0.6 0.6],1.0,0.0,1.0
1267,1.0,1,634.0,0,1268,0,False,2.0,1,0.0,[2 2],[0. 1.],1,1,[0.6 0.6],1.0,0.0,1.0
1268,0.0,1,635.0,1,1269,1,False,0.0,0,2.0,[2 2],[0. 1.],1,1,[0.6 0.6],1.0,0.0,1.0
1269,1.0,1,635.0,0,1270,0,False,2.0,1,0.0,[2 2],[0. 1.],0,1,[0.6 0.6],1.0,0.0,1.0
1270,0.0,1,636.0,1,1271,1,False,0.0,0,1.0,[2 2],[0. 1.],0,1,[0.6 0.6],1.0,0.0,1.0
1271,1.0,1,636.0,0,1272,0,False,1.0,1,0.0,[1 2],[0. 1.],0,1,[0.6 0.6],1.0,0.0,1.0
1272,0.0,1,637.0,1,1273,1,False,0.0,0,1.0,[1 2],[0. 1.],0,1,[0.6 0.6],1.0,0.0,1.0
1273,0.0,1,637.0,0,1274,0,False,1.0,1,0.0,[1 2],[0. 1.],0,1,[0.6 0.6],1.0,0.0,1.0
1274,0.0,1,638.0,1,1275,1,False,0.0,0,1.0,[1 2],[0. 1.],0,1,[0.6 0.6],1.0,0.0,1.0
1275,0.0,1,638.0,0,1276,0,False,1.0,1,0.0,[1 2],[0. 1.],1,1,[0.6 0.6],1.0,0.0,1.0
1276,0.0,1,639.0,1,1277,1,False,0.0,0,2.0,[1 2],[0. 1.],1,1,[0.6 0.6],1.0,0.0,1.0
1277,0.0,1,639.0,0,1278,0,False,2.0,1,0.0,[1 2],[0. 1.],0,1,[0.6 0.6],1.0,0.0,1.0
1278,0.0,1,640.0,2,1279,1,False,0.0,0,1.0,[1 2],[0. 1.],0,1,[0.6 0.6],1.0,0.0,1.0
1279,1.0,1,640.0,0,1280,0,False,1.0,1,0.0,[2 2],[0. 1.],0,1,[0.6 0.6],1.0,0.0,1.0
1280,0.0,1,641.0,2,1281,1,False,0.0,0,1.0,[2 2],[0. 1.],0,1,[0.6 0.6],1.0,0.0,1.0
1281,1.0,1,641.0,0,1282,0,False,1.0,1,0.0,[1 1],[0. 1.],0,1,[0.6 0.6],1.0,0.0,1.0
1282,0.0,1,642.0,2,1283,1,False,0.0,0,1.0,[1 1],[0. 1.],0,1,[0.6 0.6],1.0,0.0,1.0
1283,0.0,1,642.0,0,1284,0,False,1.0,1,0.0,[2 2],[0. 1.],1,1,[0.6 0.6],1.0,0.0,1.0
1284,0.0,1,643.0,2,1285,1,False,0.0,0,2.0,[2 2],[0. 1.],1,1,[0.6 0.6],1.0,0.0,1.0
1285,1.0,1,643.0,0,1286,0,False,2.0,1,0.0,[1 1],[0. 1.],1,1,[0.6 0.6],1.0,0.0,1.0
1286,0.0,1,644.0,2,1287,1,False,0.0,0,2.0,[1 1],[0. 1.],1,1,[0.6 0.6],1.0,0.0,1.0
1287,0.0,1,644.0,0,1288,0,False,2.0,1,0.0,[2 1],[0. 1.],1,1,[0.6 0.6],1.0,0.0,1.0
1288,0.0,1,645.0,2,1289,1,False,0.0,0,2.0,[2 1],[0. 1.],1,1,[0.6 0.6],1.0,0.0,1.0
1289,0.0,1,645.0,0,1290,0,False,2.0,1,0.0,[1 1],[0. 1.],1,1,[0.6 0.6],1.0,0.0,1.0
1290,0.0,1,646.0,1,1291,1,False,0.0,0,2.0,[1 1],[0. 1.],1,1,[0.6 0.6],1.0,0.0,1.0
1291,0.0,1,646.0,0,1292,0,False,2.0,1,0.0,[2 1],[0. 1.],0,1,[0.6 0.6],1.0,0.0,1.0
1292,0.0,1,647.0,2,1293,1,False,0.0,0,1.0,[2 1],[0. 1.],0,1,[0.6 0.6],1.0,0.0,1.0
1293,0.0,1,647.0,0,1294,0,False,1.0,1,0.0,[1 2],[0. 1.],1,1,[0.6 0.6],1.0,0.0,1.0
1294,0.0,1,648.0,2,1295,1,False,0.0,0,2.0,[1 2],[0. 1.],1,1,[0.6 0.6],1.0,0.0,1.0
1295,1.0,1,648.0,0,1296,0,False,2.0,1,0.0,[1 1],[0. 1.],0,1,[0.6 0.6],1.0,0.0,1.0
1296,0.0,1,649.0,2,1297,1,False,0.0,0,1.0,[1 1],[0. 1.],0,1,[0.6 0.6],1.0,0.0,1.0
1297,0.0,1,649.0,0,1298,0,False,1.0,1,0.0,[1 2],[0. 1.],1,1,[0.6 0.6],1.0,0.0,1.0
1298,0.0,1,650.0,2,1299,1,False,0.0,0,2.0,[1 2],[0. 1.],1,1,[0.6 0.6],1.0,0.0,1.0
1299,1.0,1,650.0,0,1300,0,False,2.0,1,0.0,[1 2],[0. 1.],0,1,[0.6 0.6],1.0,0.0,1.0
1300,0.0,1,651.0,2,1301,1,False,0.0,0,1.0,[1 2],[0. 1.],0,1,[0.6 0.6],1.0,0.0,1.0
1301,1.0,1,651.0,0,1302,0,False,1.0,1,0.0,[1 1],[0. 1.],0,1,[0.6 0.6],1.0,0.0,1.0
1302,0.0,1,652.0,2,1303,1,False,0.0,0,1.0,[1 1],[0. 1.],0,1,[0.6 0.6],1.0,0.0,1.0
1303,0.0,1,652.0,0,1304,0,False,1.0,1,0.0,[1 2],[0. 1.],0,1,[0.6 0.6],1.0,0.0,1.0
1304,0.0,1,653.0,2,1305,1,False,0.0,0,1.0,[1 2],[0. 1.],0,1,[0.6 0.6],1.0,0.0,1.0
1305,1.0,1,653.0,0,1306,0,False,1.0,1,0.0,[2 2],[0. 1.],1,1,[0.6 0.6],1.0,0.0,1.0
1306,0.0,1,654.0,2,1307,1,False,0.0,0,2.0,[2 2],[0. 1.],1,1,[0.6 0.6],1.0,0.0,1.0
1307,1.0,1,654.0,0,1308,0,False,2.0,1,0.0,[1 2],[0. 1.],1,1,[0.6 0.6],1.0,0.0,1.0
1308,0.0,1,655.0,2,1309,1,False,0.0,0,2.0,[1 2],[0. 1.],1,1,[0.6 0.6],1.0,0.0,1.0
1309,1.0,1,655.0,0,1310,0,False,2.0,1,0.0,[1 1],[0. 1.],0,1,[0.6 0.6],1.0,0.0,1.0
1310,0.0,1,656.0,2,1311,1,False,0.0,0,1.0,[1 1],[0. 1.],0,1,[0.6 0.6],1.0,0.0,1.0
1311,0.0,1,656.0,0,1312,0,False,1.0,1,0.0,[1 1],[0. 1.],1,1,[0.6 0.6],1.0,0.0,1.0
1312,0.0,1,657.0,2,1313,1,False,0.0,0,2.0,[1 1],[0. 1.],1,1,[0.6 0.6],1.0,0.0,1.0
1313,0.0,1,657.0,0,1314,0,False,2.0,1,0.0,[1 2],[0. 1.],0,1,[0.6 0.6],1.0,0.0,1.0
1314,0.0,1,658.0,2,1315,1,False,0.0,0,1.0,[1 2],[0. 1.],0,1,[0.6 0.6],1.0,0.0,1.0
1315,1.0,1,658.0,0,1316,0,False,1.0,1,0.0,[2 2],[0. 1.],0,1,[0.6 0.6],1.0,0.0,1.0
1316,0.0,1,659.0,2,1317,1,False,0.0,0,1.0,[2 2],[0. 1.],0,1,[0.6 0.6],1.0,0.0,1.0
1317,1.0,1,659.0,0,1318,0,False,1.0,1,0.0,[1 1],[0. 1.],0,1,[0.6 0.6],1.0,0.0,1.0
1318,0.0,1,660.0,2,1319,1,False,0.0,0,1.0,[1 1],[0. 1.],0,1,[0.6 0.6],1.0,0.0,1.0
1319,0.0,1,660.0,0,1320,0,False,1.0,1,0.0,[2 1],[0. 1.],1,1,[0.6 0.6],1.0,0.0,1.0
1320,0.0,1,661.0,2,1321,1,False,0.0,0,2.0,[2 1],[0. 1.],1,1,[0.6 0.6],1.0,0.0,1.0
1321,0.0,1,661.0,0,1322,0,False,2.0,1,0.0,[1 1],[0. 1.],1,1,[0.6 0.6],1.0,0.0,1.0
1322,0.0,1,662.0,2,1323,1,False,0.0,0,2.0,[1 1],[0. 1.],1,1,[0.6 0.6],1.0,0.0,1.0
1323,0.0,1,662.0,0,1324,0,False,2.0,1,0.0,[1 2],[0. 1.],0,1,[0.6 0.6],1.0,0.0,1.0
1324,0.0,1,663.0,1,1325,1,False,0.0,0,1.0,[1 2],[0. 1.],0,1,[0.6 0.6],1.0,0.0,1.0
1325,0.0,1,663.0,0,1326,0,False,1.0,1,0.0,[2 1],[0. 1.],1,1,[0.6 0.6],1.0,0.0,1.0
1326,0.0,1,664.0,1,1327,1,False,0.0,0,2.0,[2 1],[0. 1.],1,1,[0.6 0.6],1.0,0.0,1.0
1327,1.0,1,664.0,0,1328,0,False,2.0,1,0.0,[1 2],[0. 1.],0,1,[0.6 0.6],1.0,0.0,1.0
1328,0.0,1,665.0,1,1329,1,False,0.0,0,1.0,[1 2],[0. 1.],0,1,[0.6 0.6],1.0,0.0,1.0
1329,0.0,1,665.0,0,1330,0,False,1.0,1,0.0,[1 1],[0. 1.],0,1,[0.6 0.6],1.0,0.0,1.0
1330,0.0,1,666.0,1,1331,1,False,0.0,0,1.0,[1 1],[0. 1.],0,1,[0.6 0.6],1.0,0.0,1.0
1331,0.0,1,666.0,0,1332,0,False,1.0,1,0.0,[1 2],[0. 1.],0,1,[0.6 0.6],1.0,0.0,1.0
1332,0.0,1,667.0,2,1333,1,False,0.0,0,1.0,[1 2],[0. 1.],0,1,[0.6 0.6],1.0,0.0,1.0
1333,1.0,1,667.0,0,1334,0,False,1.0,1,0.0,[1 1],[0. 1.],0,1,[0.6 0.6],1.0,0.0,1.0
1334,0.0,1,668.0,2,1335,1,False,0.0,0,1.0,[1 1],[0. 1.],0,1,[0.6 0.6],1.0,0.0,1.0
1335,0.0,1,668.0,0,1336,0,False,1.0,1,0.0,[1 1],[0. 1.],1,1,[0.6 0.6],1.0,0.0,1.0
1336,0.0,1,669.0,2,1337,1,False,0.0,0,2.0,[1 1],[0. 1.],1,1,[0.6 0.6],1.0,0.0,1.0
1337,0.0,1,669.0,0,1338,0,False,2.0,1,0.0,[1 2],[0. 1.],1,1,[0.6 0.6],1.0,0.0,1.0
1338,0.0,1,670.0,1,1339,1,False,0.0,0,2.0,[1 2],[0. 1.],1,1,[0.6 0.6],1.0,0.0,1.0
1339,0.0,1,670.0,0,1340,0,False,2.0,1,0.0,[1 2],[0. 1.],1,1,[0.6 0.6],1.0,0.0,1.0
1340,0.0,1,671.0,2,1341,1,False,0.0,0,2.0,[1 2],[0. 1.],1,1,[0.6 0.6],1.0,0.0,1.0
1341,1.0,1,671.0,0,1342,0,False,2.0,1,0.0,[1 2],[0. 1.],1,1,[0.6 0.6],1.0,0.0,1.0
1342,0.0,1,672.0,2,1343,1,False,0.0,0,2.0,[1 2],[0. 1.],1,1,[0.6 0.6],1.0,0.0,1.0
1343,1.0,1,672.0,0,1344,0,False,2.0,1,0.0,[1 1],[1. 0.],1,0,[0.6 0.6],1.0,0.0,1.0
1344,0.0,1,673.0,2,1345,1,False,0.0,0,2.0,[1 1],[1. 0.],1,0,[0.6 0.6],1.0,0.0,1.0
1345,1.0,1,673.0,0,1346,0,False,2.0,1,0.0,[2 2],[1. 0.],0,0,[0.6 0.6],1.0,0.0,1.0
1346,0.0,1,674.0,2,1347,1,False,0.0,0,1.0,[2 2],[1. 0.],0,0,[0.6 0.6],1.0,0.0,1.0
1347,0.0,1,674.0,0,1348,0,False,1.0,1,0.0,[1 2],[1. 0.],0,0,[0.6 0.6],1.0,0.0,1.0
1348,0.0,1,675.0,2,1349,1,False,0.0,0,1.0,[1 2],[1. 0.],0,0,[0.6 0.6],1.0,0.0,1.0
1349,0.0,1,675.0,0,1350,0,False,1.0,1,0.0,[2 2],[1. 0.],1,0,[0.6 0.6],1.0,0.0,1.0
1350,0.0,1,676.0,2,1351,1,False,0.0,0,2.0,[2 2],[1. 0.],1,0,[0.6 0.6],1.0,0.0,1.0
1351,0.0,1,676.0,0,1352,0,False,2.0,1,0.0,[1 2],[1. 0.],1,0,[0.6 0.6],1.0,0.0,1.0
1352,0.0,1,677.0,2,1353,1,False,0.0,0,2.0,[1 2],[1. 0.],1,0,[0.6 0.6],1.0,0.0,1.0
1353,0.0,1,677.0,0,1354,0,False,2.0,1,0.0,[2 1],[1. 0.],1,0,[0.6 0.6],1.0,0.0,1.0
1354,0.0,1,678.0,1,1355,1,False,0.0,0,2.0,[2 1],[1. 0.],1,0,[0.6 0.6],1.0,0.0,1.0
1355,0.0,1,678.0,0,1356,0,False,2.0,1,0.0,[2 2],[1. 0.],1,0,[0.6 0.6],1.0,0.0,1.0
1356,0.0,1,679.0,2,1357,1,False,0.0,0,2.0,[2 2],[1. 0.],1,0,[0.6 0.6],1.0,0.0,1.0
1357,0.0,1,679.0,0,1358,0,False,2.0,1,0.0,[1 1],[1. 0.],1,0,[0.6 0.6],1.0,0.0,1.0
1358,0.0,1,680.0,1,1359,1,False,0.0,0,2.0,[1 1],[1. 0.],1,0,[0.6 0.6],1.0,0.0,1.0
1359,1.0,1,680.0,0,1360,0,False,2.0,1,0.0,[1 1],[1. 0.],1,0,[0.6 0.6],1.0,0.0,1.0
1360,0.0,1,681.0,1,1361,1,False,0.0,0,2.0,[1 1],[1. 0.],1,0,[0.6 0.6],1.0,0.0,1.0
1361,1.0,1,681.0,0,1362,0,False,2.0,1,0.0,[2 1],[1. 0.],1,0,[0.6 0.6],1.0,0.0,1.0
1362,0.0,1,682.0,1,1363,1,False,0.0,0,2.0,[2 1],[1. 0.],1,0,[0.6 0.6],1.0,0.0,1.0
1363,0.0,1,682.0,0,1364,0,False,2.0,1,0.0,[1 2],[1. 0.],1,0,[0.6 0.6],1.0,0.0,1.0
1364,0.0,1,683.0,1,1365,1,False,0.0,0,2.0,[1 2],[1. 0.],1,0,[0.6 0.6],1.0,0.0,1.0
1365,1.0,1,683.0,0,1366,0,False,2.0,1,0.0,[1 2],[1. 0.],1,0,[0.6 0.6],1.0,0.0,1.0
1366,0.0,1,684.0,1,1367,1,False,0.0,0,2.0,[1 2],[1. 0.],1,0,[0.6 0.6],1.0,0.0,1.0
1367,1.0,1,684.0,0,1368,0,False,2.0,1,0.0,[1 2],[1. 0.],0,0,[0.6 0.6],1.0,0.0,1.0
1368,0.0,1,685.0,1,1369,1,False,0.0,0,1.0,[1 2],[1. 0.],0,0,[0.6 0.6],1.0,0.0,1.0
1369,1.0,1,685.0,0,1370,0,False,1.0,1,0.0,[1 1],[1. 0.],0,0,[0.6 0.6],1.0,0.0,1.0
1370,0.0,1,686.0,1,1371,1,False,0.0,0,1.0,[1 1],[1. 0.],0,0,[0.6 0.6],1.0,0.0,1.0
1371,1.0,1,686.0,0,1372,0,False,1.0,1,0.0,[1 2],[1. 0.],0,0,[0.6 0.6],1.0,0.0,1.0
1372,0.0,1,687.0,1,1373,1,False,0.0,0,1.0,[1 2],[1. 0.],0,0,[0.6 0.6],1.0,0.0,1.0
1373,1.0,1,687.0,0,1374,0,False,1.0,1,0.0,[2 1],[1. 0.],1,0,[0.6 0.6],1.0,0.0,1.0
1374,0.0,1,688.0,1,1375,1,False,0.0,0,2.0,[2 1],[1. 0.],1,0,[0.6 0.6],1.0,0.0,1.0
1375,0.0,1,688.0,0,1376,0,False,2.0,1,0.0,[1 1],[1. 0.],0,0,[0.6 0.6],1.0,0.0,1.0
1376,0.0,1,689.0,1,1377,1,False,0.0,0,1.0,[1 1],[1. 0.],0,0,[0.6 0.6],1.0,0.0,1.0
1377,1.0,1,689.0,0,1378,0,False,1.0,1,0.0,[1 2],[1. 0.],1,0,[0.6 0.6],1.0,0.0,1.0
1378,0.0,1,690.0,1,1379,1,False,0.0,0,2.0,[1 2],[1. 0.],1,0,[0.6 0.6],1.0,0.0,1.0
1379,1.0,1,690.0,0,1380,0,False,2.0,1,0.0,[2 2],[1. 0.],0,0,[0.6 0.6],1.0,0.0,1.0
1380,0.0,1,691.0,1,1381,1,False,0.0,0,1.0,[2 2],[1. 0.],0,0,[0.6 0.6],1.0,0.0,1.0
1381,0.0,1,691.0,0,1382,0,False,1.0,1,0.0,[1 1],[1. 0.],1,0,[0.6 0.6],1.0,0.0,1.0
1382,0.0,1,692.0,1,1383,1,False,0.0,0,2.0,[1 1],[1. 0.],1,0,[0.6 0.6],1.0,0.0,1.0
1383,1.0,1,692.0,0,1384,0,False,2.0,1,0.0,[1 2],[1. 0.],1,0,[0.6 0.6],1.0,0.0,1.0
1384,0.0,1,693.0,1,1385,1,False,0.0,0,2.0,[1 2],[1. 0.],1,0,[0.6 0.6],1.0,0.0,1.0
1385,1.0,1,693.0,0,1386,0,False,2.0,1,0.0,[1 2],[0. 1.],1,1,[0.6 0.6],1.0,0.0,1.0
1386,0.0,1,694.0,1,1387,1,False,0.0,0,2.0,[1 2],[0. 1.],1,1,[0.6 0.6],1.0,0.0,1.0
1387,0.0,1,694.0,0,1388,0,False,2.0,1,0.0,[1 1],[0. 1.],1,1,[0.6 0.6],1.0,0.0,1.0
1388,0.0,1,695.0,1,1389,1,False,0.0,0,2.0,[1 1],[0. 1.],1,1,[0.6 0.6],1.0,0.0,1.0
1389,0.0,1,695.0,0,1390,0,False,2.0,1,0.0,[1 1],[0. 1.],1,1,[0.6 0.6],1.0,0.0,1.0
1390,0.0,1,696.0,1,1391,1,False,0.0,0,2.0,[1 1],[0. 1.],1,1,[0.6 0.6],1.0,0.0,1.0
1391,0.0,1,696.0,0,1392,0,False,2.0,1,0.0,[2 2],[0. 1.],1,1,[0.6 0.6],1.0,0.0,1.0
1392,0.0,1,697.0,1,1393,1,False,0.0,0,2.0,[2 2],[0. 1.],1,1,[0.6 0.6],1.0,0.0,1.0
1393,1.0,1,697.0,0,1394,0,False,2.0,1,0.0,[1 2],[0. 1.],0,1,[0.6 0.6],1.0,0.0,1.0
1394,0.0,1,698.0,1,1395,1,False,0.0,0,1.0,[1 2],[0. 1.],0,1,[0.6 0.6],1.0,0.0,1.0
1395,0.0,1,698.0,0,1396,0,False,1.0,1,0.0,[1 1],[0. 1.],0,1,[0.6 0.6],1.0,0.0,1.0
1396,0.0,1,699.0,1,1397,1,False,0.0,0,1.0,[1 1],[0. 1.],0,1,[0.6 0.6],1.0,0.0,1.0
1397,0.0,1,699.0,0,1398,0,False,1.0,1,0.0,[1 2],[0. 1.],0,1,[0.6 0.6],1.0,0.0,1.0
1398,0.0,1,700.0,2,1399,1,False,0.0,0,1.0,[1 2],[0. 1.],0,1,[0.6 0.6],1.0,0.0,1.0
1399,1.0,1,700.0,0,1400,0,False,1.0,1,0.0,[2 1],[0. 1.],0,1,[0.6 0.6],1.0,0.0,1.0
1400,0.0,1,701.0,2,1401,1,False,0.0,0,1.0,[2 1],[0. 1.],0,1,[0.6 0.6],1.0,0.0,1.0
1401,0.0,1,701.0,0,1402,0,False,1.0,1,0.0,[1 2],[0. 1.],0,1,[0.6 0.6],1.0,0.0,1.0
1402,0.0,1,702.0,1,1403,1,False,0.0,0,1.0,[1 2],[0. 1.],0,1,[0.6 0.6],1.0,0.0,1.0
1403,0.0,1,702.0,0,1404,0,False,1.0,1,0.0,[1 2],[0. 1.],0,1,[0.6 0.6],1.0,0.0,1.0
1404,0.0,1,703.0,2,1405,1,False,0.0,0,1.0,[1 2],[0. 1.],0,1,[0.6 0.6],1.0,0.0,1.0
1405,1.0,1,703.0,0,1406,0,False,1.0,1,0.0,[2 2],[0. 1.],0,1,[0.6 0.6],1.0,0.0,1.0
1406,0.0,1,704.0,2,1407,1,False,0.0,0,1.0,[2 2],[0. 1.],0,1,[0.6 0.6],1.0,0.0,1.0
1407,1.0,1,704.0,0,1408,0,False,1.0,1,0.0,[1 1],[0. 1.],0,1,[0.6 0.6],1.0,0.0,1.0
1408,0.0,1,705.0,2,1409,1,False,0.0,0,1.0,[1 1],[0. 1.],0,1,[0.6 0.6],1.0,0.0,1.0
1409,0.0,1,705.0,0,1410,0,False,1.0,1,0.0,[2 1],[0. 1.],0,1,[0.6 0.6],1.0,0.0,1.0
1410,0.0,1,706.0,2,1411,1,False,0.0,0,1.0,[2 1],[0. 1.],0,1,[0.6 0.6],1.0,0.0,1.0
1411,0.0,1,706.0,0,1412,0,False,1.0,1,0.0,[1 2],[0. 1.],0,1,[0.6 0.6],1.0,0.0,1.0
1412,0.0,1,707.0,2,1413,1,False,0.0,0,1.0,[1 2],[0. 1.],0,1,[0.6 0.6],1.0,0.0,1.0
1413,1.0,1,707.0,0,1414,0,False,1.0,1,0.0,[2 1],[0. 1.],0,1,[0.6 0.6],1.0,0.0,1.0
1414,0.0,1,708.0,2,1415,1,False,0.0,0,1.0,[2 1],[0. 1.],0,1,[0.6 0.6],1.0,0.0,1.0
1415,0.0,1,708.0,0,1416,0,False,1.0,1,0.0,[1 1],[0. 1.],1,1,[0.6 0.6],1.0,0.0,1.0
1416,0.0,1,709.0,2,1417,1,False,0.0,0,2.0,[1 1],[0. 1.],1,1,[0.6 0.6],1.0,0.0,1.0
1417,0.0,1,709.0,0,1418,0,False,2.0,1,0.0,[2 2],[0. 1.],0,1,[0.6 0.6],1.0,0.0,1.0
1418,0.0,1,710.0,1,1419,1,False,0.0,0,1.0,[2 2],[0. 1.],0,1,[0.6 0.6],1.0,0.0,1.0
1419,1.0,1,710.0,0,1420,0,False,1.0,1,0.0,[2 2],[0. 1.],0,1,[0.6 0.6],1.0,0.0,1.0
1420,0.0,1,711.0,1,1421,1,False,0.0,0,1.0,[2 2],[0. 1.],0,1,[0.6 0.6],1.0,0.0,1.0
1421,1.0,1,711.0,0,1422,0,False,1.0,1,0.0,[2 2],[0. 1.],1,1,[0.6 0.6],1.0,0.0,1.0
1422,0.0,1,712.0,1,1423,1,False,0.0,0,2.0,[2 2],[0. 1.],1,1,[0.6 0.6],1.0,0.0,1.0
1423,1.0,1,712.0,0,1424,0,False,2.0,1,0.0,[2 1],[0. 1.],0,1,[0.6 0.6],1.0,0.0,1.0
1424,0.0,1,713.0,1,1425,1,False,0.0,0,1.0,[2 1],[0. 1.],0,1,[0.6 0.6],1.0,0.0,1.0
1425,1.0,1,713.0,0,1426,0,False,1.0,1,0.0,[1 2],[0. 1.],1,1,[0.6 0.6],1.0,0.0,1.0
1426,0.0,1,714.0,1,1427,1,False,0.0,0,2.0,[1 2],[0. 1.],1,1,[0.6 0.6],1.0,0.0,1.0
1427,0.0,1,714.0,0,1428,0,False,2.0,1,0.0,[1 1],[0. 1.],1,1,[0.6 0.6],1.0,0.0,1.0
1428,0.0,1,715.0,1,1429,1,False,0.0,0,2.0,[1 1],[0. 1.],1,1,[0.6 0.6],1.0,0.0,1.0
1429,0.0,1,715.0,0,1430,0,False,2.0,1,0.0,[1 2],[0. 1.],0,1,[0.6 0.6],1.0,0.0,1.0
1430,0.0,1,716.0,1,1431,1,False,0.0,0,1.0,[1 2],[0. 1.],0,1,[0.6 0.6],1.0,0.0,1.0
1431,0.0,1,716.0,0,1432,0,False,1.0,1,0.0,[2 2],[0. 1.],0,1,[0.6 0.6],1.0,0.0,1.0
1432,0.0,1,717.0,1,1433,1,False,0.0,0,1.0,[2 2],[0. 1.],0,1,[0.6 0.6],1.0,0.0,1.0
1433,1.0,1,717.0,0,1434,0,False,1.0,1,0.0,[2 2],[0. 1.],1,1,[0.6 0.6],1.0,0.0,1.0
1434,0.0,1,718.0,1,1435,1,False,0.0,0,2.0,[2 2],[0. 1.],1,1,[0.6 0.6],1.0,0.0,1.0
1435,1.0,1,718.0,0,1436,0,False,2.0,1,0.0,[2 2],[0. 1.],0,1,[0.6 0.6],1.0,0.0,1.0
1436,0.0,1,719.0,1,1437,1,False,0.0,0,1.0,[2 2],[0. 1.],0,1,[0.6 0.6],1.0,0.0,1.0
1437,1.0,1,719.0,0,1438,0,False,1.0,1,0.0,[1 2],[0. 1.],1,1,[0.6 0.6],1.0,0.0,1.0
1438,0.0,1,720.0,1,1439,1,False,0.0,0,2.0,[1 2],[0. 1.],1,1,[0.6 0.6],1.0,0.0,1.0
1439,0.0,1,720.0,0,1440,0,False,2.0,1,0.0,[2 1],[0. 1.],0,1,[0.6 0.6],1.0,0.0,1.0
1440,0.0,1,721.0,1,1441,1,False,0.0,0,1.0,[2 1],[0. 1.],0,1,[0.6 0.6],1.0,0.0,1.0
1441,1.0,1,721.0,0,1442,0,False,1.0,1,0.0,[1 2],[0. 1.],1,1,[0.6 0.6],1.0,0.0,1.0
1442,0.0,1,722.0,1,1443,1,False,0.0,0,2.0,[1 2],[0. 1.],1,1,[0.6 0.6],1.0,0.0,1.0
1443,0.0,1,722.0,0,1444,0,False,2.0,1,0.0,[1 1],[0. 1.],0,1,[0.6 0.6],1.0,0.0,1.0
1444,0.0,1,723.0,1,1445,1,False,0.0,0,1.0,[1 1],[0. 1.],0,1,[0.6 0.6],1.0,0.0,1.0
1445,0.0,1,723.0,0,1446,0,False,1.0,1,0.0,[1 2],[0. 1.],0,1,[0.6 0.6],1.0,0.0,1.0
1446,0.0,1,724.0,1,1447,1,False,0.0,0,1.0,[1 2],[0. 1.],0,1,[0.6 0.6],1.0,0.0,1.0
1447,0.0,1,724.0,0,1448,0,False,1.0,1,0.0,[1 1],[0. 1.],1,1,[0.6 0.6],1.0,0.0,1.0
1448,0.0,1,725.0,1,1449,1,False,0.0,0,2.0,[1 1],[0. 1.],1,1,[0.6 0.6],1.0,0.0,1.0
1449,0.0,1,725.0,0,1450,0,False,2.0,1,0.0,[2 1],[0. 1.],1,1,[0.6 0.6],1.0,0.0,1.0
1450,0.0,1,726.0,2,1451,1,False,0.0,0,2.0,[2 1],[0. 1.],1,1,[0.6 0.6],1.0,0.0,1.0
1451,0.0,1,726.0,0,1452,0,False,2.0,1,0.0,[1 1],[0. 1.],0,1,[0.6 0.6],1.0,0.0,1.0
1452,0.0,1,727.0,1,1453,1,False,0.0,0,1.0,[1 1],[0. 1.],0,1,[0.6 0.6],1.0,0.0,1.0
1453,0.0,1,727.0,0,1454,0,False,1.0,1,0.0,[1 1],[0. 1.],0,1,[0.6 0.6],1.0,0.0,1.0
1454,0.0,1,728.0,2,1455,1,False,0.0,0,1.0,[1 1],[0. 1.],0,1,[0.6 0.6],1.0,0.0,1.0
1455,0.0,1,728.0,0,1456,0,False,1.0,1,0.0,[1 2],[0. 1.],0,1,[0.6 0.6],1.0,0.0,1.0
1456,0.0,1,729.0,1,1457,1,False,0.0,0,1.0,[1 2],[0. 1.],0,1,[0.6 0.6],1.0,0.0,1.0
1457,0.0,1,729.0,0,1458,0,False,1.0,1,0.0,[1 2],[0. 1.],1,1,[0.6 0.6],1.0,0.0,1.0
1458,0.0,1,730.0,2,1459,1,False,0.0,0,2.0,[1 2],[0. 1.],1,1,[0.6 0.6],1.0,0.0,1.0
1459,1.0,1,730.0,0,1460,0,False,2.0,1,0.0,[2 1],[0. 1.],1,1,[0.6 0.6],1.0,0.0,1.0
1460,0.0,1,731.0,2,1461,1,False,0.0,0,2.0,[2 1],[0. 1.],1,1,[0.6 0.6],1.0,0.0,1.0
1461,0.0,1,731.0,0,1462,0,False,2.0,1,0.0,[2 2],[0. 1.],1,1,[0.6 0.6],1.0,0.0,1.0
1462,0.0,1,732.0,2,1463,1,False,0.0,0,2.0,[2 2],[0. 1.],1,1,[0.6 0.6],1.0,0.0,1.0
1463,1.0,1,732.0,0,1464,0,False,2.0,1,0.0,[2 2],[0. 1.],1,1,[0.6 0.6],1.0,0.0,1.0
1464,0.0,1,733.0,2,1465,1,False,0.0,0,2.0,[2 2],[0. 1.],1,1,[0.6 0.6],1.0,0.0,1.0
1465,1.0,1,733.0,0,1466,0,False,2.0,1,0.0,[2 1],[0. 1.],1,1,[0.6 0.6],1.0,0.0,1.0
1466,0.0,1,734.0,2,1467,1,False,0.0,0,2.0,[2 1],[0. 1.],1,1,[0.6 0.6],1.0,0.0,1.0
1467,0.0,1,734.0,0,1468,0,False,2.0,1,0.0,[2 1],[0. 1.],1,1,[0.6 0.6],1.0,0.0,1.0
1468,0.0,1,735.0,2,1469,1,False,0.0,0,2.0,[2 1],[0. 1.],1,1,[0.6 0.6],1.0,0.0,1.0
1469,0.0,1,735.0,0,1470,0,False,2.0,1,0.0,[2 1],[0. 1.],1,1,[0.6 0.6],1.0,0.0,1.0
1470,0.0,1,736.0,2,1471,1,False,0.0,0,2.0,[2 1],[0. 1.],1,1,[0.6 0.6],1.0,0.0,1.0
1471,0.0,1,736.0,0,1472,0,False,2.0,1,0.0,[2 1],[0. 1.],1,1,[0.6 0.6],1.0,0.0,1.0
1472,0.0,1,737.0,1,1473,1,False,0.0,0,2.0,[2 1],[0. 1.],1,1,[0.6 0.6],1.0,0.0,1.0
1473,1.0,1,737.0,0,1474,0,False,2.0,1,0.0,[1 2],[0. 1.],1,1,[0.6 0.6],1.0,0.0,1.0
1474,0.0,1,738.0,1,1475,1,False,0.0,0,2.0,[1 2],[0. 1.],1,1,[0.6 0.6],1.0,0.0,1.0
1475,0.0,1,738.0,0,1476,0,False,2.0,1,0.0,[1 2],[0. 1.],0,1,[0.6 0.6],1.0,0.0,1.0
1476,0.0,1,739.0,1,1477,1,False,0.0,0,1.0,[1 2],[0. 1.],0,1,[0.6 0.6],1.0,0.0,1.0
1477,0.0,1,739.0,0,1478,0,False,1.0,1,0.0,[2 2],[1. 0.],1,0,[0.6 0.6],1.0,0.0,1.0
1478,0.0,1,740.0,2,1479,1,False,0.0,0,2.0,[2 2],[1. 0.],1,0,[0.6 0.6],1.0,0.0,1.0
1479,0.0,1,740.0,0,1480,0,False,2.0,1,0.0,[1 2],[1. 0.],1,0,[0.6 0.6],1.0,0.0,1.0
1480,0.0,1,741.0,2,1481,1,False,0.0,0,2.0,[1 2],[1. 0.],1,0,[0.6 0.6],1.0,0.0,1.0
1481,0.0,1,741.0,0,1482,0,False,2.0,1,0.0,[1 2],[1. 0.],1,0,[0.6 0.6],1.0,0.0,1.0
1482,0.0,1,742.0,1,1483,1,False,0.0,0,2.0,[1 2],[1. 0.],1,0,[0.6 0.6],1.0,0.0,1.0
1483,1.0,1,742.0,0,1484,0,False,2.0,1,0.0,[1 2],[1. 0.],1,0,[0.6 0.6],1.0,0.0,1.0
1484,0.0,1,743.0,1,1485,1,False,0.0,0,2.0,[1 2],[1. 0.],1,0,[0.6 0.6],1.0,0.0,1.0
1485,1.0,1,743.0,0,1486,0,False,2.0,1,0.0,[1 2],[1. 0.],1,0,[0.6 0.6],1.0,0.0,1.0
1486,0.0,1,744.0,1,1487,1,False,0.0,0,2.0,[1 2],[1. 0.],1,0,[0.6 0.6],1.0,0.0,1.0
1487,1.0,1,744.0,0,1488,0,False,2.0,1,0.0,[1 1],[1. 0.],0,0,[0.6 0.6],1.0,0.0,1.0
1488,0.0,1,745.0,1,1489,1,False,0.0,0,1.0,[1 1],[1. 0.],0,0,[0.6 0.6],1.0,0.0,1.0
1489,1.0,1,745.0,0,1490,0,False,1.0,1,0.0,[2 1],[1. 0.],1,0,[0.6 0.6],1.0,0.0,1.0
1490,0.0,1,746.0,1,1491,1,False,0.0,0,2.0,[2 1],[1. 0.],1,0,[0.6 0.6],1.0,0.0,1.0
1491,0.0,1,746.0,0,1492,0,False,2.0,1,0.0,[2 2],[1. 0.],0,0,[0.6 0.6],1.0,0.0,1.0
1492,0.0,1,747.0,1,1493,1,False,0.0,0,1.0,[2 2],[1. 0.],0,0,[0.6 0.6],1.0,0.0,1.0
1493,0.0,1,747.0,0,1494,0,False,1.0,1,0.0,[1 1],[1. 0.],0,0,[0.6 0.6],1.0,0.0,1.0
1494,0.0,1,748.0,1,1495,1,False,0.0,0,1.0,[1 1],[1. 0.],0,0,[0.6 0.6],1.0,0.0,1.0
1495,1.0,1,748.0,0,1496,0,False,1.0,1,0.0,[2 1],[1. 0.],0,0,[0.6 0.6],1.0,0.0,1.0
1496,0.0,1,749.0,1,1497,1,False,0.0,0,1.0,[2 1],[1. 0.],0,0,[0.6 0.6],1.0,0.0,1.0
1497,0.0,1,749.0,0,1498,0,False,1.0,1,0.0,[2 2],[1. 0.],1,0,[0.6 0.6],1.0,0.0,1.0
1498,0.0,1,750.0,1,1499,1,False,0.0,0,2.0,[2 2],[1. 0.],1,0,[0.6 0.6],1.0,0.0,1.0
1499,0.0,1,750.0,0,1500,0,False,2.0,1,0.0,[1 1],[1. 0.],1,0,[0.6 0.6],1.0,0.0,1.0
1500,0.0,1,751.0,2,1501,1,False,0.0,0,2.0,[1 1],[1. 0.],1,0,[0.6 0.6],1.0,0.0,1.0
1501,1.0,1,751.0,0,1502,0,False,2.0,1,0.0,[2 1],[1. 0.],0,0,[0.6 0.6],1.0,0.0,1.0
1502,0.0,1,752.0,2,1503,1,False,0.0,0,1.0,[2 1],[1. 0.],0,0,[0.6 0.6],1.0,0.0,1.0
1503,1.0,1,752.0,0,1504,0,False,1.0,1,0.0,[2 2],[1. 0.],0,0,[0.6 0.6],1.0,0.0,1.0
1504,0.0,1,753.0,2,1505,1,False,0.0,0,1.0,[2 2],[1. 0.],0,0,[0.6 0.6],1.0,0.0,1.0
1505,0.0,1,753.0,0,1506,0,False,1.0,1,0.0,[2 2],[1. 0.],1,0,[0.6 0.6],1.0,0.0,1.0
1506,0.0,1,754.0,2,1507,1,False,0.0,0,2.0,[2 2],[1. 0.],1,0,[0.6 0.6],1.0,0.0,1.0
1507,0.0,1,754.0,0,1508,0,False,2.0,1,0.0,[2 1],[1. 0.],0,0,[0.6 0.6],1.0,0.0,1.0
1508,0.0,1,755.0,2,1509,1,False,0.0,0,1.0,[2 1],[1. 0.],0,0,[0.6 0.6],1.0,0.0,1.0
1509,1.0,1,755.0,0,1510,0,False,1.0,1,0.0,[2 1],[1. 0.],1,0,[0.6 0.6],1.0,0.0,1.0
1510,0.0,1,756.0,2,1511,1,False,0.0,0,2.0,[2 1],[1. 0.],1,0,[0.6 0.6],1.0,0.0,1.0
1511,1.0,1,756.0,0,1512,0,False,2.0,1,0.0,[2 1],[1. 0.],0,0,[0.6 0.6],1.0,0.0,1.0
1512,0.0,1,757.0,2,1513,1,False,0.0,0,1.0,[2 1],[1. 0.],0,0,[0.6 0.6],1.0,0.0,1.0
1513,1.0,1,757.0,0,1514,0,False,1.0,1,0.0,[1 2],[1. 0.],1,0,[0.6 0.6],1.0,0.0,1.0
1514,0.0,1,758.0,2,1515,1,False,0.0,0,2.0,[1 2],[1. 0.],1,0,[0.6 0.6],1.0,0.0,1.0
1515,0.0,1,758.0,0,1516,0,False,2.0,1,0.0,[2 1],[1. 0.],0,0,[0.6 0.6],1.0,0.0,1.0
1516,0.0,1,759.0,2,1517,1,False,0.0,0,1.0,[2 1],[1. 0.],0,0,[0.6 0.6],1.0,0.0,1.0
1517,1.0,1,759.0,0,1518,0,False,1.0,1,0.0,[1 1],[1. 0.],0,0,[0.6 0.6],1.0,0.0,1.0
1518,0.0,1,760.0,2,1519,1,False,0.0,0,1.0,[1 1],[1. 0.],0,0,[0.6 0.6],1.0,0.0,1.0
1519,1.0,1,760.0,0,1520,0,False,1.0,1,0.0,[2 1],[1. 0.],1,0,[0.6 0.6],1.0,0.0,1.0
1520,0.0,1,761.0,2,1521,1,False,0.0,0,2.0,[2 1],[1. 0.],1,0,[0.6 0.6],1.0,0.0,1.0
1521,1.0,1,761.0,0,1522,0,False,2.0,1,0.0,[2 2],[1. 0.],1,0,[0.6 0.6],1.0,0.0,1.0
1522,0.0,1,762.0,2,1523,1,False,0.0,0,2.0,[2 2],[1. 0.],1,0,[0.6 0.6],1.0,0.0,1.0
1523,0.0,1,762.0,0,1524,0,False,2.0,1,0.0,[1 1],[1. 0.],1,0,[0.6 0.6],1.0,0.0,1.0
1524,0.0,1,763.0,2,1525,1,False,0.0,0,2.0,[1 1],[1. 0.],1,0,[0.6 0.6],1.0,0.0,1.0
1525,1.0,1,763.0,0,1526,0,False,2.0,1,0.0,[1 2],[1. 0.],1,0,[0.6 0.6],1.0,0.0,1.0
1526,0.0,1,764.0,2,1527,1,False,0.0,0,2.0,[1 2],[1. 0.],1,0,[0.6 0.6],1.0,0.0,1.0
1527,0.0,1,764.0,0,1528,0,False,2.0,1,0.0,[1 2],[1. 0.],0,0,[0.6 0.6],1.0,0.0,1.0
1528,0.0,1,765.0,2,1529,1,False,0.0,0,1.0,[1 2],[1. 0.],0,0,[0.6 0.6],1.0,0.0,1.0
1529,0.0,1,765.0,0,1530,0,False,1.0,1,0.0,[2 2],[1. 0.],0,0,[0.6 0.6],1.0,0.0,1.0
1530,0.0,1,766.0,2,1531,1,False,0.0,0,1.0,[2 2],[1. 0.],0,0,[0.6 0.6],1.0,0.0,1.0
1531,0.0,1,766.0,0,1532,0,False,1.0,1,0.0,[2 1],[1. 0.],1,0,[0.6 0.6],1.0,0.0,1.0
1532,0.0,1,767.0,2,1533,1,False,0.0,0,2.0,[2 1],[1. 0.],1,0,[0.6 0.6],1.0,0.0,1.0
1533,1.0,1,767.0,0,1534,0,False,2.0,1,0.0,[2 2],[1. 0.],1,0,[0.6 0.6],1.0,0.0,1.0
1534,0.0,1,768.0,2,1535,1,False,0.0,0,2.0,[2 2],[1. 0.],1,0,[0.6 0.6],1.0,0.0,1.0
1535,0.0,1,768.0,0,1536,0,False,2.0,1,0.0,[2 2],[1. 0.],1,0,[0.6 0.6],1.0,0.0,1.0
1536,0.0,1,769.0,1,1537,1,False,0.0,0,2.0,[2 2],[1. 0.],1,0,[0.6 0.6],1.0,0.0,1.0
1537,0.0,1,769.0,0,1538,0,False,2.0,1,0.0,[2 1],[1. 0.],1,0,[0.6 0.6],1.0,0.0,1.0
1538,0.0,1,770.0,2,1539,1,False,0.0,0,2.0,[2 1],[1. 0.],1,0,[0.6 0.6],1.0,0.0,1.0
1539,1.0,1,770.0,0,1540,0,False,2.0,1,0.0,[1 1],[1. 0.],0,0,[0.6 0.6],1.0,0.0,1.0
1540,0.0,1,771.0,2,1541,1,False,0.0,0,1.0,[1 1],[1. 0.],0,0,[0.6 0.6],1.0,0.0,1.0
1541,1.0,1,771.0,0,1542,0,False,1.0,1,0.0,[2 2],[1. 0.],0,0,[0.6 0.6],1.0,0.0,1.0
1542,0.0,1,772.0,2,1543,1,False,0.0,0,1.0,[2 2],[1. 0.],0,0,[0.6 0.6],1.0,0.0,1.0
1543,0.0,1,772.0,0,1544,0,False,1.0,1,0.0,[2 1],[1. 0.],1,0,[0.6 0.6],1.0,0.0,1.0
1544,0.0,1,773.0,2,1545,1,False,0.0,0,2.0,[2 1],[1. 0.],1,0,[0.6 0.6],1.0,0.0,1.0
1545,1.0,1,773.0,0,1546,0,False,2.0,1,0.0,[1 1],[1. 0.],0,0,[0.6 0.6],1.0,0.0,1.0
1546,0.0,1,774.0,2,1547,1,False,0.0,0,1.0,[1 1],[1. 0.],0,0,[0.6 0.6],1.0,0.0,1.0
1547,1.0,1,774.0,0,1548,0,False,1.0,1,0.0,[2 2],[1. 0.],0,0,[0.6 0.6],1.0,0.0,1.0
1548,0.0,1,775.0,2,1549,1,False,0.0,0,1.0,[2 2],[1. 0.],0,0,[0.6 0.6],1.0,0.0,1.0
1549,0.0,1,775.0,0,1550,0,False,1.0,1,0.0,[1 1],[1. 0.],1,0,[0.6 0.6],1.0,0.0,1.0
1550,0.0,1,776.0,2,1551,1,False,0.0,0,2.0,[1 1],[1. 0.],1,0,[0.6 0.6],1.0,0.0,1.0
1551,1.0,1,776.0,0,1552,0,False,2.0,1,0.0,[2 1],[1. 0.],0,0,[0.6 0.6],1.0,0.0,1.0
1552,0.0,1,777.0,2,1553,1,False,0.0,0,1.0,[2 1],[1. 0.],0,0,[0.6 0.6],1.0,0.0,1.0
1553,1.0,1,777.0,0,1554,0,False,1.0,1,0.0,[1 1],[1. 0.],0,0,[0.6 0.6],1.0,0.0,1.0
1554,0.0,1,778.0,2,1555,1,False,0.0,0,1.0,[1 1],[1. 0.],0,0,[0.6 0.6],1.0,0.0,1.0
1555,1.0,1,778.0,0,1556,0,False,1.0,1,0.0,[1 1],[1. 0.],1,0,[0.6 0.6],1.0,0.0,1.0
1556,0.0,1,779.0,2,1557,1,False,0.0,0,2.0,[1 1],[1. 0.],1,0,[0.6 0.6],1.0,0.0,1.0
1557,1.0,1,779.0,0,1558,0,False,2.0,1,0.0,[2 2],[1. 0.],1,0,[0.6 0.6],1.0,0.0,1.0
1558,0.0,1,780.0,2,1559,1,False,0.0,0,2.0,[2 2],[1. 0.],1,0,[0.6 0.6],1.0,0.0,1.0
1559,0.0,1,780.0,0,1560,0,False,2.0,1,0.0,[1 2],[1. 0.],1,0,[0.6 0.6],1.0,0.0,1.0
1560,0.0,1,781.0,2,1561,1,False,0.0,0,2.0,[1 2],[1. 0.],1,0,[0.6 0.6],1.0,0.0,1.0
1561,0.0,1,781.0,0,1562,0,False,2.0,1,0.0,[1 2],[1. 0.],1,0,[0.6 0.6],1.0,0.0,1.0
1562,0.0,1,782.0,1,1563,1,False,0.0,0,2.0,[1 2],[1. 0.],1,0,[0.6 0.6],1.0,0.0,1.0
1563,1.0,1,782.0,0,1564,0,False,2.0,1,0.0,[1 1],[1. 0.],1,0,[0.6 0.6],1.0,0.0,1.0
1564,0.0,1,783.0,1,1565,1,False,0.0,0,2.0,[1 1],[1. 0.],1,0,[0.6 0.6],1.0,0.0,1.0
1565,1.0,1,783.0,0,1566,0,False,2.0,1,0.0,[1 1],[1. 0.],0,0,[0.6 0.6],1.0,0.0,1.0
1566,0.0,1,784.0,1,1567,1,False,0.0,0,1.0,[1 1],[1. 0.],0,0,[0.6 0.6],1.0,0.0,1.0
1567,1.0,1,784.0,0,1568,0,False,1.0,1,0.0,[2 2],[1. 0.],0,0,[0.6 0.6],1.0,0.0,1.0
1568,0.0,1,785.0,1,1569,1,False,0.0,0,1.0,[2 2],[1. 0.],0,0,[0.6 0.6],1.0,0.0,1.0
1569,0.0,1,785.0,0,1570,0,False,1.0,1,0.0,[2 2],[1. 0.],0,0,[0.6 0.6],1.0,0.0,1.0
1570,0.0,1,786.0,1,1571,1,False,0.0,0,1.0,[2 2],[1. 0.],0,0,[0.6 0.6],1.0,0.0,1.0
1571,0.0,1,786.0,0,1572,0,False,1.0,1,0.0,[1 1],[1. 0.],1,0,[0.6 0.6],1.0,0.0,1.0
1572,0.0,1,787.0,1,1573,1,False,0.0,0,2.0,[1 1],[1. 0.],1,0,[0.6 0.6],1.0,0.0,1.0
1573,1.0,1,787.0,0,1574,0,False,2.0,1,0.0,[1 2],[1. 0.],0,0,[0.6 0.6],1.0,0.0,1.0
1574,0.0,1,788.0,1,1575,1,False,0.0,0,1.0,[1 2],[1. 0.],0,0,[0.6 0.6],1.0,0.0,1.0
1575,1.0,1,788.0,0,1576,0,False,1.0,1,0.0,[1 2],[1. 0.],1,0,[0.6 0.6],1.0,0.0,1.0
1576,0.0,1,789.0,1,1577,1,False,0.0,0,2.0,[1 2],[1. 0.],1,0,[0.6 0.6],1.0,0.0,1.0
1577,1.0,1,789.0,0,1578,0,False,2.0,1,0.0,[2 1],[1. 0.],0,0,[0.6 0.6],1.0,0.0,1.0
1578,0.0,1,790.0,1,1579,1,False,0.0,0,1.0,[2 1],[1. 0.],0,0,[0.6 0.6],1.0,0.0,1.0
1579,0.0,1,790.0,0,1580,0,False,1.0,1,0.0,[1 1],[1. 0.],0,0,[0.6 0.6],1.0,0.0,1.0
1580,0.0,1,791.0,1,1581,1,False,0.0,0,1.0,[1 1],[1. 0.],0,0,[0.6 0.6],1.0,0.0,1.0
1581,1.0,1,791.0,0,1582,0,False,1.0,1,0.0,[2 1],[0. 1.],1,1,[0.6 0.6],1.0,0.0,1.0
1582,0.0,1,792.0,1,1583,1,False,0.0,0,2.0,[2 1],[0. 1.],1,1,[0.6 0.6],1.0,0.0,1.0
1583,1.0,1,792.0,0,1584,0,False,2.0,1,0.0,[2 1],[0. 1.],1,1,[0.6 0.6],1.0,0.0,1.0
1584,0.0,1,793.0,1,1585,1,False,0.0,0,2.0,[2 1],[0. 1.],1,1,[0.6 0.6],1.0,0.0,1.0
1585,1.0,1,793.0,0,1586,0,False,2.0,1,0.0,[1 1],[0. 1.],1,1,[0.6 0.6],1.0,0.0,1.0
1586,0.0,1,794.0,1,1587,1,False,0.0,0,2.0,[1 1],[0. 1.],1,1,[0.6 0.6],1.0,0.0,1.0
1587,0.0,1,794.0,0,1588,0,False,2.0,1,0.0,[2 2],[0. 1.],0,1,[0.6 0.6],1.0,0.0,1.0
1588,0.0,1,795.0,1,1589,1,False,0.0,0,1.0,[2 2],[0. 1.],0,1,[0.6 0.6],1.0,0.0,1.0
1589,1.0,1,795.0,0,1590,0,False,1.0,1,0.0,[2 1],[1. 0.],0,0,[0.6 0.6],1.0,0.0,1.0
1590,0.0,1,796.0,1,1591,1,False,0.0,0,1.0,[2 1],[1. 0.],0,0,[0.6 0.6],1.0,0.0,1.0
1591,0.0,1,796.0,0,1592,0,False,1.0,1,0.0,[2 2],[1. 0.],1,0,[0.6 0.6],1.0,0.0,1.0
1592,0.0,1,797.0,1,1593,1,False,0.0,0,2.0,[2 2],[1. 0.],1,0,[0.6 0.6],1.0,0.0,1.0
1593,0.0,1,797.0,0,1594,0,False,2.0,1,0.0,[2 1],[1. 0.],1,0,[0.6 0.6],1.0,0.0,1.0
1594,0.0,1,798.0,1,1595,1,False,0.0,0,2.0,[2 1],[1. 0.],1,0,[0.6 0.6],1.0,0.0,1.0
1595,0.0,1,798.0,0,1596,0,False,2.0,1,0.0,[1 1],[1. 0.],1,0,[0.6 0.6],1.0,0.0,1.0
1596,0.0,1,799.0,2,1597,1,False,0.0,0,2.0,[1 1],[1. 0.],1,0,[0.6 0.6],1.0,0.0,1.0
1597,1.0,1,799.0,0,1598,0,False,2.0,1,0.0,[2 2],[1. 0.],0,0,[0.6 0.6],1.0,0.0,1.0
1598,0.0,1,800.0,2,1599,1,False,0.0,0,1.0,[2 2],[1. 0.],0,0,[0.6 0.6],1.0,0.0,1.0
1599,0.0,1,800.0,0,1600,0,False,1.0,1,0.0,[2 1],[1. 0.],1,0,[0.6 0.6],1.0,0.0,1.0
1600,0.0,1,801.0,2,1601,1,False,0.0,0,2.0,[2 1],[1. 0.],1,0,[0.6 0.6],1.0,0.0,1.0
1601,1.0,1,801.0,0,1602,0,False,2.0,1,0.0,[1 1],[1. 0.],0,0,[0.6 0.6],1.0,0.0,1.0
1602,0.0,1,802.0,2,1603,1,False,0.0,0,1.0,[1 1],[1. 0.],0,0,[0.6 0.6],1.0,0.0,1.0
1603,1.0,1,802.0,0,1604,0,False,1.0,1,0.0,[2 1],[1. 0.],0,0,[0.6 0.6],1.0,0.0,1.0
1604,0.0,1,803.0,2,1605,1,False,0.0,0,1.0,[2 1],[1. 0.],0,0,[0.6 0.6],1.0,0.0,1.0
1605,1.0,1,803.0,0,1606,0,False,1.0,1,0.0,[1 1],[1. 0.],0,0,[0.6 0.6],1.0,0.0,1.0
1606,0.0,1,804.0,2,1607,1,False,0.0,0,1.0,[1 1],[1. 0.],0,0,[0.6 0.6],1.0,0.0,1.0
1607,1.0,1,804.0,0,1608,0,False,1.0,1,0.0,[1 2],[1. 0.],1,0,[0.6 0.6],1.0,0.0,1.0
1608,0.0,1,805.0,2,1609,1,False,0.0,0,2.0,[1 2],[1. 0.],1,0,[0.6 0.6],1.0,0.0,1.0
1609,0.0,1,805.0,0,1610,0,False,2.0,1,0.0,[2 1],[1. 0.],1,0,[0.6 0.6],1.0,0.0,1.0
1610,0.0,1,806.0,2,1611,1,False,0.0,0,2.0,[2 1],[1. 0.],1,0,[0.6 0.6],1.0,0.0,1.0
1611,1.0,1,806.0,0,1612,0,False,2.0,1,0.0,[2 2],[1. 0.],0,0,[0.6 0.6],1.0,0.0,1.0
1612,0.0,1,807.0,2,1613,1,False,0.0,0,1.0,[2 2],[1. 0.],0,0,[0.6 0.6],1.0,0.0,1.0
1613,0.0,1,807.0,0,1614,0,False,1.0,1,0.0,[2 1],[1. 0.],1,0,[0.6 0.6],1.0,0.0,1.0
1614,0.0,1,808.0,2,1615,1,False,0.0,0,2.0,[2 1],[1. 0.],1,0,[0.6 0.6],1.0,0.0,1.0
1615,1.0,1,808.0,0,1616,0,False,2.0,1,0.0,[1 1],[1. 0.],0,0,[0.6 0.6],1.0,0.0,1.0
1616,0.0,1,809.0,2,1617,1,False,0.0,0,1.0,[1 1],[1. 0.],0,0,[0.6 0.6],1.0,0.0,1.0
1617,1.0,1,809.0,0,1618,0,False,1.0,1,0.0,[2 2],[1. 0.],0,0,[0.6 0.6],1.0,0.0,1.0
1618,0.0,1,810.0,2,1619,1,False,0.0,0,1.0,[2 2],[1. 0.],0,0,[0.6 0.6],1.0,0.0,1.0
1619,0.0,1,810.0,0,1620,0,False,1.0,1,0.0,[1 2],[1. 0.],1,0,[0.6 0.6],1.0,0.0,1.0
1620,0.0,1,811.0,2,1621,1,False,0.0,0,2.0,[1 2],[1. 0.],1,0,[0.6 0.6],1.0,0.0,1.0
1621,0.0,1,811.0,0,1622,0,False,2.0,1,0.0,[1 2],[1. 0.],0,0,[0.6 0.6],1.0,0.0,1.0
1622,0.0,1,812.0,2,1623,1,False,0.0,0,1.0,[1 2],[1. 0.],0,0,[0.6 0.6],1.0,0.0,1.0
1623,0.0,1,812.0,0,1624,0,False,1.0,1,0.0,[2 2],[1. 0.],0,0,[0.6 0.6],1.0,0.0,1.0
1624,0.0,1,813.0,2,1625,1,False,0.0,0,1.0,[2 2],[1. 0.],0,0,[0.6 0.6],1.0,0.0,1.0
1625,0.0,1,813.0,0,1626,0,False,1.0,1,0.0,[1 2],[1. 0.],0,0,[0.6 0.6],1.0,0.0,1.0
1626,0.0,1,814.0,2,1627,1,False,0.0,0,1.0,[1 2],[1. 0.],0,0,[0.6 0.6],1.0,0.0,1.0
1627,0.0,1,814.0,0,1628,0,False,1.0,1,0.0,[2 2],[1. 0.],0,0,[0.6 0.6],1.0,0.0,1.0
1628,0.0,1,815.0,1,1629,1,False,0.0,0,1.0,[2 2],[1. 0.],0,0,[0.6 0.6],1.0,0.0,1.0
1629,0.0,1,815.0,0,1630,0,False,1.0,1,0.0,[1 2],[1. 0.],1,0,[0.6 0.6],1.0,0.0,1.0
1630,0.0,1,816.0,2,1631,1,False,0.0,0,2.0,[1 2],[1. 0.],1,0,[0.6 0.6],1.0,0.0,1.0
1631,0.0,1,816.0,0,1632,0,False,2.0,1,0.0,[2 2],[1. 0.],0,0,[0.6 0.6],1.0,0.0,1.0
1632,0.0,1,817.0,1,1633,1,False,0.0,0,1.0,[2 2],[1. 0.],0,0,[0.6 0.6],1.0,0.0,1.0
1633,0.0,1,817.0,0,1634,0,False,1.0,1,0.0,[1 2],[1. 0.],0,0,[0.6 0.6],1.0,0.0,1.0
1634,0.0,1,818.0,2,1635,1,False,0.0,0,1.0,[1 2],[1. 0.],0,0,[0.6 0.6],1.0,0.0,1.0
1635,0.0,1,818.0,0,1636,0,False,1.0,1,0.0,[2 2],[1. 0.],0,0,[0.6 0.6],1.0,0.0,1.0
1636,0.0,1,819.0,1,1637,1,False,0.0,0,1.0,[2 2],[1. 0.],0,0,[0.6 0.6],1.0,0.0,1.0
1637,0.0,1,819.0,0,1638,0,False,1.0,1,0.0,[1 1],[1. 0.],0,0,[0.6 0.6],1.0,0.0,1.0
1638,0.0,1,820.0,2,1639,1,False,0.0,0,1.0,[1 1],[1. 0.],0,0,[0.6 0.6],1.0,0.0,1.0
1639,1.0,1,820.0,0,1640,0,False,1.0,1,0.0,[1 1],[1. 0.],1,0,[0.6 0.6],1.0,0.0,1.0
1640,0.0,1,821.0,2,1641,1,False,0.0,0,2.0,[1 1],[1. 0.],1,0,[0.6 0.6],1.0,0.0,1.0
1641,1.0,1,821.0,0,1642,0,False,2.0,1,0.0,[1 2],[1. 0.],1,0,[0.6 0.6],1.0,0.0,1.0
1642,0.0,1,822.0,2,1643,1,False,0.0,0,2.0,[1 2],[1. 0.],1,0,[0.6 0.6],1.0,0.0,1.0
1643,0.0,1,822.0,0,1644,0,False,2.0,1,0.0,[1 2],[1. 0.],0,0,[0.6 0.6],1.0,0.0,1.0
1644,0.0,1,823.0,2,1645,1,False,0.0,0,1.0,[1 2],[1. 0.],0,0,[0.6 0.6],1.0,0.0,1.0
1645,0.0,1,823.0,0,1646,0,False,1.0,1,0.0,[1 1],[1. 0.],0,0,[0.6 0.6],1.0,0.0,1.0
1646,0.0,1,824.0,2,1647,1,False,0.0,0,1.0,[1 1],[1. 0.],0,0,[0.6 0.6],1.0,0.0,1.0
1647,1.0,1,824.0,0,1648,0,False,1.0,1,0.0,[1 2],[1. 0.],0,0,[0.6 0.6],1.0,0.0,1.0
1648,0.0,1,825.0,2,1649,1,False,0.0,0,1.0,[1 2],[1. 0.],0,0,[0.6 0.6],1.0,0.0,1.0
1649,0.0,1,825.0,0,1650,0,False,1.0,1,0.0,[2 1],[1. 0.],1,0,[0.6 0.6],1.0,0.0,1.0
1650,0.0,1,826.0,2,1651,1,False,0.0,0,2.0,[2 1],[1. 0.],1,0,[0.6 0.6],1.0,0.0,1.0
1651,1.0,1,826.0,0,1652,0,False,2.0,1,0.0,[1 2],[1. 0.],0,0,[0.6 0.6],1.0,0.0,1.0
1652,0.0,1,827.0,2,1653,1,False,0.0,0,1.0,[1 2],[1. 0.],0,0,[0.6 0.6],1.0,0.0,1.0
1653,0.0,1,827.0,0,1654,0,False,1.0,1,0.0,[1 2],[1. 0.],0,0,[0.6 0.6],1.0,0.0,1.0
1654,0.0,1,828.0,2,1655,1,False,0.0,0,1.0,[1 2],[1. 0.],0,0,[0.6 0.6],1.0,0.0,1.0
1655,0.0,1,828.0,0,1656,0,False,1.0,1,0.0,[1 1],[1. 0.],1,0,[0.6 0.6],1.0,0.0,1.0
1656,0.0,1,829.0,2,1657,1,False,0.0,0,2.0,[1 1],[1. 0.],1,0,[0.6 0.6],1.0,0.0,1.0
1657,1.0,1,829.0,0,1658,0,False,2.0,1,0.0,[1 2],[1. 0.],0,0,[0.6 0.6],1.0,0.0,1.0
1658,0.0,1,830.0,2,1659,1,False,0.0,0,1.0,[1 2],[1. 0.],0,0,[0.6 0.6],1.0,0.0,1.0
1659,0.0,1,830.0,0,1660,0,False,1.0,1,0.0,[2 2],[1. 0.],0,0,[0.6 0.6],1.0,0.0,1.0
1660,0.0,1,831.0,2,1661,1,False,0.0,0,1.0,[2 2],[1. 0.],0,0,[0.6 0.6],1.0,0.0,1.0
1661,0.0,1,831.0,0,1662,0,False,1.0,1,0.0,[1 2],[1. 0.],1,0,[0.6 0.6],1.0,0.0,1.0
1662,0.0,1,832.0,1,1663,1,False,0.0,0,2.0,[1 2],[1. 0.],1,0,[0.6 0.6],1.0,0.0,1.0
1663,1.0,1,832.0,0,1664,0,False,2.0,1,0.0,[2 2],[1. 0.],0,0,[0.6 0.6],1.0,0.0,1.0
1664,0.0,1,833.0,1,1665,1,False,0.0,0,1.0,[2 2],[1. 0.],0,0,[0.6 0.6],1.0,0.0,1.0
1665,0.0,1,833.0,0,1666,0,False,1.0,1,0.0,[2 2],[1. 0.],0,0,[0.6 0.6],1.0,0.0,1.0
1666,0.0,1,834.0,1,1667,1,False,0.0,0,1.0,[2 2],[1. 0.],0,0,[0.6 0.6],1.0,0.0,1.0
1667,0.0,1,834.0,0,1668,0,False,1.0,1,0.0,[2 1],[1. 0.],1,0,[0.6 0.6],1.0,0.0,1.0
1668,0.0,1,835.0,2,1669,1,False,0.0,0,2.0,[2 1],[1. 0.],1,0,[0.6 0.6],1.0,0.0,1.0
1669,1.0,1,835.0,0,1670,0,False,2.0,1,0.0,[1 2],[1. 0.],0,0,[0.6 0.6],1.0,0.0,1.0
1670,0.0,1,836.0,2,1671,1,False,0.0,0,1.0,[1 2],[1. 0.],0,0,[0.6 0.6],1.0,0.0,1.0
1671,0.0,1,836.0,0,1672,0,False,1.0,1,0.0,[1 1],[1. 0.],1,0,[0.6 0.6],1.0,0.0,1.0
1672,0.0,1,837.0,2,1673,1,False,0.0,0,2.0,[1 1],[1. 0.],1,0,[0.6 0.6],1.0,0.0,1.0
1673,1.0,1,837.0,0,1674,0,False,2.0,1,0.0,[2 1],[1. 0.],0,0,[0.6 0.6],1.0,0.0,1.0
1674,0.0,1,838.0,2,1675,1,False,0.0,0,1.0,[2 1],[1. 0.],0,0,[0.6 0.6],1.0,0.0,1.0
1675,1.0,1,838.0,0,1676,0,False,1.0,1,0.0,[1 2],[1. 0.],1,0,[0.6 0.6],1.0,0.0,1.0
1676,0.0,1,839.0,2,1677,1,False,0.0,0,2.0,[1 2],[1. 0.],1,0,[0.6 0.6],1.0,0.0,1.0
1677,0.0,1,839.0,0,1678,0,False,2.0,1,0.0,[2 2],[1. 0.],1,0,[0.6 0.6],1.0,0.0,1.0
1678,0.0,1,840.0,2,1679,1,False,0.0,0,2.0,[2 2],[1. 0.],1,0,[0.6 0.6],1.0,0.0,1.0
1679,0.0,1,840.0,0,1680,0,False,2.0,1,0.0,[1 1],[1. 0.],0,0,[0.6 0.6],1.0,0.0,1.0
1680,0.0,1,841.0,2,1681,1,False,0.0,0,1.0,[1 1],[1. 0.],0,0,[0.6 0.6],1.0,0.0,1.0
1681,1.0,1,841.0,0,1682,0,False,1.0,1,0.0,[2 1],[0. 1.],1,1,[0.6 0.6],1.0,0.0,1.0
1682,0.0,1,842.0,2,1683,1,False,0.0,0,2.0,[2 1],[0. 1.],1,1,[0.6 0.6],1.0,0.0,1.0
1683,0.0,1,842.0,0,1684,0,False,2.0,1,0.0,[1 1],[0. 1.],0,1,[0.6 0.6],1.0,0.0,1.0
1684,0.0,1,843.0,2,1685,1,False,0.0,0,1.0,[1 1],[0. 1.],0,1,[0.6 0.6],1.0,0.0,1.0
1685,0.0,1,843.0,0,1686,0,False,1.0,1,0.0,[1 1],[0. 1.],1,1,[0.6 0.6],1.0,0.0,1.0
1686,0.0,1,844.0,2,1687,1,False,0.0,0,2.0,[1 1],[0. 1.],1,1,[0.6 0.6],1.0,0.0,1.0
1687,0.0,1,844.0,0,1688,0,False,2.0,1,0.0,[1 1],[0. 1.],0,1,[0.6 0.6],1.0,0.0,1.0
1688,0.0,1,845.0,1,1689,1,False,0.0,0,1.0,[1 1],[0. 1.],0,1,[0.6 0.6],1.0,0.0,1.0
1689,0.0,1,845.0,0,1690,0,False,1.0,1,0.0,[1 2],[0. 1.],1,1,[0.6 0.6],1.0,0.0,1.0
1690,0.0,1,846.0,2,1691,1,False,0.0,0,2.0,[1 2],[0. 1.],1,1,[0.6 0.6],1.0,0.0,1.0
1691,1.0,1,846.0,0,1692,0,False,2.0,1,0.0,[1 2],[0. 1.],1,1,[0.6 0.6],1.0,0.0,1.0
1692,0.0,1,847.0,2,1693,1,False,0.0,0,2.0,[1 2],[0. 1.],1,1,[0.6 0.6],1.0,0.0,1.0
1693,1.0,1,847.0,0,1694,0,False,2.0,1,0.0,[1 1],[0. 1.],0,1,[0.6 0.6],1.0,0.0,1.0
1694,0.0,1,848.0,2,1695,1,False,0.0,0,1.0,[1 1],[0. 1.],0,1,[0.6 0.6],1.0,0.0,1.0
1695,0.0,1,848.0,0,1696,0,False,1.0,1,0.0,[2 2],[0. 1.],1,1,[0.6 0.6],1.0,0.0,1.0
1696,0.0,1,849.0,2,1697,1,False,0.0,0,2.0,[2 2],[0. 1.],1,1,[0.6 0.6],1.0,0.0,1.0
1697,1.0,1,849.0,0,1698,0,False,2.0,1,0.0,[2 2],[0. 1.],0,1,[0.6 0.6],1.0,0.0,1.0
1698,0.0,1,850.0,2,1699,1,False,0.0,0,1.0,[2 2],[0. 1.],0,1,[0.6 0.6],1.0,0.0,1.0
1699,1.0,1,850.0,0,1700,0,False,1.0,1,0.0,[1 1],[0. 1.],0,1,[0.6 0.6],1.0,0.0,1.0
1700,0.0,1,851.0,2,1701,1,False,0.0,0,1.0,[1 1],[0. 1.],0,1,[0.6 0.6],1.0,0.0,1.0
1701,0.0,1,851.0,0,1702,0,False,1.0,1,0.0,[1 2],[0. 1.],0,1,[0.6 0.6],1.0,0.0,1.0
1702,0.0,1,852.0,2,1703,1,False,0.0,0,1.0,[1 2],[0. 1.],0,1,[0.6 0.6],1.0,0.0,1.0
1703,1.0,1,852.0,0,1704,0,False,1.0,1,0.0,[2 2],[0. 1.],0,1,[0.6 0.6],1.0,0.0,1.0
1704,0.0,1,853.0,2,1705,1,False,0.0,0,1.0,[2 2],[0. 1.],0,1,[0.6 0.6],1.0,0.0,1.0
1705,1.0,1,853.0,0,1706,0,False,1.0,1,0.0,[2 1],[0. 1.],1,1,[0.6 0.6],1.0,0.0,1.0
1706,0.0,1,854.0,2,1707,1,False,0.0,0,2.0,[2 1],[0. 1.],1,1,[0.6 0.6],1.0,0.0,1.0
1707,0.0,1,854.0,0,1708,0,False,2.0,1,0.0,[2 2],[0. 1.],0,1,[0.6 0.6],1.0,0.0,1.0
1708,0.0,1,855.0,2,1709,1,False,0.0,0,1.0,[2 2],[0. 1.],0,1,[0.6 0.6],1.0,0.0,1.0
1709,1.0,1,855.0,0,1710,0,False,1.0,1,0.0,[2 2],[0. 1.],0,1,[0.6 0.6],1.0,0.0,1.0
1710,0.0,1,856.0,2,1711,1,False,0.0,0,1.0,[2 2],[0. 1.],0,1,[0.6 0.6],1.0,0.0,1.0
1711,1.0,1,856.0,0,1712,0,False,1.0,1,0.0,[2 2],[0. 1.],1,1,[0.6 0.6],1.0,0.0,1.0
1712,0.0,1,857.0,2,1713,1,False,0.0,0,2.0,[2 2],[0. 1.],1,1,[0.6 0.6],1.0,0.0,1.0
1713,1.0,1,857.0,0,1714,0,False,2.0,1,0.0,[2 1],[0. 1.],0,1,[0.6 0.6],1.0,0.0,1.0
1714,0.0,1,858.0,2,1715,1,False,0.0,0,1.0,[2 1],[0. 1.],0,1,[0.6 0.6],1.0,0.0,1.0
1715,0.0,1,858.0,0,1716,0,False,1.0,1,0.0,[1 2],[0. 1.],0,1,[0.6 0.6],1.0,0.0,1.0
1716,0.0,1,859.0,2,1717,1,False,0.0,0,1.0,[1 2],[0. 1.],0,1,[0.6 0.6],1.0,0.0,1.0
1717,1.0,1,859.0,0,1718,0,False,1.0,1,0.0,[2 1],[0. 1.],1,1,[0.6 0.6],1.0,0.0,1.0
1718,0.0,1,860.0,2,1719,1,False,0.0,0,2.0,[2 1],[0. 1.],1,1,[0.6 0.6],1.0,0.0,1.0
1719,0.0,1,860.0,0,1720,0,False,2.0,1,0.0,[2 1],[0. 1.],0,1,[0.6 0.6],1.0,0.0,1.0
1720,0.0,1,861.0,2,1721,1,False,0.0,0,1.0,[2 1],[0. 1.],0,1,[0.6 0.6],1.0,0.0,1.0
1721,0.0,1,861.0,0,1722,0,False,1.0,1,0.0,[2 1],[0. 1.],1,1,[0.6 0.6],1.0,0.0,1.0
1722,0.0,1,862.0,2,1723,1,False,0.0,0,2.0,[2 1],[0. 1.],1,1,[0.6 0.6],1.0,0.0,1.0
1723,0.0,1,862.0,0,1724,0,False,2.0,1,0.0,[2 2],[0. 1.],1,1,[0.6 0.6],1.0,0.0,1.0
1724,0.0,1,863.0,1,1725,1,False,0.0,0,2.0,[2 2],[0. 1.],1,1,[0.6 0.6],1.0,0.0,1.0
1725,1.0,1,863.0,0,1726,0,False,2.0,1,0.0,[1 2],[0. 1.],1,1,[0.6 0.6],1.0,0.0,1.0
1726,0.0,1,864.0,1,1727,1,False,0.0,0,2.0,[1 2],[0. 1.],1,1,[0.6 0.6],1.0,0.0,1.0
1727,0.0,1,864.0,0,1728,0,False,2.0,1,0.0,[2 1],[0. 1.],1,1,[0.6 0.6],1.0,0.0,1.0
1728,0.0,1,865.0,2,1729,1,False,0.0,0,2.0,[2 1],[0. 1.],1,1,[0.6 0.6],1.0,0.0,1.0
1729,0.0,1,865.0,0,1730,0,False,2.0,1,0.0,[1 2],[0. 1.],1,1,[0.6 0.6],1.0,0.0,1.0
1730,0.0,1,866.0,1,1731,1,False,0.0,0,2.0,[1 2],[0. 1.],1,1,[0.6 0.6],1.0,0.0,1.0
1731,0.0,1,866.0,0,1732,0,False,2.0,1,0.0,[2 1],[0. 1.],1,1,[0.6 0.6],1.0,0.0,1.0
1732,0.0,1,867.0,2,1733,1,False,0.0,0,2.0,[2 1],[0. 1.],1,1,[0.6 0.6],1.0,0.0,1.0
1733,0.0,1,867.0,0,1734,0,False,2.0,1,0.0,[1 2],[0. 1.],1,1,[0.6 0.6],1.0,0.0,1.0
1734,0.0,1,868.0,1,1735,1,False,0.0,0,2.0,[1 2],[0. 1.],1,1,[0.6 0.6],1.0,0.0,1.0
1735,0.0,1,868.0,0,1736,0,False,2.0,1,0.0,[2 2],[0. 1.],0,1,[0.6 0.6],1.0,0.0,1.0
1736,0.0,1,869.0,2,1737,1,False,0.0,0,1.0,[2 2],[0. 1.],0,1,[0.6 0.6],1.0,0.0,1.0
1737,1.0,1,869.0,0,1738,0,False,1.0,1,0.0,[2 1],[0. 1.],0,1,[0.6 0.6],1.0,0.0,1.0
1738,0.0,1,870.0,2,1739,1,False,0.0,0,1.0,[2 1],[0. 1.],0,1,[0.6 0.6],1.0,0.0,1.0
1739,0.0,1,870.0,0,1740,0,False,1.0,1,0.0,[1 2],[0. 1.],0,1,[0.6 0.6],1.0,0.0,1.0
1740,0.0,1,871.0,2,1741,1,False,0.0,0,1.0,[1 2],[0. 1.],0,1,[0.6 0.6],1.0,0.0,1.0
1741,1.0,1,871.0,0,1742,0,False,1.0,1,0.0,[1 1],[0. 1.],0,1,[0.6 0.6],1.0,0.0,1.0
1742,0.0,1,872.0,2,1743,1,False,0.0,0,1.0,[1 1],[0. 1.],0,1,[0.6 0.6],1.0,0.0,1.0
1743,0.0,1,872.0,0,1744,0,False,1.0,1,0.0,[2 1],[0. 1.],0,1,[0.6 0.6],1.0,0.0,1.0
1744,0.0,1,873.0,2,1745,1,False,0.0,0,1.0,[2 1],[0. 1.],0,1,[0.6 0.6],1.0,0.0,1.0
1745,0.0,1,873.0,0,1746,0,False,1.0,1,0.0,[2 1],[0. 1.],0,1,[0.6 0.6],1.0,0.0,1.0
1746,0.0,1,874.0,2,1747,1,False,0.0,0,1.0,[2 1],[0. 1.],0,1,[0.6 0.6],1.0,0.0,1.0
1747,0.0,1,874.0,0,1748,0,False,1.0,1,0.0,[2 2],[0. 1.],1,1,[0.6 0.6],1.0,0.0,1.0
1748,0.0,1,875.0,2,1749,1,False,0.0,0,2.0,[2 2],[0. 1.],1,1,[0.6 0.6],1.0,0.0,1.0
1749,1.0,1,875.0,0,1750,0,False,2.0,1,0.0,[2 2],[0. 1.],0,1,[0.6 0.6],1.0,0.0,1.0
1750,0.0,1,876.0,2,1751,1,False,0.0,0,1.0,[2 2],[0. 1.],0,1,[0.6 0.6],1.0,0.0,1.0
1751,1.0,1,876.0,0,1752,0,False,1.0,1,0.0,[2 1],[0. 1.],1,1,[0.6 0.6],1.0,0.0,1.0
1752,0.0,1,877.0,2,1753,1,False,0.0,0,2.0,[2 1],[0. 1.],1,1,[0.6 0.6],1.0,0.0,1.0
1753,0.0,1,877.0,0,1754,0,False,2.0,1,0.0,[2 1],[0. 1.],0,1,[0.6 0.6],1.0,0.0,1.0
1754,0.0,1,878.0,2,1755,1,False,0.0,0,1.0,[2 1],[0. 1.],0,1,[0.6 0.6],1.0,0.0,1.0
1755,0.0,1,878.0,0,1756,0,False,1.0,1,0.0,[2 1],[0. 1.],1,1,[0.6 0.6],1.0,0.0,1.0
1756,0.0,1,879.0,2,1757,1,False,0.0,0,2.0,[2 1],[0. 1.],1,1,[0.6 0.6],1.0,0.0,1.0
1757,0.0,1,879.0,0,1758,0,False,2.0,1,0.0,[2 1],[0. 1.],1,1,[0.6 0.6],1.0,0.0,1.0
1758,0.0,1,880.0,1,1759,1,False,0.0,0,2.0,[2 1],[0. 1.],1,1,[0.6 0.6],1.0,0.0,1.0
1759,1.0,1,880.0,0,1760,0,False,2.0,1,0.0,[2 2],[0. 1.],0,1,[0.6 0.6],1.0,0.0,1.0
1760,0.0,1,881.0,1,1761,1,False,0.0,0,1.0,[2 2],[0. 1.],0,1,[0.6 0.6],1.0,0.0,1.0
1761,1.0,1,881.0,0,1762,0,False,1.0,1,0.0,[2 2],[0. 1.],0,1,[0.6 0.6],1.0,0.0,1.0
1762,0.0,1,882.0,1,1763,1,False,0.0,0,1.0,[2 2],[0. 1.],0,1,[0.6 0.6],1.0,0.0,1.0
1763,1.0,1,882.0,0,1764,0,False,1.0,1,0.0,[1 1],[0. 1.],0,1,[0.6 0.6],1.0,0.0,1.0
1764,0.0,1,883.0,1,1765,1,False,0.0,0,1.0,[1 1],[0. 1.],0,1,[0.6 0.6],1.0,0.0,1.0
1765,0.0,1,883.0,0,1766,0,False,1.0,1,0.0,[2 2],[0. 1.],0,1,[0.6 0.6],1.0,0.0,1.0
1766,0.0,1,884.0,1,1767,1,False,0.0,0,1.0,[2 2],[0. 1.],0,1,[0.6 0.6],1.0,0.0,1.0
1767,1.0,1,884.0,0,1768,0,False,1.0,1,0.0,[2 1],[0. 1.],1,1,[0.6 0.6],1.0,0.0,1.0
1768,0.0,1,885.0,1,1769,1,False,0.0,0,2.0,[2 1],[0. 1.],1,1,[0.6 0.6],1.0,0.0,1.0
1769,1.0,1,885.0,0,1770,0,False,2.0,1,0.0,[1 1],[0. 1.],1,1,[0.6 0.6],1.0,0.0,1.0
1770,0.0,1,886.0,1,1771,1,False,0.0,0,2.0,[1 1],[0. 1.],1,1,[0.6 0.6],1.0,0.0,1.0
1771,0.0,1,886.0,0,1772,0,False,2.0,1,0.0,[1 2],[0. 1.],0,1,[0.6 0.6],1.0,0.0,1.0
1772,0.0,1,887.0,1,1773,1,False,0.0,0,1.0,[1 2],[0. 1.],0,1,[0.6 0.6],1.0,0.0,1.0
1773,0.0,1,887.0,0,1774,0,False,1.0,1,0.0,[2 1],[0. 1.],0,1,[0.6 0.6],1.0,0.0,1.0
1774,0.0,1,888.0,1,1775,1,False,0.0,0,1.0,[2 1],[0. 1.],0,1,[0.6 0.6],1.0,0.0,1.0
1775,1.0,1,888.0,0,1776,0,False,1.0,1,0.0,[2 1],[0. 1.],1,1,[0.6 0.6],1.0,0.0,1.0
1776,0.0,1,889.0,1,1777,1,False,0.0,0,2.0,[2 1],[0. 1.],1,1,[0.6 0.6],1.0,0.0,1.0
1777,1.0,1,889.0,0,1778,0,False,2.0,1,0.0,[2 1],[0. 1.],0,1,[0.6 0.6],1.0,0.0,1.0
1778,0.0,1,890.0,1,1779,1,False,0.0,0,1.0,[2 1],[0. 1.],0,1,[0.6 0.6],1.0,0.0,1.0
1779,1.0,1,890.0,0,1780,0,False,1.0,1,0.0,[1 1],[0. 1.],1,1,[0.6 0.6],1.0,0.0,1.0
1780,0.0,1,891.0,1,1781,1,False,0.0,0,2.0,[1 1],[0. 1.],1,1,[0.6 0.6],1.0,0.0,1.0
1781,0.0,1,891.0,0,1782,0,False,2.0,1,0.0,[2 2],[0. 1.],1,1,[0.6 0.6],1.0,0.0,1.0
1782,0.0,1,892.0,1,1783,1,False,0.0,0,2.0,[2 2],[0. 1.],1,1,[0.6 0.6],1.0,0.0,1.0
1783,1.0,1,892.0,0,1784,0,False,2.0,1,0.0,[1 1],[0. 1.],0,1,[0.6 0.6],1.0,0.0,1.0
1784,0.0,1,893.0,1,1785,1,False,0.0,0,1.0,[1 1],[0. 1.],0,1,[0.6 0.6],1.0,0.0,1.0
1785,0.0,1,893.0,0,1786,0,False,1.0,1,0.0,[2 2],[0. 1.],1,1,[0.6 0.6],1.0,0.0,1.0
1786,0.0,1,894.0,1,1787,1,False,0.0,0,2.0,[2 2],[0. 1.],1,1,[0.6 0.6],1.0,0.0,1.0
1787,1.0,1,894.0,0,1788,0,False,2.0,1,0.0,[2 1],[0. 1.],1,1,[0.6 0.6],1.0,0.0,1.0
1788,0.0,1,895.0,1,1789,1,False,0.0,0,2.0,[2 1],[0. 1.],1,1,[0.6 0.6],1.0,0.0,1.0
1789,1.0,1,895.0,0,1790,0,False,2.0,1,0.0,[2 1],[0. 1.],0,1,[0.6 0.6],1.0,0.0,1.0
1790,0.0,1,896.0,1,1791,1,False,0.0,0,1.0,[2 1],[0. 1.],0,1,[0.6 0.6],1.0,0.0,1.0
1791,1.0,1,896.0,0,1792,0,False,1.0,1,0.0,[2 1],[0. 1.],1,1,[0.6 0.6],1.0,0.0,1.0
1792,0.0,1,897.0,1,1793,1,False,0.0,0,2.0,[2 1],[0. 1.],1,1,[0.6 0.6],1.0,0.0,1.0
1793,1.0,1,897.0,0,1794,0,False,2.0,1,0.0,[1 1],[0. 1.],0,1,[0.6 0.6],1.0,0.0,1.0
1794,0.0,1,898.0,1,1795,1,False,0.0,0,1.0,[1 1],[0. 1.],0,1,[0.6 0.6],1.0,0.0,1.0
1795,0.0,1,898.0,0,1796,0,False,1.0,1,0.0,[1 2],[0. 1.],0,1,[0.6 0.6],1.0,0.0,1.0
1796,0.0,1,899.0,1,1797,1,False,0.0,0,1.0,[1 2],[0. 1.],0,1,[0.6 0.6],1.0,0.0,1.0
1797,0.0,1,899.0,0,1798,0,False,1.0,1,0.0,[1 1],[0. 1.],1,1,[0.6 0.6],1.0,0.0,1.0
1798,0.0,1,900.0,1,1799,1,False,0.0,0,2.0,[1 1],[0. 1.],1,1,[0.6 0.6],1.0,0.0,1.0
1799,0.0,1,900.0,0,1800,0,False,2.0,1,0.0,[1 1],[0. 1.],0,1,[0.6 0.6],1.0,0.0,1.0
1800,0.0,1,901.0,1,1801,1,False,0.0,0,1.0,[1 1],[0. 1.],0,1,[0.6 0.6],1.0,0.0,1.0
1801,0.0,1,901.0,0,1802,0,False,1.0,1,0.0,[2 1],[0. 1.],1,1,[0.6 0.6],1.0,0.0,1.0
1802,0.0,1,902.0,1,1803,1,False,0.0,0,2.0,[2 1],[0. 1.],1,1,[0.6 0.6],1.0,0.0,1.0
1803,1.0,1,902.0,0,1804,0,False,2.0,1,0.0,[2 2],[0. 1.],1,1,[0.6 0.6],1.0,0.0,1.0
1804,0.0,1,903.0,1,1805,1,False,0.0,0,2.0,[2 2],[0. 1.],1,1,[0.6 0.6],1.0,0.0,1.0
1805,1.0,1,903.0,0,1806,0,False,2.0,1,0.0,[1 2],[0. 1.],1,1,[0.6 0.6],1.0,0.0,1.0
1806,0.0,1,904.0,1,1807,1,False,0.0,0,2.0,[1 2],[0. 1.],1,1,[0.6 0.6],1.0,0.0,1.0
1807,0.0,1,904.0,0,1808,0,False,2.0,1,0.0,[1 1],[0. 1.],0,1,[0.6 0.6],1.0,0.0,1.0
1808,0.0,1,905.0,1,1809,1,False,0.0,0,1.0,[1 1],[0. 1.],0,1,[0.6 0.6],1.0,0.0,1.0
1809,0.0,1,905.0,0,1810,0,False,1.0,1,0.0,[2 1],[0. 1.],0,1,[0.6 0.6],1.0,0.0,1.0
1810,0.0,1,906.0,1,1811,1,False,0.0,0,1.0,[2 1],[0. 1.],0,1,[0.6 0.6],1.0,0.0,1.0
1811,1.0,1,906.0,0,1812,0,False,1.0,1,0.0,[1 2],[0. 1.],1,1,[0.6 0.6],1.0,0.0,1.0
1812,0.0,1,907.0,1,1813,1,False,0.0,0,2.0,[1 2],[0. 1.],1,1,[0.6 0.6],1.0,0.0,1.0
1813,0.0,1,907.0,0,1814,0,False,2.0,1,0.0,[1 2],[0. 1.],0,1,[0.6 0.6],1.0,0.0,1.0
1814,0.0,1,908.0,1,1815,1,False,0.0,0,1.0,[1 2],[0. 1.],0,1,[0.6 0.6],1.0,0.0,1.0
1815,0.0,1,908.0,0,1816,0,False,1.0,1,0.0,[2 1],[0. 1.],0,1,[0.6 0.6],1.0,0.0,1.0
1816,0.0,1,909.0,2,1817,1,False,0.0,0,1.0,[2 1],[0. 1.],0,1,[0.6 0.6],1.0,0.0,1.0
1817,0.0,1,909.0,0,1818,0,False,1.0,1,0.0,[1 2],[0. 1.],1,1,[0.6 0.6],1.0,0.0,1.0
1818,0.0,1,910.0,1,1819,1,False,0.0,0,2.0,[1 2],[0. 1.],1,1,[0.6 0.6],1.0,0.0,1.0
1819,0.0,1,910.0,0,1820,0,False,2.0,1,0.0,[1 1],[0. 1.],0,1,[0.6 0.6],1.0,0.0,1.0
1820,0.0,1,911.0,2,1821,1,False,0.0,0,1.0,[1 1],[0. 1.],0,1,[0.6 0.6],1.0,0.0,1.0
1821,0.0,1,911.0,0,1822,0,False,1.0,1,0.0,[2 1],[0. 1.],1,1,[0.6 0.6],1.0,0.0,1.0
1822,0.0,1,912.0,1,1823,1,False,0.0,0,2.0,[2 1],[0. 1.],1,1,[0.6 0.6],1.0,0.0,1.0
1823,1.0,1,912.0,0,1824,0,False,2.0,1,0.0,[2 1],[0. 1.],1,1,[0.6 0.6],1.0,0.0,1.0
1824,0.0,1,913.0,1,1825,1,False,0.0,0,2.0,[2 1],[0. 1.],1,1,[0.6 0.6],1.0,0.0,1.0
1825,1.0,1,913.0,0,1826,0,False,2.0,1,0.0,[2 2],[0. 1.],1,1,[0.6 0.6],1.0,0.0,1.0
1826,0.0,1,914.0,1,1827,1,False,0.0,0,2.0,[2 2],[0. 1.],1,1,[0.6 0.6],1.0,0.0,1.0
1827,1.0,1,914.0,0,1828,0,False,2.0,1,0.0,[2 2],[0. 1.],1,1,[0.6 0.6],1.0,0.0,1.0
1828,0.0,1,915.0,1,1829,1,False,0.0,0,2.0,[2 2],[0. 1.],1,1,[0.6 0.6],1.0,0.0,1.0
1829,1.0,1,915.0,0,1830,0,False,2.0,1,0.0,[1 1],[0. 1.],0,1,[0.6 0.6],1.0,0.0,1.0
1830,0.0,1,916.0,1,1831,1,False,0.0,0,1.0,[1 1],[0. 1.],0,1,[0.6 0.6],1.0,0.0,1.0
1831,0.0,1,916.0,0,1832,0,False,1.0,1,0.0,[2 1],[0. 1.],1,1,[0.6 0.6],1.0,0.0,1.0
1832,0.0,1,917.0,1,1833,1,False,0.0,0,2.0,[2 1],[0. 1.],1,1,[0.6 0.6],1.0,0.0,1.0
1833,1.0,1,917.0,0,1834,0,False,2.0,1,0.0,[2 1],[0. 1.],0,1,[0.6 0.6],1.0,0.0,1.0
1834,0.0,1,918.0,1,1835,1,False,0.0,0,1.0,[2 1],[0. 1.],0,1,[0.6 0.6],1.0,0.0,1.0
1835,1.0,1,918.0,0,1836,0,False,1.0,1,0.0,[2 1],[0. 1.],0,1,[0.6 0.6],1.0,0.0,1.0
1836,0.0,1,919.0,1,1837,1,False,0.0,0,1.0,[2 1],[0. 1.],0,1,[0.6 0.6],1.0,0.0,1.0
1837,1.0,1,919.0,0,1838,0,False,1.0,1,0.0,[2 1],[0. 1.],0,1,[0.6 0.6],1.0,0.0,1.0
1838,0.0,1,920.0,1,1839,1,False,0.0,0,1.0,[2 1],[0. 1.],0,1,[0.6 0.6],1.0,0.0,1.0
1839,1.0,1,920.0,0,1840,0,False,1.0,1,0.0,[1 1],[0. 1.],1,1,[0.6 0.6],1.0,0.0,1.0
1840,0.0,1,921.0,1,1841,1,False,0.0,0,2.0,[1 1],[0. 1.],1,1,[0.6 0.6],1.0,0.0,1.0
1841,0.0,1,921.0,0,1842,0,False,2.0,1,0.0,[1 1],[0. 1.],0,1,[0.6 0.6],1.0,0.0,1.0
1842,0.0,1,922.0,1,1843,1,False,0.0,0,1.0,[1 1],[0. 1.],0,1,[0.6 0.6],1.0,0.0,1.0
1843,0.0,1,922.0,0,1844,0,False,1.0,1,0.0,[1 1],[0. 1.],0,1,[0.6 0.6],1.0,0.0,1.0
1844,0.0,1,923.0,1,1845,1,False,0.0,0,1.0,[1 1],[0. 1.],0,1,[0.6 0.6],1.0,0.0,1.0
1845,0.0,1,923.0,0,1846,0,False,1.0,1,0.0,[2 2],[1. 0.],1,0,[0.6 0.6],1.0,0.0,1.0
1846,0.0,1,924.0,1,1847,1,False,0.0,0,2.0,[2 2],[1. 0.],1,0,[0.6 0.6],1.0,0.0,1.0
1847,0.0,1,924.0,0,1848,0,False,2.0,1,0.0,[2 1],[1. 0.],1,0,[0.6 0.6],1.0,0.0,1.0
1848,0.0,1,925.0,2,1849,1,False,0.0,0,2.0,[2 1],[1. 0.],1,0,[0.6 0.6],1.0,0.0,1.0
1849,1.0,1,925.0,0,1850,0,False,2.0,1,0.0,[2 1],[1. 0.],1,0,[0.6 0.6],1.0,0.0,1.0
1850,0.0,1,926.0,2,1851,1,False,0.0,0,2.0,[2 1],[1. 0.],1,0,[0.6 0.6],1.0,0.0,1.0
1851,1.0,1,926.0,0,1852,0,False,2.0,1,0.0,[1 2],[1. 0.],0,0,[0.6 0.6],1.0,0.0,1.0
1852,0.0,1,927.0,2,1853,1,False,0.0,0,1.0,[1 2],[1. 0.],0,0,[0.6 0.6],1.0,0.0,1.0
1853,0.0,1,927.0,0,1854,0,False,1.0,1,0.0,[1 1],[1. 0.],0,0,[0.6 0.6],1.0,0.0,1.0
1854,0.0,1,928.0,2,1855,1,False,0.0,0,1.0,[1 1],[1. 0.],0,0,[0.6 0.6],1.0,0.0,1.0
1855,1.0,1,928.0,0,1856,0,False,1.0,1,0.0,[2 1],[1. 0.],1,0,[0.6 0.6],1.0,0.0,1.0
1856,0.0,1,929.0,2,1857,1,False,0.0,0,2.0,[2 1],[1. 0.],1,0,[0.6 0.6],1.0,0.0,1.0
1857,1.0,1,929.0,0,1858,0,False,2.0,1,0.0,[1 1],[1. 0.],0,0,[0.6 0.6],1.0,0.0,1.0
1858,0.0,1,930.0,2,1859,1,False,0.0,0,1.0,[1 1],[1. 0.],0,0,[0.6 0.6],1.0,0.0,1.0
1859,1.0,1,930.0,0,1860,0,False,1.0,1,0.0,[2 2],[1. 0.],1,0,[0.6 0.6],1.0,0.0,1.0
1860,0.0,1,931.0,2,1861,1,False,0.0,0,2.0,[2 2],[1. 0.],1,0,[0.6 0.6],1.0,0.0,1.0
1861,0.0,1,931.0,0,1862,0,False,2.0,1,0.0,[1 1],[1. 0.],1,0,[0.6 0.6],1.0,0.0,1.0
1862,0.0,1,932.0,2,1863,1,False,0.0,0,2.0,[1 1],[1. 0.],1,0,[0.6 0.6],1.0,0.0,1.0
1863,1.0,1,932.0,0,1864,0,False,2.0,1,0.0,[2 1],[1. 0.],0,0,[0.6 0.6],1.0,0.0,1.0
1864,0.0,1,933.0,2,1865,1,False,0.0,0,1.0,[2 1],[1. 0.],0,0,[0.6 0.6],1.0,0.0,1.0
1865,1.0,1,933.0,0,1866,0,False,1.0,1,0.0,[2 2],[1. 0.],1,0,[0.6 0.6],1.0,0.0,1.0
1866,0.0,1,934.0,2,1867,1,False,0.0,0,2.0,[2 2],[1. 0.],1,0,[0.6 0.6],1.0,0.0,1.0
1867,0.0,1,934.0,0,1868,0,False,2.0,1,0.0,[1 1],[0. 1.],0,1,[0.6 0.6],1.0,0.0,1.0
1868,0.0,1,935.0,2,1869,1,False,0.0,0,1.0,[1 1],[0. 1.],0,1,[0.6 0.6],1.0,0.0,1.0
1869,0.0,1,935.0,0,1870,0,False,1.0,1,0.0,[1 1],[0. 1.],1,1,[0.6 0.6],1.0,0.0,1.0
1870,0.0,1,936.0,2,1871,1,False,0.0,0,2.0,[1 1],[0. 1.],1,1,[0.6 0.6],1.0,0.0,1.0
1871,0.0,1,936.0,0,1872,0,False,2.0,1,0.0,[2 2],[0. 1.],0,1,[0.6 0.6],1.0,0.0,1.0
1872,0.0,1,937.0,1,1873,1,False,0.0,0,1.0,[2 2],[0. 1.],0,1,[0.6 0.6],1.0,0.0,1.0
1873,1.0,1,937.0,0,1874,0,False,1.0,1,0.0,[1 1],[0. 1.],0,1,[0.6 0.6],1.0,0.0,1.0
1874,0.0,1,938.0,1,1875,1,False,0.0,0,1.0,[1 1],[0. 1.],0,1,[0.6 0.6],1.0,0.0,1.0
1875,0.0,1,938.0,0,1876,0,False,1.0,1,0.0,[1 2],[0. 1.],0,1,[0.6 0.6],1.0,0.0,1.0
1876,0.0,1,939.0,1,1877,1,False,0.0,0,1.0,[1 2],[0. 1.],0,1,[0.6 0.6],1.0,0.0,1.0
1877,0.0,1,939.0,0,1878,0,False,1.0,1,0.0,[1 2],[0. 1.],0,1,[0.6 0.6],1.0,0.0,1.0
1878,0.0,1,940.0,2,1879,1,False,0.0,0,1.0,[1 2],[0. 1.],0,1,[0.6 0.6],1.0,0.0,1.0
1879,1.0,1,940.0,0,1880,0,False,1.0,1,0.0,[1 2],[0. 1.],1,1,[0.6 0.6],1.0,0.0,1.0
1880,0.0,1,941.0,2,1881,1,False,0.0,0,2.0,[1 2],[0. 1.],1,1,[0.6 0.6],1.0,0.0,1.0
1881,1.0,1,941.0,0,1882,0,False,2.0,1,0.0,[1 1],[0. 1.],1,1,[0.6 0.6],1.0,0.0,1.0
1882,0.0,1,942.0,2,1883,1,False,0.0,0,2.0,[1 1],[0. 1.],1,1,[0.6 0.6],1.0,0.0,1.0
1883,0.0,1,942.0,0,1884,0,False,2.0,1,0.0,[2 1],[0. 1.],0,1,[0.6 0.6],1.0,0.0,1.0
1884,0.0,1,943.0,2,1885,1,False,0.0,0,1.0,[2 1],[0. 1.],0,1,[0.6 0.6],1.0,0.0,1.0
1885,0.0,1,943.0,0,1886,0,False,1.0,1,0.0,[2 1],[0. 1.],0,1,[0.6 0.6],1.0,0.0,1.0
1886,0.0,1,944.0,2,1887,1,False,0.0,0,1.0,[2 1],[0. 1.],0,1,[0.6 0.6],1.0,0.0,1.0
1887,0.0,1,944.0,0,1888,0,False,1.0,1,0.0,[2 2],[0. 1.],1,1,[0.6 0.6],1.0,0.0,1.0
1888,0.0,1,945.0,1,1889,1,False,0.0,0,2.0,[2 2],[0. 1.],1,1,[0.6 0.6],1.0,0.0,1.0
1889,1.0,1,945.0,0,1890,0,False,2.0,1,0.0,[2 2],[0. 1.],0,1,[0.6 0.6],1.0,0.0,1.0
1890,0.0,1,946.0,1,1891,1,False,0.0,0,1.0,[2 2],[0. 1.],0,1,[0.6 0.6],1.0,0.0,1.0
1891,1.0,1,946.0,0,1892,0,False,1.0,1,0.0,[2 1],[0. 1.],1,1,[0.6 0.6],1.0,0.0,1.0
1892,0.0,1,947.0,1,1893,1,False,0.0,0,2.0,[2 1],[0. 1.],1,1,[0.6 0.6],1.0,0.0,1.0
1893,1.0,1,947.0,0,1894,0,False,2.0,1,0.0,[2 2],[0. 1.],1,1,[0.6 0.6],1.0,0.0,1.0
1894,0.0,1,948.0,1,1895,1,False,0.0,0,2.0,[2 2],[0. 1.],1,1,[0.6 0.6],1.0,0.0,1.0
1895,1.0,1,948.0,0,1896,0,False,2.0,1,0.0,[2 2],[0. 1.],1,1,[0.6 0.6],1.0,0.0,1.0
1896,0.0,1,949.0,1,1897,1,False,0.0,0,2.0,[2 2],[0. 1.],1,1,[0.6 0.6],1.0,0.0,1.0
1897,1.0,1,949.0,0,1898,0,False,2.0,1,0.0,[2 2],[0. 1.],1,1,[0.6 0.6],1.0,0.0,1.0
1898,0.0,1,950.0,1,1899,1,False,0.0,0,2.0,[2 2],[0. 1.],1,1,[0.6 0.6],1.0,0.0,1.0
1899,1.0,1,950.0,0,1900,0,False,2.0,1,0.0,[2 2],[0. 1.],1,1,[0.6 0.6],1.0,0.0,1.0
1900,0.0,1,951.0,1,1901,1,False,0.0,0,2.0,[2 2],[0. 1.],1,1,[0.6 0.6],1.0,0.0,1.0
1901,1.0,1,951.0,0,1902,0,False,2.0,1,0.0,[2 1],[0. 1.],1,1,[0.6 0.6],1.0,0.0,1.0
1902,0.0,1,952.0,1,1903,1,False,0.0,0,2.0,[2 1],[0. 1.],1,1,[0.6 0.6],1.0,0.0,1.0
1903,1.0,1,952.0,0,1904,0,False,2.0,1,0.0,[1 1],[0. 1.],1,1,[0.6 0.6],1.0,0.0,1.0
1904,0.0,1,953.0,1,1905,1,False,0.0,0,2.0,[1 1],[0. 1.],1,1,[0.6 0.6],1.0,0.0,1.0
1905,0.0,1,953.0,0,1906,0,False,2.0,1,0.0,[1 2],[0. 1.],1,1,[0.6 0.6],1.0,0.0,1.0
1906,0.0,1,954.0,1,1907,1,False,0.0,0,2.0,[1 2],[0. 1.],1,1,[0.6 0.6],1.0,0.0,1.0
1907,0.0,1,954.0,0,1908,0,False,2.0,1,0.0,[2 1],[0. 1.],1,1,[0.6 0.6],1.0,0.0,1.0
1908,0.0,1,955.0,1,1909,1,False,0.0,0,2.0,[2 1],[0. 1.],1,1,[0.6 0.6],1.0,0.0,1.0
1909,1.0,1,955.0,0,1910,0,False,2.0,1,0.0,[1 2],[0. 1.],0,1,[0.6 0.6],1.0,0.0,1.0
1910,0.0,1,956.0,1,1911,1,False,0.0,0,1.0,[1 2],[0. 1.],0,1,[0.6 0.6],1.0,0.0,1.0
1911,0.0,1,956.0,0,1912,0,False,1.0,1,0.0,[2 1],[0. 1.],0,1,[0.6 0.6],1.0,0.0,1.0
1912,0.0,1,957.0,1,1913,1,False,0.0,0,1.0,[2 1],[0. 1.],0,1,[0.6 0.6],1.0,0.0,1.0
1913,1.0,1,957.0,0,1914,0,False,1.0,1,0.0,[1 2],[0. 1.],0,1,[0.6 0.6],1.0,0.0,1.0
1914,0.0,1,958.0,1,1915,1,False,0.0,0,1.0,[1 2],[0. 1.],0,1,[0.6 0.6],1.0,0.0,1.0
1915,0.0,1,958.0,0,1916,0,False,1.0,1,0.0,[1 2],[0. 1.],0,1,[0.6 0.6],1.0,0.0,1.0
1916,0.0,1,959.0,2,1917,1,False,0.0,0,1.0,[1 2],[0. 1.],0,1,[0.6 0.6],1.0,0.0,1.0
1917,1.0,1,959.0,0,1918,0,False,1.0,1,0.0,[2 2],[0. 1.],0,1,[0.6 0.6],1.0,0.0,1.0
1918,0.0,1,960.0,2,1919,1,False,0.0,0,1.0,[2 2],[0. 1.],0,1,[0.6 0.6],1.0,0.0,1.0
1919,1.0,1,960.0,0,1920,0,False,1.0,1,0.0,[2 2],[0. 1.],0,1,[0.6 0.6],1.0,0.0,1.0
1920,0.0,1,961.0,2,1921,1,False,0.0,0,1.0,[2 2],[0. 1.],0,1,[0.6 0.6],1.0,0.0,1.0
1921,1.0,1,961.0,0,1922,0,False,1.0,1,0.0,[2 1],[0. 1.],0,1,[0.6 0.6],1.0,0.0,1.0
1922,0.0,1,962.0,2,1923,1,False,0.0,0,1.0,[2 1],[0. 1.],0,1,[0.6 0.6],1.0,0.0,1.0
1923,0.0,1,962.0,0,1924,0,False,1.0,1,0.0,[2 2],[0. 1.],0,1,[0.6 0.6],1.0,0.0,1.0
1924,0.0,1,963.0,2,1925,1,False,0.0,0,1.0,[2 2],[0. 1.],0,1,[0.6 0.6],1.0,0.0,1.0
1925,1.0,1,963.0,0,1926,0,False,1.0,1,0.0,[2 1],[1. 0.],0,0,[0.6 0.6],1.0,0.0,1.0
1926,0.0,1,964.0,2,1927,1,False,0.0,0,1.0,[2 1],[1. 0.],0,0,[0.6 0.6],1.0,0.0,1.0
1927,1.0,1,964.0,0,1928,0,False,1.0,1,0.0,[2 1],[1. 0.],1,0,[0.6 0.6],1.0,0.0,1.0
1928,0.0,1,965.0,2,1929,1,False,0.0,0,2.0,[2 1],[1. 0.],1,0,[0.6 0.6],1.0,0.0,1.0
1929,1.0,1,965.0,0,1930,0,False,2.0,1,0.0,[1 2],[1. 0.],0,0,[0.6 0.6],1.0,0.0,1.0
1930,0.0,1,966.0,2,1931,1,False,0.0,0,1.0,[1 2],[1. 0.],0,0,[0.6 0.6],1.0,0.0,1.0
1931,0.0,1,966.0,0,1932,0,False,1.0,1,0.0,[1 1],[1. 0.],1,0,[0.6 0.6],1.0,0.0,1.0
1932,0.0,1,967.0,2,1933,1,False,0.0,0,2.0,[1 1],[1. 0.],1,0,[0.6 0.6],1.0,0.0,1.0
1933,1.0,1,967.0,0,1934,0,False,2.0,1,0.0,[2 2],[1. 0.],1,0,[0.6 0.6],1.0,0.0,1.0
1934,0.0,1,968.0,2,1935,1,False,0.0,0,2.0,[2 2],[1. 0.],1,0,[0.6 0.6],1.0,0.0,1.0
1935,0.0,1,968.0,0,1936,0,False,2.0,1,0.0,[1 1],[0. 1.],0,1,[0.6 0.6],1.0,0.0,1.0
1936,0.0,1,969.0,2,1937,1,False,0.0,0,1.0,[1 1],[0. 1.],0,1,[0.6 0.6],1.0,0.0,1.0
1937,0.0,1,969.0,0,1938,0,False,1.0,1,0.0,[1 1],[0. 1.],1,1,[0.6 0.6],1.0,0.0,1.0
1938,0.0,1,970.0,1,1939,1,False,0.0,0,2.0,[1 1],[0. 1.],1,1,[0.6 0.6],1.0,0.0,1.0
1939,0.0,1,970.0,0,1940,0,False,2.0,1,0.0,[1 2],[0. 1.],0,1,[0.6 0.6],1.0,0.0,1.0
1940,0.0,1,971.0,2,1941,1,False,0.0,0,1.0,[1 2],[0. 1.],0,1,[0.6 0.6],1.0,0.0,1.0
1941,1.0,1,971.0,0,1942,0,False,1.0,1,0.0,[1 1],[0. 1.],0,1,[0.6 0.6],1.0,0.0,1.0
1942,0.0,1,972.0,2,1943,1,False,0.0,0,1.0,[1 1],[0. 1.],0,1,[0.6 0.6],1.0,0.0,1.0
1943,0.0,1,972.0,0,1944,0,False,1.0,1,0.0,[1 1],[0. 1.],1,1,[0.6 0.6],1.0,0.0,1.0
1944,0.0,1,973.0,1,1945,1,False,0.0,0,2.0,[1 1],[0. 1.],1,1,[0.6 0.6],1.0,0.0,1.0
1945,0.0,1,973.0,0,1946,0,False,2.0,1,0.0,[1 1],[0. 1.],0,1,[0.6 0.6],1.0,0.0,1.0
1946,0.0,1,974.0,2,1947,1,False,0.0,0,1.0,[1 1],[0. 1.],0,1,[0.6 0.6],1.0,0.0,1.0
1947,0.0,1,974.0,0,1948,0,False,1.0,1,0.0,[1 1],[0. 1.],0,1,[0.6 0.6],1.0,0.0,1.0
1948,0.0,1,975.0,1,1949,1,False,0.0,0,1.0,[1 1],[0. 1.],0,1,[0.6 0.6],1.0,0.0,1.0
1949,0.0,1,975.0,0,1950,0,False,1.0,1,0.0,[2 2],[0. 1.],0,1,[0.6 0.6],1.0,0.0,1.0
1950,0.0,1,976.0,2,1951,1,False,0.0,0,1.0,[2 2],[0. 1.],0,1,[0.6 0.6],1.0,0.0,1.0
1951,1.0,1,976.0,0,1952,0,False,1.0,1,0.0,[2 1],[0. 1.],1,1,[0.6 0.6],1.0,0.0,1.0
1952,0.0,1,977.0,2,1953,1,False,0.0,0,2.0,[2 1],[0. 1.],1,1,[0.6 0.6],1.0,0.0,1.0
1953,0.0,1,977.0,0,1954,0,False,2.0,1,0.0,[2 1],[0. 1.],1,1,[0.6 0.6],1.0,0.0,1.0
1954,0.0,1,978.0,2,1955,1,False,0.0,0,2.0,[2 1],[0. 1.],1,1,[0.6 0.6],1.0,0.0,1.0
1955,0.0,1,978.0,0,1956,0,False,2.0,1,0.0,[2 1],[1. 0.],1,0,[0.6 0.6],1.0,0.0,1.0
1956,0.0,1,979.0,1,1957,1,False,0.0,0,2.0,[2 1],[1. 0.],1,0,[0.6 0.6],1.0,0.0,1.0
1957,0.0,1,979.0,0,1958,0,False,2.0,1,0.0,[1 1],[1. 0.],0,0,[0.6 0.6],1.0,0.0,1.0
1958,0.0,1,980.0,2,1959,1,False,0.0,0,1.0,[1 1],[1. 0.],0,0,[0.6 0.6],1.0,0.0,1.0
1959,1.0,1,980.0,0,1960,0,False,1.0,1,0.0,[1 1],[1. 0.],1,0,[0.6 0.6],1.0,0.0,1.0
1960,0.0,1,981.0,2,1961,1,False,0.0,0,2.0,[1 1],[1. 0.],1,0,[0.6 0.6],1.0,0.0,1.0
1961,1.0,1,981.0,0,1962,0,False,2.0,1,0.0,[2 1],[1. 0.],0,0,[0.6 0.6],1.0,0.0,1.0
1962,0.0,1,982.0,2,1963,1,False,0.0,0,1.0,[2 1],[1. 0.],0,0,[0.6 0.6],1.0,0.0,1.0
1963,1.0,1,982.0,0,1964,0,False,1.0,1,0.0,[2 2],[1. 0.],1,0,[0.6 0.6],1.0,0.0,1.0
1964,0.0,1,983.0,2,1965,1,False,0.0,0,2.0,[2 2],[1. 0.],1,0,[0.6 0.6],1.0,0.0,1.0
1965,0.0,1,983.0,0,1966,0,False,2.0,1,0.0,[2 1],[1. 0.],1,0,[0.6 0.6],1.0,0.0,1.0
1966,0.0,1,984.0,2,1967,1,False,0.0,0,2.0,[2 1],[1. 0.],1,0,[0.6 0.6],1.0,0.0,1.0
1967,1.0,1,984.0,0,1968,0,False,2.0,1,0.0,[2 1],[1. 0.],0,0,[0.6 0.6],1.0,0.0,1.0
1968,0.0,1,985.0,2,1969,1,False,0.0,0,1.0,[2 1],[1. 0.],0,0,[0.6 0.6],1.0,0.0,1.0
1969,1.0,1,985.0,0,1970,0,False,1.0,1,0.0,[1 1],[1. 0.],1,0,[0.6 0.6],1.0,0.0,1.0
1970,0.0,1,986.0,2,1971,1,False,0.0,0,2.0,[1 1],[1. 0.],1,0,[0.6 0.6],1.0,0.0,1.0
1971,1.0,1,986.0,0,1972,0,False,2.0,1,0.0,[2 1],[1. 0.],1,0,[0.6 0.6],1.0,0.0,1.0
1972,0.0,1,987.0,2,1973,1,False,0.0,0,2.0,[2 1],[1. 0.],1,0,[0.6 0.6],1.0,0.0,1.0
1973,1.0,1,987.0,0,1974,0,False,2.0,1,0.0,[2 2],[1. 0.],1,0,[0.6 0.6],1.0,0.0,1.0
1974,0.0,1,988.0,2,1975,1,False,0.0,0,2.0,[2 2],[1. 0.],1,0,[0.6 0.6],1.0,0.0,1.0
1975,0.0,1,988.0,0,1976,0,False,2.0,1,0.0,[2 2],[1. 0.],1,0,[0.6 0.6],1.0,0.0,1.0
1976,0.0,1,989.0,2,1977,1,False,0.0,0,2.0,[2 2],[1. 0.],1,0,[0.6 0.6],1.0,0.0,1.0
1977,0.0,1,989.0,0,1978,0,False,2.0,1,0.0,[2 1],[1. 0.],0,0,[0.6 0.6],1.0,0.0,1.0
1978,0.0,1,990.0,2,1979,1,False,0.0,0,1.0,[2 1],[1. 0.],0,0,[0.6 0.6],1.0,0.0,1.0
1979,1.0,1,990.0,0,1980,0,False,1.0,1,0.0,[2 1],[1. 0.],0,0,[0.6 0.6],1.0,0.0,1.0
1980,0.0,1,991.0,2,1981,1,False,0.0,0,1.0,[2 1],[1. 0.],0,0,[0.6 0.6],1.0,0.0,1.0
1981,1.0,1,991.0,0,1982,0,False,1.0,1,0.0,[1 2],[1. 0.],0,0,[0.6 0.6],1.0,0.0,1.0
1982,0.0,1,992.0,2,1983,1,False,0.0,0,1.0,[1 2],[1. 0.],0,0,[0.6 0.6],1.0,0.0,1.0
1983,0.0,1,992.0,0,1984,0,False,1.0,1,0.0,[2 2],[1. 0.],1,0,[0.6 0.6],1.0,0.0,1.0
1984,0.0,1,993.0,2,1985,1,False,0.0,0,2.0,[2 2],[1. 0.],1,0,[0.6 0.6],1.0,0.0,1.0
1985,0.0,1,993.0,0,1986,0,False,2.0,1,0.0,[2 1],[1. 0.],0,0,[0.6 0.6],1.0,0.0,1.0
1986,0.0,1,994.0,2,1987,1,False,0.0,0,1.0,[2 1],[1. 0.],0,0,[0.6 0.6],1.0,0.0,1.0
1987,1.0,1,994.0,0,1988,0,False,1.0,1,0.0,[1 2],[1. 0.],0,0,[0.6 0.6],1.0,0.0,1.0
1988,0.0,1,995.0,2,1989,1,False,0.0,0,1.0,[1 2],[1. 0.],0,0,[0.6 0.6],1.0,0.0,1.0
1989,0.0,1,995.0,0,1990,0,False,1.0,1,0.0,[1 1],[1. 0.],1,0,[0.6 0.6],1.0,0.0,1.0
1990,0.0,1,996.0,2,1991,1,False,0.0,0,2.0,[1 1],[1. 0.],1,0,[0.6 0.6],1.0,0.0,1.0
1991,1.0,1,996.0,0,1992,0,False,2.0,1,0.0,[2 2],[1. 0.],0,0,[0.6 0.6],1.0,0.0,1.0
1992,0.0,1,997.0,2,1993,1,False,0.0,0,1.0,[2 2],[1. 0.],0,0,[0.6 0.6],1.0,0.0,1.0
1993,0.0,1,997.0,0,1994,0,False,1.0,1,0.0,[1 1],[1. 0.],1,0,[0.6 0.6],1.0,0.0,1.0
1994,0.0,1,998.0,2,1995,1,False,0.0,0,2.0,[1 1],[1. 0.],1,0,[0.6 0.6],1.0,0.0,1.0
1995,1.0,1,998.0,0,1996,0,False,2.0,1,0.0,[1 1],[1. 0.],1,0,[0.6 0.6],1.0,0.0,1.0
1996,0.0,1,999.0,2,1997,1,False,0.0,0,2.0,[1 1],[1. 0.],1,0,[0.6 0.6],1.0,0.0,1.0
1997,1.0,1,999.0,0,1998,0,False,2.0,1,0.0,[2 2],[1. 0.],0,0,[0.6 0.6],1.0,0.0,1.0
1998,0.0,1,1000.0,2,1999,1,False,0.0,0,1.0,[2 2],[1. 0.],0,0,[0.6 0.6],1.0,0.0,1.0
1999,0.0,1,1000.0,0,2000,0,True,1.0,1,0.0,[2 2],[1. 0.],1,0,[0.6 0.6],1.0,0.0,1.0
0,0.0,1,1.0,2,1,1,False,0.0,0,2.0,[1 2],[0. 1.],1,1,[0.6 0.6],1.0,0.0,1.0
1,1.0,1,1.0,0,2,0,False,2.0,1,0.0,[1 1],[0. 1.],0,1,[0.6 0.6],1.0,0.0,1.0
2,0.0,1,2.0,2,3,1,False,0.0,0,1.0,[1 1],[0. 1.],0,1,[0.6 0.6],1.0,0.0,1.0
3,0.0,1,2.0,0,4,0,False,1.0,1,0.0,[2 2],[0. 1.],1,1,[0.6 0.6],1.0,0.0,1.0
4,0.0,1,3.0,2,5,1,False,0.0,0,2.0,[2 2],[0. 1.],1,1,[0.6 0.6],1.0,0.0,1.0
5,1.0,1,3.0,0,6,0,False,2.0,1,0.0,[2 2],[0. 1.],0,1,[0.6 0.6],1.0,0.0,1.0
6,0.0,1,4.0,2,7,1,False,0.0,0,1.0,[2 2],[0. 1.],0,1,[0.6 0.6],1.0,0.0,1.0
7,1.0,1,4.0,0,8,0,False,1.0,1,0.0,[1 2],[0. 1.],0,1,[0.6 0.6],1.0,0.0,1.0
8,0.0,1,5.0,2,9,1,False,0.0,0,1.0,[1 2],[0. 1.],0,1,[0.6 0.6],1.0,0.0,1.0
9,1.0,1,5.0,0,10,0,False,1.0,1,0.0,[1 1],[0. 1.],1,1,[0.6 0.6],1.0,0.0,1.0
10,0.0,1,6.0,2,11,1,False,0.0,0,2.0,[1 1],[0. 1.],1,1,[0.6 0.6],1.0,0.0,1.0
11,0.0,1,6.0,0,12,0,False,2.0,1,0.0,[2 1],[0. 1.],0,1,[0.6 0.6],1.0,0.0,1.0
12,0.0,1,7.0,2,13,1,False,0.0,0,1.0,[2 1],[0. 1.],0,1,[0.6 0.6],1.0,0.0,1.0
13,0.0,1,7.0,0,14,0,False,1.0,1,0.0,[1 2],[0. 1.],1,1,[0.6 0.6],1.0,0.0,1.0
14,0.0,1,8.0,2,15,1,False,0.0,0,2.0,[1 2],[0. 1.],1,1,[0.6 0.6],1.0,0.0,1.0
15,1.0,1,8.0,0,16,0,False,2.0,1,0.0,[2 1],[0. 1.],0,1,[0.6 0.6],1.0,0.0,1.0
16,0.0,1,9.0,2,17,1,False,0.0,0,1.0,[2 1],[0. 1.],0,1,[0.6 0.6],1.0,0.0,1.0
17,0.0,1,9.0,0,18,0,False,1.0,1,0.0,[1 1],[0. 1.],1,1,[0.6 0.6],1.0,0.0,1.0
18,0.0,1,10.0,2,19,1,False,0.0,0,2.0,[1 1],[0. 1.],1,1,[0.6 0.6],1.0,0.0,1.0
19,0.0,1,10.0,0,20,0,False,2.0,1,0.0,[1 1],[0. 1.],1,1,[0.6 0.6],1.0,0.0,1.0
20,0.0,1,11.0,1,21,1,False,0.0,0,2.0,[1 1],[0. 1.],1,1,[0.6 0.6],1.0,0.0,1.0
21,0.0,1,11.0,0,22,0,False,2.0,1,0.0,[1 2],[0. 1.],1,1,[0.6 0.6],1.0,0.0,1.0
22,0.0,1,12.0,2,23,1,False,0.0,0,2.0,[1 2],[0. 1.],1,1,[0.6 0.6],1.0,0.0,1.0
23,1.0,1,12.0,0,24,0,False,2.0,1,0.0,[1 1],[0. 1.],0,1,[0.6 0.6],1.0,0.0,1.0
24,0.0,1,13.0,2,25,1,False,0.0,0,1.0,[1 1],[0. 1.],0,1,[0.6 0.6],1.0,0.0,1.0
25,0.0,1,13.0,0,26,0,False,1.0,1,0.0,[2 1],[0. 1.],1,1,[0.6 0.6],1.0,0.0,1.0
26,0.0,1,14.0,2,27,1,False,0.0,0,2.0,[2 1],[0. 1.],1,1,[0.6 0.6],1.0,0.0,1.0
27,0.0,1,14.0,0,28,0,False,2.0,1,0.0,[1 1],[0. 1.],0,1,[0.6 0.6],1.0,0.0,1.0
28,0.0,1,15.0,1,29,1,False,0.0,0,1.0,[1 1],[0. 1.],0,1,[0.6 0.6],1.0,0.0,1.0
29,0.0,1,15.0,0,30,0,False,1.0,1,0.0,[2 1],[0. 1.],1,1,[0.6 0.6],1.0,0.0,1.0
30,0.0,1,16.0,2,31,1,False,0.0,0,2.0,[2 1],[0. 1.],1,1,[0.6 0.6],1.0,0.0,1.0
31,0.0,1,16.0,0,32,0,False,2.0,1,0.0,[1 2],[0. 1.],1,1,[0.6 0.6],1.0,0.0,1.0
32,0.0,1,17.0,1,33,1,False,0.0,0,2.0,[1 2],[0. 1.],1,1,[0.6 0.6],1.0,0.0,1.0
33,0.0,1,17.0,0,34,0,False,2.0,1,0.0,[1 1],[0. 1.],0,1,[0.6 0.6],1.0,0.0,1.0
34,0.0,1,18.0,2,35,1,False,0.0,0,1.0,[1 1],[0. 1.],0,1,[0.6 0.6],1.0,0.0,1.0
35,0.0,1,18.0,0,36,0,False,1.0,1,0.0,[2 2],[0. 1.],1,1,[0.6 0.6],1.0,0.0,1.0
36,0.0,1,19.0,1,37,1,False,0.0,0,2.0,[2 2],[0. 1.],1,1,[0.6 0.6],1.0,0.0,1.0
37,1.0,1,19.0,0,38,0,False,2.0,1,0.0,[2 1],[0. 1.],1,1,[0.6 0.6],1.0,0.0,1.0
38,0.0,1,20.0,1,39,1,False,0.0,0,2.0,[2 1],[0. 1.],1,1,[0.6 0.6],1.0,0.0,1.0
39,1.0,1,20.0,0,40,0,False,2.0,1,0.0,[2 2],[0. 1.],1,1,[0.6 0.6],1.0,0.0,1.0
40,0.0,1,21.0,1,41,1,False,0.0,0,2.0,[2 2],[0. 1.],1,1,[0.6 0.6],1.0,0.0,1.0
41,1.0,1,21.0,0,42,0,False,2.0,1,0.0,[1 2],[0. 1.],0,1,[0.6 0.6],1.0,0.0,1.0
42,0.0,1,22.0,1,43,1,False,0.0,0,1.0,[1 2],[0. 1.],0,1,[0.6 0.6],1.0,0.0,1.0
43,0.0,1,22.0,0,44,0,False,1.0,1,0.0,[1 1],[0. 1.],1,1,[0.6 0.6],1.0,0.0,1.0
44,0.0,1,23.0,1,45,1,False,0.0,0,2.0,[1 1],[0. 1.],1,1,[0.6 0.6],1.0,0.0,1.0
45,0.0,1,23.0,0,46,0,False,2.0,1,0.0,[2 2],[0. 1.],0,1,[0.6 0.6],1.0,0.0,1.0
46,0.0,1,24.0,1,47,1,False,0.0,0,1.0,[2 2],[0. 1.],0,1,[0.6 0.6],1.0,0.0,1.0
47,1.0,1,24.0,0,48,0,False,1.0,1,0.0,[1 1],[1. 0.],0,0,[0.6 0.6],1.0,0.0,1.0
48,0.0,1,25.0,1,49,1,False,0.0,0,1.0,[1 1],[1. 0.],0,0,[0.6 0.6],1.0,0.0,1.0
49,1.0,1,25.0,0,50,0,False,1.0,1,0.0,[1 1],[1. 0.],0,0,[0.6 0.6],1.0,0.0,1.0
50,0.0,1,26.0,1,51,1,False,0.0,0,1.0,[1 1],[1. 0.],0,0,[0.6 0.6],1.0,0.0,1.0
51,1.0,1,26.0,0,52,0,False,1.0,1,0.0,[1 2],[1. 0.],0,0,[0.6 0.6],1.0,0.0,1.0
52,0.0,1,27.0,1,53,1,False,0.0,0,1.0,[1 2],[1. 0.],0,0,[0.6 0.6],1.0,0.0,1.0
53,1.0,1,27.0,0,54,0,False,1.0,1,0.0,[2 2],[1. 0.],1,0,[0.6 0.6],1.0,0.0,1.0
54,0.0,1,28.0,1,55,1,False,0.0,0,2.0,[2 2],[1. 0.],1,0,[0.6 0.6],1.0,0.0,1.0
55,0.0,1,28.0,0,56,0,False,2.0,1,0.0,[1 1],[1. 0.],0,0,[0.6 0.6],1.0,0.0,1.0
56,0.0,1,29.0,1,57,1,False,0.0,0,1.0,[1 1],[1. 0.],0,0,[0.6 0.6],1.0,0.0,1.0
57,1.0,1,29.0,0,58,0,False,1.0,1,0.0,[1 2],[1. 0.],1,0,[0.6 0.6],1.0,0.0,1.0
58,0.0,1,30.0,1,59,1,False,0.0,0,2.0,[1 2],[1. 0.],1,0,[0.6 0.6],1.0,0.0,1.0
59,1.0,1,30.0,0,60,0,False,2.0,1,0.0,[1 2],[1. 0.],1,0,[0.6 0.6],1.0,0.0,1.0
60,0.0,1,31.0,1,61,1,False,0.0,0,2.0,[1 2],[1. 0.],1,0,[0.6 0.6],1.0,0.0,1.0
61,1.0,1,31.0,0,62,0,False,2.0,1,0.0,[1 2],[1. 0.],1,0,[0.6 0.6],1.0,0.0,1.0
62,0.0,1,32.0,1,63,1,False,0.0,0,2.0,[1 2],[1. 0.],1,0,[0.6 0.6],1.0,0.0,1.0
63,1.0,1,32.0,0,64,0,False,2.0,1,0.0,[1 1],[1. 0.],0,0,[0.6 0.6],1.0,0.0,1.0
64,0.0,1,33.0,1,65,1,False,0.0,0,1.0,[1 1],[1. 0.],0,0,[0.6 0.6],1.0,0.0,1.0
65,1.0,1,33.0,0,66,0,False,1.0,1,0.0,[2 2],[1. 0.],1,0,[0.6 0.6],1.0,0.0,1.0
66,0.0,1,34.0,1,67,1,False,0.0,0,2.0,[2 2],[1. 0.],1,0,[0.6 0.6],1.0,0.0,1.0
67,0.0,1,34.0,0,68,0,False,2.0,1,0.0,[2 2],[1. 0.],0,0,[0.6 0.6],1.0,0.0,1.0
68,0.0,1,35.0,1,69,1,False,0.0,0,1.0,[2 2],[1. 0.],0,0,[0.6 0.6],1.0,0.0,1.0
69,0.0,1,35.0,0,70,0,False,1.0,1,0.0,[2 1],[1. 0.],0,0,[0.6 0.6],1.0,0.0,1.0
70,0.0,1,36.0,1,71,1,False,0.0,0,1.0,[2 1],[1. 0.],0,0,[0.6 0.6],1.0,0.0,1.0
71,0.0,1,36.0,0,72,0,False,1.0,1,0.0,[1 2],[1. 0.],0,0,[0.6 0.6],1.0,0.0,1.0
72,0.0,1,37.0,1,73,1,False,0.0,0,1.0,[1 2],[1. 0.],0,0,[0.6 0.6],1.0,0.0,1.0
73,1.0,1,37.0,0,74,0,False,1.0,1,0.0,[1 2],[1. 0.],0,0,[0.6 0.6],1.0,0.0,1.0
74,0.0,1,38.0,1,75,1,False,0.0,0,1.0,[1 2],[1. 0.],0,0,[0.6 0.6],1.0,0.0,1.0
75,1.0,1,38.0,0,76,0,False,1.0,1,0.0,[1 2],[1. 0.],1,0,[0.6 0.6],1.0,0.0,1.0
76,0.0,1,39.0,1,77,1,False,0.0,0,2.0,[1 2],[1. 0.],1,0,[0.6 0.6],1.0,0.0,1.0
77,1.0,1,39.0,0,78,0,False,2.0,1,0.0,[2 1],[1. 0.],1,0,[0.6 0.6],1.0,0.0,1.0
78,0.0,1,40.0,1,79,1,False,0.0,0,2.0,[2 1],[1. 0.],1,0,[0.6 0.6],1.0,0.0,1.0
79,0.0,1,40.0,0,80,0,False,2.0,1,0.0,[1 1],[1. 0.],0,0,[0.6 0.6],1.0,0.0,1.0
80,0.0,1,41.0,1,81,1,False,0.0,0,1.0,[1 1],[1. 0.],0,0,[0.6 0.6],1.0,0.0,1.0
81,1.0,1,41.0,0,82,0,False,1.0,1,0.0,[2 2],[1. 0.],1,0,[0.6 0.6],1.0,0.0,1.0
82,0.0,1,42.0,1,83,1,False,0.0,0,2.0,[2 2],[1. 0.],1,0,[0.6 0.6],1.0,0.0,1.0
83,0.0,1,42.0,0,84,0,False,2.0,1,0.0,[1 1],[1. 0.],0,0,[0.6 0.6],1.0,0.0,1.0
84,0.0,1,43.0,1,85,1,False,0.0,0,1.0,[1 1],[1. 0.],0,0,[0.6 0.6],1.0,0.0,1.0
85,1.0,1,43.0,0,86,0,False,1.0,1,0.0,[2 2],[1. 0.],0,0,[0.6 0.6],1.0,0.0,1.0
86,0.0,1,44.0,1,87,1,False,0.0,0,1.0,[2 2],[1. 0.],0,0,[0.6 0.6],1.0,0.0,1.0
87,0.0,1,44.0,0,88,0,False,1.0,1,0.0,[2 1],[1. 0.],1,0,[0.6 0.6],1.0,0.0,1.0
88,0.0,1,45.0,1,89,1,False,0.0,0,2.0,[2 1],[1. 0.],1,0,[0.6 0.6],1.0,0.0,1.0
89,0.0,1,45.0,0,90,0,False,2.0,1,0.0,[1 2],[1. 0.],1,0,[0.6 0.6],1.0,0.0,1.0
90,0.0,1,46.0,1,91,1,False,0.0,0,2.0,[1 2],[1. 0.],1,0,[0.6 0.6],1.0,0.0,1.0
91,1.0,1,46.0,0,92,0,False,2.0,1,0.0,[1 1],[0. 1.],1,1,[0.6 0.6],1.0,0.0,1.0
92,0.0,1,47.0,1,93,1,False,0.0,0,2.0,[1 1],[0. 1.],1,1,[0.6 0.6],1.0,0.0,1.0
93,0.0,1,47.0,0,94,0,False,2.0,1,0.0,[2 1],[0. 1.],1,1,[0.6 0.6],1.0,0.0,1.0
94,0.0,1,48.0,1,95,1,False,0.0,0,2.0,[2 1],[0. 1.],1,1,[0.6 0.6],1.0,0.0,1.0
95,1.0,1,48.0,0,96,0,False,2.0,1,0.0,[2 1],[0. 1.],0,1,[0.6 0.6],1.0,0.0,1.0
96,0.0,1,49.0,1,97,1,False,0.0,0,1.0,[2 1],[0. 1.],0,1,[0.6 0.6],1.0,0.0,1.0
97,1.0,1,49.0,0,98,0,False,1.0,1,0.0,[1 1],[0. 1.],1,1,[0.6 0.6],1.0,0.0,1.0
98,0.0,1,50.0,1,99,1,False,0.0,0,2.0,[1 1],[0. 1.],1,1,[0.6 0.6],1.0,0.0,1.0
99,0.0,1,50.0,0,100,0,False,2.0,1,0.0,[2 1],[0. 1.],1,1,[0.6 0.6],1.0,0.0,1.0
100,0.0,1,51.0,1,101,1,False,0.0,0,2.0,[2 1],[0. 1.],1,1,[0.6 0.6],1.0,0.0,1.0
101,1.0,1,51.0,0,102,0,False,2.0,1,0.0,[1 2],[0. 1.],0,1,[0.6 0.6],1.0,0.0,1.0
102,0.0,1,52.0,1,103,1,False,0.0,0,1.0,[1 2],[0. 1.],0,1,[0.6 0.6],1.0,0.0,1.0
103,0.0,1,52.0,0,104,0,False,1.0,1,0.0,[1 1],[0. 1.],0,1,[0.6 0.6],1.0,0.0,1.0
104,0.0,1,53.0,1,105,1,False,0.0,0,1.0,[1 1],[0. 1.],0,1,[0.6 0.6],1.0,0.0,1.0
105,0.0,1,53.0,0,106,0,False,1.0,1,0.0,[1 2],[0. 1.],1,1,[0.6 0.6],1.0,0.0,1.0
106,0.0,1,54.0,1,107,1,False,0.0,0,2.0,[1 2],[0. 1.],1,1,[0.6 0.6],1.0,0.0,1.0
107,0.0,1,54.0,0,108,0,False,2.0,1,0.0,[1 2],[0. 1.],1,1,[0.6 0.6],1.0,0.0,1.0
108,0.0,1,55.0,2,109,1,False,0.0,0,2.0,[1 2],[0. 1.],1,1,[0.6 0.6],1.0,0.0,1.0
109,1.0,1,55.0,0,110,0,False,2.0,1,0.0,[2 2],[0. 1.],0,1,[0.6 0.6],1.0,0.0,1.0
110,0.0,1,56.0,2,111,1,False,0.0,0,1.0,[2 2],[0. 1.],0,1,[0.6 0.6],1.0,0.0,1.0
111,1.0,1,56.0,0,112,0,False,1.0,1,0.0,[2 1],[0. 1.],0,1,[0.6 0.6],1.0,0.0,1.0
112,0.0,1,57.0,2,113,1,False,0.0,0,1.0,[2 1],[0. 1.],0,1,[0.6 0.6],1.0,0.0,1.0
113,0.0,1,57.0,0,114,0,False,1.0,1,0.0,[1 2],[0. 1.],1,1,[0.6 0.6],1.0,0.0,1.0
114,0.0,1,58.0,2,115,1,False,0.0,0,2.0,[1 2],[0. 1.],1,1,[0.6 0.6],1.0,0.0,1.0
115,1.0,1,58.0,0,116,0,False,2.0,1,0.0,[1 1],[0. 1.],1,1,[0.6 0.6],1.0,0.0,1.0
116,0.0,1,59.0,2,117,1,False,0.0,0,2.0,[1 1],[0. 1.],1,1,[0.6 0.6],1.0,0.0,1.0
117,0.0,1,59.0,0,118,0,False,2.0,1,0.0,[1 1],[0. 1.],0,1,[0.6 0.6],1.0,0.0,1.0
118,0.0,1,60.0,2,119,1,False,0.0,0,1.0,[1 1],[0. 1.],0,1,[0.6 0.6],1.0,0.0,1.0
119,0.0,1,60.0,0,120,0,False,1.0,1,0.0,[1 2],[0. 1.],1,1,[0.6 0.6],1.0,0.0,1.0
120,0.0,1,61.0,2,121,1,False,0.0,0,2.0,[1 2],[0. 1.],1,1,[0.6 0.6],1.0,0.0,1.0
121,1.0,1,61.0,0,122,0,False,2.0,1,0.0,[2 2],[0. 1.],1,1,[0.6 0.6],1.0,0.0,1.0
122,0.0,1,62.0,2,123,1,False,0.0,0,2.0,[2 2],[0. 1.],1,1,[0.6 0.6],1.0,0.0,1.0
123,1.0,1,62.0,0,124,0,False,2.0,1,0.0,[2 1],[0. 1.],1,1,[0.6 0.6],1.0,0.0,1.0
124,0.0,1,63.0,2,125,1,False,0.0,0,2.0,[2 1],[0. 1.],1,1,[0.6 0.6],1.0,0.0,1.0
125,0.0,1,63.0,0,126,0,False,2.0,1,0.0,[2 2],[0. 1.],1,1,[0.6 0.6],1.0,0.0,1.0
126,0.0,1,64.0,2,127,1,False,0.0,0,2.0,[2 2],[0. 1.],1,1,[0.6 0.6],1.0,0.0,1.0
127,1.0,1,64.0,0,128,0,False,2.0,1,0.0,[1 2],[0. 1.],1,1,[0.6 0.6],1.0,0.0,1.0
128,0.0,1,65.0,2,129,1,False,0.0,0,2.0,[1 2],[0. 1.],1,1,[0.6 0.6],1.0,0.0,1.0
129,1.0,1,65.0,0,130,0,False,2.0,1,0.0,[2 1],[0. 1.],1,1,[0.6 0.6],1.0,0.0,1.0
130,0.0,1,66.0,2,131,1,False,0.0,0,2.0,[2 1],[0. 1.],1,1,[0.6 0.6],1.0,0.0,1.0
131,0.0,1,66.0,0,132,0,False,2.0,1,0.0,[1 2],[0. 1.],1,1,[0.6 0.6],1.0,0.0,1.0
132,0.0,1,67.0,2,133,1,False,0.0,0,2.0,[1 2],[0. 1.],1,1,[0.6 0.6],1.0,0.0,1.0
133,1.0,1,67.0,0,134,0,False,2.0,1,0.0,[2 2],[0. 1.],1,1,[0.6 0.6],1.0,0.0,1.0
134,0.0,1,68.0,2,135,1,False,0.0,0,2.0,[2 2],[0. 1.],1,1,[0.6 0.6],1.0,0.0,1.0
135,1.0,1,68.0,0,136,0,False,2.0,1,0.0,[2 1],[0. 1.],0,1,[0.6 0.6],1.0,0.0,1.0
136,0.0,1,69.0,2,137,1,False,0.0,0,1.0,[2 1],[0. 1.],0,1,[0.6 0.6],1.0,0.0,1.0
137,0.0,1,69.0,0,138,0,False,1.0,1,0.0,[1 2],[0. 1.],0,1,[0.6 0.6],1.0,0.0,1.0
138,0.0,1,70.0,2,139,1,False,0.0,0,1.0,[1 2],[0. 1.],0,1,[0.6 0.6],1.0,0.0,1.0
139,1.0,1,70.0,0,140,0,False,1.0,1,0.0,[1 1],[0. 1.],0,1,[0.6 0.6],1.0,0.0,1.0
140,0.0,1,71.0,2,141,1,False,0.0,0,1.0,[1 1],[0. 1.],0,1,[0.6 0.6],1.0,0.0,1.0
141,0.0,1,71.0,0,142,0,False,1.0,1,0.0,[2 1],[0. 1.],1,1,[0.6 0.6],1.0,0.0,1.0
142,0.0,1,72.0,2,143,1,False,0.0,0,2.0,[2 1],[0. 1.],1,1,[0.6 0.6],1.0,0.0,1.0
143,0.0,1,72.0,0,144,0,False,2.0,1,0.0,[1 2],[0. 1.],0,1,[0.6 0.6],1.0,0.0,1.0
144,0.0,1,73.0,2,145,1,False,0.0,0,1.0,[1 2],[0. 1.],0,1,[0.6 0.6],1.0,0.0,1.0
145,1.0,1,73.0,0,146,0,False,1.0,1,0.0,[2 2],[0. 1.],0,1,[0.6 0.6],1.0,0.0,1.0
146,0.0,1,74.0,2,147,1,False,0.0,0,1.0,[2 2],[0. 1.],0,1,[0.6 0.6],1.0,0.0,1.0
147,1.0,1,74.0,0,148,0,False,1.0,1,0.0,[1 1],[0. 1.],0,1,[0.6 0.6],1.0,0.0,1.0
148,0.0,1,75.0,2,149,1,False,0.0,0,1.0,[1 1],[0. 1.],0,1,[0.6 0.6],1.0,0.0,1.0
149,0.0,1,75.0,0,150,0,False,1.0,1,0.0,[1 1],[0. 1.],0,1,[0.6 0.6],1.0,0.0,1.0
150,0.0,1,76.0,2,151,1,False,0.0,0,1.0,[1 1],[0. 1.],0,1,[0.6 0.6],1.0,0.0,1.0
151,0.0,1,76.0,0,152,0,False,1.0,1,0.0,[1 1],[0. 1.],1,1,[0.6 0.6],1.0,0.0,1.0
152,0.0,1,77.0,2,153,1,False,0.0,0,2.0,[1 1],[0. 1.],1,1,[0.6 0.6],1.0,0.0,1.0
153,0.0,1,77.0,0,154,0,False,2.0,1,0.0,[2 2],[0. 1.],1,1,[0.6 0.6],1.0,0.0,1.0
154,0.0,1,78.0,1,155,1,False,0.0,0,2.0,[2 2],[0. 1.],1,1,[0.6 0.6],1.0,0.0,1.0
155,1.0,1,78.0,0,156,0,False,2.0,1,0.0,[2 2],[0. 1.],0,1,[0.6 0.6],1.0,0.0,1.0
156,0.0,1,79.0,1,157,1,False,0.0,0,1.0,[2 2],[0. 1.],0,1,[0.6 0.6],1.0,0.0,1.0
157,1.0,1,79.0,0,158,0,False,1.0,1,0.0,[2 2],[0. 1.],1,1,[0.6 0.6],1.0,0.0,1.0
158,0.0,1,80.0,1,159,1,False,0.0,0,2.0,[2 2],[0. 1.],1,1,[0.6 0.6],1.0,0.0,1.0
159,1.0,1,80.0,0,160,0,False,2.0,1,0.0,[1 1],[0. 1.],0,1,[0.6 0.6],1.0,0.0,1.0
160,0.0,1,81.0,1,161,1,False,0.0,0,1.0,[1 1],[0. 1.],0,1,[0.6 0.6],1.0,0.0,1.0
161,0.0,1,81.0,0,162,0,False,1.0,1,0.0,[1 2],[0. 1.],0,1,[0.6 0.6],1.0,0.0,1.0
162,0.0,1,82.0,1,163,1,False,0.0,0,1.0,[1 2],[0. 1.],0,1,[0.6 0.6],1.0,0.0,1.0
163,0.0,1,82.0,0,164,0,False,1.0,1,0.0,[1 1],[0. 1.],1,1,[0.6 0.6],1.0,0.0,1.0
164,0.0,1,83.0,1,165,1,False,0.0,0,2.0,[1 1],[0. 1.],1,1,[0.6 0.6],1.0,0.0,1.0
165,0.0,1,83.0,0,166,0,False,2.0,1,0.0,[1 2],[0. 1.],1,1,[0.6 0.6],1.0,0.0,1.0
166,0.0,1,84.0,1,167,1,False,0.0,0,2.0,[1 2],[0. 1.],1,1,[0.6 0.6],1.0,0.0,1.0
167,0.0,1,84.0,0,168,0,False,2.0,1,0.0,[2 2],[0. 1.],1,1,[0.6 0.6],1.0,0.0,1.0
168,0.0,1,85.0,2,169,1,False,0.0,0,2.0,[2 2],[0. 1.],1,1,[0.6 0.6],1.0,0.0,1.0
169,1.0,1,85.0,0,170,0,False,2.0,1,0.0,[1 1],[0. 1.],1,1,[0.6 0.6],1.0,0.0,1.0
170,0.0,1,86.0,2,171,1,False,0.0,0,2.0,[1 1],[0. 1.],1,1,[0.6 0.6],1.0,0.0,1.0
171,0.0,1,86.0,0,172,0,False,2.0,1,0.0,[1 1],[0. 1.],0,1,[0.6 0.6],1.0,0.0,1.0
172,0.0,1,87.0,2,173,1,False,0.0,0,1.0,[1 1],[0. 1.],0,1,[0.6 0.6],1.0,0.0,1.0
173,0.0,1,87.0,0,174,0,False,1.0,1,0.0,[1 1],[0. 1.],0,1,[0.6 0.6],1.0,0.0,1.0
174,0.0,1,88.0,1,175,1,False,0.0,0,1.0,[1 1],[0. 1.],0,1,[0.6 0.6],1.0,0.0,1.0
175,0.0,1,88.0,0,176,0,False,1.0,1,0.0,[1 2],[0. 1.],1,1,[0.6 0.6],1.0,0.0,1.0
176,0.0,1,89.0,2,177,1,False,0.0,0,2.0,[1 2],[0. 1.],1,1,[0.6 0.6],1.0,0.0,1.0
177,1.0,1,89.0,0,178,0,False,2.0,1,0.0,[1 2],[0. 1.],1,1,[0.6 0.6],1.0,0.0,1.0
178,0.0,1,90.0,2,179,1,False,0.0,0,2.0,[1 2],[0. 1.],1,1,[0.6 0.6],1.0,0.0,1.0
179,1.0,1,90.0,0,180,0,False,2.0,1,0.0,[1 2],[0. 1.],0,1,[0.6 0.6],1.0,0.0,1.0
180,0.0,1,91.0,2,181,1,False,0.0,0,1.0,[1 2],[0. 1.],0,1,[0.6 0.6],1.0,0.0,1.0
181,1.0,1,91.0,0,182,0,False,1.0,1,0.0,[1 1],[0. 1.],0,1,[0.6 0.6],1.0,0.0,1.0
182,0.0,1,92.0,2,183,1,False,0.0,0,1.0,[1 1],[0. 1.],0,1,[0.6 0.6],1.0,0.0,1.0
183,0.0,1,92.0,0,184,0,False,1.0,1,0.0,[1 2],[0. 1.],0,1,[0.6 0.6],1.0,0.0,1.0
184,0.0,1,93.0,2,185,1,False,0.0,0,1.0,[1 2],[0. 1.],0,1,[0.6 0.6],1.0,0.0,1.0
185,1.0,1,93.0,0,186,0,False,1.0,1,0.0,[1 2],[0. 1.],1,1,[0.6 0.6],1.0,0.0,1.0
186,0.0,1,94.0,2,187,1,False,0.0,0,2.0,[1 2],[0. 1.],1,1,[0.6 0.6],1.0,0.0,1.0
187,1.0,1,94.0,0,188,0,False,2.0,1,0.0,[1 2],[0. 1.],0,1,[0.6 0.6],1.0,0.0,1.0
188,0.0,1,95.0,2,189,1,False,0.0,0,1.0,[1 2],[0. 1.],0,1,[0.6 0.6],1.0,0.0,1.0
189,1.0,1,95.0,0,190,0,False,1.0,1,0.0,[1 2],[0. 1.],1,1,[0.6 0.6],1.0,0.0,1.0
190,0.0,1,96.0,2,191,1,False,0.0,0,2.0,[1 2],[0. 1.],1,1,[0.6 0.6],1.0,0.0,1.0
191,1.0,1,96.0,0,192,0,False,2.0,1,0.0,[2 2],[0. 1.],1,1,[0.6 0.6],1.0,0.0,1.0
192,0.0,1,97.0,2,193,1,False,0.0,0,2.0,[2 2],[0. 1.],1,1,[0.6 0.6],1.0,0.0,1.0
193,1.0,1,97.0,0,194,0,False,2.0,1,0.0,[1 1],[0. 1.],0,1,[0.6 0.6],1.0,0.0,1.0
194,0.0,1,98.0,2,195,1,False,0.0,0,1.0,[1 1],[0. 1.],0,1,[0.6 0.6],1.0,0.0,1.0
195,0.0,1,98.0,0,196,0,False,1.0,1,0.0,[2 1],[0. 1.],1,1,[0.6 0.6],1.0,0.0,1.0
196,0.0,1,99.0,2,197,1,False,0.0,0,2.0,[2 1],[0. 1.],1,1,[0.6 0.6],1.0,0.0,1.0
197,0.0,1,99.0,0,198,0,False,2.0,1,0.0,[1 2],[0. 1.],1,1,[0.6 0.6],1.0,0.0,1.0
198,0.0,1,100.0,2,199,1,False,0.0,0,2.0,[1 2],[0. 1.],1,1,[0.6 0.6],1.0,0.0,1.0
199,1.0,1,100.0,0,200,0,False,2.0,1,0.0,[2 2],[0. 1.],0,1,[0.6 0.6],1.0,0.0,1.0
200,0.0,1,101.0,2,201,1,False,0.0,0,1.0,[2 2],[0. 1.],0,1,[0.6 0.6],1.0,0.0,1.0
201,1.0,1,101.0,0,202,0,False,1.0,1,0.0,[2 1],[0. 1.],1,1,[0.6 0.6],1.0,0.0,1.0
202,0.0,1,102.0,2,203,1,False,0.0,0,2.0,[2 1],[0. 1.],1,1,[0.6 0.6],1.0,0.0,1.0
203,0.0,1,102.0,0,204,0,False,2.0,1,0.0,[2 1],[0. 1.],0,1,[0.6 0.6],1.0,0.0,1.0
204,0.0,1,103.0,2,205,1,False,0.0,0,1.0,[2 1],[0. 1.],0,1,[0.6 0.6],1.0,0.0,1.0
205,0.0,1,103.0,0,206,0,False,1.0,1,0.0,[1 2],[0. 1.],0,1,[0.6 0.6],1.0,0.0,1.0
206,0.0,1,104.0,2,207,1,False,0.0,0,1.0,[1 2],[0. 1.],0,1,[0.6 0.6],1.0,0.0,1.0
207,1.0,1,104.0,0,208,0,False,1.0,1,0.0,[1 1],[0. 1.],0,1,[0.6 0.6],1.0,0.0,1.0
208,0.0,1,105.0,2,209,1,False,0.0,0,1.0,[1 1],[0. 1.],0,1,[0.6 0.6],1.0,0.0,1.0
209,0.0,1,105.0,0,210,0,False,1.0,1,0.0,[2 1],[0. 1.],1,1,[0.6 0.6],1.0,0.0,1.0
210,0.0,1,106.0,2,211,1,False,0.0,0,2.0,[2 1],[0. 1.],1,1,[0.6 0.6],1.0,0.0,1.0
211,0.0,1,106.0,0,212,0,False,2.0,1,0.0,[2 2],[0. 1.],1,1,[0.6 0.6],1.0,0.0,1.0
212,0.0,1,107.0,2,213,1,False,0.0,0,2.0,[2 2],[0. 1.],1,1,[0.6 0.6],1.0,0.0,1.0
213,1.0,1,107.0,0,214,0,False,2.0,1,0.0,[1 2],[0. 1.],1,1,[0.6 0.6],1.0,0.0,1.0
214,0.0,1,108.0,2,215,1,False,0.0,0,2.0,[1 2],[0. 1.],1,1,[0.6 0.6],1.0,0.0,1.0
215,1.0,1,108.0,0,216,0,False,2.0,1,0.0,[1 1],[0. 1.],0,1,[0.6 0.6],1.0,0.0,1.0
216,0.0,1,109.0,2,217,1,False,0.0,0,1.0,[1 1],[0. 1.],0,1,[0.6 0.6],1.0,0.0,1.0
217,0.0,1,109.0,0,218,0,False,1.0,1,0.0,[1 2],[0. 1.],0,1,[0.6 0.6],1.0,0.0,1.0
218,0.0,1,110.0,2,219,1,False,0.0,0,1.0,[1 2],[0. 1.],0,1,[0.6 0.6],1.0,0.0,1.0
219,1.0,1,110.0,0,220,0,False,1.0,1,0.0,[1 1],[0. 1.],1,1,[0.6 0.6],1.0,0.0,1.0
220,0.0,1,111.0,2,221,1,False,0.0,0,2.0,[1 1],[0. 1.],1,1,[0.6 0.6],1.0,0.0,1.0
221,0.0,1,111.0,0,222,0,False,2.0,1,0.0,[2 2],[0. 1.],1,1,[0.6 0.6],1.0,0.0,1.0
222,0.0,1,112.0,2,223,1,False,0.0,0,2.0,[2 2],[0. 1.],1,1,[0.6 0.6],1.0,0.0,1.0
223,1.0,1,112.0,0,224,0,False,2.0,1,0.0,[1 1],[0. 1.],0,1,[0.6 0.6],1.0,0.0,1.0
224,0.0,1,113.0,2,225,1,False,0.0,0,1.0,[1 1],[0. 1.],0,1,[0.6 0.6],1.0,0.0,1.0
225,0.0,1,113.0,0,226,0,False,1.0,1,0.0,[1 1],[0. 1.],1,1,[0.6 0.6],1.0,0.0,1.0
226,0.0,1,114.0,2,227,1,False,0.0,0,2.0,[1 1],[0. 1.],1,1,[0.6 0.6],1.0,0.0,1.0
227,0.0,1,114.0,0,228,0,False,2.0,1,0.0,[1 2],[0. 1.],1,1,[0.6 0.6],1.0,0.0,1.0
228,0.0,1,115.0,2,229,1,False,0.0,0,2.0,[1 2],[0. 1.],1,1,[0.6 0.6],1.0,0.0,1.0
229,1.0,1,115.0,0,230,0,False,2.0,1,0.0,[2 2],[0. 1.],1,1,[0.6 0.6],1.0,0.0,1.0
230,0.0,1,116.0,2,231,1,False,0.0,0,2.0,[2 2],[0. 1.],1,1,[0.6 0.6],1.0,0.0,1.0
231,1.0,1,116.0,0,232,0,False,2.0,1,0.0,[2 1],[0. 1.],0,1,[0.6 0.6],1.0,0.0,1.0
232,0.0,1,117.0,2,233,1,False,0.0,0,1.0,[2 1],[0. 1.],0,1,[0.6 0.6],1.0,0.0,1.0
233,0.0,1,117.0,0,234,0,False,1.0,1,0.0,[1 2],[0. 1.],0,1,[0.6 0.6],1.0,0.0,1.0
234,0.0,1,118.0,2,235,1,False,0.0,0,1.0,[1 2],[0. 1.],0,1,[0.6 0.6],1.0,0.0,1.0
235,1.0,1,118.0,0,236,0,False,1.0,1,0.0,[2 2],[0. 1.],1,1,[0.6 0.6],1.0,0.0,1.0
236,0.0,1,119.0,2,237,1,False,0.0,0,2.0,[2 2],[0. 1.],1,1,[0.6 0.6],1.0,0.0,1.0
237,1.0,1,119.0,0,238,0,False,2.0,1,0.0,[1 2],[0. 1.],1,1,[0.6 0.6],1.0,0.0,1.0
238,0.0,1,120.0,2,239,1,False,0.0,0,2.0,[1 2],[0. 1.],1,1,[0.6 0.6],1.0,0.0,1.0
239,1.0,1,120.0,0,240,0,False,2.0,1,0.0,[2 1],[0. 1.],0,1,[0.6 0.6],1.0,0.0,1.0
240,0.0,1,121.0,2,241,1,False,0.0,0,1.0,[2 1],[0. 1.],0,1,[0.6 0.6],1.0,0.0,1.0
241,0.0,1,121.0,0,242,0,False,1.0,1,0.0,[2 1],[0. 1.],0,1,[0.6 0.6],1.0,0.0,1.0
242,0.0,1,122.0,2,243,1,False,0.0,0,1.0,[2 1],[0. 1.],0,1,[0.6 0.6],1.0,0.0,1.0
243,0.0,1,122.0,0,244,0,False,1.0,1,0.0,[2 2],[0. 1.],0,1,[0.6 0.6],1.0,0.0,1.0
244,0.0,1,123.0,2,245,1,False,0.0,0,1.0,[2 2],[0. 1.],0,1,[0.6 0.6],1.0,0.0,1.0
245,1.0,1,123.0,0,246,0,False,1.0,1,0.0,[2 1],[0. 1.],1,1,[0.6 0.6],1.0,0.0,1.0
246,0.0,1,124.0,2,247,1,False,0.0,0,2.0,[2 1],[0. 1.],1,1,[0.6 0.6],1.0,0.0,1.0
247,0.0,1,124.0,0,248,0,False,2.0,1,0.0,[1 1],[0. 1.],1,1,[0.6 0.6],1.0,0.0,1.0
248,0.0,1,125.0,2,249,1,False,0.0,0,2.0,[1 1],[0. 1.],1,1,[0.6 0.6],1.0,0.0,1.0
249,0.0,1,125.0,0,250,0,False,2.0,1,0.0,[1 2],[0. 1.],1,1,[0.6 0.6],1.0,0.0,1.0
250,0.0,1,126.0,2,251,1,False,0.0,0,2.0,[1 2],[0. 1.],1,1,[0.6 0.6],1.0,0.0,1.0
251,1.0,1,126.0,0,252,0,False,2.0,1,0.0,[2 2],[0. 1.],0,1,[0.6 0.6],1.0,0.0,1.0
252,0.0,1,127.0,2,253,1,False,0.0,0,1.0,[2 2],[0. 1.],0,1,[0.6 0.6],1.0,0.0,1.0
253,1.0,1,127.0,0,254,0,False,1.0,1,0.0,[1 2],[0. 1.],0,1,[0.6 0.6],1.0,0.0,1.0
254,0.0,1,128.0,2,255,1,False,0.0,0,1.0,[1 2],[0. 1.],0,1,[0.6 0.6],1.0,0.0,1.0
255,1.0,1,128.0,0,256,0,False,1.0,1,0.0,[1 2],[0. 1.],1,1,[0.6 0.6],1.0,0.0,1.0
256,0.0,1,129.0,2,257,1,False,0.0,0,2.0,[1 2],[0. 1.],1,1,[0.6 0.6],1.0,0.0,1.0
257,1.0,1,129.0,0,258,0,False,2.0,1,0.0,[2 2],[0. 1.],0,1,[0.6 0.6],1.0,0.0,1.0
258,0.0,1,130.0,2,259,1,False,0.0,0,1.0,[2 2],[0. 1.],0,1,[0.6 0.6],1.0,0.0,1.0
259,1.0,1,130.0,0,260,0,False,1.0,1,0.0,[2 1],[0. 1.],0,1,[0.6 0.6],1.0,0.0,1.0
260,0.0,1,131.0,2,261,1,False,0.0,0,1.0,[2 1],[0. 1.],0,1,[0.6 0.6],1.0,0.0,1.0
261,0.0,1,131.0,0,262,0,False,1.0,1,0.0,[1 1],[0. 1.],1,1,[0.6 0.6],1.0,0.0,1.0
262,0.0,1,132.0,2,263,1,False,0.0,0,2.0,[1 1],[0. 1.],1,1,[0.6 0.6],1.0,0.0,1.0
263,0.0,1,132.0,0,264,0,False,2.0,1,0.0,[1 1],[0. 1.],0,1,[0.6 0.6],1.0,0.0,1.0
264,0.0,1,133.0,2,265,1,False,0.0,0,1.0,[1 1],[0. 1.],0,1,[0.6 0.6],1.0,0.0,1.0
265,0.0,1,133.0,0,266,0,False,1.0,1,0.0,[1 2],[0. 1.],0,1,[0.6 0.6],1.0,0.0,1.0
266,0.0,1,134.0,2,267,1,False,0.0,0,1.0,[1 2],[0. 1.],0,1,[0.6 0.6],1.0,0.0,1.0
267,1.0,1,134.0,0,268,0,False,1.0,1,0.0,[2 2],[0. 1.],0,1,[0.6 0.6],1.0,0.0,1.0
268,0.0,1,135.0,2,269,1,False,0.0,0,1.0,[2 2],[0. 1.],0,1,[0.6 0.6],1.0,0.0,1.0
269,1.0,1,135.0,0,270,0,False,1.0,1,0.0,[1 2],[0. 1.],1,1,[0.6 0.6],1.0,0.0,1.0
270,0.0,1,136.0,2,271,1,False,0.0,0,2.0,[1 2],[0. 1.],1,1,[0.6 0.6],1.0,0.0,1.0
271,1.0,1,136.0,0,272,0,False,2.0,1,0.0,[1 2],[0. 1.],0,1,[0.6 0.6],1.0,0.0,1.0
272,0.0,1,137.0,2,273,1,False,0.0,0,1.0,[1 2],[0. 1.],0,1,[0.6 0.6],1.0,0.0,1.0
273,1.0,1,137.0,0,274,0,False,1.0,1,0.0,[2 2],[0. 1.],1,1,[0.6 0.6],1.0,0.0,1.0
274,0.0,1,138.0,2,275,1,False,0.0,0,2.0,[2 2],[0. 1.],1,1,[0.6 0.6],1.0,0.0,1.0
275,1.0,1,138.0,0,276,0,False,2.0,1,0.0,[2 2],[0. 1.],1,1,[0.6 0.6],1.0,0.0,1.0
276,0.0,1,139.0,2,277,1,False,0.0,0,2.0,[2 2],[0. 1.],1,1,[0.6 0.6],1.0,0.0,1.0
277,1.0,1,139.0,0,278,0,False,2.0,1,0.0,[1 1],[0. 1.],1,1,[0.6 0.6],1.0,0.0,1.0
278,0.0,1,140.0,2,279,1,False,0.0,0,2.0,[1 1],[0. 1.],1,1,[0.6 0.6],1.0,0.0,1.0
279,0.0,1,140.0,0,280,0,False,2.0,1,0.0,[1 1],[0. 1.],1,1,[0.6 0.6],1.0,0.0,1.0
280,0.0,1,141.0,2,281,1,False,0.0,0,2.0,[1 1],[0. 1.],1,1,[0.6 0.6],1.0,0.0,1.0
281,0.0,1,141.0,0,282,0,False,2.0,1,0.0,[2 2],[0. 1.],0,1,[0.6 0.6],1.0,0.0,1.0
282,0.0,1,142.0,1,283,1,False,0.0,0,1.0,[2 2],[0. 1.],0,1,[0.6 0.6],1.0,0.0,1.0
283,1.0,1,142.0,0,284,0,False,1.0,1,0.0,[1 2],[0. 1.],1,1,[0.6 0.6],1.0,0.0,1.0
284,0.0,1,143.0,1,285,1,False,0.0,0,2.0,[1 2],[0. 1.],1,1,[0.6 0.6],1.0,0.0,1.0
285,0.0,1,143.0,0,286,0,False,2.0,1,0.0,[1 2],[0. 1.],1,1,[0.6 0.6],1.0,0.0,1.0
286,0.0,1,144.0,1,287,1,False,0.0,0,2.0,[1 2],[0. 1.],1,1,[0.6 0.6],1.0,0.0,1.0
287,0.0,1,144.0,0,288,0,False,2.0,1,0.0,[2 2],[0. 1.],1,1,[0.6 0.6],1.0,0.0,1.0
288,0.0,1,145.0,2,289,1,False,0.0,0,2.0,[2 2],[0. 1.],1,1,[0.6 0.6],1.0,0.0,1.0
289,1.0,1,145.0,0,290,0,False,2.0,1,0.0,[1 1],[0. 1.],1,1,[0.6 0.6],1.0,0.0,1.0
290,0.0,1,146.0,2,291,1,False,0.0,0,2.0,[1 1],[0. 1.],1,1,[0.6 0.6],1.0,0.0,1.0
291,0.0,1,146.0,0,292,0,False,2.0,1,0.0,[2 2],[0. 1.],1,1,[0.6 0.6],1.0,0.0,1.0
292,0.0,1,147.0,1,293,1,False,0.0,0,2.0,[2 2],[0. 1.],1,1,[0.6 0.6],1.0,0.0,1.0
293,1.0,1,147.0,0,294,0,False,2.0,1,0.0,[2 1],[0. 1.],1,1,[0.6 0.6],1.0,0.0,1.0
294,0.0,1,148.0,1,295,1,False,0.0,0,2.0,[2 1],[0. 1.],1,1,[0.6 0.6],1.0,0.0,1.0
295,1.0,1,148.0,0,296,0,False,2.0,1,0.0,[1 1],[0. 1.],0,1,[0.6 0.6],1.0,0.0,1.0
296,0.0,1,149.0,1,297,1,False,0.0,0,1.0,[1 1],[0. 1.],0,1,[0.6 0.6],1.0,0.0,1.0
297,0.0,1,149.0,0,298,0,False,1.0,1,0.0,[1 1],[0. 1.],0,1,[0.6 0.6],1.0,0.0,1.0
298,0.0,1,150.0,1,299,1,False,0.0,0,1.0,[1 1],[0. 1.],0,1,[0.6 0.6],1.0,0.0,1.0
299,0.0,1,150.0,0,300,0,False,1.0,1,0.0,[1 1],[0. 1.],1,1,[0.6 0.6],1.0,0.0,1.0
300,0.0,1,151.0,1,301,1,False,0.0,0,2.0,[1 1],[0. 1.],1,1,[0.6 0.6],1.0,0.0,1.0
301,0.0,1,151.0,0,302,0,False,2.0,1,0.0,[2 2],[0. 1.],0,1,[0.6 0.6],1.0,0.0,1.0
302,0.0,1,152.0,2,303,1,False,0.0,0,1.0,[2 2],[0. 1.],0,1,[0.6 0.6],1.0,0.0,1.0
303,1.0,1,152.0,0,304,0,False,1.0,1,0.0,[1 2],[0. 1.],0,1,[0.6 0.6],1.0,0.0,1.0
304,0.0,1,153.0,2,305,1,False,0.0,0,1.0,[1 2],[0. 1.],0,1,[0.6 0.6],1.0,0.0,1.0
305,1.0,1,153.0,0,306,0,False,1.0,1,0.0,[1 2],[0. 1.],1,1,[0.6 0.6],1.0,0.0,1.0
306,0.0,1,154.0,2,307,1,False,0.0,0,2.0,[1 2],[0. 1.],1,1,[0.6 0.6],1.0,0.0,1.0
307,1.0,1,154.0,0,308,0,False,2.0,1,0.0,[1 2],[0. 1.],0,1,[0.6 0.6],1.0,0.0,1.0
308,0.0,1,155.0,2,309,1,False,0.0,0,1.0,[1 2],[0. 1.],0,1,[0.6 0.6],1.0,0.0,1.0
309,1.0,1,155.0,0,310,0,False,1.0,1,0.0,[1 1],[0. 1.],1,1,[0.6 0.6],1.0,0.0,1.0
310,0.0,1,156.0,2,311,1,False,0.0,0,2.0,[1 1],[0. 1.],1,1,[0.6 0.6],1.0,0.0,1.0
311,0.0,1,156.0,0,312,0,False,2.0,1,0.0,[1 2],[0. 1.],0,1,[0.6 0.6],1.0,0.0,1.0
312,0.0,1,157.0,2,313,1,False,0.0,0,1.0,[1 2],[0. 1.],0,1,[0.6 0.6],1.0,0.0,1.0
313,1.0,1,157.0,0,314,0,False,1.0,1,0.0,[2 2],[0. 1.],0,1,[0.6 0.6],1.0,0.0,1.0
314,0.0,1,158.0,2,315,1,False,0.0,0,1.0,[2 2],[0. 1.],0,1,[0.6 0.6],1.0,0.0,1.0
315,1.0,1,158.0,0,316,0,False,1.0,1,0.0,[2 2],[0. 1.],1,1,[0.6 0.6],1.0,0.0,1.0
316,0.0,1,159.0,2,317,1,False,0.0,0,2.0,[2 2],[0. 1.],1,1,[0.6 0.6],1.0,0.0,1.0
317,1.0,1,159.0,0,318,0,False,2.0,1,0.0,[2 2],[0. 1.],0,1,[0.6 0.6],1.0,0.0,1.0
318,0.0,1,160.0,2,319,1,False,0.0,0,1.0,[2 2],[0. 1.],0,1,[0.6 0.6],1.0,0.0,1.0
319,1.0,1,160.0,0,320,0,False,1.0,1,0.0,[1 1],[0. 1.],0,1,[0.6 0.6],1.0,0.0,1.0
320,0.0,1,161.0,2,321,1,False,0.0,0,1.0,[1 1],[0. 1.],0,1,[0.6 0.6],1.0,0.0,1.0
321,0.0,1,161.0,0,322,0,False,1.0,1,0.0,[1 2],[1. 0.],1,0,[0.6 0.6],1.0,0.0,1.0
322,0.0,1,162.0,2,323,1,False,0.0,0,2.0,[1 2],[1. 0.],1,0,[0.6 0.6],1.0,0.0,1.0
323,0.0,1,162.0,0,324,0,False,2.0,1,0.0,[1 2],[1. 0.],1,0,[0.6 0.6],1.0,0.0,1.0
324,0.0,1,163.0,2,325,1,False,0.0,0,2.0,[1 2],[1. 0.],1,0,[0.6 0.6],1.0,0.0,1.0
325,0.0,1,163.0,0,326,0,False,2.0,1,0.0,[1 1],[1. 0.],1,0,[0.6 0.6],1.0,0.0,1.0
326,0.0,1,164.0,1,327,1,False,0.0,0,2.0,[1 1],[1. 0.],1,0,[0.6 0.6],1.0,0.0,1.0
327,1.0,1,164.0,0,328,0,False,2.0,1,0.0,[1 2],[1. 0.],0,0,[0.6 0.6],1.0,0.0,1.0
328,0.0,1,165.0,1,329,1,False,0.0,0,1.0,[1 2],[1. 0.],0,0,[0.6 0.6],1.0,0.0,1.0
329,1.0,1,165.0,0,330,0,False,1.0,1,0.0,[1 2],[1. 0.],1,0,[0.6 0.6],1.0,0.0,1.0
330,0.0,1,166.0,1,331,1,False,0.0,0,2.0,[1 2],[1. 0.],1,0,[0.6 0.6],1.0,0.0,1.0
331,1.0,1,166.0,0,332,0,False,2.0,1,0.0,[1 2],[1. 0.],0,0,[0.6 0.6],1.0,0.0,1.0
332,0.0,1,167.0,1,333,1,False,0.0,0,1.0,[1 2],[1. 0.],0,0,[0.6 0.6],1.0,0.0,1.0
333,1.0,1,167.0,0,334,0,False,1.0,1,0.0,[2 2],[1. 0.],1,0,[0.6 0.6],1.0,0.0,1.0
334,0.0,1,168.0,1,335,1,False,0.0,0,2.0,[2 2],[1. 0.],1,0,[0.6 0.6],1.0,0.0,1.0
335,0.0,1,168.0,0,336,0,False,2.0,1,0.0,[1 1],[0. 1.],0,1,[0.6 0.6],1.0,0.0,1.0
336,0.0,1,169.0,1,337,1,False,0.0,0,1.0,[1 1],[0. 1.],0,1,[0.6 0.6],1.0,0.0,1.0
337,0.0,1,169.0,0,338,0,False,1.0,1,0.0,[1 2],[0. 1.],1,1,[0.6 0.6],1.0,0.0,1.0
338,0.0,1,170.0,1,339,1,False,0.0,0,2.0,[1 2],[0. 1.],1,1,[0.6 0.6],1.0,0.0,1.0
339,0.0,1,170.0,0,340,0,False,2.0,1,0.0,[1 2],[0. 1.],0,1,[0.6 0.6],1.0,0.0,1.0
340,0.0,1,171.0,2,341,1,False,0.0,0,1.0,[1 2],[0. 1.],0,1,[0.6 0.6],1.0,0.0,1.0
341,1.0,1,171.0,0,342,0,False,1.0,1,0.0,[1 2],[0. 1.],1,1,[0.6 0.6],1.0,0.0,1.0
342,0.0,1,172.0,2,343,1,False,0.0,0,2.0,[1 2],[0. 1.],1,1,[0.6 0.6],1.0,0.0,1.0
343,1.0,1,172.0,0,344,0,False,2.0,1,0.0,[1 2],[0. 1.],1,1,[0.6 0.6],1.0,0.0,1.0
344,0.0,1,173.0,2,345,1,False,0.0,0,2.0,[1 2],[0. 1.],1,1,[0.6 0.6],1.0,0.0,1.0
345,1.0,1,173.0,0,346,0,False,2.0,1,0.0,[2 2],[0. 1.],0,1,[0.6 0.6],1.0,0.0,1.0
346,0.0,1,174.0,2,347,1,False,0.0,0,1.0,[2 2],[0. 1.],0,1,[0.6 0.6],1.0,0.0,1.0
347,1.0,1,174.0,0,348,0,False,1.0,1,0.0,[2 2],[0. 1.],1,1,[0.6 0.6],1.0,0.0,1.0
348,0.0,1,175.0,2,349,1,False,0.0,0,2.0,[2 2],[0. 1.],1,1,[0.6 0.6],1.0,0.0,1.0
349,1.0,1,175.0,0,350,0,False,2.0,1,0.0,[2 2],[0. 1.],1,1,[0.6 0.6],1.0,0.0,1.0
350,0.0,1,176.0,2,351,1,False,0.0,0,2.0,[2 2],[0. 1.],1,1,[0.6 0.6],1.0,0.0,1.0
351,1.0,1,176.0,0,352,0,False,2.0,1,0.0,[1 2],[0. 1.],0,1,[0.6 0.6],1.0,0.0,1.0
352,0.0,1,177.0,2,353,1,False,0.0,0,1.0,[1 2],[0. 1.],0,1,[0.6 0.6],1.0,0.0,1.0
353,1.0,1,177.0,0,354,0,False,1.0,1,0.0,[1 1],[0. 1.],1,1,[0.6 0.6],1.0,0.0,1.0
354,0.0,1,178.0,2,355,1,False,0.0,0,2.0,[1 1],[0. 1.],1,1,[0.6 0.6],1.0,0.0,1.0
355,0.0,1,178.0,0,356,0,False,2.0,1,0.0,[1 2],[0. 1.],0,1,[0.6 0.6],1.0,0.0,1.0
356,0.0,1,179.0,2,357,1,False,0.0,0,1.0,[1 2],[0. 1.],0,1,[0.6 0.6],1.0,0.0,1.0
357,1.0,1,179.0,0,358,0,False,1.0,1,0.0,[2 2],[0. 1.],1,1,[0.6 0.6],1.0,0.0,1.0
358,0.0,1,180.0,2,359,1,False,0.0,0,2.0,[2 2],[0. 1.],1,1,[0.6 0.6],1.0,0.0,1.0
359,1.0,1,180.0,0,360,0,False,2.0,1,0.0,[2 2],[0. 1.],1,1,[0.6 0.6],1.0,0.0,1.0
360,0.0,1,181.0,2,361,1,False,0.0,0,2.0,[2 2],[0. 1.],1,1,[0.6 0.6],1.0,0.0,1.0
361,1.0,1,181.0,0,362,0,False,2.0,1,0.0,[2 1],[0. 1.],0,1,[0.6 0.6],1.0,0.0,1.0
362,0.0,1,182.0,2,363,1,False,0.0,0,1.0,[2 1],[0. 1.],0,1,[0.6 0.6],1.0,0.0,1.0
363,0.0,1,182.0,0,364,0,False,1.0,1,0.0,[2 2],[0. 1.],0,1,[0.6 0.6],1.0,0.0,1.0
364,0.0,1,183.0,2,365,1,False,0.0,0,1.0,[2 2],[0. 1.],0,1,[0.6 0.6],1.0,0.0,1.0
365,1.0,1,183.0,0,366,0,False,1.0,1,0.0,[1 1],[0. 1.],1,1,[0.6 0.6],1.0,0.0,1.0
366,0.0,1,184.0,2,367,1,False,0.0,0,2.0,[1 1],[0. 1.],1,1,[0.6 0.6],1.0,0.0,1.0
367,0.0,1,184.0,0,368,0,False,2.0,1,0.0,[1 2],[0. 1.],1,1,[0.6 0.6],1.0,0.0,1.0
368,0.0,1,185.0,2,369,1,False,0.0,0,2.0,[1 2],[0. 1.],1,1,[0.6 0.6],1.0,0.0,1.0
369,1.0,1,185.0,0,370,0,False,2.0,1,0.0,[2 1],[0. 1.],0,1,[0.6 0.6],1.0,0.0,1.0
370,0.0,1,186.0,2,371,1,False,0.0,0,1.0,[2 1],[0. 1.],0,1,[0.6 0.6],1.0,0.0,1.0
371,0.0,1,186.0,0,372,0,False,1.0,1,0.0,[2 2],[0. 1.],0,1,[0.6 0.6],1.0,0.0,1.0
372,0.0,1,187.0,2,373,1,False,0.0,0,1.0,[2 2],[0. 1.],0,1,[0.6 0.6],1.0,0.0,1.0
373,1.0,1,187.0,0,374,0,False,1.0,1,0.0,[1 1],[0. 1.],1,1,[0.6 0.6],1.0,0.0,1.0
374,0.0,1,188.0,2,375,1,False,0.0,0,2.0,[1 1],[0. 1.],1,1,[0.6 0.6],1.0,0.0,1.0
375,0.0,1,188.0,0,376,0,False,2.0,1,0.0,[1 1],[0. 1.],0,1,[0.6 0.6],1.0,0.0,1.0
376,0.0,1,189.0,2,377,1,False,0.0,0,1.0,[1 1],[0. 1.],0,1,[0.6 0.6],1.0,0.0,1.0
377,0.0,1,189.0,0,378,0,False,1.0,1,0.0,[1 2],[0. 1.],0,1,[0.6 0.6],1.0,0.0,1.0
378,0.0,1,190.0,2,379,1,False,0.0,0,1.0,[1 2],[0. 1.],0,1,[0.6 0.6],1.0,0.0,1.0
379,1.0,1,190.0,0,380,0,False,1.0,1,0.0,[2 1],[0. 1.],0,1,[0.6 0.6],1.0,0.0,1.0
380,0.0,1,191.0,2,381,1,False,0.0,0,1.0,[2 1],[0. 1.],0,1,[0.6 0.6],1.0,0.0,1.0
381,0.0,1,191.0,0,382,0,False,1.0,1,0.0,[1 2],[0. 1.],0,1,[0.6 0.6],1.0,0.0,1.0
382,0.0,1,192.0,2,383,1,False,0.0,0,1.0,[1 2],[0. 1.],0,1,[0.6 0.6],1.0,0.0,1.0
383,1.0,1,192.0,0,384,0,False,1.0,1,0.0,[2 1],[0. 1.],1,1,[0.6 0.6],1.0,0.0,1.0
384,0.0,1,193.0,2,385,1,False,0.0,0,2.0,[2 1],[0. 1.],1,1,[0.6 0.6],1.0,0.0,1.0
385,0.0,1,193.0,0,386,0,False,2.0,1,0.0,[2 1],[0. 1.],1,1,[0.6 0.6],1.0,0.0,1.0
386,0.0,1,194.0,2,387,1,False,0.0,0,2.0,[2 1],[0. 1.],1,1,[0.6 0.6],1.0,0.0,1.0
387,0.0,1,194.0,0,388,0,False,2.0,1,0.0,[1 1],[0. 1.],1,1,[0.6 0.6],1.0,0.0,1.0
388,0.0,1,195.0,1,389,1,False,0.0,0,2.0,[1 1],[0. 1.],1,1,[0.6 0.6],1.0,0.0,1.0
389,0.0,1,195.0,0,390,0,False,2.0,1,0.0,[1 2],[0. 1.],0,1,[0.6 0.6],1.0,0.0,1.0
390,0.0,1,196.0,2,391,1,False,0.0,0,1.0,[1 2],[0. 1.],0,1,[0.6 0.6],1.0,0.0,1.0
391,1.0,1,196.0,0,392,0,False,1.0,1,0.0,[2 2],[0. 1.],0,1,[0.6 0.6],1.0,0.0,1.0
392,0.0,1,197.0,2,393,1,False,0.0,0,1.0,[2 2],[0. 1.],0,1,[0.6 0.6],1.0,0.0,1.0
393,1.0,1,197.0,0,394,0,False,1.0,1,0.0,[2 1],[0. 1.],0,1,[0.6 0.6],1.0,0.0,1.0
394,0.0,1,198.0,2,395,1,False,0.0,0,1.0,[2 1],[0. 1.],0,1,[0.6 0.6],1.0,0.0,1.0
395,0.0,1,198.0,0,396,0,False,1.0,1,0.0,[1 1],[0. 1.],1,1,[0.6 0.6],1.0,0.0,1.0
396,0.0,1,199.0,2,397,1,False,0.0,0,2.0,[1 1],[0. 1.],1,1,[0.6 0.6],1.0,0.0,1.0
397,0.0,1,199.0,0,398,0,False,2.0,1,0.0,[1 1],[0. 1.],1,1,[0.6 0.6],1.0,0.0,1.0
398,0.0,1,200.0,2,399,1,False,0.0,0,2.0,[1 1],[0. 1.],1,1,[0.6 0.6],1.0,0.0,1.0
399,0.0,1,200.0,0,400,0,False,2.0,1,0.0,[1 1],[0. 1.],0,1,[0.6 0.6],1.0,0.0,1.0
400,0.0,1,201.0,1,401,1,False,0.0,0,1.0,[1 1],[0. 1.],0,1,[0.6 0.6],1.0,0.0,1.0
401,0.0,1,201.0,0,402,0,False,1.0,1,0.0,[2 1],[0. 1.],0,1,[0.6 0.6],1.0,0.0,1.0
402,0.0,1,202.0,1,403,1,False,0.0,0,1.0,[2 1],[0. 1.],0,1,[0.6 0.6],1.0,0.0,1.0
403,1.0,1,202.0,0,404,0,False,1.0,1,0.0,[1 1],[0. 1.],0,1,[0.6 0.6],1.0,0.0,1.0
404,0.0,1,203.0,1,405,1,False,0.0,0,1.0,[1 1],[0. 1.],0,1,[0.6 0.6],1.0,0.0,1.0
405,0.0,1,203.0,0,406,0,False,1.0,1,0.0,[2 2],[0. 1.],1,1,[0.6 0.6],1.0,0.0,1.0
406,0.0,1,204.0,1,407,1,False,0.0,0,2.0,[2 2],[0. 1.],1,1,[0.6 0.6],1.0,0.0,1.0
407,1.0,1,204.0,0,408,0,False,2.0,1,0.0,[1 1],[0. 1.],0,1,[0.6 0.6],1.0,0.0,1.0
408,0.0,1,205.0,1,409,1,False,0.0,0,1.0,[1 1],[0. 1.],0,1,[0.6 0.6],1.0,0.0,1.0
409,0.0,1,205.0,0,410,0,False,1.0,1,0.0,[2 2],[0. 1.],1,1,[0.6 0.6],1.0,0.0,1.0
410,0.0,1,206.0,1,411,1,False,0.0,0,2.0,[2 2],[0. 1.],1,1,[0.6 0.6],1.0,0.0,1.0
411,1.0,1,206.0,0,412,0,False,2.0,1,0.0,[2 1],[0. 1.],0,1,[0.6 0.6],1.0,0.0,1.0
412,0.0,1,207.0,1,413,1,False,0.0,0,1.0,[2 1],[0. 1.],0,1,[0.6 0.6],1.0,0.0,1.0
413,1.0,1,207.0,0,414,0,False,1.0,1,0.0,[2 2],[0. 1.],0,1,[0.6 0.6],1.0,0.0,1.0
414,0.0,1,208.0,1,415,1,False,0.0,0,1.0,[2 2],[0. 1.],0,1,[0.6 0.6],1.0,0.0,1.0
415,1.0,1,208.0,0,416,0,False,1.0,1,0.0,[2 1],[0. 1.],1,1,[0.6 0.6],1.0,0.0,1.0
416,0.0,1,209.0,1,417,1,False,0.0,0,2.0,[2 1],[0. 1.],1,1,[0.6 0.6],1.0,0.0,1.0
417,1.0,1,209.0,0,418,0,False,2.0,1,0.0,[2 2],[0. 1.],0,1,[0.6 0.6],1.0,0.0,1.0
418,0.0,1,210.0,1,419,1,False,0.0,0,1.0,[2 2],[0. 1.],0,1,[0.6 0.6],1.0,0.0,1.0
419,1.0,1,210.0,0,420,0,False,1.0,1,0.0,[2 1],[0. 1.],0,1,[0.6 0.6],1.0,0.0,1.0
420,0.0,1,211.0,1,421,1,False,0.0,0,1.0,[2 1],[0. 1.],0,1,[0.6 0.6],1.0,0.0,1.0
421,1.0,1,211.0,0,422,0,False,1.0,1,0.0,[1 2],[0. 1.],1,1,[0.6 0.6],1.0,0.0,1.0
422,0.0,1,212.0,1,423,1,False,0.0,0,2.0,[1 2],[0. 1.],1,1,[0.6 0.6],1.0,0.0,1.0
423,0.0,1,212.0,0,424,0,False,2.0,1,0.0,[2 1],[0. 1.],1,1,[0.6 0.6],1.0,0.0,1.0
424,0.0,1,213.0,1,425,1,False,0.0,0,2.0,[2 1],[0. 1.],1,1,[0.6 0.6],1.0,0.0,1.0
425,1.0,1,213.0,0,426,0,False,2.0,1,0.0,[2 2],[0. 1.],0,1,[0.6 0.6],1.0,0.0,1.0
426,0.0,1,214.0,1,427,1,False,0.0,0,1.0,[2 2],[0. 1.],0,1,[0.6 0.6],1.0,0.0,1.0
427,1.0,1,214.0,0,428,0,False,1.0,1,0.0,[1 1],[0. 1.],0,1,[0.6 0.6],1.0,0.0,1.0
428,0.0,1,215.0,1,429,1,False,0.0,0,1.0,[1 1],[0. 1.],0,1,[0.6 0.6],1.0,0.0,1.0
429,0.0,1,215.0,0,430,0,False,1.0,1,0.0,[2 1],[0. 1.],0,1,[0.6 0.6],1.0,0.0,1.0
430,0.0,1,216.0,1,431,1,False,0.0,0,1.0,[2 1],[0. 1.],0,1,[0.6 0.6],1.0,0.0,1.0
431,1.0,1,216.0,0,432,0,False,1.0,1,0.0,[1 2],[0. 1.],1,1,[0.6 0.6],1.0,0.0,1.0
432,0.0,1,217.0,1,433,1,False,0.0,0,2.0,[1 2],[0. 1.],1,1,[0.6 0.6],1.0,0.0,1.0
433,0.0,1,217.0,0,434,0,False,2.0,1,0.0,[1 1],[0. 1.],1,1,[0.6 0.6],1.0,0.0,1.0
434,0.0,1,218.0,1,435,1,False,0.0,0,2.0,[1 1],[0. 1.],1,1,[0.6 0.6],1.0,0.0,1.0
435,0.0,1,218.0,0,436,0,False,2.0,1,0.0,[1 1],[1. 0.],1,0,[0.6 0.6],1.0,0.0,1.0
436,0.0,1,219.0,2,437,1,False,0.0,0,2.0,[1 1],[1. 0.],1,0,[0.6 0.6],1.0,0.0,1.0
437,1.0,1,219.0,0,438,0,False,2.0,1,0.0,[1 1],[1. 0.],0,0,[0.6 0.6],1.0,0.0,1.0
438,0.0,1,220.0,2,439,1,False,0.0,0,1.0,[1 1],[1. 0.],0,0,[0.6 0.6],1.0,0.0,1.0
439,1.0,1,220.0,0,440,0,False,1.0,1,0.0,[1 1],[1. 0.],1,0,[0.6 0.6],1.0,0.0,1.0
440,0.0,1,221.0,2,441,1,False,0.0,0,2.0,[1 1],[1. 0.],1,0,[0.6 0.6],1.0,0.0,1.0
441,1.0,1,221.0,0,442,0,False,2.0,1,0.0,[1 1],[1. 0.],1,0,[0.6 0.6],1.0,0.0,1.0
442,0.0,1,222.0,2,443,1,False,0.0,0,2.0,[1 1],[1. 0.],1,0,[0.6 0.6],1.0,0.0,1.0
443,1.0,1,222.0,0,444,0,False,2.0,1,0.0,[2 1],[1. 0.],1,0,[0.6 0.6],1.0,0.0,1.0
444,0.0,1,223.0,2,445,1,False,0.0,0,2.0,[2 1],[1. 0.],1,0,[0.6 0.6],1.0,0.0,1.0
445,1.0,1,223.0,0,446,0,False,2.0,1,0.0,[2 2],[1. 0.],0,0,[0.6 0.6],1.0,0.0,1.0
446,0.0,1,224.0,2,447,1,False,0.0,0,1.0,[2 2],[1. 0.],0,0,[0.6 0.6],1.0,0.0,1.0
447,0.0,1,224.0,0,448,0,False,1.0,1,0.0,[2 2],[1. 0.],1,0,[0.6 0.6],1.0,0.0,1.0
448,0.0,1,225.0,2,449,1,False,0.0,0,2.0,[2 2],[1. 0.],1,0,[0.6 0.6],1.0,0.0,1.0
449,0.0,1,225.0,0,450,0,False,2.0,1,0.0,[1 2],[1. 0.],1,0,[0.6 0.6],1.0,0.0,1.0
450,0.0,1,226.0,2,451,1,False,0.0,0,2.0,[1 2],[1. 0.],1,0,[0.6 0.6],1.0,0.0,1.0
451,0.0,1,226.0,0,452,0,False,2.0,1,0.0,[2 1],[1. 0.],0,0,[0.6 0.6],1.0,0.0,1.0
452,0.0,1,227.0,1,453,1,False,0.0,0,1.0,[2 1],[1. 0.],0,0,[0.6 0.6],1.0,0.0,1.0
453,0.0,1,227.0,0,454,0,False,1.0,1,0.0,[2 1],[1. 0.],0,0,[0.6 0.6],1.0,0.0,1.0
454,0.0,1,228.0,1,455,1,False,0.0,0,1.0,[2 1],[1. 0.],0,0,[0.6 0.6],1.0,0.0,1.0
455,0.0,1,228.0,0,456,0,False,1.0,1,0.0,[2 1],[1. 0.],0,0,[0.6 0.6],1.0,0.0,1.0
456,0.0,1,229.0,1,457,1,False,0.0,0,1.0,[2 1],[1. 0.],0,0,[0.6 0.6],1.0,0.0,1.0
457,0.0,1,229.0,0,458,0,False,1.0,1,0.0,[1 1],[1. 0.],0,0,[0.6 0.6],1.0,0.0,1.0
458,0.0,1,230.0,2,459,1,False,0.0,0,1.0,[1 1],[1. 0.],0,0,[0.6 0.6],1.0,0.0,1.0
459,1.0,1,230.0,0,460,0,False,1.0,1,0.0,[2 1],[1. 0.],0,0,[0.6 0.6],1.0,0.0,1.0
460,0.0,1,231.0,2,461,1,False,0.0,0,1.0,[2 1],[1. 0.],0,0,[0.6 0.6],1.0,0.0,1.0
461,1.0,1,231.0,0,462,0,False,1.0,1,0.0,[2 1],[1. 0.],0,0,[0.6 0.6],1.0,0.0,1.0
462,0.0,1,232.0,2,463,1,False,0.0,0,1.0,[2 1],[1. 0.],0,0,[0.6 0.6],1.0,0.0,1.0
463,1.0,1,232.0,0,464,0,False,1.0,1,0.0,[2 1],[1. 0.],0,0,[0.6 0.6],1.0,0.0,1.0
464,0.0,1,233.0,2,465,1,False,0.0,0,1.0,[2 1],[1. 0.],0,0,[0.6 0.6],1.0,0.0,1.0
465,1.0,1,233.0,0,466,0,False,1.0,1,0.0,[2 1],[1. 0.],1,0,[0.6 0.6],1.0,0.0,1.0
466,0.0,1,234.0,2,467,1,False,0.0,0,2.0,[2 1],[1. 0.],1,0,[0.6 0.6],1.0,0.0,1.0
467,1.0,1,234.0,0,468,0,False,2.0,1,0.0,[2 1],[1. 0.],1,0,[0.6 0.6],1.0,0.0,1.0
468,0.0,1,235.0,2,469,1,False,0.0,0,2.0,[2 1],[1. 0.],1,0,[0.6 0.6],1.0,0.0,1.0
469,1.0,1,235.0,0,470,0,False,2.0,1,0.0,[2 1],[1. 0.],0,0,[0.6 0.6],1.0,0.0,1.0
470,0.0,1,236.0,2,471,1,False,0.0,0,1.0,[2 1],[1. 0.],0,0,[0.6 0.6],1.0,0.0,1.0
471,1.0,1,236.0,0,472,0,False,1.0,1,0.0,[1 1],[1. 0.],0,0,[0.6 0.6],1.0,0.0,1.0
472,0.0,1,237.0,2,473,1,False,0.0,0,1.0,[1 1],[1. 0.],0,0,[0.6 0.6],1.0,0.0,1.0
473,1.0,1,237.0,0,474,0,False,1.0,1,0.0,[2 1],[1. 0.],0,0,[0.6 0.6],1.0,0.0,1.0
474,0.0,1,238.0,2,475,1,False,0.0,0,1.0,[2 1],[1. 0.],0,0,[0.6 0.6],1.0,0.0,1.0
475,1.0,1,238.0,0,476,0,False,1.0,1,0.0,[2 1],[1. 0.],1,0,[0.6 0.6],1.0,0.0,1.0
476,0.0,1,239.0,2,477,1,False,0.0,0,2.0,[2 1],[1. 0.],1,0,[0.6 0.6],1.0,0.0,1.0
477,1.0,1,239.0,0,478,0,False,2.0,1,0.0,[2 2],[1. 0.],0,0,[0.6 0.6],1.0,0.0,1.0
478,0.0,1,240.0,2,479,1,False,0.0,0,1.0,[2 2],[1. 0.],0,0,[0.6 0.6],1.0,0.0,1.0
479,0.0,1,240.0,0,480,0,False,1.0,1,0.0,[1 2],[1. 0.],0,0,[0.6 0.6],1.0,0.0,1.0
480,0.0,1,241.0,2,481,1,False,0.0,0,1.0,[1 2],[1. 0.],0,0,[0.6 0.6],1.0,0.0,1.0
481,0.0,1,241.0,0,482,0,False,1.0,1,0.0,[2 2],[1. 0.],1,0,[0.6 0.6],1.0,0.0,1.0
482,0.0,1,242.0,2,483,1,False,0.0,0,2.0,[2 2],[1. 0.],1,0,[0.6 0.6],1.0,0.0,1.0
483,0.0,1,242.0,0,484,0,False,2.0,1,0.0,[2 1],[1. 0.],1,0,[0.6 0.6],1.0,0.0,1.0
484,0.0,1,243.0,2,485,1,False,0.0,0,2.0,[2 1],[1. 0.],1,0,[0.6 0.6],1.0,0.0,1.0
485,1.0,1,243.0,0,486,0,False,2.0,1,0.0,[1 2],[1. 0.],0,0,[0.6 0.6],1.0,0.0,1.0
486,0.0,1,244.0,2,487,1,False,0.0,0,1.0,[1 2],[1. 0.],0,0,[0.6 0.6],1.0,0.0,1.0
487,0.0,1,244.0,0,488,0,False,1.0,1,0.0,[1 2],[1. 0.],1,0,[0.6 0.6],1.0,0.0,1.0
488,0.0,1,245.0,2,489,1,False,0.0,0,2.0,[1 2],[1. 0.],1,0,[0.6 0.6],1.0,0.0,1.0
489,0.0,1,245.0,0,490,0,False,2.0,1,0.0,[2 2],[1. 0.],0,0,[0.6 0.6],1.0,0.0,1.0
490,0.0,1,246.0,2,491,1,False,0.0,0,1.0,[2 2],[1. 0.],0,0,[0.6 0.6],1.0,0.0,1.0
491,0.0,1,246.0,0,492,0,False,1.0,1,0.0,[1 2],[1. 0.],1,0,[0.6 0.6],1.0,0.0,1.0
492,0.0,1,247.0,2,493,1,False,0.0,0,2.0,[1 2],[1. 0.],1,0,[0.6 0.6],1.0,0.0,1.0
493,0.0,1,247.0,0,494,0,False,2.0,1,0.0,[2 1],[1. 0.],1,0,[0.6 0.6],1.0,0.0,1.0
494,0.0,1,248.0,1,495,1,False,0.0,0,2.0,[2 1],[1. 0.],1,0,[0.6 0.6],1.0,0.0,1.0
495,0.0,1,248.0,0,496,0,False,2.0,1,0.0,[2 2],[1. 0.],0,0,[0.6 0.6],1.0,0.0,1.0
496,0.0,1,249.0,2,497,1,False,0.0,0,1.0,[2 2],[1. 0.],0,0,[0.6 0.6],1.0,0.0,1.0
497,0.0,1,249.0,0,498,0,False,1.0,1,0.0,[2 1],[1. 0.],1,0,[0.6 0.6],1.0,0.0,1.0
498,0.0,1,250.0,2,499,1,False,0.0,0,2.0,[2 1],[1. 0.],1,0,[0.6 0.6],1.0,0.0,1.0
499,1.0,1,250.0,0,500,0,False,2.0,1,0.0,[1 2],[1. 0.],1,0,[0.6 0.6],1.0,0.0,1.0
500,0.0,1,251.0,2,501,1,False,0.0,0,2.0,[1 2],[1. 0.],1,0,[0.6 0.6],1.0,0.0,1.0
501,0.0,1,251.0,0,502,0,False,2.0,1,0.0,[2 1],[1. 0.],0,0,[0.6 0.6],1.0,0.0,1.0
502,0.0,1,252.0,1,503,1,False,0.0,0,1.0,[2 1],[1. 0.],0,0,[0.6 0.6],1.0,0.0,1.0
503,0.0,1,252.0,0,504,0,False,1.0,1,0.0,[2 1],[1. 0.],0,0,[0.6 0.6],1.0,0.0,1.0
504,0.0,1,253.0,1,505,1,False,0.0,0,1.0,[2 1],[1. 0.],0,0,[0.6 0.6],1.0,0.0,1.0
505,0.0,1,253.0,0,506,0,False,1.0,1,0.0,[2 1],[1. 0.],1,0,[0.6 0.6],1.0,0.0,1.0
506,0.0,1,254.0,2,507,1,False,0.0,0,2.0,[2 1],[1. 0.],1,0,[0.6 0.6],1.0,0.0,1.0
507,1.0,1,254.0,0,508,0,False,2.0,1,0.0,[2 1],[1. 0.],0,0,[0.6 0.6],1.0,0.0,1.0
508,0.0,1,255.0,2,509,1,False,0.0,0,1.0,[2 1],[1. 0.],0,0,[0.6 0.6],1.0,0.0,1.0
509,1.0,1,255.0,0,510,0,False,1.0,1,0.0,[1 1],[0. 1.],0,1,[0.6 0.6],1.0,0.0,1.0
510,0.0,1,256.0,2,511,1,False,0.0,0,1.0,[1 1],[0. 1.],0,1,[0.6 0.6],1.0,0.0,1.0
511,0.0,1,256.0,0,512,0,False,1.0,1,0.0,[1 1],[1. 0.],0,0,[0.6 0.6],1.0,0.0,1.0
512,0.0,1,257.0,2,513,1,False,0.0,0,1.0,[1 1],[1. 0.],0,0,[0.6 0.6],1.0,0.0,1.0
513,1.0,1,257.0,0,514,0,False,1.0,1,0.0,[2 2],[1. 0.],1,0,[0.6 0.6],1.0,0.0,1.0
514,0.0,1,258.0,2,515,1,False,0.0,0,2.0,[2 2],[1. 0.],1,0,[0.6 0.6],1.0,0.0,1.0
515,0.0,1,258.0,0,516,0,False,2.0,1,0.0,[2 1],[1. 0.],1,0,[0.6 0.6],1.0,0.0,1.0
516,0.0,1,259.0,2,517,1,False,0.0,0,2.0,[2 1],[1. 0.],1,0,[0.6 0.6],1.0,0.0,1.0
517,1.0,1,259.0,0,518,0,False,2.0,1,0.0,[2 2],[1. 0.],0,0,[0.6 0.6],1.0,0.0,1.0
518,0.0,1,260.0,2,519,1,False,0.0,0,1.0,[2 2],[1. 0.],0,0,[0.6 0.6],1.0,0.0,1.0
519,0.0,1,260.0,0,520,0,False,1.0,1,0.0,[1 1],[1. 0.],1,0,[0.6 0.6],1.0,0.0,1.0
520,0.0,1,261.0,2,521,1,False,0.0,0,2.0,[1 1],[1. 0.],1,0,[0.6 0.6],1.0,0.0,1.0
521,1.0,1,261.0,0,522,0,False,2.0,1,0.0,[2 1],[1. 0.],1,0,[0.6 0.6],1.0,0.0,1.0
522,0.0,1,262.0,2,523,1,False,0.0,0,2.0,[2 1],[1. 0.],1,0,[0.6 0.6],1.0,0.0,1.0
523,1.0,1,262.0,0,524,0,False,2.0,1,0.0,[2 1],[1. 0.],1,0,[0.6 0.6],1.0,0.0,1.0
524,0.0,1,263.0,2,525,1,False,0.0,0,2.0,[2 1],[1. 0.],1,0,[0.6 0.6],1.0,0.0,1.0
525,1.0,1,263.0,0,526,0,False,2.0,1,0.0,[2 2],[1. 0.],1,0,[0.6 0.6],1.0,0.0,1.0
526,0.0,1,264.0,2,527,1,False,0.0,0,2.0,[2 2],[1. 0.],1,0,[0.6 0.6],1.0,0.0,1.0
527,0.0,1,264.0,0,528,0,False,2.0,1,0.0,[2 1],[1. 0.],1,0,[0.6 0.6],1.0,0.0,1.0
528,0.0,1,265.0,2,529,1,False,0.0,0,2.0,[2 1],[1. 0.],1,0,[0.6 0.6],1.0,0.0,1.0
529,1.0,1,265.0,0,530,0,False,2.0,1,0.0,[1 2],[1. 0.],0,0,[0.6 0.6],1.0,0.0,1.0
530,0.0,1,266.0,2,531,1,False,0.0,0,1.0,[1 2],[1. 0.],0,0,[0.6 0.6],1.0,0.0,1.0
531,0.0,1,266.0,0,532,0,False,1.0,1,0.0,[2 1],[1. 0.],0,0,[0.6 0.6],1.0,0.0,1.0
532,0.0,1,267.0,2,533,1,False,0.0,0,1.0,[2 1],[1. 0.],0,0,[0.6 0.6],1.0,0.0,1.0
533,1.0,1,267.0,0,534,0,False,1.0,1,0.0,[2 1],[1. 0.],1,0,[0.6 0.6],1.0,0.0,1.0
534,0.0,1,268.0,2,535,1,False,0.0,0,2.0,[2 1],[1. 0.],1,0,[0.6 0.6],1.0,0.0,1.0
535,1.0,1,268.0,0,536,0,False,2.0,1,0.0,[1 1],[1. 0.],0,0,[0.6 0.6],1.0,0.0,1.0
536,0.0,1,269.0,2,537,1,False,0.0,0,1.0,[1 1],[1. 0.],0,0,[0.6 0.6],1.0,0.0,1.0
537,1.0,1,269.0,0,538,0,False,1.0,1,0.0,[2 2],[1. 0.],0,0,[0.6 0.6],1.0,0.0,1.0
538,0.0,1,270.0,2,539,1,False,0.0,0,1.0,[2 2],[1. 0.],0,0,[0.6 0.6],1.0,0.0,1.0
539,0.0,1,270.0,0,540,0,False,1.0,1,0.0,[1 1],[1. 0.],1,0,[0.6 0.6],1.0,0.0,1.0
540,0.0,1,271.0,2,541,1,False,0.0,0,2.0,[1 1],[1. 0.],1,0,[0.6 0.6],1.0,0.0,1.0
541,1.0,1,271.0,0,542,0,False,2.0,1,0.0,[2 1],[1. 0.],0,0,[0.6 0.6],1.0,0.0,1.0
542,0.0,1,272.0,2,543,1,False,0.0,0,1.0,[2 1],[1. 0.],0,0,[0.6 0.6],1.0,0.0,1.0
543,1.0,1,272.0,0,544,0,False,1.0,1,0.0,[2 2],[1. 0.],0,0,[0.6 0.6],1.0,0.0,1.0
544,0.0,1,273.0,2,545,1,False,0.0,0,1.0,[2 2],[1. 0.],0,0,[0.6 0.6],1.0,0.0,1.0
545,0.0,1,273.0,0,546,0,False,1.0,1,0.0,[2 1],[1. 0.],1,0,[0.6 0.6],1.0,0.0,1.0
546,0.0,1,274.0,2,547,1,False,0.0,0,2.0,[2 1],[1. 0.],1,0,[0.6 0.6],1.0,0.0,1.0
547,1.0,1,274.0,0,548,0,False,2.0,1,0.0,[2 1],[1. 0.],1,0,[0.6 0.6],1.0,0.0,1.0
548,0.0,1,275.0,2,549,1,False,0.0,0,2.0,[2 1],[1. 0.],1,0,[0.6 0.6],1.0,0.0,1.0
549,1.0,1,275.0,0,550,0,False,2.0,1,0.0,[1 1],[1. 0.],1,0,[0.6 0.6],1.0,0.0,1.0
550,0.0,1,276.0,2,551,1,False,0.0,0,2.0,[1 1],[1. 0.],1,0,[0.6 0.6],1.0,0.0,1.0
551,1.0,1,276.0,0,552,0,False,2.0,1,0.0,[1 1],[1. 0.],1,0,[0.6 0.6],1.0,0.0,1.0
552,0.0,1,277.0,2,553,1,False,0.0,0,2.0,[1 1],[1. 0.],1,0,[0.6 0.6],1.0,0.0,1.0
553,1.0,1,277.0,0,554,0,False,2.0,1,0.0,[1 1],[1. 0.],1,0,[0.6 0.6],1.0,0.0,1.0
554,0.0,1,278.0,2,555,1,False,0.0,0,2.0,[1 1],[1. 0.],1,0,[0.6 0.6],1.0,0.0,1.0
555,1.0,1,278.0,0,556,0,False,2.0,1,0.0,[2 1],[1. 0.],0,0,[0.6 0.6],1.0,0.0,1.0
556,0.0,1,279.0,2,557,1,False,0.0,0,1.0,[2 1],[1. 0.],0,0,[0.6 0.6],1.0,0.0,1.0
557,1.0,1,279.0,0,558,0,False,1.0,1,0.0,[2 1],[1. 0.],1,0,[0.6 0.6],1.0,0.0,1.0
558,0.0,1,280.0,2,559,1,False,0.0,0,2.0,[2 1],[1. 0.],1,0,[0.6 0.6],1.0,0.0,1.0
559,1.0,1,280.0,0,560,0,False,2.0,1,0.0,[1 1],[1. 0.],1,0,[0.6 0.6],1.0,0.0,1.0
560,0.0,1,281.0,2,561,1,False,0.0,0,2.0,[1 1],[1. 0.],1,0,[0.6 0.6],1.0,0.0,1.0
561,1.0,1,281.0,0,562,0,False,2.0,1,0.0,[1 2],[1. 0.],1,0,[0.6 0.6],1.0,0.0,1.0
562,0.0,1,282.0,2,563,1,False,0.0,0,2.0,[1 2],[1. 0.],1,0,[0.6 0.6],1.0,0.0,1.0
563,0.0,1,282.0,0,564,0,False,2.0,1,0.0,[1 1],[1. 0.],1,0,[0.6 0.6],1.0,0.0,1.0
564,0.0,1,283.0,2,565,1,False,0.0,0,2.0,[1 1],[1. 0.],1,0,[0.6 0.6],1.0,0.0,1.0
565,1.0,1,283.0,0,566,0,False,2.0,1,0.0,[2 2],[0. 1.],1,1,[0.6 0.6],1.0,0.0,1.0
566,0.0,1,284.0,2,567,1,False,0.0,0,2.0,[2 2],[0. 1.],1,1,[0.6 0.6],1.0,0.0,1.0
567,1.0,1,284.0,0,568,0,False,2.0,1,0.0,[1 2],[0. 1.],1,1,[0.6 0.6],1.0,0.0,1.0
568,0.0,1,285.0,2,569,1,False,0.0,0,2.0,[1 2],[0. 1.],1,1,[0.6 0.6],1.0,0.0,1.0
569,1.0,1,285.0,0,570,0,False,2.0,1,0.0,[2 2],[0. 1.],0,1,[0.6 0.6],1.0,0.0,1.0
570,0.0,1,286.0,2,571,1,False,0.0,0,1.0,[2 2],[0. 1.],0,1,[0.6 0.6],1.0,0.0,1.0
571,1.0,1,286.0,0,572,0,False,1.0,1,0.0,[1 2],[0. 1.],0,1,[0.6 0.6],1.0,0.0,1.0
572,0.0,1,287.0,2,573,1,False,0.0,0,1.0,[1 2],[0. 1.],0,1,[0.6 0.6],1.0,0.0,1.0
573,1.0,1,287.0,0,574,0,False,1.0,1,0.0,[1 2],[0. 1.],1,1,[0.6 0.6],1.0,0.0,1.0
574,0.0,1,288.0,2,575,1,False,0.0,0,2.0,[1 2],[0. 1.],1,1,[0.6 0.6],1.0,0.0,1.0
575,1.0,1,288.0,0,576,0,False,2.0,1,0.0,[1 1],[0. 1.],1,1,[0.6 0.6],1.0,0.0,1.0
576,0.0,1,289.0,2,577,1,False,0.0,0,2.0,[1 1],[0. 1.],1,1,[0.6 0.6],1.0,0.0,1.0
577,0.0,1,289.0,0,578,0,False,2.0,1,0.0,[1 2],[0. 1.],0,1,[0.6 0.6],1.0,0.0,1.0
578,0.0,1,290.0,2,579,1,False,0.0,0,1.0,[1 2],[0. 1.],0,1,[0.6 0.6],1.0,0.0,1.0
579,1.0,1,290.0,0,580,0,False,1.0,1,0.0,[2 2],[0. 1.],1,1,[0.6 0.6],1.0,0.0,1.0
580,0.0,1,291.0,2,581,1,False,0.0,0,2.0,[2 2],[0. 1.],1,1,[0.6 0.6],1.0,0.0,1.0
581,1.0,1,291.0,0,582,0,False,2.0,1,0.0,[2 2],[0. 1.],1,1,[0.6 0.6],1.0,0.0,1.0
582,0.0,1,292.0,2,583,1,False,0.0,0,2.0,[2 2],[0. 1.],1,1,[0.6 0.6],1.0,0.0,1.0
583,1.0,1,292.0,0,584,0,False,2.0,1,0.0,[1 2],[0. 1.],1,1,[0.6 0.6],1.0,0.0,1.0
584,0.0,1,293.0,2,585,1,False,0.0,0,2.0,[1 2],[0. 1.],1,1,[0.6 0.6],1.0,0.0,1.0
585,1.0,1,293.0,0,586,0,False,2.0,1,0.0,[1 2],[0. 1.],1,1,[0.6 0.6],1.0,0.0,1.0
586,0.0,1,294.0,2,587,1,False,0.0,0,2.0,[1 2],[0. 1.],1,1,[0.6 0.6],1.0,0.0,1.0
587,1.0,1,294.0,0,588,0,False,2.0,1,0.0,[2 2],[0. 1.],1,1,[0.6 0.6],1.0,0.0,1.0
588,0.0,1,295.0,2,589,1,False,0.0,0,2.0,[2 2],[0. 1.],1,1,[0.6 0.6],1.0,0.0,1.0
589,1.0,1,295.0,0,590,0,False,2.0,1,0.0,[2 2],[0. 1.],1,1,[0.6 0.6],1.0,0.0,1.0
590,0.0,1,296.0,2,591,1,False,0.0,0,2.0,[2 2],[0. 1.],1,1,[0.6 0.6],1.0,0.0,1.0
591,1.0,1,296.0,0,592,0,False,2.0,1,0.0,[1 1],[0. 1.],1,1,[0.6 0.6],1.0,0.0,1.0
592,0.0,1,297.0,2,593,1,False,0.0,0,2.0,[1 1],[0. 1.],1,1,[0.6 0.6],1.0,0.0,1.0
593,0.0,1,297.0,0,594,0,False,2.0,1,0.0,[2 1],[0. 1.],0,1,[0.6 0.6],1.0,0.0,1.0
594,0.0,1,298.0,2,595,1,False,0.0,0,1.0,[2 1],[0. 1.],0,1,[0.6 0.6],1.0,0.0,1.0
595,0.0,1,298.0,0,596,0,False,1.0,1,0.0,[2 2],[0. 1.],0,1,[0.6 0.6],1.0,0.0,1.0
596,0.0,1,299.0,2,597,1,False,0.0,0,1.0,[2 2],[0. 1.],0,1,[0.6 0.6],1.0,0.0,1.0
597,1.0,1,299.0,0,598,0,False,1.0,1,0.0,[2 1],[1. 0.],0,0,[0.6 0.6],1.0,0.0,1.0
598,0.0,1,300.0,2,599,1,False,0.0,0,1.0,[2 1],[1. 0.],0,0,[0.6 0.6],1.0,0.0,1.0
599,1.0,1,300.0,0,600,0,False,1.0,1,0.0,[2 2],[1. 0.],0,0,[0.6 0.6],1.0,0.0,1.0
600,0.0,1,301.0,2,601,1,False,0.0,0,1.0,[2 2],[1. 0.],0,0,[0.6 0.6],1.0,0.0,1.0
601,0.0,1,301.0,0,602,0,False,1.0,1,0.0,[1 2],[1. 0.],1,0,[0.6 0.6],1.0,0.0,1.0
602,0.0,1,302.0,2,603,1,False,0.0,0,2.0,[1 2],[1. 0.],1,0,[0.6 0.6],1.0,0.0,1.0
603,0.0,1,302.0,0,604,0,False,2.0,1,0.0,[1 2],[1. 0.],0,0,[0.6 0.6],1.0,0.0,1.0
604,0.0,1,303.0,2,605,1,False,0.0,0,1.0,[1 2],[1. 0.],0,0,[0.6 0.6],1.0,0.0,1.0
605,0.0,1,303.0,0,606,0,False,1.0,1,0.0,[2 2],[1. 0.],0,0,[0.6 0.6],1.0,0.0,1.0
606,0.0,1,304.0,1,607,1,False,0.0,0,1.0,[2 2],[1. 0.],0,0,[0.6 0.6],1.0,0.0,1.0
607,0.0,1,304.0,0,608,0,False,1.0,1,0.0,[1 1],[1. 0.],1,0,[0.6 0.6],1.0,0.0,1.0
608,0.0,1,305.0,2,609,1,False,0.0,0,2.0,[1 1],[1. 0.],1,0,[0.6 0.6],1.0,0.0,1.0
609,1.0,1,305.0,0,610,0,False,2.0,1,0.0,[1 1],[1. 0.],0,0,[0.6 0.6],1.0,0.0,1.0
610,0.0,1,306.0,2,611,1,False,0.0,0,1.0,[1 1],[1. 0.],0,0,[0.6 0.6],1.0,0.0,1.0
611,1.0,1,306.0,0,612,0,False,1.0,1,0.0,[2 1],[1. 0.],0,0,[0.6 0.6],1.0,0.0,1.0
612,0.0,1,307.0,2,613,1,False,0.0,0,1.0,[2 1],[1. 0.],0,0,[0.6 0.6],1.0,0.0,1.0
613,1.0,1,307.0,0,614,0,False,1.0,1,0.0,[1 2],[1. 0.],0,0,[0.6 0.6],1.0,0.0,1.0
614,0.0,1,308.0,2,615,1,False,0.0,0,1.0,[1 2],[1. 0.],0,0,[0.6 0.6],1.0,0.0,1.0
615,0.0,1,308.0,0,616,0,False,1.0,1,0.0,[2 1],[1. 0.],1,0,[0.6 0.6],1.0,0.0,1.0
616,0.0,1,309.0,2,617,1,False,0.0,0,2.0,[2 1],[1. 0.],1,0,[0.6 0.6],1.0,0.0,1.0
617,1.0,1,309.0,0,618,0,False,2.0,1,0.0,[1 1],[1. 0.],1,0,[0.6 0.6],1.0,0.0,1.0
618,0.0,1,310.0,2,619,1,False,0.0,0,2.0,[1 1],[1. 0.],1,0,[0.6 0.6],1.0,0.0,1.0
619,1.0,1,310.0,0,620,0,False,2.0,1,0.0,[2 2],[1. 0.],1,0,[0.6 0.6],1.0,0.0,1.0
620,0.0,1,311.0,2,621,1,False,0.0,0,2.0,[2 2],[1. 0.],1,0,[0.6 0.6],1.0,0.0,1.0
621,0.0,1,311.0,0,622,0,False,2.0,1,0.0,[2 2],[1. 0.],0,0,[0.6 0.6],1.0,0.0,1.0
622,0.0,1,312.0,2,623,1,False,0.0,0,1.0,[2 2],[1. 0.],0,0,[0.6 0.6],1.0,0.0,1.0
623,0.0,1,312.0,0,624,0,False,1.0,1,0.0,[2 1],[0. 1.],1,1,[0.6 0.6],1.0,0.0,1.0
624,0.0,1,313.0,2,625,1,False,0.0,0,2.0,[2 1],[0. 1.],1,1,[0.6 0.6],1.0,0.0,1.0
625,0.0,1,313.0,0,626,0,False,2.0,1,0.0,[2 2],[0. 1.],1,1,[0.6 0.6],1.0,0.0,1.0
626,0.0,1,314.0,1,627,1,False,0.0,0,2.0,[2 2],[0. 1.],1,1,[0.6 0.6],1.0,0.0,1.0
627,1.0,1,314.0,0,628,0,False,2.0,1,0.0,[2 2],[0. 1.],0,1,[0.6 0.6],1.0,0.0,1.0
628,0.0,1,315.0,1,629,1,False,0.0,0,1.0,[2 2],[0. 1.],0,1,[0.6 0.6],1.0,0.0,1.0
629,1.0,1,315.0,0,630,0,False,1.0,1,0.0,[2 1],[0. 1.],0,1,[0.6 0.6],1.0,0.0,1.0
630,0.0,1,316.0,1,631,1,False,0.0,0,1.0,[2 1],[0. 1.],0,1,[0.6 0.6],1.0,0.0,1.0
631,1.0,1,316.0,0,632,0,False,1.0,1,0.0,[2 1],[0. 1.],0,1,[0.6 0.6],1.0,0.0,1.0
632,0.0,1,317.0,1,633,1,False,0.0,0,1.0,[2 1],[0. 1.],0,1,[0.6 0.6],1.0,0.0,1.0
633,1.0,1,317.0,0,634,0,False,1.0,1,0.0,[2 1],[0. 1.],1,1,[0.6 0.6],1.0,0.0,1.0
634,0.0,1,318.0,1,635,1,False,0.0,0,2.0,[2 1],[0. 1.],1,1,[0.6 0.6],1.0,0.0,1.0
635,1.0,1,318.0,0,636,0,False,2.0,1,0.0,[2 1],[0. 1.],1,1,[0.6 0.6],1.0,0.0,1.0
636,0.0,1,319.0,1,637,1,False,0.0,0,2.0,[2 1],[0. 1.],1,1,[0.6 0.6],1.0,0.0,1.0
637,1.0,1,319.0,0,638,0,False,2.0,1,0.0,[1 1],[0. 1.],0,1,[0.6 0.6],1.0,0.0,1.0
638,0.0,1,320.0,1,639,1,False,0.0,0,1.0,[1 1],[0. 1.],0,1,[0.6 0.6],1.0,0.0,1.0
639,0.0,1,320.0,0,640,0,False,1.0,1,0.0,[2 2],[0. 1.],1,1,[0.6 0.6],1.0,0.0,1.0
640,0.0,1,321.0,1,641,1,False,0.0,0,2.0,[2 2],[0. 1.],1,1,[0.6 0.6],1.0,0.0,1.0
641,1.0,1,321.0,0,642,0,False,2.0,1,0.0,[2 1],[0. 1.],0,1,[0.6 0.6],1.0,0.0,1.0
642,0.0,1,322.0,1,643,1,False,0.0,0,1.0,[2 1],[0. 1.],0,1,[0.6 0.6],1.0,0.0,1.0
643,1.0,1,322.0,0,644,0,False,1.0,1,0.0,[1 1],[1. 0.],1,0,[0.6 0.6],1.0,0.0,1.0
644,0.0,1,323.0,1,645,1,False,0.0,0,2.0,[1 1],[1. 0.],1,0,[0.6 0.6],1.0,0.0,1.0
645,1.0,1,323.0,0,646,0,False,2.0,1,0.0,[2 2],[1. 0.],0,0,[0.6 0.6],1.0,0.0,1.0
646,0.0,1,324.0,1,647,1,False,0.0,0,1.0,[2 2],[1. 0.],0,0,[0.6 0.6],1.0,0.0,1.0
647,0.0,1,324.0,0,648,0,False,1.0,1,0.0,[1 1],[1. 0.],0,0,[0.6 0.6],1.0,0.0,1.0
648,0.0,1,325.0,1,649,1,False,0.0,0,1.0,[1 1],[1. 0.],0,0,[0.6 0.6],1.0,0.0,1.0
649,1.0,1,325.0,0,650,0,False,1.0,1,0.0,[1 1],[1. 0.],0,0,[0.6 0.6],1.0,0.0,1.0
650,0.0,1,326.0,1,651,1,False,0.0,0,1.0,[1 1],[1. 0.],0,0,[0.6 0.6],1.0,0.0,1.0
651,1.0,1,326.0,0,652,0,False,1.0,1,0.0,[2 1],[0. 1.],1,1,[0.6 0.6],1.0,0.0,1.0
652,0.0,1,327.0,1,653,1,False,0.0,0,2.0,[2 1],[0. 1.],1,1,[0.6 0.6],1.0,0.0,1.0
653,1.0,1,327.0,0,654,0,False,2.0,1,0.0,[2 1],[0. 1.],0,1,[0.6 0.6],1.0,0.0,1.0
654,0.0,1,328.0,1,655,1,False,0.0,0,1.0,[2 1],[0. 1.],0,1,[0.6 0.6],1.0,0.0,1.0
655,1.0,1,328.0,0,656,0,False,1.0,1,0.0,[1 2],[0. 1.],0,1,[0.6 0.6],1.0,0.0,1.0
656,0.0,1,329.0,1,657,1,False,0.0,0,1.0,[1 2],[0. 1.],0,1,[0.6 0.6],1.0,0.0,1.0
657,0.0,1,329.0,0,658,0,False,1.0,1,0.0,[2 1],[0. 1.],1,1,[0.6 0.6],1.0,0.0,1.0
658,0.0,1,330.0,1,659,1,False,0.0,0,2.0,[2 1],[0. 1.],1,1,[0.6 0.6],1.0,0.0,1.0
659,1.0,1,330.0,0,660,0,False,2.0,1,0.0,[1 1],[0. 1.],1,1,[0.6 0.6],1.0,0.0,1.0
660,0.0,1,331.0,1,661,1,False,0.0,0,2.0,[1 1],[0. 1.],1,1,[0.6 0.6],1.0,0.0,1.0
661,0.0,1,331.0,0,662,0,False,2.0,1,0.0,[2 2],[0. 1.],0,1,[0.6 0.6],1.0,0.0,1.0
662,0.0,1,332.0,1,663,1,False,0.0,0,1.0,[2 2],[0. 1.],0,1,[0.6 0.6],1.0,0.0,1.0
663,1.0,1,332.0,0,664,0,False,1.0,1,0.0,[1 2],[0. 1.],1,1,[0.6 0.6],1.0,0.0,1.0
664,0.0,1,333.0,1,665,1,False,0.0,0,2.0,[1 2],[0. 1.],1,1,[0.6 0.6],1.0,0.0,1.0
665,0.0,1,333.0,0,666,0,False,2.0,1,0.0,[1 1],[0. 1.],0,1,[0.6 0.6],1.0,0.0,1.0
666,0.0,1,334.0,1,667,1,False,0.0,0,1.0,[1 1],[0. 1.],0,1,[0.6 0.6],1.0,0.0,1.0
667,0.0,1,334.0,0,668,0,False,1.0,1,0.0,[1 1],[0. 1.],0,1,[0.6 0.6],1.0,0.0,1.0
668,0.0,1,335.0,1,669,1,False,0.0,0,1.0,[1 1],[0. 1.],0,1,[0.6 0.6],1.0,0.0,1.0
669,0.0,1,335.0,0,670,0,False,1.0,1,0.0,[2 1],[0. 1.],0,1,[0.6 0.6],1.0,0.0,1.0
670,0.0,1,336.0,2,671,1,False,0.0,0,1.0,[2 1],[0. 1.],0,1,[0.6 0.6],1.0,0.0,1.0
671,0.0,1,336.0,0,672,0,False,1.0,1,0.0,[2 1],[0. 1.],1,1,[0.6 0.6],1.0,0.0,1.0
672,0.0,1,337.0,1,673,1,False,0.0,0,2.0,[2 1],[0. 1.],1,1,[0.6 0.6],1.0,0.0,1.0
673,1.0,1,337.0,0,674,0,False,2.0,1,0.0,[2 1],[0. 1.],0,1,[0.6 0.6],1.0,0.0,1.0
674,0.0,1,338.0,1,675,1,False,0.0,0,1.0,[2 1],[0. 1.],0,1,[0.6 0.6],1.0,0.0,1.0
675,1.0,1,338.0,0,676,0,False,1.0,1,0.0,[2 1],[0. 1.],0,1,[0.6 0.6],1.0,0.0,1.0
676,0.0,1,339.0,1,677,1,False,0.0,0,1.0,[2 1],[0. 1.],0,1,[0.6 0.6],1.0,0.0,1.0
677,1.0,1,339.0,0,678,0,False,1.0,1,0.0,[2 1],[0. 1.],0,1,[0.6 0.6],1.0,0.0,1.0
678,0.0,1,340.0,1,679,1,False,0.0,0,1.0,[2 1],[0. 1.],0,1,[0.6 0.6],1.0,0.0,1.0
679,1.0,1,340.0,0,680,0,False,1.0,1,0.0,[2 2],[0. 1.],0,1,[0.6 0.6],1.0,0.0,1.0
680,0.0,1,341.0,1,681,1,False,0.0,0,1.0,[2 2],[0. 1.],0,1,[0.6 0.6],1.0,0.0,1.0
681,1.0,1,341.0,0,682,0,False,1.0,1,0.0,[2 1],[0. 1.],0,1,[0.6 0.6],1.0,0.0,1.0
682,0.0,1,342.0,1,683,1,False,0.0,0,1.0,[2 1],[0. 1.],0,1,[0.6 0.6],1.0,0.0,1.0
683,1.0,1,342.0,0,684,0,False,1.0,1,0.0,[2 1],[0. 1.],0,1,[0.6 0.6],1.0,0.0,1.0
684,0.0,1,343.0,1,685,1,False,0.0,0,1.0,[2 1],[0. 1.],0,1,[0.6 0.6],1.0,0.0,1.0
685,1.0,1,343.0,0,686,0,False,1.0,1,0.0,[2 1],[0. 1.],0,1,[0.6 0.6],1.0,0.0,1.0
686,0.0,1,344.0,1,687,1,False,0.0,0,1.0,[2 1],[0. 1.],0,1,[0.6 0.6],1.0,0.0,1.0
687,1.0,1,344.0,0,688,0,False,1.0,1,0.0,[2 1],[0. 1.],0,1,[0.6 0.6],1.0,0.0,1.0
688,0.0,1,345.0,1,689,1,False,0.0,0,1.0,[2 1],[0. 1.],0,1,[0.6 0.6],1.0,0.0,1.0
689,1.0,1,345.0,0,690,0,False,1.0,1,0.0,[2 1],[1. 0.],0,0,[0.6 0.6],1.0,0.0,1.0
690,0.0,1,346.0,1,691,1,False,0.0,0,1.0,[2 1],[1. 0.],0,0,[0.6 0.6],1.0,0.0,1.0
691,0.0,1,346.0,0,692,0,False,1.0,1,0.0,[1 1],[1. 0.],1,0,[0.6 0.6],1.0,0.0,1.0
692,0.0,1,347.0,1,693,1,False,0.0,0,2.0,[1 1],[1. 0.],1,0,[0.6 0.6],1.0,0.0,1.0
693,1.0,1,347.0,0,694,0,False,2.0,1,0.0,[1 1],[1. 0.],0,0,[0.6 0.6],1.0,0.0,1.0
694,0.0,1,348.0,1,695,1,False,0.0,0,1.0,[1 1],[1. 0.],0,0,[0.6 0.6],1.0,0.0,1.0
695,1.0,1,348.0,0,696,0,False,1.0,1,0.0,[1 1],[1. 0.],0,0,[0.6 0.6],1.0,0.0,1.0
696,0.0,1,349.0,1,697,1,False,0.0,0,1.0,[1 1],[1. 0.],0,0,[0.6 0.6],1.0,0.0,1.0
697,1.0,1,349.0,0,698,0,False,1.0,1,0.0,[2 1],[1. 0.],1,0,[0.6 0.6],1.0,0.0,1.0
698,0.0,1,350.0,1,699,1,False,0.0,0,2.0,[2 1],[1. 0.],1,0,[0.6 0.6],1.0,0.0,1.0
699,0.0,1,350.0,0,700,0,False,2.0,1,0.0,[2 2],[1. 0.],1,0,[0.6 0.6],1.0,0.0,1.0
700,0.0,1,351.0,1,701,1,False,0.0,0,2.0,[2 2],[1. 0.],1,0,[0.6 0.6],1.0,0.0,1.0
701,0.0,1,351.0,0,702,0,False,2.0,1,0.0,[1 1],[1. 0.],1,0,[0.6 0.6],1.0,0.0,1.0
702,0.0,1,352.0,2,703,1,False,0.0,0,2.0,[1 1],[1. 0.],1,0,[0.6 0.6],1.0,0.0,1.0
703,1.0,1,352.0,0,704,0,False,2.0,1,0.0,[2 1],[1. 0.],1,0,[0.6 0.6],1.0,0.0,1.0
704,0.0,1,353.0,2,705,1,False,0.0,0,2.0,[2 1],[1. 0.],1,0,[0.6 0.6],1.0,0.0,1.0
705,1.0,1,353.0,0,706,0,False,2.0,1,0.0,[2 1],[1. 0.],1,0,[0.6 0.6],1.0,0.0,1.0
706,0.0,1,354.0,2,707,1,False,0.0,0,2.0,[2 1],[1. 0.],1,0,[0.6 0.6],1.0,0.0,1.0
707,1.0,1,354.0,0,708,0,False,2.0,1,0.0,[2 1],[1. 0.],1,0,[0.6 0.6],1.0,0.0,1.0
708,0.0,1,355.0,2,709,1,False,0.0,0,2.0,[2 1],[1. 0.],1,0,[0.6 0.6],1.0,0.0,1.0
709,1.0,1,355.0,0,710,0,False,2.0,1,0.0,[1 2],[1. 0.],0,0,[0.6 0.6],1.0,0.0,1.0
710,0.0,1,356.0,2,711,1,False,0.0,0,1.0,[1 2],[1. 0.],0,0,[0.6 0.6],1.0,0.0,1.0
711,0.0,1,356.0,0,712,0,False,1.0,1,0.0,[1 1],[1. 0.],1,0,[0.6 0.6],1.0,0.0,1.0
712,0.0,1,357.0,2,713,1,False,0.0,0,2.0,[1 1],[1. 0.],1,0,[0.6 0.6],1.0,0.0,1.0
713,1.0,1,357.0,0,714,0,False,2.0,1,0.0,[2 1],[1. 0.],0,0,[0.6 0.6],1.0,0.0,1.0
714,0.0,1,358.0,2,715,1,False,0.0,0,1.0,[2 1],[1. 0.],0,0,[0.6 0.6],1.0,0.0,1.0
715,1.0,1,358.0,0,716,0,False,1.0,1,0.0,[1 1],[1. 0.],1,0,[0.6 0.6],1.0,0.0,1.0
716,0.0,1,359.0,2,717,1,False,0.0,0,2.0,[1 1],[1. 0.],1,0,[0.6 0.6],1.0,0.0,1.0
717,1.0,1,359.0,0,718,0,False,2.0,1,0.0,[1 1],[1. 0.],0,0,[0.6 0.6],1.0,0.0,1.0
718,0.0,1,360.0,2,719,1,False,0.0,0,1.0,[1 1],[1. 0.],0,0,[0.6 0.6],1.0,0.0,1.0
719,1.0,1,360.0,0,720,0,False,1.0,1,0.0,[2 1],[1. 0.],0,0,[0.6 0.6],1.0,0.0,1.0
720,0.0,1,361.0,2,721,1,False,0.0,0,1.0,[2 1],[1. 0.],0,0,[0.6 0.6],1.0,0.0,1.0
721,1.0,1,361.0,0,722,0,False,1.0,1,0.0,[2 1],[1. 0.],0,0,[0.6 0.6],1.0,0.0,1.0
722,0.0,1,362.0,2,723,1,False,0.0,0,1.0,[2 1],[1. 0.],0,0,[0.6 0.6],1.0,0.0,1.0
723,1.0,1,362.0,0,724,0,False,1.0,1,0.0,[1 1],[1. 0.],0,0,[0.6 0.6],1.0,0.0,1.0
724,0.0,1,363.0,2,725,1,False,0.0,0,1.0,[1 1],[1. 0.],0,0,[0.6 0.6],1.0,0.0,1.0
725,1.0,1,363.0,0,726,0,False,1.0,1,0.0,[2 1],[1. 0.],1,0,[0.6 0.6],1.0,0.0,1.0
726,0.0,1,364.0,2,727,1,False,0.0,0,2.0,[2 1],[1. 0.],1,0,[0.6 0.6],1.0,0.0,1.0
727,1.0,1,364.0,0,728,0,False,2.0,1,0.0,[2 1],[1. 0.],0,0,[0.6 0.6],1.0,0.0,1.0
728,0.0,1,365.0,2,729,1,False,0.0,0,1.0,[2 1],[1. 0.],0,0,[0.6 0.6],1.0,0.0,1.0
729,1.0,1,365.0,0,730,0,False,1.0,1,0.0,[2 1],[1. 0.],0,0,[0.6 0.6],1.0,0.0,1.0
730,0.0,1,366.0,2,731,1,False,0.0,0,1.0,[2 1],[1. 0.],0,0,[0.6 0.6],1.0,0.0,1.0
731,1.0,1,366.0,0,732,0,False,1.0,1,0.0,[2 1],[1. 0.],1,0,[0.6 0.6],1.0,0.0,1.0
732,0.0,1,367.0,2,733,1,False,0.0,0,2.0,[2 1],[1. 0.],1,0,[0.6 0.6],1.0,0.0,1.0
733,1.0,1,367.0,0,734,0,False,2.0,1,0.0,[2 1],[1. 0.],1,0,[0.6 0.6],1.0,0.0,1.0
734,0.0,1,368.0,2,735,1,False,0.0,0,2.0,[2 1],[1. 0.],1,0,[0.6 0.6],1.0,0.0,1.0
735,1.0,1,368.0,0,736,0,False,2.0,1,0.0,[2 1],[1. 0.],0,0,[0.6 0.6],1.0,0.0,1.0
736,0.0,1,369.0,2,737,1,False,0.0,0,1.0,[2 1],[1. 0.],0,0,[0.6 0.6],1.0,0.0,1.0
737,1.0,1,369.0,0,738,0,False,1.0,1,0.0,[1 1],[1. 0.],0,0,[0.6 0.6],1.0,0.0,1.0
738,0.0,1,370.0,2,739,1,False,0.0,0,1.0,[1 1],[1. 0.],0,0,[0.6 0.6],1.0,0.0,1.0
739,1.0,1,370.0,0,740,0,False,1.0,1,0.0,[1 1],[1. 0.],1,0,[0.6 0.6],1.0,0.0,1.0
740,0.0,1,371.0,2,741,1,False,0.0,0,2.0,[1 1],[1. 0.],1,0,[0.6 0.6],1.0,0.0,1.0
741,1.0,1,371.0,0,742,0,False,2.0,1,0.0,[1 1],[1. 0.],1,0,[0.6 0.6],1.0,0.0,1.0
742,0.0,1,372.0,2,743,1,False,0.0,0,2.0,[1 1],[1. 0.],1,0,[0.6 0.6],1.0,0.0,1.0
743,1.0,1,372.0,0,744,0,False,2.0,1,0.0,[1 2],[1. 0.],1,0,[0.6 0.6],1.0,0.0,1.0
744,0.0,1,373.0,2,745,1,False,0.0,0,2.0,[1 2],[1. 0.],1,0,[0.6 0.6],1.0,0.0,1.0
745,0.0,1,373.0,0,746,0,False,2.0,1,0.0,[2 2],[1. 0.],0,0,[0.6 0.6],1.0,0.0,1.0
746,0.0,1,374.0,2,747,1,False,0.0,0,1.0,[2 2],[1. 0.],0,0,[0.6 0.6],1.0,0.0,1.0
747,0.0,1,374.0,0,748,0,False,1.0,1,0.0,[1 1],[1. 0.],0,0,[0.6 0.6],1.0,0.0,1.0
748,0.0,1,375.0,1,749,1,False,0.0,0,1.0,[1 1],[1. 0.],0,0,[0.6 0.6],1.0,0.0,1.0
749,1.0,1,375.0,0,750,0,False,1.0,1,0.0,[2 2],[1. 0.],1,0,[0.6 0.6],1.0,0.0,1.0
750,0.0,1,376.0,1,751,1,False,0.0,0,2.0,[2 2],[1. 0.],1,0,[0.6 0.6],1.0,0.0,1.0
751,0.0,1,376.0,0,752,0,False,2.0,1,0.0,[1 1],[1. 0.],1,0,[0.6 0.6],1.0,0.0,1.0
752,0.0,1,377.0,2,753,1,False,0.0,0,2.0,[1 1],[1. 0.],1,0,[0.6 0.6],1.0,0.0,1.0
753,1.0,1,377.0,0,754,0,False,2.0,1,0.0,[2 2],[0. 1.],1,1,[0.6 0.6],1.0,0.0,1.0
754,0.0,1,378.0,2,755,1,False,0.0,0,2.0,[2 2],[0. 1.],1,1,[0.6 0.6],1.0,0.0,1.0
755,1.0,1,378.0,0,756,0,False,2.0,1,0.0,[1 2],[0. 1.],1,1,[0.6 0.6],1.0,0.0,1.0
756,0.0,1,379.0,2,757,1,False,0.0,0,2.0,[1 2],[0. 1.],1,1,[0.6 0.6],1.0,0.0,1.0
757,1.0,1,379.0,0,758,0,False,2.0,1,0.0,[2 1],[0. 1.],1,1,[0.6 0.6],1.0,0.0,1.0
758,0.0,1,380.0,2,759,1,False,0.0,0,2.0,[2 1],[0. 1.],1,1,[0.6 0.6],1.0,0.0,1.0
759,0.0,1,380.0,0,760,0,False,2.0,1,0.0,[2 2],[1. 0.],1,0,[0.6 0.6],1.0,0.0,1.0
760,0.0,1,381.0,2,761,1,False,0.0,0,2.0,[2 2],[1. 0.],1,0,[0.6 0.6],1.0,0.0,1.0
761,0.0,1,381.0,0,762,0,False,2.0,1,0.0,[1 2],[1. 0.],0,0,[0.6 0.6],1.0,0.0,1.0
762,0.0,1,382.0,1,763,1,False,0.0,0,1.0,[1 2],[1. 0.],0,0,[0.6 0.6],1.0,0.0,1.0
763,1.0,1,382.0,0,764,0,False,1.0,1,0.0,[1 2],[1. 0.],1,0,[0.6 0.6],1.0,0.0,1.0
764,0.0,1,383.0,1,765,1,False,0.0,0,2.0,[1 2],[1. 0.],1,0,[0.6 0.6],1.0,0.0,1.0
765,1.0,1,383.0,0,766,0,False,2.0,1,0.0,[1 1],[1. 0.],0,0,[0.6 0.6],1.0,0.0,1.0
766,0.0,1,384.0,1,767,1,False,0.0,0,1.0,[1 1],[1. 0.],0,0,[0.6 0.6],1.0,0.0,1.0
767,1.0,1,384.0,0,768,0,False,1.0,1,0.0,[1 2],[1. 0.],1,0,[0.6 0.6],1.0,0.0,1.0
768,0.0,1,385.0,1,769,1,False,0.0,0,2.0,[1 2],[1. 0.],1,0,[0.6 0.6],1.0,0.0,1.0
769,1.0,1,385.0,0,770,0,False,2.0,1,0.0,[1 2],[1. 0.],0,0,[0.6 0.6],1.0,0.0,1.0
770,0.0,1,386.0,1,771,1,False,0.0,0,1.0,[1 2],[1. 0.],0,0,[0.6 0.6],1.0,0.0,1.0
771,1.0,1,386.0,0,772,0,False,1.0,1,0.0,[2 1],[1. 0.],1,0,[0.6 0.6],1.0,0.0,1.0
772,0.0,1,387.0,1,773,1,False,0.0,0,2.0,[2 1],[1. 0.],1,0,[0.6 0.6],1.0,0.0,1.0
773,0.0,1,387.0,0,774,0,False,2.0,1,0.0,[1 1],[1. 0.],0,0,[0.6 0.6],1.0,0.0,1.0
774,0.0,1,388.0,1,775,1,False,0.0,0,1.0,[1 1],[1. 0.],0,0,[0.6 0.6],1.0,0.0,1.0
775,1.0,1,388.0,0,776,0,False,1.0,1,0.0,[2 2],[1. 0.],0,0,[0.6 0.6],1.0,0.0,1.0
776,0.0,1,389.0,1,777,1,False,0.0,0,1.0,[2 2],[1. 0.],0,0,[0.6 0.6],1.0,0.0,1.0
777,0.0,1,389.0,0,778,0,False,1.0,1,0.0,[1 1],[1. 0.],0,0,[0.6 0.6],1.0,0.0,1.0
778,0.0,1,390.0,1,779,1,False,0.0,0,1.0,[1 1],[1. 0.],0,0,[0.6 0.6],1.0,0.0,1.0
779,1.0,1,390.0,0,780,0,False,1.0,1,0.0,[1 2],[1. 0.],1,0,[0.6 0.6],1.0,0.0,1.0
780,0.0,1,391.0,1,781,1,False,0.0,0,2.0,[1 2],[1. 0.],1,0,[0.6 0.6],1.0,0.0,1.0
781,1.0,1,391.0,0,782,0,False,2.0,1,0.0,[1 1],[1. 0.],1,0,[0.6 0.6],1.0,0.0,1.0
782,0.0,1,392.0,1,783,1,False,0.0,0,2.0,[1 1],[1. 0.],1,0,[0.6 0.6],1.0,0.0,1.0
783,1.0,1,392.0,0,784,0,False,2.0,1,0.0,[2 1],[1. 0.],0,0,[0.6 0.6],1.0,0.0,1.0
784,0.0,1,393.0,1,785,1,False,0.0,0,1.0,[2 1],[1. 0.],0,0,[0.6 0.6],1.0,0.0,1.0
785,0.0,1,393.0,0,786,0,False,1.0,1,0.0,[2 2],[1. 0.],1,0,[0.6 0.6],1.0,0.0,1.0
786,0.0,1,394.0,1,787,1,False,0.0,0,2.0,[2 2],[1. 0.],1,0,[0.6 0.6],1.0,0.0,1.0
787,0.0,1,394.0,0,788,0,False,2.0,1,0.0,[2 2],[1. 0.],0,0,[0.6 0.6],1.0,0.0,1.0
788,0.0,1,395.0,2,789,1,False,0.0,0,1.0,[2 2],[1. 0.],0,0,[0.6 0.6],1.0,0.0,1.0
789,0.0,1,395.0,0,790,0,False,1.0,1,0.0,[2 1],[1. 0.],0,0,[0.6 0.6],1.0,0.0,1.0
790,0.0,1,396.0,1,791,1,False,0.0,0,1.0,[2 1],[1. 0.],0,0,[0.6 0.6],1.0,0.0,1.0
791,0.0,1,396.0,0,792,0,False,1.0,1,0.0,[1 2],[1. 0.],1,0,[0.6 0.6],1.0,0.0,1.0
792,0.0,1,397.0,2,793,1,False,0.0,0,2.0,[1 2],[1. 0.],1,0,[0.6 0.6],1.0,0.0,1.0
793,0.0,1,397.0,0,794,0,False,2.0,1,0.0,[1 2],[0. 1.],1,1,[0.6 0.6],1.0,0.0,1.0
794,0.0,1,398.0,1,795,1,False,0.0,0,2.0,[1 2],[0. 1.],1,1,[0.6 0.6],1.0,0.0,1.0
795,0.0,1,398.0,0,796,0,False,2.0,1,0.0,[1 2],[0. 1.],1,1,[0.6 0.6],1.0,0.0,1.0
796,0.0,1,399.0,2,797,1,False,0.0,0,2.0,[1 2],[0. 1.],1,1,[0.6 0.6],1.0,0.0,1.0
797,1.0,1,399.0,0,798,0,False,2.0,1,0.0,[1 1],[0. 1.],0,1,[0.6 0.6],1.0,0.0,1.0
798,0.0,1,400.0,2,799,1,False,0.0,0,1.0,[1 1],[0. 1.],0,1,[0.6 0.6],1.0,0.0,1.0
799,0.0,1,400.0,0,800,0,False,1.0,1,0.0,[2 2],[0. 1.],1,1,[0.6 0.6],1.0,0.0,1.0
800,0.0,1,401.0,2,801,1,False,0.0,0,2.0,[2 2],[0. 1.],1,1,[0.6 0.6],1.0,0.0,1.0
801,1.0,1,401.0,0,802,0,False,2.0,1,0.0,[2 1],[0. 1.],1,1,[0.6 0.6],1.0,0.0,1.0
802,0.0,1,402.0,2,803,1,False,0.0,0,2.0,[2 1],[0. 1.],1,1,[0.6 0.6],1.0,0.0,1.0
803,0.0,1,402.0,0,804,0,False,2.0,1,0.0,[2 2],[0. 1.],0,1,[0.6 0.6],1.0,0.0,1.0
804,0.0,1,403.0,2,805,1,False,0.0,0,1.0,[2 2],[0. 1.],0,1,[0.6 0.6],1.0,0.0,1.0
805,1.0,1,403.0,0,806,0,False,1.0,1,0.0,[1 1],[1. 0.],0,0,[0.6 0.6],1.0,0.0,1.0
806,0.0,1,404.0,2,807,1,False,0.0,0,1.0,[1 1],[1. 0.],0,0,[0.6 0.6],1.0,0.0,1.0
807,1.0,1,404.0,0,808,0,False,1.0,1,0.0,[1 1],[1. 0.],0,0,[0.6 0.6],1.0,0.0,1.0
808,0.0,1,405.0,2,809,1,False,0.0,0,1.0,[1 1],[1. 0.],0,0,[0.6 0.6],1.0,0.0,1.0
809,1.0,1,405.0,0,810,0,False,1.0,1,0.0,[1 2],[1. 0.],0,0,[0.6 0.6],1.0,0.0,1.0
810,0.0,1,406.0,2,811,1,False,0.0,0,1.0,[1 2],[1. 0.],0,0,[0.6 0.6],1.0,0.0,1.0
811,0.0,1,406.0,0,812,0,False,1.0,1,0.0,[2 2],[1. 0.],0,0,[0.6 0.6],1.0,0.0,1.0
812,0.0,1,407.0,2,813,1,False,0.0,0,1.0,[2 2],[1. 0.],0,0,[0.6 0.6],1.0,0.0,1.0
813,0.0,1,407.0,0,814,0,False,1.0,1,0.0,[1 2],[1. 0.],0,0,[0.6 0.6],1.0,0.0,1.0
814,0.0,1,408.0,2,815,1,False,0.0,0,1.0,[1 2],[1. 0.],0,0,[0.6 0.6],1.0,0.0,1.0
815,0.0,1,408.0,0,816,0,False,1.0,1,0.0,[2 1],[1. 0.],1,0,[0.6 0.6],1.0,0.0,1.0
816,0.0,1,409.0,2,817,1,False,0.0,0,2.0,[2 1],[1. 0.],1,0,[0.6 0.6],1.0,0.0,1.0
817,1.0,1,409.0,0,818,0,False,2.0,1,0.0,[2 2],[1. 0.],0,0,[0.6 0.6],1.0,0.0,1.0
818,0.0,1,410.0,2,819,1,False,0.0,0,1.0,[2 2],[1. 0.],0,0,[0.6 0.6],1.0,0.0,1.0
819,0.0,1,410.0,0,820,0,False,1.0,1,0.0,[1 2],[1. 0.],0,0,[0.6 0.6],1.0,0.0,1.0
820,0.0,1,411.0,2,821,1,False,0.0,0,1.0,[1 2],[1. 0.],0,0,[0.6 0.6],1.0,0.0,1.0
821,0.0,1,411.0,0,822,0,False,1.0,1,0.0,[2 2],[1. 0.],0,0,[0.6 0.6],1.0,0.0,1.0
822,0.0,1,412.0,1,823,1,False,0.0,0,1.0,[2 2],[1. 0.],0,0,[0.6 0.6],1.0,0.0,1.0
823,0.0,1,412.0,0,824,0,False,1.0,1,0.0,[1 2],[1. 0.],0,0,[0.6 0.6],1.0,0.0,1.0
824,0.0,1,413.0,2,825,1,False,0.0,0,1.0,[1 2],[1. 0.],0,0,[0.6 0.6],1.0,0.0,1.0
825,0.0,1,413.0,0,826,0,False,1.0,1,0.0,[2 2],[1. 0.],0,0,[0.6 0.6],1.0,0.0,1.0
826,0.0,1,414.0,1,827,1,False,0.0,0,1.0,[2 2],[1. 0.],0,0,[0.6 0.6],1.0,0.0,1.0
827,0.0,1,414.0,0,828,0,False,1.0,1,0.0,[2 2],[1. 0.],1,0,[0.6 0.6],1.0,0.0,1.0
828,0.0,1,415.0,2,829,1,False,0.0,0,2.0,[2 2],[1. 0.],1,0,[0.6 0.6],1.0,0.0,1.0
829,0.0,1,415.0,0,830,0,False,2.0,1,0.0,[2 1],[1. 0.],0,0,[0.6 0.6],1.0,0.0,1.0
830,0.0,1,416.0,2,831,1,False,0.0,0,1.0,[2 1],[1. 0.],0,0,[0.6 0.6],1.0,0.0,1.0
831,1.0,1,416.0,0,832,0,False,1.0,1,0.0,[2 1],[1. 0.],0,0,[0.6 0.6],1.0,0.0,1.0
832,0.0,1,417.0,2,833,1,False,0.0,0,1.0,[2 1],[1. 0.],0,0,[0.6 0.6],1.0,0.0,1.0
833,1.0,1,417.0,0,834,0,False,1.0,1,0.0,[2 1],[1. 0.],0,0,[0.6 0.6],1.0,0.0,1.0
834,0.0,1,418.0,2,835,1,False,0.0,0,1.0,[2 1],[1. 0.],0,0,[0.6 0.6],1.0,0.0,1.0
835,1.0,1,418.0,0,836,0,False,1.0,1,0.0,[2 1],[1. 0.],0,0,[0.6 0.6],1.0,0.0,1.0
836,0.0,1,419.0,2,837,1,False,0.0,0,1.0,[2 1],[1. 0.],0,0,[0.6 0.6],1.0,0.0,1.0
837,1.0,1,419.0,0,838,0,False,1.0,1,0.0,[2 1],[1. 0.],1,0,[0.6 0.6],1.0,0.0,1.0
838,0.0,1,420.0,2,839,1,False,0.0,0,2.0,[2 1],[1. 0.],1,0,[0.6 0.6],1.0,0.0,1.0
839,1.0,1,420.0,0,840,0,False,2.0,1,0.0,[1 1],[1. 0.],0,0,[0.6 0.6],1.0,0.0,1.0
840,0.0,1,421.0,2,841,1,False,0.0,0,1.0,[1 1],[1. 0.],0,0,[0.6 0.6],1.0,0.0,1.0
841,1.0,1,421.0,0,842,0,False,1.0,1,0.0,[1 1],[1. 0.],0,0,[0.6 0.6],1.0,0.0,1.0
842,0.0,1,422.0,2,843,1,False,0.0,0,1.0,[1 1],[1. 0.],0,0,[0.6 0.6],1.0,0.0,1.0
843,1.0,1,422.0,0,844,0,False,1.0,1,0.0,[2 1],[1. 0.],1,0,[0.6 0.6],1.0,0.0,1.0
844,0.0,1,423.0,2,845,1,False,0.0,0,2.0,[2 1],[1. 0.],1,0,[0.6 0.6],1.0,0.0,1.0
845,1.0,1,423.0,0,846,0,False,2.0,1,0.0,[2 1],[1. 0.],1,0,[0.6 0.6],1.0,0.0,1.0
846,0.0,1,424.0,2,847,1,False,0.0,0,2.0,[2 1],[1. 0.],1,0,[0.6 0.6],1.0,0.0,1.0
847,1.0,1,424.0,0,848,0,False,2.0,1,0.0,[1 1],[1. 0.],1,0,[0.6 0.6],1.0,0.0,1.0
848,0.0,1,425.0,2,849,1,False,0.0,0,2.0,[1 1],[1. 0.],1,0,[0.6 0.6],1.0,0.0,1.0
849,1.0,1,425.0,0,850,0,False,2.0,1,0.0,[1 2],[1. 0.],1,0,[0.6 0.6],1.0,0.0,1.0
850,0.0,1,426.0,2,851,1,False,0.0,0,2.0,[1 2],[1. 0.],1,0,[0.6 0.6],1.0,0.0,1.0
851,0.0,1,426.0,0,852,0,False,2.0,1,0.0,[1 2],[1. 0.],1,0,[0.6 0.6],1.0,0.0,1.0
852,0.0,1,427.0,2,853,1,False,0.0,0,2.0,[1 2],[1. 0.],1,0,[0.6 0.6],1.0,0.0,1.0
853,0.0,1,427.0,0,854,0,False,2.0,1,0.0,[1 2],[1. 0.],0,0,[0.6 0.6],1.0,0.0,1.0
854,0.0,1,428.0,1,855,1,False,0.0,0,1.0,[1 2],[1. 0.],0,0,[0.6 0.6],1.0,0.0,1.0
855,1.0,1,428.0,0,856,0,False,1.0,1,0.0,[2 1],[1. 0.],1,0,[0.6 0.6],1.0,0.0,1.0
856,0.0,1,429.0,1,857,1,False,0.0,0,2.0,[2 1],[1. 0.],1,0,[0.6 0.6],1.0,0.0,1.0
857,0.0,1,429.0,0,858,0,False,2.0,1,0.0,[2 1],[0. 1.],0,1,[0.6 0.6],1.0,0.0,1.0
858,0.0,1,430.0,1,859,1,False,0.0,0,1.0,[2 1],[0. 1.],0,1,[0.6 0.6],1.0,0.0,1.0
859,1.0,1,430.0,0,860,0,False,1.0,1,0.0,[2 1],[0. 1.],0,1,[0.6 0.6],1.0,0.0,1.0
860,0.0,1,431.0,1,861,1,False,0.0,0,1.0,[2 1],[0. 1.],0,1,[0.6 0.6],1.0,0.0,1.0
861,1.0,1,431.0,0,862,0,False,1.0,1,0.0,[1 1],[0. 1.],1,1,[0.6 0.6],1.0,0.0,1.0
862,0.0,1,432.0,1,863,1,False,0.0,0,2.0,[1 1],[0. 1.],1,1,[0.6 0.6],1.0,0.0,1.0
863,0.0,1,432.0,0,864,0,False,2.0,1,0.0,[2 1],[0. 1.],0,1,[0.6 0.6],1.0,0.0,1.0
864,0.0,1,433.0,1,865,1,False,0.0,0,1.0,[2 1],[0. 1.],0,1,[0.6 0.6],1.0,0.0,1.0
865,1.0,1,433.0,0,866,0,False,1.0,1,0.0,[2 1],[0. 1.],1,1,[0.6 0.6],1.0,0.0,1.0
866,0.0,1,434.0,1,867,1,False,0.0,0,2.0,[2 1],[0. 1.],1,1,[0.6 0.6],1.0,0.0,1.0
867,1.0,1,434.0,0,868,0,False,2.0,1,0.0,[1 2],[0. 1.],0,1,[0.6 0.6],1.0,0.0,1.0
868,0.0,1,435.0,1,869,1,False,0.0,0,1.0,[1 2],[0. 1.],0,1,[0.6 0.6],1.0,0.0,1.0
869,0.0,1,435.0,0,870,0,False,1.0,1,0.0,[1 1],[0. 1.],1,1,[0.6 0.6],1.0,0.0,1.0
870,0.0,1,436.0,1,871,1,False,0.0,0,2.0,[1 1],[0. 1.],1,1,[0.6 0.6],1.0,0.0,1.0
871,0.0,1,436.0,0,872,0,False,2.0,1,0.0,[1 1],[1. 0.],1,0,[0.6 0.6],1.0,0.0,1.0
872,0.0,1,437.0,1,873,1,False,0.0,0,2.0,[1 1],[1. 0.],1,0,[0.6 0.6],1.0,0.0,1.0
873,1.0,1,437.0,0,874,0,False,2.0,1,0.0,[2 2],[1. 0.],0,0,[0.6 0.6],1.0,0.0,1.0
874,0.0,1,438.0,1,875,1,False,0.0,0,1.0,[2 2],[1. 0.],0,0,[0.6 0.6],1.0,0.0,1.0
875,0.0,1,438.0,0,876,0,False,1.0,1,0.0,[2 2],[1. 0.],0,0,[0.6 0.6],1.0,0.0,1.0
876,0.0,1,439.0,1,877,1,False,0.0,0,1.0,[2 2],[1. 0.],0,0,[0.6 0.6],1.0,0.0,1.0
877,0.0,1,439.0,0,878,0,False,1.0,1,0.0,[2 2],[1. 0.],0,0,[0.6 0.6],1.0,0.0,1.0
878,0.0,1,440.0,1,879,1,False,0.0,0,1.0,[2 2],[1. 0.],0,0,[0.6 0.6],1.0,0.0,1.0
879,0.0,1,440.0,0,880,0,False,1.0,1,0.0,[2 2],[1. 0.],0,0,[0.6 0.6],1.0,0.0,1.0
880,0.0,1,441.0,1,881,1,False,0.0,0,1.0,[2 2],[1. 0.],0,0,[0.6 0.6],1.0,0.0,1.0
881,0.0,1,441.0,0,882,0,False,1.0,1,0.0,[1 2],[1. 0.],0,0,[0.6 0.6],1.0,0.0,1.0
882,0.0,1,442.0,2,883,1,False,0.0,0,1.0,[1 2],[1. 0.],0,0,[0.6 0.6],1.0,0.0,1.0
883,0.0,1,442.0,0,884,0,False,1.0,1,0.0,[2 1],[1. 0.],1,0,[0.6 0.6],1.0,0.0,1.0
884,0.0,1,443.0,1,885,1,False,0.0,0,2.0,[2 1],[1. 0.],1,0,[0.6 0.6],1.0,0.0,1.0
885,0.0,1,443.0,0,886,0,False,2.0,1,0.0,[2 2],[1. 0.],1,0,[0.6 0.6],1.0,0.0,1.0
886,0.0,1,444.0,2,887,1,False,0.0,0,2.0,[2 2],[1. 0.],1,0,[0.6 0.6],1.0,0.0,1.0
887,0.0,1,444.0,0,888,0,False,2.0,1,0.0,[1 1],[1. 0.],0,0,[0.6 0.6],1.0,0.0,1.0
888,0.0,1,445.0,1,889,1,False,0.0,0,1.0,[1 1],[1. 0.],0,0,[0.6 0.6],1.0,0.0,1.0
889,1.0,1,445.0,0,890,0,False,1.0,1,0.0,[2 1],[1. 0.],0,0,[0.6 0.6],1.0,0.0,1.0
890,0.0,1,446.0,1,891,1,False,0.0,0,1.0,[2 1],[1. 0.],0,0,[0.6 0.6],1.0,0.0,1.0
891,0.0,1,446.0,0,892,0,False,1.0,1,0.0,[1 1],[1. 0.],1,0,[0.6 0.6],1.0,0.0,1.0
892,0.0,1,447.0,1,893,1,False,0.0,0,2.0,[1 1],[1. 0.],1,0,[0.6 0.6],1.0,0.0,1.0
893,1.0,1,447.0,0,894,0,False,2.0,1,0.0,[2 2],[1. 0.],1,0,[0.6 0.6],1.0,0.0,1.0
894,0.0,1,448.0,1,895,1,False,0.0,0,2.0,[2 2],[1. 0.],1,0,[0.6 0.6],1.0,0.0,1.0
895,0.0,1,448.0,0,896,0,False,2.0,1,0.0,[1 2],[1. 0.],0,0,[0.6 0.6],1.0,0.0,1.0
896,0.0,1,449.0,1,897,1,False,0.0,0,1.0,[1 2],[1. 0.],0,0,[0.6 0.6],1.0,0.0,1.0
897,1.0,1,449.0,0,898,0,False,1.0,1,0.0,[2 1],[1. 0.],1,0,[0.6 0.6],1.0,0.0,1.0
898,0.0,1,450.0,1,899,1,False,0.0,0,2.0,[2 1],[1. 0.],1,0,[0.6 0.6],1.0,0.0,1.0
899,0.0,1,450.0,0,900,0,False,2.0,1,0.0,[2 1],[1. 0.],0,0,[0.6 0.6],1.0,0.0,1.0
900,0.0,1,451.0,1,901,1,False,0.0,0,1.0,[2 1],[1. 0.],0,0,[0.6 0.6],1.0,0.0,1.0
901,0.0,1,451.0,0,902,0,False,1.0,1,0.0,[1 2],[1. 0.],0,0,[0.6 0.6],1.0,0.0,1.0
902,0.0,1,452.0,1,903,1,False,0.0,0,1.0,[1 2],[1. 0.],0,0,[0.6 0.6],1.0,0.0,1.0
903,1.0,1,452.0,0,904,0,False,1.0,1,0.0,[2 2],[1. 0.],1,0,[0.6 0.6],1.0,0.0,1.0
904,0.0,1,453.0,1,905,1,False,0.0,0,2.0,[2 2],[1. 0.],1,0,[0.6 0.6],1.0,0.0,1.0
905,0.0,1,453.0,0,906,0,False,2.0,1,0.0,[2 2],[1. 0.],0,0,[0.6 0.6],1.0,0.0,1.0
906,0.0,1,454.0,1,907,1,False,0.0,0,1.0,[2 2],[1. 0.],0,0,[0.6 0.6],1.0,0.0,1.0
907,0.0,1,454.0,0,908,0,False,1.0,1,0.0,[2 1],[1. 0.],1,0,[0.6 0.6],1.0,0.0,1.0
908,0.0,1,455.0,1,909,1,False,0.0,0,2.0,[2 1],[1. 0.],1,0,[0.6 0.6],1.0,0.0,1.0
909,0.0,1,455.0,0,910,0,False,2.0,1,0.0,[1 1],[1. 0.],0,0,[0.6 0.6],1.0,0.0,1.0
910,0.0,1,456.0,2,911,1,False,0.0,0,1.0,[1 1],[1. 0.],0,0,[0.6 0.6],1.0,0.0,1.0
911,1.0,1,456.0,0,912,0,False,1.0,1,0.0,[2 1],[1. 0.],1,0,[0.6 0.6],1.0,0.0,1.0
912,0.0,1,457.0,2,913,1,False,0.0,0,2.0,[2 1],[1. 0.],1,0,[0.6 0.6],1.0,0.0,1.0
913,1.0,1,457.0,0,914,0,False,2.0,1,0.0,[1 2],[1. 0.],0,0,[0.6 0.6],1.0,0.0,1.0
914,0.0,1,458.0,2,915,1,False,0.0,0,1.0,[1 2],[1. 0.],0,0,[0.6 0.6],1.0,0.0,1.0
915,0.0,1,458.0,0,916,0,False,1.0,1,0.0,[1 2],[1. 0.],1,0,[0.6 0.6],1.0,0.0,1.0
916,0.0,1,459.0,2,917,1,False,0.0,0,2.0,[1 2],[1. 0.],1,0,[0.6 0.6],1.0,0.0,1.0
917,0.0,1,459.0,0,918,0,False,2.0,1,0.0,[2 1],[1. 0.],0,0,[0.6 0.6],1.0,0.0,1.0
918,0.0,1,460.0,2,919,1,False,0.0,0,1.0,[2 1],[1. 0.],0,0,[0.6 0.6],1.0,0.0,1.0
919,1.0,1,460.0,0,920,0,False,1.0,1,0.0,[1 1],[1. 0.],0,0,[0.6 0.6],1.0,0.0,1.0
920,0.0,1,461.0,2,921,1,False,0.0,0,1.0,[1 1],[1. 0.],0,0,[0.6 0.6],1.0,0.0,1.0
921,1.0,1,461.0,0,922,0,False,1.0,1,0.0,[2 2],[1. 0.],0,0,[0.6 0.6],1.0,0.0,1.0
922,0.0,1,462.0,2,923,1,False,0.0,0,1.0,[2 2],[1. 0.],0,0,[0.6 0.6],1.0,0.0,1.0
923,0.0,1,462.0,0,924,0,False,1.0,1,0.0,[2 1],[1. 0.],1,0,[0.6 0.6],1.0,0.0,1.0
924,0.0,1,463.0,2,925,1,False,0.0,0,2.0,[2 1],[1. 0.],1,0,[0.6 0.6],1.0,0.0,1.0
925,1.0,1,463.0,0,926,0,False,2.0,1,0.0,[1 1],[1. 0.],1,0,[0.6 0.6],1.0,0.0,1.0
926,0.0,1,464.0,2,927,1,False,0.0,0,2.0,[1 1],[1. 0.],1,0,[0.6 0.6],1.0,0.0,1.0
927,1.0,1,464.0,0,928,0,False,2.0,1,0.0,[2 1],[1. 0.],0,0,[0.6 0.6],1.0,0.0,1.0
928,0.0,1,465.0,2,929,1,False,0.0,0,1.0,[2 1],[1. 0.],0,0,[0.6 0.6],1.0,0.0,1.0
929,1.0,1,465.0,0,930,0,False,1.0,1,0.0,[2 2],[1. 0.],1,0,[0.6 0.6],1.0,0.0,1.0
930,0.0,1,466.0,2,931,1,False,0.0,0,2.0,[2 2],[1. 0.],1,0,[0.6 0.6],1.0,0.0,1.0
931,0.0,1,466.0,0,932,0,False,2.0,1,0.0,[1 2],[1. 0.],1,0,[0.6 0.6],1.0,0.0,1.0
932,0.0,1,467.0,2,933,1,False,0.0,0,2.0,[1 2],[1. 0.],1,0,[0.6 0.6],1.0,0.0,1.0
933,0.0,1,467.0,0,934,0,False,2.0,1,0.0,[2 1],[1. 0.],0,0,[0.6 0.6],1.0,0.0,1.0
934,0.0,1,468.0,1,935,1,False,0.0,0,1.0,[2 1],[1. 0.],0,0,[0.6 0.6],1.0,0.0,1.0
935,0.0,1,468.0,0,936,0,False,1.0,1,0.0,[2 1],[1. 0.],1,0,[0.6 0.6],1.0,0.0,1.0
936,0.0,1,469.0,1,937,1,False,0.0,0,2.0,[2 1],[1. 0.],1,0,[0.6 0.6],1.0,0.0,1.0
937,0.0,1,469.0,0,938,0,False,2.0,1,0.0,[2 1],[1. 0.],1,0,[0.6 0.6],1.0,0.0,1.0
938,0.0,1,470.0,2,939,1,False,0.0,0,2.0,[2 1],[1. 0.],1,0,[0.6 0.6],1.0,0.0,1.0
939,1.0,1,470.0,0,940,0,False,2.0,1,0.0,[1 2],[1. 0.],1,0,[0.6 0.6],1.0,0.0,1.0
940,0.0,1,471.0,2,941,1,False,0.0,0,2.0,[1 2],[1. 0.],1,0,[0.6 0.6],1.0,0.0,1.0
941,0.0,1,471.0,0,942,0,False,2.0,1,0.0,[1 2],[1. 0.],0,0,[0.6 0.6],1.0,0.0,1.0
942,0.0,1,472.0,1,943,1,False,0.0,0,1.0,[1 2],[1. 0.],0,0,[0.6 0.6],1.0,0.0,1.0
943,1.0,1,472.0,0,944,0,False,1.0,1,0.0,[2 1],[1. 0.],0,0,[0.6 0.6],1.0,0.0,1.0
944,0.0,1,473.0,1,945,1,False,0.0,0,1.0,[2 1],[1. 0.],0,0,[0.6 0.6],1.0,0.0,1.0
945,0.0,1,473.0,0,946,0,False,1.0,1,0.0,[2 1],[1. 0.],0,0,[0.6 0.6],1.0,0.0,1.0
946,0.0,1,474.0,1,947,1,False,0.0,0,1.0,[2 1],[1. 0.],0,0,[0.6 0.6],1.0,0.0,1.0
947,0.0,1,474.0,0,948,0,False,1.0,1,0.0,[2 1],[1. 0.],0,0,[0.6 0.6],1.0,0.0,1.0
948,0.0,1,475.0,1,949,1,False,0.0,0,1.0,[2 1],[1. 0.],0,0,[0.6 0.6],1.0,0.0,1.0
949,0.0,1,475.0,0,950,0,False,1.0,1,0.0,[1 1],[1. 0.],1,0,[0.6 0.6],1.0,0.0,1.0
950,0.0,1,476.0,2,951,1,False,0.0,0,2.0,[1 1],[1. 0.],1,0,[0.6 0.6],1.0,0.0,1.0
951,1.0,1,476.0,0,952,0,False,2.0,1,0.0,[1 1],[1. 0.],0,0,[0.6 0.6],1.0,0.0,1.0
952,0.0,1,477.0,2,953,1,False,0.0,0,1.0,[1 1],[1. 0.],0,0,[0.6 0.6],1.0,0.0,1.0
953,1.0,1,477.0,0,954,0,False,1.0,1,0.0,[2 2],[1. 0.],1,0,[0.6 0.6],1.0,0.0,1.0
954,0.0,1,478.0,2,955,1,False,0.0,0,2.0,[2 2],[1. 0.],1,0,[0.6 0.6],1.0,0.0,1.0
955,0.0,1,478.0,0,956,0,False,2.0,1,0.0,[2 2],[1. 0.],0,0,[0.6 0.6],1.0,0.0,1.0
956,0.0,1,479.0,2,957,1,False,0.0,0,1.0,[2 2],[1. 0.],0,0,[0.6 0.6],1.0,0.0,1.0
957,0.0,1,479.0,0,958,0,False,1.0,1,0.0,[1 2],[1. 0.],0,0,[0.6 0.6],1.0,0.0,1.0
958,0.0,1,480.0,2,959,1,False,0.0,0,1.0,[1 2],[1. 0.],0,0,[0.6 0.6],1.0,0.0,1.0
959,0.0,1,480.0,0,960,0,False,1.0,1,0.0,[2 1],[1. 0.],1,0,[0.6 0.6],1.0,0.0,1.0
960,0.0,1,481.0,2,961,1,False,0.0,0,2.0,[2 1],[1. 0.],1,0,[0.6 0.6],1.0,0.0,1.0
961,1.0,1,481.0,0,962,0,False,2.0,1,0.0,[2 2],[1. 0.],0,0,[0.6 0.6],1.0,0.0,1.0
962,0.0,1,482.0,2,963,1,False,0.0,0,1.0,[2 2],[1. 0.],0,0,[0.6 0.6],1.0,0.0,1.0
963,0.0,1,482.0,0,964,0,False,1.0,1,0.0,[1 2],[1. 0.],1,0,[0.6 0.6],1.0,0.0,1.0
964,0.0,1,483.0,2,965,1,False,0.0,0,2.0,[1 2],[1. 0.],1,0,[0.6 0.6],1.0,0.0,1.0
965,0.0,1,483.0,0,966,0,False,2.0,1,0.0,[2 2],[1. 0.],0,0,[0.6 0.6],1.0,0.0,1.0
966,0.0,1,484.0,1,967,1,False,0.0,0,1.0,[2 2],[1. 0.],0,0,[0.6 0.6],1.0,0.0,1.0
967,0.0,1,484.0,0,968,0,False,1.0,1,0.0,[1 2],[1. 0.],0,0,[0.6 0.6],1.0,0.0,1.0
968,0.0,1,485.0,2,969,1,False,0.0,0,1.0,[1 2],[1. 0.],0,0,[0.6 0.6],1.0,0.0,1.0
969,0.0,1,485.0,0,970,0,False,1.0,1,0.0,[1 2],[1. 0.],1,0,[0.6 0.6],1.0,0.0,1.0
970,0.0,1,486.0,1,971,1,False,0.0,0,2.0,[1 2],[1. 0.],1,0,[0.6 0.6],1.0,0.0,1.0
971,1.0,1,486.0,0,972,0,False,2.0,1,0.0,[1 1],[1. 0.],0,0,[0.6 0.6],1.0,0.0,1.0
972,0.0,1,487.0,1,973,1,False,0.0,0,1.0,[1 1],[1. 0.],0,0,[0.6 0.6],1.0,0.0,1.0
973,1.0,1,487.0,0,974,0,False,1.0,1,0.0,[2 1],[1. 0.],0,0,[0.6 0.6],1.0,0.0,1.0
974,0.0,1,488.0,1,975,1,False,0.0,0,1.0,[2 1],[1. 0.],0,0,[0.6 0.6],1.0,0.0,1.0
975,0.0,1,488.0,0,976,0,False,1.0,1,0.0,[2 2],[1. 0.],1,0,[0.6 0.6],1.0,0.0,1.0
976,0.0,1,489.0,1,977,1,False,0.0,0,2.0,[2 2],[1. 0.],1,0,[0.6 0.6],1.0,0.0,1.0
977,0.0,1,489.0,0,978,0,False,2.0,1,0.0,[1 1],[1. 0.],0,0,[0.6 0.6],1.0,0.0,1.0
978,0.0,1,490.0,1,979,1,False,0.0,0,1.0,[1 1],[1. 0.],0,0,[0.6 0.6],1.0,0.0,1.0
979,1.0,1,490.0,0,980,0,False,1.0,1,0.0,[1 1],[1. 0.],0,0,[0.6 0.6],1.0,0.0,1.0
980,0.0,1,491.0,1,981,1,False,0.0,0,1.0,[1 1],[1. 0.],0,0,[0.6 0.6],1.0,0.0,1.0
981,1.0,1,491.0,0,982,0,False,1.0,1,0.0,[1 2],[1. 0.],0,0,[0.6 0.6],1.0,0.0,1.0
982,0.0,1,492.0,1,983,1,False,0.0,0,1.0,[1 2],[1. 0.],0,0,[0.6 0.6],1.0,0.0,1.0
983,1.0,1,492.0,0,984,0,False,1.0,1,0.0,[2 2],[1. 0.],1,0,[0.6 0.6],1.0,0.0,1.0
984,0.0,1,493.0,1,985,1,False,0.0,0,2.0,[2 2],[1. 0.],1,0,[0.6 0.6],1.0,0.0,1.0
985,0.0,1,493.0,0,986,0,False,2.0,1,0.0,[1 2],[1. 0.],1,0,[0.6 0.6],1.0,0.0,1.0
986,0.0,1,494.0,1,987,1,False,0.0,0,2.0,[1 2],[1. 0.],1,0,[0.6 0.6],1.0,0.0,1.0
987,1.0,1,494.0,0,988,0,False,2.0,1,0.0,[1 2],[1. 0.],0,0,[0.6 0.6],1.0,0.0,1.0
988,0.0,1,495.0,1,989,1,False,0.0,0,1.0,[1 2],[1. 0.],0,0,[0.6 0.6],1.0,0.0,1.0
989,1.0,1,495.0,0,990,0,False,1.0,1,0.0,[2 1],[1. 0.],1,0,[0.6 0.6],1.0,0.0,1.0
990,0.0,1,496.0,1,991,1,False,0.0,0,2.0,[2 1],[1. 0.],1,0,[0.6 0.6],1.0,0.0,1.0
991,0.0,1,496.0,0,992,0,False,2.0,1,0.0,[1 2],[1. 0.],1,0,[0.6 0.6],1.0,0.0,1.0
992,0.0,1,497.0,1,993,1,False,0.0,0,2.0,[1 2],[1. 0.],1,0,[0.6 0.6],1.0,0.0,1.0
993,1.0,1,497.0,0,994,0,False,2.0,1,0.0,[1 2],[1. 0.],0,0,[0.6 0.6],1.0,0.0,1.0
994,0.0,1,498.0,1,995,1,False,0.0,0,1.0,[1 2],[1. 0.],0,0,[0.6 0.6],1.0,0.0,1.0
995,1.0,1,498.0,0,996,0,False,1.0,1,0.0,[1 2],[1. 0.],0,0,[0.6 0.6],1.0,0.0,1.0
996,0.0,1,499.0,1,997,1,False,0.0,0,1.0,[1 2],[1. 0.],0,0,[0.6 0.6],1.0,0.0,1.0
997,1.0,1,499.0,0,998,0,False,1.0,1,0.0,[1 1],[1. 0.],1,0,[0.6 0.6],1.0,0.0,1.0
998,0.0,1,500.0,1,999,1,False,0.0,0,2.0,[1 1],[1. 0.],1,0,[0.6 0.6],1.0,0.0,1.0
999,1.0,1,500.0,0,1000,0,False,2.0,1,0.0,[1 2],[1. 0.],1,0,[0.6 0.6],1.0,0.0,1.0
1000,0.0,1,501.0,1,1001,1,False,0.0,0,2.0,[1 2],[1. 0.],1,0,[0.6 0.6],1.0,0.0,1.0
1001,1.0,1,501.0,0,1002,0,False,2.0,1,0.0,[1 2],[1. 0.],1,0,[0.6 0.6],1.0,0.0,1.0
1002,0.0,1,502.0,1,1003,1,False,0.0,0,2.0,[1 2],[1. 0.],1,0,[0.6 0.6],1.0,0.0,1.0
1003,1.0,1,502.0,0,1004,0,False,2.0,1,0.0,[1 2],[1. 0.],1,0,[0.6 0.6],1.0,0.0,1.0
1004,0.0,1,503.0,1,1005,1,False,0.0,0,2.0,[1 2],[1. 0.],1,0,[0.6 0.6],1.0,0.0,1.0
1005,1.0,1,503.0,0,1006,0,False,2.0,1,0.0,[1 1],[1. 0.],1,0,[0.6 0.6],1.0,0.0,1.0
1006,0.0,1,504.0,1,1007,1,False,0.0,0,2.0,[1 1],[1. 0.],1,0,[0.6 0.6],1.0,0.0,1.0
1007,1.0,1,504.0,0,1008,0,False,2.0,1,0.0,[1 1],[1. 0.],1,0,[0.6 0.6],1.0,0.0,1.0
1008,0.0,1,505.0,1,1009,1,False,0.0,0,2.0,[1 1],[1. 0.],1,0,[0.6 0.6],1.0,0.0,1.0
1009,1.0,1,505.0,0,1010,0,False,2.0,1,0.0,[2 1],[1. 0.],1,0,[0.6 0.6],1.0,0.0,1.0
1010,0.0,1,506.0,1,1011,1,False,0.0,0,2.0,[2 1],[1. 0.],1,0,[0.6 0.6],1.0,0.0,1.0
1011,0.0,1,506.0,0,1012,0,False,2.0,1,0.0,[2 2],[1. 0.],0,0,[0.6 0.6],1.0,0.0,1.0
1012,0.0,1,507.0,1,1013,1,False,0.0,0,1.0,[2 2],[1. 0.],0,0,[0.6 0.6],1.0,0.0,1.0
1013,0.0,1,507.0,0,1014,0,False,1.0,1,0.0,[2 1],[1. 0.],0,0,[0.6 0.6],1.0,0.0,1.0
1014,0.0,1,508.0,1,1015,1,False,0.0,0,1.0,[2 1],[1. 0.],0,0,[0.6 0.6],1.0,0.0,1.0
1015,0.0,1,508.0,0,1016,0,False,1.0,1,0.0,[1 2],[1. 0.],1,0,[0.6 0.6],1.0,0.0,1.0
1016,0.0,1,509.0,1,1017,1,False,0.0,0,2.0,[1 2],[1. 0.],1,0,[0.6 0.6],1.0,0.0,1.0
1017,1.0,1,509.0,0,1018,0,False,2.0,1,0.0,[2 1],[1. 0.],0,0,[0.6 0.6],1.0,0.0,1.0
1018,0.0,1,510.0,1,1019,1,False,0.0,0,1.0,[2 1],[1. 0.],0,0,[0.6 0.6],1.0,0.0,1.0
1019,0.0,1,510.0,0,1020,0,False,1.0,1,0.0,[1 2],[1. 0.],1,0,[0.6 0.6],1.0,0.0,1.0
1020,0.0,1,511.0,1,1021,1,False,0.0,0,2.0,[1 2],[1. 0.],1,0,[0.6 0.6],1.0,0.0,1.0
1021,1.0,1,511.0,0,1022,0,False,2.0,1,0.0,[1 2],[1. 0.],1,0,[0.6 0.6],1.0,0.0,1.0
1022,0.0,1,512.0,1,1023,1,False,0.0,0,2.0,[1 2],[1. 0.],1,0,[0.6 0.6],1.0,0.0,1.0
1023,1.0,1,512.0,0,1024,0,False,2.0,1,0.0,[2 1],[1. 0.],1,0,[0.6 0.6],1.0,0.0,1.0
1024,0.0,1,513.0,1,1025,1,False,0.0,0,2.0,[2 1],[1. 0.],1,0,[0.6 0.6],1.0,0.0,1.0
1025,0.0,1,513.0,0,1026,0,False,2.0,1,0.0,[2 1],[1. 0.],0,0,[0.6 0.6],1.0,0.0,1.0
1026,0.0,1,514.0,1,1027,1,False,0.0,0,1.0,[2 1],[1. 0.],0,0,[0.6 0.6],1.0,0.0,1.0
1027,0.0,1,514.0,0,1028,0,False,1.0,1,0.0,[1 1],[1. 0.],1,0,[0.6 0.6],1.0,0.0,1.0
1028,0.0,1,515.0,1,1029,1,False,0.0,0,2.0,[1 1],[1. 0.],1,0,[0.6 0.6],1.0,0.0,1.0
1029,1.0,1,515.0,0,1030,0,False,2.0,1,0.0,[1 2],[1. 0.],0,0,[0.6 0.6],1.0,0.0,1.0
1030,0.0,1,516.0,1,1031,1,False,0.0,0,1.0,[1 2],[1. 0.],0,0,[0.6 0.6],1.0,0.0,1.0
1031,1.0,1,516.0,0,1032,0,False,1.0,1,0.0,[1 2],[1. 0.],0,0,[0.6 0.6],1.0,0.0,1.0
1032,0.0,1,517.0,1,1033,1,False,0.0,0,1.0,[1 2],[1. 0.],0,0,[0.6 0.6],1.0,0.0,1.0
1033,1.0,1,517.0,0,1034,0,False,1.0,1,0.0,[1 2],[1. 0.],1,0,[0.6 0.6],1.0,0.0,1.0
1034,0.0,1,518.0,1,1035,1,False,0.0,0,2.0,[1 2],[1. 0.],1,0,[0.6 0.6],1.0,0.0,1.0
1035,1.0,1,518.0,0,1036,0,False,2.0,1,0.0,[1 1],[1. 0.],1,0,[0.6 0.6],1.0,0.0,1.0
1036,0.0,1,519.0,1,1037,1,False,0.0,0,2.0,[1 1],[1. 0.],1,0,[0.6 0.6],1.0,0.0,1.0
1037,1.0,1,519.0,0,1038,0,False,2.0,1,0.0,[2 2],[1. 0.],1,0,[0.6 0.6],1.0,0.0,1.0
1038,0.0,1,520.0,1,1039,1,False,0.0,0,2.0,[2 2],[1. 0.],1,0,[0.6 0.6],1.0,0.0,1.0
1039,0.0,1,520.0,0,1040,0,False,2.0,1,0.0,[2 2],[1. 0.],1,0,[0.6 0.6],1.0,0.0,1.0
1040,0.0,1,521.0,1,1041,1,False,0.0,0,2.0,[2 2],[1. 0.],1,0,[0.6 0.6],1.0,0.0,1.0
1041,0.0,1,521.0,0,1042,0,False,2.0,1,0.0,[1 1],[1. 0.],0,0,[0.6 0.6],1.0,0.0,1.0
1042,0.0,1,522.0,1,1043,1,False,0.0,0,1.0,[1 1],[1. 0.],0,0,[0.6 0.6],1.0,0.0,1.0
1043,1.0,1,522.0,0,1044,0,False,1.0,1,0.0,[1 2],[1. 0.],1,0,[0.6 0.6],1.0,0.0,1.0
1044,0.0,1,523.0,1,1045,1,False,0.0,0,2.0,[1 2],[1. 0.],1,0,[0.6 0.6],1.0,0.0,1.0
1045,1.0,1,523.0,0,1046,0,False,2.0,1,0.0,[1 1],[1. 0.],0,0,[0.6 0.6],1.0,0.0,1.0
1046,0.0,1,524.0,1,1047,1,False,0.0,0,1.0,[1 1],[1. 0.],0,0,[0.6 0.6],1.0,0.0,1.0
1047,1.0,1,524.0,0,1048,0,False,1.0,1,0.0,[2 2],[1. 0.],1,0,[0.6 0.6],1.0,0.0,1.0
1048,0.0,1,525.0,1,1049,1,False,0.0,0,2.0,[2 2],[1. 0.],1,0,[0.6 0.6],1.0,0.0,1.0
1049,0.0,1,525.0,0,1050,0,False,2.0,1,0.0,[2 2],[1. 0.],0,0,[0.6 0.6],1.0,0.0,1.0
1050,0.0,1,526.0,1,1051,1,False,0.0,0,1.0,[2 2],[1. 0.],0,0,[0.6 0.6],1.0,0.0,1.0
1051,0.0,1,526.0,0,1052,0,False,1.0,1,0.0,[1 2],[1. 0.],1,0,[0.6 0.6],1.0,0.0,1.0
1052,0.0,1,527.0,1,1053,1,False,0.0,0,2.0,[1 2],[1. 0.],1,0,[0.6 0.6],1.0,0.0,1.0
1053,1.0,1,527.0,0,1054,0,False,2.0,1,0.0,[1 2],[1. 0.],1,0,[0.6 0.6],1.0,0.0,1.0
1054,0.0,1,528.0,1,1055,1,False,0.0,0,2.0,[1 2],[1. 0.],1,0,[0.6 0.6],1.0,0.0,1.0
1055,1.0,1,528.0,0,1056,0,False,2.0,1,0.0,[1 2],[1. 0.],0,0,[0.6 0.6],1.0,0.0,1.0
1056,0.0,1,529.0,1,1057,1,False,0.0,0,1.0,[1 2],[1. 0.],0,0,[0.6 0.6],1.0,0.0,1.0
1057,1.0,1,529.0,0,1058,0,False,1.0,1,0.0,[2 2],[1. 0.],1,0,[0.6 0.6],1.0,0.0,1.0
1058,0.0,1,530.0,1,1059,1,False,0.0,0,2.0,[2 2],[1. 0.],1,0,[0.6 0.6],1.0,0.0,1.0
1059,0.0,1,530.0,0,1060,0,False,2.0,1,0.0,[2 1],[1. 0.],0,0,[0.6 0.6],1.0,0.0,1.0
1060,0.0,1,531.0,1,1061,1,False,0.0,0,1.0,[2 1],[1. 0.],0,0,[0.6 0.6],1.0,0.0,1.0
1061,0.0,1,531.0,0,1062,0,False,1.0,1,0.0,[1 2],[1. 0.],1,0,[0.6 0.6],1.0,0.0,1.0
1062,0.0,1,532.0,1,1063,1,False,0.0,0,2.0,[1 2],[1. 0.],1,0,[0.6 0.6],1.0,0.0,1.0
1063,1.0,1,532.0,0,1064,0,False,2.0,1,0.0,[2 1],[1. 0.],1,0,[0.6 0.6],1.0,0.0,1.0
1064,0.0,1,533.0,1,1065,1,False,0.0,0,2.0,[2 1],[1. 0.],1,0,[0.6 0.6],1.0,0.0,1.0
1065,0.0,1,533.0,0,1066,0,False,2.0,1,0.0,[2 2],[1. 0.],1,0,[0.6 0.6],1.0,0.0,1.0
1066,0.0,1,534.0,1,1067,1,False,0.0,0,2.0,[2 2],[1. 0.],1,0,[0.6 0.6],1.0,0.0,1.0
1067,0.0,1,534.0,0,1068,0,False,2.0,1,0.0,[2 2],[1. 0.],0,0,[0.6 0.6],1.0,0.0,1.0
1068,0.0,1,535.0,1,1069,1,False,0.0,0,1.0,[2 2],[1. 0.],0,0,[0.6 0.6],1.0,0.0,1.0
1069,0.0,1,535.0,0,1070,0,False,1.0,1,0.0,[1 1],[1. 0.],0,0,[0.6 0.6],1.0,0.0,1.0
1070,0.0,1,536.0,2,1071,1,False,0.0,0,1.0,[1 1],[1. 0.],0,0,[0.6 0.6],1.0,0.0,1.0
1071,1.0,1,536.0,0,1072,0,False,1.0,1,0.0,[1 2],[1. 0.],0,0,[0.6 0.6],1.0,0.0,1.0
1072,0.0,1,537.0,2,1073,1,False,0.0,0,1.0,[1 2],[1. 0.],0,0,[0.6 0.6],1.0,0.0,1.0
1073,0.0,1,537.0,0,1074,0,False,1.0,1,0.0,[1 2],[1. 0.],0,0,[0.6 0.6],1.0,0.0,1.0
1074,0.0,1,538.0,1,1075,1,False,0.0,0,1.0,[1 2],[1. 0.],0,0,[0.6 0.6],1.0,0.0,1.0
1075,1.0,1,538.0,0,1076,0,False,1.0,1,0.0,[1 2],[1. 0.],0,0,[0.6 0.6],1.0,0.0,1.0
1076,0.0,1,539.0,1,1077,1,False,0.0,0,1.0,[1 2],[1. 0.],0,0,[0.6 0.6],1.0,0.0,1.0
1077,1.0,1,539.0,0,1078,0,False,1.0,1,0.0,[1 1],[1. 0.],0,0,[0.6 0.6],1.0,0.0,1.0
1078,0.0,1,540.0,1,1079,1,False,0.0,0,1.0,[1 1],[1. 0.],0,0,[0.6 0.6],1.0,0.0,1.0
1079,1.0,1,540.0,0,1080,0,False,1.0,1,0.0,[1 2],[1. 0.],0,0,[0.6 0.6],1.0,0.0,1.0
1080,0.0,1,541.0,1,1081,1,False,0.0,0,1.0,[1 2],[1. 0.],0,0,[0.6 0.6],1.0,0.0,1.0
1081,1.0,1,541.0,0,1082,0,False,1.0,1,0.0,[2 1],[1. 0.],0,0,[0.6 0.6],1.0,0.0,1.0
1082,0.0,1,542.0,1,1083,1,False,0.0,0,1.0,[2 1],[1. 0.],0,0,[0.6 0.6],1.0,0.0,1.0
1083,0.0,1,542.0,0,1084,0,False,1.0,1,0.0,[2 1],[1. 0.],0,0,[0.6 0.6],1.0,0.0,1.0
1084,0.0,1,543.0,1,1085,1,False,0.0,0,1.0,[2 1],[1. 0.],0,0,[0.6 0.6],1.0,0.0,1.0
1085,0.0,1,543.0,0,1086,0,False,1.0,1,0.0,[2 1],[1. 0.],0,0,[0.6 0.6],1.0,0.0,1.0
1086,0.0,1,544.0,1,1087,1,False,0.0,0,1.0,[2 1],[1. 0.],0,0,[0.6 0.6],1.0,0.0,1.0
1087,0.0,1,544.0,0,1088,0,False,1.0,1,0.0,[1 2],[1. 0.],0,0,[0.6 0.6],1.0,0.0,1.0
1088,0.0,1,545.0,1,1089,1,False,0.0,0,1.0,[1 2],[1. 0.],0,0,[0.6 0.6],1.0,0.0,1.0
1089,1.0,1,545.0,0,1090,0,False,1.0,1,0.0,[1 2],[1. 0.],0,0,[0.6 0.6],1.0,0.0,1.0
1090,0.0,1,546.0,1,1091,1,False,0.0,0,1.0,[1 2],[1. 0.],0,0,[0.6 0.6],1.0,0.0,1.0
1091,1.0,1,546.0,0,1092,0,False,1.0,1,0.0,[2 2],[1. 0.],0,0,[0.6 0.6],1.0,0.0,1.0
1092,0.0,1,547.0,1,1093,1,False,0.0,0,1.0,[2 2],[1. 0.],0,0,[0.6 0.6],1.0,0.0,1.0
1093,0.0,1,547.0,0,1094,0,False,1.0,1,0.0,[2 2],[1. 0.],1,0,[0.6 0.6],1.0,0.0,1.0
1094,0.0,1,548.0,1,1095,1,False,0.0,0,2.0,[2 2],[1. 0.],1,0,[0.6 0.6],1.0,0.0,1.0
1095,0.0,1,548.0,0,1096,0,False,2.0,1,0.0,[1 2],[1. 0.],1,0,[0.6 0.6],1.0,0.0,1.0
1096,0.0,1,549.0,1,1097,1,False,0.0,0,2.0,[1 2],[1. 0.],1,0,[0.6 0.6],1.0,0.0,1.0
1097,1.0,1,549.0,0,1098,0,False,2.0,1,0.0,[1 2],[1. 0.],0,0,[0.6 0.6],1.0,0.0,1.0
1098,0.0,1,550.0,1,1099,1,False,0.0,0,1.0,[1 2],[1. 0.],0,0,[0.6 0.6],1.0,0.0,1.0
1099,1.0,1,550.0,0,1100,0,False,1.0,1,0.0,[1 2],[1. 0.],0,0,[0.6 0.6],1.0,0.0,1.0
1100,0.0,1,551.0,1,1101,1,False,0.0,0,1.0,[1 2],[1. 0.],0,0,[0.6 0.6],1.0,0.0,1.0
1101,1.0,1,551.0,0,1102,0,False,1.0,1,0.0,[1 1],[1. 0.],1,0,[0.6 0.6],1.0,0.0,1.0
1102,0.0,1,552.0,1,1103,1,False,0.0,0,2.0,[1 1],[1. 0.],1,0,[0.6 0.6],1.0,0.0,1.0
1103,1.0,1,552.0,0,1104,0,False,2.0,1,0.0,[2 1],[1. 0.],1,0,[0.6 0.6],1.0,0.0,1.0
1104,0.0,1,553.0,1,1105,1,False,0.0,0,2.0,[2 1],[1. 0.],1,0,[0.6 0.6],1.0,0.0,1.0
1105,0.0,1,553.0,0,1106,0,False,2.0,1,0.0,[1 2],[1. 0.],0,0,[0.6 0.6],1.0,0.0,1.0
1106,0.0,1,554.0,1,1107,1,False,0.0,0,1.0,[1 2],[1. 0.],0,0,[0.6 0.6],1.0,0.0,1.0
1107,1.0,1,554.0,0,1108,0,False,1.0,1,0.0,[2 2],[1. 0.],1,0,[0.6 0.6],1.0,0.0,1.0
1108,0.0,1,555.0,1,1109,1,False,0.0,0,2.0,[2 2],[1. 0.],1,0,[0.6 0.6],1.0,0.0,1.0
1109,0.0,1,555.0,0,1110,0,False,2.0,1,0.0,[1 2],[1. 0.],0,0,[0.6 0.6],1.0,0.0,1.0
1110,0.0,1,556.0,1,1111,1,False,0.0,0,1.0,[1 2],[1. 0.],0,0,[0.6 0.6],1.0,0.0,1.0
1111,1.0,1,556.0,0,1112,0,False,1.0,1,0.0,[2 1],[1. 0.],0,0,[0.6 0.6],1.0,0.0,1.0
1112,0.0,1,557.0,1,1113,1,False,0.0,0,1.0,[2 1],[1. 0.],0,0,[0.6 0.6],1.0,0.0,1.0
1113,0.0,1,557.0,0,1114,0,False,1.0,1,0.0,[2 2],[1. 0.],0,0,[0.6 0.6],1.0,0.0,1.0
1114,0.0,1,558.0,1,1115,1,False,0.0,0,1.0,[2 2],[1. 0.],0,0,[0.6 0.6],1.0,0.0,1.0
1115,0.0,1,558.0,0,1116,0,False,1.0,1,0.0,[1 2],[1. 0.],1,0,[0.6 0.6],1.0,0.0,1.0
1116,0.0,1,559.0,1,1117,1,False,0.0,0,2.0,[1 2],[1. 0.],1,0,[0.6 0.6],1.0,0.0,1.0
1117,1.0,1,559.0,0,1118,0,False,2.0,1,0.0,[1 2],[1. 0.],1,0,[0.6 0.6],1.0,0.0,1.0
1118,0.0,1,560.0,1,1119,1,False,0.0,0,2.0,[1 2],[1. 0.],1,0,[0.6 0.6],1.0,0.0,1.0
1119,1.0,1,560.0,0,1120,0,False,2.0,1,0.0,[1 2],[1. 0.],1,0,[0.6 0.6],1.0,0.0,1.0
1120,0.0,1,561.0,1,1121,1,False,0.0,0,2.0,[1 2],[1. 0.],1,0,[0.6 0.6],1.0,0.0,1.0
1121,1.0,1,561.0,0,1122,0,False,2.0,1,0.0,[1 2],[1. 0.],1,0,[0.6 0.6],1.0,0.0,1.0
1122,0.0,1,562.0,1,1123,1,False,0.0,0,2.0,[1 2],[1. 0.],1,0,[0.6 0.6],1.0,0.0,1.0
1123,1.0,1,562.0,0,1124,0,False,2.0,1,0.0,[2 2],[1. 0.],0,0,[0.6 0.6],1.0,0.0,1.0
1124,0.0,1,563.0,1,1125,1,False,0.0,0,1.0,[2 2],[1. 0.],0,0,[0.6 0.6],1.0,0.0,1.0
1125,0.0,1,563.0,0,1126,0,False,1.0,1,0.0,[2 2],[1. 0.],1,0,[0.6 0.6],1.0,0.0,1.0
1126,0.0,1,564.0,1,1127,1,False,0.0,0,2.0,[2 2],[1. 0.],1,0,[0.6 0.6],1.0,0.0,1.0
1127,0.0,1,564.0,0,1128,0,False,2.0,1,0.0,[2 1],[1. 0.],1,0,[0.6 0.6],1.0,0.0,1.0
1128,0.0,1,565.0,1,1129,1,False,0.0,0,2.0,[2 1],[1. 0.],1,0,[0.6 0.6],1.0,0.0,1.0
1129,0.0,1,565.0,0,1130,0,False,2.0,1,0.0,[2 2],[1. 0.],0,0,[0.6 0.6],1.0,0.0,1.0
1130,0.0,1,566.0,1,1131,1,False,0.0,0,1.0,[2 2],[1. 0.],0,0,[0.6 0.6],1.0,0.0,1.0
1131,0.0,1,566.0,0,1132,0,False,1.0,1,0.0,[2 2],[1. 0.],1,0,[0.6 0.6],1.0,0.0,1.0
1132,0.0,1,567.0,2,1133,1,False,0.0,0,2.0,[2 2],[1. 0.],1,0,[0.6 0.6],1.0,0.0,1.0
1133,0.0,1,567.0,0,1134,0,False,2.0,1,0.0,[2 2],[1. 0.],1,0,[0.6 0.6],1.0,0.0,1.0
1134,0.0,1,568.0,1,1135,1,False,0.0,0,2.0,[2 2],[1. 0.],1,0,[0.6 0.6],1.0,0.0,1.0
1135,0.0,1,568.0,0,1136,0,False,2.0,1,0.0,[2 2],[1. 0.],0,0,[0.6 0.6],1.0,0.0,1.0
1136,0.0,1,569.0,2,1137,1,False,0.0,0,1.0,[2 2],[1. 0.],0,0,[0.6 0.6],1.0,0.0,1.0
1137,0.0,1,569.0,0,1138,0,False,1.0,1,0.0,[2 1],[1. 0.],1,0,[0.6 0.6],1.0,0.0,1.0
1138,0.0,1,570.0,1,1139,1,False,0.0,0,2.0,[2 1],[1. 0.],1,0,[0.6 0.6],1.0,0.0,1.0
1139,0.0,1,570.0,0,1140,0,False,2.0,1,0.0,[2 2],[1. 0.],1,0,[0.6 0.6],1.0,0.0,1.0
1140,0.0,1,571.0,2,1141,1,False,0.0,0,2.0,[2 2],[1. 0.],1,0,[0.6 0.6],1.0,0.0,1.0
1141,0.0,1,571.0,0,1142,0,False,2.0,1,0.0,[1 2],[0. 1.],0,1,[0.6 0.6],1.0,0.0,1.0
1142,0.0,1,572.0,1,1143,1,False,0.0,0,1.0,[1 2],[0. 1.],0,1,[0.6 0.6],1.0,0.0,1.0
1143,0.0,1,572.0,0,1144,0,False,1.0,1,0.0,[1 1],[0. 1.],1,1,[0.6 0.6],1.0,0.0,1.0
1144,0.0,1,573.0,2,1145,1,False,0.0,0,2.0,[1 1],[0. 1.],1,1,[0.6 0.6],1.0,0.0,1.0
1145,0.0,1,573.0,0,1146,0,False,2.0,1,0.0,[1 1],[0. 1.],1,1,[0.6 0.6],1.0,0.0,1.0
1146,0.0,1,574.0,1,1147,1,False,0.0,0,2.0,[1 1],[0. 1.],1,1,[0.6 0.6],1.0,0.0,1.0
1147,0.0,1,574.0,0,1148,0,False,2.0,1,0.0,[2 1],[0. 1.],0,1,[0.6 0.6],1.0,0.0,1.0
1148,0.0,1,575.0,2,1149,1,False,0.0,0,1.0,[2 1],[0. 1.],0,1,[0.6 0.6],1.0,0.0,1.0
1149,0.0,1,575.0,0,1150,0,False,1.0,1,0.0,[1 2],[0. 1.],0,1,[0.6 0.6],1.0,0.0,1.0
1150,0.0,1,576.0,1,1151,1,False,0.0,0,1.0,[1 2],[0. 1.],0,1,[0.6 0.6],1.0,0.0,1.0
1151,0.0,1,576.0,0,1152,0,False,1.0,1,0.0,[1 1],[0. 1.],0,1,[0.6 0.6],1.0,0.0,1.0
1152,0.0,1,577.0,2,1153,1,False,0.0,0,1.0,[1 1],[0. 1.],0,1,[0.6 0.6],1.0,0.0,1.0
1153,0.0,1,577.0,0,1154,0,False,1.0,1,0.0,[2 1],[0. 1.],1,1,[0.6 0.6],1.0,0.0,1.0
1154,0.0,1,578.0,1,1155,1,False,0.0,0,2.0,[2 1],[0. 1.],1,1,[0.6 0.6],1.0,0.0,1.0
1155,1.0,1,578.0,0,1156,0,False,2.0,1,0.0,[1 1],[0. 1.],0,1,[0.6 0.6],1.0,0.0,1.0
1156,0.0,1,579.0,1,1157,1,False,0.0,0,1.0,[1 1],[0. 1.],0,1,[0.6 0.6],1.0,0.0,1.0
1157,0.0,1,579.0,0,1158,0,False,1.0,1,0.0,[1 1],[0. 1.],0,1,[0.6 0.6],1.0,0.0,1.0
1158,0.0,1,580.0,1,1159,1,False,0.0,0,1.0,[1 1],[0. 1.],0,1,[0.6 0.6],1.0,0.0,1.0
1159,0.0,1,580.0,0,1160,0,False,1.0,1,0.0,[2 1],[0. 1.],0,1,[0.6 0.6],1.0,0.0,1.0
1160,0.0,1,581.0,2,1161,1,False,0.0,0,1.0,[2 1],[0. 1.],0,1,[0.6 0.6],1.0,0.0,1.0
1161,0.0,1,581.0,0,1162,0,False,1.0,1,0.0,[1 1],[0. 1.],0,1,[0.6 0.6],1.0,0.0,1.0
1162,0.0,1,582.0,1,1163,1,False,0.0,0,1.0,[1 1],[0. 1.],0,1,[0.6 0.6],1.0,0.0,1.0
1163,0.0,1,582.0,0,1164,0,False,1.0,1,0.0,[1 1],[0. 1.],0,1,[0.6 0.6],1.0,0.0,1.0
1164,0.0,1,583.0,2,1165,1,False,0.0,0,1.0,[1 1],[0. 1.],0,1,[0.6 0.6],1.0,0.0,1.0
1165,0.0,1,583.0,0,1166,0,False,1.0,1,0.0,[2 2],[0. 1.],0,1,[0.6 0.6],1.0,0.0,1.0
1166,0.0,1,584.0,1,1167,1,False,0.0,0,1.0,[2 2],[0. 1.],0,1,[0.6 0.6],1.0,0.0,1.0
1167,1.0,1,584.0,0,1168,0,False,1.0,1,0.0,[2 1],[0. 1.],1,1,[0.6 0.6],1.0,0.0,1.0
1168,0.0,1,585.0,1,1169,1,False,0.0,0,2.0,[2 1],[0. 1.],1,1,[0.6 0.6],1.0,0.0,1.0
1169,1.0,1,585.0,0,1170,0,False,2.0,1,0.0,[1 1],[0. 1.],0,1,[0.6 0.6],1.0,0.0,1.0
1170,0.0,1,586.0,1,1171,1,False,0.0,0,1.0,[1 1],[0. 1.],0,1,[0.6 0.6],1.0,0.0,1.0
1171,0.0,1,586.0,0,1172,0,False,1.0,1,0.0,[2 1],[0. 1.],1,1,[0.6 0.6],1.0,0.0,1.0
1172,0.0,1,587.0,1,1173,1,False,0.0,0,2.0,[2 1],[0. 1.],1,1,[0.6 0.6],1.0,0.0,1.0
1173,1.0,1,587.0,0,1174,0,False,2.0,1,0.0,[1 2],[0. 1.],1,1,[0.6 0.6],1.0,0.0,1.0
1174,0.0,1,588.0,1,1175,1,False,0.0,0,2.0,[1 2],[0. 1.],1,1,[0.6 0.6],1.0,0.0,1.0
1175,0.0,1,588.0,0,1176,0,False,2.0,1,0.0,[1 1],[0. 1.],1,1,[0.6 0.6],1.0,0.0,1.0
1176,0.0,1,589.0,1,1177,1,False,0.0,0,2.0,[1 1],[0. 1.],1,1,[0.6 0.6],1.0,0.0,1.0
1177,0.0,1,589.0,0,1178,0,False,2.0,1,0.0,[1 2],[0. 1.],1,1,[0.6 0.6],1.0,0.0,1.0
1178,0.0,1,590.0,2,1179,1,False,0.0,0,2.0,[1 2],[0. 1.],1,1,[0.6 0.6],1.0,0.0,1.0
1179,1.0,1,590.0,0,1180,0,False,2.0,1,0.0,[1 2],[0. 1.],0,1,[0.6 0.6],1.0,0.0,1.0
1180,0.0,1,591.0,2,1181,1,False,0.0,0,1.0,[1 2],[0. 1.],0,1,[0.6 0.6],1.0,0.0,1.0
1181,1.0,1,591.0,0,1182,0,False,1.0,1,0.0,[1 1],[0. 1.],0,1,[0.6 0.6],1.0,0.0,1.0
1182,0.0,1,592.0,2,1183,1,False,0.0,0,1.0,[1 1],[0. 1.],0,1,[0.6 0.6],1.0,0.0,1.0
1183,0.0,1,592.0,0,1184,0,False,1.0,1,0.0,[1 2],[0. 1.],1,1,[0.6 0.6],1.0,0.0,1.0
1184,0.0,1,593.0,2,1185,1,False,0.0,0,2.0,[1 2],[0. 1.],1,1,[0.6 0.6],1.0,0.0,1.0
1185,1.0,1,593.0,0,1186,0,False,2.0,1,0.0,[1 2],[0. 1.],1,1,[0.6 0.6],1.0,0.0,1.0
1186,0.0,1,594.0,2,1187,1,False,0.0,0,2.0,[1 2],[0. 1.],1,1,[0.6 0.6],1.0,0.0,1.0
1187,1.0,1,594.0,0,1188,0,False,2.0,1,0.0,[2 2],[0. 1.],1,1,[0.6 0.6],1.0,0.0,1.0
1188,0.0,1,595.0,2,1189,1,False,0.0,0,2.0,[2 2],[0. 1.],1,1,[0.6 0.6],1.0,0.0,1.0
1189,1.0,1,595.0,0,1190,0,False,2.0,1,0.0,[1 2],[0. 1.],1,1,[0.6 0.6],1.0,0.0,1.0
1190,0.0,1,596.0,2,1191,1,False,0.0,0,2.0,[1 2],[0. 1.],1,1,[0.6 0.6],1.0,0.0,1.0
1191,1.0,1,596.0,0,1192,0,False,2.0,1,0.0,[1 2],[0. 1.],1,1,[0.6 0.6],1.0,0.0,1.0
1192,0.0,1,597.0,2,1193,1,False,0.0,0,2.0,[1 2],[0. 1.],1,1,[0.6 0.6],1.0,0.0,1.0
1193,1.0,1,597.0,0,1194,0,False,2.0,1,0.0,[1 1],[0. 1.],1,1,[0.6 0.6],1.0,0.0,1.0
1194,0.0,1,598.0,2,1195,1,False,0.0,0,2.0,[1 1],[0. 1.],1,1,[0.6 0.6],1.0,0.0,1.0
1195,0.0,1,598.0,0,1196,0,False,2.0,1,0.0,[1 2],[0. 1.],0,1,[0.6 0.6],1.0,0.0,1.0
1196,0.0,1,599.0,2,1197,1,False,0.0,0,1.0,[1 2],[0. 1.],0,1,[0.6 0.6],1.0,0.0,1.0
1197,1.0,1,599.0,0,1198,0,False,1.0,1,0.0,[1 2],[0. 1.],1,1,[0.6 0.6],1.0,0.0,1.0
1198,0.0,1,600.0,2,1199,1,False,0.0,0,2.0,[1 2],[0. 1.],1,1,[0.6 0.6],1.0,0.0,1.0
1199,1.0,1,600.0,0,1200,0,False,2.0,1,0.0,[1 2],[0. 1.],0,1,[0.6 0.6],1.0,0.0,1.0
1200,0.0,1,601.0,2,1201,1,False,0.0,0,1.0,[1 2],[0. 1.],0,1,[0.6 0.6],1.0,0.0,1.0
1201,1.0,1,601.0,0,1202,0,False,1.0,1,0.0,[1 2],[0. 1.],0,1,[0.6 0.6],1.0,0.0,1.0
1202,0.0,1,602.0,2,1203,1,False,0.0,0,1.0,[1 2],[0. 1.],0,1,[0.6 0.6],1.0,0.0,1.0
1203,1.0,1,602.0,0,1204,0,False,1.0,1,0.0,[1 2],[0. 1.],0,1,[0.6 0.6],1.0,0.0,1.0
1204,0.0,1,603.0,2,1205,1,False,0.0,0,1.0,[1 2],[0. 1.],0,1,[0.6 0.6],1.0,0.0,1.0
1205,1.0,1,603.0,0,1206,0,False,1.0,1,0.0,[2 2],[0. 1.],1,1,[0.6 0.6],1.0,0.0,1.0
1206,0.0,1,604.0,2,1207,1,False,0.0,0,2.0,[2 2],[0. 1.],1,1,[0.6 0.6],1.0,0.0,1.0
1207,1.0,1,604.0,0,1208,0,False,2.0,1,0.0,[1 2],[0. 1.],0,1,[0.6 0.6],1.0,0.0,1.0
1208,0.0,1,605.0,2,1209,1,False,0.0,0,1.0,[1 2],[0. 1.],0,1,[0.6 0.6],1.0,0.0,1.0
1209,1.0,1,605.0,0,1210,0,False,1.0,1,0.0,[2 1],[0. 1.],1,1,[0.6 0.6],1.0,0.0,1.0
1210,0.0,1,606.0,2,1211,1,False,0.0,0,2.0,[2 1],[0. 1.],1,1,[0.6 0.6],1.0,0.0,1.0
1211,0.0,1,606.0,0,1212,0,False,2.0,1,0.0,[2 2],[0. 1.],0,1,[0.6 0.6],1.0,0.0,1.0
1212,0.0,1,607.0,2,1213,1,False,0.0,0,1.0,[2 2],[0. 1.],0,1,[0.6 0.6],1.0,0.0,1.0
1213,1.0,1,607.0,0,1214,0,False,1.0,1,0.0,[1 1],[0. 1.],0,1,[0.6 0.6],1.0,0.0,1.0
1214,0.0,1,608.0,2,1215,1,False,0.0,0,1.0,[1 1],[0. 1.],0,1,[0.6 0.6],1.0,0.0,1.0
1215,0.0,1,608.0,0,1216,0,False,1.0,1,0.0,[2 1],[0. 1.],1,1,[0.6 0.6],1.0,0.0,1.0
1216,0.0,1,609.0,2,1217,1,False,0.0,0,2.0,[2 1],[0. 1.],1,1,[0.6 0.6],1.0,0.0,1.0
1217,0.0,1,609.0,0,1218,0,False,2.0,1,0.0,[1 2],[0. 1.],1,1,[0.6 0.6],1.0,0.0,1.0
1218,0.0,1,610.0,2,1219,1,False,0.0,0,2.0,[1 2],[0. 1.],1,1,[0.6 0.6],1.0,0.0,1.0
1219,1.0,1,610.0,0,1220,0,False,2.0,1,0.0,[1 2],[0. 1.],1,1,[0.6 0.6],1.0,0.0,1.0
1220,0.0,1,611.0,2,1221,1,False,0.0,0,2.0,[1 2],[0. 1.],1,1,[0.6 0.6],1.0,0.0,1.0
1221,1.0,1,611.0,0,1222,0,False,2.0,1,0.0,[2 2],[0. 1.],1,1,[0.6 0.6],1.0,0.0,1.0
1222,0.0,1,612.0,2,1223,1,False,0.0,0,2.0,[2 2],[0. 1.],1,1,[0.6 0.6],1.0,0.0,1.0
1223,1.0,1,612.0,0,1224,0,False,2.0,1,0.0,[1 1],[0. 1.],0,1,[0.6 0.6],1.0,0.0,1.0
1224,0.0,1,613.0,2,1225,1,False,0.0,0,1.0,[1 1],[0. 1.],0,1,[0.6 0.6],1.0,0.0,1.0
1225,0.0,1,613.0,0,1226,0,False,1.0,1,0.0,[1 1],[0. 1.],0,1,[0.6 0.6],1.0,0.0,1.0
1226,0.0,1,614.0,2,1227,1,False,0.0,0,1.0,[1 1],[0. 1.],0,1,[0.6 0.6],1.0,0.0,1.0
1227,0.0,1,614.0,0,1228,0,False,1.0,1,0.0,[2 2],[0. 1.],0,1,[0.6 0.6],1.0,0.0,1.0
1228,0.0,1,615.0,2,1229,1,False,0.0,0,1.0,[2 2],[0. 1.],0,1,[0.6 0.6],1.0,0.0,1.0
1229,1.0,1,615.0,0,1230,0,False,1.0,1,0.0,[2 2],[0. 1.],0,1,[0.6 0.6],1.0,0.0,1.0
1230,0.0,1,616.0,2,1231,1,False,0.0,0,1.0,[2 2],[0. 1.],0,1,[0.6 0.6],1.0,0.0,1.0
1231,1.0,1,616.0,0,1232,0,False,1.0,1,0.0,[1 2],[0. 1.],1,1,[0.6 0.6],1.0,0.0,1.0
1232,0.0,1,617.0,2,1233,1,False,0.0,0,2.0,[1 2],[0. 1.],1,1,[0.6 0.6],1.0,0.0,1.0
1233,1.0,1,617.0,0,1234,0,False,2.0,1,0.0,[1 2],[0. 1.],0,1,[0.6 0.6],1.0,0.0,1.0
1234,0.0,1,618.0,2,1235,1,False,0.0,0,1.0,[1 2],[0. 1.],0,1,[0.6 0.6],1.0,0.0,1.0
1235,1.0,1,618.0,0,1236,0,False,1.0,1,0.0,[1 2],[0. 1.],1,1,[0.6 0.6],1.0,0.0,1.0
1236,0.0,1,619.0,2,1237,1,False,0.0,0,2.0,[1 2],[0. 1.],1,1,[0.6 0.6],1.0,0.0,1.0
1237,1.0,1,619.0,0,1238,0,False,2.0,1,0.0,[2 2],[0. 1.],0,1,[0.6 0.6],1.0,0.0,1.0
1238,0.0,1,620.0,2,1239,1,False,0.0,0,1.0,[2 2],[0. 1.],0,1,[0.6 0.6],1.0,0.0,1.0
1239,1.0,1,620.0,0,1240,0,False,1.0,1,0.0,[2 2],[0. 1.],0,1,[0.6 0.6],1.0,0.0,1.0
1240,0.0,1,621.0,2,1241,1,False,0.0,0,1.0,[2 2],[0. 1.],0,1,[0.6 0.6],1.0,0.0,1.0
1241,1.0,1,621.0,0,1242,0,False,1.0,1,0.0,[1 2],[0. 1.],1,1,[0.6 0.6],1.0,0.0,1.0
1242,0.0,1,622.0,2,1243,1,False,0.0,0,2.0,[1 2],[0. 1.],1,1,[0.6 0.6],1.0,0.0,1.0
1243,1.0,1,622.0,0,1244,0,False,2.0,1,0.0,[1 1],[0. 1.],0,1,[0.6 0.6],1.0,0.0,1.0
1244,0.0,1,623.0,2,1245,1,False,0.0,0,1.0,[1 1],[0. 1.],0,1,[0.6 0.6],1.0,0.0,1.0
1245,0.0,1,623.0,0,1246,0,False,1.0,1,0.0,[1 1],[0. 1.],0,1,[0.6 0.6],1.0,0.0,1.0
1246,0.0,1,624.0,2,1247,1,False,0.0,0,1.0,[1 1],[0. 1.],0,1,[0.6 0.6],1.0,0.0,1.0
1247,0.0,1,624.0,0,1248,0,False,1.0,1,0.0,[2 2],[0. 1.],0,1,[0.6 0.6],1.0,0.0,1.0
1248,0.0,1,625.0,2,1249,1,False,0.0,0,1.0,[2 2],[0. 1.],0,1,[0.6 0.6],1.0,0.0,1.0
1249,1.0,1,625.0,0,1250,0,False,1.0,1,0.0,[1 1],[0. 1.],1,1,[0.6 0.6],1.0,0.0,1.0
1250,0.0,1,626.0,2,1251,1,False,0.0,0,2.0,[1 1],[0. 1.],1,1,[0.6 0.6],1.0,0.0,1.0
1251,0.0,1,626.0,0,1252,0,False,2.0,1,0.0,[2 1],[0. 1.],0,1,[0.6 0.6],1.0,0.0,1.0
1252,0.0,1,627.0,2,1253,1,False,0.0,0,1.0,[2 1],[0. 1.],0,1,[0.6 0.6],1.0,0.0,1.0
1253,0.0,1,627.0,0,1254,0,False,1.0,1,0.0,[1 2],[0. 1.],0,1,[0.6 0.6],1.0,0.0,1.0
1254,0.0,1,628.0,2,1255,1,False,0.0,0,1.0,[1 2],[0. 1.],0,1,[0.6 0.6],1.0,0.0,1.0
1255,1.0,1,628.0,0,1256,0,False,1.0,1,0.0,[2 1],[0. 1.],0,1,[0.6 0.6],1.0,0.0,1.0
1256,0.0,1,629.0,2,1257,1,False,0.0,0,1.0,[2 1],[0. 1.],0,1,[0.6 0.6],1.0,0.0,1.0
1257,0.0,1,629.0,0,1258,0,False,1.0,1,0.0,[1 1],[0. 1.],0,1,[0.6 0.6],1.0,0.0,1.0
1258,0.0,1,630.0,2,1259,1,False,0.0,0,1.0,[1 1],[0. 1.],0,1,[0.6 0.6],1.0,0.0,1.0
1259,0.0,1,630.0,0,1260,0,False,1.0,1,0.0,[1 2],[0. 1.],1,1,[0.6 0.6],1.0,0.0,1.0
1260,0.0,1,631.0,2,1261,1,False,0.0,0,2.0,[1 2],[0. 1.],1,1,[0.6 0.6],1.0,0.0,1.0
1261,1.0,1,631.0,0,1262,0,False,2.0,1,0.0,[2 2],[0. 1.],0,1,[0.6 0.6],1.0,0.0,1.0
1262,0.0,1,632.0,2,1263,1,False,0.0,0,1.0,[2 2],[0. 1.],0,1,[0.6 0.6],1.0,0.0,1.0
1263,1.0,1,632.0,0,1264,0,False,1.0,1,0.0,[2 2],[0. 1.],0,1,[0.6 0.6],1.0,0.0,1.0
1264,0.0,1,633.0,2,1265,1,False,0.0,0,1.0,[2 2],[0. 1.],0,1,[0.6 0.6],1.0,0.0,1.0
1265,1.0,1,633.0,0,1266,0,False,1.0,1,0.0,[1 2],[0. 1.],1,1,[0.6 0.6],1.0,0.0,1.0
1266,0.0,1,634.0,2,1267,1,False,0.0,0,2.0,[1 2],[0. 1.],1,1,[0.6 0.6],1.0,0.0,1.0
1267,1.0,1,634.0,0,1268,0,False,2.0,1,0.0,[2 2],[0. 1.],0,1,[0.6 0.6],1.0,0.0,1.0
1268,0.0,1,635.0,2,1269,1,False,0.0,0,1.0,[2 2],[0. 1.],0,1,[0.6 0.6],1.0,0.0,1.0
1269,1.0,1,635.0,0,1270,0,False,1.0,1,0.0,[1 2],[1. 0.],0,0,[0.6 0.6],1.0,0.0,1.0
1270,0.0,1,636.0,2,1271,1,False,0.0,0,1.0,[1 2],[1. 0.],0,0,[0.6 0.6],1.0,0.0,1.0
1271,0.0,1,636.0,0,1272,0,False,1.0,1,0.0,[1 1],[1. 0.],0,0,[0.6 0.6],1.0,0.0,1.0
1272,0.0,1,637.0,2,1273,1,False,0.0,0,1.0,[1 1],[1. 0.],0,0,[0.6 0.6],1.0,0.0,1.0
1273,1.0,1,637.0,0,1274,0,False,1.0,1,0.0,[2 2],[1. 0.],0,0,[0.6 0.6],1.0,0.0,1.0
1274,0.0,1,638.0,2,1275,1,False,0.0,0,1.0,[2 2],[1. 0.],0,0,[0.6 0.6],1.0,0.0,1.0
1275,0.0,1,638.0,0,1276,0,False,1.0,1,0.0,[1 2],[0. 1.],0,1,[0.6 0.6],1.0,0.0,1.0
1276,0.0,1,639.0,2,1277,1,False,0.0,0,1.0,[1 2],[0. 1.],0,1,[0.6 0.6],1.0,0.0,1.0
1277,1.0,1,639.0,0,1278,0,False,1.0,1,0.0,[1 1],[0. 1.],0,1,[0.6 0.6],1.0,0.0,1.0
1278,0.0,1,640.0,2,1279,1,False,0.0,0,1.0,[1 1],[0. 1.],0,1,[0.6 0.6],1.0,0.0,1.0
1279,0.0,1,640.0,0,1280,0,False,1.0,1,0.0,[1 1],[0. 1.],0,1,[0.6 0.6],1.0,0.0,1.0
1280,0.0,1,641.0,2,1281,1,False,0.0,0,1.0,[1 1],[0. 1.],0,1,[0.6 0.6],1.0,0.0,1.0
1281,0.0,1,641.0,0,1282,0,False,1.0,1,0.0,[2 2],[1. 0.],0,0,[0.6 0.6],1.0,0.0,1.0
1282,0.0,1,642.0,2,1283,1,False,0.0,0,1.0,[2 2],[1. 0.],0,0,[0.6 0.6],1.0,0.0,1.0
1283,0.0,1,642.0,0,1284,0,False,1.0,1,0.0,[1 1],[1. 0.],1,0,[0.6 0.6],1.0,0.0,1.0
1284,0.0,1,643.0,2,1285,1,False,0.0,0,2.0,[1 1],[1. 0.],1,0,[0.6 0.6],1.0,0.0,1.0
1285,1.0,1,643.0,0,1286,0,False,2.0,1,0.0,[2 1],[1. 0.],0,0,[0.6 0.6],1.0,0.0,1.0
1286,0.0,1,644.0,2,1287,1,False,0.0,0,1.0,[2 1],[1. 0.],0,0,[0.6 0.6],1.0,0.0,1.0
1287,1.0,1,644.0,0,1288,0,False,1.0,1,0.0,[1 1],[1. 0.],0,0,[0.6 0.6],1.0,0.0,1.0
1288,0.0,1,645.0,2,1289,1,False,0.0,0,1.0,[1 1],[1. 0.],0,0,[0.6 0.6],1.0,0.0,1.0
1289,1.0,1,645.0,0,1290,0,False,1.0,1,0.0,[2 2],[1. 0.],1,0,[0.6 0.6],1.0,0.0,1.0
1290,0.0,1,646.0,2,1291,1,False,0.0,0,2.0,[2 2],[1. 0.],1,0,[0.6 0.6],1.0,0.0,1.0
1291,0.0,1,646.0,0,1292,0,False,2.0,1,0.0,[2 2],[1. 0.],0,0,[0.6 0.6],1.0,0.0,1.0
1292,0.0,1,647.0,2,1293,1,False,0.0,0,1.0,[2 2],[1. 0.],0,0,[0.6 0.6],1.0,0.0,1.0
1293,0.0,1,647.0,0,1294,0,False,1.0,1,0.0,[1 2],[1. 0.],1,0,[0.6 0.6],1.0,0.0,1.0
1294,0.0,1,648.0,2,1295,1,False,0.0,0,2.0,[1 2],[1. 0.],1,0,[0.6 0.6],1.0,0.0,1.0
1295,0.0,1,648.0,0,1296,0,False,2.0,1,0.0,[1 2],[1. 0.],0,0,[0.6 0.6],1.0,0.0,1.0
1296,0.0,1,649.0,1,1297,1,False,0.0,0,1.0,[1 2],[1. 0.],0,0,[0.6 0.6],1.0,0.0,1.0
1297,1.0,1,649.0,0,1298,0,False,1.0,1,0.0,[2 2],[1. 0.],1,0,[0.6 0.6],1.0,0.0,1.0
1298,0.0,1,650.0,1,1299,1,False,0.0,0,2.0,[2 2],[1. 0.],1,0,[0.6 0.6],1.0,0.0,1.0
1299,0.0,1,650.0,0,1300,0,False,2.0,1,0.0,[2 2],[1. 0.],1,0,[0.6 0.6],1.0,0.0,1.0
1300,0.0,1,651.0,1,1301,1,False,0.0,0,2.0,[2 2],[1. 0.],1,0,[0.6 0.6],1.0,0.0,1.0
1301,0.0,1,651.0,0,1302,0,False,2.0,1,0.0,[2 2],[1. 0.],0,0,[0.6 0.6],1.0,0.0,1.0
1302,0.0,1,652.0,2,1303,1,False,0.0,0,1.0,[2 2],[1. 0.],0,0,[0.6 0.6],1.0,0.0,1.0
1303,0.0,1,652.0,0,1304,0,False,1.0,1,0.0,[2 1],[1. 0.],0,0,[0.6 0.6],1.0,0.0,1.0
1304,0.0,1,653.0,2,1305,1,False,0.0,0,1.0,[2 1],[1. 0.],0,0,[0.6 0.6],1.0,0.0,1.0
1305,1.0,1,653.0,0,1306,0,False,1.0,1,0.0,[1 1],[1. 0.],0,0,[0.6 0.6],1.0,0.0,1.0
1306,0.0,1,654.0,2,1307,1,False,0.0,0,1.0,[1 1],[1. 0.],0,0,[0.6 0.6],1.0,0.0,1.0
1307,1.0,1,654.0,0,1308,0,False,1.0,1,0.0,[1 2],[1. 0.],1,0,[0.6 0.6],1.0,0.0,1.0
1308,0.0,1,655.0,2,1309,1,False,0.0,0,2.0,[1 2],[1. 0.],1,0,[0.6 0.6],1.0,0.0,1.0
1309,0.0,1,655.0,0,1310,0,False,2.0,1,0.0,[1 1],[1. 0.],1,0,[0.6 0.6],1.0,0.0,1.0
1310,0.0,1,656.0,2,1311,1,False,0.0,0,2.0,[1 1],[1. 0.],1,0,[0.6 0.6],1.0,0.0,1.0
1311,1.0,1,656.0,0,1312,0,False,2.0,1,0.0,[1 1],[1. 0.],0,0,[0.6 0.6],1.0,0.0,1.0
1312,0.0,1,657.0,2,1313,1,False,0.0,0,1.0,[1 1],[1. 0.],0,0,[0.6 0.6],1.0,0.0,1.0
1313,1.0,1,657.0,0,1314,0,False,1.0,1,0.0,[2 2],[1. 0.],1,0,[0.6 0.6],1.0,0.0,1.0
1314,0.0,1,658.0,2,1315,1,False,0.0,0,2.0,[2 2],[1. 0.],1,0,[0.6 0.6],1.0,0.0,1.0
1315,0.0,1,658.0,0,1316,0,False,2.0,1,0.0,[1 2],[1. 0.],0,0,[0.6 0.6],1.0,0.0,1.0
1316,0.0,1,659.0,2,1317,1,False,0.0,0,1.0,[1 2],[1. 0.],0,0,[0.6 0.6],1.0,0.0,1.0
1317,0.0,1,659.0,0,1318,0,False,1.0,1,0.0,[2 1],[1. 0.],1,0,[0.6 0.6],1.0,0.0,1.0
1318,0.0,1,660.0,2,1319,1,False,0.0,0,2.0,[2 1],[1. 0.],1,0,[0.6 0.6],1.0,0.0,1.0
1319,1.0,1,660.0,0,1320,0,False,2.0,1,0.0,[1 2],[1. 0.],1,0,[0.6 0.6],1.0,0.0,1.0
1320,0.0,1,661.0,2,1321,1,False,0.0,0,2.0,[1 2],[1. 0.],1,0,[0.6 0.6],1.0,0.0,1.0
1321,0.0,1,661.0,0,1322,0,False,2.0,1,0.0,[1 1],[1. 0.],0,0,[0.6 0.6],1.0,0.0,1.0
1322,0.0,1,662.0,1,1323,1,False,0.0,0,1.0,[1 1],[1. 0.],0,0,[0.6 0.6],1.0,0.0,1.0
1323,1.0,1,662.0,0,1324,0,False,1.0,1,0.0,[1 2],[1. 0.],0,0,[0.6 0.6],1.0,0.0,1.0
1324,0.0,1,663.0,1,1325,1,False,0.0,0,1.0,[1 2],[1. 0.],0,0,[0.6 0.6],1.0,0.0,1.0
1325,1.0,1,663.0,0,1326,0,False,1.0,1,0.0,[1 2],[1. 0.],0,0,[0.6 0.6],1.0,0.0,1.0
1326,0.0,1,664.0,1,1327,1,False,0.0,0,1.0,[1 2],[1. 0.],0,0,[0.6 0.6],1.0,0.0,1.0
1327,1.0,1,664.0,0,1328,0,False,1.0,1,0.0,[1 2],[1. 0.],0,0,[0.6 0.6],1.0,0.0,1.0
1328,0.0,1,665.0,1,1329,1,False,0.0,0,1.0,[1 2],[1. 0.],0,0,[0.6 0.6],1.0,0.0,1.0
1329,1.0,1,665.0,0,1330,0,False,1.0,1,0.0,[1 2],[1. 0.],0,0,[0.6 0.6],1.0,0.0,1.0
1330,0.0,1,666.0,1,1331,1,False,0.0,0,1.0,[1 2],[1. 0.],0,0,[0.6 0.6],1.0,0.0,1.0
1331,1.0,1,666.0,0,1332,0,False,1.0,1,0.0,[2 1],[1. 0.],1,0,[0.6 0.6],1.0,0.0,1.0
1332,0.0,1,667.0,1,1333,1,False,0.0,0,2.0,[2 1],[1. 0.],1,0,[0.6 0.6],1.0,0.0,1.0
1333,0.0,1,667.0,0,1334,0,False,2.0,1,0.0,[1 2],[1. 0.],0,0,[0.6 0.6],1.0,0.0,1.0
1334,0.0,1,668.0,1,1335,1,False,0.0,0,1.0,[1 2],[1. 0.],0,0,[0.6 0.6],1.0,0.0,1.0
1335,1.0,1,668.0,0,1336,0,False,1.0,1,0.0,[1 2],[1. 0.],1,0,[0.6 0.6],1.0,0.0,1.0
1336,0.0,1,669.0,1,1337,1,False,0.0,0,2.0,[1 2],[1. 0.],1,0,[0.6 0.6],1.0,0.0,1.0
1337,1.0,1,669.0,0,1338,0,False,2.0,1,0.0,[2 1],[1. 0.],0,0,[0.6 0.6],1.0,0.0,1.0
1338,0.0,1,670.0,1,1339,1,False,0.0,0,1.0,[2 1],[1. 0.],0,0,[0.6 0.6],1.0,0.0,1.0
1339,0.0,1,670.0,0,1340,0,False,1.0,1,0.0,[1 1],[1. 0.],1,0,[0.6 0.6],1.0,0.0,1.0
1340,0.0,1,671.0,1,1341,1,False,0.0,0,2.0,[1 1],[1. 0.],1,0,[0.6 0.6],1.0,0.0,1.0
1341,1.0,1,671.0,0,1342,0,False,2.0,1,0.0,[2 1],[1. 0.],0,0,[0.6 0.6],1.0,0.0,1.0
1342,0.0,1,672.0,1,1343,1,False,0.0,0,1.0,[2 1],[1. 0.],0,0,[0.6 0.6],1.0,0.0,1.0
1343,0.0,1,672.0,0,1344,0,False,1.0,1,0.0,[2 1],[1. 0.],0,0,[0.6 0.6],1.0,0.0,1.0
1344,0.0,1,673.0,1,1345,1,False,0.0,0,1.0,[2 1],[1. 0.],0,0,[0.6 0.6],1.0,0.0,1.0
1345,0.0,1,673.0,0,1346,0,False,1.0,1,0.0,[1 2],[1. 0.],1,0,[0.6 0.6],1.0,0.0,1.0
1346,0.0,1,674.0,1,1347,1,False,0.0,0,2.0,[1 2],[1. 0.],1,0,[0.6 0.6],1.0,0.0,1.0
1347,1.0,1,674.0,0,1348,0,False,2.0,1,0.0,[2 2],[1. 0.],1,0,[0.6 0.6],1.0,0.0,1.0
1348,0.0,1,675.0,1,1349,1,False,0.0,0,2.0,[2 2],[1. 0.],1,0,[0.6 0.6],1.0,0.0,1.0
1349,0.0,1,675.0,0,1350,0,False,2.0,1,0.0,[2 1],[1. 0.],0,0,[0.6 0.6],1.0,0.0,1.0
1350,0.0,1,676.0,2,1351,1,False,0.0,0,1.0,[2 1],[1. 0.],0,0,[0.6 0.6],1.0,0.0,1.0
1351,1.0,1,676.0,0,1352,0,False,1.0,1,0.0,[1 2],[1. 0.],0,0,[0.6 0.6],1.0,0.0,1.0
1352,0.0,1,677.0,2,1353,1,False,0.0,0,1.0,[1 2],[1. 0.],0,0,[0.6 0.6],1.0,0.0,1.0
1353,0.0,1,677.0,0,1354,0,False,1.0,1,0.0,[2 1],[1. 0.],0,0,[0.6 0.6],1.0,0.0,1.0
1354,0.0,1,678.0,2,1355,1,False,0.0,0,1.0,[2 1],[1. 0.],0,0,[0.6 0.6],1.0,0.0,1.0
1355,1.0,1,678.0,0,1356,0,False,1.0,1,0.0,[1 2],[1. 0.],1,0,[0.6 0.6],1.0,0.0,1.0
1356,0.0,1,679.0,2,1357,1,False,0.0,0,2.0,[1 2],[1. 0.],1,0,[0.6 0.6],1.0,0.0,1.0
1357,0.0,1,679.0,0,1358,0,False,2.0,1,0.0,[1 2],[1. 0.],0,0,[0.6 0.6],1.0,0.0,1.0
1358,0.0,1,680.0,2,1359,1,False,0.0,0,1.0,[1 2],[1. 0.],0,0,[0.6 0.6],1.0,0.0,1.0
1359,0.0,1,680.0,0,1360,0,False,1.0,1,0.0,[1 2],[1. 0.],1,0,[0.6 0.6],1.0,0.0,1.0
1360,0.0,1,681.0,2,1361,1,False,0.0,0,2.0,[1 2],[1. 0.],1,0,[0.6 0.6],1.0,0.0,1.0
1361,0.0,1,681.0,0,1362,0,False,2.0,1,0.0,[1 1],[1. 0.],1,0,[0.6 0.6],1.0,0.0,1.0
1362,0.0,1,682.0,1,1363,1,False,0.0,0,2.0,[1 1],[1. 0.],1,0,[0.6 0.6],1.0,0.0,1.0
1363,1.0,1,682.0,0,1364,0,False,2.0,1,0.0,[1 2],[1. 0.],0,0,[0.6 0.6],1.0,0.0,1.0
1364,0.0,1,683.0,1,1365,1,False,0.0,0,1.0,[1 2],[1. 0.],0,0,[0.6 0.6],1.0,0.0,1.0
1365,1.0,1,683.0,0,1366,0,False,1.0,1,0.0,[1 1],[1. 0.],0,0,[0.6 0.6],1.0,0.0,1.0
1366,0.0,1,684.0,1,1367,1,False,0.0,0,1.0,[1 1],[1. 0.],0,0,[0.6 0.6],1.0,0.0,1.0
1367,1.0,1,684.0,0,1368,0,False,1.0,1,0.0,[2 2],[1. 0.],1,0,[0.6 0.6],1.0,0.0,1.0
1368,0.0,1,685.0,1,1369,1,False,0.0,0,2.0,[2 2],[1. 0.],1,0,[0.6 0.6],1.0,0.0,1.0
1369,0.0,1,685.0,0,1370,0,False,2.0,1,0.0,[2 1],[1. 0.],1,0,[0.6 0.6],1.0,0.0,1.0
1370,0.0,1,686.0,1,1371,1,False,0.0,0,2.0,[2 1],[1. 0.],1,0,[0.6 0.6],1.0,0.0,1.0
1371,0.0,1,686.0,0,1372,0,False,2.0,1,0.0,[2 2],[1. 0.],0,0,[0.6 0.6],1.0,0.0,1.0
1372,0.0,1,687.0,2,1373,1,False,0.0,0,1.0,[2 2],[1. 0.],0,0,[0.6 0.6],1.0,0.0,1.0
1373,0.0,1,687.0,0,1374,0,False,1.0,1,0.0,[1 1],[1. 0.],1,0,[0.6 0.6],1.0,0.0,1.0
1374,0.0,1,688.0,2,1375,1,False,0.0,0,2.0,[1 1],[1. 0.],1,0,[0.6 0.6],1.0,0.0,1.0
1375,1.0,1,688.0,0,1376,0,False,2.0,1,0.0,[1 1],[1. 0.],1,0,[0.6 0.6],1.0,0.0,1.0
1376,0.0,1,689.0,2,1377,1,False,0.0,0,2.0,[1 1],[1. 0.],1,0,[0.6 0.6],1.0,0.0,1.0
1377,1.0,1,689.0,0,1378,0,False,2.0,1,0.0,[2 2],[1. 0.],1,0,[0.6 0.6],1.0,0.0,1.0
1378,0.0,1,690.0,2,1379,1,False,0.0,0,2.0,[2 2],[1. 0.],1,0,[0.6 0.6],1.0,0.0,1.0
1379,0.0,1,690.0,0,1380,0,False,2.0,1,0.0,[1 2],[1. 0.],0,0,[0.6 0.6],1.0,0.0,1.0
1380,0.0,1,691.0,2,1381,1,False,0.0,0,1.0,[1 2],[1. 0.],0,0,[0.6 0.6],1.0,0.0,1.0
1381,0.0,1,691.0,0,1382,0,False,1.0,1,0.0,[2 2],[1. 0.],1,0,[0.6 0.6],1.0,0.0,1.0
1382,0.0,1,692.0,2,1383,1,False,0.0,0,2.0,[2 2],[1. 0.],1,0,[0.6 0.6],1.0,0.0,1.0
1383,0.0,1,692.0,0,1384,0,False,2.0,1,0.0,[2 1],[1. 0.],0,0,[0.6 0.6],1.0,0.0,1.0
1384,0.0,1,693.0,1,1385,1,False,0.0,0,1.0,[2 1],[1. 0.],0,0,[0.6 0.6],1.0,0.0,1.0
1385,0.0,1,693.0,0,1386,0,False,1.0,1,0.0,[2 2],[1. 0.],0,0,[0.6 0.6],1.0,0.0,1.0
1386,0.0,1,694.0,2,1387,1,False,0.0,0,1.0,[2 2],[1. 0.],0,0,[0.6 0.6],1.0,0.0,1.0
1387,0.0,1,694.0,0,1388,0,False,1.0,1,0.0,[1 1],[1. 0.],1,0,[0.6 0.6],1.0,0.0,1.0
1388,0.0,1,695.0,2,1389,1,False,0.0,0,2.0,[1 1],[1. 0.],1,0,[0.6 0.6],1.0,0.0,1.0
1389,1.0,1,695.0,0,1390,0,False,2.0,1,0.0,[1 1],[1. 0.],1,0,[0.6 0.6],1.0,0.0,1.0
1390,0.0,1,696.0,2,1391,1,False,0.0,0,2.0,[1 1],[1. 0.],1,0,[0.6 0.6],1.0,0.0,1.0
1391,1.0,1,696.0,0,1392,0,False,2.0,1,0.0,[2 1],[0. 1.],1,1,[0.6 0.6],1.0,0.0,1.0
1392,0.0,1,697.0,2,1393,1,False,0.0,0,2.0,[2 1],[0. 1.],1,1,[0.6 0.6],1.0,0.0,1.0
1393,0.0,1,697.0,0,1394,0,False,2.0,1,0.0,[1 2],[0. 1.],0,1,[0.6 0.6],1.0,0.0,1.0
1394,0.0,1,698.0,2,1395,1,False,0.0,0,1.0,[1 2],[0. 1.],0,1,[0.6 0.6],1.0,0.0,1.0
1395,1.0,1,698.0,0,1396,0,False,1.0,1,0.0,[1 1],[0. 1.],0,1,[0.6 0.6],1.0,0.0,1.0
1396,0.0,1,699.0,2,1397,1,False,0.0,0,1.0,[1 1],[0. 1.],0,1,[0.6 0.6],1.0,0.0,1.0
1397,0.0,1,699.0,0,1398,0,False,1.0,1,0.0,[1 2],[0. 1.],1,1,[0.6 0.6],1.0,0.0,1.0
1398,0.0,1,700.0,2,1399,1,False,0.0,0,2.0,[1 2],[0. 1.],1,1,[0.6 0.6],1.0,0.0,1.0
1399,1.0,1,700.0,0,1400,0,False,2.0,1,0.0,[2 2],[0. 1.],0,1,[0.6 0.6],1.0,0.0,1.0
1400,0.0,1,701.0,2,1401,1,False,0.0,0,1.0,[2 2],[0. 1.],0,1,[0.6 0.6],1.0,0.0,1.0
1401,1.0,1,701.0,0,1402,0,False,1.0,1,0.0,[2 2],[0. 1.],1,1,[0.6 0.6],1.0,0.0,1.0
1402,0.0,1,702.0,2,1403,1,False,0.0,0,2.0,[2 2],[0. 1.],1,1,[0.6 0.6],1.0,0.0,1.0
1403,1.0,1,702.0,0,1404,0,False,2.0,1,0.0,[2 1],[0. 1.],1,1,[0.6 0.6],1.0,0.0,1.0
1404,0.0,1,703.0,2,1405,1,False,0.0,0,2.0,[2 1],[0. 1.],1,1,[0.6 0.6],1.0,0.0,1.0
1405,0.0,1,703.0,0,1406,0,False,2.0,1,0.0,[2 1],[0. 1.],1,1,[0.6 0.6],1.0,0.0,1.0
1406,0.0,1,704.0,2,1407,1,False,0.0,0,2.0,[2 1],[0. 1.],1,1,[0.6 0.6],1.0,0.0,1.0
1407,0.0,1,704.0,0,1408,0,False,2.0,1,0.0,[2 2],[0. 1.],1,1,[0.6 0.6],1.0,0.0,1.0
1408,0.0,1,705.0,1,1409,1,False,0.0,0,2.0,[2 2],[0. 1.],1,1,[0.6 0.6],1.0,0.0,1.0
1409,1.0,1,705.0,0,1410,0,False,2.0,1,0.0,[2 2],[0. 1.],0,1,[0.6 0.6],1.0,0.0,1.0
1410,0.0,1,706.0,1,1411,1,False,0.0,0,1.0,[2 2],[0. 1.],0,1,[0.6 0.6],1.0,0.0,1.0
1411,1.0,1,706.0,0,1412,0,False,1.0,1,0.0,[1 2],[0. 1.],1,1,[0.6 0.6],1.0,0.0,1.0
1412,0.0,1,707.0,1,1413,1,False,0.0,0,2.0,[1 2],[0. 1.],1,1,[0.6 0.6],1.0,0.0,1.0
1413,0.0,1,707.0,0,1414,0,False,2.0,1,0.0,[1 2],[0. 1.],0,1,[0.6 0.6],1.0,0.0,1.0
1414,0.0,1,708.0,1,1415,1,False,0.0,0,1.0,[1 2],[0. 1.],0,1,[0.6 0.6],1.0,0.0,1.0
1415,0.0,1,708.0,0,1416,0,False,1.0,1,0.0,[2 2],[0. 1.],1,1,[0.6 0.6],1.0,0.0,1.0
1416,0.0,1,709.0,1,1417,1,False,0.0,0,2.0,[2 2],[0. 1.],1,1,[0.6 0.6],1.0,0.0,1.0
1417,1.0,1,709.0,0,1418,0,False,2.0,1,0.0,[1 2],[0. 1.],1,1,[0.6 0.6],1.0,0.0,1.0
1418,0.0,1,710.0,1,1419,1,False,0.0,0,2.0,[1 2],[0. 1.],1,1,[0.6 0.6],1.0,0.0,1.0
1419,0.0,1,710.0,0,1420,0,False,2.0,1,0.0,[1 2],[0. 1.],1,1,[0.6 0.6],1.0,0.0,1.0
1420,0.0,1,711.0,2,1421,1,False,0.0,0,2.0,[1 2],[0. 1.],1,1,[0.6 0.6],1.0,0.0,1.0
1421,1.0,1,711.0,0,1422,0,False,2.0,1,0.0,[2 1],[0. 1.],1,1,[0.6 0.6],1.0,0.0,1.0
1422,0.0,1,712.0,2,1423,1,False,0.0,0,2.0,[2 1],[0. 1.],1,1,[0.6 0.6],1.0,0.0,1.0
1423,0.0,1,712.0,0,1424,0,False,2.0,1,0.0,[1 1],[0. 1.],0,1,[0.6 0.6],1.0,0.0,1.0
1424,0.0,1,713.0,1,1425,1,False,0.0,0,1.0,[1 1],[0. 1.],0,1,[0.6 0.6],1.0,0.0,1.0
1425,0.0,1,713.0,0,1426,0,False,1.0,1,0.0,[1 2],[0. 1.],0,1,[0.6 0.6],1.0,0.0,1.0
1426,0.0,1,714.0,2,1427,1,False,0.0,0,1.0,[1 2],[0. 1.],0,1,[0.6 0.6],1.0,0.0,1.0
1427,1.0,1,714.0,0,1428,0,False,1.0,1,0.0,[2 2],[0. 1.],0,1,[0.6 0.6],1.0,0.0,1.0
1428,0.0,1,715.0,2,1429,1,False,0.0,0,1.0,[2 2],[0. 1.],0,1,[0.6 0.6],1.0,0.0,1.0
1429,1.0,1,715.0,0,1430,0,False,1.0,1,0.0,[2 2],[0. 1.],1,1,[0.6 0.6],1.0,0.0,1.0
1430,0.0,1,716.0,2,1431,1,False,0.0,0,2.0,[2 2],[0. 1.],1,1,[0.6 0.6],1.0,0.0,1.0
1431,1.0,1,716.0,0,1432,0,False,2.0,1,0.0,[1 1],[0. 1.],1,1,[0.6 0.6],1.0,0.0,1.0
1432,0.0,1,717.0,2,1433,1,False,0.0,0,2.0,[1 1],[0. 1.],1,1,[0.6 0.6],1.0,0.0,1.0
1433,0.0,1,717.0,0,1434,0,False,2.0,1,0.0,[1 1],[0. 1.],1,1,[0.6 0.6],1.0,0.0,1.0
1434,0.0,1,718.0,2,1435,1,False,0.0,0,2.0,[1 1],[0. 1.],1,1,[0.6 0.6],1.0,0.0,1.0
1435,0.0,1,718.0,0,1436,0,False,2.0,1,0.0,[2 1],[0. 1.],1,1,[0.6 0.6],1.0,0.0,1.0
1436,0.0,1,719.0,2,1437,1,False,0.0,0,2.0,[2 1],[0. 1.],1,1,[0.6 0.6],1.0,0.0,1.0
1437,0.0,1,719.0,0,1438,0,False,2.0,1,0.0,[2 1],[0. 1.],0,1,[0.6 0.6],1.0,0.0,1.0
1438,0.0,1,720.0,1,1439,1,False,0.0,0,1.0,[2 1],[0. 1.],0,1,[0.6 0.6],1.0,0.0,1.0
1439,1.0,1,720.0,0,1440,0,False,1.0,1,0.0,[1 1],[0. 1.],1,1,[0.6 0.6],1.0,0.0,1.0
1440,0.0,1,721.0,1,1441,1,False,0.0,0,2.0,[1 1],[0. 1.],1,1,[0.6 0.6],1.0,0.0,1.0
1441,0.0,1,721.0,0,1442,0,False,2.0,1,0.0,[2 2],[0. 1.],0,1,[0.6 0.6],1.0,0.0,1.0
1442,0.0,1,722.0,1,1443,1,False,0.0,0,1.0,[2 2],[0. 1.],0,1,[0.6 0.6],1.0,0.0,1.0
1443,1.0,1,722.0,0,1444,0,False,1.0,1,0.0,[2 1],[0. 1.],0,1,[0.6 0.6],1.0,0.0,1.0
1444,0.0,1,723.0,1,1445,1,False,0.0,0,1.0,[2 1],[0. 1.],0,1,[0.6 0.6],1.0,0.0,1.0
1445,1.0,1,723.0,0,1446,0,False,1.0,1,0.0,[1 1],[0. 1.],1,1,[0.6 0.6],1.0,0.0,1.0
1446,0.0,1,724.0,1,1447,1,False,0.0,0,2.0,[1 1],[0. 1.],1,1,[0.6 0.6],1.0,0.0,1.0
1447,0.0,1,724.0,0,1448,0,False,2.0,1,0.0,[1 2],[0. 1.],0,1,[0.6 0.6],1.0,0.0,1.0
1448,0.0,1,725.0,1,1449,1,False,0.0,0,1.0,[1 2],[0. 1.],0,1,[0.6 0.6],1.0,0.0,1.0
1449,0.0,1,725.0,0,1450,0,False,1.0,1,0.0,[1 2],[0. 1.],0,1,[0.6 0.6],1.0,0.0,1.0
1450,0.0,1,726.0,1,1451,1,False,0.0,0,1.0,[1 2],[0. 1.],0,1,[0.6 0.6],1.0,0.0,1.0
1451,0.0,1,726.0,0,1452,0,False,1.0,1,0.0,[2 2],[0. 1.],1,1,[0.6 0.6],1.0,0.0,1.0
1452,0.0,1,727.0,1,1453,1,False,0.0,0,2.0,[2 2],[0. 1.],1,1,[0.6 0.6],1.0,0.0,1.0
1453,1.0,1,727.0,0,1454,0,False,2.0,1,0.0,[2 1],[0. 1.],0,1,[0.6 0.6],1.0,0.0,1.0
1454,0.0,1,728.0,1,1455,1,False,0.0,0,1.0,[2 1],[0. 1.],0,1,[0.6 0.6],1.0,0.0,1.0
1455,1.0,1,728.0,0,1456,0,False,1.0,1,0.0,[2 1],[0. 1.],1,1,[0.6 0.6],1.0,0.0,1.0
1456,0.0,1,729.0,1,1457,1,False,0.0,0,2.0,[2 1],[0. 1.],1,1,[0.6 0.6],1.0,0.0,1.0
1457,1.0,1,729.0,0,1458,0,False,2.0,1,0.0,[1 2],[0. 1.],1,1,[0.6 0.6],1.0,0.0,1.0
1458,0.0,1,730.0,1,1459,1,False,0.0,0,2.0,[1 2],[0. 1.],1,1,[0.6 0.6],1.0,0.0,1.0
1459,0.0,1,730.0,0,1460,0,False,2.0,1,0.0,[2 1],[0. 1.],0,1,[0.6 0.6],1.0,0.0,1.0
1460,0.0,1,731.0,1,1461,1,False,0.0,0,1.0,[2 1],[0. 1.],0,1,[0.6 0.6],1.0,0.0,1.0
1461,1.0,1,731.0,0,1462,0,False,1.0,1,0.0,[2 2],[0. 1.],1,1,[0.6 0.6],1.0,0.0,1.0
1462,0.0,1,732.0,1,1463,1,False,0.0,0,2.0,[2 2],[0. 1.],1,1,[0.6 0.6],1.0,0.0,1.0
1463,1.0,1,732.0,0,1464,0,False,2.0,1,0.0,[1 2],[0. 1.],0,1,[0.6 0.6],1.0,0.0,1.0
1464,0.0,1,733.0,1,1465,1,False,0.0,0,1.0,[1 2],[0. 1.],0,1,[0.6 0.6],1.0,0.0,1.0
1465,0.0,1,733.0,0,1466,0,False,1.0,1,0.0,[2 1],[0. 1.],1,1,[0.6 0.6],1.0,0.0,1.0
1466,0.0,1,734.0,1,1467,1,False,0.0,0,2.0,[2 1],[0. 1.],1,1,[0.6 0.6],1.0,0.0,1.0
1467,1.0,1,734.0,0,1468,0,False,2.0,1,0.0,[1 1],[0. 1.],1,1,[0.6 0.6],1.0,0.0,1.0
1468,0.0,1,735.0,1,1469,1,False,0.0,0,2.0,[1 1],[0. 1.],1,1,[0.6 0.6],1.0,0.0,1.0
1469,0.0,1,735.0,0,1470,0,False,2.0,1,0.0,[2 2],[0. 1.],1,1,[0.6 0.6],1.0,0.0,1.0
1470,0.0,1,736.0,1,1471,1,False,0.0,0,2.0,[2 2],[0. 1.],1,1,[0.6 0.6],1.0,0.0,1.0
1471,1.0,1,736.0,0,1472,0,False,2.0,1,0.0,[2 1],[0. 1.],0,1,[0.6 0.6],1.0,0.0,1.0
1472,0.0,1,737.0,1,1473,1,False,0.0,0,1.0,[2 1],[0. 1.],0,1,[0.6 0.6],1.0,0.0,1.0
1473,1.0,1,737.0,0,1474,0,False,1.0,1,0.0,[1 2],[0. 1.],1,1,[0.6 0.6],1.0,0.0,1.0
1474,0.0,1,738.0,1,1475,1,False,0.0,0,2.0,[1 2],[0. 1.],1,1,[0.6 0.6],1.0,0.0,1.0
1475,0.0,1,738.0,0,1476,0,False,2.0,1,0.0,[1 1],[0. 1.],1,1,[0.6 0.6],1.0,0.0,1.0
1476,0.0,1,739.0,1,1477,1,False,0.0,0,2.0,[1 1],[0. 1.],1,1,[0.6 0.6],1.0,0.0,1.0
1477,0.0,1,739.0,0,1478,0,False,2.0,1,0.0,[1 1],[0. 1.],1,1,[0.6 0.6],1.0,0.0,1.0
1478,0.0,1,740.0,2,1479,1,False,0.0,0,2.0,[1 1],[0. 1.],1,1,[0.6 0.6],1.0,0.0,1.0
1479,0.0,1,740.0,0,1480,0,False,2.0,1,0.0,[2 2],[0. 1.],1,1,[0.6 0.6],1.0,0.0,1.0
1480,0.0,1,741.0,1,1481,1,False,0.0,0,2.0,[2 2],[0. 1.],1,1,[0.6 0.6],1.0,0.0,1.0
1481,1.0,1,741.0,0,1482,0,False,2.0,1,0.0,[2 1],[0. 1.],1,1,[0.6 0.6],1.0,0.0,1.0
1482,0.0,1,742.0,1,1483,1,False,0.0,0,2.0,[2 1],[0. 1.],1,1,[0.6 0.6],1.0,0.0,1.0
1483,1.0,1,742.0,0,1484,0,False,2.0,1,0.0,[1 2],[0. 1.],1,1,[0.6 0.6],1.0,0.0,1.0
1484,0.0,1,743.0,1,1485,1,False,0.0,0,2.0,[1 2],[0. 1.],1,1,[0.6 0.6],1.0,0.0,1.0
1485,0.0,1,743.0,0,1486,0,False,2.0,1,0.0,[1 2],[0. 1.],1,1,[0.6 0.6],1.0,0.0,1.0
1486,0.0,1,744.0,1,1487,1,False,0.0,0,2.0,[1 2],[0. 1.],1,1,[0.6 0.6],1.0,0.0,1.0
1487,0.0,1,744.0,0,1488,0,False,2.0,1,0.0,[1 2],[0. 1.],0,1,[0.6 0.6],1.0,0.0,1.0
1488,0.0,1,745.0,2,1489,1,False,0.0,0,1.0,[1 2],[0. 1.],0,1,[0.6 0.6],1.0,0.0,1.0
1489,1.0,1,745.0,0,1490,0,False,1.0,1,0.0,[1 1],[0. 1.],0,1,[0.6 0.6],1.0,0.0,1.0
1490,0.0,1,746.0,2,1491,1,False,0.0,0,1.0,[1 1],[0. 1.],0,1,[0.6 0.6],1.0,0.0,1.0
1491,0.0,1,746.0,0,1492,0,False,1.0,1,0.0,[2 2],[0. 1.],0,1,[0.6 0.6],1.0,0.0,1.0
1492,0.0,1,747.0,2,1493,1,False,0.0,0,1.0,[2 2],[0. 1.],0,1,[0.6 0.6],1.0,0.0,1.0
1493,1.0,1,747.0,0,1494,0,False,1.0,1,0.0,[1 2],[0. 1.],0,1,[0.6 0.6],1.0,0.0,1.0
1494,0.0,1,748.0,2,1495,1,False,0.0,0,1.0,[1 2],[0. 1.],0,1,[0.6 0.6],1.0,0.0,1.0
1495,1.0,1,748.0,0,1496,0,False,1.0,1,0.0,[1 1],[0. 1.],1,1,[0.6 0.6],1.0,0.0,1.0
1496,0.0,1,749.0,2,1497,1,False,0.0,0,2.0,[1 1],[0. 1.],1,1,[0.6 0.6],1.0,0.0,1.0
1497,0.0,1,749.0,0,1498,0,False,2.0,1,0.0,[2 1],[0. 1.],0,1,[0.6 0.6],1.0,0.0,1.0
1498,0.0,1,750.0,2,1499,1,False,0.0,0,1.0,[2 1],[0. 1.],0,1,[0.6 0.6],1.0,0.0,1.0
1499,0.0,1,750.0,0,1500,0,False,1.0,1,0.0,[1 1],[0. 1.],0,1,[0.6 0.6],1.0,0.0,1.0
1500,0.0,1,751.0,2,1501,1,False,0.0,0,1.0,[1 1],[0. 1.],0,1,[0.6 0.6],1.0,0.0,1.0
1501,0.0,1,751.0,0,1502,0,False,1.0,1,0.0,[2 1],[0. 1.],0,1,[0.6 0.6],1.0,0.0,1.0
1502,0.0,1,752.0,2,1503,1,False,0.0,0,1.0,[2 1],[0. 1.],0,1,[0.6 0.6],1.0,0.0,1.0
1503,0.0,1,752.0,0,1504,0,False,1.0,1,0.0,[1 1],[0. 1.],1,1,[0.6 0.6],1.0,0.0,1.0
1504,0.0,1,753.0,1,1505,1,False,0.0,0,2.0,[1 1],[0. 1.],1,1,[0.6 0.6],1.0,0.0,1.0
1505,0.0,1,753.0,0,1506,0,False,2.0,1,0.0,[2 2],[0. 1.],1,1,[0.6 0.6],1.0,0.0,1.0
1506,0.0,1,754.0,2,1507,1,False,0.0,0,2.0,[2 2],[0. 1.],1,1,[0.6 0.6],1.0,0.0,1.0
1507,1.0,1,754.0,0,1508,0,False,2.0,1,0.0,[1 2],[0. 1.],1,1,[0.6 0.6],1.0,0.0,1.0
1508,0.0,1,755.0,2,1509,1,False,0.0,0,2.0,[1 2],[0. 1.],1,1,[0.6 0.6],1.0,0.0,1.0
1509,1.0,1,755.0,0,1510,0,False,2.0,1,0.0,[2 1],[0. 1.],1,1,[0.6 0.6],1.0,0.0,1.0
1510,0.0,1,756.0,2,1511,1,False,0.0,0,2.0,[2 1],[0. 1.],1,1,[0.6 0.6],1.0,0.0,1.0
1511,0.0,1,756.0,0,1512,0,False,2.0,1,0.0,[1 1],[0. 1.],1,1,[0.6 0.6],1.0,0.0,1.0
1512,0.0,1,757.0,2,1513,1,False,0.0,0,2.0,[1 1],[0. 1.],1,1,[0.6 0.6],1.0,0.0,1.0
1513,0.0,1,757.0,0,1514,0,False,2.0,1,0.0,[1 2],[0. 1.],1,1,[0.6 0.6],1.0,0.0,1.0
1514,0.0,1,758.0,1,1515,1,False,0.0,0,2.0,[1 2],[0. 1.],1,1,[0.6 0.6],1.0,0.0,1.0
1515,0.0,1,758.0,0,1516,0,False,2.0,1,0.0,[2 1],[0. 1.],0,1,[0.6 0.6],1.0,0.0,1.0
1516,0.0,1,759.0,2,1517,1,False,0.0,0,1.0,[2 1],[0. 1.],0,1,[0.6 0.6],1.0,0.0,1.0
1517,0.0,1,759.0,0,1518,0,False,1.0,1,0.0,[1 1],[0. 1.],0,1,[0.6 0.6],1.0,0.0,1.0
1518,0.0,1,760.0,1,1519,1,False,0.0,0,1.0,[1 1],[0. 1.],0,1,[0.6 0.6],1.0,0.0,1.0
1519,0.0,1,760.0,0,1520,0,False,1.0,1,0.0,[2 2],[0. 1.],0,1,[0.6 0.6],1.0,0.0,1.0
1520,0.0,1,761.0,2,1521,1,False,0.0,0,1.0,[2 2],[0. 1.],0,1,[0.6 0.6],1.0,0.0,1.0
1521,1.0,1,761.0,0,1522,0,False,1.0,1,0.0,[1 2],[0. 1.],0,1,[0.6 0.6],1.0,0.0,1.0
1522,0.0,1,762.0,2,1523,1,False,0.0,0,1.0,[1 2],[0. 1.],0,1,[0.6 0.6],1.0,0.0,1.0
1523,1.0,1,762.0,0,1524,0,False,1.0,1,0.0,[1 1],[0. 1.],1,1,[0.6 0.6],1.0,0.0,1.0
1524,0.0,1,763.0,2,1525,1,False,0.0,0,2.0,[1 1],[0. 1.],1,1,[0.6 0.6],1.0,0.0,1.0
1525,0.0,1,763.0,0,1526,0,False,2.0,1,0.0,[1 1],[0. 1.],1,1,[0.6 0.6],1.0,0.0,1.0
1526,0.0,1,764.0,2,1527,1,False,0.0,0,2.0,[1 1],[0. 1.],1,1,[0.6 0.6],1.0,0.0,1.0
1527,0.0,1,764.0,0,1528,0,False,2.0,1,0.0,[1 1],[0. 1.],0,1,[0.6 0.6],1.0,0.0,1.0
1528,0.0,1,765.0,1,1529,1,False,0.0,0,1.0,[1 1],[0. 1.],0,1,[0.6 0.6],1.0,0.0,1.0
1529,0.0,1,765.0,0,1530,0,False,1.0,1,0.0,[1 1],[0. 1.],1,1,[0.6 0.6],1.0,0.0,1.0
1530,0.0,1,766.0,2,1531,1,False,0.0,0,2.0,[1 1],[0. 1.],1,1,[0.6 0.6],1.0,0.0,1.0
1531,0.0,1,766.0,0,1532,0,False,2.0,1,0.0,[2 2],[0. 1.],1,1,[0.6 0.6],1.0,0.0,1.0
1532,0.0,1,767.0,1,1533,1,False,0.0,0,2.0,[2 2],[0. 1.],1,1,[0.6 0.6],1.0,0.0,1.0
1533,1.0,1,767.0,0,1534,0,False,2.0,1,0.0,[2 1],[0. 1.],1,1,[0.6 0.6],1.0,0.0,1.0
1534,0.0,1,768.0,1,1535,1,False,0.0,0,2.0,[2 1],[0. 1.],1,1,[0.6 0.6],1.0,0.0,1.0
1535,1.0,1,768.0,0,1536,0,False,2.0,1,0.0,[2 1],[0. 1.],0,1,[0.6 0.6],1.0,0.0,1.0
1536,0.0,1,769.0,1,1537,1,False,0.0,0,1.0,[2 1],[0. 1.],0,1,[0.6 0.6],1.0,0.0,1.0
1537,1.0,1,769.0,0,1538,0,False,1.0,1,0.0,[2 1],[0. 1.],0,1,[0.6 0.6],1.0,0.0,1.0
1538,0.0,1,770.0,1,1539,1,False,0.0,0,1.0,[2 1],[0. 1.],0,1,[0.6 0.6],1.0,0.0,1.0
1539,1.0,1,770.0,0,1540,0,False,1.0,1,0.0,[1 1],[0. 1.],1,1,[0.6 0.6],1.0,0.0,1.0
1540,0.0,1,771.0,1,1541,1,False,0.0,0,2.0,[1 1],[0. 1.],1,1,[0.6 0.6],1.0,0.0,1.0
1541,0.0,1,771.0,0,1542,0,False,2.0,1,0.0,[2 1],[0. 1.],0,1,[0.6 0.6],1.0,0.0,1.0
1542,0.0,1,772.0,1,1543,1,False,0.0,0,1.0,[2 1],[0. 1.],0,1,[0.6 0.6],1.0,0.0,1.0
1543,1.0,1,772.0,0,1544,0,False,1.0,1,0.0,[2 1],[0. 1.],0,1,[0.6 0.6],1.0,0.0,1.0
1544,0.0,1,773.0,1,1545,1,False,0.0,0,1.0,[2 1],[0. 1.],0,1,[0.6 0.6],1.0,0.0,1.0
1545,1.0,1,773.0,0,1546,0,False,1.0,1,0.0,[2 2],[0. 1.],0,1,[0.6 0.6],1.0,0.0,1.0
1546,0.0,1,774.0,1,1547,1,False,0.0,0,1.0,[2 2],[0. 1.],0,1,[0.6 0.6],1.0,0.0,1.0
1547,1.0,1,774.0,0,1548,0,False,1.0,1,0.0,[2 2],[0. 1.],0,1,[0.6 0.6],1.0,0.0,1.0
1548,0.0,1,775.0,1,1549,1,False,0.0,0,1.0,[2 2],[0. 1.],0,1,[0.6 0.6],1.0,0.0,1.0
1549,1.0,1,775.0,0,1550,0,False,1.0,1,0.0,[1 1],[0. 1.],0,1,[0.6 0.6],1.0,0.0,1.0
1550,0.0,1,776.0,1,1551,1,False,0.0,0,1.0,[1 1],[0. 1.],0,1,[0.6 0.6],1.0,0.0,1.0
1551,0.0,1,776.0,0,1552,0,False,1.0,1,0.0,[2 1],[0. 1.],0,1,[0.6 0.6],1.0,0.0,1.0
1552,0.0,1,777.0,1,1553,1,False,0.0,0,1.0,[2 1],[0. 1.],0,1,[0.6 0.6],1.0,0.0,1.0
1553,1.0,1,777.0,0,1554,0,False,1.0,1,0.0,[2 1],[0. 1.],1,1,[0.6 0.6],1.0,0.0,1.0
1554,0.0,1,778.0,1,1555,1,False,0.0,0,2.0,[2 1],[0. 1.],1,1,[0.6 0.6],1.0,0.0,1.0
1555,1.0,1,778.0,0,1556,0,False,2.0,1,0.0,[1 2],[0. 1.],0,1,[0.6 0.6],1.0,0.0,1.0
1556,0.0,1,779.0,1,1557,1,False,0.0,0,1.0,[1 2],[0. 1.],0,1,[0.6 0.6],1.0,0.0,1.0
1557,0.0,1,779.0,0,1558,0,False,1.0,1,0.0,[1 1],[0. 1.],0,1,[0.6 0.6],1.0,0.0,1.0
1558,0.0,1,780.0,1,1559,1,False,0.0,0,1.0,[1 1],[0. 1.],0,1,[0.6 0.6],1.0,0.0,1.0
1559,0.0,1,780.0,0,1560,0,False,1.0,1,0.0,[1 1],[0. 1.],0,1,[0.6 0.6],1.0,0.0,1.0
1560,0.0,1,781.0,1,1561,1,False,0.0,0,1.0,[1 1],[0. 1.],0,1,[0.6 0.6],1.0,0.0,1.0
1561,0.0,1,781.0,0,1562,0,False,1.0,1,0.0,[2 2],[0. 1.],1,1,[0.6 0.6],1.0,0.0,1.0
1562,0.0,1,782.0,1,1563,1,False,0.0,0,2.0,[2 2],[0. 1.],1,1,[0.6 0.6],1.0,0.0,1.0
1563,1.0,1,782.0,0,1564,0,False,2.0,1,0.0,[2 2],[0. 1.],0,1,[0.6 0.6],1.0,0.0,1.0
1564,0.0,1,783.0,1,1565,1,False,0.0,0,1.0,[2 2],[0. 1.],0,1,[0.6 0.6],1.0,0.0,1.0
1565,1.0,1,783.0,0,1566,0,False,1.0,1,0.0,[1 1],[0. 1.],1,1,[0.6 0.6],1.0,0.0,1.0
1566,0.0,1,784.0,1,1567,1,False,0.0,0,2.0,[1 1],[0. 1.],1,1,[0.6 0.6],1.0,0.0,1.0
1567,0.0,1,784.0,0,1568,0,False,2.0,1,0.0,[2 2],[0. 1.],0,1,[0.6 0.6],1.0,0.0,1.0
1568,0.0,1,785.0,1,1569,1,False,0.0,0,1.0,[2 2],[0. 1.],0,1,[0.6 0.6],1.0,0.0,1.0
1569,1.0,1,785.0,0,1570,0,False,1.0,1,0.0,[1 1],[0. 1.],1,1,[0.6 0.6],1.0,0.0,1.0
1570,0.0,1,786.0,1,1571,1,False,0.0,0,2.0,[1 1],[0. 1.],1,1,[0.6 0.6],1.0,0.0,1.0
1571,0.0,1,786.0,0,1572,0,False,2.0,1,0.0,[2 2],[0. 1.],0,1,[0.6 0.6],1.0,0.0,1.0
1572,0.0,1,787.0,1,1573,1,False,0.0,0,1.0,[2 2],[0. 1.],0,1,[0.6 0.6],1.0,0.0,1.0
1573,1.0,1,787.0,0,1574,0,False,1.0,1,0.0,[2 1],[0. 1.],1,1,[0.6 0.6],1.0,0.0,1.0
1574,0.0,1,788.0,1,1575,1,False,0.0,0,2.0,[2 1],[0. 1.],1,1,[0.6 0.6],1.0,0.0,1.0
1575,1.0,1,788.0,0,1576,0,False,2.0,1,0.0,[2 2],[0. 1.],1,1,[0.6 0.6],1.0,0.0,1.0
1576,0.0,1,789.0,1,1577,1,False,0.0,0,2.0,[2 2],[0. 1.],1,1,[0.6 0.6],1.0,0.0,1.0
1577,1.0,1,789.0,0,1578,0,False,2.0,1,0.0,[2 1],[0. 1.],1,1,[0.6 0.6],1.0,0.0,1.0
1578,0.0,1,790.0,1,1579,1,False,0.0,0,2.0,[2 1],[0. 1.],1,1,[0.6 0.6],1.0,0.0,1.0
1579,1.0,1,790.0,0,1580,0,False,2.0,1,0.0,[1 1],[0. 1.],0,1,[0.6 0.6],1.0,0.0,1.0
1580,0.0,1,791.0,1,1581,1,False,0.0,0,1.0,[1 1],[0. 1.],0,1,[0.6 0.6],1.0,0.0,1.0
1581,0.0,1,791.0,0,1582,0,False,1.0,1,0.0,[1 1],[0. 1.],1,1,[0.6 0.6],1.0,0.0,1.0
1582,0.0,1,792.0,1,1583,1,False,0.0,0,2.0,[1 1],[0. 1.],1,1,[0.6 0.6],1.0,0.0,1.0
1583,0.0,1,792.0,0,1584,0,False,2.0,1,0.0,[1 1],[0. 1.],1,1,[0.6 0.6],1.0,0.0,1.0
1584,0.0,1,793.0,1,1585,1,False,0.0,0,2.0,[1 1],[0. 1.],1,1,[0.6 0.6],1.0,0.0,1.0
1585,0.0,1,793.0,0,1586,0,False,2.0,1,0.0,[1 1],[0. 1.],0,1,[0.6 0.6],1.0,0.0,1.0
1586,0.0,1,794.0,2,1587,1,False,0.0,0,1.0,[1 1],[0. 1.],0,1,[0.6 0.6],1.0,0.0,1.0
1587,0.0,1,794.0,0,1588,0,False,1.0,1,0.0,[2 1],[0. 1.],0,1,[0.6 0.6],1.0,0.0,1.0
1588,0.0,1,795.0,2,1589,1,False,0.0,0,1.0,[2 1],[0. 1.],0,1,[0.6 0.6],1.0,0.0,1.0
1589,0.0,1,795.0,0,1590,0,False,1.0,1,0.0,[2 1],[0. 1.],0,1,[0.6 0.6],1.0,0.0,1.0
1590,0.0,1,796.0,1,1591,1,False,0.0,0,1.0,[2 1],[0. 1.],0,1,[0.6 0.6],1.0,0.0,1.0
1591,1.0,1,796.0,0,1592,0,False,1.0,1,0.0,[1 2],[0. 1.],1,1,[0.6 0.6],1.0,0.0,1.0
1592,0.0,1,797.0,1,1593,1,False,0.0,0,2.0,[1 2],[0. 1.],1,1,[0.6 0.6],1.0,0.0,1.0
1593,0.0,1,797.0,0,1594,0,False,2.0,1,0.0,[2 2],[0. 1.],0,1,[0.6 0.6],1.0,0.0,1.0
1594,0.0,1,798.0,1,1595,1,False,0.0,0,1.0,[2 2],[0. 1.],0,1,[0.6 0.6],1.0,0.0,1.0
1595,1.0,1,798.0,0,1596,0,False,1.0,1,0.0,[2 1],[0. 1.],1,1,[0.6 0.6],1.0,0.0,1.0
1596,0.0,1,799.0,1,1597,1,False,0.0,0,2.0,[2 1],[0. 1.],1,1,[0.6 0.6],1.0,0.0,1.0
1597,1.0,1,799.0,0,1598,0,False,2.0,1,0.0,[2 1],[0. 1.],0,1,[0.6 0.6],1.0,0.0,1.0
1598,0.0,1,800.0,1,1599,1,False,0.0,0,1.0,[2 1],[0. 1.],0,1,[0.6 0.6],1.0,0.0,1.0
1599,1.0,1,800.0,0,1600,0,False,1.0,1,0.0,[2 1],[0. 1.],1,1,[0.6 0.6],1.0,0.0,1.0
1600,0.0,1,801.0,1,1601,1,False,0.0,0,2.0,[2 1],[0. 1.],1,1,[0.6 0.6],1.0,0.0,1.0
1601,1.0,1,801.0,0,1602,0,False,2.0,1,0.0,[1 2],[0. 1.],0,1,[0.6 0.6],1.0,0.0,1.0
1602,0.0,1,802.0,1,1603,1,False,0.0,0,1.0,[1 2],[0. 1.],0,1,[0.6 0.6],1.0,0.0,1.0
1603,0.0,1,802.0,0,1604,0,False,1.0,1,0.0,[2 2],[0. 1.],0,1,[0.6 0.6],1.0,0.0,1.0
1604,0.0,1,803.0,1,1605,1,False,0.0,0,1.0,[2 2],[0. 1.],0,1,[0.6 0.6],1.0,0.0,1.0
1605,1.0,1,803.0,0,1606,0,False,1.0,1,0.0,[2 1],[0. 1.],0,1,[0.6 0.6],1.0,0.0,1.0
1606,0.0,1,804.0,1,1607,1,False,0.0,0,1.0,[2 1],[0. 1.],0,1,[0.6 0.6],1.0,0.0,1.0
1607,1.0,1,804.0,0,1608,0,False,1.0,1,0.0,[1 2],[0. 1.],0,1,[0.6 0.6],1.0,0.0,1.0
1608,0.0,1,805.0,1,1609,1,False,0.0,0,1.0,[1 2],[0. 1.],0,1,[0.6 0.6],1.0,0.0,1.0
1609,0.0,1,805.0,0,1610,0,False,1.0,1,0.0,[2 1],[0. 1.],1,1,[0.6 0.6],1.0,0.0,1.0
1610,0.0,1,806.0,1,1611,1,False,0.0,0,2.0,[2 1],[0. 1.],1,1,[0.6 0.6],1.0,0.0,1.0
1611,1.0,1,806.0,0,1612,0,False,2.0,1,0.0,[1 1],[0. 1.],0,1,[0.6 0.6],1.0,0.0,1.0
1612,0.0,1,807.0,1,1613,1,False,0.0,0,1.0,[1 1],[0. 1.],0,1,[0.6 0.6],1.0,0.0,1.0
1613,0.0,1,807.0,0,1614,0,False,1.0,1,0.0,[2 1],[0. 1.],0,1,[0.6 0.6],1.0,0.0,1.0
1614,0.0,1,808.0,1,1615,1,False,0.0,0,1.0,[2 1],[0. 1.],0,1,[0.6 0.6],1.0,0.0,1.0
1615,1.0,1,808.0,0,1616,0,False,1.0,1,0.0,[1 1],[0. 1.],1,1,[0.6 0.6],1.0,0.0,1.0
1616,0.0,1,809.0,1,1617,1,False,0.0,0,2.0,[1 1],[0. 1.],1,1,[0.6 0.6],1.0,0.0,1.0
1617,0.0,1,809.0,0,1618,0,False,2.0,1,0.0,[2 2],[0. 1.],1,1,[0.6 0.6],1.0,0.0,1.0
1618,0.0,1,810.0,1,1619,1,False,0.0,0,2.0,[2 2],[0. 1.],1,1,[0.6 0.6],1.0,0.0,1.0
1619,1.0,1,810.0,0,1620,0,False,2.0,1,0.0,[1 1],[0. 1.],1,1,[0.6 0.6],1.0,0.0,1.0
1620,0.0,1,811.0,1,1621,1,False,0.0,0,2.0,[1 1],[0. 1.],1,1,[0.6 0.6],1.0,0.0,1.0
1621,0.0,1,811.0,0,1622,0,False,2.0,1,0.0,[2 1],[0. 1.],1,1,[0.6 0.6],1.0,0.0,1.0
1622,0.0,1,812.0,1,1623,1,False,0.0,0,2.0,[2 1],[0. 1.],1,1,[0.6 0.6],1.0,0.0,1.0
1623,1.0,1,812.0,0,1624,0,False,2.0,1,0.0,[2 1],[0. 1.],1,1,[0.6 0.6],1.0,0.0,1.0
1624,0.0,1,813.0,1,1625,1,False,0.0,0,2.0,[2 1],[0. 1.],1,1,[0.6 0.6],1.0,0.0,1.0
1625,1.0,1,813.0,0,1626,0,False,2.0,1,0.0,[2 1],[0. 1.],0,1,[0.6 0.6],1.0,0.0,1.0
1626,0.0,1,814.0,1,1627,1,False,0.0,0,1.0,[2 1],[0. 1.],0,1,[0.6 0.6],1.0,0.0,1.0
1627,1.0,1,814.0,0,1628,0,False,1.0,1,0.0,[2 1],[0. 1.],0,1,[0.6 0.6],1.0,0.0,1.0
1628,0.0,1,815.0,1,1629,1,False,0.0,0,1.0,[2 1],[0. 1.],0,1,[0.6 0.6],1.0,0.0,1.0
1629,1.0,1,815.0,0,1630,0,False,1.0,1,0.0,[1 1],[0. 1.],1,1,[0.6 0.6],1.0,0.0,1.0
1630,0.0,1,816.0,1,1631,1,False,0.0,0,2.0,[1 1],[0. 1.],1,1,[0.6 0.6],1.0,0.0,1.0
1631,0.0,1,816.0,0,1632,0,False,2.0,1,0.0,[2 2],[0. 1.],1,1,[0.6 0.6],1.0,0.0,1.0
1632,0.0,1,817.0,1,1633,1,False,0.0,0,2.0,[2 2],[0. 1.],1,1,[0.6 0.6],1.0,0.0,1.0
1633,1.0,1,817.0,0,1634,0,False,2.0,1,0.0,[2 1],[0. 1.],0,1,[0.6 0.6],1.0,0.0,1.0
1634,0.0,1,818.0,1,1635,1,False,0.0,0,1.0,[2 1],[0. 1.],0,1,[0.6 0.6],1.0,0.0,1.0
1635,1.0,1,818.0,0,1636,0,False,1.0,1,0.0,[1 1],[0. 1.],0,1,[0.6 0.6],1.0,0.0,1.0
1636,0.0,1,819.0,1,1637,1,False,0.0,0,1.0,[1 1],[0. 1.],0,1,[0.6 0.6],1.0,0.0,1.0
1637,0.0,1,819.0,0,1638,0,False,1.0,1,0.0,[2 1],[0. 1.],1,1,[0.6 0.6],1.0,0.0,1.0
1638,0.0,1,820.0,1,1639,1,False,0.0,0,2.0,[2 1],[0. 1.],1,1,[0.6 0.6],1.0,0.0,1.0
1639,1.0,1,820.0,0,1640,0,False,2.0,1,0.0,[1 1],[0. 1.],0,1,[0.6 0.6],1.0,0.0,1.0
1640,0.0,1,821.0,1,1641,1,False,0.0,0,1.0,[1 1],[0. 1.],0,1,[0.6 0.6],1.0,0.0,1.0
1641,0.0,1,821.0,0,1642,0,False,1.0,1,0.0,[2 1],[0. 1.],1,1,[0.6 0.6],1.0,0.0,1.0
1642,0.0,1,822.0,1,1643,1,False,0.0,0,2.0,[2 1],[0. 1.],1,1,[0.6 0.6],1.0,0.0,1.0
1643,1.0,1,822.0,0,1644,0,False,2.0,1,0.0,[2 2],[0. 1.],0,1,[0.6 0.6],1.0,0.0,1.0
1644,0.0,1,823.0,1,1645,1,False,0.0,0,1.0,[2 2],[0. 1.],0,1,[0.6 0.6],1.0,0.0,1.0
1645,1.0,1,823.0,0,1646,0,False,1.0,1,0.0,[2 2],[0. 1.],1,1,[0.6 0.6],1.0,0.0,1.0
1646,0.0,1,824.0,1,1647,1,False,0.0,0,2.0,[2 2],[0. 1.],1,1,[0.6 0.6],1.0,0.0,1.0
1647,1.0,1,824.0,0,1648,0,False,2.0,1,0.0,[1 2],[0. 1.],0,1,[0.6 0.6],1.0,0.0,1.0
1648,0.0,1,825.0,1,1649,1,False,0.0,0,1.0,[1 2],[0. 1.],0,1,[0.6 0.6],1.0,0.0,1.0
1649,0.0,1,825.0,0,1650,0,False,1.0,1,0.0,[2 1],[0. 1.],0,1,[0.6 0.6],1.0,0.0,1.0
1650,0.0,1,826.0,1,1651,1,False,0.0,0,1.0,[2 1],[0. 1.],0,1,[0.6 0.6],1.0,0.0,1.0
1651,1.0,1,826.0,0,1652,0,False,1.0,1,0.0,[2 2],[0. 1.],0,1,[0.6 0.6],1.0,0.0,1.0
1652,0.0,1,827.0,1,1653,1,False,0.0,0,1.0,[2 2],[0. 1.],0,1,[0.6 0.6],1.0,0.0,1.0
1653,1.0,1,827.0,0,1654,0,False,1.0,1,0.0,[1 1],[1. 0.],1,0,[0.6 0.6],1.0,0.0,1.0
1654,0.0,1,828.0,1,1655,1,False,0.0,0,2.0,[1 1],[1. 0.],1,0,[0.6 0.6],1.0,0.0,1.0
1655,1.0,1,828.0,0,1656,0,False,2.0,1,0.0,[2 1],[1. 0.],1,0,[0.6 0.6],1.0,0.0,1.0
1656,0.0,1,829.0,1,1657,1,False,0.0,0,2.0,[2 1],[1. 0.],1,0,[0.6 0.6],1.0,0.0,1.0
1657,0.0,1,829.0,0,1658,0,False,2.0,1,0.0,[2 2],[1. 0.],1,0,[0.6 0.6],1.0,0.0,1.0
1658,0.0,1,830.0,1,1659,1,False,0.0,0,2.0,[2 2],[1. 0.],1,0,[0.6 0.6],1.0,0.0,1.0
1659,0.0,1,830.0,0,1660,0,False,2.0,1,0.0,[1 1],[1. 0.],0,0,[0.6 0.6],1.0,0.0,1.0
1660,0.0,1,831.0,2,1661,1,False,0.0,0,1.0,[1 1],[1. 0.],0,0,[0.6 0.6],1.0,0.0,1.0
1661,1.0,1,831.0,0,1662,0,False,1.0,1,0.0,[2 1],[1. 0.],1,0,[0.6 0.6],1.0,0.0,1.0
1662,0.0,1,832.0,2,1663,1,False,0.0,0,2.0,[2 1],[1. 0.],1,0,[0.6 0.6],1.0,0.0,1.0
1663,1.0,1,832.0,0,1664,0,False,2.0,1,0.0,[2 2],[1. 0.],1,0,[0.6 0.6],1.0,0.0,1.0
1664,0.0,1,833.0,2,1665,1,False,0.0,0,2.0,[2 2],[1. 0.],1,0,[0.6 0.6],1.0,0.0,1.0
1665,0.0,1,833.0,0,1666,0,False,2.0,1,0.0,[1 2],[1. 0.],1,0,[0.6 0.6],1.0,0.0,1.0
1666,0.0,1,834.0,2,1667,1,False,0.0,0,2.0,[1 2],[1. 0.],1,0,[0.6 0.6],1.0,0.0,1.0
1667,0.0,1,834.0,0,1668,0,False,2.0,1,0.0,[1 1],[1. 0.],0,0,[0.6 0.6],1.0,0.0,1.0
1668,0.0,1,835.0,1,1669,1,False,0.0,0,1.0,[1 1],[1. 0.],0,0,[0.6 0.6],1.0,0.0,1.0
1669,1.0,1,835.0,0,1670,0,False,1.0,1,0.0,[1 1],[1. 0.],0,0,[0.6 0.6],1.0,0.0,1.0
1670,0.0,1,836.0,1,1671,1,False,0.0,0,1.0,[1 1],[1. 0.],0,0,[0.6 0.6],1.0,0.0,1.0
1671,1.0,1,836.0,0,1672,0,False,1.0,1,0.0,[2 2],[1. 0.],0,0,[0.6 0.6],1.0,0.0,1.0
1672,0.0,1,837.0,1,1673,1,False,0.0,0,1.0,[2 2],[1. 0.],0,0,[0.6 0.6],1.0,0.0,1.0
1673,0.0,1,837.0,0,1674,0,False,1.0,1,0.0,[2 1],[1. 0.],1,0,[0.6 0.6],1.0,0.0,1.0
1674,0.0,1,838.0,1,1675,1,False,0.0,0,2.0,[2 1],[1. 0.],1,0,[0.6 0.6],1.0,0.0,1.0
1675,0.0,1,838.0,0,1676,0,False,2.0,1,0.0,[1 1],[1. 0.],0,0,[0.6 0.6],1.0,0.0,1.0
1676,0.0,1,839.0,1,1677,1,False,0.0,0,1.0,[1 1],[1. 0.],0,0,[0.6 0.6],1.0,0.0,1.0
1677,1.0,1,839.0,0,1678,0,False,1.0,1,0.0,[1 1],[1. 0.],1,0,[0.6 0.6],1.0,0.0,1.0
1678,0.0,1,840.0,1,1679,1,False,0.0,0,2.0,[1 1],[1. 0.],1,0,[0.6 0.6],1.0,0.0,1.0
1679,1.0,1,840.0,0,1680,0,False,2.0,1,0.0,[2 1],[1. 0.],0,0,[0.6 0.6],1.0,0.0,1.0
1680,0.0,1,841.0,1,1681,1,False,0.0,0,1.0,[2 1],[1. 0.],0,0,[0.6 0.6],1.0,0.0,1.0
1681,0.0,1,841.0,0,1682,0,False,1.0,1,0.0,[2 2],[1. 0.],1,0,[0.6 0.6],1.0,0.0,1.0
1682,0.0,1,842.0,1,1683,1,False,0.0,0,2.0,[2 2],[1. 0.],1,0,[0.6 0.6],1.0,0.0,1.0
1683,0.0,1,842.0,0,1684,0,False,2.0,1,0.0,[2 2],[1. 0.],0,0,[0.6 0.6],1.0,0.0,1.0
1684,0.0,1,843.0,1,1685,1,False,0.0,0,1.0,[2 2],[1. 0.],0,0,[0.6 0.6],1.0,0.0,1.0
1685,0.0,1,843.0,0,1686,0,False,1.0,1,0.0,[1 2],[1. 0.],0,0,[0.6 0.6],1.0,0.0,1.0
1686,0.0,1,844.0,1,1687,1,False,0.0,0,1.0,[1 2],[1. 0.],0,0,[0.6 0.6],1.0,0.0,1.0
1687,1.0,1,844.0,0,1688,0,False,1.0,1,0.0,[1 2],[1. 0.],1,0,[0.6 0.6],1.0,0.0,1.0
1688,0.0,1,845.0,1,1689,1,False,0.0,0,2.0,[1 2],[1. 0.],1,0,[0.6 0.6],1.0,0.0,1.0
1689,1.0,1,845.0,0,1690,0,False,2.0,1,0.0,[1 1],[1. 0.],0,0,[0.6 0.6],1.0,0.0,1.0
1690,0.0,1,846.0,1,1691,1,False,0.0,0,1.0,[1 1],[1. 0.],0,0,[0.6 0.6],1.0,0.0,1.0
1691,1.0,1,846.0,0,1692,0,False,1.0,1,0.0,[1 2],[1. 0.],0,0,[0.6 0.6],1.0,0.0,1.0
1692,0.0,1,847.0,1,1693,1,False,0.0,0,1.0,[1 2],[1. 0.],0,0,[0.6 0.6],1.0,0.0,1.0
1693,1.0,1,847.0,0,1694,0,False,1.0,1,0.0,[2 1],[1. 0.],1,0,[0.6 0.6],1.0,0.0,1.0
1694,0.0,1,848.0,1,1695,1,False,0.0,0,2.0,[2 1],[1. 0.],1,0,[0.6 0.6],1.0,0.0,1.0
1695,0.0,1,848.0,0,1696,0,False,2.0,1,0.0,[2 2],[1. 0.],0,0,[0.6 0.6],1.0,0.0,1.0
1696,0.0,1,849.0,1,1697,1,False,0.0,0,1.0,[2 2],[1. 0.],0,0,[0.6 0.6],1.0,0.0,1.0
1697,0.0,1,849.0,0,1698,0,False,1.0,1,0.0,[2 2],[0. 1.],1,1,[0.6 0.6],1.0,0.0,1.0
1698,0.0,1,850.0,1,1699,1,False,0.0,0,2.0,[2 2],[0. 1.],1,1,[0.6 0.6],1.0,0.0,1.0
1699,1.0,1,850.0,0,1700,0,False,2.0,1,0.0,[1 2],[0. 1.],1,1,[0.6 0.6],1.0,0.0,1.0
1700,0.0,1,851.0,1,1701,1,False,0.0,0,2.0,[1 2],[0. 1.],1,1,[0.6 0.6],1.0,0.0,1.0
1701,0.0,1,851.0,0,1702,0,False,2.0,1,0.0,[1 1],[0. 1.],0,1,[0.6 0.6],1.0,0.0,1.0
1702,0.0,1,852.0,1,1703,1,False,0.0,0,1.0,[1 1],[0. 1.],0,1,[0.6 0.6],1.0,0.0,1.0
1703,0.0,1,852.0,0,1704,0,False,1.0,1,0.0,[1 2],[0. 1.],1,1,[0.6 0.6],1.0,0.0,1.0
1704,0.0,1,853.0,1,1705,1,False,0.0,0,2.0,[1 2],[0. 1.],1,1,[0.6 0.6],1.0,0.0,1.0
1705,0.0,1,853.0,0,1706,0,False,2.0,1,0.0,[1 2],[0. 1.],0,1,[0.6 0.6],1.0,0.0,1.0
1706,0.0,1,854.0,2,1707,1,False,0.0,0,1.0,[1 2],[0. 1.],0,1,[0.6 0.6],1.0,0.0,1.0
1707,1.0,1,854.0,0,1708,0,False,1.0,1,0.0,[1 2],[0. 1.],1,1,[0.6 0.6],1.0,0.0,1.0
1708,0.0,1,855.0,2,1709,1,False,0.0,0,2.0,[1 2],[0. 1.],1,1,[0.6 0.6],1.0,0.0,1.0
1709,1.0,1,855.0,0,1710,0,False,2.0,1,0.0,[2 2],[0. 1.],0,1,[0.6 0.6],1.0,0.0,1.0
1710,0.0,1,856.0,2,1711,1,False,0.0,0,1.0,[2 2],[0. 1.],0,1,[0.6 0.6],1.0,0.0,1.0
1711,1.0,1,856.0,0,1712,0,False,1.0,1,0.0,[1 2],[0. 1.],1,1,[0.6 0.6],1.0,0.0,1.0
1712,0.0,1,857.0,2,1713,1,False,0.0,0,2.0,[1 2],[0. 1.],1,1,[0.6 0.6],1.0,0.0,1.0
1713,1.0,1,857.0,0,1714,0,False,2.0,1,0.0,[2 2],[0. 1.],1,1,[0.6 0.6],1.0,0.0,1.0
1714,0.0,1,858.0,2,1715,1,False,0.0,0,2.0,[2 2],[0. 1.],1,1,[0.6 0.6],1.0,0.0,1.0
1715,1.0,1,858.0,0,1716,0,False,2.0,1,0.0,[2 2],[0. 1.],1,1,[0.6 0.6],1.0,0.0,1.0
1716,0.0,1,859.0,2,1717,1,False,0.0,0,2.0,[2 2],[0. 1.],1,1,[0.6 0.6],1.0,0.0,1.0
1717,1.0,1,859.0,0,1718,0,False,2.0,1,0.0,[1 1],[0. 1.],1,1,[0.6 0.6],1.0,0.0,1.0
1718,0.0,1,860.0,2,1719,1,False,0.0,0,2.0,[1 1],[0. 1.],1,1,[0.6 0.6],1.0,0.0,1.0
1719,0.0,1,860.0,0,1720,0,False,2.0,1,0.0,[1 2],[0. 1.],1,1,[0.6 0.6],1.0,0.0,1.0
1720,0.0,1,861.0,2,1721,1,False,0.0,0,2.0,[1 2],[0. 1.],1,1,[0.6 0.6],1.0,0.0,1.0
1721,1.0,1,861.0,0,1722,0,False,2.0,1,0.0,[1 2],[0. 1.],1,1,[0.6 0.6],1.0,0.0,1.0
1722,0.0,1,862.0,2,1723,1,False,0.0,0,2.0,[1 2],[0. 1.],1,1,[0.6 0.6],1.0,0.0,1.0
1723,1.0,1,862.0,0,1724,0,False,2.0,1,0.0,[1 2],[0. 1.],1,1,[0.6 0.6],1.0,0.0,1.0
1724,0.0,1,863.0,2,1725,1,False,0.0,0,2.0,[1 2],[0. 1.],1,1,[0.6 0.6],1.0,0.0,1.0
1725,1.0,1,863.0,0,1726,0,False,2.0,1,0.0,[1 1],[0. 1.],1,1,[0.6 0.6],1.0,0.0,1.0
1726,0.0,1,864.0,2,1727,1,False,0.0,0,2.0,[1 1],[0. 1.],1,1,[0.6 0.6],1.0,0.0,1.0
1727,0.0,1,864.0,0,1728,0,False,2.0,1,0.0,[1 2],[0. 1.],1,1,[0.6 0.6],1.0,0.0,1.0
1728,0.0,1,865.0,2,1729,1,False,0.0,0,2.0,[1 2],[0. 1.],1,1,[0.6 0.6],1.0,0.0,1.0
1729,1.0,1,865.0,0,1730,0,False,2.0,1,0.0,[2 2],[0. 1.],1,1,[0.6 0.6],1.0,0.0,1.0
1730,0.0,1,866.0,2,1731,1,False,0.0,0,2.0,[2 2],[0. 1.],1,1,[0.6 0.6],1.0,0.0,1.0
1731,1.0,1,866.0,0,1732,0,False,2.0,1,0.0,[2 2],[0. 1.],1,1,[0.6 0.6],1.0,0.0,1.0
1732,0.0,1,867.0,2,1733,1,False,0.0,0,2.0,[2 2],[0. 1.],1,1,[0.6 0.6],1.0,0.0,1.0
1733,1.0,1,867.0,0,1734,0,False,2.0,1,0.0,[1 1],[0. 1.],0,1,[0.6 0.6],1.0,0.0,1.0
1734,0.0,1,868.0,2,1735,1,False,0.0,0,1.0,[1 1],[0. 1.],0,1,[0.6 0.6],1.0,0.0,1.0
1735,0.0,1,868.0,0,1736,0,False,1.0,1,0.0,[1 2],[0. 1.],0,1,[0.6 0.6],1.0,0.0,1.0
1736,0.0,1,869.0,2,1737,1,False,0.0,0,1.0,[1 2],[0. 1.],0,1,[0.6 0.6],1.0,0.0,1.0
1737,1.0,1,869.0,0,1738,0,False,1.0,1,0.0,[1 2],[0. 1.],1,1,[0.6 0.6],1.0,0.0,1.0
1738,0.0,1,870.0,2,1739,1,False,0.0,0,2.0,[1 2],[0. 1.],1,1,[0.6 0.6],1.0,0.0,1.0
1739,1.0,1,870.0,0,1740,0,False,2.0,1,0.0,[1 2],[0. 1.],1,1,[0.6 0.6],1.0,0.0,1.0
1740,0.0,1,871.0,2,1741,1,False,0.0,0,2.0,[1 2],[0. 1.],1,1,[0.6 0.6],1.0,0.0,1.0
1741,1.0,1,871.0,0,1742,0,False,2.0,1,0.0,[1 2],[0. 1.],1,1,[0.6 0.6],1.0,0.0,1.0
1742,0.0,1,872.0,2,1743,1,False,0.0,0,2.0,[1 2],[0. 1.],1,1,[0.6 0.6],1.0,0.0,1.0
1743,1.0,1,872.0,0,1744,0,False,2.0,1,0.0,[2 2],[0. 1.],0,1,[0.6 0.6],1.0,0.0,1.0
1744,0.0,1,873.0,2,1745,1,False,0.0,0,1.0,[2 2],[0. 1.],0,1,[0.6 0.6],1.0,0.0,1.0
1745,1.0,1,873.0,0,1746,0,False,1.0,1,0.0,[2 2],[0. 1.],0,1,[0.6 0.6],1.0,0.0,1.0
1746,0.0,1,874.0,2,1747,1,False,0.0,0,1.0,[2 2],[0. 1.],0,1,[0.6 0.6],1.0,0.0,1.0
1747,1.0,1,874.0,0,1748,0,False,1.0,1,0.0,[1 2],[0. 1.],1,1,[0.6 0.6],1.0,0.0,1.0
1748,0.0,1,875.0,2,1749,1,False,0.0,0,2.0,[1 2],[0. 1.],1,1,[0.6 0.6],1.0,0.0,1.0
1749,1.0,1,875.0,0,1750,0,False,2.0,1,0.0,[1 1],[0. 1.],0,1,[0.6 0.6],1.0,0.0,1.0
1750,0.0,1,876.0,2,1751,1,False,0.0,0,1.0,[1 1],[0. 1.],0,1,[0.6 0.6],1.0,0.0,1.0
1751,0.0,1,876.0,0,1752,0,False,1.0,1,0.0,[1 2],[0. 1.],1,1,[0.6 0.6],1.0,0.0,1.0
1752,0.0,1,877.0,2,1753,1,False,0.0,0,2.0,[1 2],[0. 1.],1,1,[0.6 0.6],1.0,0.0,1.0
1753,1.0,1,877.0,0,1754,0,False,2.0,1,0.0,[1 2],[0. 1.],1,1,[0.6 0.6],1.0,0.0,1.0
1754,0.0,1,878.0,2,1755,1,False,0.0,0,2.0,[1 2],[0. 1.],1,1,[0.6 0.6],1.0,0.0,1.0
1755,1.0,1,878.0,0,1756,0,False,2.0,1,0.0,[1 1],[0. 1.],1,1,[0.6 0.6],1.0,0.0,1.0
1756,0.0,1,879.0,2,1757,1,False,0.0,0,2.0,[1 1],[0. 1.],1,1,[0.6 0.6],1.0,0.0,1.0
1757,0.0,1,879.0,0,1758,0,False,2.0,1,0.0,[2 1],[0. 1.],0,1,[0.6 0.6],1.0,0.0,1.0
1758,0.0,1,880.0,2,1759,1,False,0.0,0,1.0,[2 1],[0. 1.],0,1,[0.6 0.6],1.0,0.0,1.0
1759,0.0,1,880.0,0,1760,0,False,1.0,1,0.0,[1 1],[0. 1.],1,1,[0.6 0.6],1.0,0.0,1.0
1760,0.0,1,881.0,2,1761,1,False,0.0,0,2.0,[1 1],[0. 1.],1,1,[0.6 0.6],1.0,0.0,1.0
1761,0.0,1,881.0,0,1762,0,False,2.0,1,0.0,[1 1],[0. 1.],0,1,[0.6 0.6],1.0,0.0,1.0
1762,0.0,1,882.0,2,1763,1,False,0.0,0,1.0,[1 1],[0. 1.],0,1,[0.6 0.6],1.0,0.0,1.0
1763,0.0,1,882.0,0,1764,0,False,1.0,1,0.0,[2 1],[0. 1.],0,1,[0.6 0.6],1.0,0.0,1.0
1764,0.0,1,883.0,1,1765,1,False,0.0,0,1.0,[2 1],[0. 1.],0,1,[0.6 0.6],1.0,0.0,1.0
1765,1.0,1,883.0,0,1766,0,False,1.0,1,0.0,[1 1],[0. 1.],1,1,[0.6 0.6],1.0,0.0,1.0
1766,0.0,1,884.0,1,1767,1,False,0.0,0,2.0,[1 1],[0. 1.],1,1,[0.6 0.6],1.0,0.0,1.0
1767,0.0,1,884.0,0,1768,0,False,2.0,1,0.0,[1 2],[0. 1.],0,1,[0.6 0.6],1.0,0.0,1.0
1768,0.0,1,885.0,1,1769,1,False,0.0,0,1.0,[1 2],[0. 1.],0,1,[0.6 0.6],1.0,0.0,1.0
1769,0.0,1,885.0,0,1770,0,False,1.0,1,0.0,[2 1],[0. 1.],1,1,[0.6 0.6],1.0,0.0,1.0
1770,0.0,1,886.0,2,1771,1,False,0.0,0,2.0,[2 1],[0. 1.],1,1,[0.6 0.6],1.0,0.0,1.0
1771,0.0,1,886.0,0,1772,0,False,2.0,1,0.0,[2 1],[0. 1.],1,1,[0.6 0.6],1.0,0.0,1.0
1772,0.0,1,887.0,2,1773,1,False,0.0,0,2.0,[2 1],[0. 1.],1,1,[0.6 0.6],1.0,0.0,1.0
1773,0.0,1,887.0,0,1774,0,False,2.0,1,0.0,[2 2],[0. 1.],1,1,[0.6 0.6],1.0,0.0,1.0
1774,0.0,1,888.0,1,1775,1,False,0.0,0,2.0,[2 2],[0. 1.],1,1,[0.6 0.6],1.0,0.0,1.0
1775,1.0,1,888.0,0,1776,0,False,2.0,1,0.0,[1 2],[0. 1.],1,1,[0.6 0.6],1.0,0.0,1.0
1776,0.0,1,889.0,1,1777,1,False,0.0,0,2.0,[1 2],[0. 1.],1,1,[0.6 0.6],1.0,0.0,1.0
1777,0.0,1,889.0,0,1778,0,False,2.0,1,0.0,[2 1],[0. 1.],0,1,[0.6 0.6],1.0,0.0,1.0
1778,0.0,1,890.0,1,1779,1,False,0.0,0,1.0,[2 1],[0. 1.],0,1,[0.6 0.6],1.0,0.0,1.0
1779,1.0,1,890.0,0,1780,0,False,1.0,1,0.0,[2 1],[0. 1.],1,1,[0.6 0.6],1.0,0.0,1.0
1780,0.0,1,891.0,1,1781,1,False,0.0,0,2.0,[2 1],[0. 1.],1,1,[0.6 0.6],1.0,0.0,1.0
1781,1.0,1,891.0,0,1782,0,False,2.0,1,0.0,[2 2],[0. 1.],0,1,[0.6 0.6],1.0,0.0,1.0
1782,0.0,1,892.0,1,1783,1,False,0.0,0,1.0,[2 2],[0. 1.],0,1,[0.6 0.6],1.0,0.0,1.0
1783,1.0,1,892.0,0,1784,0,False,1.0,1,0.0,[2 1],[0. 1.],0,1,[0.6 0.6],1.0,0.0,1.0
1784,0.0,1,893.0,1,1785,1,False,0.0,0,1.0,[2 1],[0. 1.],0,1,[0.6 0.6],1.0,0.0,1.0
1785,1.0,1,893.0,0,1786,0,False,1.0,1,0.0,[1 2],[0. 1.],1,1,[0.6 0.6],1.0,0.0,1.0
1786,0.0,1,894.0,1,1787,1,False,0.0,0,2.0,[1 2],[0. 1.],1,1,[0.6 0.6],1.0,0.0,1.0
1787,0.0,1,894.0,0,1788,0,False,2.0,1,0.0,[2 2],[0. 1.],1,1,[0.6 0.6],1.0,0.0,1.0
1788,0.0,1,895.0,1,1789,1,False,0.0,0,2.0,[2 2],[0. 1.],1,1,[0.6 0.6],1.0,0.0,1.0
1789,1.0,1,895.0,0,1790,0,False,2.0,1,0.0,[2 2],[0. 1.],1,1,[0.6 0.6],1.0,0.0,1.0
1790,0.0,1,896.0,1,1791,1,False,0.0,0,2.0,[2 2],[0. 1.],1,1,[0.6 0.6],1.0,0.0,1.0
1791,1.0,1,896.0,0,1792,0,False,2.0,1,0.0,[1 2],[0. 1.],0,1,[0.6 0.6],1.0,0.0,1.0
1792,0.0,1,897.0,1,1793,1,False,0.0,0,1.0,[1 2],[0. 1.],0,1,[0.6 0.6],1.0,0.0,1.0
1793,0.0,1,897.0,0,1794,0,False,1.0,1,0.0,[2 2],[0. 1.],0,1,[0.6 0.6],1.0,0.0,1.0
1794,0.0,1,898.0,1,1795,1,False,0.0,0,1.0,[2 2],[0. 1.],0,1,[0.6 0.6],1.0,0.0,1.0
1795,1.0,1,898.0,0,1796,0,False,1.0,1,0.0,[2 1],[0. 1.],1,1,[0.6 0.6],1.0,0.0,1.0
1796,0.0,1,899.0,1,1797,1,False,0.0,0,2.0,[2 1],[0. 1.],1,1,[0.6 0.6],1.0,0.0,1.0
1797,1.0,1,899.0,0,1798,0,False,2.0,1,0.0,[1 1],[0. 1.],1,1,[0.6 0.6],1.0,0.0,1.0
1798,0.0,1,900.0,1,1799,1,False,0.0,0,2.0,[1 1],[0. 1.],1,1,[0.6 0.6],1.0,0.0,1.0
1799,0.0,1,900.0,0,1800,0,False,2.0,1,0.0,[2 1],[0. 1.],1,1,[0.6 0.6],1.0,0.0,1.0
1800,0.0,1,901.0,1,1801,1,False,0.0,0,2.0,[2 1],[0. 1.],1,1,[0.6 0.6],1.0,0.0,1.0
1801,1.0,1,901.0,0,1802,0,False,2.0,1,0.0,[1 2],[0. 1.],1,1,[0.6 0.6],1.0,0.0,1.0
1802,0.0,1,902.0,1,1803,1,False,0.0,0,2.0,[1 2],[0. 1.],1,1,[0.6 0.6],1.0,0.0,1.0
1803,0.0,1,902.0,0,1804,0,False,2.0,1,0.0,[1 2],[0. 1.],1,1,[0.6 0.6],1.0,0.0,1.0
1804,0.0,1,903.0,1,1805,1,False,0.0,0,2.0,[1 2],[0. 1.],1,1,[0.6 0.6],1.0,0.0,1.0
1805,0.0,1,903.0,0,1806,0,False,2.0,1,0.0,[1 2],[0. 1.],0,1,[0.6 0.6],1.0,0.0,1.0
1806,0.0,1,904.0,1,1807,1,False,0.0,0,1.0,[1 2],[0. 1.],0,1,[0.6 0.6],1.0,0.0,1.0
1807,0.0,1,904.0,0,1808,0,False,1.0,1,0.0,[2 1],[0. 1.],0,1,[0.6 0.6],1.0,0.0,1.0
1808,0.0,1,905.0,2,1809,1,False,0.0,0,1.0,[2 1],[0. 1.],0,1,[0.6 0.6],1.0,0.0,1.0
1809,0.0,1,905.0,0,1810,0,False,1.0,1,0.0,[1 2],[0. 1.],0,1,[0.6 0.6],1.0,0.0,1.0
1810,0.0,1,906.0,1,1811,1,False,0.0,0,1.0,[1 2],[0. 1.],0,1,[0.6 0.6],1.0,0.0,1.0
1811,0.0,1,906.0,0,1812,0,False,1.0,1,0.0,[1 2],[0. 1.],1,1,[0.6 0.6],1.0,0.0,1.0
1812,0.0,1,907.0,2,1813,1,False,0.0,0,2.0,[1 2],[0. 1.],1,1,[0.6 0.6],1.0,0.0,1.0
1813,1.0,1,907.0,0,1814,0,False,2.0,1,0.0,[1 1],[0. 1.],1,1,[0.6 0.6],1.0,0.0,1.0
1814,0.0,1,908.0,2,1815,1,False,0.0,0,2.0,[1 1],[0. 1.],1,1,[0.6 0.6],1.0,0.0,1.0
1815,0.0,1,908.0,0,1816,0,False,2.0,1,0.0,[2 1],[0. 1.],0,1,[0.6 0.6],1.0,0.0,1.0
1816,0.0,1,909.0,2,1817,1,False,0.0,0,1.0,[2 1],[0. 1.],0,1,[0.6 0.6],1.0,0.0,1.0
1817,0.0,1,909.0,0,1818,0,False,1.0,1,0.0,[1 1],[0. 1.],1,1,[0.6 0.6],1.0,0.0,1.0
1818,0.0,1,910.0,1,1819,1,False,0.0,0,2.0,[1 1],[0. 1.],1,1,[0.6 0.6],1.0,0.0,1.0
1819,0.0,1,910.0,0,1820,0,False,2.0,1,0.0,[2 2],[0. 1.],1,1,[0.6 0.6],1.0,0.0,1.0
1820,0.0,1,911.0,2,1821,1,False,0.0,0,2.0,[2 2],[0. 1.],1,1,[0.6 0.6],1.0,0.0,1.0
1821,1.0,1,911.0,0,1822,0,False,2.0,1,0.0,[2 2],[0. 1.],1,1,[0.6 0.6],1.0,0.0,1.0
1822,0.0,1,912.0,2,1823,1,False,0.0,0,2.0,[2 2],[0. 1.],1,1,[0.6 0.6],1.0,0.0,1.0
1823,1.0,1,912.0,0,1824,0,False,2.0,1,0.0,[1 2],[0. 1.],0,1,[0.6 0.6],1.0,0.0,1.0
1824,0.0,1,913.0,2,1825,1,False,0.0,0,1.0,[1 2],[0. 1.],0,1,[0.6 0.6],1.0,0.0,1.0
1825,1.0,1,913.0,0,1826,0,False,1.0,1,0.0,[1 2],[0. 1.],1,1,[0.6 0.6],1.0,0.0,1.0
1826,0.0,1,914.0,2,1827,1,False,0.0,0,2.0,[1 2],[0. 1.],1,1,[0.6 0.6],1.0,0.0,1.0
1827,1.0,1,914.0,0,1828,0,False,2.0,1,0.0,[1 2],[0. 1.],1,1,[0.6 0.6],1.0,0.0,1.0
1828,0.0,1,915.0,2,1829,1,False,0.0,0,2.0,[1 2],[0. 1.],1,1,[0.6 0.6],1.0,0.0,1.0
1829,1.0,1,915.0,0,1830,0,False,2.0,1,0.0,[1 2],[0. 1.],0,1,[0.6 0.6],1.0,0.0,1.0
1830,0.0,1,916.0,2,1831,1,False,0.0,0,1.0,[1 2],[0. 1.],0,1,[0.6 0.6],1.0,0.0,1.0
1831,1.0,1,916.0,0,1832,0,False,1.0,1,0.0,[2 2],[0. 1.],1,1,[0.6 0.6],1.0,0.0,1.0
1832,0.0,1,917.0,2,1833,1,False,0.0,0,2.0,[2 2],[0. 1.],1,1,[0.6 0.6],1.0,0.0,1.0
1833,1.0,1,917.0,0,1834,0,False,2.0,1,0.0,[2 1],[0. 1.],0,1,[0.6 0.6],1.0,0.0,1.0
1834,0.0,1,918.0,2,1835,1,False,0.0,0,1.0,[2 1],[0. 1.],0,1,[0.6 0.6],1.0,0.0,1.0
1835,0.0,1,918.0,0,1836,0,False,1.0,1,0.0,[1 1],[0. 1.],1,1,[0.6 0.6],1.0,0.0,1.0
1836,0.0,1,919.0,2,1837,1,False,0.0,0,2.0,[1 1],[0. 1.],1,1,[0.6 0.6],1.0,0.0,1.0
1837,0.0,1,919.0,0,1838,0,False,2.0,1,0.0,[2 2],[0. 1.],0,1,[0.6 0.6],1.0,0.0,1.0
1838,0.0,1,920.0,2,1839,1,False,0.0,0,1.0,[2 2],[0. 1.],0,1,[0.6 0.6],1.0,0.0,1.0
1839,1.0,1,920.0,0,1840,0,False,1.0,1,0.0,[2 2],[0. 1.],0,1,[0.6 0.6],1.0,0.0,1.0
1840,0.0,1,921.0,2,1841,1,False,0.0,0,1.0,[2 2],[0. 1.],0,1,[0.6 0.6],1.0,0.0,1.0
1841,1.0,1,921.0,0,1842,0,False,1.0,1,0.0,[2 1],[0. 1.],0,1,[0.6 0.6],1.0,0.0,1.0
1842,0.0,1,922.0,2,1843,1,False,0.0,0,1.0,[2 1],[0. 1.],0,1,[0.6 0.6],1.0,0.0,1.0
1843,0.0,1,922.0,0,1844,0,False,1.0,1,0.0,[1 2],[0. 1.],0,1,[0.6 0.6],1.0,0.0,1.0
1844,0.0,1,923.0,2,1845,1,False,0.0,0,1.0,[1 2],[0. 1.],0,1,[0.6 0.6],1.0,0.0,1.0
1845,1.0,1,923.0,0,1846,0,False,1.0,1,0.0,[2 2],[0. 1.],0,1,[0.6 0.6],1.0,0.0,1.0
1846,0.0,1,924.0,2,1847,1,False,0.0,0,1.0,[2 2],[0. 1.],0,1,[0.6 0.6],1.0,0.0,1.0
1847,1.0,1,924.0,0,1848,0,False,1.0,1,0.0,[1 1],[0. 1.],1,1,[0.6 0.6],1.0,0.0,1.0
1848,0.0,1,925.0,2,1849,1,False,0.0,0,2.0,[1 1],[0. 1.],1,1,[0.6 0.6],1.0,0.0,1.0
1849,0.0,1,925.0,0,1850,0,False,2.0,1,0.0,[2 2],[0. 1.],0,1,[0.6 0.6],1.0,0.0,1.0
1850,0.0,1,926.0,2,1851,1,False,0.0,0,1.0,[2 2],[0. 1.],0,1,[0.6 0.6],1.0,0.0,1.0
1851,1.0,1,926.0,0,1852,0,False,1.0,1,0.0,[1 1],[0. 1.],0,1,[0.6 0.6],1.0,0.0,1.0
1852,0.0,1,927.0,2,1853,1,False,0.0,0,1.0,[1 1],[0. 1.],0,1,[0.6 0.6],1.0,0.0,1.0
1853,0.0,1,927.0,0,1854,0,False,1.0,1,0.0,[2 2],[0. 1.],0,1,[0.6 0.6],1.0,0.0,1.0
1854,0.0,1,928.0,2,1855,1,False,0.0,0,1.0,[2 2],[0. 1.],0,1,[0.6 0.6],1.0,0.0,1.0
1855,1.0,1,928.0,0,1856,0,False,1.0,1,0.0,[2 1],[0. 1.],1,1,[0.6 0.6],1.0,0.0,1.0
1856,0.0,1,929.0,2,1857,1,False,0.0,0,2.0,[2 1],[0. 1.],1,1,[0.6 0.6],1.0,0.0,1.0
1857,0.0,1,929.0,0,1858,0,False,2.0,1,0.0,[1 1],[0. 1.],0,1,[0.6 0.6],1.0,0.0,1.0
1858,0.0,1,930.0,2,1859,1,False,0.0,0,1.0,[1 1],[0. 1.],0,1,[0.6 0.6],1.0,0.0,1.0
1859,0.0,1,930.0,0,1860,0,False,1.0,1,0.0,[2 1],[0. 1.],0,1,[0.6 0.6],1.0,0.0,1.0
1860,0.0,1,931.0,2,1861,1,False,0.0,0,1.0,[2 1],[0. 1.],0,1,[0.6 0.6],1.0,0.0,1.0
1861,0.0,1,931.0,0,1862,0,False,1.0,1,0.0,[1 2],[0. 1.],0,1,[0.6 0.6],1.0,0.0,1.0
1862,0.0,1,932.0,2,1863,1,False,0.0,0,1.0,[1 2],[0. 1.],0,1,[0.6 0.6],1.0,0.0,1.0
1863,1.0,1,932.0,0,1864,0,False,1.0,1,0.0,[2 2],[0. 1.],0,1,[0.6 0.6],1.0,0.0,1.0
1864,0.0,1,933.0,2,1865,1,False,0.0,0,1.0,[2 2],[0. 1.],0,1,[0.6 0.6],1.0,0.0,1.0
1865,1.0,1,933.0,0,1866,0,False,1.0,1,0.0,[2 2],[0. 1.],1,1,[0.6 0.6],1.0,0.0,1.0
1866,0.0,1,934.0,2,1867,1,False,0.0,0,2.0,[2 2],[0. 1.],1,1,[0.6 0.6],1.0,0.0,1.0
1867,1.0,1,934.0,0,1868,0,False,2.0,1,0.0,[2 1],[0. 1.],1,1,[0.6 0.6],1.0,0.0,1.0
1868,0.0,1,935.0,2,1869,1,False,0.0,0,2.0,[2 1],[0. 1.],1,1,[0.6 0.6],1.0,0.0,1.0
1869,0.0,1,935.0,0,1870,0,False,2.0,1,0.0,[1 1],[0. 1.],0,1,[0.6 0.6],1.0,0.0,1.0
1870,0.0,1,936.0,2,1871,1,False,0.0,0,1.0,[1 1],[0. 1.],0,1,[0.6 0.6],1.0,0.0,1.0
1871,0.0,1,936.0,0,1872,0,False,1.0,1,0.0,[1 1],[0. 1.],1,1,[0.6 0.6],1.0,0.0,1.0
1872,0.0,1,937.0,2,1873,1,False,0.0,0,2.0,[1 1],[0. 1.],1,1,[0.6 0.6],1.0,0.0,1.0
1873,0.0,1,937.0,0,1874,0,False,2.0,1,0.0,[2 1],[0. 1.],1,1,[0.6 0.6],1.0,0.0,1.0
1874,0.0,1,938.0,1,1875,1,False,0.0,0,2.0,[2 1],[0. 1.],1,1,[0.6 0.6],1.0,0.0,1.0
1875,1.0,1,938.0,0,1876,0,False,2.0,1,0.0,[2 2],[1. 0.],0,0,[0.6 0.6],1.0,0.0,1.0
1876,0.0,1,939.0,1,1877,1,False,0.0,0,1.0,[2 2],[1. 0.],0,0,[0.6 0.6],1.0,0.0,1.0
1877,0.0,1,939.0,0,1878,0,False,1.0,1,0.0,[2 1],[1. 0.],0,0,[0.6 0.6],1.0,0.0,1.0
1878,0.0,1,940.0,1,1879,1,False,0.0,0,1.0,[2 1],[1. 0.],0,0,[0.6 0.6],1.0,0.0,1.0
1879,0.0,1,940.0,0,1880,0,False,1.0,1,0.0,[1 2],[1. 0.],0,0,[0.6 0.6],1.0,0.0,1.0
1880,0.0,1,941.0,2,1881,1,False,0.0,0,1.0,[1 2],[1. 0.],0,0,[0.6 0.6],1.0,0.0,1.0
1881,0.0,1,941.0,0,1882,0,False,1.0,1,0.0,[2 1],[1. 0.],0,0,[0.6 0.6],1.0,0.0,1.0
1882,0.0,1,942.0,1,1883,1,False,0.0,0,1.0,[2 1],[1. 0.],0,0,[0.6 0.6],1.0,0.0,1.0
1883,0.0,1,942.0,0,1884,0,False,1.0,1,0.0,[1 1],[1. 0.],0,0,[0.6 0.6],1.0,0.0,1.0
1884,0.0,1,943.0,2,1885,1,False,0.0,0,1.0,[1 1],[1. 0.],0,0,[0.6 0.6],1.0,0.0,1.0
1885,1.0,1,943.0,0,1886,0,False,1.0,1,0.0,[1 2],[1. 0.],0,0,[0.6 0.6],1.0,0.0,1.0
1886,0.0,1,944.0,2,1887,1,False,0.0,0,1.0,[1 2],[1. 0.],0,0,[0.6 0.6],1.0,0.0,1.0
1887,0.0,1,944.0,0,1888,0,False,1.0,1,0.0,[2 1],[1. 0.],1,0,[0.6 0.6],1.0,0.0,1.0
1888,0.0,1,945.0,2,1889,1,False,0.0,0,2.0,[2 1],[1. 0.],1,0,[0.6 0.6],1.0,0.0,1.0
1889,1.0,1,945.0,0,1890,0,False,2.0,1,0.0,[2 2],[0. 1.],1,1,[0.6 0.6],1.0,0.0,1.0
1890,0.0,1,946.0,2,1891,1,False,0.0,0,2.0,[2 2],[0. 1.],1,1,[0.6 0.6],1.0,0.0,1.0
1891,1.0,1,946.0,0,1892,0,False,2.0,1,0.0,[1 1],[0. 1.],1,1,[0.6 0.6],1.0,0.0,1.0
1892,0.0,1,947.0,2,1893,1,False,0.0,0,2.0,[1 1],[0. 1.],1,1,[0.6 0.6],1.0,0.0,1.0
1893,0.0,1,947.0,0,1894,0,False,2.0,1,0.0,[1 2],[0. 1.],1,1,[0.6 0.6],1.0,0.0,1.0
1894,0.0,1,948.0,2,1895,1,False,0.0,0,2.0,[1 2],[0. 1.],1,1,[0.6 0.6],1.0,0.0,1.0
1895,1.0,1,948.0,0,1896,0,False,2.0,1,0.0,[1 1],[0. 1.],1,1,[0.6 0.6],1.0,0.0,1.0
1896,0.0,1,949.0,2,1897,1,False,0.0,0,2.0,[1 1],[0. 1.],1,1,[0.6 0.6],1.0,0.0,1.0
1897,0.0,1,949.0,0,1898,0,False,2.0,1,0.0,[1 1],[0. 1.],0,1,[0.6 0.6],1.0,0.0,1.0
1898,0.0,1,950.0,2,1899,1,False,0.0,0,1.0,[1 1],[0. 1.],0,1,[0.6 0.6],1.0,0.0,1.0
1899,0.0,1,950.0,0,1900,0,False,1.0,1,0.0,[2 2],[0. 1.],0,1,[0.6 0.6],1.0,0.0,1.0
1900,0.0,1,951.0,2,1901,1,False,0.0,0,1.0,[2 2],[0. 1.],0,1,[0.6 0.6],1.0,0.0,1.0
1901,1.0,1,951.0,0,1902,0,False,1.0,1,0.0,[2 1],[0. 1.],1,1,[0.6 0.6],1.0,0.0,1.0
1902,0.0,1,952.0,2,1903,1,False,0.0,0,2.0,[2 1],[0. 1.],1,1,[0.6 0.6],1.0,0.0,1.0
1903,0.0,1,952.0,0,1904,0,False,2.0,1,0.0,[1 2],[0. 1.],0,1,[0.6 0.6],1.0,0.0,1.0
1904,0.0,1,953.0,2,1905,1,False,0.0,0,1.0,[1 2],[0. 1.],0,1,[0.6 0.6],1.0,0.0,1.0
1905,1.0,1,953.0,0,1906,0,False,1.0,1,0.0,[1 1],[0. 1.],1,1,[0.6 0.6],1.0,0.0,1.0
1906,0.0,1,954.0,2,1907,1,False,0.0,0,2.0,[1 1],[0. 1.],1,1,[0.6 0.6],1.0,0.0,1.0
1907,0.0,1,954.0,0,1908,0,False,2.0,1,0.0,[1 1],[0. 1.],1,1,[0.6 0.6],1.0,0.0,1.0
1908,0.0,1,955.0,2,1909,1,False,0.0,0,2.0,[1 1],[0. 1.],1,1,[0.6 0.6],1.0,0.0,1.0
1909,0.0,1,955.0,0,1910,0,False,2.0,1,0.0,[2 2],[0. 1.],0,1,[0.6 0.6],1.0,0.0,1.0
1910,0.0,1,956.0,1,1911,1,False,0.0,0,1.0,[2 2],[0. 1.],0,1,[0.6 0.6],1.0,0.0,1.0
1911,1.0,1,956.0,0,1912,0,False,1.0,1,0.0,[2 2],[0. 1.],1,1,[0.6 0.6],1.0,0.0,1.0
1912,0.0,1,957.0,1,1913,1,False,0.0,0,2.0,[2 2],[0. 1.],1,1,[0.6 0.6],1.0,0.0,1.0
1913,1.0,1,957.0,0,1914,0,False,2.0,1,0.0,[1 2],[0. 1.],0,1,[0.6 0.6],1.0,0.0,1.0
1914,0.0,1,958.0,1,1915,1,False,0.0,0,1.0,[1 2],[0. 1.],0,1,[0.6 0.6],1.0,0.0,1.0
1915,0.0,1,958.0,0,1916,0,False,1.0,1,0.0,[2 2],[0. 1.],0,1,[0.6 0.6],1.0,0.0,1.0
1916,0.0,1,959.0,1,1917,1,False,0.0,0,1.0,[2 2],[0. 1.],0,1,[0.6 0.6],1.0,0.0,1.0
1917,1.0,1,959.0,0,1918,0,False,1.0,1,0.0,[1 2],[0. 1.],1,1,[0.6 0.6],1.0,0.0,1.0
1918,0.0,1,960.0,1,1919,1,False,0.0,0,2.0,[1 2],[0. 1.],1,1,[0.6 0.6],1.0,0.0,1.0
1919,0.0,1,960.0,0,1920,0,False,2.0,1,0.0,[1 1],[0. 1.],0,1,[0.6 0.6],1.0,0.0,1.0
1920,0.0,1,961.0,1,1921,1,False,0.0,0,1.0,[1 1],[0. 1.],0,1,[0.6 0.6],1.0,0.0,1.0
1921,0.0,1,961.0,0,1922,0,False,1.0,1,0.0,[1 2],[0. 1.],1,1,[0.6 0.6],1.0,0.0,1.0
1922,0.0,1,962.0,1,1923,1,False,0.0,0,2.0,[1 2],[0. 1.],1,1,[0.6 0.6],1.0,0.0,1.0
1923,0.0,1,962.0,0,1924,0,False,2.0,1,0.0,[1 2],[0. 1.],1,1,[0.6 0.6],1.0,0.0,1.0
1924,0.0,1,963.0,2,1925,1,False,0.0,0,2.0,[1 2],[0. 1.],1,1,[0.6 0.6],1.0,0.0,1.0
1925,1.0,1,963.0,0,1926,0,False,2.0,1,0.0,[2 1],[0. 1.],0,1,[0.6 0.6],1.0,0.0,1.0
1926,0.0,1,964.0,2,1927,1,False,0.0,0,1.0,[2 1],[0. 1.],0,1,[0.6 0.6],1.0,0.0,1.0
1927,0.0,1,964.0,0,1928,0,False,1.0,1,0.0,[2 1],[0. 1.],0,1,[0.6 0.6],1.0,0.0,1.0
1928,0.0,1,965.0,2,1929,1,False,0.0,0,1.0,[2 1],[0. 1.],0,1,[0.6 0.6],1.0,0.0,1.0
1929,0.0,1,965.0,0,1930,0,False,1.0,1,0.0,[1 1],[0. 1.],1,1,[0.6 0.6],1.0,0.0,1.0
1930,0.0,1,966.0,1,1931,1,False,0.0,0,2.0,[1 1],[0. 1.],1,1,[0.6 0.6],1.0,0.0,1.0
1931,0.0,1,966.0,0,1932,0,False,2.0,1,0.0,[2 1],[0. 1.],1,1,[0.6 0.6],1.0,0.0,1.0
1932,0.0,1,967.0,2,1933,1,False,0.0,0,2.0,[2 1],[0. 1.],1,1,[0.6 0.6],1.0,0.0,1.0
1933,0.0,1,967.0,0,1934,0,False,2.0,1,0.0,[2 2],[0. 1.],1,1,[0.6 0.6],1.0,0.0,1.0
1934,0.0,1,968.0,1,1935,1,False,0.0,0,2.0,[2 2],[0. 1.],1,1,[0.6 0.6],1.0,0.0,1.0
1935,1.0,1,968.0,0,1936,0,False,2.0,1,0.0,[2 2],[0. 1.],0,1,[0.6 0.6],1.0,0.0,1.0
1936,0.0,1,969.0,1,1937,1,False,0.0,0,1.0,[2 2],[0. 1.],0,1,[0.6 0.6],1.0,0.0,1.0
1937,1.0,1,969.0,0,1938,0,False,1.0,1,0.0,[1 2],[0. 1.],1,1,[0.6 0.6],1.0,0.0,1.0
1938,0.0,1,970.0,1,1939,1,False,0.0,0,2.0,[1 2],[0. 1.],1,1,[0.6 0.6],1.0,0.0,1.0
1939,0.0,1,970.0,0,1940,0,False,2.0,1,0.0,[1 1],[0. 1.],0,1,[0.6 0.6],1.0,0.0,1.0
1940,0.0,1,971.0,1,1941,1,False,0.0,0,1.0,[1 1],[0. 1.],0,1,[0.6 0.6],1.0,0.0,1.0
1941,0.0,1,971.0,0,1942,0,False,1.0,1,0.0,[2 2],[0. 1.],1,1,[0.6 0.6],1.0,0.0,1.0
1942,0.0,1,972.0,1,1943,1,False,0.0,0,2.0,[2 2],[0. 1.],1,1,[0.6 0.6],1.0,0.0,1.0
1943,1.0,1,972.0,0,1944,0,False,2.0,1,0.0,[2 1],[0. 1.],0,1,[0.6 0.6],1.0,0.0,1.0
1944,0.0,1,973.0,1,1945,1,False,0.0,0,1.0,[2 1],[0. 1.],0,1,[0.6 0.6],1.0,0.0,1.0
1945,1.0,1,973.0,0,1946,0,False,1.0,1,0.0,[2 1],[0. 1.],1,1,[0.6 0.6],1.0,0.0,1.0
1946,0.0,1,974.0,1,1947,1,False,0.0,0,2.0,[2 1],[0. 1.],1,1,[0.6 0.6],1.0,0.0,1.0
1947,1.0,1,974.0,0,1948,0,False,2.0,1,0.0,[2 1],[0. 1.],0,1,[0.6 0.6],1.0,0.0,1.0
1948,0.0,1,975.0,1,1949,1,False,0.0,0,1.0,[2 1],[0. 1.],0,1,[0.6 0.6],1.0,0.0,1.0
1949,1.0,1,975.0,0,1950,0,False,1.0,1,0.0,[1 2],[0. 1.],1,1,[0.6 0.6],1.0,0.0,1.0
1950,0.0,1,976.0,1,1951,1,False,0.0,0,2.0,[1 2],[0. 1.],1,1,[0.6 0.6],1.0,0.0,1.0
1951,0.0,1,976.0,0,1952,0,False,2.0,1,0.0,[1 2],[0. 1.],0,1,[0.6 0.6],1.0,0.0,1.0
1952,0.0,1,977.0,1,1953,1,False,0.0,0,1.0,[1 2],[0. 1.],0,1,[0.6 0.6],1.0,0.0,1.0
1953,0.0,1,977.0,0,1954,0,False,1.0,1,0.0,[2 2],[0. 1.],1,1,[0.6 0.6],1.0,0.0,1.0
1954,0.0,1,978.0,1,1955,1,False,0.0,0,2.0,[2 2],[0. 1.],1,1,[0.6 0.6],1.0,0.0,1.0
1955,1.0,1,978.0,0,1956,0,False,2.0,1,0.0,[1 2],[0. 1.],0,1,[0.6 0.6],1.0,0.0,1.0
1956,0.0,1,979.0,1,1957,1,False,0.0,0,1.0,[1 2],[0. 1.],0,1,[0.6 0.6],1.0,0.0,1.0
1957,0.0,1,979.0,0,1958,0,False,1.0,1,0.0,[2 2],[0. 1.],1,1,[0.6 0.6],1.0,0.0,1.0
1958,0.0,1,980.0,1,1959,1,False,0.0,0,2.0,[2 2],[0. 1.],1,1,[0.6 0.6],1.0,0.0,1.0
1959,1.0,1,980.0,0,1960,0,False,2.0,1,0.0,[1 2],[0. 1.],1,1,[0.6 0.6],1.0,0.0,1.0
1960,0.0,1,981.0,1,1961,1,False,0.0,0,2.0,[1 2],[0. 1.],1,1,[0.6 0.6],1.0,0.0,1.0
1961,0.0,1,981.0,0,1962,0,False,2.0,1,0.0,[2 1],[0. 1.],0,1,[0.6 0.6],1.0,0.0,1.0
1962,0.0,1,982.0,1,1963,1,False,0.0,0,1.0,[2 1],[0. 1.],0,1,[0.6 0.6],1.0,0.0,1.0
1963,1.0,1,982.0,0,1964,0,False,1.0,1,0.0,[1 2],[0. 1.],0,1,[0.6 0.6],1.0,0.0,1.0
1964,0.0,1,983.0,1,1965,1,False,0.0,0,1.0,[1 2],[0. 1.],0,1,[0.6 0.6],1.0,0.0,1.0
1965,0.0,1,983.0,0,1966,0,False,1.0,1,0.0,[1 2],[0. 1.],1,1,[0.6 0.6],1.0,0.0,1.0
1966,0.0,1,984.0,1,1967,1,False,0.0,0,2.0,[1 2],[0. 1.],1,1,[0.6 0.6],1.0,0.0,1.0
1967,0.0,1,984.0,0,1968,0,False,2.0,1,0.0,[2 1],[0. 1.],0,1,[0.6 0.6],1.0,0.0,1.0
1968,0.0,1,985.0,1,1969,1,False,0.0,0,1.0,[2 1],[0. 1.],0,1,[0.6 0.6],1.0,0.0,1.0
1969,1.0,1,985.0,0,1970,0,False,1.0,1,0.0,[2 1],[0. 1.],1,1,[0.6 0.6],1.0,0.0,1.0
1970,0.0,1,986.0,1,1971,1,False,0.0,0,2.0,[2 1],[0. 1.],1,1,[0.6 0.6],1.0,0.0,1.0
1971,1.0,1,986.0,0,1972,0,False,2.0,1,0.0,[2 2],[0. 1.],1,1,[0.6 0.6],1.0,0.0,1.0
1972,0.0,1,987.0,1,1973,1,False,0.0,0,2.0,[2 2],[0. 1.],1,1,[0.6 0.6],1.0,0.0,1.0
1973,1.0,1,987.0,0,1974,0,False,2.0,1,0.0,[1 1],[0. 1.],0,1,[0.6 0.6],1.0,0.0,1.0
1974,0.0,1,988.0,1,1975,1,False,0.0,0,1.0,[1 1],[0. 1.],0,1,[0.6 0.6],1.0,0.0,1.0
1975,0.0,1,988.0,0,1976,0,False,1.0,1,0.0,[2 2],[0. 1.],1,1,[0.6 0.6],1.0,0.0,1.0
1976,0.0,1,989.0,1,1977,1,False,0.0,0,2.0,[2 2],[0. 1.],1,1,[0.6 0.6],1.0,0.0,1.0
1977,1.0,1,989.0,0,1978,0,False,2.0,1,0.0,[2 1],[0. 1.],1,1,[0.6 0.6],1.0,0.0,1.0
1978,0.0,1,990.0,1,1979,1,False,0.0,0,2.0,[2 1],[0. 1.],1,1,[0.6 0.6],1.0,0.0,1.0
1979,1.0,1,990.0,0,1980,0,False,2.0,1,0.0,[2 2],[0. 1.],0,1,[0.6 0.6],1.0,0.0,1.0
1980,0.0,1,991.0,1,1981,1,False,0.0,0,1.0,[2 2],[0. 1.],0,1,[0.6 0.6],1.0,0.0,1.0
1981,1.0,1,991.0,0,1982,0,False,1.0,1,0.0,[1 2],[0. 1.],1,1,[0.6 0.6],1.0,0.0,1.0
1982,0.0,1,992.0,1,1983,1,False,0.0,0,2.0,[1 2],[0. 1.],1,1,[0.6 0.6],1.0,0.0,1.0
1983,0.0,1,992.0,0,1984,0,False,2.0,1,0.0,[1 2],[0. 1.],1,1,[0.6 0.6],1.0,0.0,1.0
1984,0.0,1,993.0,1,1985,1,False,0.0,0,2.0,[1 2],[0. 1.],1,1,[0.6 0.6],1.0,0.0,1.0
1985,0.0,1,993.0,0,1986,0,False,2.0,1,0.0,[1 1],[0. 1.],0,1,[0.6 0.6],1.0,0.0,1.0
1986,0.0,1,994.0,1,1987,1,False,0.0,0,1.0,[1 1],[0. 1.],0,1,[0.6 0.6],1.0,0.0,1.0
1987,0.0,1,994.0,0,1988,0,False,1.0,1,0.0,[1 2],[0. 1.],1,1,[0.6 0.6],1.0,0.0,1.0
1988,0.0,1,995.0,2,1989,1,False,0.0,0,2.0,[1 2],[0. 1.],1,1,[0.6 0.6],1.0,0.0,1.0
1989,1.0,1,995.0,0,1990,0,False,2.0,1,0.0,[2 2],[0. 1.],0,1,[0.6 0.6],1.0,0.0,1.0
1990,0.0,1,996.0,2,1991,1,False,0.0,0,1.0,[2 2],[0. 1.],0,1,[0.6 0.6],1.0,0.0,1.0
1991,1.0,1,996.0,0,1992,0,False,1.0,1,0.0,[1 1],[0. 1.],0,1,[0.6 0.6],1.0,0.0,1.0
1992,0.0,1,997.0,2,1993,1,False,0.0,0,1.0,[1 1],[0. 1.],0,1,[0.6 0.6],1.0,0.0,1.0
1993,0.0,1,997.0,0,1994,0,False,1.0,1,0.0,[1 1],[0. 1.],0,1,[0.6 0.6],1.0,0.0,1.0
1994,0.0,1,998.0,2,1995,1,False,0.0,0,1.0,[1 1],[0. 1.],0,1,[0.6 0.6],1.0,0.0,1.0
1995,0.0,1,998.0,0,1996,0,False,1.0,1,0.0,[2 1],[0. 1.],1,1,[0.6 0.6],1.0,0.0,1.0
1996,0.0,1,999.0,2,1997,1,False,0.0,0,2.0,[2 1],[0. 1.],1,1,[0.6 0.6],1.0,0.0,1.0
1997,0.0,1,999.0,0,1998,0,False,2.0,1,0.0,[1 2],[0. 1.],1,1,[0.6 0.6],1.0,0.0,1.0
1998,0.0,1,1000.0,1,1999,1,False,0.0,0,2.0,[1 2],[0. 1.],1,1,[0.6 0.6],1.0,0.0,1.0
1999,0.0,1,1000.0,0,2000,0,True,2.0,1,0.0,[1 1],[0. 1.],1,1,[0.6 0.6],1.0,0.0,1.0
0,0.0,1,1.0,2,1,1,False,0.0,0,1.0,[1 1],[1. 0.],0,0,[0.6 0.6],1.0,0.0,1.0
1,1.0,1,1.0,0,2,0,False,1.0,1,0.0,[2 2],[1. 0.],0,0,[0.6 0.6],1.0,0.0,1.0
2,0.0,1,2.0,2,3,1,False,0.0,0,1.0,[2 2],[1. 0.],0,0,[0.6 0.6],1.0,0.0,1.0
3,0.0,1,2.0,0,4,0,False,1.0,1,0.0,[2 1],[1. 0.],0,0,[0.6 0.6],1.0,0.0,1.0
4,0.0,1,3.0,2,5,1,False,0.0,0,1.0,[2 1],[1. 0.],0,0,[0.6 0.6],1.0,0.0,1.0
5,1.0,1,3.0,0,6,0,False,1.0,1,0.0,[2 2],[1. 0.],0,0,[0.6 0.6],1.0,0.0,1.0
6,0.0,1,4.0,2,7,1,False,0.0,0,1.0,[2 2],[1. 0.],0,0,[0.6 0.6],1.0,0.0,1.0
7,0.0,1,4.0,0,8,0,False,1.0,1,0.0,[1 1],[1. 0.],1,0,[0.6 0.6],1.0,0.0,1.0
8,0.0,1,5.0,2,9,1,False,0.0,0,2.0,[1 1],[1. 0.],1,0,[0.6 0.6],1.0,0.0,1.0
9,1.0,1,5.0,0,10,0,False,2.0,1,0.0,[2 1],[1. 0.],0,0,[0.6 0.6],1.0,0.0,1.0
10,0.0,1,6.0,2,11,1,False,0.0,0,1.0,[2 1],[1. 0.],0,0,[0.6 0.6],1.0,0.0,1.0
11,1.0,1,6.0,0,12,0,False,1.0,1,0.0,[2 2],[1. 0.],0,0,[0.6 0.6],1.0,0.0,1.0
12,0.0,1,7.0,2,13,1,False,0.0,0,1.0,[2 2],[1. 0.],0,0,[0.6 0.6],1.0,0.0,1.0
13,0.0,1,7.0,0,14,0,False,1.0,1,0.0,[1 1],[1. 0.],0,0,[0.6 0.6],1.0,0.0,1.0
14,0.0,1,8.0,2,15,1,False,0.0,0,1.0,[1 1],[1. 0.],0,0,[0.6 0.6],1.0,0.0,1.0
15,1.0,1,8.0,0,16,0,False,1.0,1,0.0,[2 1],[1. 0.],0,0,[0.6 0.6],1.0,0.0,1.0
16,0.0,1,9.0,2,17,1,False,0.0,0,1.0,[2 1],[1. 0.],0,0,[0.6 0.6],1.0,0.0,1.0
17,1.0,1,9.0,0,18,0,False,1.0,1,0.0,[1 1],[1. 0.],1,0,[0.6 0.6],1.0,0.0,1.0
18,0.0,1,10.0,2,19,1,False,0.0,0,2.0,[1 1],[1. 0.],1,0,[0.6 0.6],1.0,0.0,1.0
19,1.0,1,10.0,0,20,0,False,2.0,1,0.0,[1 2],[1. 0.],0,0,[0.6 0.6],1.0,0.0,1.0
20,0.0,1,11.0,2,21,1,False,0.0,0,1.0,[1 2],[1. 0.],0,0,[0.6 0.6],1.0,0.0,1.0
21,0.0,1,11.0,0,22,0,False,1.0,1,0.0,[1 1],[1. 0.],0,0,[0.6 0.6],1.0,0.0,1.0
22,0.0,1,12.0,2,23,1,False,0.0,0,1.0,[1 1],[1. 0.],0,0,[0.6 0.6],1.0,0.0,1.0
23,1.0,1,12.0,0,24,0,False,1.0,1,0.0,[1 2],[1. 0.],1,0,[0.6 0.6],1.0,0.0,1.0
24,0.0,1,13.0,2,25,1,False,0.0,0,2.0,[1 2],[1. 0.],1,0,[0.6 0.6],1.0,0.0,1.0
25,0.0,1,13.0,0,26,0,False,2.0,1,0.0,[1 2],[1. 0.],0,0,[0.6 0.6],1.0,0.0,1.0
26,0.0,1,14.0,2,27,1,False,0.0,0,1.0,[1 2],[1. 0.],0,0,[0.6 0.6],1.0,0.0,1.0
27,0.0,1,14.0,0,28,0,False,1.0,1,0.0,[2 2],[1. 0.],0,0,[0.6 0.6],1.0,0.0,1.0
28,0.0,1,15.0,2,29,1,False,0.0,0,1.0,[2 2],[1. 0.],0,0,[0.6 0.6],1.0,0.0,1.0
29,0.0,1,15.0,0,30,0,False,1.0,1,0.0,[1 2],[1. 0.],1,0,[0.6 0.6],1.0,0.0,1.0
30,0.0,1,16.0,2,31,1,False,0.0,0,2.0,[1 2],[1. 0.],1,0,[0.6 0.6],1.0,0.0,1.0
31,0.0,1,16.0,0,32,0,False,2.0,1,0.0,[1 2],[1. 0.],0,0,[0.6 0.6],1.0,0.0,1.0
32,0.0,1,17.0,1,33,1,False,0.0,0,1.0,[1 2],[1. 0.],0,0,[0.6 0.6],1.0,0.0,1.0
33,1.0,1,17.0,0,34,0,False,1.0,1,0.0,[2 1],[1. 0.],1,0,[0.6 0.6],1.0,0.0,1.0
34,0.0,1,18.0,1,35,1,False,0.0,0,2.0,[2 1],[1. 0.],1,0,[0.6 0.6],1.0,0.0,1.0
35,0.0,1,18.0,0,36,0,False,2.0,1,0.0,[2 2],[1. 0.],0,0,[0.6 0.6],1.0,0.0,1.0
36,0.0,1,19.0,1,37,1,False,0.0,0,1.0,[2 2],[1. 0.],0,0,[0.6 0.6],1.0,0.0,1.0
37,0.0,1,19.0,0,38,0,False,1.0,1,0.0,[1 1],[1. 0.],1,0,[0.6 0.6],1.0,0.0,1.0
38,0.0,1,20.0,1,39,1,False,0.0,0,2.0,[1 1],[1. 0.],1,0,[0.6 0.6],1.0,0.0,1.0
39,1.0,1,20.0,0,40,0,False,2.0,1,0.0,[1 1],[1. 0.],1,0,[0.6 0.6],1.0,0.0,1.0
40,0.0,1,21.0,1,41,1,False,0.0,0,2.0,[1 1],[1. 0.],1,0,[0.6 0.6],1.0,0.0,1.0
41,1.0,1,21.0,0,42,0,False,2.0,1,0.0,[1 2],[1. 0.],0,0,[0.6 0.6],1.0,0.0,1.0
42,0.0,1,22.0,1,43,1,False,0.0,0,1.0,[1 2],[1. 0.],0,0,[0.6 0.6],1.0,0.0,1.0
43,1.0,1,22.0,0,44,0,False,1.0,1,0.0,[1 2],[1. 0.],0,0,[0.6 0.6],1.0,0.0,1.0
44,0.0,1,23.0,1,45,1,False,0.0,0,1.0,[1 2],[1. 0.],0,0,[0.6 0.6],1.0,0.0,1.0
45,1.0,1,23.0,0,46,0,False,1.0,1,0.0,[2 1],[1. 0.],1,0,[0.6 0.6],1.0,0.0,1.0
46,0.0,1,24.0,1,47,1,False,0.0,0,2.0,[2 1],[1. 0.],1,0,[0.6 0.6],1.0,0.0,1.0
47,0.0,1,24.0,0,48,0,False,2.0,1,0.0,[2 1],[1. 0.],0,0,[0.6 0.6],1.0,0.0,1.0
48,0.0,1,25.0,1,49,1,False,0.0,0,1.0,[2 1],[1. 0.],0,0,[0.6 0.6],1.0,0.0,1.0
49,0.0,1,25.0,0,50,0,False,1.0,1,0.0,[1 1],[1. 0.],0,0,[0.6 0.6],1.0,0.0,1.0
50,0.0,1,26.0,1,51,1,False,0.0,0,1.0,[1 1],[1. 0.],0,0,[0.6 0.6],1.0,0.0,1.0
51,1.0,1,26.0,0,52,0,False,1.0,1,0.0,[2 1],[1. 0.],0,0,[0.6 0.6],1.0,0.0,1.0
52,0.0,1,27.0,1,53,1,False,0.0,0,1.0,[2 1],[1. 0.],0,0,[0.6 0.6],1.0,0.0,1.0
53,0.0,1,27.0,0,54,0,False,1.0,1,0.0,[1 2],[1. 0.],0,0,[0.6 0.6],1.0,0.0,1.0
54,0.0,1,28.0,1,55,1,False,0.0,0,1.0,[1 2],[1. 0.],0,0,[0.6 0.6],1.0,0.0,1.0
55,1.0,1,28.0,0,56,0,False,1.0,1,0.0,[1 2],[1. 0.],0,0,[0.6 0.6],1.0,0.0,1.0
56,0.0,1,29.0,1,57,1,False,0.0,0,1.0,[1 2],[1. 0.],0,0,[0.6 0.6],1.0,0.0,1.0
57,1.0,1,29.0,0,58,0,False,1.0,1,0.0,[2 1],[1. 0.],1,0,[0.6 0.6],1.0,0.0,1.0
58,0.0,1,30.0,1,59,1,False,0.0,0,2.0,[2 1],[1. 0.],1,0,[0.6 0.6],1.0,0.0,1.0
59,0.0,1,30.0,0,60,0,False,2.0,1,0.0,[1 2],[1. 0.],0,0,[0.6 0.6],1.0,0.0,1.0
60,0.0,1,31.0,1,61,1,False,0.0,0,1.0,[1 2],[1. 0.],0,0,[0.6 0.6],1.0,0.0,1.0
61,1.0,1,31.0,0,62,0,False,1.0,1,0.0,[2 2],[1. 0.],1,0,[0.6 0.6],1.0,0.0,1.0
62,0.0,1,32.0,1,63,1,False,0.0,0,2.0,[2 2],[1. 0.],1,0,[0.6 0.6],1.0,0.0,1.0
63,0.0,1,32.0,0,64,0,False,2.0,1,0.0,[2 2],[1. 0.],0,0,[0.6 0.6],1.0,0.0,1.0
64,0.0,1,33.0,1,65,1,False,0.0,0,1.0,[2 2],[1. 0.],0,0,[0.6 0.6],1.0,0.0,1.0
65,0.0,1,33.0,0,66,0,False,1.0,1,0.0,[1 2],[0. 1.],1,1,[0.6 0.6],1.0,0.0,1.0
66,0.0,1,34.0,1,67,1,False,0.0,0,2.0,[1 2],[0. 1.],1,1,[0.6 0.6],1.0,0.0,1.0
67,0.0,1,34.0,0,68,0,False,2.0,1,0.0,[1 1],[0. 1.],1,1,[0.6 0.6],1.0,0.0,1.0
68,0.0,1,35.0,2,69,1,False,0.0,0,2.0,[1 1],[0. 1.],1,1,[0.6 0.6],1.0,0.0,1.0
69,0.0,1,35.0,0,70,0,False,2.0,1,0.0,[2 2],[1. 0.],1,0,[0.6 0.6],1.0,0.0,1.0
70,0.0,1,36.0,1,71,1,False,0.0,0,2.0,[2 2],[1. 0.],1,0,[0.6 0.6],1.0,0.0,1.0
71,0.0,1,36.0,0,72,0,False,2.0,1,0.0,[2 2],[1. 0.],0,0,[0.6 0.6],1.0,0.0,1.0
72,0.0,1,37.0,2,73,1,False,0.0,0,1.0,[2 2],[1. 0.],0,0,[0.6 0.6],1.0,0.0,1.0
73,0.0,1,37.0,0,74,0,False,1.0,1,0.0,[2 2],[1. 0.],1,0,[0.6 0.6],1.0,0.0,1.0
74,0.0,1,38.0,2,75,1,False,0.0,0,2.0,[2 2],[1. 0.],1,0,[0.6 0.6],1.0,0.0,1.0
75,0.0,1,38.0,0,76,0,False,2.0,1,0.0,[2 1],[1. 0.],1,0,[0.6 0.6],1.0,0.0,1.0
76,0.0,1,39.0,1,77,1,False,0.0,0,2.0,[2 1],[1. 0.],1,0,[0.6 0.6],1.0,0.0,1.0
77,0.0,1,39.0,0,78,0,False,2.0,1,0.0,[2 2],[1. 0.],0,0,[0.6 0.6],1.0,0.0,1.0
78,0.0,1,40.0,2,79,1,False,0.0,0,1.0,[2 2],[1. 0.],0,0,[0.6 0.6],1.0,0.0,1.0
79,0.0,1,40.0,0,80,0,False,1.0,1,0.0,[2 2],[1. 0.],0,0,[0.6 0.6],1.0,0.0,1.0
80,0.0,1,41.0,2,81,1,False,0.0,0,1.0,[2 2],[1. 0.],0,0,[0.6 0.6],1.0,0.0,1.0
81,0.0,1,41.0,0,82,0,False,1.0,1,0.0,[1 1],[1. 0.],1,0,[0.6 0.6],1.0,0.0,1.0
82,0.0,1,42.0,2,83,1,False,0.0,0,2.0,[1 1],[1. 0.],1,0,[0.6 0.6],1.0,0.0,1.0
83,1.0,1,42.0,0,84,0,False,2.0,1,0.0,[1 2],[1. 0.],1,0,[0.6 0.6],1.0,0.0,1.0
84,0.0,1,43.0,2,85,1,False,0.0,0,2.0,[1 2],[1. 0.],1,0,[0.6 0.6],1.0,0.0,1.0
85,0.0,1,43.0,0,86,0,False,2.0,1,0.0,[2 1],[1. 0.],0,0,[0.6 0.6],1.0,0.0,1.0
86,0.0,1,44.0,1,87,1,False,0.0,0,1.0,[2 1],[1. 0.],0,0,[0.6 0.6],1.0,0.0,1.0
87,0.0,1,44.0,0,88,0,False,1.0,1,0.0,[1 1],[1. 0.],0,0,[0.6 0.6],1.0,0.0,1.0
88,0.0,1,45.0,2,89,1,False,0.0,0,1.0,[1 1],[1. 0.],0,0,[0.6 0.6],1.0,0.0,1.0
89,1.0,1,45.0,0,90,0,False,1.0,1,0.0,[2 1],[1. 0.],1,0,[0.6 0.6],1.0,0.0,1.0
90,0.0,1,46.0,2,91,1,False,0.0,0,2.0,[2 1],[1. 0.],1,0,[0.6 0.6],1.0,0.0,1.0
91,1.0,1,46.0,0,92,0,False,2.0,1,0.0,[2 1],[1. 0.],1,0,[0.6 0.6],1.0,0.0,1.0
92,0.0,1,47.0,2,93,1,False,0.0,0,2.0,[2 1],[1. 0.],1,0,[0.6 0.6],1.0,0.0,1.0
93,1.0,1,47.0,0,94,0,False,2.0,1,0.0,[2 1],[1. 0.],1,0,[0.6 0.6],1.0,0.0,1.0
94,0.0,1,48.0,2,95,1,False,0.0,0,2.0,[2 1],[1. 0.],1,0,[0.6 0.6],1.0,0.0,1.0
95,1.0,1,48.0,0,96,0,False,2.0,1,0.0,[1 2],[1. 0.],0,0,[0.6 0.6],1.0,0.0,1.0
96,0.0,1,49.0,2,97,1,False,0.0,0,1.0,[1 2],[1. 0.],0,0,[0.6 0.6],1.0,0.0,1.0
97,0.0,1,49.0,0,98,0,False,1.0,1,0.0,[2 2],[1. 0.],0,0,[0.6 0.6],1.0,0.0,1.0
98,0.0,1,50.0,2,99,1,False,0.0,0,1.0,[2 2],[1. 0.],0,0,[0.6 0.6],1.0,0.0,1.0
99,0.0,1,50.0,0,100,0,False,1.0,1,0.0,[1 1],[1. 0.],1,0,[0.6 0.6],1.0,0.0,1.0
100,0.0,1,51.0,2,101,1,False,0.0,0,2.0,[1 1],[1. 0.],1,0,[0.6 0.6],1.0,0.0,1.0
101,1.0,1,51.0,0,102,0,False,2.0,1,0.0,[2 1],[1. 0.],1,0,[0.6 0.6],1.0,0.0,1.0
102,0.0,1,52.0,2,103,1,False,0.0,0,2.0,[2 1],[1. 0.],1,0,[0.6 0.6],1.0,0.0,1.0
103,1.0,1,52.0,0,104,0,False,2.0,1,0.0,[2 1],[1. 0.],0,0,[0.6 0.6],1.0,0.0,1.0
104,0.0,1,53.0,2,105,1,False,0.0,0,1.0,[2 1],[1. 0.],0,0,[0.6 0.6],1.0,0.0,1.0
105,1.0,1,53.0,0,106,0,False,1.0,1,0.0,[2 1],[1. 0.],1,0,[0.6 0.6],1.0,0.0,1.0
106,0.0,1,54.0,2,107,1,False,0.0,0,2.0,[2 1],[1. 0.],1,0,[0.6 0.6],1.0,0.0,1.0
107,1.0,1,54.0,0,108,0,False,2.0,1,0.0,[2 2],[1. 0.],1,0,[0.6 0.6],1.0,0.0,1.0
108,0.0,1,55.0,2,109,1,False,0.0,0,2.0,[2 2],[1. 0.],1,0,[0.6 0.6],1.0,0.0,1.0
109,0.0,1,55.0,0,110,0,False,2.0,1,0.0,[1 1],[1. 0.],1,0,[0.6 0.6],1.0,0.0,1.0
110,0.0,1,56.0,2,111,1,False,0.0,0,2.0,[1 1],[1. 0.],1,0,[0.6 0.6],1.0,0.0,1.0
111,1.0,1,56.0,0,112,0,False,2.0,1,0.0,[2 1],[1. 0.],0,0,[0.6 0.6],1.0,0.0,1.0
112,0.0,1,57.0,2,113,1,False,0.0,0,1.0,[2 1],[1. 0.],0,0,[0.6 0.6],1.0,0.0,1.0
113,1.0,1,57.0,0,114,0,False,1.0,1,0.0,[2 2],[1. 0.],0,0,[0.6 0.6],1.0,0.0,1.0
114,0.0,1,58.0,2,115,1,False,0.0,0,1.0,[2 2],[1. 0.],0,0,[0.6 0.6],1.0,0.0,1.0
115,0.0,1,58.0,0,116,0,False,1.0,1,0.0,[1 2],[1. 0.],0,0,[0.6 0.6],1.0,0.0,1.0
116,0.0,1,59.0,2,117,1,False,0.0,0,1.0,[1 2],[1. 0.],0,0,[0.6 0.6],1.0,0.0,1.0
117,0.0,1,59.0,0,118,0,False,1.0,1,0.0,[2 1],[1. 0.],0,0,[0.6 0.6],1.0,0.0,1.0
118,0.0,1,60.0,2,119,1,False,0.0,0,1.0,[2 1],[1. 0.],0,0,[0.6 0.6],1.0,0.0,1.0
119,1.0,1,60.0,0,120,0,False,1.0,1,0.0,[1 1],[1. 0.],1,0,[0.6 0.6],1.0,0.0,1.0
120,0.0,1,61.0,2,121,1,False,0.0,0,2.0,[1 1],[1. 0.],1,0,[0.6 0.6],1.0,0.0,1.0
121,1.0,1,61.0,0,122,0,False,2.0,1,0.0,[2 2],[1. 0.],1,0,[0.6 0.6],1.0,0.0,1.0
122,0.0,1,62.0,2,123,1,False,0.0,0,2.0,[2 2],[1. 0.],1,0,[0.6 0.6],1.0,0.0,1.0
123,0.0,1,62.0,0,124,0,False,2.0,1,0.0,[2 1],[1. 0.],1,0,[0.6 0.6],1.0,0.0,1.0
124,0.0,1,63.0,2,125,1,False,0.0,0,2.0,[2 1],[1. 0.],1,0,[0.6 0.6],1.0,0.0,1.0
125,1.0,1,63.0,0,126,0,False,2.0,1,0.0,[2 1],[1. 0.],0,0,[0.6 0.6],1.0,0.0,1.0
126,0.0,1,64.0,2,127,1,False,0.0,0,1.0,[2 1],[1. 0.],0,0,[0.6 0.6],1.0,0.0,1.0
127,1.0,1,64.0,0,128,0,False,1.0,1,0.0,[1 1],[1. 0.],0,0,[0.6 0.6],1.0,0.0,1.0
128,0.0,1,65.0,2,129,1,False,0.0,0,1.0,[1 1],[1. 0.],0,0,[0.6 0.6],1.0,0.0,1.0
129,1.0,1,65.0,0,130,0,False,1.0,1,0.0,[2 1],[1. 0.],0,0,[0.6 0.6],1.0,0.0,1.0
130,0.0,1,66.0,2,131,1,False,0.0,0,1.0,[2 1],[1. 0.],0,0,[0.6 0.6],1.0,0.0,1.0
131,1.0,1,66.0,0,132,0,False,1.0,1,0.0,[1 1],[1. 0.],0,0,[0.6 0.6],1.0,0.0,1.0
132,0.0,1,67.0,2,133,1,False,0.0,0,1.0,[1 1],[1. 0.],0,0,[0.6 0.6],1.0,0.0,1.0
133,1.0,1,67.0,0,134,0,False,1.0,1,0.0,[1 2],[1. 0.],1,0,[0.6 0.6],1.0,0.0,1.0
134,0.0,1,68.0,2,135,1,False,0.0,0,2.0,[1 2],[1. 0.],1,0,[0.6 0.6],1.0,0.0,1.0
135,0.0,1,68.0,0,136,0,False,2.0,1,0.0,[2 1],[1. 0.],0,0,[0.6 0.6],1.0,0.0,1.0
136,0.0,1,69.0,2,137,1,False,0.0,0,1.0,[2 1],[1. 0.],0,0,[0.6 0.6],1.0,0.0,1.0
137,1.0,1,69.0,0,138,0,False,1.0,1,0.0,[2 1],[1. 0.],1,0,[0.6 0.6],1.0,0.0,1.0
138,0.0,1,70.0,2,139,1,False,0.0,0,2.0,[2 1],[1. 0.],1,0,[0.6 0.6],1.0,0.0,1.0
139,1.0,1,70.0,0,140,0,False,2.0,1,0.0,[2 1],[1. 0.],0,0,[0.6 0.6],1.0,0.0,1.0
140,0.0,1,71.0,2,141,1,False,0.0,0,1.0,[2 1],[1. 0.],0,0,[0.6 0.6],1.0,0.0,1.0
141,1.0,1,71.0,0,142,0,False,1.0,1,0.0,[1 1],[1. 0.],1,0,[0.6 0.6],1.0,0.0,1.0
142,0.0,1,72.0,2,143,1,False,0.0,0,2.0,[1 1],[1. 0.],1,0,[0.6 0.6],1.0,0.0,1.0
143,1.0,1,72.0,0,144,0,False,2.0,1,0.0,[2 1],[1. 0.],1,0,[0.6 0.6],1.0,0.0,1.0
144,0.0,1,73.0,2,145,1,False,0.0,0,2.0,[2 1],[1. 0.],1,0,[0.6 0.6],1.0,0.0,1.0
145,1.0,1,73.0,0,146,0,False,2.0,1,0.0,[1 1],[1. 0.],1,0,[0.6 0.6],1.0,0.0,1.0
146,0.0,1,74.0,2,147,1,False,0.0,0,2.0,[1 1],[1. 0.],1,0,[0.6 0.6],1.0,0.0,1.0
147,1.0,1,74.0,0,148,0,False,2.0,1,0.0,[1 1],[1. 0.],0,0,[0.6 0.6],1.0,0.0,1.0
148,0.0,1,75.0,2,149,1,False,0.0,0,1.0,[1 1],[1. 0.],0,0,[0.6 0.6],1.0,0.0,1.0
149,1.0,1,75.0,0,150,0,False,1.0,1,0.0,[1 2],[1. 0.],1,0,[0.6 0.6],1.0,0.0,1.0
150,0.0,1,76.0,2,151,1,False,0.0,0,2.0,[1 2],[1. 0.],1,0,[0.6 0.6],1.0,0.0,1.0
151,0.0,1,76.0,0,152,0,False,2.0,1,0.0,[1 1],[1. 0.],0,0,[0.6 0.6],1.0,0.0,1.0
152,0.0,1,77.0,2,153,1,False,0.0,0,1.0,[1 1],[1. 0.],0,0,[0.6 0.6],1.0,0.0,1.0
153,1.0,1,77.0,0,154,0,False,1.0,1,0.0,[1 1],[1. 0.],1,0,[0.6 0.6],1.0,0.0,1.0
154,0.0,1,78.0,2,155,1,False,0.0,0,2.0,[1 1],[1. 0.],1,0,[0.6 0.6],1.0,0.0,1.0
155,1.0,1,78.0,0,156,0,False,2.0,1,0.0,[2 1],[1. 0.],0,0,[0.6 0.6],1.0,0.0,1.0
156,0.0,1,79.0,2,157,1,False,0.0,0,1.0,[2 1],[1. 0.],0,0,[0.6 0.6],1.0,0.0,1.0
157,1.0,1,79.0,0,158,0,False,1.0,1,0.0,[2 1],[1. 0.],1,0,[0.6 0.6],1.0,0.0,1.0
158,0.0,1,80.0,2,159,1,False,0.0,0,2.0,[2 1],[1. 0.],1,0,[0.6 0.6],1.0,0.0,1.0
159,1.0,1,80.0,0,160,0,False,2.0,1,0.0,[2 1],[1. 0.],1,0,[0.6 0.6],1.0,0.0,1.0
160,0.0,1,81.0,2,161,1,False,0.0,0,2.0,[2 1],[1. 0.],1,0,[0.6 0.6],1.0,0.0,1.0
161,1.0,1,81.0,0,162,0,False,2.0,1,0.0,[2 2],[1. 0.],1,0,[0.6 0.6],1.0,0.0,1.0
162,0.0,1,82.0,2,163,1,False,0.0,0,2.0,[2 2],[1. 0.],1,0,[0.6 0.6],1.0,0.0,1.0
163,0.0,1,82.0,0,164,0,False,2.0,1,0.0,[2 1],[1. 0.],1,0,[0.6 0.6],1.0,0.0,1.0
164,0.0,1,83.0,2,165,1,False,0.0,0,2.0,[2 1],[1. 0.],1,0,[0.6 0.6],1.0,0.0,1.0
165,1.0,1,83.0,0,166,0,False,2.0,1,0.0,[2 2],[1. 0.],0,0,[0.6 0.6],1.0,0.0,1.0
166,0.0,1,84.0,2,167,1,False,0.0,0,1.0,[2 2],[1. 0.],0,0,[0.6 0.6],1.0,0.0,1.0
167,0.0,1,84.0,0,168,0,False,1.0,1,0.0,[1 1],[1. 0.],0,0,[0.6 0.6],1.0,0.0,1.0
168,0.0,1,85.0,2,169,1,False,0.0,0,1.0,[1 1],[1. 0.],0,0,[0.6 0.6],1.0,0.0,1.0
169,1.0,1,85.0,0,170,0,False,1.0,1,0.0,[1 1],[1. 0.],0,0,[0.6 0.6],1.0,0.0,1.0
170,0.0,1,86.0,2,171,1,False,0.0,0,1.0,[1 1],[1. 0.],0,0,[0.6 0.6],1.0,0.0,1.0
171,1.0,1,86.0,0,172,0,False,1.0,1,0.0,[1 2],[1. 0.],0,0,[0.6 0.6],1.0,0.0,1.0
172,0.0,1,87.0,2,173,1,False,0.0,0,1.0,[1 2],[1. 0.],0,0,[0.6 0.6],1.0,0.0,1.0
173,0.0,1,87.0,0,174,0,False,1.0,1,0.0,[2 1],[1. 0.],0,0,[0.6 0.6],1.0,0.0,1.0
174,0.0,1,88.0,2,175,1,False,0.0,0,1.0,[2 1],[1. 0.],0,0,[0.6 0.6],1.0,0.0,1.0
175,1.0,1,88.0,0,176,0,False,1.0,1,0.0,[2 2],[1. 0.],1,0,[0.6 0.6],1.0,0.0,1.0
176,0.0,1,89.0,2,177,1,False,0.0,0,2.0,[2 2],[1. 0.],1,0,[0.6 0.6],1.0,0.0,1.0
177,0.0,1,89.0,0,178,0,False,2.0,1,0.0,[2 1],[1. 0.],1,0,[0.6 0.6],1.0,0.0,1.0
178,0.0,1,90.0,2,179,1,False,0.0,0,2.0,[2 1],[1. 0.],1,0,[0.6 0.6],1.0,0.0,1.0
179,1.0,1,90.0,0,180,0,False,2.0,1,0.0,[2 2],[1. 0.],1,0,[0.6 0.6],1.0,0.0,1.0
180,0.0,1,91.0,2,181,1,False,0.0,0,2.0,[2 2],[1. 0.],1,0,[0.6 0.6],1.0,0.0,1.0
181,0.0,1,91.0,0,182,0,False,2.0,1,0.0,[2 2],[1. 0.],1,0,[0.6 0.6],1.0,0.0,1.0
182,0.0,1,92.0,1,183,1,False,0.0,0,2.0,[2 2],[1. 0.],1,0,[0.6 0.6],1.0,0.0,1.0
183,0.0,1,92.0,0,184,0,False,2.0,1,0.0,[2 1],[1. 0.],0,0,[0.6 0.6],1.0,0.0,1.0
184,0.0,1,93.0,2,185,1,False,0.0,0,1.0,[2 1],[1. 0.],0,0,[0.6 0.6],1.0,0.0,1.0
185,1.0,1,93.0,0,186,0,False,1.0,1,0.0,[1 2],[1. 0.],0,0,[0.6 0.6],1.0,0.0,1.0
186,0.0,1,94.0,2,187,1,False,0.0,0,1.0,[1 2],[1. 0.],0,0,[0.6 0.6],1.0,0.0,1.0
187,0.0,1,94.0,0,188,0,False,1.0,1,0.0,[2 1],[1. 0.],0,0,[0.6 0.6],1.0,0.0,1.0
188,0.0,1,95.0,2,189,1,False,0.0,0,1.0,[2 1],[1. 0.],0,0,[0.6 0.6],1.0,0.0,1.0
189,1.0,1,95.0,0,190,0,False,1.0,1,0.0,[2 1],[0. 1.],1,1,[0.6 0.6],1.0,0.0,1.0
190,0.0,1,96.0,2,191,1,False,0.0,0,2.0,[2 1],[0. 1.],1,1,[0.6 0.6],1.0,0.0,1.0
191,0.0,1,96.0,0,192,0,False,2.0,1,0.0,[1 1],[0. 1.],0,1,[0.6 0.6],1.0,0.0,1.0
192,0.0,1,97.0,2,193,1,False,0.0,0,1.0,[1 1],[0. 1.],0,1,[0.6 0.6],1.0,0.0,1.0
193,0.0,1,97.0,0,194,0,False,1.0,1,0.0,[1 2],[0. 1.],0,1,[0.6 0.6],1.0,0.0,1.0
194,0.0,1,98.0,2,195,1,False,0.0,0,1.0,[1 2],[0. 1.],0,1,[0.6 0.6],1.0,0.0,1.0
195,1.0,1,98.0,0,196,0,False,1.0,1,0.0,[2 2],[0. 1.],1,1,[0.6 0.6],1.0,0.0,1.0
196,0.0,1,99.0,2,197,1,False,0.0,0,2.0,[2 2],[0. 1.],1,1,[0.6 0.6],1.0,0.0,1.0
197,1.0,1,99.0,0,198,0,False,2.0,1,0.0,[1 2],[0. 1.],0,1,[0.6 0.6],1.0,0.0,1.0
198,0.0,1,100.0,2,199,1,False,0.0,0,1.0,[1 2],[0. 1.],0,1,[0.6 0.6],1.0,0.0,1.0
199,1.0,1,100.0,0,200,0,False,1.0,1,0.0,[2 1],[0. 1.],1,1,[0.6 0.6],1.0,0.0,1.0
200,0.0,1,101.0,2,201,1,False,0.0,0,2.0,[2 1],[0. 1.],1,1,[0.6 0.6],1.0,0.0,1.0
201,0.0,1,101.0,0,202,0,False,2.0,1,0.0,[1 2],[0. 1.],1,1,[0.6 0.6],1.0,0.0,1.0
202,0.0,1,102.0,2,203,1,False,0.0,0,2.0,[1 2],[0. 1.],1,1,[0.6 0.6],1.0,0.0,1.0
203,1.0,1,102.0,0,204,0,False,2.0,1,0.0,[2 1],[0. 1.],1,1,[0.6 0.6],1.0,0.0,1.0
204,0.0,1,103.0,2,205,1,False,0.0,0,2.0,[2 1],[0. 1.],1,1,[0.6 0.6],1.0,0.0,1.0
205,0.0,1,103.0,0,206,0,False,2.0,1,0.0,[2 1],[0. 1.],0,1,[0.6 0.6],1.0,0.0,1.0
206,0.0,1,104.0,1,207,1,False,0.0,0,1.0,[2 1],[0. 1.],0,1,[0.6 0.6],1.0,0.0,1.0
207,1.0,1,104.0,0,208,0,False,1.0,1,0.0,[2 1],[0. 1.],1,1,[0.6 0.6],1.0,0.0,1.0
208,0.0,1,105.0,1,209,1,False,0.0,0,2.0,[2 1],[0. 1.],1,1,[0.6 0.6],1.0,0.0,1.0
209,1.0,1,105.0,0,210,0,False,2.0,1,0.0,[2 2],[0. 1.],0,1,[0.6 0.6],1.0,0.0,1.0
210,0.0,1,106.0,1,211,1,False,0.0,0,1.0,[2 2],[0. 1.],0,1,[0.6 0.6],1.0,0.0,1.0
211,1.0,1,106.0,0,212,0,False,1.0,1,0.0,[1 2],[0. 1.],1,1,[0.6 0.6],1.0,0.0,1.0
212,0.0,1,107.0,1,213,1,False,0.0,0,2.0,[1 2],[0. 1.],1,1,[0.6 0.6],1.0,0.0,1.0
213,0.0,1,107.0,0,214,0,False,2.0,1,0.0,[1 1],[0. 1.],0,1,[0.6 0.6],1.0,0.0,1.0
214,0.0,1,108.0,1,215,1,False,0.0,0,1.0,[1 1],[0. 1.],0,1,[0.6 0.6],1.0,0.0,1.0
215,0.0,1,108.0,0,216,0,False,1.0,1,0.0,[2 1],[0. 1.],1,1,[0.6 0.6],1.0,0.0,1.0
216,0.0,1,109.0,1,217,1,False,0.0,0,2.0,[2 1],[0. 1.],1,1,[0.6 0.6],1.0,0.0,1.0
217,1.0,1,109.0,0,218,0,False,2.0,1,0.0,[1 2],[0. 1.],0,1,[0.6 0.6],1.0,0.0,1.0
218,0.0,1,110.0,1,219,1,False,0.0,0,1.0,[1 2],[0. 1.],0,1,[0.6 0.6],1.0,0.0,1.0
219,0.0,1,110.0,0,220,0,False,1.0,1,0.0,[1 2],[0. 1.],0,1,[0.6 0.6],1.0,0.0,1.0
220,0.0,1,111.0,1,221,1,False,0.0,0,1.0,[1 2],[0. 1.],0,1,[0.6 0.6],1.0,0.0,1.0
221,0.0,1,111.0,0,222,0,False,1.0,1,0.0,[1 1],[0. 1.],1,1,[0.6 0.6],1.0,0.0,1.0
222,0.0,1,112.0,1,223,1,False,0.0,0,2.0,[1 1],[0. 1.],1,1,[0.6 0.6],1.0,0.0,1.0
223,0.0,1,112.0,0,224,0,False,2.0,1,0.0,[1 1],[0. 1.],1,1,[0.6 0.6],1.0,0.0,1.0
224,0.0,1,113.0,2,225,1,False,0.0,0,2.0,[1 1],[0. 1.],1,1,[0.6 0.6],1.0,0.0,1.0
225,0.0,1,113.0,0,226,0,False,2.0,1,0.0,[2 2],[0. 1.],0,1,[0.6 0.6],1.0,0.0,1.0
226,0.0,1,114.0,1,227,1,False,0.0,0,1.0,[2 2],[0. 1.],0,1,[0.6 0.6],1.0,0.0,1.0
227,1.0,1,114.0,0,228,0,False,1.0,1,0.0,[2 2],[0. 1.],1,1,[0.6 0.6],1.0,0.0,1.0
228,0.0,1,115.0,1,229,1,False,0.0,0,2.0,[2 2],[0. 1.],1,1,[0.6 0.6],1.0,0.0,1.0
229,1.0,1,115.0,0,230,0,False,2.0,1,0.0,[1 2],[0. 1.],1,1,[0.6 0.6],1.0,0.0,1.0
230,0.0,1,116.0,1,231,1,False,0.0,0,2.0,[1 2],[0. 1.],1,1,[0.6 0.6],1.0,0.0,1.0
231,0.0,1,116.0,0,232,0,False,2.0,1,0.0,[1 1],[0. 1.],1,1,[0.6 0.6],1.0,0.0,1.0
232,0.0,1,117.0,1,233,1,False,0.0,0,2.0,[1 1],[0. 1.],1,1,[0.6 0.6],1.0,0.0,1.0
233,0.0,1,117.0,0,234,0,False,2.0,1,0.0,[1 1],[0. 1.],0,1,[0.6 0.6],1.0,0.0,1.0
234,0.0,1,118.0,2,235,1,False,0.0,0,1.0,[1 1],[0. 1.],0,1,[0.6 0.6],1.0,0.0,1.0
235,0.0,1,118.0,0,236,0,False,1.0,1,0.0,[2 2],[0. 1.],1,1,[0.6 0.6],1.0,0.0,1.0
236,0.0,1,119.0,2,237,1,False,0.0,0,2.0,[2 2],[0. 1.],1,1,[0.6 0.6],1.0,0.0,1.0
237,1.0,1,119.0,0,238,0,False,2.0,1,0.0,[1 2],[0. 1.],1,1,[0.6 0.6],1.0,0.0,1.0
238,0.0,1,120.0,2,239,1,False,0.0,0,2.0,[1 2],[0. 1.],1,1,[0.6 0.6],1.0,0.0,1.0
239,1.0,1,120.0,0,240,0,False,2.0,1,0.0,[1 2],[0. 1.],1,1,[0.6 0.6],1.0,0.0,1.0
240,0.0,1,121.0,2,241,1,False,0.0,0,2.0,[1 2],[0. 1.],1,1,[0.6 0.6],1.0,0.0,1.0
241,1.0,1,121.0,0,242,0,False,2.0,1,0.0,[1 1],[0. 1.],1,1,[0.6 0.6],1.0,0.0,1.0
242,0.0,1,122.0,2,243,1,False,0.0,0,2.0,[1 1],[0. 1.],1,1,[0.6 0.6],1.0,0.0,1.0
243,0.0,1,122.0,0,244,0,False,2.0,1,0.0,[1 2],[0. 1.],0,1,[0.6 0.6],1.0,0.0,1.0
244,0.0,1,123.0,2,245,1,False,0.0,0,1.0,[1 2],[0. 1.],0,1,[0.6 0.6],1.0,0.0,1.0
245,1.0,1,123.0,0,246,0,False,1.0,1,0.0,[1 2],[0. 1.],1,1,[0.6 0.6],1.0,0.0,1.0
246,0.0,1,124.0,2,247,1,False,0.0,0,2.0,[1 2],[0. 1.],1,1,[0.6 0.6],1.0,0.0,1.0
247,1.0,1,124.0,0,248,0,False,2.0,1,0.0,[1 1],[0. 1.],0,1,[0.6 0.6],1.0,0.0,1.0
248,0.0,1,125.0,2,249,1,False,0.0,0,1.0,[1 1],[0. 1.],0,1,[0.6 0.6],1.0,0.0,1.0
249,0.0,1,125.0,0,250,0,False,1.0,1,0.0,[1 2],[0. 1.],0,1,[0.6 0.6],1.0,0.0,1.0
250,0.0,1,126.0,2,251,1,False,0.0,0,1.0,[1 2],[0. 1.],0,1,[0.6 0.6],1.0,0.0,1.0
251,1.0,1,126.0,0,252,0,False,1.0,1,0.0,[2 2],[0. 1.],1,1,[0.6 0.6],1.0,0.0,1.0
252,0.0,1,127.0,2,253,1,False,0.0,0,2.0,[2 2],[0. 1.],1,1,[0.6 0.6],1.0,0.0,1.0
253,1.0,1,127.0,0,254,0,False,2.0,1,0.0,[2 2],[0. 1.],1,1,[0.6 0.6],1.0,0.0,1.0
254,0.0,1,128.0,2,255,1,False,0.0,0,2.0,[2 2],[0. 1.],1,1,[0.6 0.6],1.0,0.0,1.0
255,1.0,1,128.0,0,256,0,False,2.0,1,0.0,[1 1],[0. 1.],0,1,[0.6 0.6],1.0,0.0,1.0
256,0.0,1,129.0,2,257,1,False,0.0,0,1.0,[1 1],[0. 1.],0,1,[0.6 0.6],1.0,0.0,1.0
257,0.0,1,129.0,0,258,0,False,1.0,1,0.0,[1 1],[0. 1.],0,1,[0.6 0.6],1.0,0.0,1.0
258,0.0,1,130.0,2,259,1,False,0.0,0,1.0,[1 1],[0. 1.],0,1,[0.6 0.6],1.0,0.0,1.0
259,0.0,1,130.0,0,260,0,False,1.0,1,0.0,[2 1],[0. 1.],0,1,[0.6 0.6],1.0,0.0,1.0
260,0.0,1,131.0,2,261,1,False,0.0,0,1.0,[2 1],[0. 1.],0,1,[0.6 0.6],1.0,0.0,1.0
261,0.0,1,131.0,0,262,0,False,1.0,1,0.0,[2 1],[0. 1.],1,1,[0.6 0.6],1.0,0.0,1.0
262,0.0,1,132.0,2,263,1,False,0.0,0,2.0,[2 1],[0. 1.],1,1,[0.6 0.6],1.0,0.0,1.0
263,0.0,1,132.0,0,264,0,False,2.0,1,0.0,[1 1],[1. 0.],0,0,[0.6 0.6],1.0,0.0,1.0
264,0.0,1,133.0,1,265,1,False,0.0,0,1.0,[1 1],[1. 0.],0,0,[0.6 0.6],1.0,0.0,1.0
265,1.0,1,133.0,0,266,0,False,1.0,1,0.0,[2 1],[1. 0.],0,0,[0.6 0.6],1.0,0.0,1.0
266,0.0,1,134.0,1,267,1,False,0.0,0,1.0,[2 1],[1. 0.],0,0,[0.6 0.6],1.0,0.0,1.0
267,0.0,1,134.0,0,268,0,False,1.0,1,0.0,[2 1],[0. 1.],0,1,[0.6 0.6],1.0,0.0,1.0
268,0.0,1,135.0,1,269,1,False,0.0,0,1.0,[2 1],[0. 1.],0,1,[0.6 0.6],1.0,0.0,1.0
269,1.0,1,135.0,0,270,0,False,1.0,1,0.0,[1 2],[0. 1.],0,1,[0.6 0.6],1.0,0.0,1.0
270,0.0,1,136.0,1,271,1,False,0.0,0,1.0,[1 2],[0. 1.],0,1,[0.6 0.6],1.0,0.0,1.0
271,0.0,1,136.0,0,272,0,False,1.0,1,0.0,[2 1],[0. 1.],0,1,[0.6 0.6],1.0,0.0,1.0
272,0.0,1,137.0,1,273,1,False,0.0,0,1.0,[2 1],[0. 1.],0,1,[0.6 0.6],1.0,0.0,1.0
273,1.0,1,137.0,0,274,0,False,1.0,1,0.0,[1 2],[0. 1.],1,1,[0.6 0.6],1.0,0.0,1.0
274,0.0,1,138.0,1,275,1,False,0.0,0,2.0,[1 2],[0. 1.],1,1,[0.6 0.6],1.0,0.0,1.0
275,0.0,1,138.0,0,276,0,False,2.0,1,0.0,[2 1],[0. 1.],0,1,[0.6 0.6],1.0,0.0,1.0
276,0.0,1,139.0,1,277,1,False,0.0,0,1.0,[2 1],[0. 1.],0,1,[0.6 0.6],1.0,0.0,1.0
277,1.0,1,139.0,0,278,0,False,1.0,1,0.0,[2 1],[0. 1.],1,1,[0.6 0.6],1.0,0.0,1.0
278,0.0,1,140.0,1,279,1,False,0.0,0,2.0,[2 1],[0. 1.],1,1,[0.6 0.6],1.0,0.0,1.0
279,1.0,1,140.0,0,280,0,False,2.0,1,0.0,[2 1],[0. 1.],1,1,[0.6 0.6],1.0,0.0,1.0
280,0.0,1,141.0,1,281,1,False,0.0,0,2.0,[2 1],[0. 1.],1,1,[0.6 0.6],1.0,0.0,1.0
281,1.0,1,141.0,0,282,0,False,2.0,1,0.0,[1 1],[1. 0.],0,0,[0.6 0.6],1.0,0.0,1.0
282,0.0,1,142.0,1,283,1,False,0.0,0,1.0,[1 1],[1. 0.],0,0,[0.6 0.6],1.0,0.0,1.0
283,1.0,1,142.0,0,284,0,False,1.0,1,0.0,[2 2],[1. 0.],1,0,[0.6 0.6],1.0,0.0,1.0
284,0.0,1,143.0,1,285,1,False,0.0,0,2.0,[2 2],[1. 0.],1,0,[0.6 0.6],1.0,0.0,1.0
285,0.0,1,143.0,0,286,0,False,2.0,1,0.0,[1 1],[1. 0.],1,0,[0.6 0.6],1.0,0.0,1.0
286,0.0,1,144.0,1,287,1,False,0.0,0,2.0,[1 1],[1. 0.],1,0,[0.6 0.6],1.0,0.0,1.0
287,1.0,1,144.0,0,288,0,False,2.0,1,0.0,[2 1],[1. 0.],1,0,[0.6 0.6],1.0,0.0,1.0
288,0.0,1,145.0,1,289,1,False,0.0,0,2.0,[2 1],[1. 0.],1,0,[0.6 0.6],1.0,0.0,1.0
289,0.0,1,145.0,0,290,0,False,2.0,1,0.0,[2 1],[1. 0.],1,0,[0.6 0.6],1.0,0.0,1.0
290,0.0,1,146.0,1,291,1,False,0.0,0,2.0,[2 1],[1. 0.],1,0,[0.6 0.6],1.0,0.0,1.0
291,0.0,1,146.0,0,292,0,False,2.0,1,0.0,[1 2],[1. 0.],1,0,[0.6 0.6],1.0,0.0,1.0
292,0.0,1,147.0,2,293,1,False,0.0,0,2.0,[1 2],[1. 0.],1,0,[0.6 0.6],1.0,0.0,1.0
293,0.0,1,147.0,0,294,0,False,2.0,1,0.0,[1 1],[1. 0.],0,0,[0.6 0.6],1.0,0.0,1.0
294,0.0,1,148.0,1,295,1,False,0.0,0,1.0,[1 1],[1. 0.],0,0,[0.6 0.6],1.0,0.0,1.0
295,1.0,1,148.0,0,296,0,False,1.0,1,0.0,[2 1],[1. 0.],0,0,[0.6 0.6],1.0,0.0,1.0
296,0.0,1,149.0,1,297,1,False,0.0,0,1.0,[2 1],[1. 0.],0,0,[0.6 0.6],1.0,0.0,1.0
297,0.0,1,149.0,0,298,0,False,1.0,1,0.0,[1 1],[1. 0.],0,0,[0.6 0.6],1.0,0.0,1.0
298,0.0,1,150.0,1,299,1,False,0.0,0,1.0,[1 1],[1. 0.],0,0,[0.6 0.6],1.0,0.0,1.0
299,1.0,1,150.0,0,300,0,False,1.0,1,0.0,[2 2],[1. 0.],1,0,[0.6 0.6],1.0,0.0,1.0
300,0.0,1,151.0,1,301,1,False,0.0,0,2.0,[2 2],[1. 0.],1,0,[0.6 0.6],1.0,0.0,1.0
301,0.0,1,151.0,0,302,0,False,2.0,1,0.0,[2 2],[1. 0.],0,0,[0.6 0.6],1.0,0.0,1.0
302,0.0,1,152.0,1,303,1,False,0.0,0,1.0,[2 2],[1. 0.],0,0,[0.6 0.6],1.0,0.0,1.0
303,0.0,1,152.0,0,304,0,False,1.0,1,0.0,[1 2],[1. 0.],0,0,[0.6 0.6],1.0,0.0,1.0
304,0.0,1,153.0,1,305,1,False,0.0,0,1.0,[1 2],[1. 0.],0,0,[0.6 0.6],1.0,0.0,1.0
305,1.0,1,153.0,0,306,0,False,1.0,1,0.0,[2 1],[1. 0.],0,0,[0.6 0.6],1.0,0.0,1.0
306,0.0,1,154.0,1,307,1,False,0.0,0,1.0,[2 1],[1. 0.],0,0,[0.6 0.6],1.0,0.0,1.0
307,0.0,1,154.0,0,308,0,False,1.0,1,0.0,[2 1],[1. 0.],1,0,[0.6 0.6],1.0,0.0,1.0
308,0.0,1,155.0,1,309,1,False,0.0,0,2.0,[2 1],[1. 0.],1,0,[0.6 0.6],1.0,0.0,1.0
309,0.0,1,155.0,0,310,0,False,2.0,1,0.0,[1 2],[1. 0.],1,0,[0.6 0.6],1.0,0.0,1.0
310,0.0,1,156.0,2,311,1,False,0.0,0,2.0,[1 2],[1. 0.],1,0,[0.6 0.6],1.0,0.0,1.0
311,0.0,1,156.0,0,312,0,False,2.0,1,0.0,[2 2],[1. 0.],1,0,[0.6 0.6],1.0,0.0,1.0
312,0.0,1,157.0,1,313,1,False,0.0,0,2.0,[2 2],[1. 0.],1,0,[0.6 0.6],1.0,0.0,1.0
313,0.0,1,157.0,0,314,0,False,2.0,1,0.0,[2 1],[1. 0.],1,0,[0.6 0.6],1.0,0.0,1.0
314,0.0,1,158.0,2,315,1,False,0.0,0,2.0,[2 1],[1. 0.],1,0,[0.6 0.6],1.0,0.0,1.0
315,1.0,1,158.0,0,316,0,False,2.0,1,0.0,[2 2],[1. 0.],0,0,[0.6 0.6],1.0,0.0,1.0
316,0.0,1,159.0,2,317,1,False,0.0,0,1.0,[2 2],[1. 0.],0,0,[0.6 0.6],1.0,0.0,1.0
317,0.0,1,159.0,0,318,0,False,1.0,1,0.0,[2 2],[1. 0.],0,0,[0.6 0.6],1.0,0.0,1.0
318,0.0,1,160.0,2,319,1,False,0.0,0,1.0,[2 2],[1. 0.],0,0,[0.6 0.6],1.0,0.0,1.0
319,0.0,1,160.0,0,320,0,False,1.0,1,0.0,[2 2],[1. 0.],0,0,[0.6 0.6],1.0,0.0,1.0
320,0.0,1,161.0,2,321,1,False,0.0,0,1.0,[2 2],[1. 0.],0,0,[0.6 0.6],1.0,0.0,1.0
321,0.0,1,161.0,0,322,0,False,1.0,1,0.0,[2 1],[1. 0.],1,0,[0.6 0.6],1.0,0.0,1.0
322,0.0,1,162.0,1,323,1,False,0.0,0,2.0,[2 1],[1. 0.],1,0,[0.6 0.6],1.0,0.0,1.0
323,0.0,1,162.0,0,324,0,False,2.0,1,0.0,[2 2],[1. 0.],1,0,[0.6 0.6],1.0,0.0,1.0
324,0.0,1,163.0,2,325,1,False,0.0,0,2.0,[2 2],[1. 0.],1,0,[0.6 0.6],1.0,0.0,1.0
325,0.0,1,163.0,0,326,0,False,2.0,1,0.0,[2 2],[1. 0.],0,0,[0.6 0.6],1.0,0.0,1.0
326,0.0,1,164.0,1,327,1,False,0.0,0,1.0,[2 2],[1. 0.],0,0,[0.6 0.6],1.0,0.0,1.0
327,0.0,1,164.0,0,328,0,False,1.0,1,0.0,[1 2],[1. 0.],1,0,[0.6 0.6],1.0,0.0,1.0
328,0.0,1,165.0,2,329,1,False,0.0,0,2.0,[1 2],[1. 0.],1,0,[0.6 0.6],1.0,0.0,1.0
329,0.0,1,165.0,0,330,0,False,2.0,1,0.0,[1 2],[1. 0.],1,0,[0.6 0.6],1.0,0.0,1.0
330,0.0,1,166.0,1,331,1,False,0.0,0,2.0,[1 2],[1. 0.],1,0,[0.6 0.6],1.0,0.0,1.0
331,1.0,1,166.0,0,332,0,False,2.0,1,0.0,[1 1],[1. 0.],1,0,[0.6 0.6],1.0,0.0,1.0
332,0.0,1,167.0,1,333,1,False,0.0,0,2.0,[1 1],[1. 0.],1,0,[0.6 0.6],1.0,0.0,1.0
333,1.0,1,167.0,0,334,0,False,2.0,1,0.0,[1 1],[1. 0.],0,0,[0.6 0.6],1.0,0.0,1.0
334,0.0,1,168.0,1,335,1,False,0.0,0,1.0,[1 1],[1. 0.],0,0,[0.6 0.6],1.0,0.0,1.0
335,1.0,1,168.0,0,336,0,False,1.0,1,0.0,[1 1],[1. 0.],1,0,[0.6 0.6],1.0,0.0,1.0
336,0.0,1,169.0,1,337,1,False,0.0,0,2.0,[1 1],[1. 0.],1,0,[0.6 0.6],1.0,0.0,1.0
337,1.0,1,169.0,0,338,0,False,2.0,1,0.0,[1 2],[1. 0.],0,0,[0.6 0.6],1.0,0.0,1.0
338,0.0,1,170.0,1,339,1,False,0.0,0,1.0,[1 2],[1. 0.],0,0,[0.6 0.6],1.0,0.0,1.0
339,1.0,1,170.0,0,340,0,False,1.0,1,0.0,[1 1],[1. 0.],1,0,[0.6 0.6],1.0,0.0,1.0
340,0.0,1,171.0,1,341,1,False,0.0,0,2.0,[1 1],[1. 0.],1,0,[0.6 0.6],1.0,0.0,1.0
341,1.0,1,171.0,0,342,0,False,2.0,1,0.0,[1 2],[1. 0.],0,0,[0.6 0.6],1.0,0.0,1.0
342,0.0,1,172.0,1,343,1,False,0.0,0,1.0,[1 2],[1. 0.],0,0,[0.6 0.6],1.0,0.0,1.0
343,1.0,1,172.0,0,344,0,False,1.0,1,0.0,[2 1],[1. 0.],1,0,[0.6 0.6],1.0,0.0,1.0
344,0.0,1,173.0,1,345,1,False,0.0,0,2.0,[2 1],[1. 0.],1,0,[0.6 0.6],1.0,0.0,1.0
345,0.0,1,173.0,0,346,0,False,2.0,1,0.0,[2 1],[1. 0.],1,0,[0.6 0.6],1.0,0.0,1.0
346,0.0,1,174.0,1,347,1,False,0.0,0,2.0,[2 1],[1. 0.],1,0,[0.6 0.6],1.0,0.0,1.0
347,0.0,1,174.0,0,348,0,False,2.0,1,0.0,[2 2],[1. 0.],0,0,[0.6 0.6],1.0,0.0,1.0
348,0.0,1,175.0,1,349,1,False,0.0,0,1.0,[2 2],[1. 0.],0,0,[0.6 0.6],1.0,0.0,1.0
349,0.0,1,175.0,0,350,0,False,1.0,1,0.0,[2 1],[1. 0.],1,0,[0.6 0.6],1.0,0.0,1.0
350,0.0,1,176.0,1,351,1,False,0.0,0,2.0,[2 1],[1. 0.],1,0,[0.6 0.6],1.0,0.0,1.0
351,0.0,1,176.0,0,352,0,False,2.0,1,0.0,[1 2],[1. 0.],0,0,[0.6 0.6],1.0,0.0,1.0
352,0.0,1,177.0,1,353,1,False,0.0,0,1.0,[1 2],[1. 0.],0,0,[0.6 0.6],1.0,0.0,1.0
353,1.0,1,177.0,0,354,0,False,1.0,1,0.0,[2 2],[1. 0.],0,0,[0.6 0.6],1.0,0.0,1.0
354,0.0,1,178.0,1,355,1,False,0.0,0,1.0,[2 2],[1. 0.],0,0,[0.6 0.6],1.0,0.0,1.0
355,0.0,1,178.0,0,356,0,False,1.0,1,0.0,[1 1],[1. 0.],0,0,[0.6 0.6],1.0,0.0,1.0
356,0.0,1,179.0,1,357,1,False,0.0,0,1.0,[1 1],[1. 0.],0,0,[0.6 0.6],1.0,0.0,1.0
357,1.0,1,179.0,0,358,0,False,1.0,1,0.0,[2 2],[1. 0.],0,0,[0.6 0.6],1.0,0.0,1.0
358,0.0,1,180.0,1,359,1,False,0.0,0,1.0,[2 2],[1. 0.],0,0,[0.6 0.6],1.0,0.0,1.0
359,0.0,1,180.0,0,360,0,False,1.0,1,0.0,[1 1],[1. 0.],0,0,[0.6 0.6],1.0,0.0,1.0
360,0.0,1,181.0,1,361,1,False,0.0,0,1.0,[1 1],[1. 0.],0,0,[0.6 0.6],1.0,0.0,1.0
361,1.0,1,181.0,0,362,0,False,1.0,1,0.0,[1 2],[1. 0.],1,0,[0.6 0.6],1.0,0.0,1.0
362,0.0,1,182.0,1,363,1,False,0.0,0,2.0,[1 2],[1. 0.],1,0,[0.6 0.6],1.0,0.0,1.0
363,1.0,1,182.0,0,364,0,False,2.0,1,0.0,[1 1],[1. 0.],0,0,[0.6 0.6],1.0,0.0,1.0
364,0.0,1,183.0,1,365,1,False,0.0,0,1.0,[1 1],[1. 0.],0,0,[0.6 0.6],1.0,0.0,1.0
365,1.0,1,183.0,0,366,0,False,1.0,1,0.0,[2 1],[1. 0.],0,0,[0.6 0.6],1.0,0.0,1.0
366,0.0,1,184.0,1,367,1,False,0.0,0,1.0,[2 1],[1. 0.],0,0,[0.6 0.6],1.0,0.0,1.0
367,0.0,1,184.0,0,368,0,False,1.0,1,0.0,[1 1],[1. 0.],1,0,[0.6 0.6],1.0,0.0,1.0
368,0.0,1,185.0,1,369,1,False,0.0,0,2.0,[1 1],[1. 0.],1,0,[0.6 0.6],1.0,0.0,1.0
369,1.0,1,185.0,0,370,0,False,2.0,1,0.0,[2 2],[1. 0.],0,0,[0.6 0.6],1.0,0.0,1.0
370,0.0,1,186.0,1,371,1,False,0.0,0,1.0,[2 2],[1. 0.],0,0,[0.6 0.6],1.0,0.0,1.0
371,0.0,1,186.0,0,372,0,False,1.0,1,0.0,[1 1],[1. 0.],1,0,[0.6 0.6],1.0,0.0,1.0
372,0.0,1,187.0,1,373,1,False,0.0,0,2.0,[1 1],[1. 0.],1,0,[0.6 0.6],1.0,0.0,1.0
373,1.0,1,187.0,0,374,0,False,2.0,1,0.0,[2 1],[1. 0.],1,0,[0.6 0.6],1.0,0.0,1.0
374,0.0,1,188.0,1,375,1,False,0.0,0,2.0,[2 1],[1. 0.],1,0,[0.6 0.6],1.0,0.0,1.0
375,0.0,1,188.0,0,376,0,False,2.0,1,0.0,[2 1],[1. 0.],0,0,[0.6 0.6],1.0,0.0,1.0
376,0.0,1,189.0,1,377,1,False,0.0,0,1.0,[2 1],[1. 0.],0,0,[0.6 0.6],1.0,0.0,1.0
377,0.0,1,189.0,0,378,0,False,1.0,1,0.0,[1 1],[1. 0.],0,0,[0.6 0.6],1.0,0.0,1.0
378,0.0,1,190.0,1,379,1,False,0.0,0,1.0,[1 1],[1. 0.],0,0,[0.6 0.6],1.0,0.0,1.0
379,1.0,1,190.0,0,380,0,False,1.0,1,0.0,[2 2],[1. 0.],1,0,[0.6 0.6],1.0,0.0,1.0
380,0.0,1,191.0,1,381,1,False,0.0,0,2.0,[2 2],[1. 0.],1,0,[0.6 0.6],1.0,0.0,1.0
381,0.0,1,191.0,0,382,0,False,2.0,1,0.0,[1 1],[1. 0.],0,0,[0.6 0.6],1.0,0.0,1.0
382,0.0,1,192.0,1,383,1,False,0.0,0,1.0,[1 1],[1. 0.],0,0,[0.6 0.6],1.0,0.0,1.0
383,1.0,1,192.0,0,384,0,False,1.0,1,0.0,[1 2],[1. 0.],0,0,[0.6 0.6],1.0,0.0,1.0
384,0.0,1,193.0,1,385,1,False,0.0,0,1.0,[1 2],[1. 0.],0,0,[0.6 0.6],1.0,0.0,1.0
385,1.0,1,193.0,0,386,0,False,1.0,1,0.0,[2 1],[1. 0.],1,0,[0.6 0.6],1.0,0.0,1.0
386,0.0,1,194.0,1,387,1,False,0.0,0,2.0,[2 1],[1. 0.],1,0,[0.6 0.6],1.0,0.0,1.0
387,0.0,1,194.0,0,388,0,False,2.0,1,0.0,[2 2],[1. 0.],1,0,[0.6 0.6],1.0,0.0,1.0
388,0.0,1,195.0,1,389,1,False,0.0,0,2.0,[2 2],[1. 0.],1,0,[0.6 0.6],1.0,0.0,1.0
389,0.0,1,195.0,0,390,0,False,2.0,1,0.0,[2 1],[1. 0.],0,0,[0.6 0.6],1.0,0.0,1.0
390,0.0,1,196.0,1,391,1,False,0.0,0,1.0,[2 1],[1. 0.],0,0,[0.6 0.6],1.0,0.0,1.0
391,0.0,1,196.0,0,392,0,False,1.0,1,0.0,[2 2],[1. 0.],1,0,[0.6 0.6],1.0,0.0,1.0
392,0.0,1,197.0,2,393,1,False,0.0,0,2.0,[2 2],[1. 0.],1,0,[0.6 0.6],1.0,0.0,1.0
393,0.0,1,197.0,0,394,0,False,2.0,1,0.0,[2 1],[1. 0.],1,0,[0.6 0.6],1.0,0.0,1.0
394,0.0,1,198.0,1,395,1,False,0.0,0,2.0,[2 1],[1. 0.],1,0,[0.6 0.6],1.0,0.0,1.0
395,0.0,1,198.0,0,396,0,False,2.0,1,0.0,[1 1],[1. 0.],1,0,[0.6 0.6],1.0,0.0,1.0
396,0.0,1,199.0,2,397,1,False,0.0,0,2.0,[1 1],[1. 0.],1,0,[0.6 0.6],1.0,0.0,1.0
397,1.0,1,199.0,0,398,0,False,2.0,1,0.0,[2 1],[1. 0.],1,0,[0.6 0.6],1.0,0.0,1.0
398,0.0,1,200.0,2,399,1,False,0.0,0,2.0,[2 1],[1. 0.],1,0,[0.6 0.6],1.0,0.0,1.0
399,1.0,1,200.0,0,400,0,False,2.0,1,0.0,[2 1],[1. 0.],1,0,[0.6 0.6],1.0,0.0,1.0
400,0.0,1,201.0,2,401,1,False,0.0,0,2.0,[2 1],[1. 0.],1,0,[0.6 0.6],1.0,0.0,1.0
401,1.0,1,201.0,0,402,0,False,2.0,1,0.0,[2 2],[1. 0.],1,0,[0.6 0.6],1.0,0.0,1.0
402,0.0,1,202.0,2,403,1,False,0.0,0,2.0,[2 2],[1. 0.],1,0,[0.6 0.6],1.0,0.0,1.0
403,0.0,1,202.0,0,404,0,False,2.0,1,0.0,[1 1],[1. 0.],0,0,[0.6 0.6],1.0,0.0,1.0
404,0.0,1,203.0,2,405,1,False,0.0,0,1.0,[1 1],[1. 0.],0,0,[0.6 0.6],1.0,0.0,1.0
405,1.0,1,203.0,0,406,0,False,1.0,1,0.0,[1 1],[1. 0.],0,0,[0.6 0.6],1.0,0.0,1.0
406,0.0,1,204.0,2,407,1,False,0.0,0,1.0,[1 1],[1. 0.],0,0,[0.6 0.6],1.0,0.0,1.0
407,1.0,1,204.0,0,408,0,False,1.0,1,0.0,[2 1],[1. 0.],1,0,[0.6 0.6],1.0,0.0,1.0
408,0.0,1,205.0,2,409,1,False,0.0,0,2.0,[2 1],[1. 0.],1,0,[0.6 0.6],1.0,0.0,1.0
409,1.0,1,205.0,0,410,0,False,2.0,1,0.0,[2 1],[1. 0.],1,0,[0.6 0.6],1.0,0.0,1.0
410,0.0,1,206.0,2,411,1,False,0.0,0,2.0,[2 1],[1. 0.],1,0,[0.6 0.6],1.0,0.0,1.0
411,1.0,1,206.0,0,412,0,False,2.0,1,0.0,[1 2],[1. 0.],0,0,[0.6 0.6],1.0,0.0,1.0
412,0.0,1,207.0,2,413,1,False,0.0,0,1.0,[1 2],[1. 0.],0,0,[0.6 0.6],1.0,0.0,1.0
413,0.0,1,207.0,0,414,0,False,1.0,1,0.0,[2 2],[1. 0.],1,0,[0.6 0.6],1.0,0.0,1.0
414,0.0,1,208.0,2,415,1,False,0.0,0,2.0,[2 2],[1. 0.],1,0,[0.6 0.6],1.0,0.0,1.0
415,0.0,1,208.0,0,416,0,False,2.0,1,0.0,[2 1],[1. 0.],1,0,[0.6 0.6],1.0,0.0,1.0
416,0.0,1,209.0,2,417,1,False,0.0,0,2.0,[2 1],[1. 0.],1,0,[0.6 0.6],1.0,0.0,1.0
417,1.0,1,209.0,0,418,0,False,2.0,1,0.0,[2 1],[1. 0.],1,0,[0.6 0.6],1.0,0.0,1.0
418,0.0,1,210.0,2,419,1,False,0.0,0,2.0,[2 1],[1. 0.],1,0,[0.6 0.6],1.0,0.0,1.0
419,1.0,1,210.0,0,420,0,False,2.0,1,0.0,[2 1],[1. 0.],1,0,[0.6 0.6],1.0,0.0,1.0
420,0.0,1,211.0,2,421,1,False,0.0,0,2.0,[2 1],[1. 0.],1,0,[0.6 0.6],1.0,0.0,1.0
421,1.0,1,211.0,0,422,0,False,2.0,1,0.0,[1 1],[1. 0.],1,0,[0.6 0.6],1.0,0.0,1.0
422,0.0,1,212.0,2,423,1,False,0.0,0,2.0,[1 1],[1. 0.],1,0,[0.6 0.6],1.0,0.0,1.0
423,1.0,1,212.0,0,424,0,False,2.0,1,0.0,[1 2],[1. 0.],1,0,[0.6 0.6],1.0,0.0,1.0
424,0.0,1,213.0,2,425,1,False,0.0,0,2.0,[1 2],[1. 0.],1,0,[0.6 0.6],1.0,0.0,1.0
425,0.0,1,213.0,0,426,0,False,2.0,1,0.0,[2 2],[1. 0.],0,0,[0.6 0.6],1.0,0.0,1.0
426,0.0,1,214.0,2,427,1,False,0.0,0,1.0,[2 2],[1. 0.],0,0,[0.6 0.6],1.0,0.0,1.0
427,0.0,1,214.0,0,428,0,False,1.0,1,0.0,[2 1],[1. 0.],0,0,[0.6 0.6],1.0,0.0,1.0
428,0.0,1,215.0,2,429,1,False,0.0,0,1.0,[2 1],[1. 0.],0,0,[0.6 0.6],1.0,0.0,1.0
429,1.0,1,215.0,0,430,0,False,1.0,1,0.0,[1 2],[1. 0.],1,0,[0.6 0.6],1.0,0.0,1.0
430,0.0,1,216.0,2,431,1,False,0.0,0,2.0,[1 2],[1. 0.],1,0,[0.6 0.6],1.0,0.0,1.0
431,0.0,1,216.0,0,432,0,False,2.0,1,0.0,[1 1],[1. 0.],0,0,[0.6 0.6],1.0,0.0,1.0
432,0.0,1,217.0,2,433,1,False,0.0,0,1.0,[1 1],[1. 0.],0,0,[0.6 0.6],1.0,0.0,1.0
433,1.0,1,217.0,0,434,0,False,1.0,1,0.0,[1 2],[1. 0.],1,0,[0.6 0.6],1.0,0.0,1.0
434,0.0,1,218.0,2,435,1,False,0.0,0,2.0,[1 2],[1. 0.],1,0,[0.6 0.6],1.0,0.0,1.0
435,0.0,1,218.0,0,436,0,False,2.0,1,0.0,[1 1],[1. 0.],1,0,[0.6 0.6],1.0,0.0,1.0
436,0.0,1,219.0,2,437,1,False,0.0,0,2.0,[1 1],[1. 0.],1,0,[0.6 0.6],1.0,0.0,1.0
437,1.0,1,219.0,0,438,0,False,2.0,1,0.0,[1 1],[1. 0.],1,0,[0.6 0.6],1.0,0.0,1.0
438,0.0,1,220.0,2,439,1,False,0.0,0,2.0,[1 1],[1. 0.],1,0,[0.6 0.6],1.0,0.0,1.0
439,1.0,1,220.0,0,440,0,False,2.0,1,0.0,[1 2],[1. 0.],1,0,[0.6 0.6],1.0,0.0,1.0
440,0.0,1,221.0,2,441,1,False,0.0,0,2.0,[1 2],[1. 0.],1,0,[0.6 0.6],1.0,0.0,1.0
441,0.0,1,221.0,0,442,0,False,2.0,1,0.0,[1 1],[1. 0.],1,0,[0.6 0.6],1.0,0.0,1.0
442,0.0,1,222.0,2,443,1,False,0.0,0,2.0,[1 1],[1. 0.],1,0,[0.6 0.6],1.0,0.0,1.0
443,1.0,1,222.0,0,444,0,False,2.0,1,0.0,[2 1],[1. 0.],1,0,[0.6 0.6],1.0,0.0,1.0
444,0.0,1,223.0,2,445,1,False,0.0,0,2.0,[2 1],[1. 0.],1,0,[0.6 0.6],1.0,0.0,1.0
445,1.0,1,223.0,0,446,0,False,2.0,1,0.0,[2 1],[1. 0.],0,0,[0.6 0.6],1.0,0.0,1.0
446,0.0,1,224.0,2,447,1,False,0.0,0,1.0,[2 1],[1. 0.],0,0,[0.6 0.6],1.0,0.0,1.0
447,1.0,1,224.0,0,448,0,False,1.0,1,0.0,[1 1],[1. 0.],0,0,[0.6 0.6],1.0,0.0,1.0
448,0.0,1,225.0,2,449,1,False,0.0,0,1.0,[1 1],[1. 0.],0,0,[0.6 0.6],1.0,0.0,1.0
449,1.0,1,225.0,0,450,0,False,1.0,1,0.0,[1 1],[1. 0.],0,0,[0.6 0.6],1.0,0.0,1.0
450,0.0,1,226.0,2,451,1,False,0.0,0,1.0,[1 1],[1. 0.],0,0,[0.6 0.6],1.0,0.0,1.0
451,1.0,1,226.0,0,452,0,False,1.0,1,0.0,[1 1],[1. 0.],1,0,[0.6 0.6],1.0,0.0,1.0
452,0.0,1,227.0,2,453,1,False,0.0,0,2.0,[1 1],[1. 0.],1,0,[0.6 0.6],1.0,0.0,1.0
453,1.0,1,227.0,0,454,0,False,2.0,1,0.0,[2 2],[1. 0.],0,0,[0.6 0.6],1.0,0.0,1.0
454,0.0,1,228.0,2,455,1,False,0.0,0,1.0,[2 2],[1. 0.],0,0,[0.6 0.6],1.0,0.0,1.0
455,0.0,1,228.0,0,456,0,False,1.0,1,0.0,[2 1],[1. 0.],0,0,[0.6 0.6],1.0,0.0,1.0
456,0.0,1,229.0,2,457,1,False,0.0,0,1.0,[2 1],[1. 0.],0,0,[0.6 0.6],1.0,0.0,1.0
457,1.0,1,229.0,0,458,0,False,1.0,1,0.0,[1 2],[1. 0.],0,0,[0.6 0.6],1.0,0.0,1.0
458,0.0,1,230.0,2,459,1,False,0.0,0,1.0,[1 2],[1. 0.],0,0,[0.6 0.6],1.0,0.0,1.0
459,0.0,1,230.0,0,460,0,False,1.0,1,0.0,[1 1],[1. 0.],0,0,[0.6 0.6],1.0,0.0,1.0
460,0.0,1,231.0,2,461,1,False,0.0,0,1.0,[1 1],[1. 0.],0,0,[0.6 0.6],1.0,0.0,1.0
461,1.0,1,231.0,0,462,0,False,1.0,1,0.0,[2 1],[1. 0.],0,0,[0.6 0.6],1.0,0.0,1.0
462,0.0,1,232.0,2,463,1,False,0.0,0,1.0,[2 1],[1. 0.],0,0,[0.6 0.6],1.0,0.0,1.0
463,1.0,1,232.0,0,464,0,False,1.0,1,0.0,[2 2],[1. 0.],0,0,[0.6 0.6],1.0,0.0,1.0
464,0.0,1,233.0,2,465,1,False,0.0,0,1.0,[2 2],[1. 0.],0,0,[0.6 0.6],1.0,0.0,1.0
465,0.0,1,233.0,0,466,0,False,1.0,1,0.0,[1 2],[1. 0.],0,0,[0.6 0.6],1.0,0.0,1.0
466,0.0,1,234.0,2,467,1,False,0.0,0,1.0,[1 2],[1. 0.],0,0,[0.6 0.6],1.0,0.0,1.0
467,0.0,1,234.0,0,468,0,False,1.0,1,0.0,[1 2],[1. 0.],0,0,[0.6 0.6],1.0,0.0,1.0
468,0.0,1,235.0,2,469,1,False,0.0,0,1.0,[1 2],[1. 0.],0,0,[0.6 0.6],1.0,0.0,1.0
469,0.0,1,235.0,0,470,0,False,1.0,1,0.0,[1 1],[1. 0.],0,0,[0.6 0.6],1.0,0.0,1.0
470,0.0,1,236.0,2,471,1,False,0.0,0,1.0,[1 1],[1. 0.],0,0,[0.6 0.6],1.0,0.0,1.0
471,1.0,1,236.0,0,472,0,False,1.0,1,0.0,[1 1],[1. 0.],1,0,[0.6 0.6],1.0,0.0,1.0
472,0.0,1,237.0,2,473,1,False,0.0,0,2.0,[1 1],[1. 0.],1,0,[0.6 0.6],1.0,0.0,1.0
473,1.0,1,237.0,0,474,0,False,2.0,1,0.0,[1 1],[1. 0.],0,0,[0.6 0.6],1.0,0.0,1.0
474,0.0,1,238.0,2,475,1,False,0.0,0,1.0,[1 1],[1. 0.],0,0,[0.6 0.6],1.0,0.0,1.0
475,1.0,1,238.0,0,476,0,False,1.0,1,0.0,[1 2],[1. 0.],0,0,[0.6 0.6],1.0,0.0,1.0
476,0.0,1,239.0,2,477,1,False,0.0,0,1.0,[1 2],[1. 0.],0,0,[0.6 0.6],1.0,0.0,1.0
477,0.0,1,239.0,0,478,0,False,1.0,1,0.0,[2 2],[1. 0.],0,0,[0.6 0.6],1.0,0.0,1.0
478,0.0,1,240.0,2,479,1,False,0.0,0,1.0,[2 2],[1. 0.],0,0,[0.6 0.6],1.0,0.0,1.0
479,0.0,1,240.0,0,480,0,False,1.0,1,0.0,[2 2],[1. 0.],1,0,[0.6 0.6],1.0,0.0,1.0
480,0.0,1,241.0,2,481,1,False,0.0,0,2.0,[2 2],[1. 0.],1,0,[0.6 0.6],1.0,0.0,1.0
481,0.0,1,241.0,0,482,0,False,2.0,1,0.0,[2 2],[1. 0.],0,0,[0.6 0.6],1.0,0.0,1.0
482,0.0,1,242.0,2,483,1,False,0.0,0,1.0,[2 2],[1. 0.],0,0,[0.6 0.6],1.0,0.0,1.0
483,0.0,1,242.0,0,484,0,False,1.0,1,0.0,[2 2],[1. 0.],0,0,[0.6 0.6],1.0,0.0,1.0
484,0.0,1,243.0,1,485,1,False,0.0,0,1.0,[2 2],[1. 0.],0,0,[0.6 0.6],1.0,0.0,1.0
485,0.0,1,243.0,0,486,0,False,1.0,1,0.0,[2 1],[1. 0.],1,0,[0.6 0.6],1.0,0.0,1.0
486,0.0,1,244.0,2,487,1,False,0.0,0,2.0,[2 1],[1. 0.],1,0,[0.6 0.6],1.0,0.0,1.0
487,1.0,1,244.0,0,488,0,False,2.0,1,0.0,[1 1],[1. 0.],1,0,[0.6 0.6],1.0,0.0,1.0
488,0.0,1,245.0,2,489,1,False,0.0,0,2.0,[1 1],[1. 0.],1,0,[0.6 0.6],1.0,0.0,1.0
489,1.0,1,245.0,0,490,0,False,2.0,1,0.0,[1 1],[1. 0.],1,0,[0.6 0.6],1.0,0.0,1.0
490,0.0,1,246.0,2,491,1,False,0.0,0,2.0,[1 1],[1. 0.],1,0,[0.6 0.6],1.0,0.0,1.0
491,1.0,1,246.0,0,492,0,False,2.0,1,0.0,[2 2],[1. 0.],0,0,[0.6 0.6],1.0,0.0,1.0
492,0.0,1,247.0,2,493,1,False,0.0,0,1.0,[2 2],[1. 0.],0,0,[0.6 0.6],1.0,0.0,1.0
493,0.0,1,247.0,0,494,0,False,1.0,1,0.0,[2 1],[1. 0.],0,0,[0.6 0.6],1.0,0.0,1.0
494,0.0,1,248.0,2,495,1,False,0.0,0,1.0,[2 1],[1. 0.],0,0,[0.6 0.6],1.0,0.0,1.0
495,1.0,1,248.0,0,496,0,False,1.0,1,0.0,[1 1],[1. 0.],0,0,[0.6 0.6],1.0,0.0,1.0
496,0.0,1,249.0,2,497,1,False,0.0,0,1.0,[1 1],[1. 0.],0,0,[0.6 0.6],1.0,0.0,1.0
497,1.0,1,249.0,0,498,0,False,1.0,1,0.0,[2 2],[1. 0.],1,0,[0.6 0.6],1.0,0.0,1.0
498,0.0,1,250.0,2,499,1,False,0.0,0,2.0,[2 2],[1. 0.],1,0,[0.6 0.6],1.0,0.0,1.0
499,0.0,1,250.0,0,500,0,False,2.0,1,0.0,[1 1],[0. 1.],0,1,[0.6 0.6],1.0,0.0,1.0
500,0.0,1,251.0,2,501,1,False,0.0,0,1.0,[1 1],[0. 1.],0,1,[0.6 0.6],1.0,0.0,1.0
501,0.0,1,251.0,0,502,0,False,1.0,1,0.0,[2 2],[0. 1.],1,1,[0.6 0.6],1.0,0.0,1.0
502,0.0,1,252.0,2,503,1,False,0.0,0,2.0,[2 2],[0. 1.],1,1,[0.6 0.6],1.0,0.0,1.0
503,1.0,1,252.0,0,504,0,False,2.0,1,0.0,[2 1],[0. 1.],0,1,[0.6 0.6],1.0,0.0,1.0
504,0.0,1,253.0,2,505,1,False,0.0,0,1.0,[2 1],[0. 1.],0,1,[0.6 0.6],1.0,0.0,1.0
505,0.0,1,253.0,0,506,0,False,1.0,1,0.0,[2 2],[0. 1.],1,1,[0.6 0.6],1.0,0.0,1.0
506,0.0,1,254.0,2,507,1,False,0.0,0,2.0,[2 2],[0. 1.],1,1,[0.6 0.6],1.0,0.0,1.0
507,1.0,1,254.0,0,508,0,False,2.0,1,0.0,[1 2],[0. 1.],0,1,[0.6 0.6],1.0,0.0,1.0
508,0.0,1,255.0,2,509,1,False,0.0,0,1.0,[1 2],[0. 1.],0,1,[0.6 0.6],1.0,0.0,1.0
509,1.0,1,255.0,0,510,0,False,1.0,1,0.0,[2 1],[0. 1.],0,1,[0.6 0.6],1.0,0.0,1.0
510,0.0,1,256.0,2,511,1,False,0.0,0,1.0,[2 1],[0. 1.],0,1,[0.6 0.6],1.0,0.0,1.0
511,0.0,1,256.0,0,512,0,False,1.0,1,0.0,[2 1],[0. 1.],0,1,[0.6 0.6],1.0,0.0,1.0
512,0.0,1,257.0,2,513,1,False,0.0,0,1.0,[2 1],[0. 1.],0,1,[0.6 0.6],1.0,0.0,1.0
513,0.0,1,257.0,0,514,0,False,1.0,1,0.0,[1 2],[0. 1.],1,1,[0.6 0.6],1.0,0.0,1.0
514,0.0,1,258.0,2,515,1,False,0.0,0,2.0,[1 2],[0. 1.],1,1,[0.6 0.6],1.0,0.0,1.0
515,1.0,1,258.0,0,516,0,False,2.0,1,0.0,[1 2],[0. 1.],1,1,[0.6 0.6],1.0,0.0,1.0
516,0.0,1,259.0,2,517,1,False,0.0,0,2.0,[1 2],[0. 1.],1,1,[0.6 0.6],1.0,0.0,1.0
517,1.0,1,259.0,0,518,0,False,2.0,1,0.0,[1 2],[0. 1.],1,1,[0.6 0.6],1.0,0.0,1.0
518,0.0,1,260.0,2,519,1,False,0.0,0,2.0,[1 2],[0. 1.],1,1,[0.6 0.6],1.0,0.0,1.0
519,1.0,1,260.0,0,520,0,False,2.0,1,0.0,[1 2],[0. 1.],0,1,[0.6 0.6],1.0,0.0,1.0
520,0.0,1,261.0,2,521,1,False,0.0,0,1.0,[1 2],[0. 1.],0,1,[0.6 0.6],1.0,0.0,1.0
521,1.0,1,261.0,0,522,0,False,1.0,1,0.0,[1 1],[0. 1.],1,1,[0.6 0.6],1.0,0.0,1.0
522,0.0,1,262.0,2,523,1,False,0.0,0,2.0,[1 1],[0. 1.],1,1,[0.6 0.6],1.0,0.0,1.0
523,0.0,1,262.0,0,524,0,False,2.0,1,0.0,[1 1],[0. 1.],1,1,[0.6 0.6],1.0,0.0,1.0
524,0.0,1,263.0,2,525,1,False,0.0,0,2.0,[1 1],[0. 1.],1,1,[0.6 0.6],1.0,0.0,1.0
525,0.0,1,263.0,0,526,0,False,2.0,1,0.0,[1 1],[0. 1.],0,1,[0.6 0.6],1.0,0.0,1.0
526,0.0,1,264.0,2,527,1,False,0.0,0,1.0,[1 1],[0. 1.],0,1,[0.6 0.6],1.0,0.0,1.0
527,0.0,1,264.0,0,528,0,False,1.0,1,0.0,[1 1],[0. 1.],1,1,[0.6 0.6],1.0,0.0,1.0
528,0.0,1,265.0,2,529,1,False,0.0,0,2.0,[1 1],[0. 1.],1,1,[0.6 0.6],1.0,0.0,1.0
529,0.0,1,265.0,0,530,0,False,2.0,1,0.0,[1 1],[0. 1.],1,1,[0.6 0.6],1.0,0.0,1.0
530,0.0,1,266.0,1,531,1,False,0.0,0,2.0,[1 1],[0. 1.],1,1,[0.6 0.6],1.0,0.0,1.0
531,0.0,1,266.0,0,532,0,False,2.0,1,0.0,[1 1],[0. 1.],1,1,[0.6 0.6],1.0,0.0,1.0
532,0.0,1,267.0,2,533,1,False,0.0,0,2.0,[1 1],[0. 1.],1,1,[0.6 0.6],1.0,0.0,1.0
533,0.0,1,267.0,0,534,0,False,2.0,1,0.0,[1 1],[1. 0.],1,0,[0.6 0.6],1.0,0.0,1.0
534,0.0,1,268.0,1,535,1,False,0.0,0,2.0,[1 1],[1. 0.],1,0,[0.6 0.6],1.0,0.0,1.0
535,1.0,1,268.0,0,536,0,False,2.0,1,0.0,[2 1],[1. 0.],1,0,[0.6 0.6],1.0,0.0,1.0
536,0.0,1,269.0,1,537,1,False,0.0,0,2.0,[2 1],[1. 0.],1,0,[0.6 0.6],1.0,0.0,1.0
537,0.0,1,269.0,0,538,0,False,2.0,1,0.0,[1 2],[1. 0.],0,0,[0.6 0.6],1.0,0.0,1.0
538,0.0,1,270.0,2,539,1,False,0.0,0,1.0,[1 2],[1. 0.],0,0,[0.6 0.6],1.0,0.0,1.0
539,0.0,1,270.0,0,540,0,False,1.0,1,0.0,[2 1],[1. 0.],1,0,[0.6 0.6],1.0,0.0,1.0
540,0.0,1,271.0,1,541,1,False,0.0,0,2.0,[2 1],[1. 0.],1,0,[0.6 0.6],1.0,0.0,1.0
541,0.0,1,271.0,0,542,0,False,2.0,1,0.0,[2 2],[1. 0.],0,0,[0.6 0.6],1.0,0.0,1.0
542,0.0,1,272.0,2,543,1,False,0.0,0,1.0,[2 2],[1. 0.],0,0,[0.6 0.6],1.0,0.0,1.0
543,0.0,1,272.0,0,544,0,False,1.0,1,0.0,[1 1],[1. 0.],0,0,[0.6 0.6],1.0,0.0,1.0
544,0.0,1,273.0,1,545,1,False,0.0,0,1.0,[1 1],[1. 0.],0,0,[0.6 0.6],1.0,0.0,1.0
545,1.0,1,273.0,0,546,0,False,1.0,1,0.0,[1 2],[1. 0.],0,0,[0.6 0.6],1.0,0.0,1.0
546,0.0,1,274.0,1,547,1,False,0.0,0,1.0,[1 2],[1. 0.],0,0,[0.6 0.6],1.0,0.0,1.0
547,1.0,1,274.0,0,548,0,False,1.0,1,0.0,[2 2],[1. 0.],0,0,[0.6 0.6],1.0,0.0,1.0
548,0.0,1,275.0,1,549,1,False,0.0,0,1.0,[2 2],[1. 0.],0,0,[0.6 0.6],1.0,0.0,1.0
549,0.0,1,275.0,0,550,0,False,1.0,1,0.0,[1 2],[1. 0.],1,0,[0.6 0.6],1.0,0.0,1.0
550,0.0,1,276.0,1,551,1,False,0.0,0,2.0,[1 2],[1. 0.],1,0,[0.6 0.6],1.0,0.0,1.0
551,1.0,1,276.0,0,552,0,False,2.0,1,0.0,[1 2],[1. 0.],1,0,[0.6 0.6],1.0,0.0,1.0
552,0.0,1,277.0,1,553,1,False,0.0,0,2.0,[1 2],[1. 0.],1,0,[0.6 0.6],1.0,0.0,1.0
553,1.0,1,277.0,0,554,0,False,2.0,1,0.0,[1 2],[1. 0.],1,0,[0.6 0.6],1.0,0.0,1.0
554,0.0,1,278.0,1,555,1,False,0.0,0,2.0,[1 2],[1. 0.],1,0,[0.6 0.6],1.0,0.0,1.0
555,1.0,1,278.0,0,556,0,False,2.0,1,0.0,[2 2],[1. 0.],0,0,[0.6 0.6],1.0,0.0,1.0
556,0.0,1,279.0,1,557,1,False,0.0,0,1.0,[2 2],[1. 0.],0,0,[0.6 0.6],1.0,0.0,1.0
557,0.0,1,279.0,0,558,0,False,1.0,1,0.0,[2 2],[1. 0.],0,0,[0.6 0.6],1.0,0.0,1.0
558,0.0,1,280.0,1,559,1,False,0.0,0,1.0,[2 2],[1. 0.],0,0,[0.6 0.6],1.0,0.0,1.0
559,0.0,1,280.0,0,560,0,False,1.0,1,0.0,[1 2],[1. 0.],1,0,[0.6 0.6],1.0,0.0,1.0
560,0.0,1,281.0,1,561,1,False,0.0,0,2.0,[1 2],[1. 0.],1,0,[0.6 0.6],1.0,0.0,1.0
561,1.0,1,281.0,0,562,0,False,2.0,1,0.0,[1 2],[1. 0.],1,0,[0.6 0.6],1.0,0.0,1.0
562,0.0,1,282.0,1,563,1,False,0.0,0,2.0,[1 2],[1. 0.],1,0,[0.6 0.6],1.0,0.0,1.0
563,1.0,1,282.0,0,564,0,False,2.0,1,0.0,[1 2],[1. 0.],0,0,[0.6 0.6],1.0,0.0,1.0
564,0.0,1,283.0,1,565,1,False,0.0,0,1.0,[1 2],[1. 0.],0,0,[0.6 0.6],1.0,0.0,1.0
565,1.0,1,283.0,0,566,0,False,1.0,1,0.0,[1 1],[1. 0.],0,0,[0.6 0.6],1.0,0.0,1.0
566,0.0,1,284.0,1,567,1,False,0.0,0,1.0,[1 1],[1. 0.],0,0,[0.6 0.6],1.0,0.0,1.0
567,1.0,1,284.0,0,568,0,False,1.0,1,0.0,[1 1],[1. 0.],1,0,[0.6 0.6],1.0,0.0,1.0
568,0.0,1,285.0,1,569,1,False,0.0,0,2.0,[1 1],[1. 0.],1,0,[0.6 0.6],1.0,0.0,1.0
569,1.0,1,285.0,0,570,0,False,2.0,1,0.0,[1 2],[1. 0.],0,0,[0.6 0.6],1.0,0.0,1.0
570,0.0,1,286.0,1,571,1,False,0.0,0,1.0,[1 2],[1. 0.],0,0,[0.6 0.6],1.0,0.0,1.0
571,1.0,1,286.0,0,572,0,False,1.0,1,0.0,[2 1],[1. 0.],0,0,[0.6 0.6],1.0,0.0,1.0
572,0.0,1,287.0,1,573,1,False,0.0,0,1.0,[2 1],[1. 0.],0,0,[0.6 0.6],1.0,0.0,1.0
573,0.0,1,287.0,0,574,0,False,1.0,1,0.0,[1 1],[1. 0.],1,0,[0.6 0.6],1.0,0.0,1.0
574,0.0,1,288.0,1,575,1,False,0.0,0,2.0,[1 1],[1. 0.],1,0,[0.6 0.6],1.0,0.0,1.0
575,1.0,1,288.0,0,576,0,False,2.0,1,0.0,[2 2],[1. 0.],0,0,[0.6 0.6],1.0,0.0,1.0
576,0.0,1,289.0,1,577,1,False,0.0,0,1.0,[2 2],[1. 0.],0,0,[0.6 0.6],1.0,0.0,1.0
577,0.0,1,289.0,0,578,0,False,1.0,1,0.0,[1 2],[1. 0.],1,0,[0.6 0.6],1.0,0.0,1.0
578,0.0,1,290.0,1,579,1,False,0.0,0,2.0,[1 2],[1. 0.],1,0,[0.6 0.6],1.0,0.0,1.0
579,1.0,1,290.0,0,580,0,False,2.0,1,0.0,[1 1],[1. 0.],1,0,[0.6 0.6],1.0,0.0,1.0
580,0.0,1,291.0,1,581,1,False,0.0,0,2.0,[1 1],[1. 0.],1,0,[0.6 0.6],1.0,0.0,1.0
581,1.0,1,291.0,0,582,0,False,2.0,1,0.0,[1 1],[0. 1.],0,1,[0.6 0.6],1.0,0.0,1.0
582,0.0,1,292.0,1,583,1,False,0.0,0,1.0,[1 1],[0. 1.],0,1,[0.6 0.6],1.0,0.0,1.0
583,0.0,1,292.0,0,584,0,False,1.0,1,0.0,[1 2],[0. 1.],1,1,[0.6 0.6],1.0,0.0,1.0
584,0.0,1,293.0,1,585,1,False,0.0,0,2.0,[1 2],[0. 1.],1,1,[0.6 0.6],1.0,0.0,1.0
585,0.0,1,293.0,0,586,0,False,2.0,1,0.0,[2 1],[0. 1.],1,1,[0.6 0.6],1.0,0.0,1.0
586,0.0,1,294.0,1,587,1,False,0.0,0,2.0,[2 1],[0. 1.],1,1,[0.6 0.6],1.0,0.0,1.0
587,1.0,1,294.0,0,588,0,False,2.0,1,0.0,[1 1],[0. 1.],1,1,[0.6 0.6],1.0,0.0,1.0
588,0.0,1,295.0,1,589,1,False,0.0,0,2.0,[1 1],[0. 1.],1,1,[0.6 0.6],1.0,0.0,1.0
589,0.0,1,295.0,0,590,0,False,2.0,1,0.0,[2 2],[0. 1.],1,1,[0.6 0.6],1.0,0.0,1.0
590,0.0,1,296.0,1,591,1,False,0.0,0,2.0,[2 2],[0. 1.],1,1,[0.6 0.6],1.0,0.0,1.0
591,1.0,1,296.0,0,592,0,False,2.0,1,0.0,[1 2],[0. 1.],0,1,[0.6 0.6],1.0,0.0,1.0
592,0.0,1,297.0,1,593,1,False,0.0,0,1.0,[1 2],[0. 1.],0,1,[0.6 0.6],1.0,0.0,1.0
593,0.0,1,297.0,0,594,0,False,1.0,1,0.0,[2 2],[0. 1.],0,1,[0.6 0.6],1.0,0.0,1.0
594,0.0,1,298.0,1,595,1,False,0.0,0,1.0,[2 2],[0. 1.],0,1,[0.6 0.6],1.0,0.0,1.0
595,1.0,1,298.0,0,596,0,False,1.0,1,0.0,[1 2],[0. 1.],0,1,[0.6 0.6],1.0,0.0,1.0
596,0.0,1,299.0,1,597,1,False,0.0,0,1.0,[1 2],[0. 1.],0,1,[0.6 0.6],1.0,0.0,1.0
597,0.0,1,299.0,0,598,0,False,1.0,1,0.0,[1 1],[0. 1.],0,1,[0.6 0.6],1.0,0.0,1.0
598,0.0,1,300.0,1,599,1,False,0.0,0,1.0,[1 1],[0. 1.],0,1,[0.6 0.6],1.0,0.0,1.0
599,0.0,1,300.0,0,600,0,False,1.0,1,0.0,[2 2],[0. 1.],1,1,[0.6 0.6],1.0,0.0,1.0
600,0.0,1,301.0,2,601,1,False,0.0,0,2.0,[2 2],[0. 1.],1,1,[0.6 0.6],1.0,0.0,1.0
601,1.0,1,301.0,0,602,0,False,2.0,1,0.0,[1 1],[0. 1.],1,1,[0.6 0.6],1.0,0.0,1.0
602,0.0,1,302.0,2,603,1,False,0.0,0,2.0,[1 1],[0. 1.],1,1,[0.6 0.6],1.0,0.0,1.0
603,0.0,1,302.0,0,604,0,False,2.0,1,0.0,[2 2],[0. 1.],1,1,[0.6 0.6],1.0,0.0,1.0
604,0.0,1,303.0,2,605,1,False,0.0,0,2.0,[2 2],[0. 1.],1,1,[0.6 0.6],1.0,0.0,1.0
605,1.0,1,303.0,0,606,0,False,2.0,1,0.0,[1 1],[0. 1.],0,1,[0.6 0.6],1.0,0.0,1.0
606,0.0,1,304.0,2,607,1,False,0.0,0,1.0,[1 1],[0. 1.],0,1,[0.6 0.6],1.0,0.0,1.0
607,0.0,1,304.0,0,608,0,False,1.0,1,0.0,[1 2],[0. 1.],1,1,[0.6 0.6],1.0,0.0,1.0
608,0.0,1,305.0,2,609,1,False,0.0,0,2.0,[1 2],[0. 1.],1,1,[0.6 0.6],1.0,0.0,1.0
609,1.0,1,305.0,0,610,0,False,2.0,1,0.0,[2 1],[0. 1.],1,1,[0.6 0.6],1.0,0.0,1.0
610,0.0,1,306.0,2,611,1,False,0.0,0,2.0,[2 1],[0. 1.],1,1,[0.6 0.6],1.0,0.0,1.0
611,0.0,1,306.0,0,612,0,False,2.0,1,0.0,[1 1],[0. 1.],1,1,[0.6 0.6],1.0,0.0,1.0
612,0.0,1,307.0,2,613,1,False,0.0,0,2.0,[1 1],[0. 1.],1,1,[0.6 0.6],1.0,0.0,1.0
613,0.0,1,307.0,0,614,0,False,2.0,1,0.0,[1 2],[0. 1.],0,1,[0.6 0.6],1.0,0.0,1.0
614,0.0,1,308.0,2,615,1,False,0.0,0,1.0,[1 2],[0. 1.],0,1,[0.6 0.6],1.0,0.0,1.0
615,1.0,1,308.0,0,616,0,False,1.0,1,0.0,[1 1],[0. 1.],1,1,[0.6 0.6],1.0,0.0,1.0
616,0.0,1,309.0,2,617,1,False,0.0,0,2.0,[1 1],[0. 1.],1,1,[0.6 0.6],1.0,0.0,1.0
617,0.0,1,309.0,0,618,0,False,2.0,1,0.0,[2 2],[0. 1.],1,1,[0.6 0.6],1.0,0.0,1.0
618,0.0,1,310.0,2,619,1,False,0.0,0,2.0,[2 2],[0. 1.],1,1,[0.6 0.6],1.0,0.0,1.0
619,1.0,1,310.0,0,620,0,False,2.0,1,0.0,[2 2],[0. 1.],1,1,[0.6 0.6],1.0,0.0,1.0
620,0.0,1,311.0,2,621,1,False,0.0,0,2.0,[2 2],[0. 1.],1,1,[0.6 0.6],1.0,0.0,1.0
621,1.0,1,311.0,0,622,0,False,2.0,1,0.0,[1 1],[0. 1.],0,1,[0.6 0.6],1.0,0.0,1.0
622,0.0,1,312.0,2,623,1,False,0.0,0,1.0,[1 1],[0. 1.],0,1,[0.6 0.6],1.0,0.0,1.0
623,0.0,1,312.0,0,624,0,False,1.0,1,0.0,[2 1],[0. 1.],1,1,[0.6 0.6],1.0,0.0,1.0
624,0.0,1,313.0,2,625,1,False,0.0,0,2.0,[2 1],[0. 1.],1,1,[0.6 0.6],1.0,0.0,1.0
625,0.0,1,313.0,0,626,0,False,2.0,1,0.0,[1 1],[0. 1.],0,1,[0.6 0.6],1.0,0.0,1.0
626,0.0,1,314.0,2,627,1,False,0.0,0,1.0,[1 1],[0. 1.],0,1,[0.6 0.6],1.0,0.0,1.0
627,0.0,1,314.0,0,628,0,False,1.0,1,0.0,[1 2],[0. 1.],1,1,[0.6 0.6],1.0,0.0,1.0
628,0.0,1,315.0,1,629,1,False,0.0,0,2.0,[1 2],[0. 1.],1,1,[0.6 0.6],1.0,0.0,1.0
629,0.0,1,315.0,0,630,0,False,2.0,1,0.0,[1 1],[0. 1.],0,1,[0.6 0.6],1.0,0.0,1.0
630,0.0,1,316.0,2,631,1,False,0.0,0,1.0,[1 1],[0. 1.],0,1,[0.6 0.6],1.0,0.0,1.0
631,0.0,1,316.0,0,632,0,False,1.0,1,0.0,[1 2],[0. 1.],1,1,[0.6 0.6],1.0,0.0,1.0
632,0.0,1,317.0,1,633,1,False,0.0,0,2.0,[1 2],[0. 1.],1,1,[0.6 0.6],1.0,0.0,1.0
633,0.0,1,317.0,0,634,0,False,2.0,1,0.0,[2 1],[0. 1.],0,1,[0.6 0.6],1.0,0.0,1.0
634,0.0,1,318.0,2,635,1,False,0.0,0,1.0,[2 1],[0. 1.],0,1,[0.6 0.6],1.0,0.0,1.0
635,0.0,1,318.0,0,636,0,False,1.0,1,0.0,[1 2],[0. 1.],1,1,[0.6 0.6],1.0,0.0,1.0
636,0.0,1,319.0,1,637,1,False,0.0,0,2.0,[1 2],[0. 1.],1,1,[0.6 0.6],1.0,0.0,1.0
637,0.0,1,319.0,0,638,0,False,2.0,1,0.0,[2 1],[0. 1.],1,1,[0.6 0.6],1.0,0.0,1.0
638,0.0,1,320.0,2,639,1,False,0.0,0,2.0,[2 1],[0. 1.],1,1,[0.6 0.6],1.0,0.0,1.0
639,0.0,1,320.0,0,640,0,False,2.0,1,0.0,[2 1],[0. 1.],0,1,[0.6 0.6],1.0,0.0,1.0
640,0.0,1,321.0,1,641,1,False,0.0,0,1.0,[2 1],[0. 1.],0,1,[0.6 0.6],1.0,0.0,1.0
641,1.0,1,321.0,0,642,0,False,1.0,1,0.0,[2 1],[1. 0.],0,0,[0.6 0.6],1.0,0.0,1.0
642,0.0,1,322.0,1,643,1,False,0.0,0,1.0,[2 1],[1. 0.],0,0,[0.6 0.6],1.0,0.0,1.0
643,0.0,1,322.0,0,644,0,False,1.0,1,0.0,[1 1],[1. 0.],1,0,[0.6 0.6],1.0,0.0,1.0
644,0.0,1,323.0,1,645,1,False,0.0,0,2.0,[1 1],[1. 0.],1,0,[0.6 0.6],1.0,0.0,1.0
645,1.0,1,323.0,0,646,0,False,2.0,1,0.0,[1 1],[1. 0.],0,0,[0.6 0.6],1.0,0.0,1.0
646,0.0,1,324.0,1,647,1,False,0.0,0,1.0,[1 1],[1. 0.],0,0,[0.6 0.6],1.0,0.0,1.0
647,1.0,1,324.0,0,648,0,False,1.0,1,0.0,[1 2],[1. 0.],0,0,[0.6 0.6],1.0,0.0,1.0
648,0.0,1,325.0,1,649,1,False,0.0,0,1.0,[1 2],[1. 0.],0,0,[0.6 0.6],1.0,0.0,1.0
649,1.0,1,325.0,0,650,0,False,1.0,1,0.0,[1 2],[1. 0.],1,0,[0.6 0.6],1.0,0.0,1.0
650,0.0,1,326.0,1,651,1,False,0.0,0,2.0,[1 2],[1. 0.],1,0,[0.6 0.6],1.0,0.0,1.0
651,1.0,1,326.0,0,652,0,False,2.0,1,0.0,[1 2],[1. 0.],1,0,[0.6 0.6],1.0,0.0,1.0
652,0.0,1,327.0,1,653,1,False,0.0,0,2.0,[1 2],[1. 0.],1,0,[0.6 0.6],1.0,0.0,1.0
653,1.0,1,327.0,0,654,0,False,2.0,1,0.0,[1 1],[1. 0.],1,0,[0.6 0.6],1.0,0.0,1.0
654,0.0,1,328.0,1,655,1,False,0.0,0,2.0,[1 1],[1. 0.],1,0,[0.6 0.6],1.0,0.0,1.0
655,1.0,1,328.0,0,656,0,False,2.0,1,0.0,[1 2],[1. 0.],0,0,[0.6 0.6],1.0,0.0,1.0
656,0.0,1,329.0,1,657,1,False,0.0,0,1.0,[1 2],[1. 0.],0,0,[0.6 0.6],1.0,0.0,1.0
657,1.0,1,329.0,0,658,0,False,1.0,1,0.0,[1 2],[1. 0.],0,0,[0.6 0.6],1.0,0.0,1.0
658,0.0,1,330.0,1,659,1,False,0.0,0,1.0,[1 2],[1. 0.],0,0,[0.6 0.6],1.0,0.0,1.0
659,1.0,1,330.0,0,660,0,False,1.0,1,0.0,[1 1],[1. 0.],0,0,[0.6 0.6],1.0,0.0,1.0
660,0.0,1,331.0,1,661,1,False,0.0,0,1.0,[1 1],[1. 0.],0,0,[0.6 0.6],1.0,0.0,1.0
661,1.0,1,331.0,0,662,0,False,1.0,1,0.0,[1 2],[1. 0.],1,0,[0.6 0.6],1.0,0.0,1.0
662,0.0,1,332.0,1,663,1,False,0.0,0,2.0,[1 2],[1. 0.],1,0,[0.6 0.6],1.0,0.0,1.0
663,1.0,1,332.0,0,664,0,False,2.0,1,0.0,[1 1],[1. 0.],0,0,[0.6 0.6],1.0,0.0,1.0
664,0.0,1,333.0,1,665,1,False,0.0,0,1.0,[1 1],[1. 0.],0,0,[0.6 0.6],1.0,0.0,1.0
665,1.0,1,333.0,0,666,0,False,1.0,1,0.0,[1 2],[1. 0.],0,0,[0.6 0.6],1.0,0.0,1.0
666,0.0,1,334.0,1,667,1,False,0.0,0,1.0,[1 2],[1. 0.],0,0,[0.6 0.6],1.0,0.0,1.0
667,1.0,1,334.0,0,668,0,False,1.0,1,0.0,[2 1],[1. 0.],1,0,[0.6 0.6],1.0,0.0,1.0
668,0.0,1,335.0,1,669,1,False,0.0,0,2.0,[2 1],[1. 0.],1,0,[0.6 0.6],1.0,0.0,1.0
669,0.0,1,335.0,0,670,0,False,2.0,1,0.0,[1 1],[1. 0.],0,0,[0.6 0.6],1.0,0.0,1.0
670,0.0,1,336.0,1,671,1,False,0.0,0,1.0,[1 1],[1. 0.],0,0,[0.6 0.6],1.0,0.0,1.0
671,1.0,1,336.0,0,672,0,False,1.0,1,0.0,[1 2],[1. 0.],0,0,[0.6 0.6],1.0,0.0,1.0
672,0.0,1,337.0,1,673,1,False,0.0,0,1.0,[1 2],[1. 0.],0,0,[0.6 0.6],1.0,0.0,1.0
673,1.0,1,337.0,0,674,0,False,1.0,1,0.0,[2 1],[1. 0.],0,0,[0.6 0.6],1.0,0.0,1.0
674,0.0,1,338.0,1,675,1,False,0.0,0,1.0,[2 1],[1. 0.],0,0,[0.6 0.6],1.0,0.0,1.0
675,0.0,1,338.0,0,676,0,False,1.0,1,0.0,[1 2],[1. 0.],1,0,[0.6 0.6],1.0,0.0,1.0
676,0.0,1,339.0,1,677,1,False,0.0,0,2.0,[1 2],[1. 0.],1,0,[0.6 0.6],1.0,0.0,1.0
677,1.0,1,339.0,0,678,0,False,2.0,1,0.0,[2 1],[1. 0.],1,0,[0.6 0.6],1.0,0.0,1.0
678,0.0,1,340.0,1,679,1,False,0.0,0,2.0,[2 1],[1. 0.],1,0,[0.6 0.6],1.0,0.0,1.0
679,0.0,1,340.0,0,680,0,False,2.0,1,0.0,[1 1],[1. 0.],1,0,[0.6 0.6],1.0,0.0,1.0
680,0.0,1,341.0,1,681,1,False,0.0,0,2.0,[1 1],[1. 0.],1,0,[0.6 0.6],1.0,0.0,1.0
681,1.0,1,341.0,0,682,0,False,2.0,1,0.0,[1 2],[1. 0.],0,0,[0.6 0.6],1.0,0.0,1.0
682,0.0,1,342.0,1,683,1,False,0.0,0,1.0,[1 2],[1. 0.],0,0,[0.6 0.6],1.0,0.0,1.0
683,1.0,1,342.0,0,684,0,False,1.0,1,0.0,[1 1],[1. 0.],0,0,[0.6 0.6],1.0,0.0,1.0
684,0.0,1,343.0,1,685,1,False,0.0,0,1.0,[1 1],[1. 0.],0,0,[0.6 0.6],1.0,0.0,1.0
685,1.0,1,343.0,0,686,0,False,1.0,1,0.0,[1 1],[1. 0.],1,0,[0.6 0.6],1.0,0.0,1.0
686,0.0,1,344.0,1,687,1,False,0.0,0,2.0,[1 1],[1. 0.],1,0,[0.6 0.6],1.0,0.0,1.0
687,1.0,1,344.0,0,688,0,False,2.0,1,0.0,[2 1],[1. 0.],1,0,[0.6 0.6],1.0,0.0,1.0
688,0.0,1,345.0,1,689,1,False,0.0,0,2.0,[2 1],[1. 0.],1,0,[0.6 0.6],1.0,0.0,1.0
689,0.0,1,345.0,0,690,0,False,2.0,1,0.0,[1 2],[1. 0.],1,0,[0.6 0.6],1.0,0.0,1.0
690,0.0,1,346.0,1,691,1,False,0.0,0,2.0,[1 2],[1. 0.],1,0,[0.6 0.6],1.0,0.0,1.0
691,1.0,1,346.0,0,692,0,False,2.0,1,0.0,[1 2],[0. 1.],0,1,[0.6 0.6],1.0,0.0,1.0
692,0.0,1,347.0,1,693,1,False,0.0,0,1.0,[1 2],[0. 1.],0,1,[0.6 0.6],1.0,0.0,1.0
693,0.0,1,347.0,0,694,0,False,1.0,1,0.0,[1 1],[0. 1.],1,1,[0.6 0.6],1.0,0.0,1.0
694,0.0,1,348.0,1,695,1,False,0.0,0,2.0,[1 1],[0. 1.],1,1,[0.6 0.6],1.0,0.0,1.0
695,0.0,1,348.0,0,696,0,False,2.0,1,0.0,[2 2],[0. 1.],0,1,[0.6 0.6],1.0,0.0,1.0
696,0.0,1,349.0,1,697,1,False,0.0,0,1.0,[2 2],[0. 1.],0,1,[0.6 0.6],1.0,0.0,1.0
697,1.0,1,349.0,0,698,0,False,1.0,1,0.0,[1 2],[0. 1.],1,1,[0.6 0.6],1.0,0.0,1.0
698,0.0,1,350.0,1,699,1,False,0.0,0,2.0,[1 2],[0. 1.],1,1,[0.6 0.6],1.0,0.0,1.0
699,0.0,1,350.0,0,700,0,False,2.0,1,0.0,[2 1],[0. 1.],1,1,[0.6 0.6],1.0,0.0,1.0
700,0.0,1,351.0,1,701,1,False,0.0,0,2.0,[2 1],[0. 1.],1,1,[0.6 0.6],1.0,0.0,1.0
701,1.0,1,351.0,0,702,0,False,2.0,1,0.0,[1 1],[0. 1.],0,1,[0.6 0.6],1.0,0.0,1.0
702,0.0,1,352.0,1,703,1,False,0.0,0,1.0,[1 1],[0. 1.],0,1,[0.6 0.6],1.0,0.0,1.0
703,0.0,1,352.0,0,704,0,False,1.0,1,0.0,[1 2],[0. 1.],0,1,[0.6 0.6],1.0,0.0,1.0
704,0.0,1,353.0,1,705,1,False,0.0,0,1.0,[1 2],[0. 1.],0,1,[0.6 0.6],1.0,0.0,1.0
705,0.0,1,353.0,0,706,0,False,1.0,1,0.0,[1 2],[0. 1.],1,1,[0.6 0.6],1.0,0.0,1.0
706,0.0,1,354.0,1,707,1,False,0.0,0,2.0,[1 2],[0. 1.],1,1,[0.6 0.6],1.0,0.0,1.0
707,0.0,1,354.0,0,708,0,False,2.0,1,0.0,[1 2],[0. 1.],0,1,[0.6 0.6],1.0,0.0,1.0
708,0.0,1,355.0,2,709,1,False,0.0,0,1.0,[1 2],[0. 1.],0,1,[0.6 0.6],1.0,0.0,1.0
709,1.0,1,355.0,0,710,0,False,1.0,1,0.0,[1 1],[0. 1.],0,1,[0.6 0.6],1.0,0.0,1.0
710,0.0,1,356.0,2,711,1,False,0.0,0,1.0,[1 1],[0. 1.],0,1,[0.6 0.6],1.0,0.0,1.0
711,0.0,1,356.0,0,712,0,False,1.0,1,0.0,[2 2],[0. 1.],1,1,[0.6 0.6],1.0,0.0,1.0
712,0.0,1,357.0,2,713,1,False,0.0,0,2.0,[2 2],[0. 1.],1,1,[0.6 0.6],1.0,0.0,1.0
713,1.0,1,357.0,0,714,0,False,2.0,1,0.0,[2 1],[0. 1.],1,1,[0.6 0.6],1.0,0.0,1.0
714,0.0,1,358.0,2,715,1,False,0.0,0,2.0,[2 1],[0. 1.],1,1,[0.6 0.6],1.0,0.0,1.0
715,0.0,1,358.0,0,716,0,False,2.0,1,0.0,[2 1],[0. 1.],0,1,[0.6 0.6],1.0,0.0,1.0
716,0.0,1,359.0,2,717,1,False,0.0,0,1.0,[2 1],[0. 1.],0,1,[0.6 0.6],1.0,0.0,1.0
717,0.0,1,359.0,0,718,0,False,1.0,1,0.0,[1 1],[0. 1.],0,1,[0.6 0.6],1.0,0.0,1.0
718,0.0,1,360.0,1,719,1,False,0.0,0,1.0,[1 1],[0. 1.],0,1,[0.6 0.6],1.0,0.0,1.0
719,0.0,1,360.0,0,720,0,False,1.0,1,0.0,[2 1],[0. 1.],1,1,[0.6 0.6],1.0,0.0,1.0
720,0.0,1,361.0,2,721,1,False,0.0,0,2.0,[2 1],[0. 1.],1,1,[0.6 0.6],1.0,0.0,1.0
721,0.0,1,361.0,0,722,0,False,2.0,1,0.0,[2 2],[0. 1.],1,1,[0.6 0.6],1.0,0.0,1.0
722,0.0,1,362.0,2,723,1,False,0.0,0,2.0,[2 2],[0. 1.],1,1,[0.6 0.6],1.0,0.0,1.0
723,1.0,1,362.0,0,724,0,False,2.0,1,0.0,[2 2],[0. 1.],1,1,[0.6 0.6],1.0,0.0,1.0
724,0.0,1,363.0,2,725,1,False,0.0,0,2.0,[2 2],[0. 1.],1,1,[0.6 0.6],1.0,0.0,1.0
725,1.0,1,363.0,0,726,0,False,2.0,1,0.0,[1 1],[0. 1.],0,1,[0.6 0.6],1.0,0.0,1.0
726,0.0,1,364.0,2,727,1,False,0.0,0,1.0,[1 1],[0. 1.],0,1,[0.6 0.6],1.0,0.0,1.0
727,0.0,1,364.0,0,728,0,False,1.0,1,0.0,[2 2],[0. 1.],0,1,[0.6 0.6],1.0,0.0,1.0
728,0.0,1,365.0,2,729,1,False,0.0,0,1.0,[2 2],[0. 1.],0,1,[0.6 0.6],1.0,0.0,1.0
729,1.0,1,365.0,0,730,0,False,1.0,1,0.0,[1 2],[0. 1.],1,1,[0.6 0.6],1.0,0.0,1.0
730,0.0,1,366.0,2,731,1,False,0.0,0,2.0,[1 2],[0. 1.],1,1,[0.6 0.6],1.0,0.0,1.0
731,1.0,1,366.0,0,732,0,False,2.0,1,0.0,[1 2],[0. 1.],1,1,[0.6 0.6],1.0,0.0,1.0
732,0.0,1,367.0,2,733,1,False,0.0,0,2.0,[1 2],[0. 1.],1,1,[0.6 0.6],1.0,0.0,1.0
733,1.0,1,367.0,0,734,0,False,2.0,1,0.0,[1 1],[0. 1.],1,1,[0.6 0.6],1.0,0.0,1.0
734,0.0,1,368.0,2,735,1,False,0.0,0,2.0,[1 1],[0. 1.],1,1,[0.6 0.6],1.0,0.0,1.0
735,0.0,1,368.0,0,736,0,False,2.0,1,0.0,[2 1],[0. 1.],0,1,[0.6 0.6],1.0,0.0,1.0
736,0.0,1,369.0,2,737,1,False,0.0,0,1.0,[2 1],[0. 1.],0,1,[0.6 0.6],1.0,0.0,1.0
737,0.0,1,369.0,0,738,0,False,1.0,1,0.0,[1 1],[0. 1.],0,1,[0.6 0.6],1.0,0.0,1.0
738,0.0,1,370.0,2,739,1,False,0.0,0,1.0,[1 1],[0. 1.],0,1,[0.6 0.6],1.0,0.0,1.0
739,0.0,1,370.0,0,740,0,False,1.0,1,0.0,[2 1],[0. 1.],0,1,[0.6 0.6],1.0,0.0,1.0
740,0.0,1,371.0,2,741,1,False,0.0,0,1.0,[2 1],[0. 1.],0,1,[0.6 0.6],1.0,0.0,1.0
741,0.0,1,371.0,0,742,0,False,1.0,1,0.0,[1 2],[0. 1.],1,1,[0.6 0.6],1.0,0.0,1.0
742,0.0,1,372.0,1,743,1,False,0.0,0,2.0,[1 2],[0. 1.],1,1,[0.6 0.6],1.0,0.0,1.0
743,0.0,1,372.0,0,744,0,False,2.0,1,0.0,[2 2],[0. 1.],0,1,[0.6 0.6],1.0,0.0,1.0
744,0.0,1,373.0,2,745,1,False,0.0,0,1.0,[2 2],[0. 1.],0,1,[0.6 0.6],1.0,0.0,1.0
745,1.0,1,373.0,0,746,0,False,1.0,1,0.0,[1 2],[0. 1.],1,1,[0.6 0.6],1.0,0.0,1.0
746,0.0,1,374.0,2,747,1,False,0.0,0,2.0,[1 2],[0. 1.],1,1,[0.6 0.6],1.0,0.0,1.0
747,1.0,1,374.0,0,748,0,False,2.0,1,0.0,[2 2],[0. 1.],0,1,[0.6 0.6],1.0,0.0,1.0
748,0.0,1,375.0,2,749,1,False,0.0,0,1.0,[2 2],[0. 1.],0,1,[0.6 0.6],1.0,0.0,1.0
749,1.0,1,375.0,0,750,0,False,1.0,1,0.0,[1 2],[0. 1.],0,1,[0.6 0.6],1.0,0.0,1.0
750,0.0,1,376.0,2,751,1,False,0.0,0,1.0,[1 2],[0. 1.],0,1,[0.6 0.6],1.0,0.0,1.0
751,1.0,1,376.0,0,752,0,False,1.0,1,0.0,[2 2],[0. 1.],1,1,[0.6 0.6],1.0,0.0,1.0
752,0.0,1,377.0,2,753,1,False,0.0,0,2.0,[2 2],[0. 1.],1,1,[0.6 0.6],1.0,0.0,1.0
753,1.0,1,377.0,0,754,0,False,2.0,1,0.0,[1 1],[0. 1.],1,1,[0.6 0.6],1.0,0.0,1.0
754,0.0,1,378.0,2,755,1,False,0.0,0,2.0,[1 1],[0. 1.],1,1,[0.6 0.6],1.0,0.0,1.0
755,0.0,1,378.0,0,756,0,False,2.0,1,0.0,[2 1],[0. 1.],0,1,[0.6 0.6],1.0,0.0,1.0
756,0.0,1,379.0,2,757,1,False,0.0,0,1.0,[2 1],[0. 1.],0,1,[0.6 0.6],1.0,0.0,1.0
757,0.0,1,379.0,0,758,0,False,1.0,1,0.0,[2 2],[0. 1.],1,1,[0.6 0.6],1.0,0.0,1.0
758,0.0,1,380.0,2,759,1,False,0.0,0,2.0,[2 2],[0. 1.],1,1,[0.6 0.6],1.0,0.0,1.0
759,1.0,1,380.0,0,760,0,False,2.0,1,0.0,[1 2],[0. 1.],1,1,[0.6 0.6],1.0,0.0,1.0
760,0.0,1,381.0,2,761,1,False,0.0,0,2.0,[1 2],[0. 1.],1,1,[0.6 0.6],1.0,0.0,1.0
761,1.0,1,381.0,0,762,0,False,2.0,1,0.0,[2 2],[0. 1.],0,1,[0.6 0.6],1.0,0.0,1.0
762,0.0,1,382.0,2,763,1,False,0.0,0,1.0,[2 2],[0. 1.],0,1,[0.6 0.6],1.0,0.0,1.0
763,1.0,1,382.0,0,764,0,False,1.0,1,0.0,[2 2],[0. 1.],1,1,[0.6 0.6],1.0,0.0,1.0
764,0.0,1,383.0,2,765,1,False,0.0,0,2.0,[2 2],[0. 1.],1,1,[0.6 0.6],1.0,0.0,1.0
765,1.0,1,383.0,0,766,0,False,2.0,1,0.0,[2 1],[0. 1.],1,1,[0.6 0.6],1.0,0.0,1.0
766,0.0,1,384.0,2,767,1,False,0.0,0,2.0,[2 1],[0. 1.],1,1,[0.6 0.6],1.0,0.0,1.0
767,0.0,1,384.0,0,768,0,False,2.0,1,0.0,[2 1],[0. 1.],0,1,[0.6 0.6],1.0,0.0,1.0
768,0.0,1,385.0,2,769,1,False,0.0,0,1.0,[2 1],[0. 1.],0,1,[0.6 0.6],1.0,0.0,1.0
769,0.0,1,385.0,0,770,0,False,1.0,1,0.0,[2 2],[0. 1.],1,1,[0.6 0.6],1.0,0.0,1.0
770,0.0,1,386.0,2,771,1,False,0.0,0,2.0,[2 2],[0. 1.],1,1,[0.6 0.6],1.0,0.0,1.0
771,1.0,1,386.0,0,772,0,False,2.0,1,0.0,[2 1],[0. 1.],0,1,[0.6 0.6],1.0,0.0,1.0
772,0.0,1,387.0,2,773,1,False,0.0,0,1.0,[2 1],[0. 1.],0,1,[0.6 0.6],1.0,0.0,1.0
773,0.0,1,387.0,0,774,0,False,1.0,1,0.0,[1 1],[0. 1.],0,1,[0.6 0.6],1.0,0.0,1.0
774,0.0,1,388.0,2,775,1,False,0.0,0,1.0,[1 1],[0. 1.],0,1,[0.6 0.6],1.0,0.0,1.0
775,0.0,1,388.0,0,776,0,False,1.0,1,0.0,[2 1],[0. 1.],0,1,[0.6 0.6],1.0,0.0,1.0
776,0.0,1,389.0,2,777,1,False,0.0,0,1.0,[2 1],[0. 1.],0,1,[0.6 0.6],1.0,0.0,1.0
777,0.0,1,389.0,0,778,0,False,1.0,1,0.0,[1 2],[0. 1.],0,1,[0.6 0.6],1.0,0.0,1.0
778,0.0,1,390.0,2,779,1,False,0.0,0,1.0,[1 2],[0. 1.],0,1,[0.6 0.6],1.0,0.0,1.0
779,1.0,1,390.0,0,780,0,False,1.0,1,0.0,[2 1],[0. 1.],0,1,[0.6 0.6],1.0,0.0,1.0
780,0.0,1,391.0,2,781,1,False,0.0,0,1.0,[2 1],[0. 1.],0,1,[0.6 0.6],1.0,0.0,1.0
781,0.0,1,391.0,0,782,0,False,1.0,1,0.0,[2 1],[0. 1.],1,1,[0.6 0.6],1.0,0.0,1.0
782,0.0,1,392.0,2,783,1,False,0.0,0,2.0,[2 1],[0. 1.],1,1,[0.6 0.6],1.0,0.0,1.0
783,0.0,1,392.0,0,784,0,False,2.0,1,0.0,[2 2],[0. 1.],0,1,[0.6 0.6],1.0,0.0,1.0
784,0.0,1,393.0,1,785,1,False,0.0,0,1.0,[2 2],[0. 1.],0,1,[0.6 0.6],1.0,0.0,1.0
785,1.0,1,393.0,0,786,0,False,1.0,1,0.0,[1 2],[0. 1.],1,1,[0.6 0.6],1.0,0.0,1.0
786,0.0,1,394.0,1,787,1,False,0.0,0,2.0,[1 2],[0. 1.],1,1,[0.6 0.6],1.0,0.0,1.0
787,0.0,1,394.0,0,788,0,False,2.0,1,0.0,[1 2],[0. 1.],0,1,[0.6 0.6],1.0,0.0,1.0
788,0.0,1,395.0,1,789,1,False,0.0,0,1.0,[1 2],[0. 1.],0,1,[0.6 0.6],1.0,0.0,1.0
789,0.0,1,395.0,0,790,0,False,1.0,1,0.0,[1 1],[0. 1.],0,1,[0.6 0.6],1.0,0.0,1.0
790,0.0,1,396.0,2,791,1,False,0.0,0,1.0,[1 1],[0. 1.],0,1,[0.6 0.6],1.0,0.0,1.0
791,0.0,1,396.0,0,792,0,False,1.0,1,0.0,[1 2],[0. 1.],1,1,[0.6 0.6],1.0,0.0,1.0
792,0.0,1,397.0,1,793,1,False,0.0,0,2.0,[1 2],[0. 1.],1,1,[0.6 0.6],1.0,0.0,1.0
793,0.0,1,397.0,0,794,0,False,2.0,1,0.0,[2 2],[0. 1.],0,1,[0.6 0.6],1.0,0.0,1.0
794,0.0,1,398.0,2,795,1,False,0.0,0,1.0,[2 2],[0. 1.],0,1,[0.6 0.6],1.0,0.0,1.0
795,1.0,1,398.0,0,796,0,False,1.0,1,0.0,[1 1],[0. 1.],0,1,[0.6 0.6],1.0,0.0,1.0
796,0.0,1,399.0,2,797,1,False,0.0,0,1.0,[1 1],[0. 1.],0,1,[0.6 0.6],1.0,0.0,1.0
797,0.0,1,399.0,0,798,0,False,1.0,1,0.0,[2 2],[0. 1.],0,1,[0.6 0.6],1.0,0.0,1.0
798,0.0,1,400.0,2,799,1,False,0.0,0,1.0,[2 2],[0. 1.],0,1,[0.6 0.6],1.0,0.0,1.0
799,1.0,1,400.0,0,800,0,False,1.0,1,0.0,[1 2],[0. 1.],0,1,[0.6 0.6],1.0,0.0,1.0
800,0.0,1,401.0,2,801,1,False,0.0,0,1.0,[1 2],[0. 1.],0,1,[0.6 0.6],1.0,0.0,1.0
801,1.0,1,401.0,0,802,0,False,1.0,1,0.0,[1 2],[0. 1.],1,1,[0.6 0.6],1.0,0.0,1.0
802,0.0,1,402.0,2,803,1,False,0.0,0,2.0,[1 2],[0. 1.],1,1,[0.6 0.6],1.0,0.0,1.0
803,1.0,1,402.0,0,804,0,False,2.0,1,0.0,[2 1],[0. 1.],1,1,[0.6 0.6],1.0,0.0,1.0
804,0.0,1,403.0,2,805,1,False,0.0,0,2.0,[2 1],[0. 1.],1,1,[0.6 0.6],1.0,0.0,1.0
805,0.0,1,403.0,0,806,0,False,2.0,1,0.0,[2 1],[0. 1.],1,1,[0.6 0.6],1.0,0.0,1.0
806,0.0,1,404.0,2,807,1,False,0.0,0,2.0,[2 1],[0. 1.],1,1,[0.6 0.6],1.0,0.0,1.0
807,0.0,1,404.0,0,808,0,False,2.0,1,0.0,[1 1],[0. 1.],0,1,[0.6 0.6],1.0,0.0,1.0
808,0.0,1,405.0,2,809,1,False,0.0,0,1.0,[1 1],[0. 1.],0,1,[0.6 0.6],1.0,0.0,1.0
809,0.0,1,405.0,0,810,0,False,1.0,1,0.0,[1 1],[0. 1.],0,1,[0.6 0.6],1.0,0.0,1.0
810,0.0,1,406.0,2,811,1,False,0.0,0,1.0,[1 1],[0. 1.],0,1,[0.6 0.6],1.0,0.0,1.0
811,0.0,1,406.0,0,812,0,False,1.0,1,0.0,[2 1],[0. 1.],1,1,[0.6 0.6],1.0,0.0,1.0
812,0.0,1,407.0,1,813,1,False,0.0,0,2.0,[2 1],[0. 1.],1,1,[0.6 0.6],1.0,0.0,1.0
813,1.0,1,407.0,0,814,0,False,2.0,1,0.0,[1 2],[0. 1.],0,1,[0.6 0.6],1.0,0.0,1.0
814,0.0,1,408.0,1,815,1,False,0.0,0,1.0,[1 2],[0. 1.],0,1,[0.6 0.6],1.0,0.0,1.0
815,0.0,1,408.0,0,816,0,False,1.0,1,0.0,[2 1],[0. 1.],1,1,[0.6 0.6],1.0,0.0,1.0
816,0.0,1,409.0,1,817,1,False,0.0,0,2.0,[2 1],[0. 1.],1,1,[0.6 0.6],1.0,0.0,1.0
817,1.0,1,409.0,0,818,0,False,2.0,1,0.0,[1 1],[0. 1.],1,1,[0.6 0.6],1.0,0.0,1.0
818,0.0,1,410.0,1,819,1,False,0.0,0,2.0,[1 1],[0. 1.],1,1,[0.6 0.6],1.0,0.0,1.0
819,0.0,1,410.0,0,820,0,False,2.0,1,0.0,[2 2],[0. 1.],1,1,[0.6 0.6],1.0,0.0,1.0
820,0.0,1,411.0,1,821,1,False,0.0,0,2.0,[2 2],[0. 1.],1,1,[0.6 0.6],1.0,0.0,1.0
821,1.0,1,411.0,0,822,0,False,2.0,1,0.0,[2 1],[0. 1.],0,1,[0.6 0.6],1.0,0.0,1.0
822,0.0,1,412.0,1,823,1,False,0.0,0,1.0,[2 1],[0. 1.],0,1,[0.6 0.6],1.0,0.0,1.0
823,1.0,1,412.0,0,824,0,False,1.0,1,0.0,[2 1],[0. 1.],0,1,[0.6 0.6],1.0,0.0,1.0
824,0.0,1,413.0,1,825,1,False,0.0,0,1.0,[2 1],[0. 1.],0,1,[0.6 0.6],1.0,0.0,1.0
825,1.0,1,413.0,0,826,0,False,1.0,1,0.0,[2 2],[0. 1.],0,1,[0.6 0.6],1.0,0.0,1.0
826,0.0,1,414.0,1,827,1,False,0.0,0,1.0,[2 2],[0. 1.],0,1,[0.6 0.6],1.0,0.0,1.0
827,1.0,1,414.0,0,828,0,False,1.0,1,0.0,[1 1],[0. 1.],1,1,[0.6 0.6],1.0,0.0,1.0
828,0.0,1,415.0,1,829,1,False,0.0,0,2.0,[1 1],[0. 1.],1,1,[0.6 0.6],1.0,0.0,1.0
829,0.0,1,415.0,0,830,0,False,2.0,1,0.0,[2 2],[0. 1.],1,1,[0.6 0.6],1.0,0.0,1.0
830,0.0,1,416.0,1,831,1,False,0.0,0,2.0,[2 2],[0. 1.],1,1,[0.6 0.6],1.0,0.0,1.0
831,1.0,1,416.0,0,832,0,False,2.0,1,0.0,[1 1],[0. 1.],0,1,[0.6 0.6],1.0,0.0,1.0
832,0.0,1,417.0,1,833,1,False,0.0,0,1.0,[1 1],[0. 1.],0,1,[0.6 0.6],1.0,0.0,1.0
833,0.0,1,417.0,0,834,0,False,1.0,1,0.0,[1 1],[0. 1.],1,1,[0.6 0.6],1.0,0.0,1.0
834,0.0,1,418.0,1,835,1,False,0.0,0,2.0,[1 1],[0. 1.],1,1,[0.6 0.6],1.0,0.0,1.0
835,0.0,1,418.0,0,836,0,False,2.0,1,0.0,[2 1],[1. 0.],0,0,[0.6 0.6],1.0,0.0,1.0
836,0.0,1,419.0,1,837,1,False,0.0,0,1.0,[2 1],[1. 0.],0,0,[0.6 0.6],1.0,0.0,1.0
837,0.0,1,419.0,0,838,0,False,1.0,1,0.0,[2 1],[1. 0.],1,0,[0.6 0.6],1.0,0.0,1.0
838,0.0,1,420.0,1,839,1,False,0.0,0,2.0,[2 1],[1. 0.],1,0,[0.6 0.6],1.0,0.0,1.0
839,0.0,1,420.0,0,840,0,False,2.0,1,0.0,[1 2],[1. 0.],1,0,[0.6 0.6],1.0,0.0,1.0
840,0.0,1,421.0,2,841,1,False,0.0,0,2.0,[1 2],[1. 0.],1,0,[0.6 0.6],1.0,0.0,1.0
841,0.0,1,421.0,0,842,0,False,2.0,1,0.0,[1 1],[1. 0.],0,0,[0.6 0.6],1.0,0.0,1.0
842,0.0,1,422.0,1,843,1,False,0.0,0,1.0,[1 1],[1. 0.],0,0,[0.6 0.6],1.0,0.0,1.0
843,1.0,1,422.0,0,844,0,False,1.0,1,0.0,[2 1],[1. 0.],0,0,[0.6 0.6],1.0,0.0,1.0
844,0.0,1,423.0,1,845,1,False,0.0,0,1.0,[2 1],[1. 0.],0,0,[0.6 0.6],1.0,0.0,1.0
845,0.0,1,423.0,0,846,0,False,1.0,1,0.0,[1 1],[1. 0.],1,0,[0.6 0.6],1.0,0.0,1.0
846,0.0,1,424.0,1,847,1,False,0.0,0,2.0,[1 1],[1. 0.],1,0,[0.6 0.6],1.0,0.0,1.0
847,1.0,1,424.0,0,848,0,False,2.0,1,0.0,[1 1],[1. 0.],0,0,[0.6 0.6],1.0,0.0,1.0
848,0.0,1,425.0,1,849,1,False,0.0,0,1.0,[1 1],[1. 0.],0,0,[0.6 0.6],1.0,0.0,1.0
849,1.0,1,425.0,0,850,0,False,1.0,1,0.0,[1 1],[1. 0.],1,0,[0.6 0.6],1.0,0.0,1.0
850,0.0,1,426.0,1,851,1,False,0.0,0,2.0,[1 1],[1. 0.],1,0,[0.6 0.6],1.0,0.0,1.0
851,1.0,1,426.0,0,852,0,False,2.0,1,0.0,[1 2],[1. 0.],1,0,[0.6 0.6],1.0,0.0,1.0
852,0.0,1,427.0,1,853,1,False,0.0,0,2.0,[1 2],[1. 0.],1,0,[0.6 0.6],1.0,0.0,1.0
853,1.0,1,427.0,0,854,0,False,2.0,1,0.0,[1 2],[1. 0.],0,0,[0.6 0.6],1.0,0.0,1.0
854,0.0,1,428.0,1,855,1,False,0.0,0,1.0,[1 2],[1. 0.],0,0,[0.6 0.6],1.0,0.0,1.0
855,1.0,1,428.0,0,856,0,False,1.0,1,0.0,[1 1],[1. 0.],0,0,[0.6 0.6],1.0,0.0,1.0
856,0.0,1,429.0,1,857,1,False,0.0,0,1.0,[1 1],[1. 0.],0,0,[0.6 0.6],1.0,0.0,1.0
857,1.0,1,429.0,0,858,0,False,1.0,1,0.0,[1 2],[1. 0.],1,0,[0.6 0.6],1.0,0.0,1.0
858,0.0,1,430.0,1,859,1,False,0.0,0,2.0,[1 2],[1. 0.],1,0,[0.6 0.6],1.0,0.0,1.0
859,1.0,1,430.0,0,860,0,False,2.0,1,0.0,[2 1],[1. 0.],0,0,[0.6 0.6],1.0,0.0,1.0
860,0.0,1,431.0,1,861,1,False,0.0,0,1.0,[2 1],[1. 0.],0,0,[0.6 0.6],1.0,0.0,1.0
861,0.0,1,431.0,0,862,0,False,1.0,1,0.0,[1 1],[1. 0.],1,0,[0.6 0.6],1.0,0.0,1.0
862,0.0,1,432.0,1,863,1,False,0.0,0,2.0,[1 1],[1. 0.],1,0,[0.6 0.6],1.0,0.0,1.0
863,1.0,1,432.0,0,864,0,False,2.0,1,0.0,[1 1],[1. 0.],0,0,[0.6 0.6],1.0,0.0,1.0
864,0.0,1,433.0,1,865,1,False,0.0,0,1.0,[1 1],[1. 0.],0,0,[0.6 0.6],1.0,0.0,1.0
865,1.0,1,433.0,0,866,0,False,1.0,1,0.0,[1 1],[1. 0.],0,0,[0.6 0.6],1.0,0.0,1.0
866,0.0,1,434.0,1,867,1,False,0.0,0,1.0,[1 1],[1. 0.],0,0,[0.6 0.6],1.0,0.0,1.0
867,1.0,1,434.0,0,868,0,False,1.0,1,0.0,[1 2],[1. 0.],1,0,[0.6 0.6],1.0,0.0,1.0
868,0.0,1,435.0,1,869,1,False,0.0,0,2.0,[1 2],[1. 0.],1,0,[0.6 0.6],1.0,0.0,1.0
869,1.0,1,435.0,0,870,0,False,2.0,1,0.0,[1 2],[1. 0.],1,0,[0.6 0.6],1.0,0.0,1.0
870,0.0,1,436.0,1,871,1,False,0.0,0,2.0,[1 2],[1. 0.],1,0,[0.6 0.6],1.0,0.0,1.0
871,1.0,1,436.0,0,872,0,False,2.0,1,0.0,[1 1],[1. 0.],1,0,[0.6 0.6],1.0,0.0,1.0
872,0.0,1,437.0,1,873,1,False,0.0,0,2.0,[1 1],[1. 0.],1,0,[0.6 0.6],1.0,0.0,1.0
873,1.0,1,437.0,0,874,0,False,2.0,1,0.0,[1 1],[1. 0.],1,0,[0.6 0.6],1.0,0.0,1.0
874,0.0,1,438.0,1,875,1,False,0.0,0,2.0,[1 1],[1. 0.],1,0,[0.6 0.6],1.0,0.0,1.0
875,1.0,1,438.0,0,876,0,False,2.0,1,0.0,[1 1],[1. 0.],1,0,[0.6 0.6],1.0,0.0,1.0
876,0.0,1,439.0,1,877,1,False,0.0,0,2.0,[1 1],[1. 0.],1,0,[0.6 0.6],1.0,0.0,1.0
877,1.0,1,439.0,0,878,0,False,2.0,1,0.0,[2 2],[1. 0.],0,0,[0.6 0.6],1.0,0.0,1.0
878,0.0,1,440.0,1,879,1,False,0.0,0,1.0,[2 2],[1. 0.],0,0,[0.6 0.6],1.0,0.0,1.0
879,0.0,1,440.0,0,880,0,False,1.0,1,0.0,[1 1],[1. 0.],1,0,[0.6 0.6],1.0,0.0,1.0
880,0.0,1,441.0,1,881,1,False,0.0,0,2.0,[1 1],[1. 0.],1,0,[0.6 0.6],1.0,0.0,1.0
881,1.0,1,441.0,0,882,0,False,2.0,1,0.0,[2 2],[1. 0.],1,0,[0.6 0.6],1.0,0.0,1.0
882,0.0,1,442.0,1,883,1,False,0.0,0,2.0,[2 2],[1. 0.],1,0,[0.6 0.6],1.0,0.0,1.0
883,0.0,1,442.0,0,884,0,False,2.0,1,0.0,[2 1],[1. 0.],1,0,[0.6 0.6],1.0,0.0,1.0
884,0.0,1,443.0,1,885,1,False,0.0,0,2.0,[2 1],[1. 0.],1,0,[0.6 0.6],1.0,0.0,1.0
885,0.0,1,443.0,0,886,0,False,2.0,1,0.0,[2 2],[1. 0.],0,0,[0.6 0.6],1.0,0.0,1.0
886,0.0,1,444.0,1,887,1,False,0.0,0,1.0,[2 2],[1. 0.],0,0,[0.6 0.6],1.0,0.0,1.0
887,0.0,1,444.0,0,888,0,False,1.0,1,0.0,[2 1],[0. 1.],0,1,[0.6 0.6],1.0,0.0,1.0
888,0.0,1,445.0,2,889,1,False,0.0,0,1.0,[2 1],[0. 1.],0,1,[0.6 0.6],1.0,0.0,1.0
889,0.0,1,445.0,0,890,0,False,1.0,1,0.0,[1 2],[0. 1.],1,1,[0.6 0.6],1.0,0.0,1.0
890,0.0,1,446.0,1,891,1,False,0.0,0,2.0,[1 2],[0. 1.],1,1,[0.6 0.6],1.0,0.0,1.0
891,0.0,1,446.0,0,892,0,False,2.0,1,0.0,[2 1],[0. 1.],0,1,[0.6 0.6],1.0,0.0,1.0
892,0.0,1,447.0,2,893,1,False,0.0,0,1.0,[2 1],[0. 1.],0,1,[0.6 0.6],1.0,0.0,1.0
893,0.0,1,447.0,0,894,0,False,1.0,1,0.0,[2 2],[0. 1.],1,1,[0.6 0.6],1.0,0.0,1.0
894,0.0,1,448.0,1,895,1,False,0.0,0,2.0,[2 2],[0. 1.],1,1,[0.6 0.6],1.0,0.0,1.0
895,1.0,1,448.0,0,896,0,False,2.0,1,0.0,[2 2],[0. 1.],0,1,[0.6 0.6],1.0,0.0,1.0
896,0.0,1,449.0,1,897,1,False,0.0,0,1.0,[2 2],[0. 1.],0,1,[0.6 0.6],1.0,0.0,1.0
897,1.0,1,449.0,0,898,0,False,1.0,1,0.0,[2 2],[0. 1.],1,1,[0.6 0.6],1.0,0.0,1.0
898,0.0,1,450.0,1,899,1,False,0.0,0,2.0,[2 2],[0. 1.],1,1,[0.6 0.6],1.0,0.0,1.0
899,1.0,1,450.0,0,900,0,False,2.0,1,0.0,[1 2],[0. 1.],0,1,[0.6 0.6],1.0,0.0,1.0
900,0.0,1,451.0,1,901,1,False,0.0,0,1.0,[1 2],[0. 1.],0,1,[0.6 0.6],1.0,0.0,1.0
901,0.0,1,451.0,0,902,0,False,1.0,1,0.0,[1 2],[0. 1.],0,1,[0.6 0.6],1.0,0.0,1.0
902,0.0,1,452.0,1,903,1,False,0.0,0,1.0,[1 2],[0. 1.],0,1,[0.6 0.6],1.0,0.0,1.0
903,0.0,1,452.0,0,904,0,False,1.0,1,0.0,[2 2],[0. 1.],1,1,[0.6 0.6],1.0,0.0,1.0
904,0.0,1,453.0,2,905,1,False,0.0,0,2.0,[2 2],[0. 1.],1,1,[0.6 0.6],1.0,0.0,1.0
905,1.0,1,453.0,0,906,0,False,2.0,1,0.0,[1 2],[0. 1.],1,1,[0.6 0.6],1.0,0.0,1.0
906,0.0,1,454.0,2,907,1,False,0.0,0,2.0,[1 2],[0. 1.],1,1,[0.6 0.6],1.0,0.0,1.0
907,1.0,1,454.0,0,908,0,False,2.0,1,0.0,[2 2],[0. 1.],1,1,[0.6 0.6],1.0,0.0,1.0
908,0.0,1,455.0,2,909,1,False,0.0,0,2.0,[2 2],[0. 1.],1,1,[0.6 0.6],1.0,0.0,1.0
909,1.0,1,455.0,0,910,0,False,2.0,1,0.0,[1 1],[0. 1.],0,1,[0.6 0.6],1.0,0.0,1.0
910,0.0,1,456.0,2,911,1,False,0.0,0,1.0,[1 1],[0. 1.],0,1,[0.6 0.6],1.0,0.0,1.0
911,0.0,1,456.0,0,912,0,False,1.0,1,0.0,[2 1],[0. 1.],0,1,[0.6 0.6],1.0,0.0,1.0
912,0.0,1,457.0,2,913,1,False,0.0,0,1.0,[2 1],[0. 1.],0,1,[0.6 0.6],1.0,0.0,1.0
913,0.0,1,457.0,0,914,0,False,1.0,1,0.0,[1 1],[0. 1.],0,1,[0.6 0.6],1.0,0.0,1.0
914,0.0,1,458.0,2,915,1,False,0.0,0,1.0,[1 1],[0. 1.],0,1,[0.6 0.6],1.0,0.0,1.0
915,0.0,1,458.0,0,916,0,False,1.0,1,0.0,[2 2],[0. 1.],0,1,[0.6 0.6],1.0,0.0,1.0
916,0.0,1,459.0,1,917,1,False,0.0,0,1.0,[2 2],[0. 1.],0,1,[0.6 0.6],1.0,0.0,1.0
917,1.0,1,459.0,0,918,0,False,1.0,1,0.0,[2 2],[0. 1.],0,1,[0.6 0.6],1.0,0.0,1.0
918,0.0,1,460.0,2,919,1,False,0.0,0,1.0,[2 2],[0. 1.],0,1,[0.6 0.6],1.0,0.0,1.0
919,1.0,1,460.0,0,920,0,False,1.0,1,0.0,[1 1],[0. 1.],1,1,[0.6 0.6],1.0,0.0,1.0
920,0.0,1,461.0,2,921,1,False,0.0,0,2.0,[1 1],[0. 1.],1,1,[0.6 0.6],1.0,0.0,1.0
921,0.0,1,461.0,0,922,0,False,2.0,1,0.0,[2 2],[0. 1.],1,1,[0.6 0.6],1.0,0.0,1.0
922,0.0,1,462.0,2,923,1,False,0.0,0,2.0,[2 2],[0. 1.],1,1,[0.6 0.6],1.0,0.0,1.0
923,1.0,1,462.0,0,924,0,False,2.0,1,0.0,[2 1],[0. 1.],0,1,[0.6 0.6],1.0,0.0,1.0
924,0.0,1,463.0,2,925,1,False,0.0,0,1.0,[2 1],[0. 1.],0,1,[0.6 0.6],1.0,0.0,1.0
925,0.0,1,463.0,0,926,0,False,1.0,1,0.0,[1 1],[0. 1.],1,1,[0.6 0.6],1.0,0.0,1.0
926,0.0,1,464.0,2,927,1,False,0.0,0,2.0,[1 1],[0. 1.],1,1,[0.6 0.6],1.0,0.0,1.0
927,0.0,1,464.0,0,928,0,False,2.0,1,0.0,[1 2],[0. 1.],1,1,[0.6 0.6],1.0,0.0,1.0
928,0.0,1,465.0,1,929,1,False,0.0,0,2.0,[1 2],[0. 1.],1,1,[0.6 0.6],1.0,0.0,1.0
929,0.0,1,465.0,0,930,0,False,2.0,1,0.0,[1 2],[0. 1.],1,1,[0.6 0.6],1.0,0.0,1.0
930,0.0,1,466.0,2,931,1,False,0.0,0,2.0,[1 2],[0. 1.],1,1,[0.6 0.6],1.0,0.0,1.0
931,1.0,1,466.0,0,932,0,False,2.0,1,0.0,[2 2],[0. 1.],0,1,[0.6 0.6],1.0,0.0,1.0
932,0.0,1,467.0,2,933,1,False,0.0,0,1.0,[2 2],[0. 1.],0,1,[0.6 0.6],1.0,0.0,1.0
933,1.0,1,467.0,0,934,0,False,1.0,1,0.0,[1 1],[0. 1.],0,1,[0.6 0.6],1.0,0.0,1.0
934,0.0,1,468.0,2,935,1,False,0.0,0,1.0,[1 1],[0. 1.],0,1,[0.6 0.6],1.0,0.0,1.0
935,0.0,1,468.0,0,936,0,False,1.0,1,0.0,[1 2],[0. 1.],1,1,[0.6 0.6],1.0,0.0,1.0
936,0.0,1,469.0,2,937,1,False,0.0,0,2.0,[1 2],[0. 1.],1,1,[0.6 0.6],1.0,0.0,1.0
937,1.0,1,469.0,0,938,0,False,2.0,1,0.0,[1 1],[0. 1.],1,1,[0.6 0.6],1.0,0.0,1.0
938,0.0,1,470.0,2,939,1,False,0.0,0,2.0,[1 1],[0. 1.],1,1,[0.6 0.6],1.0,0.0,1.0
939,0.0,1,470.0,0,940,0,False,2.0,1,0.0,[1 1],[0. 1.],1,1,[0.6 0.6],1.0,0.0,1.0
940,0.0,1,471.0,2,941,1,False,0.0,0,2.0,[1 1],[0. 1.],1,1,[0.6 0.6],1.0,0.0,1.0
941,0.0,1,471.0,0,942,0,False,2.0,1,0.0,[2 2],[0. 1.],1,1,[0.6 0.6],1.0,0.0,1.0
942,0.0,1,472.0,1,943,1,False,0.0,0,2.0,[2 2],[0. 1.],1,1,[0.6 0.6],1.0,0.0,1.0
943,1.0,1,472.0,0,944,0,False,2.0,1,0.0,[1 1],[1. 0.],0,0,[0.6 0.6],1.0,0.0,1.0
944,0.0,1,473.0,1,945,1,False,0.0,0,1.0,[1 1],[1. 0.],0,0,[0.6 0.6],1.0,0.0,1.0
945,1.0,1,473.0,0,946,0,False,1.0,1,0.0,[1 1],[1. 0.],0,0,[0.6 0.6],1.0,0.0,1.0
946,0.0,1,474.0,1,947,1,False,0.0,0,1.0,[1 1],[1. 0.],0,0,[0.6 0.6],1.0,0.0,1.0
947,1.0,1,474.0,0,948,0,False,1.0,1,0.0,[2 1],[1. 0.],0,0,[0.6 0.6],1.0,0.0,1.0
948,0.0,1,475.0,1,949,1,False,0.0,0,1.0,[2 1],[1. 0.],0,0,[0.6 0.6],1.0,0.0,1.0
949,0.0,1,475.0,0,950,0,False,1.0,1,0.0,[1 2],[1. 0.],0,0,[0.6 0.6],1.0,0.0,1.0
950,0.0,1,476.0,1,951,1,False,0.0,0,1.0,[1 2],[1. 0.],0,0,[0.6 0.6],1.0,0.0,1.0
951,1.0,1,476.0,0,952,0,False,1.0,1,0.0,[1 1],[1. 0.],1,0,[0.6 0.6],1.0,0.0,1.0
952,0.0,1,477.0,1,953,1,False,0.0,0,2.0,[1 1],[1. 0.],1,0,[0.6 0.6],1.0,0.0,1.0
953,1.0,1,477.0,0,954,0,False,2.0,1,0.0,[2 1],[1. 0.],1,0,[0.6 0.6],1.0,0.0,1.0
954,0.0,1,478.0,1,955,1,False,0.0,0,2.0,[2 1],[1. 0.],1,0,[0.6 0.6],1.0,0.0,1.0
955,0.0,1,478.0,0,956,0,False,2.0,1,0.0,[2 1],[1. 0.],1,0,[0.6 0.6],1.0,0.0,1.0
956,0.0,1,479.0,1,957,1,False,0.0,0,2.0,[2 1],[1. 0.],1,0,[0.6 0.6],1.0,0.0,1.0
957,0.0,1,479.0,0,958,0,False,2.0,1,0.0,[1 1],[1. 0.],1,0,[0.6 0.6],1.0,0.0,1.0
958,0.0,1,480.0,1,959,1,False,0.0,0,2.0,[1 1],[1. 0.],1,0,[0.6 0.6],1.0,0.0,1.0
959,1.0,1,480.0,0,960,0,False,2.0,1,0.0,[2 1],[1. 0.],1,0,[0.6 0.6],1.0,0.0,1.0
960,0.0,1,481.0,1,961,1,False,0.0,0,2.0,[2 1],[1. 0.],1,0,[0.6 0.6],1.0,0.0,1.0
961,0.0,1,481.0,0,962,0,False,2.0,1,0.0,[2 1],[1. 0.],0,0,[0.6 0.6],1.0,0.0,1.0
962,0.0,1,482.0,1,963,1,False,0.0,0,1.0,[2 1],[1. 0.],0,0,[0.6 0.6],1.0,0.0,1.0
963,0.0,1,482.0,0,964,0,False,1.0,1,0.0,[2 1],[1. 0.],1,0,[0.6 0.6],1.0,0.0,1.0
964,0.0,1,483.0,1,965,1,False,0.0,0,2.0,[2 1],[1. 0.],1,0,[0.6 0.6],1.0,0.0,1.0
965,0.0,1,483.0,0,966,0,False,2.0,1,0.0,[1 2],[1. 0.],1,0,[0.6 0.6],1.0,0.0,1.0
966,0.0,1,484.0,2,967,1,False,0.0,0,2.0,[1 2],[1. 0.],1,0,[0.6 0.6],1.0,0.0,1.0
967,0.0,1,484.0,0,968,0,False,2.0,1,0.0,[2 1],[1. 0.],0,0,[0.6 0.6],1.0,0.0,1.0
968,0.0,1,485.0,1,969,1,False,0.0,0,1.0,[2 1],[1. 0.],0,0,[0.6 0.6],1.0,0.0,1.0
969,0.0,1,485.0,0,970,0,False,1.0,1,0.0,[2 2],[1. 0.],1,0,[0.6 0.6],1.0,0.0,1.0
970,0.0,1,486.0,2,971,1,False,0.0,0,2.0,[2 2],[1. 0.],1,0,[0.6 0.6],1.0,0.0,1.0
971,0.0,1,486.0,0,972,0,False,2.0,1,0.0,[1 2],[1. 0.],0,0,[0.6 0.6],1.0,0.0,1.0
972,0.0,1,487.0,1,973,1,False,0.0,0,1.0,[1 2],[1. 0.],0,0,[0.6 0.6],1.0,0.0,1.0
973,1.0,1,487.0,0,974,0,False,1.0,1,0.0,[2 2],[1. 0.],1,0,[0.6 0.6],1.0,0.0,1.0
974,0.0,1,488.0,1,975,1,False,0.0,0,2.0,[2 2],[1. 0.],1,0,[0.6 0.6],1.0,0.0,1.0
975,0.0,1,488.0,0,976,0,False,2.0,1,0.0,[2 1],[1. 0.],0,0,[0.6 0.6],1.0,0.0,1.0
976,0.0,1,489.0,1,977,1,False,0.0,0,1.0,[2 1],[1. 0.],0,0,[0.6 0.6],1.0,0.0,1.0
977,0.0,1,489.0,0,978,0,False,1.0,1,0.0,[1 1],[1. 0.],0,0,[0.6 0.6],1.0,0.0,1.0
978,0.0,1,490.0,2,979,1,False,0.0,0,1.0,[1 1],[1. 0.],0,0,[0.6 0.6],1.0,0.0,1.0
979,1.0,1,490.0,0,980,0,False,1.0,1,0.0,[2 2],[1. 0.],0,0,[0.6 0.6],1.0,0.0,1.0
980,0.0,1,491.0,2,981,1,False,0.0,0,1.0,[2 2],[1. 0.],0,0,[0.6 0.6],1.0,0.0,1.0
981,0.0,1,491.0,0,982,0,False,1.0,1,0.0,[1 1],[1. 0.],0,0,[0.6 0.6],1.0,0.0,1.0
982,0.0,1,492.0,2,983,1,False,0.0,0,1.0,[1 1],[1. 0.],0,0,[0.6 0.6],1.0,0.0,1.0
983,1.0,1,492.0,0,984,0,False,1.0,1,0.0,[1 1],[1. 0.],1,0,[0.6 0.6],1.0,0.0,1.0
984,0.0,1,493.0,2,985,1,False,0.0,0,2.0,[1 1],[1. 0.],1,0,[0.6 0.6],1.0,0.0,1.0
985,1.0,1,493.0,0,986,0,False,2.0,1,0.0,[1 1],[1. 0.],1,0,[0.6 0.6],1.0,0.0,1.0
986,0.0,1,494.0,2,987,1,False,0.0,0,2.0,[1 1],[1. 0.],1,0,[0.6 0.6],1.0,0.0,1.0
987,1.0,1,494.0,0,988,0,False,2.0,1,0.0,[2 2],[1. 0.],0,0,[0.6 0.6],1.0,0.0,1.0
988,0.0,1,495.0,2,989,1,False,0.0,0,1.0,[2 2],[1. 0.],0,0,[0.6 0.6],1.0,0.0,1.0
989,0.0,1,495.0,0,990,0,False,1.0,1,0.0,[2 1],[1. 0.],1,0,[0.6 0.6],1.0,0.0,1.0
990,0.0,1,496.0,2,991,1,False,0.0,0,2.0,[2 1],[1. 0.],1,0,[0.6 0.6],1.0,0.0,1.0
991,1.0,1,496.0,0,992,0,False,2.0,1,0.0,[2 2],[1. 0.],1,0,[0.6 0.6],1.0,0.0,1.0
992,0.0,1,497.0,2,993,1,False,0.0,0,2.0,[2 2],[1. 0.],1,0,[0.6 0.6],1.0,0.0,1.0
993,0.0,1,497.0,0,994,0,False,2.0,1,0.0,[1 1],[1. 0.],0,0,[0.6 0.6],1.0,0.0,1.0
994,0.0,1,498.0,2,995,1,False,0.0,0,1.0,[1 1],[1. 0.],0,0,[0.6 0.6],1.0,0.0,1.0
995,1.0,1,498.0,0,996,0,False,1.0,1,0.0,[1 1],[1. 0.],0,0,[0.6 0.6],1.0,0.0,1.0
996,0.0,1,499.0,2,997,1,False,0.0,0,1.0,[1 1],[1. 0.],0,0,[0.6 0.6],1.0,0.0,1.0
997,1.0,1,499.0,0,998,0,False,1.0,1,0.0,[1 2],[1. 0.],1,0,[0.6 0.6],1.0,0.0,1.0
998,0.0,1,500.0,2,999,1,False,0.0,0,2.0,[1 2],[1. 0.],1,0,[0.6 0.6],1.0,0.0,1.0
999,0.0,1,500.0,0,1000,0,False,2.0,1,0.0,[1 1],[1. 0.],0,0,[0.6 0.6],1.0,0.0,1.0
1000,0.0,1,501.0,2,1001,1,False,0.0,0,1.0,[1 1],[1. 0.],0,0,[0.6 0.6],1.0,0.0,1.0
1001,1.0,1,501.0,0,1002,0,False,1.0,1,0.0,[1 2],[1. 0.],0,0,[0.6 0.6],1.0,0.0,1.0
1002,0.0,1,502.0,2,1003,1,False,0.0,0,1.0,[1 2],[1. 0.],0,0,[0.6 0.6],1.0,0.0,1.0
1003,0.0,1,502.0,0,1004,0,False,1.0,1,0.0,[2 2],[1. 0.],0,0,[0.6 0.6],1.0,0.0,1.0
1004,0.0,1,503.0,2,1005,1,False,0.0,0,1.0,[2 2],[1. 0.],0,0,[0.6 0.6],1.0,0.0,1.0
1005,0.0,1,503.0,0,1006,0,False,1.0,1,0.0,[1 2],[1. 0.],1,0,[0.6 0.6],1.0,0.0,1.0
1006,0.0,1,504.0,2,1007,1,False,0.0,0,2.0,[1 2],[1. 0.],1,0,[0.6 0.6],1.0,0.0,1.0
1007,0.0,1,504.0,0,1008,0,False,2.0,1,0.0,[1 2],[1. 0.],1,0,[0.6 0.6],1.0,0.0,1.0
1008,0.0,1,505.0,2,1009,1,False,0.0,0,2.0,[1 2],[1. 0.],1,0,[0.6 0.6],1.0,0.0,1.0
1009,0.0,1,505.0,0,1010,0,False,2.0,1,0.0,[1 2],[1. 0.],0,0,[0.6 0.6],1.0,0.0,1.0
1010,0.0,1,506.0,1,1011,1,False,0.0,0,1.0,[1 2],[1. 0.],0,0,[0.6 0.6],1.0,0.0,1.0
1011,1.0,1,506.0,0,1012,0,False,1.0,1,0.0,[1 1],[1. 0.],1,0,[0.6 0.6],1.0,0.0,1.0
1012,0.0,1,507.0,1,1013,1,False,0.0,0,2.0,[1 1],[1. 0.],1,0,[0.6 0.6],1.0,0.0,1.0
1013,1.0,1,507.0,0,1014,0,False,2.0,1,0.0,[1 2],[1. 0.],1,0,[0.6 0.6],1.0,0.0,1.0
1014,0.0,1,508.0,1,1015,1,False,0.0,0,2.0,[1 2],[1. 0.],1,0,[0.6 0.6],1.0,0.0,1.0
1015,1.0,1,508.0,0,1016,0,False,2.0,1,0.0,[2 2],[1. 0.],0,0,[0.6 0.6],1.0,0.0,1.0
1016,0.0,1,509.0,1,1017,1,False,0.0,0,1.0,[2 2],[1. 0.],0,0,[0.6 0.6],1.0,0.0,1.0
1017,0.0,1,509.0,0,1018,0,False,1.0,1,0.0,[2 2],[1. 0.],0,0,[0.6 0.6],1.0,0.0,1.0
1018,0.0,1,510.0,1,1019,1,False,0.0,0,1.0,[2 2],[1. 0.],0,0,[0.6 0.6],1.0,0.0,1.0
1019,0.0,1,510.0,0,1020,0,False,1.0,1,0.0,[1 1],[1. 0.],1,0,[0.6 0.6],1.0,0.0,1.0
1020,0.0,1,511.0,1,1021,1,False,0.0,0,2.0,[1 1],[1. 0.],1,0,[0.6 0.6],1.0,0.0,1.0
1021,1.0,1,511.0,0,1022,0,False,2.0,1,0.0,[2 2],[1. 0.],1,0,[0.6 0.6],1.0,0.0,1.0
1022,0.0,1,512.0,1,1023,1,False,0.0,0,2.0,[2 2],[1. 0.],1,0,[0.6 0.6],1.0,0.0,1.0
1023,0.0,1,512.0,0,1024,0,False,2.0,1,0.0,[1 1],[1. 0.],1,0,[0.6 0.6],1.0,0.0,1.0
1024,0.0,1,513.0,1,1025,1,False,0.0,0,2.0,[1 1],[1. 0.],1,0,[0.6 0.6],1.0,0.0,1.0
1025,1.0,1,513.0,0,1026,0,False,2.0,1,0.0,[1 2],[1. 0.],0,0,[0.6 0.6],1.0,0.0,1.0
1026,0.0,1,514.0,1,1027,1,False,0.0,0,1.0,[1 2],[1. 0.],0,0,[0.6 0.6],1.0,0.0,1.0
1027,1.0,1,514.0,0,1028,0,False,1.0,1,0.0,[2 2],[1. 0.],1,0,[0.6 0.6],1.0,0.0,1.0
1028,0.0,1,515.0,1,1029,1,False,0.0,0,2.0,[2 2],[1. 0.],1,0,[0.6 0.6],1.0,0.0,1.0
1029,0.0,1,515.0,0,1030,0,False,2.0,1,0.0,[2 2],[1. 0.],0,0,[0.6 0.6],1.0,0.0,1.0
1030,0.0,1,516.0,1,1031,1,False,0.0,0,1.0,[2 2],[1. 0.],0,0,[0.6 0.6],1.0,0.0,1.0
1031,0.0,1,516.0,0,1032,0,False,1.0,1,0.0,[1 1],[1. 0.],1,0,[0.6 0.6],1.0,0.0,1.0
1032,0.0,1,517.0,1,1033,1,False,0.0,0,2.0,[1 1],[1. 0.],1,0,[0.6 0.6],1.0,0.0,1.0
1033,1.0,1,517.0,0,1034,0,False,2.0,1,0.0,[1 1],[1. 0.],1,0,[0.6 0.6],1.0,0.0,1.0
1034,0.0,1,518.0,1,1035,1,False,0.0,0,2.0,[1 1],[1. 0.],1,0,[0.6 0.6],1.0,0.0,1.0
1035,1.0,1,518.0,0,1036,0,False,2.0,1,0.0,[1 1],[1. 0.],0,0,[0.6 0.6],1.0,0.0,1.0
1036,0.0,1,519.0,1,1037,1,False,0.0,0,1.0,[1 1],[1. 0.],0,0,[0.6 0.6],1.0,0.0,1.0
1037,1.0,1,519.0,0,1038,0,False,1.0,1,0.0,[1 1],[1. 0.],1,0,[0.6 0.6],1.0,0.0,1.0
1038,0.0,1,520.0,1,1039,1,False,0.0,0,2.0,[1 1],[1. 0.],1,0,[0.6 0.6],1.0,0.0,1.0
1039,1.0,1,520.0,0,1040,0,False,2.0,1,0.0,[2 2],[1. 0.],0,0,[0.6 0.6],1.0,0.0,1.0
1040,0.0,1,521.0,1,1041,1,False,0.0,0,1.0,[2 2],[1. 0.],0,0,[0.6 0.6],1.0,0.0,1.0
1041,0.0,1,521.0,0,1042,0,False,1.0,1,0.0,[2 2],[1. 0.],1,0,[0.6 0.6],1.0,0.0,1.0
1042,0.0,1,522.0,1,1043,1,False,0.0,0,2.0,[2 2],[1. 0.],1,0,[0.6 0.6],1.0,0.0,1.0
1043,0.0,1,522.0,0,1044,0,False,2.0,1,0.0,[1 2],[1. 0.],1,0,[0.6 0.6],1.0,0.0,1.0
1044,0.0,1,523.0,1,1045,1,False,0.0,0,2.0,[1 2],[1. 0.],1,0,[0.6 0.6],1.0,0.0,1.0
1045,1.0,1,523.0,0,1046,0,False,2.0,1,0.0,[1 2],[1. 0.],1,0,[0.6 0.6],1.0,0.0,1.0
1046,0.0,1,524.0,1,1047,1,False,0.0,0,2.0,[1 2],[1. 0.],1,0,[0.6 0.6],1.0,0.0,1.0
1047,1.0,1,524.0,0,1048,0,False,2.0,1,0.0,[2 2],[1. 0.],0,0,[0.6 0.6],1.0,0.0,1.0
1048,0.0,1,525.0,1,1049,1,False,0.0,0,1.0,[2 2],[1. 0.],0,0,[0.6 0.6],1.0,0.0,1.0
1049,0.0,1,525.0,0,1050,0,False,1.0,1,0.0,[1 1],[1. 0.],0,0,[0.6 0.6],1.0,0.0,1.0
1050,0.0,1,526.0,1,1051,1,False,0.0,0,1.0,[1 1],[1. 0.],0,0,[0.6 0.6],1.0,0.0,1.0
1051,1.0,1,526.0,0,1052,0,False,1.0,1,0.0,[1 2],[1. 0.],1,0,[0.6 0.6],1.0,0.0,1.0
1052,0.0,1,527.0,1,1053,1,False,0.0,0,2.0,[1 2],[1. 0.],1,0,[0.6 0.6],1.0,0.0,1.0
1053,1.0,1,527.0,0,1054,0,False,2.0,1,0.0,[2 2],[1. 0.],0,0,[0.6 0.6],1.0,0.0,1.0
1054,0.0,1,528.0,1,1055,1,False,0.0,0,1.0,[2 2],[1. 0.],0,0,[0.6 0.6],1.0,0.0,1.0
1055,0.0,1,528.0,0,1056,0,False,1.0,1,0.0,[1 1],[1. 0.],0,0,[0.6 0.6],1.0,0.0,1.0
1056,0.0,1,529.0,1,1057,1,False,0.0,0,1.0,[1 1],[1. 0.],0,0,[0.6 0.6],1.0,0.0,1.0
1057,1.0,1,529.0,0,1058,0,False,1.0,1,0.0,[1 1],[1. 0.],1,0,[0.6 0.6],1.0,0.0,1.0
1058,0.0,1,530.0,1,1059,1,False,0.0,0,2.0,[1 1],[1. 0.],1,0,[0.6 0.6],1.0,0.0,1.0
1059,1.0,1,530.0,0,1060,0,False,2.0,1,0.0,[2 2],[1. 0.],0,0,[0.6 0.6],1.0,0.0,1.0
1060,0.0,1,531.0,1,1061,1,False,0.0,0,1.0,[2 2],[1. 0.],0,0,[0.6 0.6],1.0,0.0,1.0
1061,0.0,1,531.0,0,1062,0,False,1.0,1,0.0,[2 1],[1. 0.],0,0,[0.6 0.6],1.0,0.0,1.0
1062,0.0,1,532.0,1,1063,1,False,0.0,0,1.0,[2 1],[1. 0.],0,0,[0.6 0.6],1.0,0.0,1.0
1063,0.0,1,532.0,0,1064,0,False,1.0,1,0.0,[2 2],[1. 0.],0,0,[0.6 0.6],1.0,0.0,1.0
1064,0.0,1,533.0,2,1065,1,False,0.0,0,1.0,[2 2],[1. 0.],0,0,[0.6 0.6],1.0,0.0,1.0
1065,0.0,1,533.0,0,1066,0,False,1.0,1,0.0,[2 2],[1. 0.],1,0,[0.6 0.6],1.0,0.0,1.0
1066,0.0,1,534.0,1,1067,1,False,0.0,0,2.0,[2 2],[1. 0.],1,0,[0.6 0.6],1.0,0.0,1.0
1067,0.0,1,534.0,0,1068,0,False,2.0,1,0.0,[1 1],[1. 0.],0,0,[0.6 0.6],1.0,0.0,1.0
1068,0.0,1,535.0,2,1069,1,False,0.0,0,1.0,[1 1],[1. 0.],0,0,[0.6 0.6],1.0,0.0,1.0
1069,1.0,1,535.0,0,1070,0,False,1.0,1,0.0,[1 1],[1. 0.],0,0,[0.6 0.6],1.0,0.0,1.0
1070,0.0,1,536.0,2,1071,1,False,0.0,0,1.0,[1 1],[1. 0.],0,0,[0.6 0.6],1.0,0.0,1.0
1071,1.0,1,536.0,0,1072,0,False,1.0,1,0.0,[1 1],[1. 0.],1,0,[0.6 0.6],1.0,0.0,1.0
1072,0.0,1,537.0,2,1073,1,False,0.0,0,2.0,[1 1],[1. 0.],1,0,[0.6 0.6],1.0,0.0,1.0
1073,1.0,1,537.0,0,1074,0,False,2.0,1,0.0,[2 1],[1. 0.],0,0,[0.6 0.6],1.0,0.0,1.0
1074,0.0,1,538.0,2,1075,1,False,0.0,0,1.0,[2 1],[1. 0.],0,0,[0.6 0.6],1.0,0.0,1.0
1075,1.0,1,538.0,0,1076,0,False,1.0,1,0.0,[1 1],[1. 0.],1,0,[0.6 0.6],1.0,0.0,1.0
1076,0.0,1,539.0,2,1077,1,False,0.0,0,2.0,[1 1],[1. 0.],1,0,[0.6 0.6],1.0,0.0,1.0
1077,1.0,1,539.0,0,1078,0,False,2.0,1,0.0,[2 2],[1. 0.],0,0,[0.6 0.6],1.0,0.0,1.0
1078,0.0,1,540.0,2,1079,1,False,0.0,0,1.0,[2 2],[1. 0.],0,0,[0.6 0.6],1.0,0.0,1.0
1079,0.0,1,540.0,0,1080,0,False,1.0,1,0.0,[1 1],[1. 0.],0,0,[0.6 0.6],1.0,0.0,1.0
1080,0.0,1,541.0,2,1081,1,False,0.0,0,1.0,[1 1],[1. 0.],0,0,[0.6 0.6],1.0,0.0,1.0
1081,1.0,1,541.0,0,1082,0,False,1.0,1,0.0,[2 1],[1. 0.],1,0,[0.6 0.6],1.0,0.0,1.0
1082,0.0,1,542.0,2,1083,1,False,0.0,0,2.0,[2 1],[1. 0.],1,0,[0.6 0.6],1.0,0.0,1.0
1083,1.0,1,542.0,0,1084,0,False,2.0,1,0.0,[2 1],[1. 0.],1,0,[0.6 0.6],1.0,0.0,1.0
1084,0.0,1,543.0,2,1085,1,False,0.0,0,2.0,[2 1],[1. 0.],1,0,[0.6 0.6],1.0,0.0,1.0
1085,1.0,1,543.0,0,1086,0,False,2.0,1,0.0,[2 1],[1. 0.],0,0,[0.6 0.6],1.0,0.0,1.0
1086,0.0,1,544.0,2,1087,1,False,0.0,0,1.0,[2 1],[1. 0.],0,0,[0.6 0.6],1.0,0.0,1.0
1087,1.0,1,544.0,0,1088,0,False,1.0,1,0.0,[2 2],[1. 0.],0,0,[0.6 0.6],1.0,0.0,1.0
1088,0.0,1,545.0,2,1089,1,False,0.0,0,1.0,[2 2],[1. 0.],0,0,[0.6 0.6],1.0,0.0,1.0
1089,0.0,1,545.0,0,1090,0,False,1.0,1,0.0,[2 2],[1. 0.],0,0,[0.6 0.6],1.0,0.0,1.0
1090,0.0,1,546.0,2,1091,1,False,0.0,0,1.0,[2 2],[1. 0.],0,0,[0.6 0.6],1.0,0.0,1.0
1091,0.0,1,546.0,0,1092,0,False,1.0,1,0.0,[2 2],[1. 0.],0,0,[0.6 0.6],1.0,0.0,1.0
1092,0.0,1,547.0,2,1093,1,False,0.0,0,1.0,[2 2],[1. 0.],0,0,[0.6 0.6],1.0,0.0,1.0
1093,0.0,1,547.0,0,1094,0,False,1.0,1,0.0,[2 1],[1. 0.],0,0,[0.6 0.6],1.0,0.0,1.0
1094,0.0,1,548.0,2,1095,1,False,0.0,0,1.0,[2 1],[1. 0.],0,0,[0.6 0.6],1.0,0.0,1.0
1095,1.0,1,548.0,0,1096,0,False,1.0,1,0.0,[2 1],[1. 0.],1,0,[0.6 0.6],1.0,0.0,1.0
1096,0.0,1,549.0,2,1097,1,False,0.0,0,2.0,[2 1],[1. 0.],1,0,[0.6 0.6],1.0,0.0,1.0
1097,1.0,1,549.0,0,1098,0,False,2.0,1,0.0,[2 1],[1. 0.],0,0,[0.6 0.6],1.0,0.0,1.0
1098,0.0,1,550.0,2,1099,1,False,0.0,0,1.0,[2 1],[1. 0.],0,0,[0.6 0.6],1.0,0.0,1.0
1099,1.0,1,550.0,0,1100,0,False,1.0,1,0.0,[2 1],[1. 0.],1,0,[0.6 0.6],1.0,0.0,1.0
1100,0.0,1,551.0,2,1101,1,False,0.0,0,2.0,[2 1],[1. 0.],1,0,[0.6 0.6],1.0,0.0,1.0
1101,1.0,1,551.0,0,1102,0,False,2.0,1,0.0,[2 1],[1. 0.],0,0,[0.6 0.6],1.0,0.0,1.0
1102,0.0,1,552.0,2,1103,1,False,0.0,0,1.0,[2 1],[1. 0.],0,0,[0.6 0.6],1.0,0.0,1.0
1103,1.0,1,552.0,0,1104,0,False,1.0,1,0.0,[1 2],[1. 0.],0,0,[0.6 0.6],1.0,0.0,1.0
1104,0.0,1,553.0,2,1105,1,False,0.0,0,1.0,[1 2],[1. 0.],0,0,[0.6 0.6],1.0,0.0,1.0
1105,0.0,1,553.0,0,1106,0,False,1.0,1,0.0,[2 2],[1. 0.],1,0,[0.6 0.6],1.0,0.0,1.0
1106,0.0,1,554.0,2,1107,1,False,0.0,0,2.0,[2 2],[1. 0.],1,0,[0.6 0.6],1.0,0.0,1.0
1107,0.0,1,554.0,0,1108,0,False,2.0,1,0.0,[1 2],[1. 0.],0,0,[0.6 0.6],1.0,0.0,1.0
1108,0.0,1,555.0,2,1109,1,False,0.0,0,1.0,[1 2],[1. 0.],0,0,[0.6 0.6],1.0,0.0,1.0
1109,0.0,1,555.0,0,1110,0,False,1.0,1,0.0,[1 2],[1. 0.],0,0,[0.6 0.6],1.0,0.0,1.0
1110,0.0,1,556.0,2,1111,1,False,0.0,0,1.0,[1 2],[1. 0.],0,0,[0.6 0.6],1.0,0.0,1.0
1111,0.0,1,556.0,0,1112,0,False,1.0,1,0.0,[2 1],[1. 0.],0,0,[0.6 0.6],1.0,0.0,1.0
1112,0.0,1,557.0,1,1113,1,False,0.0,0,1.0,[2 1],[1. 0.],0,0,[0.6 0.6],1.0,0.0,1.0
1113,0.0,1,557.0,0,1114,0,False,1.0,1,0.0,[1 1],[1. 0.],0,0,[0.6 0.6],1.0,0.0,1.0
1114,0.0,1,558.0,2,1115,1,False,0.0,0,1.0,[1 1],[1. 0.],0,0,[0.6 0.6],1.0,0.0,1.0
1115,1.0,1,558.0,0,1116,0,False,1.0,1,0.0,[1 1],[1. 0.],1,0,[0.6 0.6],1.0,0.0,1.0
1116,0.0,1,559.0,2,1117,1,False,0.0,0,2.0,[1 1],[1. 0.],1,0,[0.6 0.6],1.0,0.0,1.0
1117,1.0,1,559.0,0,1118,0,False,2.0,1,0.0,[2 2],[1. 0.],1,0,[0.6 0.6],1.0,0.0,1.0
1118,0.0,1,560.0,2,1119,1,False,0.0,0,2.0,[2 2],[1. 0.],1,0,[0.6 0.6],1.0,0.0,1.0
1119,0.0,1,560.0,0,1120,0,False,2.0,1,0.0,[1 2],[1. 0.],0,0,[0.6 0.6],1.0,0.0,1.0
1120,0.0,1,561.0,2,1121,1,False,0.0,0,1.0,[1 2],[1. 0.],0,0,[0.6 0.6],1.0,0.0,1.0
1121,0.0,1,561.0,0,1122,0,False,1.0,1,0.0,[1 2],[1. 0.],1,0,[0.6 0.6],1.0,0.0,1.0
1122,0.0,1,562.0,2,1123,1,False,0.0,0,2.0,[1 2],[1. 0.],1,0,[0.6 0.6],1.0,0.0,1.0
1123,0.0,1,562.0,0,1124,0,False,2.0,1,0.0,[2 1],[1. 0.],0,0,[0.6 0.6],1.0,0.0,1.0
1124,0.0,1,563.0,1,1125,1,False,0.0,0,1.0,[2 1],[1. 0.],0,0,[0.6 0.6],1.0,0.0,1.0
1125,0.0,1,563.0,0,1126,0,False,1.0,1,0.0,[2 1],[1. 0.],1,0,[0.6 0.6],1.0,0.0,1.0
1126,0.0,1,564.0,2,1127,1,False,0.0,0,2.0,[2 1],[1. 0.],1,0,[0.6 0.6],1.0,0.0,1.0
1127,1.0,1,564.0,0,1128,0,False,2.0,1,0.0,[1 2],[1. 0.],0,0,[0.6 0.6],1.0,0.0,1.0
1128,0.0,1,565.0,2,1129,1,False,0.0,0,1.0,[1 2],[1. 0.],0,0,[0.6 0.6],1.0,0.0,1.0
1129,0.0,1,565.0,0,1130,0,False,1.0,1,0.0,[1 1],[1. 0.],1,0,[0.6 0.6],1.0,0.0,1.0
1130,0.0,1,566.0,2,1131,1,False,0.0,0,2.0,[1 1],[1. 0.],1,0,[0.6 0.6],1.0,0.0,1.0
1131,1.0,1,566.0,0,1132,0,False,2.0,1,0.0,[2 1],[1. 0.],1,0,[0.6 0.6],1.0,0.0,1.0
1132,0.0,1,567.0,2,1133,1,False,0.0,0,2.0,[2 1],[1. 0.],1,0,[0.6 0.6],1.0,0.0,1.0
1133,1.0,1,567.0,0,1134,0,False,2.0,1,0.0,[1 2],[1. 0.],1,0,[0.6 0.6],1.0,0.0,1.0
1134,0.0,1,568.0,2,1135,1,False,0.0,0,2.0,[1 2],[1. 0.],1,0,[0.6 0.6],1.0,0.0,1.0
1135,0.0,1,568.0,0,1136,0,False,2.0,1,0.0,[1 1],[1. 0.],0,0,[0.6 0.6],1.0,0.0,1.0
1136,0.0,1,569.0,2,1137,1,False,0.0,0,1.0,[1 1],[1. 0.],0,0,[0.6 0.6],1.0,0.0,1.0
1137,1.0,1,569.0,0,1138,0,False,1.0,1,0.0,[1 2],[1. 0.],0,0,[0.6 0.6],1.0,0.0,1.0
1138,0.0,1,570.0,2,1139,1,False,0.0,0,1.0,[1 2],[1. 0.],0,0,[0.6 0.6],1.0,0.0,1.0
1139,0.0,1,570.0,0,1140,0,False,1.0,1,0.0,[2 2],[1. 0.],1,0,[0.6 0.6],1.0,0.0,1.0
1140,0.0,1,571.0,2,1141,1,False,0.0,0,2.0,[2 2],[1. 0.],1,0,[0.6 0.6],1.0,0.0,1.0
1141,0.0,1,571.0,0,1142,0,False,2.0,1,0.0,[2 2],[1. 0.],0,0,[0.6 0.6],1.0,0.0,1.0
1142,0.0,1,572.0,2,1143,1,False,0.0,0,1.0,[2 2],[1. 0.],0,0,[0.6 0.6],1.0,0.0,1.0
1143,0.0,1,572.0,0,1144,0,False,1.0,1,0.0,[1 1],[1. 0.],0,0,[0.6 0.6],1.0,0.0,1.0
1144,0.0,1,573.0,1,1145,1,False,0.0,0,1.0,[1 1],[1. 0.],0,0,[0.6 0.6],1.0,0.0,1.0
1145,1.0,1,573.0,0,1146,0,False,1.0,1,0.0,[1 1],[1. 0.],1,0,[0.6 0.6],1.0,0.0,1.0
1146,0.0,1,574.0,1,1147,1,False,0.0,0,2.0,[1 1],[1. 0.],1,0,[0.6 0.6],1.0,0.0,1.0
1147,1.0,1,574.0,0,1148,0,False,2.0,1,0.0,[2 2],[1. 0.],1,0,[0.6 0.6],1.0,0.0,1.0
1148,0.0,1,575.0,1,1149,1,False,0.0,0,2.0,[2 2],[1. 0.],1,0,[0.6 0.6],1.0,0.0,1.0
1149,0.0,1,575.0,0,1150,0,False,2.0,1,0.0,[2 2],[1. 0.],0,0,[0.6 0.6],1.0,0.0,1.0
1150,0.0,1,576.0,1,1151,1,False,0.0,0,1.0,[2 2],[1. 0.],0,0,[0.6 0.6],1.0,0.0,1.0
1151,0.0,1,576.0,0,1152,0,False,1.0,1,0.0,[1 2],[1. 0.],0,0,[0.6 0.6],1.0,0.0,1.0
1152,0.0,1,577.0,1,1153,1,False,0.0,0,1.0,[1 2],[1. 0.],0,0,[0.6 0.6],1.0,0.0,1.0
1153,1.0,1,577.0,0,1154,0,False,1.0,1,0.0,[2 2],[1. 0.],1,0,[0.6 0.6],1.0,0.0,1.0
1154,0.0,1,578.0,1,1155,1,False,0.0,0,2.0,[2 2],[1. 0.],1,0,[0.6 0.6],1.0,0.0,1.0
1155,0.0,1,578.0,0,1156,0,False,2.0,1,0.0,[1 2],[1. 0.],0,0,[0.6 0.6],1.0,0.0,1.0
1156,0.0,1,579.0,1,1157,1,False,0.0,0,1.0,[1 2],[1. 0.],0,0,[0.6 0.6],1.0,0.0,1.0
1157,1.0,1,579.0,0,1158,0,False,1.0,1,0.0,[2 1],[1. 0.],1,0,[0.6 0.6],1.0,0.0,1.0
1158,0.0,1,580.0,1,1159,1,False,0.0,0,2.0,[2 1],[1. 0.],1,0,[0.6 0.6],1.0,0.0,1.0
1159,0.0,1,580.0,0,1160,0,False,2.0,1,0.0,[1 1],[1. 0.],0,0,[0.6 0.6],1.0,0.0,1.0
1160,0.0,1,581.0,1,1161,1,False,0.0,0,1.0,[1 1],[1. 0.],0,0,[0.6 0.6],1.0,0.0,1.0
1161,1.0,1,581.0,0,1162,0,False,1.0,1,0.0,[2 1],[1. 0.],0,0,[0.6 0.6],1.0,0.0,1.0
1162,0.0,1,582.0,1,1163,1,False,0.0,0,1.0,[2 1],[1. 0.],0,0,[0.6 0.6],1.0,0.0,1.0
1163,0.0,1,582.0,0,1164,0,False,1.0,1,0.0,[1 1],[1. 0.],1,0,[0.6 0.6],1.0,0.0,1.0
1164,0.0,1,583.0,1,1165,1,False,0.0,0,2.0,[1 1],[1. 0.],1,0,[0.6 0.6],1.0,0.0,1.0
1165,1.0,1,583.0,0,1166,0,False,2.0,1,0.0,[2 2],[1. 0.],1,0,[0.6 0.6],1.0,0.0,1.0
1166,0.0,1,584.0,1,1167,1,False,0.0,0,2.0,[2 2],[1. 0.],1,0,[0.6 0.6],1.0,0.0,1.0
1167,0.0,1,584.0,0,1168,0,False,2.0,1,0.0,[1 1],[1. 0.],1,0,[0.6 0.6],1.0,0.0,1.0
1168,0.0,1,585.0,1,1169,1,False,0.0,0,2.0,[1 1],[1. 0.],1,0,[0.6 0.6],1.0,0.0,1.0
1169,1.0,1,585.0,0,1170,0,False,2.0,1,0.0,[1 1],[1. 0.],1,0,[0.6 0.6],1.0,0.0,1.0
1170,0.0,1,586.0,1,1171,1,False,0.0,0,2.0,[1 1],[1. 0.],1,0,[0.6 0.6],1.0,0.0,1.0
1171,1.0,1,586.0,0,1172,0,False,2.0,1,0.0,[2 2],[1. 0.],0,0,[0.6 0.6],1.0,0.0,1.0
1172,0.0,1,587.0,1,1173,1,False,0.0,0,1.0,[2 2],[1. 0.],0,0,[0.6 0.6],1.0,0.0,1.0
1173,0.0,1,587.0,0,1174,0,False,1.0,1,0.0,[2 1],[1. 0.],1,0,[0.6 0.6],1.0,0.0,1.0
1174,0.0,1,588.0,1,1175,1,False,0.0,0,2.0,[2 1],[1. 0.],1,0,[0.6 0.6],1.0,0.0,1.0
1175,0.0,1,588.0,0,1176,0,False,2.0,1,0.0,[2 2],[0. 1.],1,1,[0.6 0.6],1.0,0.0,1.0
1176,0.0,1,589.0,1,1177,1,False,0.0,0,2.0,[2 2],[0. 1.],1,1,[0.6 0.6],1.0,0.0,1.0
1177,1.0,1,589.0,0,1178,0,False,2.0,1,0.0,[1 1],[0. 1.],1,1,[0.6 0.6],1.0,0.0,1.0
1178,0.0,1,590.0,1,1179,1,False,0.0,0,2.0,[1 1],[0. 1.],1,1,[0.6 0.6],1.0,0.0,1.0
1179,0.0,1,590.0,0,1180,0,False,2.0,1,0.0,[2 2],[0. 1.],1,1,[0.6 0.6],1.0,0.0,1.0
1180,0.0,1,591.0,2,1181,1,False,0.0,0,2.0,[2 2],[0. 1.],1,1,[0.6 0.6],1.0,0.0,1.0
1181,1.0,1,591.0,0,1182,0,False,2.0,1,0.0,[1 2],[1. 0.],0,0,[0.6 0.6],1.0,0.0,1.0
1182,0.0,1,592.0,2,1183,1,False,0.0,0,1.0,[1 2],[1. 0.],0,0,[0.6 0.6],1.0,0.0,1.0
1183,0.0,1,592.0,0,1184,0,False,1.0,1,0.0,[1 2],[1. 0.],1,0,[0.6 0.6],1.0,0.0,1.0
1184,0.0,1,593.0,2,1185,1,False,0.0,0,2.0,[1 2],[1. 0.],1,0,[0.6 0.6],1.0,0.0,1.0
1185,0.0,1,593.0,0,1186,0,False,2.0,1,0.0,[1 2],[1. 0.],1,0,[0.6 0.6],1.0,0.0,1.0
1186,0.0,1,594.0,1,1187,1,False,0.0,0,2.0,[1 2],[1. 0.],1,0,[0.6 0.6],1.0,0.0,1.0
1187,1.0,1,594.0,0,1188,0,False,2.0,1,0.0,[1 2],[1. 0.],1,0,[0.6 0.6],1.0,0.0,1.0
1188,0.0,1,595.0,1,1189,1,False,0.0,0,2.0,[1 2],[1. 0.],1,0,[0.6 0.6],1.0,0.0,1.0
1189,1.0,1,595.0,0,1190,0,False,2.0,1,0.0,[1 1],[1. 0.],1,0,[0.6 0.6],1.0,0.0,1.0
1190,0.0,1,596.0,1,1191,1,False,0.0,0,2.0,[1 1],[1. 0.],1,0,[0.6 0.6],1.0,0.0,1.0
1191,1.0,1,596.0,0,1192,0,False,2.0,1,0.0,[2 2],[1. 0.],0,0,[0.6 0.6],1.0,0.0,1.0
1192,0.0,1,597.0,1,1193,1,False,0.0,0,1.0,[2 2],[1. 0.],0,0,[0.6 0.6],1.0,0.0,1.0
1193,0.0,1,597.0,0,1194,0,False,1.0,1,0.0,[2 2],[1. 0.],0,0,[0.6 0.6],1.0,0.0,1.0
1194,0.0,1,598.0,1,1195,1,False,0.0,0,1.0,[2 2],[1. 0.],0,0,[0.6 0.6],1.0,0.0,1.0
1195,0.0,1,598.0,0,1196,0,False,1.0,1,0.0,[1 1],[1. 0.],1,0,[0.6 0.6],1.0,0.0,1.0
1196,0.0,1,599.0,1,1197,1,False,0.0,0,2.0,[1 1],[1. 0.],1,0,[0.6 0.6],1.0,0.0,1.0
1197,1.0,1,599.0,0,1198,0,False,2.0,1,0.0,[1 2],[1. 0.],0,0,[0.6 0.6],1.0,0.0,1.0
1198,0.0,1,600.0,1,1199,1,False,0.0,0,1.0,[1 2],[1. 0.],0,0,[0.6 0.6],1.0,0.0,1.0
1199,1.0,1,600.0,0,1200,0,False,1.0,1,0.0,[1 2],[1. 0.],1,0,[0.6 0.6],1.0,0.0,1.0
1200,0.0,1,601.0,1,1201,1,False,0.0,0,2.0,[1 2],[1. 0.],1,0,[0.6 0.6],1.0,0.0,1.0
1201,1.0,1,601.0,0,1202,0,False,2.0,1,0.0,[1 2],[1. 0.],1,0,[0.6 0.6],1.0,0.0,1.0
1202,0.0,1,602.0,1,1203,1,False,0.0,0,2.0,[1 2],[1. 0.],1,0,[0.6 0.6],1.0,0.0,1.0
1203,1.0,1,602.0,0,1204,0,False,2.0,1,0.0,[2 2],[1. 0.],1,0,[0.6 0.6],1.0,0.0,1.0
1204,0.0,1,603.0,1,1205,1,False,0.0,0,2.0,[2 2],[1. 0.],1,0,[0.6 0.6],1.0,0.0,1.0
1205,0.0,1,603.0,0,1206,0,False,2.0,1,0.0,[1 2],[1. 0.],0,0,[0.6 0.6],1.0,0.0,1.0
1206,0.0,1,604.0,1,1207,1,False,0.0,0,1.0,[1 2],[1. 0.],0,0,[0.6 0.6],1.0,0.0,1.0
1207,1.0,1,604.0,0,1208,0,False,1.0,1,0.0,[1 1],[1. 0.],0,0,[0.6 0.6],1.0,0.0,1.0
1208,0.0,1,605.0,1,1209,1,False,0.0,0,1.0,[1 1],[1. 0.],0,0,[0.6 0.6],1.0,0.0,1.0
1209,1.0,1,605.0,0,1210,0,False,1.0,1,0.0,[1 2],[1. 0.],0,0,[0.6 0.6],1.0,0.0,1.0
1210,0.0,1,606.0,1,1211,1,False,0.0,0,1.0,[1 2],[1. 0.],0,0,[0.6 0.6],1.0,0.0,1.0
1211,1.0,1,606.0,0,1212,0,False,1.0,1,0.0,[1 2],[1. 0.],1,0,[0.6 0.6],1.0,0.0,1.0
1212,0.0,1,607.0,1,1213,1,False,0.0,0,2.0,[1 2],[1. 0.],1,0,[0.6 0.6],1.0,0.0,1.0
1213,1.0,1,607.0,0,1214,0,False,2.0,1,0.0,[1 2],[1. 0.],0,0,[0.6 0.6],1.0,0.0,1.0
1214,0.0,1,608.0,1,1215,1,False,0.0,0,1.0,[1 2],[1. 0.],0,0,[0.6 0.6],1.0,0.0,1.0
1215,1.0,1,608.0,0,1216,0,False,1.0,1,0.0,[1 2],[0. 1.],0,1,[0.6 0.6],1.0,0.0,1.0
1216,0.0,1,609.0,1,1217,1,False,0.0,0,1.0,[1 2],[0. 1.],0,1,[0.6 0.6],1.0,0.0,1.0
1217,0.0,1,609.0,0,1218,0,False,1.0,1,0.0,[1 1],[0. 1.],0,1,[0.6 0.6],1.0,0.0,1.0
1218,0.0,1,610.0,1,1219,1,False,0.0,0,1.0,[1 1],[0. 1.],0,1,[0.6 0.6],1.0,0.0,1.0
1219,0.0,1,610.0,0,1220,0,False,1.0,1,0.0,[1 2],[0. 1.],0,1,[0.6 0.6],1.0,0.0,1.0
1220,0.0,1,611.0,1,1221,1,False,0.0,0,1.0,[1 2],[0. 1.],0,1,[0.6 0.6],1.0,0.0,1.0
1221,0.0,1,611.0,0,1222,0,False,1.0,1,0.0,[1 2],[0. 1.],1,1,[0.6 0.6],1.0,0.0,1.0
1222,0.0,1,612.0,1,1223,1,False,0.0,0,2.0,[1 2],[0. 1.],1,1,[0.6 0.6],1.0,0.0,1.0
1223,0.0,1,612.0,0,1224,0,False,2.0,1,0.0,[2 1],[0. 1.],0,1,[0.6 0.6],1.0,0.0,1.0
1224,0.0,1,613.0,1,1225,1,False,0.0,0,1.0,[2 1],[0. 1.],0,1,[0.6 0.6],1.0,0.0,1.0
1225,1.0,1,613.0,0,1226,0,False,1.0,1,0.0,[1 1],[0. 1.],0,1,[0.6 0.6],1.0,0.0,1.0
1226,0.0,1,614.0,1,1227,1,False,0.0,0,1.0,[1 1],[0. 1.],0,1,[0.6 0.6],1.0,0.0,1.0
1227,0.0,1,614.0,0,1228,0,False,1.0,1,0.0,[2 2],[1. 0.],1,0,[0.6 0.6],1.0,0.0,1.0
1228,0.0,1,615.0,1,1229,1,False,0.0,0,2.0,[2 2],[1. 0.],1,0,[0.6 0.6],1.0,0.0,1.0
1229,0.0,1,615.0,0,1230,0,False,2.0,1,0.0,[2 2],[1. 0.],0,0,[0.6 0.6],1.0,0.0,1.0
1230,0.0,1,616.0,2,1231,1,False,0.0,0,1.0,[2 2],[1. 0.],0,0,[0.6 0.6],1.0,0.0,1.0
1231,0.0,1,616.0,0,1232,0,False,1.0,1,0.0,[2 2],[0. 1.],1,1,[0.6 0.6],1.0,0.0,1.0
1232,0.0,1,617.0,1,1233,1,False,0.0,0,2.0,[2 2],[0. 1.],1,1,[0.6 0.6],1.0,0.0,1.0
1233,1.0,1,617.0,0,1234,0,False,2.0,1,0.0,[2 1],[0. 1.],0,1,[0.6 0.6],1.0,0.0,1.0
1234,0.0,1,618.0,1,1235,1,False,0.0,0,1.0,[2 1],[0. 1.],0,1,[0.6 0.6],1.0,0.0,1.0
1235,1.0,1,618.0,0,1236,0,False,1.0,1,0.0,[2 2],[0. 1.],1,1,[0.6 0.6],1.0,0.0,1.0
1236,0.0,1,619.0,1,1237,1,False,0.0,0,2.0,[2 2],[0. 1.],1,1,[0.6 0.6],1.0,0.0,1.0
1237,1.0,1,619.0,0,1238,0,False,2.0,1,0.0,[1 1],[0. 1.],1,1,[0.6 0.6],1.0,0.0,1.0
1238,0.0,1,620.0,1,1239,1,False,0.0,0,2.0,[1 1],[0. 1.],1,1,[0.6 0.6],1.0,0.0,1.0
1239,0.0,1,620.0,0,1240,0,False,2.0,1,0.0,[2 1],[0. 1.],1,1,[0.6 0.6],1.0,0.0,1.0
1240,0.0,1,621.0,1,1241,1,False,0.0,0,2.0,[2 1],[0. 1.],1,1,[0.6 0.6],1.0,0.0,1.0
1241,1.0,1,621.0,0,1242,0,False,2.0,1,0.0,[2 2],[0. 1.],1,1,[0.6 0.6],1.0,0.0,1.0
1242,0.0,1,622.0,1,1243,1,False,0.0,0,2.0,[2 2],[0. 1.],1,1,[0.6 0.6],1.0,0.0,1.0
1243,1.0,1,622.0,0,1244,0,False,2.0,1,0.0,[1 2],[0. 1.],0,1,[0.6 0.6],1.0,0.0,1.0
1244,0.0,1,623.0,1,1245,1,False,0.0,0,1.0,[1 2],[0. 1.],0,1,[0.6 0.6],1.0,0.0,1.0
1245,0.0,1,623.0,0,1246,0,False,1.0,1,0.0,[1 1],[0. 1.],1,1,[0.6 0.6],1.0,0.0,1.0
1246,0.0,1,624.0,1,1247,1,False,0.0,0,2.0,[1 1],[0. 1.],1,1,[0.6 0.6],1.0,0.0,1.0
1247,0.0,1,624.0,0,1248,0,False,2.0,1,0.0,[1 1],[0. 1.],0,1,[0.6 0.6],1.0,0.0,1.0
1248,0.0,1,625.0,1,1249,1,False,0.0,0,1.0,[1 1],[0. 1.],0,1,[0.6 0.6],1.0,0.0,1.0
1249,0.0,1,625.0,0,1250,0,False,1.0,1,0.0,[2 1],[0. 1.],0,1,[0.6 0.6],1.0,0.0,1.0
1250,0.0,1,626.0,2,1251,1,False,0.0,0,1.0,[2 1],[0. 1.],0,1,[0.6 0.6],1.0,0.0,1.0
1251,0.0,1,626.0,0,1252,0,False,1.0,1,0.0,[1 2],[0. 1.],1,1,[0.6 0.6],1.0,0.0,1.0
1252,0.0,1,627.0,1,1253,1,False,0.0,0,2.0,[1 2],[0. 1.],1,1,[0.6 0.6],1.0,0.0,1.0
1253,0.0,1,627.0,0,1254,0,False,2.0,1,0.0,[1 2],[0. 1.],1,1,[0.6 0.6],1.0,0.0,1.0
1254,0.0,1,628.0,1,1255,1,False,0.0,0,2.0,[1 2],[0. 1.],1,1,[0.6 0.6],1.0,0.0,1.0
1255,0.0,1,628.0,0,1256,0,False,2.0,1,0.0,[1 1],[0. 1.],0,1,[0.6 0.6],1.0,0.0,1.0
1256,0.0,1,629.0,2,1257,1,False,0.0,0,1.0,[1 1],[0. 1.],0,1,[0.6 0.6],1.0,0.0,1.0
1257,0.0,1,629.0,0,1258,0,False,1.0,1,0.0,[1 1],[1. 0.],1,0,[0.6 0.6],1.0,0.0,1.0
1258,0.0,1,630.0,1,1259,1,False,0.0,0,2.0,[1 1],[1. 0.],1,0,[0.6 0.6],1.0,0.0,1.0
1259,1.0,1,630.0,0,1260,0,False,2.0,1,0.0,[1 1],[1. 0.],0,0,[0.6 0.6],1.0,0.0,1.0
1260,0.0,1,631.0,1,1261,1,False,0.0,0,1.0,[1 1],[1. 0.],0,0,[0.6 0.6],1.0,0.0,1.0
1261,1.0,1,631.0,0,1262,0,False,1.0,1,0.0,[1 2],[0. 1.],0,1,[0.6 0.6],1.0,0.0,1.0
1262,0.0,1,632.0,1,1263,1,False,0.0,0,1.0,[1 2],[0. 1.],0,1,[0.6 0.6],1.0,0.0,1.0
1263,0.0,1,632.0,0,1264,0,False,1.0,1,0.0,[1 1],[0. 1.],0,1,[0.6 0.6],1.0,0.0,1.0
1264,0.0,1,633.0,1,1265,1,False,0.0,0,1.0,[1 1],[0. 1.],0,1,[0.6 0.6],1.0,0.0,1.0
1265,0.0,1,633.0,0,1266,0,False,1.0,1,0.0,[2 2],[0. 1.],1,1,[0.6 0.6],1.0,0.0,1.0
1266,0.0,1,634.0,1,1267,1,False,0.0,0,2.0,[2 2],[0. 1.],1,1,[0.6 0.6],1.0,0.0,1.0
1267,1.0,1,634.0,0,1268,0,False,2.0,1,0.0,[1 2],[0. 1.],1,1,[0.6 0.6],1.0,0.0,1.0
1268,0.0,1,635.0,1,1269,1,False,0.0,0,2.0,[1 2],[0. 1.],1,1,[0.6 0.6],1.0,0.0,1.0
1269,0.0,1,635.0,0,1270,0,False,2.0,1,0.0,[2 1],[0. 1.],0,1,[0.6 0.6],1.0,0.0,1.0
1270,0.0,1,636.0,1,1271,1,False,0.0,0,1.0,[2 1],[0. 1.],0,1,[0.6 0.6],1.0,0.0,1.0
1271,1.0,1,636.0,0,1272,0,False,1.0,1,0.0,[1 2],[0. 1.],1,1,[0.6 0.6],1.0,0.0,1.0
1272,0.0,1,637.0,1,1273,1,False,0.0,0,2.0,[1 2],[0. 1.],1,1,[0.6 0.6],1.0,0.0,1.0
1273,0.0,1,637.0,0,1274,0,False,2.0,1,0.0,[2 2],[0. 1.],1,1,[0.6 0.6],1.0,0.0,1.0
1274,0.0,1,638.0,1,1275,1,False,0.0,0,2.0,[2 2],[0. 1.],1,1,[0.6 0.6],1.0,0.0,1.0
1275,1.0,1,638.0,0,1276,0,False,2.0,1,0.0,[1 1],[0. 1.],1,1,[0.6 0.6],1.0,0.0,1.0
1276,0.0,1,639.0,1,1277,1,False,0.0,0,2.0,[1 1],[0. 1.],1,1,[0.6 0.6],1.0,0.0,1.0
1277,0.0,1,639.0,0,1278,0,False,2.0,1,0.0,[2 2],[0. 1.],0,1,[0.6 0.6],1.0,0.0,1.0
1278,0.0,1,640.0,1,1279,1,False,0.0,0,1.0,[2 2],[0. 1.],0,1,[0.6 0.6],1.0,0.0,1.0
1279,1.0,1,640.0,0,1280,0,False,1.0,1,0.0,[1 1],[0. 1.],1,1,[0.6 0.6],1.0,0.0,1.0
1280,0.0,1,641.0,1,1281,1,False,0.0,0,2.0,[1 1],[0. 1.],1,1,[0.6 0.6],1.0,0.0,1.0
1281,0.0,1,641.0,0,1282,0,False,2.0,1,0.0,[2 2],[0. 1.],1,1,[0.6 0.6],1.0,0.0,1.0
1282,0.0,1,642.0,1,1283,1,False,0.0,0,2.0,[2 2],[0. 1.],1,1,[0.6 0.6],1.0,0.0,1.0
1283,1.0,1,642.0,0,1284,0,False,2.0,1,0.0,[2 1],[0. 1.],0,1,[0.6 0.6],1.0,0.0,1.0
1284,0.0,1,643.0,1,1285,1,False,0.0,0,1.0,[2 1],[0. 1.],0,1,[0.6 0.6],1.0,0.0,1.0
1285,1.0,1,643.0,0,1286,0,False,1.0,1,0.0,[1 1],[0. 1.],0,1,[0.6 0.6],1.0,0.0,1.0
1286,0.0,1,644.0,1,1287,1,False,0.0,0,1.0,[1 1],[0. 1.],0,1,[0.6 0.6],1.0,0.0,1.0
1287,0.0,1,644.0,0,1288,0,False,1.0,1,0.0,[2 2],[0. 1.],1,1,[0.6 0.6],1.0,0.0,1.0
1288,0.0,1,645.0,1,1289,1,False,0.0,0,2.0,[2 2],[0. 1.],1,1,[0.6 0.6],1.0,0.0,1.0
1289,1.0,1,645.0,0,1290,0,False,2.0,1,0.0,[2 1],[0. 1.],0,1,[0.6 0.6],1.0,0.0,1.0
1290,0.0,1,646.0,1,1291,1,False,0.0,0,1.0,[2 1],[0. 1.],0,1,[0.6 0.6],1.0,0.0,1.0
1291,1.0,1,646.0,0,1292,0,False,1.0,1,0.0,[1 2],[0. 1.],1,1,[0.6 0.6],1.0,0.0,1.0
1292,0.0,1,647.0,1,1293,1,False,0.0,0,2.0,[1 2],[0. 1.],1,1,[0.6 0.6],1.0,0.0,1.0
1293,0.0,1,647.0,0,1294,0,False,2.0,1,0.0,[1 2],[0. 1.],1,1,[0.6 0.6],1.0,0.0,1.0
1294,0.0,1,648.0,1,1295,1,False,0.0,0,2.0,[1 2],[0. 1.],1,1,[0.6 0.6],1.0,0.0,1.0
1295,0.0,1,648.0,0,1296,0,False,2.0,1,0.0,[2 2],[0. 1.],1,1,[0.6 0.6],1.0,0.0,1.0
1296,0.0,1,649.0,1,1297,1,False,0.0,0,2.0,[2 2],[0. 1.],1,1,[0.6 0.6],1.0,0.0,1.0
1297,1.0,1,649.0,0,1298,0,False,2.0,1,0.0,[1 1],[0. 1.],0,1,[0.6 0.6],1.0,0.0,1.0
1298,0.0,1,650.0,1,1299,1,False,0.0,0,1.0,[1 1],[0. 1.],0,1,[0.6 0.6],1.0,0.0,1.0
1299,0.0,1,650.0,0,1300,0,False,1.0,1,0.0,[2 2],[0. 1.],0,1,[0.6 0.6],1.0,0.0,1.0
1300,0.0,1,651.0,1,1301,1,False,0.0,0,1.0,[2 2],[0. 1.],0,1,[0.6 0.6],1.0,0.0,1.0
1301,1.0,1,651.0,0,1302,0,False,1.0,1,0.0,[1 1],[0. 1.],1,1,[0.6 0.6],1.0,0.0,1.0
1302,0.0,1,652.0,1,1303,1,False,0.0,0,2.0,[1 1],[0. 1.],1,1,[0.6 0.6],1.0,0.0,1.0
1303,0.0,1,652.0,0,1304,0,False,2.0,1,0.0,[1 1],[0. 1.],0,1,[0.6 0.6],1.0,0.0,1.0
1304,0.0,1,653.0,1,1305,1,False,0.0,0,1.0,[1 1],[0. 1.],0,1,[0.6 0.6],1.0,0.0,1.0
1305,0.0,1,653.0,0,1306,0,False,1.0,1,0.0,[2 1],[0. 1.],1,1,[0.6 0.6],1.0,0.0,1.0
1306,0.0,1,654.0,2,1307,1,False,0.0,0,2.0,[2 1],[0. 1.],1,1,[0.6 0.6],1.0,0.0,1.0
1307,0.0,1,654.0,0,1308,0,False,2.0,1,0.0,[2 2],[1. 0.],1,0,[0.6 0.6],1.0,0.0,1.0
1308,0.0,1,655.0,1,1309,1,False,0.0,0,2.0,[2 2],[1. 0.],1,0,[0.6 0.6],1.0,0.0,1.0
1309,0.0,1,655.0,0,1310,0,False,2.0,1,0.0,[2 1],[1. 0.],1,0,[0.6 0.6],1.0,0.0,1.0
1310,0.0,1,656.0,2,1311,1,False,0.0,0,2.0,[2 1],[1. 0.],1,0,[0.6 0.6],1.0,0.0,1.0
1311,1.0,1,656.0,0,1312,0,False,2.0,1,0.0,[1 2],[1. 0.],0,0,[0.6 0.6],1.0,0.0,1.0
1312,0.0,1,657.0,2,1313,1,False,0.0,0,1.0,[1 2],[1. 0.],0,0,[0.6 0.6],1.0,0.0,1.0
1313,0.0,1,657.0,0,1314,0,False,1.0,1,0.0,[2 1],[1. 0.],1,0,[0.6 0.6],1.0,0.0,1.0
1314,0.0,1,658.0,2,1315,1,False,0.0,0,2.0,[2 1],[1. 0.],1,0,[0.6 0.6],1.0,0.0,1.0
1315,1.0,1,658.0,0,1316,0,False,2.0,1,0.0,[2 1],[1. 0.],0,0,[0.6 0.6],1.0,0.0,1.0
1316,0.0,1,659.0,2,1317,1,False,0.0,0,1.0,[2 1],[1. 0.],0,0,[0.6 0.6],1.0,0.0,1.0
1317,1.0,1,659.0,0,1318,0,False,1.0,1,0.0,[2 1],[1. 0.],0,0,[0.6 0.6],1.0,0.0,1.0
1318,0.0,1,660.0,2,1319,1,False,0.0,0,1.0,[2 1],[1. 0.],0,0,[0.6 0.6],1.0,0.0,1.0
1319,1.0,1,660.0,0,1320,0,False,1.0,1,0.0,[2 2],[1. 0.],0,0,[0.6 0.6],1.0,0.0,1.0
1320,0.0,1,661.0,2,1321,1,False,0.0,0,1.0,[2 2],[1. 0.],0,0,[0.6 0.6],1.0,0.0,1.0
1321,0.0,1,661.0,0,1322,0,False,1.0,1,0.0,[1 2],[1. 0.],0,0,[0.6 0.6],1.0,0.0,1.0
1322,0.0,1,662.0,2,1323,1,False,0.0,0,1.0,[1 2],[1. 0.],0,0,[0.6 0.6],1.0,0.0,1.0
1323,0.0,1,662.0,0,1324,0,False,1.0,1,0.0,[1 1],[1. 0.],1,0,[0.6 0.6],1.0,0.0,1.0
1324,0.0,1,663.0,2,1325,1,False,0.0,0,2.0,[1 1],[1. 0.],1,0,[0.6 0.6],1.0,0.0,1.0
1325,1.0,1,663.0,0,1326,0,False,2.0,1,0.0,[1 2],[1. 0.],0,0,[0.6 0.6],1.0,0.0,1.0
1326,0.0,1,664.0,2,1327,1,False,0.0,0,1.0,[1 2],[1. 0.],0,0,[0.6 0.6],1.0,0.0,1.0
1327,0.0,1,664.0,0,1328,0,False,1.0,1,0.0,[1 2],[1. 0.],1,0,[0.6 0.6],1.0,0.0,1.0
1328,0.0,1,665.0,2,1329,1,False,0.0,0,2.0,[1 2],[1. 0.],1,0,[0.6 0.6],1.0,0.0,1.0
1329,0.0,1,665.0,0,1330,0,False,2.0,1,0.0,[1 1],[1. 0.],1,0,[0.6 0.6],1.0,0.0,1.0
1330,0.0,1,666.0,2,1331,1,False,0.0,0,2.0,[1 1],[1. 0.],1,0,[0.6 0.6],1.0,0.0,1.0
1331,1.0,1,666.0,0,1332,0,False,2.0,1,0.0,[2 2],[1. 0.],0,0,[0.6 0.6],1.0,0.0,1.0
1332,0.0,1,667.0,2,1333,1,False,0.0,0,1.0,[2 2],[1. 0.],0,0,[0.6 0.6],1.0,0.0,1.0
1333,0.0,1,667.0,0,1334,0,False,1.0,1,0.0,[1 2],[1. 0.],1,0,[0.6 0.6],1.0,0.0,1.0
1334,0.0,1,668.0,2,1335,1,False,0.0,0,2.0,[1 2],[1. 0.],1,0,[0.6 0.6],1.0,0.0,1.0
1335,0.0,1,668.0,0,1336,0,False,2.0,1,0.0,[2 2],[1. 0.],0,0,[0.6 0.6],1.0,0.0,1.0
1336,0.0,1,669.0,2,1337,1,False,0.0,0,1.0,[2 2],[1. 0.],0,0,[0.6 0.6],1.0,0.0,1.0
1337,0.0,1,669.0,0,1338,0,False,1.0,1,0.0,[1 1],[1. 0.],1,0,[0.6 0.6],1.0,0.0,1.0
1338,0.0,1,670.0,1,1339,1,False,0.0,0,2.0,[1 1],[1. 0.],1,0,[0.6 0.6],1.0,0.0,1.0
1339,1.0,1,670.0,0,1340,0,False,2.0,1,0.0,[2 1],[1. 0.],1,0,[0.6 0.6],1.0,0.0,1.0
1340,0.0,1,671.0,1,1341,1,False,0.0,0,2.0,[2 1],[1. 0.],1,0,[0.6 0.6],1.0,0.0,1.0
1341,0.0,1,671.0,0,1342,0,False,2.0,1,0.0,[1 2],[1. 0.],1,0,[0.6 0.6],1.0,0.0,1.0
1342,0.0,1,672.0,1,1343,1,False,0.0,0,2.0,[1 2],[1. 0.],1,0,[0.6 0.6],1.0,0.0,1.0
1343,1.0,1,672.0,0,1344,0,False,2.0,1,0.0,[2 2],[1. 0.],0,0,[0.6 0.6],1.0,0.0,1.0
1344,0.0,1,673.0,1,1345,1,False,0.0,0,1.0,[2 2],[1. 0.],0,0,[0.6 0.6],1.0,0.0,1.0
1345,0.0,1,673.0,0,1346,0,False,1.0,1,0.0,[1 2],[1. 0.],0,0,[0.6 0.6],1.0,0.0,1.0
1346,0.0,1,674.0,1,1347,1,False,0.0,0,1.0,[1 2],[1. 0.],0,0,[0.6 0.6],1.0,0.0,1.0
1347,1.0,1,674.0,0,1348,0,False,1.0,1,0.0,[2 1],[1. 0.],1,0,[0.6 0.6],1.0,0.0,1.0
1348,0.0,1,675.0,1,1349,1,False,0.0,0,2.0,[2 1],[1. 0.],1,0,[0.6 0.6],1.0,0.0,1.0
1349,0.0,1,675.0,0,1350,0,False,2.0,1,0.0,[1 2],[1. 0.],0,0,[0.6 0.6],1.0,0.0,1.0
1350,0.0,1,676.0,1,1351,1,False,0.0,0,1.0,[1 2],[1. 0.],0,0,[0.6 0.6],1.0,0.0,1.0
1351,1.0,1,676.0,0,1352,0,False,1.0,1,0.0,[1 1],[1. 0.],0,0,[0.6 0.6],1.0,0.0,1.0
1352,0.0,1,677.0,1,1353,1,False,0.0,0,1.0,[1 1],[1. 0.],0,0,[0.6 0.6],1.0,0.0,1.0
1353,1.0,1,677.0,0,1354,0,False,1.0,1,0.0,[2 2],[1. 0.],0,0,[0.6 0.6],1.0,0.0,1.0
1354,0.0,1,678.0,1,1355,1,False,0.0,0,1.0,[2 2],[1. 0.],0,0,[0.6 0.6],1.0,0.0,1.0
1355,0.0,1,678.0,0,1356,0,False,1.0,1,0.0,[1 2],[1. 0.],0,0,[0.6 0.6],1.0,0.0,1.0
1356,0.0,1,679.0,1,1357,1,False,0.0,0,1.0,[1 2],[1. 0.],0,0,[0.6 0.6],1.0,0.0,1.0
1357,1.0,1,679.0,0,1358,0,False,1.0,1,0.0,[2 1],[1. 0.],0,0,[0.6 0.6],1.0,0.0,1.0
1358,0.0,1,680.0,1,1359,1,False,0.0,0,1.0,[2 1],[1. 0.],0,0,[0.6 0.6],1.0,0.0,1.0
1359,0.0,1,680.0,0,1360,0,False,1.0,1,0.0,[1 2],[1. 0.],0,0,[0.6 0.6],1.0,0.0,1.0
1360,0.0,1,681.0,1,1361,1,False,0.0,0,1.0,[1 2],[1. 0.],0,0,[0.6 0.6],1.0,0.0,1.0
1361,1.0,1,681.0,0,1362,0,False,1.0,1,0.0,[1 2],[1. 0.],1,0,[0.6 0.6],1.0,0.0,1.0
1362,0.0,1,682.0,1,1363,1,False,0.0,0,2.0,[1 2],[1. 0.],1,0,[0.6 0.6],1.0,0.0,1.0
1363,1.0,1,682.0,0,1364,0,False,2.0,1,0.0,[2 2],[1. 0.],0,0,[0.6 0.6],1.0,0.0,1.0
1364,0.0,1,683.0,1,1365,1,False,0.0,0,1.0,[2 2],[1. 0.],0,0,[0.6 0.6],1.0,0.0,1.0
1365,0.0,1,683.0,0,1366,0,False,1.0,1,0.0,[1 2],[1. 0.],0,0,[0.6 0.6],1.0,0.0,1.0
1366,0.0,1,684.0,1,1367,1,False,0.0,0,1.0,[1 2],[1. 0.],0,0,[0.6 0.6],1.0,0.0,1.0
1367,1.0,1,684.0,0,1368,0,False,1.0,1,0.0,[2 1],[1. 0.],1,0,[0.6 0.6],1.0,0.0,1.0
1368,0.0,1,685.0,1,1369,1,False,0.0,0,2.0,[2 1],[1. 0.],1,0,[0.6 0.6],1.0,0.0,1.0
1369,0.0,1,685.0,0,1370,0,False,2.0,1,0.0,[2 2],[1. 0.],0,0,[0.6 0.6],1.0,0.0,1.0
1370,0.0,1,686.0,1,1371,1,False,0.0,0,1.0,[2 2],[1. 0.],0,0,[0.6 0.6],1.0,0.0,1.0
1371,0.0,1,686.0,0,1372,0,False,1.0,1,0.0,[1 2],[1. 0.],1,0,[0.6 0.6],1.0,0.0,1.0
1372,0.0,1,687.0,1,1373,1,False,0.0,0,2.0,[1 2],[1. 0.],1,0,[0.6 0.6],1.0,0.0,1.0
1373,1.0,1,687.0,0,1374,0,False,2.0,1,0.0,[2 2],[1. 0.],0,0,[0.6 0.6],1.0,0.0,1.0
1374,0.0,1,688.0,1,1375,1,False,0.0,0,1.0,[2 2],[1. 0.],0,0,[0.6 0.6],1.0,0.0,1.0
1375,0.0,1,688.0,0,1376,0,False,1.0,1,0.0,[2 2],[1. 0.],1,0,[0.6 0.6],1.0,0.0,1.0
1376,0.0,1,689.0,1,1377,1,False,0.0,0,2.0,[2 2],[1. 0.],1,0,[0.6 0.6],1.0,0.0,1.0
1377,0.0,1,689.0,0,1378,0,False,2.0,1,0.0,[2 2],[1. 0.],0,0,[0.6 0.6],1.0,0.0,1.0
1378,0.0,1,690.0,1,1379,1,False,0.0,0,1.0,[2 2],[1. 0.],0,0,[0.6 0.6],1.0,0.0,1.0
1379,0.0,1,690.0,0,1380,0,False,1.0,1,0.0,[1 2],[1. 0.],1,0,[0.6 0.6],1.0,0.0,1.0
1380,0.0,1,691.0,2,1381,1,False,0.0,0,2.0,[1 2],[1. 0.],1,0,[0.6 0.6],1.0,0.0,1.0
1381,0.0,1,691.0,0,1382,0,False,2.0,1,0.0,[2 1],[1. 0.],0,0,[0.6 0.6],1.0,0.0,1.0
1382,0.0,1,692.0,1,1383,1,False,0.0,0,1.0,[2 1],[1. 0.],0,0,[0.6 0.6],1.0,0.0,1.0
1383,0.0,1,692.0,0,1384,0,False,1.0,1,0.0,[2 2],[1. 0.],0,0,[0.6 0.6],1.0,0.0,1.0
1384,0.0,1,693.0,2,1385,1,False,0.0,0,1.0,[2 2],[1. 0.],0,0,[0.6 0.6],1.0,0.0,1.0
1385,0.0,1,693.0,0,1386,0,False,1.0,1,0.0,[2 1],[1. 0.],1,0,[0.6 0.6],1.0,0.0,1.0
1386,0.0,1,694.0,1,1387,1,False,0.0,0,2.0,[2 1],[1. 0.],1,0,[0.6 0.6],1.0,0.0,1.0
1387,0.0,1,694.0,0,1388,0,False,2.0,1,0.0,[1 2],[1. 0.],1,0,[0.6 0.6],1.0,0.0,1.0
1388,0.0,1,695.0,2,1389,1,False,0.0,0,2.0,[1 2],[1. 0.],1,0,[0.6 0.6],1.0,0.0,1.0
1389,0.0,1,695.0,0,1390,0,False,2.0,1,0.0,[1 2],[1. 0.],1,0,[0.6 0.6],1.0,0.0,1.0
1390,0.0,1,696.0,1,1391,1,False,0.0,0,2.0,[1 2],[1. 0.],1,0,[0.6 0.6],1.0,0.0,1.0
1391,1.0,1,696.0,0,1392,0,False,2.0,1,0.0,[2 1],[1. 0.],1,0,[0.6 0.6],1.0,0.0,1.0
1392,0.0,1,697.0,1,1393,1,False,0.0,0,2.0,[2 1],[1. 0.],1,0,[0.6 0.6],1.0,0.0,1.0
1393,0.0,1,697.0,0,1394,0,False,2.0,1,0.0,[1 2],[1. 0.],0,0,[0.6 0.6],1.0,0.0,1.0
1394,0.0,1,698.0,2,1395,1,False,0.0,0,1.0,[1 2],[1. 0.],0,0,[0.6 0.6],1.0,0.0,1.0
1395,0.0,1,698.0,0,1396,0,False,1.0,1,0.0,[1 1],[1. 0.],1,0,[0.6 0.6],1.0,0.0,1.0
1396,0.0,1,699.0,1,1397,1,False,0.0,0,2.0,[1 1],[1. 0.],1,0,[0.6 0.6],1.0,0.0,1.0
1397,1.0,1,699.0,0,1398,0,False,2.0,1,0.0,[2 2],[1. 0.],0,0,[0.6 0.6],1.0,0.0,1.0
1398,0.0,1,700.0,1,1399,1,False,0.0,0,1.0,[2 2],[1. 0.],0,0,[0.6 0.6],1.0,0.0,1.0
1399,0.0,1,700.0,0,1400,0,False,1.0,1,0.0,[1 2],[1. 0.],1,0,[0.6 0.6],1.0,0.0,1.0
1400,0.0,1,701.0,1,1401,1,False,0.0,0,2.0,[1 2],[1. 0.],1,0,[0.6 0.6],1.0,0.0,1.0
1401,1.0,1,701.0,0,1402,0,False,2.0,1,0.0,[1 1],[1. 0.],0,0,[0.6 0.6],1.0,0.0,1.0
1402,0.0,1,702.0,1,1403,1,False,0.0,0,1.0,[1 1],[1. 0.],0,0,[0.6 0.6],1.0,0.0,1.0
1403,1.0,1,702.0,0,1404,0,False,1.0,1,0.0,[1 2],[1. 0.],0,0,[0.6 0.6],1.0,0.0,1.0
1404,0.0,1,703.0,1,1405,1,False,0.0,0,1.0,[1 2],[1. 0.],0,0,[0.6 0.6],1.0,0.0,1.0
1405,1.0,1,703.0,0,1406,0,False,1.0,1,0.0,[2 1],[1. 0.],0,0,[0.6 0.6],1.0,0.0,1.0
1406,0.0,1,704.0,1,1407,1,False,0.0,0,1.0,[2 1],[1. 0.],0,0,[0.6 0.6],1.0,0.0,1.0
1407,0.0,1,704.0,0,1408,0,False,1.0,1,0.0,[1 1],[1. 0.],1,0,[0.6 0.6],1.0,0.0,1.0
1408,0.0,1,705.0,1,1409,1,False,0.0,0,2.0,[1 1],[1. 0.],1,0,[0.6 0.6],1.0,0.0,1.0
1409,1.0,1,705.0,0,1410,0,False,2.0,1,0.0,[2 1],[1. 0.],0,0,[0.6 0.6],1.0,0.0,1.0
1410,0.0,1,706.0,1,1411,1,False,0.0,0,1.0,[2 1],[1. 0.],0,0,[0.6 0.6],1.0,0.0,1.0
1411,0.0,1,706.0,0,1412,0,False,1.0,1,0.0,[2 1],[1. 0.],1,0,[0.6 0.6],1.0,0.0,1.0
1412,0.0,1,707.0,1,1413,1,False,0.0,0,2.0,[2 1],[1. 0.],1,0,[0.6 0.6],1.0,0.0,1.0
1413,0.0,1,707.0,0,1414,0,False,2.0,1,0.0,[2 2],[1. 0.],1,0,[0.6 0.6],1.0,0.0,1.0
1414,0.0,1,708.0,1,1415,1,False,0.0,0,2.0,[2 2],[1. 0.],1,0,[0.6 0.6],1.0,0.0,1.0
1415,0.0,1,708.0,0,1416,0,False,2.0,1,0.0,[1 1],[1. 0.],0,0,[0.6 0.6],1.0,0.0,1.0
1416,0.0,1,709.0,2,1417,1,False,0.0,0,1.0,[1 1],[1. 0.],0,0,[0.6 0.6],1.0,0.0,1.0
1417,1.0,1,709.0,0,1418,0,False,1.0,1,0.0,[2 2],[1. 0.],1,0,[0.6 0.6],1.0,0.0,1.0
1418,0.0,1,710.0,2,1419,1,False,0.0,0,2.0,[2 2],[1. 0.],1,0,[0.6 0.6],1.0,0.0,1.0
1419,0.0,1,710.0,0,1420,0,False,2.0,1,0.0,[1 2],[1. 0.],0,0,[0.6 0.6],1.0,0.0,1.0
1420,0.0,1,711.0,2,1421,1,False,0.0,0,1.0,[1 2],[1. 0.],0,0,[0.6 0.6],1.0,0.0,1.0
1421,0.0,1,711.0,0,1422,0,False,1.0,1,0.0,[2 1],[1. 0.],0,0,[0.6 0.6],1.0,0.0,1.0
1422,0.0,1,712.0,1,1423,1,False,0.0,0,1.0,[2 1],[1. 0.],0,0,[0.6 0.6],1.0,0.0,1.0
1423,0.0,1,712.0,0,1424,0,False,1.0,1,0.0,[2 2],[1. 0.],1,0,[0.6 0.6],1.0,0.0,1.0
1424,0.0,1,713.0,2,1425,1,False,0.0,0,2.0,[2 2],[1. 0.],1,0,[0.6 0.6],1.0,0.0,1.0
1425,0.0,1,713.0,0,1426,0,False,2.0,1,0.0,[2 2],[1. 0.],1,0,[0.6 0.6],1.0,0.0,1.0
1426,0.0,1,714.0,1,1427,1,False,0.0,0,2.0,[2 2],[1. 0.],1,0,[0.6 0.6],1.0,0.0,1.0
1427,0.0,1,714.0,0,1428,0,False,2.0,1,0.0,[1 2],[1. 0.],0,0,[0.6 0.6],1.0,0.0,1.0
1428,0.0,1,715.0,2,1429,1,False,0.0,0,1.0,[1 2],[1. 0.],0,0,[0.6 0.6],1.0,0.0,1.0
1429,0.0,1,715.0,0,1430,0,False,1.0,1,0.0,[2 1],[1. 0.],0,0,[0.6 0.6],1.0,0.0,1.0
1430,0.0,1,716.0,1,1431,1,False,0.0,0,1.0,[2 1],[1. 0.],0,0,[0.6 0.6],1.0,0.0,1.0
1431,0.0,1,716.0,0,1432,0,False,1.0,1,0.0,[2 1],[1. 0.],1,0,[0.6 0.6],1.0,0.0,1.0
1432,0.0,1,717.0,2,1433,1,False,0.0,0,2.0,[2 1],[1. 0.],1,0,[0.6 0.6],1.0,0.0,1.0
1433,1.0,1,717.0,0,1434,0,False,2.0,1,0.0,[1 1],[1. 0.],0,0,[0.6 0.6],1.0,0.0,1.0
1434,0.0,1,718.0,2,1435,1,False,0.0,0,1.0,[1 1],[1. 0.],0,0,[0.6 0.6],1.0,0.0,1.0
1435,1.0,1,718.0,0,1436,0,False,1.0,1,0.0,[2 1],[1. 0.],1,0,[0.6 0.6],1.0,0.0,1.0
1436,0.0,1,719.0,2,1437,1,False,0.0,0,2.0,[2 1],[1. 0.],1,0,[0.6 0.6],1.0,0.0,1.0
1437,1.0,1,719.0,0,1438,0,False,2.0,1,0.0,[2 1],[1. 0.],0,0,[0.6 0.6],1.0,0.0,1.0
1438,0.0,1,720.0,2,1439,1,False,0.0,0,1.0,[2 1],[1. 0.],0,0,[0.6 0.6],1.0,0.0,1.0
1439,1.0,1,720.0,0,1440,0,False,1.0,1,0.0,[1 1],[1. 0.],1,0,[0.6 0.6],1.0,0.0,1.0
1440,0.0,1,721.0,2,1441,1,False,0.0,0,2.0,[1 1],[1. 0.],1,0,[0.6 0.6],1.0,0.0,1.0
1441,1.0,1,721.0,0,1442,0,False,2.0,1,0.0,[1 2],[1. 0.],1,0,[0.6 0.6],1.0,0.0,1.0
1442,0.0,1,722.0,2,1443,1,False,0.0,0,2.0,[1 2],[1. 0.],1,0,[0.6 0.6],1.0,0.0,1.0
1443,0.0,1,722.0,0,1444,0,False,2.0,1,0.0,[2 2],[1. 0.],1,0,[0.6 0.6],1.0,0.0,1.0
1444,0.0,1,723.0,2,1445,1,False,0.0,0,2.0,[2 2],[1. 0.],1,0,[0.6 0.6],1.0,0.0,1.0
1445,0.0,1,723.0,0,1446,0,False,2.0,1,0.0,[1 2],[1. 0.],0,0,[0.6 0.6],1.0,0.0,1.0
1446,0.0,1,724.0,2,1447,1,False,0.0,0,1.0,[1 2],[1. 0.],0,0,[0.6 0.6],1.0,0.0,1.0
1447,0.0,1,724.0,0,1448,0,False,1.0,1,0.0,[2 1],[1. 0.],0,0,[0.6 0.6],1.0,0.0,1.0
1448,0.0,1,725.0,2,1449,1,False,0.0,0,1.0,[2 1],[1. 0.],0,0,[0.6 0.6],1.0,0.0,1.0
1449,1.0,1,725.0,0,1450,0,False,1.0,1,0.0,[2 1],[1. 0.],0,0,[0.6 0.6],1.0,0.0,1.0
1450,0.0,1,726.0,2,1451,1,False,0.0,0,1.0,[2 1],[1. 0.],0,0,[0.6 0.6],1.0,0.0,1.0
1451,1.0,1,726.0,0,1452,0,False,1.0,1,0.0,[2 1],[1. 0.],1,0,[0.6 0.6],1.0,0.0,1.0
1452,0.0,1,727.0,2,1453,1,False,0.0,0,2.0,[2 1],[1. 0.],1,0,[0.6 0.6],1.0,0.0,1.0
1453,1.0,1,727.0,0,1454,0,False,2.0,1,0.0,[1 1],[1. 0.],0,0,[0.6 0.6],1.0,0.0,1.0
1454,0.0,1,728.0,2,1455,1,False,0.0,0,1.0,[1 1],[1. 0.],0,0,[0.6 0.6],1.0,0.0,1.0
1455,1.0,1,728.0,0,1456,0,False,1.0,1,0.0,[1 1],[1. 0.],1,0,[0.6 0.6],1.0,0.0,1.0
1456,0.0,1,729.0,2,1457,1,False,0.0,0,2.0,[1 1],[1. 0.],1,0,[0.6 0.6],1.0,0.0,1.0
1457,1.0,1,729.0,0,1458,0,False,2.0,1,0.0,[2 1],[1. 0.],1,0,[0.6 0.6],1.0,0.0,1.0
1458,0.0,1,730.0,2,1459,1,False,0.0,0,2.0,[2 1],[1. 0.],1,0,[0.6 0.6],1.0,0.0,1.0
1459,1.0,1,730.0,0,1460,0,False,2.0,1,0.0,[2 1],[1. 0.],0,0,[0.6 0.6],1.0,0.0,1.0
1460,0.0,1,731.0,2,1461,1,False,0.0,0,1.0,[2 1],[1. 0.],0,0,[0.6 0.6],1.0,0.0,1.0
1461,1.0,1,731.0,0,1462,0,False,1.0,1,0.0,[1 2],[1. 0.],1,0,[0.6 0.6],1.0,0.0,1.0
1462,0.0,1,732.0,2,1463,1,False,0.0,0,2.0,[1 2],[1. 0.],1,0,[0.6 0.6],1.0,0.0,1.0
1463,0.0,1,732.0,0,1464,0,False,2.0,1,0.0,[1 2],[1. 0.],1,0,[0.6 0.6],1.0,0.0,1.0
1464,0.0,1,733.0,2,1465,1,False,0.0,0,2.0,[1 2],[1. 0.],1,0,[0.6 0.6],1.0,0.0,1.0
1465,0.0,1,733.0,0,1466,0,False,2.0,1,0.0,[1 2],[1. 0.],1,0,[0.6 0.6],1.0,0.0,1.0
1466,0.0,1,734.0,2,1467,1,False,0.0,0,2.0,[1 2],[1. 0.],1,0,[0.6 0.6],1.0,0.0,1.0
1467,0.0,1,734.0,0,1468,0,False,2.0,1,0.0,[1 2],[1. 0.],0,0,[0.6 0.6],1.0,0.0,1.0
1468,0.0,1,735.0,1,1469,1,False,0.0,0,1.0,[1 2],[1. 0.],0,0,[0.6 0.6],1.0,0.0,1.0
1469,1.0,1,735.0,0,1470,0,False,1.0,1,0.0,[2 2],[1. 0.],0,0,[0.6 0.6],1.0,0.0,1.0
1470,0.0,1,736.0,1,1471,1,False,0.0,0,1.0,[2 2],[1. 0.],0,0,[0.6 0.6],1.0,0.0,1.0
1471,0.0,1,736.0,0,1472,0,False,1.0,1,0.0,[1 1],[1. 0.],0,0,[0.6 0.6],1.0,0.0,1.0
1472,0.0,1,737.0,1,1473,1,False,0.0,0,1.0,[1 1],[1. 0.],0,0,[0.6 0.6],1.0,0.0,1.0
1473,1.0,1,737.0,0,1474,0,False,1.0,1,0.0,[1 2],[1. 0.],1,0,[0.6 0.6],1.0,0.0,1.0
1474,0.0,1,738.0,1,1475,1,False,0.0,0,2.0,[1 2],[1. 0.],1,0,[0.6 0.6],1.0,0.0,1.0
1475,1.0,1,738.0,0,1476,0,False,2.0,1,0.0,[1 2],[1. 0.],0,0,[0.6 0.6],1.0,0.0,1.0
1476,0.0,1,739.0,1,1477,1,False,0.0,0,1.0,[1 2],[1. 0.],0,0,[0.6 0.6],1.0,0.0,1.0
1477,1.0,1,739.0,0,1478,0,False,1.0,1,0.0,[1 2],[1. 0.],1,0,[0.6 0.6],1.0,0.0,1.0
1478,0.0,1,740.0,1,1479,1,False,0.0,0,2.0,[1 2],[1. 0.],1,0,[0.6 0.6],1.0,0.0,1.0
1479,1.0,1,740.0,0,1480,0,False,2.0,1,0.0,[1 2],[1. 0.],1,0,[0.6 0.6],1.0,0.0,1.0
1480,0.0,1,741.0,1,1481,1,False,0.0,0,2.0,[1 2],[1. 0.],1,0,[0.6 0.6],1.0,0.0,1.0
1481,1.0,1,741.0,0,1482,0,False,2.0,1,0.0,[1 2],[1. 0.],0,0,[0.6 0.6],1.0,0.0,1.0
1482,0.0,1,742.0,1,1483,1,False,0.0,0,1.0,[1 2],[1. 0.],0,0,[0.6 0.6],1.0,0.0,1.0
1483,1.0,1,742.0,0,1484,0,False,1.0,1,0.0,[2 2],[1. 0.],1,0,[0.6 0.6],1.0,0.0,1.0
1484,0.0,1,743.0,1,1485,1,False,0.0,0,2.0,[2 2],[1. 0.],1,0,[0.6 0.6],1.0,0.0,1.0
1485,0.0,1,743.0,0,1486,0,False,2.0,1,0.0,[1 1],[1. 0.],0,0,[0.6 0.6],1.0,0.0,1.0
1486,0.0,1,744.0,1,1487,1,False,0.0,0,1.0,[1 1],[1. 0.],0,0,[0.6 0.6],1.0,0.0,1.0
1487,1.0,1,744.0,0,1488,0,False,1.0,1,0.0,[2 1],[1. 0.],0,0,[0.6 0.6],1.0,0.0,1.0
1488,0.0,1,745.0,1,1489,1,False,0.0,0,1.0,[2 1],[1. 0.],0,0,[0.6 0.6],1.0,0.0,1.0
1489,0.0,1,745.0,0,1490,0,False,1.0,1,0.0,[2 2],[1. 0.],0,0,[0.6 0.6],1.0,0.0,1.0
1490,0.0,1,746.0,1,1491,1,False,0.0,0,1.0,[2 2],[1. 0.],0,0,[0.6 0.6],1.0,0.0,1.0
1491,0.0,1,746.0,0,1492,0,False,1.0,1,0.0,[2 2],[1. 0.],0,0,[0.6 0.6],1.0,0.0,1.0
1492,0.0,1,747.0,1,1493,1,False,0.0,0,1.0,[2 2],[1. 0.],0,0,[0.6 0.6],1.0,0.0,1.0
1493,0.0,1,747.0,0,1494,0,False,1.0,1,0.0,[2 2],[1. 0.],1,0,[0.6 0.6],1.0,0.0,1.0
1494,0.0,1,748.0,1,1495,1,False,0.0,0,2.0,[2 2],[1. 0.],1,0,[0.6 0.6],1.0,0.0,1.0
1495,0.0,1,748.0,0,1496,0,False,2.0,1,0.0,[1 2],[1. 0.],1,0,[0.6 0.6],1.0,0.0,1.0
1496,0.0,1,749.0,2,1497,1,False,0.0,0,2.0,[1 2],[1. 0.],1,0,[0.6 0.6],1.0,0.0,1.0
1497,0.0,1,749.0,0,1498,0,False,2.0,1,0.0,[1 2],[1. 0.],1,0,[0.6 0.6],1.0,0.0,1.0
1498,0.0,1,750.0,1,1499,1,False,0.0,0,2.0,[1 2],[1. 0.],1,0,[0.6 0.6],1.0,0.0,1.0
1499,1.0,1,750.0,0,1500,0,False,2.0,1,0.0,[2 2],[0. 1.],1,1,[0.6 0.6],1.0,0.0,1.0
1500,0.0,1,751.0,1,1501,1,False,0.0,0,2.0,[2 2],[0. 1.],1,1,[0.6 0.6],1.0,0.0,1.0
1501,1.0,1,751.0,0,1502,0,False,2.0,1,0.0,[1 2],[0. 1.],1,1,[0.6 0.6],1.0,0.0,1.0
1502,0.0,1,752.0,1,1503,1,False,0.0,0,2.0,[1 2],[0. 1.],1,1,[0.6 0.6],1.0,0.0,1.0
1503,0.0,1,752.0,0,1504,0,False,2.0,1,0.0,[1 1],[0. 1.],0,1,[0.6 0.6],1.0,0.0,1.0
1504,0.0,1,753.0,1,1505,1,False,0.0,0,1.0,[1 1],[0. 1.],0,1,[0.6 0.6],1.0,0.0,1.0
1505,0.0,1,753.0,0,1506,0,False,1.0,1,0.0,[1 2],[0. 1.],1,1,[0.6 0.6],1.0,0.0,1.0
1506,0.0,1,754.0,2,1507,1,False,0.0,0,2.0,[1 2],[0. 1.],1,1,[0.6 0.6],1.0,0.0,1.0
1507,1.0,1,754.0,0,1508,0,False,2.0,1,0.0,[1 1],[0. 1.],0,1,[0.6 0.6],1.0,0.0,1.0
1508,0.0,1,755.0,2,1509,1,False,0.0,0,1.0,[1 1],[0. 1.],0,1,[0.6 0.6],1.0,0.0,1.0
1509,0.0,1,755.0,0,1510,0,False,1.0,1,0.0,[2 1],[0. 1.],1,1,[0.6 0.6],1.0,0.0,1.0
1510,0.0,1,756.0,2,1511,1,False,0.0,0,2.0,[2 1],[0. 1.],1,1,[0.6 0.6],1.0,0.0,1.0
1511,0.0,1,756.0,0,1512,0,False,2.0,1,0.0,[2 2],[0. 1.],0,1,[0.6 0.6],1.0,0.0,1.0
1512,0.0,1,757.0,1,1513,1,False,0.0,0,1.0,[2 2],[0. 1.],0,1,[0.6 0.6],1.0,0.0,1.0
1513,1.0,1,757.0,0,1514,0,False,1.0,1,0.0,[2 1],[0. 1.],0,1,[0.6 0.6],1.0,0.0,1.0
1514,0.0,1,758.0,1,1515,1,False,0.0,0,1.0,[2 1],[0. 1.],0,1,[0.6 0.6],1.0,0.0,1.0
1515,1.0,1,758.0,0,1516,0,False,1.0,1,0.0,[1 2],[0. 1.],0,1,[0.6 0.6],1.0,0.0,1.0
1516,0.0,1,759.0,1,1517,1,False,0.0,0,1.0,[1 2],[0. 1.],0,1,[0.6 0.6],1.0,0.0,1.0
1517,0.0,1,759.0,0,1518,0,False,1.0,1,0.0,[2 1],[0. 1.],1,1,[0.6 0.6],1.0,0.0,1.0
1518,0.0,1,760.0,1,1519,1,False,0.0,0,2.0,[2 1],[0. 1.],1,1,[0.6 0.6],1.0,0.0,1.0
1519,1.0,1,760.0,0,1520,0,False,2.0,1,0.0,[2 2],[0. 1.],0,1,[0.6 0.6],1.0,0.0,1.0
1520,0.0,1,761.0,1,1521,1,False,0.0,0,1.0,[2 2],[0. 1.],0,1,[0.6 0.6],1.0,0.0,1.0
1521,1.0,1,761.0,0,1522,0,False,1.0,1,0.0,[1 2],[0. 1.],1,1,[0.6 0.6],1.0,0.0,1.0
1522,0.0,1,762.0,1,1523,1,False,0.0,0,2.0,[1 2],[0. 1.],1,1,[0.6 0.6],1.0,0.0,1.0
1523,0.0,1,762.0,0,1524,0,False,2.0,1,0.0,[2 2],[1. 0.],0,0,[0.6 0.6],1.0,0.0,1.0
1524,0.0,1,763.0,1,1525,1,False,0.0,0,1.0,[2 2],[1. 0.],0,0,[0.6 0.6],1.0,0.0,1.0
1525,0.0,1,763.0,0,1526,0,False,1.0,1,0.0,[2 1],[1. 0.],0,0,[0.6 0.6],1.0,0.0,1.0
1526,0.0,1,764.0,1,1527,1,False,0.0,0,1.0,[2 1],[1. 0.],0,0,[0.6 0.6],1.0,0.0,1.0
1527,0.0,1,764.0,0,1528,0,False,1.0,1,0.0,[1 2],[1. 0.],1,0,[0.6 0.6],1.0,0.0,1.0
1528,0.0,1,765.0,1,1529,1,False,0.0,0,2.0,[1 2],[1. 0.],1,0,[0.6 0.6],1.0,0.0,1.0
1529,1.0,1,765.0,0,1530,0,False,2.0,1,0.0,[2 1],[1. 0.],1,0,[0.6 0.6],1.0,0.0,1.0
1530,0.0,1,766.0,1,1531,1,False,0.0,0,2.0,[2 1],[1. 0.],1,0,[0.6 0.6],1.0,0.0,1.0
1531,0.0,1,766.0,0,1532,0,False,2.0,1,0.0,[2 2],[1. 0.],0,0,[0.6 0.6],1.0,0.0,1.0
1532,0.0,1,767.0,1,1533,1,False,0.0,0,1.0,[2 2],[1. 0.],0,0,[0.6 0.6],1.0,0.0,1.0
1533,0.0,1,767.0,0,1534,0,False,1.0,1,0.0,[1 1],[1. 0.],0,0,[0.6 0.6],1.0,0.0,1.0
1534,0.0,1,768.0,2,1535,1,False,0.0,0,1.0,[1 1],[1. 0.],0,0,[0.6 0.6],1.0,0.0,1.0
1535,1.0,1,768.0,0,1536,0,False,1.0,1,0.0,[2 1],[1. 0.],1,0,[0.6 0.6],1.0,0.0,1.0
1536,0.0,1,769.0,2,1537,1,False,0.0,0,2.0,[2 1],[1. 0.],1,0,[0.6 0.6],1.0,0.0,1.0
1537,1.0,1,769.0,0,1538,0,False,2.0,1,0.0,[1 2],[1. 0.],1,0,[0.6 0.6],1.0,0.0,1.0
1538,0.0,1,770.0,2,1539,1,False,0.0,0,2.0,[1 2],[1. 0.],1,0,[0.6 0.6],1.0,0.0,1.0
1539,0.0,1,770.0,0,1540,0,False,2.0,1,0.0,[2 1],[1. 0.],0,0,[0.6 0.6],1.0,0.0,1.0
1540,0.0,1,771.0,2,1541,1,False,0.0,0,1.0,[2 1],[1. 0.],0,0,[0.6 0.6],1.0,0.0,1.0
1541,1.0,1,771.0,0,1542,0,False,1.0,1,0.0,[1 2],[1. 0.],0,0,[0.6 0.6],1.0,0.0,1.0
1542,0.0,1,772.0,2,1543,1,False,0.0,0,1.0,[1 2],[1. 0.],0,0,[0.6 0.6],1.0,0.0,1.0
1543,0.0,1,772.0,0,1544,0,False,1.0,1,0.0,[1 1],[1. 0.],0,0,[0.6 0.6],1.0,0.0,1.0
1544,0.0,1,773.0,2,1545,1,False,0.0,0,1.0,[1 1],[1. 0.],0,0,[0.6 0.6],1.0,0.0,1.0
1545,1.0,1,773.0,0,1546,0,False,1.0,1,0.0,[2 1],[1. 0.],0,0,[0.6 0.6],1.0,0.0,1.0
1546,0.0,1,774.0,2,1547,1,False,0.0,0,1.0,[2 1],[1. 0.],0,0,[0.6 0.6],1.0,0.0,1.0
1547,1.0,1,774.0,0,1548,0,False,1.0,1,0.0,[1 2],[1. 0.],1,0,[0.6 0.6],1.0,0.0,1.0
1548,0.0,1,775.0,2,1549,1,False,0.0,0,2.0,[1 2],[1. 0.],1,0,[0.6 0.6],1.0,0.0,1.0
1549,0.0,1,775.0,0,1550,0,False,2.0,1,0.0,[1 1],[1. 0.],1,0,[0.6 0.6],1.0,0.0,1.0
1550,0.0,1,776.0,2,1551,1,False,0.0,0,2.0,[1 1],[1. 0.],1,0,[0.6 0.6],1.0,0.0,1.0
1551,1.0,1,776.0,0,1552,0,False,2.0,1,0.0,[2 2],[1. 0.],0,0,[0.6 0.6],1.0,0.0,1.0
1552,0.0,1,777.0,2,1553,1,False,0.0,0,1.0,[2 2],[1. 0.],0,0,[0.6 0.6],1.0,0.0,1.0
1553,0.0,1,777.0,0,1554,0,False,1.0,1,0.0,[2 1],[1. 0.],0,0,[0.6 0.6],1.0,0.0,1.0
1554,0.0,1,778.0,2,1555,1,False,0.0,0,1.0,[2 1],[1. 0.],0,0,[0.6 0.6],1.0,0.0,1.0
1555,1.0,1,778.0,0,1556,0,False,1.0,1,0.0,[2 1],[1. 0.],1,0,[0.6 0.6],1.0,0.0,1.0
1556,0.0,1,779.0,2,1557,1,False,0.0,0,2.0,[2 1],[1. 0.],1,0,[0.6 0.6],1.0,0.0,1.0
1557,1.0,1,779.0,0,1558,0,False,2.0,1,0.0,[1 2],[1. 0.],1,0,[0.6 0.6],1.0,0.0,1.0
1558,0.0,1,780.0,2,1559,1,False,0.0,0,2.0,[1 2],[1. 0.],1,0,[0.6 0.6],1.0,0.0,1.0
1559,0.0,1,780.0,0,1560,0,False,2.0,1,0.0,[2 1],[1. 0.],0,0,[0.6 0.6],1.0,0.0,1.0
1560,0.0,1,781.0,2,1561,1,False,0.0,0,1.0,[2 1],[1. 0.],0,0,[0.6 0.6],1.0,0.0,1.0
1561,1.0,1,781.0,0,1562,0,False,1.0,1,0.0,[2 1],[1. 0.],1,0,[0.6 0.6],1.0,0.0,1.0
1562,0.0,1,782.0,2,1563,1,False,0.0,0,2.0,[2 1],[1. 0.],1,0,[0.6 0.6],1.0,0.0,1.0
1563,1.0,1,782.0,0,1564,0,False,2.0,1,0.0,[2 1],[1. 0.],0,0,[0.6 0.6],1.0,0.0,1.0
1564,0.0,1,783.0,2,1565,1,False,0.0,0,1.0,[2 1],[1. 0.],0,0,[0.6 0.6],1.0,0.0,1.0
1565,1.0,1,783.0,0,1566,0,False,1.0,1,0.0,[1 1],[1. 0.],1,0,[0.6 0.6],1.0,0.0,1.0
1566,0.0,1,784.0,2,1567,1,False,0.0,0,2.0,[1 1],[1. 0.],1,0,[0.6 0.6],1.0,0.0,1.0
1567,1.0,1,784.0,0,1568,0,False,2.0,1,0.0,[1 2],[1. 0.],0,0,[0.6 0.6],1.0,0.0,1.0
1568,0.0,1,785.0,2,1569,1,False,0.0,0,1.0,[1 2],[1. 0.],0,0,[0.6 0.6],1.0,0.0,1.0
1569,0.0,1,785.0,0,1570,0,False,1.0,1,0.0,[2 1],[1. 0.],0,0,[0.6 0.6],1.0,0.0,1.0
1570,0.0,1,786.0,2,1571,1,False,0.0,0,1.0,[2 1],[1. 0.],0,0,[0.6 0.6],1.0,0.0,1.0
1571,1.0,1,786.0,0,1572,0,False,1.0,1,0.0,[2 2],[1. 0.],0,0,[0.6 0.6],1.0,0.0,1.0
1572,0.0,1,787.0,2,1573,1,False,0.0,0,1.0,[2 2],[1. 0.],0,0,[0.6 0.6],1.0,0.0,1.0
1573,0.0,1,787.0,0,1574,0,False,1.0,1,0.0,[1 1],[1. 0.],1,0,[0.6 0.6],1.0,0.0,1.0
1574,0.0,1,788.0,2,1575,1,False,0.0,0,2.0,[1 1],[1. 0.],1,0,[0.6 0.6],1.0,0.0,1.0
1575,1.0,1,788.0,0,1576,0,False,2.0,1,0.0,[2 1],[1. 0.],0,0,[0.6 0.6],1.0,0.0,1.0
1576,0.0,1,789.0,2,1577,1,False,0.0,0,1.0,[2 1],[1. 0.],0,0,[0.6 0.6],1.0,0.0,1.0
1577,1.0,1,789.0,0,1578,0,False,1.0,1,0.0,[2 1],[1. 0.],1,0,[0.6 0.6],1.0,0.0,1.0
1578,0.0,1,790.0,2,1579,1,False,0.0,0,2.0,[2 1],[1. 0.],1,0,[0.6 0.6],1.0,0.0,1.0
1579,1.0,1,790.0,0,1580,0,False,2.0,1,0.0,[2 1],[1. 0.],1,0,[0.6 0.6],1.0,0.0,1.0
1580,0.0,1,791.0,2,1581,1,False,0.0,0,2.0,[2 1],[1. 0.],1,0,[0.6 0.6],1.0,0.0,1.0
1581,1.0,1,791.0,0,1582,0,False,2.0,1,0.0,[2 2],[1. 0.],1,0,[0.6 0.6],1.0,0.0,1.0
1582,0.0,1,792.0,2,1583,1,False,0.0,0,2.0,[2 2],[1. 0.],1,0,[0.6 0.6],1.0,0.0,1.0
1583,0.0,1,792.0,0,1584,0,False,2.0,1,0.0,[2 1],[1. 0.],1,0,[0.6 0.6],1.0,0.0,1.0
1584,0.0,1,793.0,2,1585,1,False,0.0,0,2.0,[2 1],[1. 0.],1,0,[0.6 0.6],1.0,0.0,1.0
1585,1.0,1,793.0,0,1586,0,False,2.0,1,0.0,[2 2],[1. 0.],1,0,[0.6 0.6],1.0,0.0,1.0
1586,0.0,1,794.0,2,1587,1,False,0.0,0,2.0,[2 2],[1. 0.],1,0,[0.6 0.6],1.0,0.0,1.0
1587,0.0,1,794.0,0,1588,0,False,2.0,1,0.0,[2 1],[1. 0.],0,0,[0.6 0.6],1.0,0.0,1.0
1588,0.0,1,795.0,2,1589,1,False,0.0,0,1.0,[2 1],[1. 0.],0,0,[0.6 0.6],1.0,0.0,1.0
1589,1.0,1,795.0,0,1590,0,False,1.0,1,0.0,[1 2],[1. 0.],1,0,[0.6 0.6],1.0,0.0,1.0
1590,0.0,1,796.0,2,1591,1,False,0.0,0,2.0,[1 2],[1. 0.],1,0,[0.6 0.6],1.0,0.0,1.0
1591,0.0,1,796.0,0,1592,0,False,2.0,1,0.0,[2 1],[1. 0.],1,0,[0.6 0.6],1.0,0.0,1.0
1592,0.0,1,797.0,2,1593,1,False,0.0,0,2.0,[2 1],[1. 0.],1,0,[0.6 0.6],1.0,0.0,1.0
1593,1.0,1,797.0,0,1594,0,False,2.0,1,0.0,[2 1],[1. 0.],1,0,[0.6 0.6],1.0,0.0,1.0
1594,0.0,1,798.0,2,1595,1,False,0.0,0,2.0,[2 1],[1. 0.],1,0,[0.6 0.6],1.0,0.0,1.0
1595,1.0,1,798.0,0,1596,0,False,2.0,1,0.0,[2 1],[1. 0.],0,0,[0.6 0.6],1.0,0.0,1.0
1596,0.0,1,799.0,2,1597,1,False,0.0,0,1.0,[2 1],[1. 0.],0,0,[0.6 0.6],1.0,0.0,1.0
1597,1.0,1,799.0,0,1598,0,False,1.0,1,0.0,[2 2],[0. 1.],0,1,[0.6 0.6],1.0,0.0,1.0
1598,0.0,1,800.0,2,1599,1,False,0.0,0,1.0,[2 2],[0. 1.],0,1,[0.6 0.6],1.0,0.0,1.0
1599,1.0,1,800.0,0,1600,0,False,1.0,1,0.0,[2 1],[0. 1.],1,1,[0.6 0.6],1.0,0.0,1.0
1600,0.0,1,801.0,2,1601,1,False,0.0,0,2.0,[2 1],[0. 1.],1,1,[0.6 0.6],1.0,0.0,1.0
1601,0.0,1,801.0,0,1602,0,False,2.0,1,0.0,[2 2],[0. 1.],0,1,[0.6 0.6],1.0,0.0,1.0
1602,0.0,1,802.0,2,1603,1,False,0.0,0,1.0,[2 2],[0. 1.],0,1,[0.6 0.6],1.0,0.0,1.0
1603,1.0,1,802.0,0,1604,0,False,1.0,1,0.0,[1 1],[0. 1.],1,1,[0.6 0.6],1.0,0.0,1.0
1604,0.0,1,803.0,2,1605,1,False,0.0,0,2.0,[1 1],[0. 1.],1,1,[0.6 0.6],1.0,0.0,1.0
1605,0.0,1,803.0,0,1606,0,False,2.0,1,0.0,[2 1],[0. 1.],0,1,[0.6 0.6],1.0,0.0,1.0
1606,0.0,1,804.0,2,1607,1,False,0.0,0,1.0,[2 1],[0. 1.],0,1,[0.6 0.6],1.0,0.0,1.0
1607,0.0,1,804.0,0,1608,0,False,1.0,1,0.0,[1 2],[0. 1.],1,1,[0.6 0.6],1.0,0.0,1.0
1608,0.0,1,805.0,2,1609,1,False,0.0,0,2.0,[1 2],[0. 1.],1,1,[0.6 0.6],1.0,0.0,1.0
1609,1.0,1,805.0,0,1610,0,False,2.0,1,0.0,[2 2],[0. 1.],1,1,[0.6 0.6],1.0,0.0,1.0
1610,0.0,1,806.0,2,1611,1,False,0.0,0,2.0,[2 2],[0. 1.],1,1,[0.6 0.6],1.0,0.0,1.0
1611,1.0,1,806.0,0,1612,0,False,2.0,1,0.0,[2 1],[0. 1.],1,1,[0.6 0.6],1.0,0.0,1.0
1612,0.0,1,807.0,2,1613,1,False,0.0,0,2.0,[2 1],[0. 1.],1,1,[0.6 0.6],1.0,0.0,1.0
1613,0.0,1,807.0,0,1614,0,False,2.0,1,0.0,[1 1],[0. 1.],0,1,[0.6 0.6],1.0,0.0,1.0
1614,0.0,1,808.0,2,1615,1,False,0.0,0,1.0,[1 1],[0. 1.],0,1,[0.6 0.6],1.0,0.0,1.0
1615,0.0,1,808.0,0,1616,0,False,1.0,1,0.0,[1 1],[0. 1.],1,1,[0.6 0.6],1.0,0.0,1.0
1616,0.0,1,809.0,2,1617,1,False,0.0,0,2.0,[1 1],[0. 1.],1,1,[0.6 0.6],1.0,0.0,1.0
1617,0.0,1,809.0,0,1618,0,False,2.0,1,0.0,[1 1],[0. 1.],0,1,[0.6 0.6],1.0,0.0,1.0
1618,0.0,1,810.0,1,1619,1,False,0.0,0,1.0,[1 1],[0. 1.],0,1,[0.6 0.6],1.0,0.0,1.0
1619,0.0,1,810.0,0,1620,0,False,1.0,1,0.0,[1 2],[0. 1.],0,1,[0.6 0.6],1.0,0.0,1.0
1620,0.0,1,811.0,1,1621,1,False,0.0,0,1.0,[1 2],[0. 1.],0,1,[0.6 0.6],1.0,0.0,1.0
1621,0.0,1,811.0,0,1622,0,False,1.0,1,0.0,[2 2],[0. 1.],1,1,[0.6 0.6],1.0,0.0,1.0
1622,0.0,1,812.0,2,1623,1,False,0.0,0,2.0,[2 2],[0. 1.],1,1,[0.6 0.6],1.0,0.0,1.0
1623,1.0,1,812.0,0,1624,0,False,2.0,1,0.0,[2 2],[0. 1.],0,1,[0.6 0.6],1.0,0.0,1.0
1624,0.0,1,813.0,2,1625,1,False,0.0,0,1.0,[2 2],[0. 1.],0,1,[0.6 0.6],1.0,0.0,1.0
1625,1.0,1,813.0,0,1626,0,False,1.0,1,0.0,[1 1],[0. 1.],1,1,[0.6 0.6],1.0,0.0,1.0
1626,0.0,1,814.0,2,1627,1,False,0.0,0,2.0,[1 1],[0. 1.],1,1,[0.6 0.6],1.0,0.0,1.0
1627,0.0,1,814.0,0,1628,0,False,2.0,1,0.0,[1 1],[0. 1.],0,1,[0.6 0.6],1.0,0.0,1.0
1628,0.0,1,815.0,2,1629,1,False,0.0,0,1.0,[1 1],[0. 1.],0,1,[0.6 0.6],1.0,0.0,1.0
1629,0.0,1,815.0,0,1630,0,False,1.0,1,0.0,[2 1],[0. 1.],0,1,[0.6 0.6],1.0,0.0,1.0
1630,0.0,1,816.0,2,1631,1,False,0.0,0,1.0,[2 1],[0. 1.],0,1,[0.6 0.6],1.0,0.0,1.0
1631,0.0,1,816.0,0,1632,0,False,1.0,1,0.0,[1 1],[0. 1.],0,1,[0.6 0.6],1.0,0.0,1.0
1632,0.0,1,817.0,1,1633,1,False,0.0,0,1.0,[1 1],[0. 1.],0,1,[0.6 0.6],1.0,0.0,1.0
1633,0.0,1,817.0,0,1634,0,False,1.0,1,0.0,[2 1],[0. 1.],0,1,[0.6 0.6],1.0,0.0,1.0
1634,0.0,1,818.0,2,1635,1,False,0.0,0,1.0,[2 1],[0. 1.],0,1,[0.6 0.6],1.0,0.0,1.0
1635,0.0,1,818.0,0,1636,0,False,1.0,1,0.0,[1 1],[0. 1.],1,1,[0.6 0.6],1.0,0.0,1.0
1636,0.0,1,819.0,2,1637,1,False,0.0,0,2.0,[1 1],[0. 1.],1,1,[0.6 0.6],1.0,0.0,1.0
1637,0.0,1,819.0,0,1638,0,False,2.0,1,0.0,[2 1],[0. 1.],1,1,[0.6 0.6],1.0,0.0,1.0
1638,0.0,1,820.0,1,1639,1,False,0.0,0,2.0,[2 1],[0. 1.],1,1,[0.6 0.6],1.0,0.0,1.0
1639,1.0,1,820.0,0,1640,0,False,2.0,1,0.0,[2 2],[0. 1.],0,1,[0.6 0.6],1.0,0.0,1.0
1640,0.0,1,821.0,1,1641,1,False,0.0,0,1.0,[2 2],[0. 1.],0,1,[0.6 0.6],1.0,0.0,1.0
1641,1.0,1,821.0,0,1642,0,False,1.0,1,0.0,[2 1],[0. 1.],1,1,[0.6 0.6],1.0,0.0,1.0
1642,0.0,1,822.0,1,1643,1,False,0.0,0,2.0,[2 1],[0. 1.],1,1,[0.6 0.6],1.0,0.0,1.0
1643,1.0,1,822.0,0,1644,0,False,2.0,1,0.0,[2 2],[0. 1.],1,1,[0.6 0.6],1.0,0.0,1.0
1644,0.0,1,823.0,1,1645,1,False,0.0,0,2.0,[2 2],[0. 1.],1,1,[0.6 0.6],1.0,0.0,1.0
1645,1.0,1,823.0,0,1646,0,False,2.0,1,0.0,[2 1],[0. 1.],1,1,[0.6 0.6],1.0,0.0,1.0
1646,0.0,1,824.0,1,1647,1,False,0.0,0,2.0,[2 1],[0. 1.],1,1,[0.6 0.6],1.0,0.0,1.0
1647,1.0,1,824.0,0,1648,0,False,2.0,1,0.0,[2 2],[0. 1.],0,1,[0.6 0.6],1.0,0.0,1.0
1648,0.0,1,825.0,1,1649,1,False,0.0,0,1.0,[2 2],[0. 1.],0,1,[0.6 0.6],1.0,0.0,1.0
1649,1.0,1,825.0,0,1650,0,False,1.0,1,0.0,[2 2],[0. 1.],1,1,[0.6 0.6],1.0,0.0,1.0
1650,0.0,1,826.0,1,1651,1,False,0.0,0,2.0,[2 2],[0. 1.],1,1,[0.6 0.6],1.0,0.0,1.0
1651,1.0,1,826.0,0,1652,0,False,2.0,1,0.0,[2 2],[0. 1.],1,1,[0.6 0.6],1.0,0.0,1.0
1652,0.0,1,827.0,1,1653,1,False,0.0,0,2.0,[2 2],[0. 1.],1,1,[0.6 0.6],1.0,0.0,1.0
1653,1.0,1,827.0,0,1654,0,False,2.0,1,0.0,[2 1],[0. 1.],0,1,[0.6 0.6],1.0,0.0,1.0
1654,0.0,1,828.0,1,1655,1,False,0.0,0,1.0,[2 1],[0. 1.],0,1,[0.6 0.6],1.0,0.0,1.0
1655,1.0,1,828.0,0,1656,0,False,1.0,1,0.0,[1 1],[0. 1.],0,1,[0.6 0.6],1.0,0.0,1.0
1656,0.0,1,829.0,1,1657,1,False,0.0,0,1.0,[1 1],[0. 1.],0,1,[0.6 0.6],1.0,0.0,1.0
1657,0.0,1,829.0,0,1658,0,False,1.0,1,0.0,[2 1],[0. 1.],1,1,[0.6 0.6],1.0,0.0,1.0
1658,0.0,1,830.0,1,1659,1,False,0.0,0,2.0,[2 1],[0. 1.],1,1,[0.6 0.6],1.0,0.0,1.0
1659,1.0,1,830.0,0,1660,0,False,2.0,1,0.0,[1 2],[0. 1.],0,1,[0.6 0.6],1.0,0.0,1.0
1660,0.0,1,831.0,1,1661,1,False,0.0,0,1.0,[1 2],[0. 1.],0,1,[0.6 0.6],1.0,0.0,1.0
1661,0.0,1,831.0,0,1662,0,False,1.0,1,0.0,[2 1],[0. 1.],0,1,[0.6 0.6],1.0,0.0,1.0
1662,0.0,1,832.0,1,1663,1,False,0.0,0,1.0,[2 1],[0. 1.],0,1,[0.6 0.6],1.0,0.0,1.0
1663,1.0,1,832.0,0,1664,0,False,1.0,1,0.0,[1 1],[0. 1.],1,1,[0.6 0.6],1.0,0.0,1.0
1664,0.0,1,833.0,1,1665,1,False,0.0,0,2.0,[1 1],[0. 1.],1,1,[0.6 0.6],1.0,0.0,1.0
1665,0.0,1,833.0,0,1666,0,False,2.0,1,0.0,[1 2],[0. 1.],1,1,[0.6 0.6],1.0,0.0,1.0
1666,0.0,1,834.0,1,1667,1,False,0.0,0,2.0,[1 2],[0. 1.],1,1,[0.6 0.6],1.0,0.0,1.0
1667,0.0,1,834.0,0,1668,0,False,2.0,1,0.0,[2 2],[0. 1.],1,1,[0.6 0.6],1.0,0.0,1.0
1668,0.0,1,835.0,1,1669,1,False,0.0,0,2.0,[2 2],[0. 1.],1,1,[0.6 0.6],1.0,0.0,1.0
1669,1.0,1,835.0,0,1670,0,False,2.0,1,0.0,[1 1],[0. 1.],1,1,[0.6 0.6],1.0,0.0,1.0
1670,0.0,1,836.0,1,1671,1,False,0.0,0,2.0,[1 1],[0. 1.],1,1,[0.6 0.6],1.0,0.0,1.0
1671,0.0,1,836.0,0,1672,0,False,2.0,1,0.0,[1 1],[0. 1.],0,1,[0.6 0.6],1.0,0.0,1.0
1672,0.0,1,837.0,1,1673,1,False,0.0,0,1.0,[1 1],[0. 1.],0,1,[0.6 0.6],1.0,0.0,1.0
1673,0.0,1,837.0,0,1674,0,False,1.0,1,0.0,[2 1],[0. 1.],1,1,[0.6 0.6],1.0,0.0,1.0
1674,0.0,1,838.0,2,1675,1,False,0.0,0,2.0,[2 1],[0. 1.],1,1,[0.6 0.6],1.0,0.0,1.0
1675,0.0,1,838.0,0,1676,0,False,2.0,1,0.0,[2 1],[1. 0.],1,0,[0.6 0.6],1.0,0.0,1.0
1676,0.0,1,839.0,2,1677,1,False,0.0,0,2.0,[2 1],[1. 0.],1,0,[0.6 0.6],1.0,0.0,1.0
1677,1.0,1,839.0,0,1678,0,False,2.0,1,0.0,[1 1],[1. 0.],1,0,[0.6 0.6],1.0,0.0,1.0
1678,0.0,1,840.0,2,1679,1,False,0.0,0,2.0,[1 1],[1. 0.],1,0,[0.6 0.6],1.0,0.0,1.0
1679,1.0,1,840.0,0,1680,0,False,2.0,1,0.0,[2 2],[1. 0.],0,0,[0.6 0.6],1.0,0.0,1.0
1680,0.0,1,841.0,2,1681,1,False,0.0,0,1.0,[2 2],[1. 0.],0,0,[0.6 0.6],1.0,0.0,1.0
1681,0.0,1,841.0,0,1682,0,False,1.0,1,0.0,[2 1],[1. 0.],1,0,[0.6 0.6],1.0,0.0,1.0
1682,0.0,1,842.0,2,1683,1,False,0.0,0,2.0,[2 1],[1. 0.],1,0,[0.6 0.6],1.0,0.0,1.0
1683,1.0,1,842.0,0,1684,0,False,2.0,1,0.0,[2 1],[1. 0.],1,0,[0.6 0.6],1.0,0.0,1.0
1684,0.0,1,843.0,2,1685,1,False,0.0,0,2.0,[2 1],[1. 0.],1,0,[0.6 0.6],1.0,0.0,1.0
1685,1.0,1,843.0,0,1686,0,False,2.0,1,0.0,[1 1],[1. 0.],0,0,[0.6 0.6],1.0,0.0,1.0
1686,0.0,1,844.0,2,1687,1,False,0.0,0,1.0,[1 1],[1. 0.],0,0,[0.6 0.6],1.0,0.0,1.0
1687,1.0,1,844.0,0,1688,0,False,1.0,1,0.0,[1 1],[0. 1.],1,1,[0.6 0.6],1.0,0.0,1.0
1688,0.0,1,845.0,2,1689,1,False,0.0,0,2.0,[1 1],[0. 1.],1,1,[0.6 0.6],1.0,0.0,1.0
1689,0.0,1,845.0,0,1690,0,False,2.0,1,0.0,[2 1],[0. 1.],1,1,[0.6 0.6],1.0,0.0,1.0
1690,0.0,1,846.0,2,1691,1,False,0.0,0,2.0,[2 1],[0. 1.],1,1,[0.6 0.6],1.0,0.0,1.0
1691,0.0,1,846.0,0,1692,0,False,2.0,1,0.0,[2 1],[0. 1.],0,1,[0.6 0.6],1.0,0.0,1.0
1692,0.0,1,847.0,2,1693,1,False,0.0,0,1.0,[2 1],[0. 1.],0,1,[0.6 0.6],1.0,0.0,1.0
1693,0.0,1,847.0,0,1694,0,False,1.0,1,0.0,[2 1],[0. 1.],1,1,[0.6 0.6],1.0,0.0,1.0
1694,0.0,1,848.0,2,1695,1,False,0.0,0,2.0,[2 1],[0. 1.],1,1,[0.6 0.6],1.0,0.0,1.0
1695,0.0,1,848.0,0,1696,0,False,2.0,1,0.0,[2 2],[0. 1.],1,1,[0.6 0.6],1.0,0.0,1.0
1696,0.0,1,849.0,1,1697,1,False,0.0,0,2.0,[2 2],[0. 1.],1,1,[0.6 0.6],1.0,0.0,1.0
1697,1.0,1,849.0,0,1698,0,False,2.0,1,0.0,[2 1],[1. 0.],0,0,[0.6 0.6],1.0,0.0,1.0
1698,0.0,1,850.0,1,1699,1,False,0.0,0,1.0,[2 1],[1. 0.],0,0,[0.6 0.6],1.0,0.0,1.0
1699,0.0,1,850.0,0,1700,0,False,1.0,1,0.0,[1 1],[1. 0.],1,0,[0.6 0.6],1.0,0.0,1.0
1700,0.0,1,851.0,1,1701,1,False,0.0,0,2.0,[1 1],[1. 0.],1,0,[0.6 0.6],1.0,0.0,1.0
1701,1.0,1,851.0,0,1702,0,False,2.0,1,0.0,[2 2],[1. 0.],1,0,[0.6 0.6],1.0,0.0,1.0
1702,0.0,1,852.0,1,1703,1,False,0.0,0,2.0,[2 2],[1. 0.],1,0,[0.6 0.6],1.0,0.0,1.0
1703,0.0,1,852.0,0,1704,0,False,2.0,1,0.0,[1 2],[1. 0.],1,0,[0.6 0.6],1.0,0.0,1.0
1704,0.0,1,853.0,1,1705,1,False,0.0,0,2.0,[1 2],[1. 0.],1,0,[0.6 0.6],1.0,0.0,1.0
1705,1.0,1,853.0,0,1706,0,False,2.0,1,0.0,[1 2],[1. 0.],1,0,[0.6 0.6],1.0,0.0,1.0
1706,0.0,1,854.0,1,1707,1,False,0.0,0,2.0,[1 2],[1. 0.],1,0,[0.6 0.6],1.0,0.0,1.0
1707,1.0,1,854.0,0,1708,0,False,2.0,1,0.0,[1 2],[1. 0.],0,0,[0.6 0.6],1.0,0.0,1.0
1708,0.0,1,855.0,1,1709,1,False,0.0,0,1.0,[1 2],[1. 0.],0,0,[0.6 0.6],1.0,0.0,1.0
1709,1.0,1,855.0,0,1710,0,False,1.0,1,0.0,[1 1],[1. 0.],0,0,[0.6 0.6],1.0,0.0,1.0
1710,0.0,1,856.0,1,1711,1,False,0.0,0,1.0,[1 1],[1. 0.],0,0,[0.6 0.6],1.0,0.0,1.0
1711,1.0,1,856.0,0,1712,0,False,1.0,1,0.0,[2 2],[1. 0.],0,0,[0.6 0.6],1.0,0.0,1.0
1712,0.0,1,857.0,1,1713,1,False,0.0,0,1.0,[2 2],[1. 0.],0,0,[0.6 0.6],1.0,0.0,1.0
1713,0.0,1,857.0,0,1714,0,False,1.0,1,0.0,[2 2],[1. 0.],0,0,[0.6 0.6],1.0,0.0,1.0
1714,0.0,1,858.0,1,1715,1,False,0.0,0,1.0,[2 2],[1. 0.],0,0,[0.6 0.6],1.0,0.0,1.0
1715,0.0,1,858.0,0,1716,0,False,1.0,1,0.0,[1 1],[1. 0.],1,0,[0.6 0.6],1.0,0.0,1.0
1716,0.0,1,859.0,2,1717,1,False,0.0,0,2.0,[1 1],[1. 0.],1,0,[0.6 0.6],1.0,0.0,1.0
1717,1.0,1,859.0,0,1718,0,False,2.0,1,0.0,[1 2],[1. 0.],0,0,[0.6 0.6],1.0,0.0,1.0
1718,0.0,1,860.0,2,1719,1,False,0.0,0,1.0,[1 2],[1. 0.],0,0,[0.6 0.6],1.0,0.0,1.0
1719,0.0,1,860.0,0,1720,0,False,1.0,1,0.0,[2 1],[1. 0.],1,0,[0.6 0.6],1.0,0.0,1.0
1720,0.0,1,861.0,2,1721,1,False,0.0,0,2.0,[2 1],[1. 0.],1,0,[0.6 0.6],1.0,0.0,1.0
1721,1.0,1,861.0,0,1722,0,False,2.0,1,0.0,[1 1],[1. 0.],1,0,[0.6 0.6],1.0,0.0,1.0
1722,0.0,1,862.0,2,1723,1,False,0.0,0,2.0,[1 1],[1. 0.],1,0,[0.6 0.6],1.0,0.0,1.0
1723,1.0,1,862.0,0,1724,0,False,2.0,1,0.0,[1 1],[1. 0.],0,0,[0.6 0.6],1.0,0.0,1.0
1724,0.0,1,863.0,2,1725,1,False,0.0,0,1.0,[1 1],[1. 0.],0,0,[0.6 0.6],1.0,0.0,1.0
1725,1.0,1,863.0,0,1726,0,False,1.0,1,0.0,[1 2],[1. 0.],1,0,[0.6 0.6],1.0,0.0,1.0
1726,0.0,1,864.0,2,1727,1,False,0.0,0,2.0,[1 2],[1. 0.],1,0,[0.6 0.6],1.0,0.0,1.0
1727,0.0,1,864.0,0,1728,0,False,2.0,1,0.0,[2 2],[1. 0.],0,0,[0.6 0.6],1.0,0.0,1.0
1728,0.0,1,865.0,2,1729,1,False,0.0,0,1.0,[2 2],[1. 0.],0,0,[0.6 0.6],1.0,0.0,1.0
1729,0.0,1,865.0,0,1730,0,False,1.0,1,0.0,[1 1],[1. 0.],1,0,[0.6 0.6],1.0,0.0,1.0
1730,0.0,1,866.0,2,1731,1,False,0.0,0,2.0,[1 1],[1. 0.],1,0,[0.6 0.6],1.0,0.0,1.0
1731,1.0,1,866.0,0,1732,0,False,2.0,1,0.0,[1 2],[0. 1.],0,1,[0.6 0.6],1.0,0.0,1.0
1732,0.0,1,867.0,2,1733,1,False,0.0,0,1.0,[1 2],[0. 1.],0,1,[0.6 0.6],1.0,0.0,1.0
1733,1.0,1,867.0,0,1734,0,False,1.0,1,0.0,[2 1],[0. 1.],0,1,[0.6 0.6],1.0,0.0,1.0
1734,0.0,1,868.0,2,1735,1,False,0.0,0,1.0,[2 1],[0. 1.],0,1,[0.6 0.6],1.0,0.0,1.0
1735,0.0,1,868.0,0,1736,0,False,1.0,1,0.0,[2 2],[0. 1.],1,1,[0.6 0.6],1.0,0.0,1.0
1736,0.0,1,869.0,2,1737,1,False,0.0,0,2.0,[2 2],[0. 1.],1,1,[0.6 0.6],1.0,0.0,1.0
1737,1.0,1,869.0,0,1738,0,False,2.0,1,0.0,[2 2],[0. 1.],1,1,[0.6 0.6],1.0,0.0,1.0
1738,0.0,1,870.0,2,1739,1,False,0.0,0,2.0,[2 2],[0. 1.],1,1,[0.6 0.6],1.0,0.0,1.0
1739,1.0,1,870.0,0,1740,0,False,2.0,1,0.0,[1 1],[0. 1.],0,1,[0.6 0.6],1.0,0.0,1.0
1740,0.0,1,871.0,2,1741,1,False,0.0,0,1.0,[1 1],[0. 1.],0,1,[0.6 0.6],1.0,0.0,1.0
1741,0.0,1,871.0,0,1742,0,False,1.0,1,0.0,[2 1],[0. 1.],0,1,[0.6 0.6],1.0,0.0,1.0
1742,0.0,1,872.0,2,1743,1,False,0.0,0,1.0,[2 1],[0. 1.],0,1,[0.6 0.6],1.0,0.0,1.0
1743,0.0,1,872.0,0,1744,0,False,1.0,1,0.0,[2 1],[0. 1.],0,1,[0.6 0.6],1.0,0.0,1.0
1744,0.0,1,873.0,2,1745,1,False,0.0,0,1.0,[2 1],[0. 1.],0,1,[0.6 0.6],1.0,0.0,1.0
1745,0.0,1,873.0,0,1746,0,False,1.0,1,0.0,[1 1],[0. 1.],1,1,[0.6 0.6],1.0,0.0,1.0
1746,0.0,1,874.0,1,1747,1,False,0.0,0,2.0,[1 1],[0. 1.],1,1,[0.6 0.6],1.0,0.0,1.0
1747,0.0,1,874.0,0,1748,0,False,2.0,1,0.0,[1 2],[0. 1.],0,1,[0.6 0.6],1.0,0.0,1.0
1748,0.0,1,875.0,2,1749,1,False,0.0,0,1.0,[1 2],[0. 1.],0,1,[0.6 0.6],1.0,0.0,1.0
1749,1.0,1,875.0,0,1750,0,False,1.0,1,0.0,[1 1],[0. 1.],1,1,[0.6 0.6],1.0,0.0,1.0
1750,0.0,1,876.0,2,1751,1,False,0.0,0,2.0,[1 1],[0. 1.],1,1,[0.6 0.6],1.0,0.0,1.0
1751,0.0,1,876.0,0,1752,0,False,2.0,1,0.0,[2 2],[0. 1.],0,1,[0.6 0.6],1.0,0.0,1.0
1752,0.0,1,877.0,2,1753,1,False,0.0,0,1.0,[2 2],[0. 1.],0,1,[0.6 0.6],1.0,0.0,1.0
1753,1.0,1,877.0,0,1754,0,False,1.0,1,0.0,[1 2],[0. 1.],0,1,[0.6 0.6],1.0,0.0,1.0
1754,0.0,1,878.0,2,1755,1,False,0.0,0,1.0,[1 2],[0. 1.],0,1,[0.6 0.6],1.0,0.0,1.0
1755,1.0,1,878.0,0,1756,0,False,1.0,1,0.0,[1 2],[0. 1.],1,1,[0.6 0.6],1.0,0.0,1.0
1756,0.0,1,879.0,2,1757,1,False,0.0,0,2.0,[1 2],[0. 1.],1,1,[0.6 0.6],1.0,0.0,1.0
1757,1.0,1,879.0,0,1758,0,False,2.0,1,0.0,[2 1],[0. 1.],1,1,[0.6 0.6],1.0,0.0,1.0
1758,0.0,1,880.0,2,1759,1,False,0.0,0,2.0,[2 1],[0. 1.],1,1,[0.6 0.6],1.0,0.0,1.0
1759,0.0,1,880.0,0,1760,0,False,2.0,1,0.0,[2 2],[0. 1.],1,1,[0.6 0.6],1.0,0.0,1.0
1760,0.0,1,881.0,2,1761,1,False,0.0,0,2.0,[2 2],[0. 1.],1,1,[0.6 0.6],1.0,0.0,1.0
1761,1.0,1,881.0,0,1762,0,False,2.0,1,0.0,[1 2],[0. 1.],0,1,[0.6 0.6],1.0,0.0,1.0
1762,0.0,1,882.0,2,1763,1,False,0.0,0,1.0,[1 2],[0. 1.],0,1,[0.6 0.6],1.0,0.0,1.0
1763,1.0,1,882.0,0,1764,0,False,1.0,1,0.0,[1 1],[0. 1.],0,1,[0.6 0.6],1.0,0.0,1.0
1764,0.0,1,883.0,2,1765,1,False,0.0,0,1.0,[1 1],[0. 1.],0,1,[0.6 0.6],1.0,0.0,1.0
1765,0.0,1,883.0,0,1766,0,False,1.0,1,0.0,[1 1],[0. 1.],1,1,[0.6 0.6],1.0,0.0,1.0
1766,0.0,1,884.0,2,1767,1,False,0.0,0,2.0,[1 1],[0. 1.],1,1,[0.6 0.6],1.0,0.0,1.0
1767,0.0,1,884.0,0,1768,0,False,2.0,1,0.0,[1 2],[1. 0.],1,0,[0.6 0.6],1.0,0.0,1.0
1768,0.0,1,885.0,2,1769,1,False,0.0,0,2.0,[1 2],[1. 0.],1,0,[0.6 0.6],1.0,0.0,1.0
1769,0.0,1,885.0,0,1770,0,False,2.0,1,0.0,[2 1],[1. 0.],0,0,[0.6 0.6],1.0,0.0,1.0
1770,0.0,1,886.0,1,1771,1,False,0.0,0,1.0,[2 1],[1. 0.],0,0,[0.6 0.6],1.0,0.0,1.0
1771,0.0,1,886.0,0,1772,0,False,1.0,1,0.0,[2 1],[1. 0.],0,0,[0.6 0.6],1.0,0.0,1.0
1772,0.0,1,887.0,2,1773,1,False,0.0,0,1.0,[2 1],[1. 0.],0,0,[0.6 0.6],1.0,0.0,1.0
1773,1.0,1,887.0,0,1774,0,False,1.0,1,0.0,[2 1],[1. 0.],0,0,[0.6 0.6],1.0,0.0,1.0
1774,0.0,1,888.0,2,1775,1,False,0.0,0,1.0,[2 1],[1. 0.],0,0,[0.6 0.6],1.0,0.0,1.0
1775,1.0,1,888.0,0,1776,0,False,1.0,1,0.0,[1 2],[1. 0.],0,0,[0.6 0.6],1.0,0.0,1.0
1776,0.0,1,889.0,2,1777,1,False,0.0,0,1.0,[1 2],[1. 0.],0,0,[0.6 0.6],1.0,0.0,1.0
1777,0.0,1,889.0,0,1778,0,False,1.0,1,0.0,[1 1],[1. 0.],0,0,[0.6 0.6],1.0,0.0,1.0
1778,0.0,1,890.0,2,1779,1,False,0.0,0,1.0,[1 1],[1. 0.],0,0,[0.6 0.6],1.0,0.0,1.0
1779,1.0,1,890.0,0,1780,0,False,1.0,1,0.0,[2 2],[1. 0.],1,0,[0.6 0.6],1.0,0.0,1.0
1780,0.0,1,891.0,2,1781,1,False,0.0,0,2.0,[2 2],[1. 0.],1,0,[0.6 0.6],1.0,0.0,1.0
1781,0.0,1,891.0,0,1782,0,False,2.0,1,0.0,[1 2],[0. 1.],0,1,[0.6 0.6],1.0,0.0,1.0
1782,0.0,1,892.0,2,1783,1,False,0.0,0,1.0,[1 2],[0. 1.],0,1,[0.6 0.6],1.0,0.0,1.0
1783,1.0,1,892.0,0,1784,0,False,1.0,1,0.0,[1 1],[0. 1.],0,1,[0.6 0.6],1.0,0.0,1.0
1784,0.0,1,893.0,2,1785,1,False,0.0,0,1.0,[1 1],[0. 1.],0,1,[0.6 0.6],1.0,0.0,1.0
1785,0.0,1,893.0,0,1786,0,False,1.0,1,0.0,[2 1],[0. 1.],0,1,[0.6 0.6],1.0,0.0,1.0
1786,0.0,1,894.0,2,1787,1,False,0.0,0,1.0,[2 1],[0. 1.],0,1,[0.6 0.6],1.0,0.0,1.0
1787,0.0,1,894.0,0,1788,0,False,1.0,1,0.0,[1 1],[0. 1.],1,1,[0.6 0.6],1.0,0.0,1.0
1788,0.0,1,895.0,2,1789,1,False,0.0,0,2.0,[1 1],[0. 1.],1,1,[0.6 0.6],1.0,0.0,1.0
1789,0.0,1,895.0,0,1790,0,False,2.0,1,0.0,[1 2],[0. 1.],0,1,[0.6 0.6],1.0,0.0,1.0
1790,0.0,1,896.0,2,1791,1,False,0.0,0,1.0,[1 2],[0. 1.],0,1,[0.6 0.6],1.0,0.0,1.0
1791,1.0,1,896.0,0,1792,0,False,1.0,1,0.0,[1 1],[0. 1.],1,1,[0.6 0.6],1.0,0.0,1.0
1792,0.0,1,897.0,2,1793,1,False,0.0,0,2.0,[1 1],[0. 1.],1,1,[0.6 0.6],1.0,0.0,1.0
1793,0.0,1,897.0,0,1794,0,False,2.0,1,0.0,[2 1],[0. 1.],1,1,[0.6 0.6],1.0,0.0,1.0
1794,0.0,1,898.0,2,1795,1,False,0.0,0,2.0,[2 1],[0. 1.],1,1,[0.6 0.6],1.0,0.0,1.0
1795,0.0,1,898.0,0,1796,0,False,2.0,1,0.0,[1 2],[0. 1.],0,1,[0.6 0.6],1.0,0.0,1.0
1796,0.0,1,899.0,1,1797,1,False,0.0,0,1.0,[1 2],[0. 1.],0,1,[0.6 0.6],1.0,0.0,1.0
1797,0.0,1,899.0,0,1798,0,False,1.0,1,0.0,[1 2],[0. 1.],1,1,[0.6 0.6],1.0,0.0,1.0
1798,0.0,1,900.0,2,1799,1,False,0.0,0,2.0,[1 2],[0. 1.],1,1,[0.6 0.6],1.0,0.0,1.0
1799,1.0,1,900.0,0,1800,0,False,2.0,1,0.0,[2 1],[0. 1.],0,1,[0.6 0.6],1.0,0.0,1.0
1800,0.0,1,901.0,2,1801,1,False,0.0,0,1.0,[2 1],[0. 1.],0,1,[0.6 0.6],1.0,0.0,1.0
1801,0.0,1,901.0,0,1802,0,False,1.0,1,0.0,[1 2],[0. 1.],1,1,[0.6 0.6],1.0,0.0,1.0
1802,0.0,1,902.0,2,1803,1,False,0.0,0,2.0,[1 2],[0. 1.],1,1,[0.6 0.6],1.0,0.0,1.0
1803,1.0,1,902.0,0,1804,0,False,2.0,1,0.0,[1 2],[0. 1.],0,1,[0.6 0.6],1.0,0.0,1.0
1804,0.0,1,903.0,2,1805,1,False,0.0,0,1.0,[1 2],[0. 1.],0,1,[0.6 0.6],1.0,0.0,1.0
1805,1.0,1,903.0,0,1806,0,False,1.0,1,0.0,[2 1],[1. 0.],1,0,[0.6 0.6],1.0,0.0,1.0
1806,0.0,1,904.0,2,1807,1,False,0.0,0,2.0,[2 1],[1. 0.],1,0,[0.6 0.6],1.0,0.0,1.0
1807,1.0,1,904.0,0,1808,0,False,2.0,1,0.0,[2 1],[1. 0.],0,0,[0.6 0.6],1.0,0.0,1.0
1808,0.0,1,905.0,2,1809,1,False,0.0,0,1.0,[2 1],[1. 0.],0,0,[0.6 0.6],1.0,0.0,1.0
1809,1.0,1,905.0,0,1810,0,False,1.0,1,0.0,[2 2],[0. 1.],1,1,[0.6 0.6],1.0,0.0,1.0
1810,0.0,1,906.0,2,1811,1,False,0.0,0,2.0,[2 2],[0. 1.],1,1,[0.6 0.6],1.0,0.0,1.0
1811,1.0,1,906.0,0,1812,0,False,2.0,1,0.0,[1 1],[0. 1.],1,1,[0.6 0.6],1.0,0.0,1.0
1812,0.0,1,907.0,2,1813,1,False,0.0,0,2.0,[1 1],[0. 1.],1,1,[0.6 0.6],1.0,0.0,1.0
1813,0.0,1,907.0,0,1814,0,False,2.0,1,0.0,[1 2],[0. 1.],0,1,[0.6 0.6],1.0,0.0,1.0
1814,0.0,1,908.0,2,1815,1,False,0.0,0,1.0,[1 2],[0. 1.],0,1,[0.6 0.6],1.0,0.0,1.0
1815,1.0,1,908.0,0,1816,0,False,1.0,1,0.0,[1 1],[0. 1.],0,1,[0.6 0.6],1.0,0.0,1.0
1816,0.0,1,909.0,2,1817,1,False,0.0,0,1.0,[1 1],[0. 1.],0,1,[0.6 0.6],1.0,0.0,1.0
1817,0.0,1,909.0,0,1818,0,False,1.0,1,0.0,[1 1],[0. 1.],1,1,[0.6 0.6],1.0,0.0,1.0
1818,0.0,1,910.0,2,1819,1,False,0.0,0,2.0,[1 1],[0. 1.],1,1,[0.6 0.6],1.0,0.0,1.0
1819,0.0,1,910.0,0,1820,0,False,2.0,1,0.0,[2 1],[0. 1.],0,1,[0.6 0.6],1.0,0.0,1.0
1820,0.0,1,911.0,2,1821,1,False,0.0,0,1.0,[2 1],[0. 1.],0,1,[0.6 0.6],1.0,0.0,1.0
1821,0.0,1,911.0,0,1822,0,False,1.0,1,0.0,[2 1],[0. 1.],0,1,[0.6 0.6],1.0,0.0,1.0
1822,0.0,1,912.0,2,1823,1,False,0.0,0,1.0,[2 1],[0. 1.],0,1,[0.6 0.6],1.0,0.0,1.0
1823,0.0,1,912.0,0,1824,0,False,1.0,1,0.0,[1 2],[0. 1.],1,1,[0.6 0.6],1.0,0.0,1.0
1824,0.0,1,913.0,1,1825,1,False,0.0,0,2.0,[1 2],[0. 1.],1,1,[0.6 0.6],1.0,0.0,1.0
1825,0.0,1,913.0,0,1826,0,False,2.0,1,0.0,[1 2],[0. 1.],0,1,[0.6 0.6],1.0,0.0,1.0
1826,0.0,1,914.0,2,1827,1,False,0.0,0,1.0,[1 2],[0. 1.],0,1,[0.6 0.6],1.0,0.0,1.0
1827,1.0,1,914.0,0,1828,0,False,1.0,1,0.0,[2 2],[0. 1.],1,1,[0.6 0.6],1.0,0.0,1.0
1828,0.0,1,915.0,2,1829,1,False,0.0,0,2.0,[2 2],[0. 1.],1,1,[0.6 0.6],1.0,0.0,1.0
1829,1.0,1,915.0,0,1830,0,False,2.0,1,0.0,[1 1],[0. 1.],1,1,[0.6 0.6],1.0,0.0,1.0
1830,0.0,1,916.0,2,1831,1,False,0.0,0,2.0,[1 1],[0. 1.],1,1,[0.6 0.6],1.0,0.0,1.0
1831,0.0,1,916.0,0,1832,0,False,2.0,1,0.0,[1 2],[0. 1.],0,1,[0.6 0.6],1.0,0.0,1.0
1832,0.0,1,917.0,2,1833,1,False,0.0,0,1.0,[1 2],[0. 1.],0,1,[0.6 0.6],1.0,0.0,1.0
1833,1.0,1,917.0,0,1834,0,False,1.0,1,0.0,[2 1],[0. 1.],0,1,[0.6 0.6],1.0,0.0,1.0
1834,0.0,1,918.0,2,1835,1,False,0.0,0,1.0,[2 1],[0. 1.],0,1,[0.6 0.6],1.0,0.0,1.0
1835,0.0,1,918.0,0,1836,0,False,1.0,1,0.0,[2 2],[0. 1.],1,1,[0.6 0.6],1.0,0.0,1.0
1836,0.0,1,919.0,2,1837,1,False,0.0,0,2.0,[2 2],[0. 1.],1,1,[0.6 0.6],1.0,0.0,1.0
1837,1.0,1,919.0,0,1838,0,False,2.0,1,0.0,[2 1],[0. 1.],0,1,[0.6 0.6],1.0,0.0,1.0
1838,0.0,1,920.0,2,1839,1,False,0.0,0,1.0,[2 1],[0. 1.],0,1,[0.6 0.6],1.0,0.0,1.0
1839,0.0,1,920.0,0,1840,0,False,1.0,1,0.0,[2 1],[0. 1.],1,1,[0.6 0.6],1.0,0.0,1.0
1840,0.0,1,921.0,2,1841,1,False,0.0,0,2.0,[2 1],[0. 1.],1,1,[0.6 0.6],1.0,0.0,1.0
1841,0.0,1,921.0,0,1842,0,False,2.0,1,0.0,[1 1],[0. 1.],0,1,[0.6 0.6],1.0,0.0,1.0
1842,0.0,1,922.0,2,1843,1,False,0.0,0,1.0,[1 1],[0. 1.],0,1,[0.6 0.6],1.0,0.0,1.0
1843,0.0,1,922.0,0,1844,0,False,1.0,1,0.0,[1 2],[0. 1.],1,1,[0.6 0.6],1.0,0.0,1.0
1844,0.0,1,923.0,1,1845,1,False,0.0,0,2.0,[1 2],[0. 1.],1,1,[0.6 0.6],1.0,0.0,1.0
1845,0.0,1,923.0,0,1846,0,False,2.0,1,0.0,[1 2],[0. 1.],1,1,[0.6 0.6],1.0,0.0,1.0
1846,0.0,1,924.0,2,1847,1,False,0.0,0,2.0,[1 2],[0. 1.],1,1,[0.6 0.6],1.0,0.0,1.0
1847,1.0,1,924.0,0,1848,0,False,2.0,1,0.0,[1 1],[0. 1.],0,1,[0.6 0.6],1.0,0.0,1.0
1848,0.0,1,925.0,2,1849,1,False,0.0,0,1.0,[1 1],[0. 1.],0,1,[0.6 0.6],1.0,0.0,1.0
1849,0.0,1,925.0,0,1850,0,False,1.0,1,0.0,[1 2],[0. 1.],0,1,[0.6 0.6],1.0,0.0,1.0
1850,0.0,1,926.0,2,1851,1,False,0.0,0,1.0,[1 2],[0. 1.],0,1,[0.6 0.6],1.0,0.0,1.0
1851,1.0,1,926.0,0,1852,0,False,1.0,1,0.0,[2 1],[0. 1.],0,1,[0.6 0.6],1.0,0.0,1.0
1852,0.0,1,927.0,2,1853,1,False,0.0,0,1.0,[2 1],[0. 1.],0,1,[0.6 0.6],1.0,0.0,1.0
1853,0.0,1,927.0,0,1854,0,False,1.0,1,0.0,[2 1],[0. 1.],1,1,[0.6 0.6],1.0,0.0,1.0
1854,0.0,1,928.0,2,1855,1,False,0.0,0,2.0,[2 1],[0. 1.],1,1,[0.6 0.6],1.0,0.0,1.0
1855,0.0,1,928.0,0,1856,0,False,2.0,1,0.0,[1 1],[0. 1.],0,1,[0.6 0.6],1.0,0.0,1.0
1856,0.0,1,929.0,1,1857,1,False,0.0,0,1.0,[1 1],[0. 1.],0,1,[0.6 0.6],1.0,0.0,1.0
1857,0.0,1,929.0,0,1858,0,False,1.0,1,0.0,[1 1],[0. 1.],0,1,[0.6 0.6],1.0,0.0,1.0
1858,0.0,1,930.0,2,1859,1,False,0.0,0,1.0,[1 1],[0. 1.],0,1,[0.6 0.6],1.0,0.0,1.0
1859,0.0,1,930.0,0,1860,0,False,1.0,1,0.0,[2 1],[0. 1.],0,1,[0.6 0.6],1.0,0.0,1.0
1860,0.0,1,931.0,1,1861,1,False,0.0,0,1.0,[2 1],[0. 1.],0,1,[0.6 0.6],1.0,0.0,1.0
1861,1.0,1,931.0,0,1862,0,False,1.0,1,0.0,[2 1],[0. 1.],0,1,[0.6 0.6],1.0,0.0,1.0
1862,0.0,1,932.0,1,1863,1,False,0.0,0,1.0,[2 1],[0. 1.],0,1,[0.6 0.6],1.0,0.0,1.0
1863,1.0,1,932.0,0,1864,0,False,1.0,1,0.0,[1 2],[0. 1.],1,1,[0.6 0.6],1.0,0.0,1.0
1864,0.0,1,933.0,1,1865,1,False,0.0,0,2.0,[1 2],[0. 1.],1,1,[0.6 0.6],1.0,0.0,1.0
1865,0.0,1,933.0,0,1866,0,False,2.0,1,0.0,[1 1],[0. 1.],1,1,[0.6 0.6],1.0,0.0,1.0
1866,0.0,1,934.0,1,1867,1,False,0.0,0,2.0,[1 1],[0. 1.],1,1,[0.6 0.6],1.0,0.0,1.0
1867,0.0,1,934.0,0,1868,0,False,2.0,1,0.0,[1 1],[0. 1.],1,1,[0.6 0.6],1.0,0.0,1.0
1868,0.0,1,935.0,2,1869,1,False,0.0,0,2.0,[1 1],[0. 1.],1,1,[0.6 0.6],1.0,0.0,1.0
1869,0.0,1,935.0,0,1870,0,False,2.0,1,0.0,[1 2],[0. 1.],1,1,[0.6 0.6],1.0,0.0,1.0
1870,0.0,1,936.0,1,1871,1,False,0.0,0,2.0,[1 2],[0. 1.],1,1,[0.6 0.6],1.0,0.0,1.0
1871,0.0,1,936.0,0,1872,0,False,2.0,1,0.0,[2 2],[0. 1.],1,1,[0.6 0.6],1.0,0.0,1.0
1872,0.0,1,937.0,2,1873,1,False,0.0,0,2.0,[2 2],[0. 1.],1,1,[0.6 0.6],1.0,0.0,1.0
1873,1.0,1,937.0,0,1874,0,False,2.0,1,0.0,[1 1],[0. 1.],0,1,[0.6 0.6],1.0,0.0,1.0
1874,0.0,1,938.0,2,1875,1,False,0.0,0,1.0,[1 1],[0. 1.],0,1,[0.6 0.6],1.0,0.0,1.0
1875,0.0,1,938.0,0,1876,0,False,1.0,1,0.0,[1 2],[0. 1.],0,1,[0.6 0.6],1.0,0.0,1.0
1876,0.0,1,939.0,2,1877,1,False,0.0,0,1.0,[1 2],[0. 1.],0,1,[0.6 0.6],1.0,0.0,1.0
1877,1.0,1,939.0,0,1878,0,False,1.0,1,0.0,[2 2],[0. 1.],0,1,[0.6 0.6],1.0,0.0,1.0
1878,0.0,1,940.0,2,1879,1,False,0.0,0,1.0,[2 2],[0. 1.],0,1,[0.6 0.6],1.0,0.0,1.0
1879,1.0,1,940.0,0,1880,0,False,1.0,1,0.0,[2 2],[0. 1.],0,1,[0.6 0.6],1.0,0.0,1.0
1880,0.0,1,941.0,2,1881,1,False,0.0,0,1.0,[2 2],[0. 1.],0,1,[0.6 0.6],1.0,0.0,1.0
1881,1.0,1,941.0,0,1882,0,False,1.0,1,0.0,[2 2],[0. 1.],0,1,[0.6 0.6],1.0,0.0,1.0
1882,0.0,1,942.0,2,1883,1,False,0.0,0,1.0,[2 2],[0. 1.],0,1,[0.6 0.6],1.0,0.0,1.0
1883,1.0,1,942.0,0,1884,0,False,1.0,1,0.0,[1 1],[0. 1.],0,1,[0.6 0.6],1.0,0.0,1.0
1884,0.0,1,943.0,2,1885,1,False,0.0,0,1.0,[1 1],[0. 1.],0,1,[0.6 0.6],1.0,0.0,1.0
1885,0.0,1,943.0,0,1886,0,False,1.0,1,0.0,[1 2],[0. 1.],0,1,[0.6 0.6],1.0,0.0,1.0
1886,0.0,1,944.0,2,1887,1,False,0.0,0,1.0,[1 2],[0. 1.],0,1,[0.6 0.6],1.0,0.0,1.0
1887,1.0,1,944.0,0,1888,0,False,1.0,1,0.0,[2 1],[0. 1.],1,1,[0.6 0.6],1.0,0.0,1.0
1888,0.0,1,945.0,2,1889,1,False,0.0,0,2.0,[2 1],[0. 1.],1,1,[0.6 0.6],1.0,0.0,1.0
1889,0.0,1,945.0,0,1890,0,False,2.0,1,0.0,[1 1],[0. 1.],1,1,[0.6 0.6],1.0,0.0,1.0
1890,0.0,1,946.0,2,1891,1,False,0.0,0,2.0,[1 1],[0. 1.],1,1,[0.6 0.6],1.0,0.0,1.0
1891,0.0,1,946.0,0,1892,0,False,2.0,1,0.0,[2 2],[0. 1.],1,1,[0.6 0.6],1.0,0.0,1.0
1892,0.0,1,947.0,1,1893,1,False,0.0,0,2.0,[2 2],[0. 1.],1,1,[0.6 0.6],1.0,0.0,1.0
1893,1.0,1,947.0,0,1894,0,False,2.0,1,0.0,[1 1],[1. 0.],0,0,[0.6 0.6],1.0,0.0,1.0
1894,0.0,1,948.0,1,1895,1,False,0.0,0,1.0,[1 1],[1. 0.],0,0,[0.6 0.6],1.0,0.0,1.0
1895,1.0,1,948.0,0,1896,0,False,1.0,1,0.0,[1 2],[1. 0.],1,0,[0.6 0.6],1.0,0.0,1.0
1896,0.0,1,949.0,2,1897,1,False,0.0,0,2.0,[1 2],[1. 0.],1,0,[0.6 0.6],1.0,0.0,1.0
1897,0.0,1,949.0,0,1898,0,False,2.0,1,0.0,[1 2],[1. 0.],0,0,[0.6 0.6],1.0,0.0,1.0
1898,0.0,1,950.0,1,1899,1,False,0.0,0,1.0,[1 2],[1. 0.],0,0,[0.6 0.6],1.0,0.0,1.0
1899,1.0,1,950.0,0,1900,0,False,1.0,1,0.0,[1 2],[1. 0.],1,0,[0.6 0.6],1.0,0.0,1.0
1900,0.0,1,951.0,1,1901,1,False,0.0,0,2.0,[1 2],[1. 0.],1,0,[0.6 0.6],1.0,0.0,1.0
1901,1.0,1,951.0,0,1902,0,False,2.0,1,0.0,[1 2],[1. 0.],0,0,[0.6 0.6],1.0,0.0,1.0
1902,0.0,1,952.0,1,1903,1,False,0.0,0,1.0,[1 2],[1. 0.],0,0,[0.6 0.6],1.0,0.0,1.0
1903,1.0,1,952.0,0,1904,0,False,1.0,1,0.0,[1 1],[1. 0.],1,0,[0.6 0.6],1.0,0.0,1.0
1904,0.0,1,953.0,1,1905,1,False,0.0,0,2.0,[1 1],[1. 0.],1,0,[0.6 0.6],1.0,0.0,1.0
1905,1.0,1,953.0,0,1906,0,False,2.0,1,0.0,[1 2],[1. 0.],1,0,[0.6 0.6],1.0,0.0,1.0
1906,0.0,1,954.0,1,1907,1,False,0.0,0,2.0,[1 2],[1. 0.],1,0,[0.6 0.6],1.0,0.0,1.0
1907,1.0,1,954.0,0,1908,0,False,2.0,1,0.0,[2 2],[1. 0.],0,0,[0.6 0.6],1.0,0.0,1.0
1908,0.0,1,955.0,1,1909,1,False,0.0,0,1.0,[2 2],[1. 0.],0,0,[0.6 0.6],1.0,0.0,1.0
1909,0.0,1,955.0,0,1910,0,False,1.0,1,0.0,[1 1],[1. 0.],0,0,[0.6 0.6],1.0,0.0,1.0
1910,0.0,1,956.0,1,1911,1,False,0.0,0,1.0,[1 1],[1. 0.],0,0,[0.6 0.6],1.0,0.0,1.0
1911,1.0,1,956.0,0,1912,0,False,1.0,1,0.0,[2 1],[1. 0.],0,0,[0.6 0.6],1.0,0.0,1.0
1912,0.0,1,957.0,1,1913,1,False,0.0,0,1.0,[2 1],[1. 0.],0,0,[0.6 0.6],1.0,0.0,1.0
1913,0.0,1,957.0,0,1914,0,False,1.0,1,0.0,[2 1],[1. 0.],1,0,[0.6 0.6],1.0,0.0,1.0
1914,0.0,1,958.0,1,1915,1,False,0.0,0,2.0,[2 1],[1. 0.],1,0,[0.6 0.6],1.0,0.0,1.0
1915,0.0,1,958.0,0,1916,0,False,2.0,1,0.0,[2 2],[1. 0.],1,0,[0.6 0.6],1.0,0.0,1.0
1916,0.0,1,959.0,1,1917,1,False,0.0,0,2.0,[2 2],[1. 0.],1,0,[0.6 0.6],1.0,0.0,1.0
1917,0.0,1,959.0,0,1918,0,False,2.0,1,0.0,[2 1],[1. 0.],0,0,[0.6 0.6],1.0,0.0,1.0
1918,0.0,1,960.0,2,1919,1,False,0.0,0,1.0,[2 1],[1. 0.],0,0,[0.6 0.6],1.0,0.0,1.0
1919,1.0,1,960.0,0,1920,0,False,1.0,1,0.0,[2 1],[1. 0.],0,0,[0.6 0.6],1.0,0.0,1.0
1920,0.0,1,961.0,2,1921,1,False,0.0,0,1.0,[2 1],[1. 0.],0,0,[0.6 0.6],1.0,0.0,1.0
1921,1.0,1,961.0,0,1922,0,False,1.0,1,0.0,[1 1],[1. 0.],0,0,[0.6 0.6],1.0,0.0,1.0
1922,0.0,1,962.0,2,1923,1,False,0.0,0,1.0,[1 1],[1. 0.],0,0,[0.6 0.6],1.0,0.0,1.0
1923,1.0,1,962.0,0,1924,0,False,1.0,1,0.0,[2 1],[1. 0.],1,0,[0.6 0.6],1.0,0.0,1.0
1924,0.0,1,963.0,2,1925,1,False,0.0,0,2.0,[2 1],[1. 0.],1,0,[0.6 0.6],1.0,0.0,1.0
1925,1.0,1,963.0,0,1926,0,False,2.0,1,0.0,[2 1],[1. 0.],0,0,[0.6 0.6],1.0,0.0,1.0
1926,0.0,1,964.0,2,1927,1,False,0.0,0,1.0,[2 1],[1. 0.],0,0,[0.6 0.6],1.0,0.0,1.0
1927,1.0,1,964.0,0,1928,0,False,1.0,1,0.0,[1 1],[1. 0.],0,0,[0.6 0.6],1.0,0.0,1.0
1928,0.0,1,965.0,2,1929,1,False,0.0,0,1.0,[1 1],[1. 0.],0,0,[0.6 0.6],1.0,0.0,1.0
1929,1.0,1,965.0,0,1930,0,False,1.0,1,0.0,[1 2],[1. 0.],0,0,[0.6 0.6],1.0,0.0,1.0
1930,0.0,1,966.0,2,1931,1,False,0.0,0,1.0,[1 2],[1. 0.],0,0,[0.6 0.6],1.0,0.0,1.0
1931,0.0,1,966.0,0,1932,0,False,1.0,1,0.0,[2 1],[1. 0.],0,0,[0.6 0.6],1.0,0.0,1.0
1932,0.0,1,967.0,2,1933,1,False,0.0,0,1.0,[2 1],[1. 0.],0,0,[0.6 0.6],1.0,0.0,1.0
1933,1.0,1,967.0,0,1934,0,False,1.0,1,0.0,[2 2],[1. 0.],1,0,[0.6 0.6],1.0,0.0,1.0
1934,0.0,1,968.0,2,1935,1,False,0.0,0,2.0,[2 2],[1. 0.],1,0,[0.6 0.6],1.0,0.0,1.0
1935,0.0,1,968.0,0,1936,0,False,2.0,1,0.0,[1 2],[1. 0.],1,0,[0.6 0.6],1.0,0.0,1.0
1936,0.0,1,969.0,2,1937,1,False,0.0,0,2.0,[1 2],[1. 0.],1,0,[0.6 0.6],1.0,0.0,1.0
1937,0.0,1,969.0,0,1938,0,False,2.0,1,0.0,[1 2],[1. 0.],1,0,[0.6 0.6],1.0,0.0,1.0
1938,0.0,1,970.0,1,1939,1,False,0.0,0,2.0,[1 2],[1. 0.],1,0,[0.6 0.6],1.0,0.0,1.0
1939,1.0,1,970.0,0,1940,0,False,2.0,1,0.0,[1 1],[1. 0.],0,0,[0.6 0.6],1.0,0.0,1.0
1940,0.0,1,971.0,1,1941,1,False,0.0,0,1.0,[1 1],[1. 0.],0,0,[0.6 0.6],1.0,0.0,1.0
1941,1.0,1,971.0,0,1942,0,False,1.0,1,0.0,[1 2],[1. 0.],1,0,[0.6 0.6],1.0,0.0,1.0
1942,0.0,1,972.0,1,1943,1,False,0.0,0,2.0,[1 2],[1. 0.],1,0,[0.6 0.6],1.0,0.0,1.0
1943,1.0,1,972.0,0,1944,0,False,2.0,1,0.0,[1 1],[1. 0.],1,0,[0.6 0.6],1.0,0.0,1.0
1944,0.0,1,973.0,1,1945,1,False,0.0,0,2.0,[1 1],[1. 0.],1,0,[0.6 0.6],1.0,0.0,1.0
1945,1.0,1,973.0,0,1946,0,False,2.0,1,0.0,[2 1],[1. 0.],1,0,[0.6 0.6],1.0,0.0,1.0
1946,0.0,1,974.0,1,1947,1,False,0.0,0,2.0,[2 1],[1. 0.],1,0,[0.6 0.6],1.0,0.0,1.0
1947,0.0,1,974.0,0,1948,0,False,2.0,1,0.0,[2 1],[1. 0.],0,0,[0.6 0.6],1.0,0.0,1.0
1948,0.0,1,975.0,1,1949,1,False,0.0,0,1.0,[2 1],[1. 0.],0,0,[0.6 0.6],1.0,0.0,1.0
1949,0.0,1,975.0,0,1950,0,False,1.0,1,0.0,[2 2],[1. 0.],1,0,[0.6 0.6],1.0,0.0,1.0
1950,0.0,1,976.0,1,1951,1,False,0.0,0,2.0,[2 2],[1. 0.],1,0,[0.6 0.6],1.0,0.0,1.0
1951,0.0,1,976.0,0,1952,0,False,2.0,1,0.0,[2 1],[1. 0.],0,0,[0.6 0.6],1.0,0.0,1.0
1952,0.0,1,977.0,2,1953,1,False,0.0,0,1.0,[2 1],[1. 0.],0,0,[0.6 0.6],1.0,0.0,1.0
1953,1.0,1,977.0,0,1954,0,False,1.0,1,0.0,[2 1],[1. 0.],1,0,[0.6 0.6],1.0,0.0,1.0
1954,0.0,1,978.0,2,1955,1,False,0.0,0,2.0,[2 1],[1. 0.],1,0,[0.6 0.6],1.0,0.0,1.0
1955,1.0,1,978.0,0,1956,0,False,2.0,1,0.0,[2 1],[1. 0.],1,0,[0.6 0.6],1.0,0.0,1.0
1956,0.0,1,979.0,2,1957,1,False,0.0,0,2.0,[2 1],[1. 0.],1,0,[0.6 0.6],1.0,0.0,1.0
1957,1.0,1,979.0,0,1958,0,False,2.0,1,0.0,[2 2],[1. 0.],1,0,[0.6 0.6],1.0,0.0,1.0
1958,0.0,1,980.0,2,1959,1,False,0.0,0,2.0,[2 2],[1. 0.],1,0,[0.6 0.6],1.0,0.0,1.0
1959,0.0,1,980.0,0,1960,0,False,2.0,1,0.0,[2 1],[1. 0.],0,0,[0.6 0.6],1.0,0.0,1.0
1960,0.0,1,981.0,2,1961,1,False,0.0,0,1.0,[2 1],[1. 0.],0,0,[0.6 0.6],1.0,0.0,1.0
1961,1.0,1,981.0,0,1962,0,False,1.0,1,0.0,[2 2],[1. 0.],1,0,[0.6 0.6],1.0,0.0,1.0
1962,0.0,1,982.0,2,1963,1,False,0.0,0,2.0,[2 2],[1. 0.],1,0,[0.6 0.6],1.0,0.0,1.0
1963,0.0,1,982.0,0,1964,0,False,2.0,1,0.0,[1 2],[1. 0.],1,0,[0.6 0.6],1.0,0.0,1.0
1964,0.0,1,983.0,2,1965,1,False,0.0,0,2.0,[1 2],[1. 0.],1,0,[0.6 0.6],1.0,0.0,1.0
1965,0.0,1,983.0,0,1966,0,False,2.0,1,0.0,[2 1],[1. 0.],0,0,[0.6 0.6],1.0,0.0,1.0
1966,0.0,1,984.0,1,1967,1,False,0.0,0,1.0,[2 1],[1. 0.],0,0,[0.6 0.6],1.0,0.0,1.0
1967,0.0,1,984.0,0,1968,0,False,1.0,1,0.0,[1 2],[1. 0.],0,0,[0.6 0.6],1.0,0.0,1.0
1968,0.0,1,985.0,1,1969,1,False,0.0,0,1.0,[1 2],[1. 0.],0,0,[0.6 0.6],1.0,0.0,1.0
1969,1.0,1,985.0,0,1970,0,False,1.0,1,0.0,[2 2],[1. 0.],0,0,[0.6 0.6],1.0,0.0,1.0
1970,0.0,1,986.0,1,1971,1,False,0.0,0,1.0,[2 2],[1. 0.],0,0,[0.6 0.6],1.0,0.0,1.0
1971,0.0,1,986.0,0,1972,0,False,1.0,1,0.0,[2 2],[1. 0.],0,0,[0.6 0.6],1.0,0.0,1.0
1972,0.0,1,987.0,1,1973,1,False,0.0,0,1.0,[2 2],[1. 0.],0,0,[0.6 0.6],1.0,0.0,1.0
1973,0.0,1,987.0,0,1974,0,False,1.0,1,0.0,[2 1],[1. 0.],0,0,[0.6 0.6],1.0,0.0,1.0
1974,0.0,1,988.0,1,1975,1,False,0.0,0,1.0,[2 1],[1. 0.],0,0,[0.6 0.6],1.0,0.0,1.0
1975,0.0,1,988.0,0,1976,0,False,1.0,1,0.0,[2 2],[1. 0.],0,0,[0.6 0.6],1.0,0.0,1.0
1976,0.0,1,989.0,1,1977,1,False,0.0,0,1.0,[2 2],[1. 0.],0,0,[0.6 0.6],1.0,0.0,1.0
1977,0.0,1,989.0,0,1978,0,False,1.0,1,0.0,[1 1],[1. 0.],1,0,[0.6 0.6],1.0,0.0,1.0
1978,0.0,1,990.0,2,1979,1,False,0.0,0,2.0,[1 1],[1. 0.],1,0,[0.6 0.6],1.0,0.0,1.0
1979,1.0,1,990.0,0,1980,0,False,2.0,1,0.0,[2 2],[1. 0.],0,0,[0.6 0.6],1.0,0.0,1.0
1980,0.0,1,991.0,2,1981,1,False,0.0,0,1.0,[2 2],[1. 0.],0,0,[0.6 0.6],1.0,0.0,1.0
1981,0.0,1,991.0,0,1982,0,False,1.0,1,0.0,[1 1],[1. 0.],0,0,[0.6 0.6],1.0,0.0,1.0
1982,0.0,1,992.0,2,1983,1,False,0.0,0,1.0,[1 1],[1. 0.],0,0,[0.6 0.6],1.0,0.0,1.0
1983,1.0,1,992.0,0,1984,0,False,1.0,1,0.0,[1 1],[1. 0.],1,0,[0.6 0.6],1.0,0.0,1.0
1984,0.0,1,993.0,2,1985,1,False,0.0,0,2.0,[1 1],[1. 0.],1,0,[0.6 0.6],1.0,0.0,1.0
1985,1.0,1,993.0,0,1986,0,False,2.0,1,0.0,[1 2],[1. 0.],0,0,[0.6 0.6],1.0,0.0,1.0
1986,0.0,1,994.0,2,1987,1,False,0.0,0,1.0,[1 2],[1. 0.],0,0,[0.6 0.6],1.0,0.0,1.0
1987,0.0,1,994.0,0,1988,0,False,1.0,1,0.0,[2 2],[1. 0.],0,0,[0.6 0.6],1.0,0.0,1.0
1988,0.0,1,995.0,2,1989,1,False,0.0,0,1.0,[2 2],[1. 0.],0,0,[0.6 0.6],1.0,0.0,1.0
1989,0.0,1,995.0,0,1990,0,False,1.0,1,0.0,[1 1],[1. 0.],1,0,[0.6 0.6],1.0,0.0,1.0
1990,0.0,1,996.0,2,1991,1,False,0.0,0,2.0,[1 1],[1. 0.],1,0,[0.6 0.6],1.0,0.0,1.0
1991,1.0,1,996.0,0,1992,0,False,2.0,1,0.0,[1 2],[1. 0.],0,0,[0.6 0.6],1.0,0.0,1.0
1992,0.0,1,997.0,2,1993,1,False,0.0,0,1.0,[1 2],[1. 0.],0,0,[0.6 0.6],1.0,0.0,1.0
1993,0.0,1,997.0,0,1994,0,False,1.0,1,0.0,[1 2],[1. 0.],0,0,[0.6 0.6],1.0,0.0,1.0
1994,0.0,1,998.0,2,1995,1,False,0.0,0,1.0,[1 2],[1. 0.],0,0,[0.6 0.6],1.0,0.0,1.0
1995,0.0,1,998.0,0,1996,0,False,1.0,1,0.0,[2 2],[1. 0.],1,0,[0.6 0.6],1.0,0.0,1.0
1996,0.0,1,999.0,2,1997,1,False,0.0,0,2.0,[2 2],[1. 0.],1,0,[0.6 0.6],1.0,0.0,1.0
1997,0.0,1,999.0,0,1998,0,False,2.0,1,0.0,[1 1],[1. 0.],1,0,[0.6 0.6],1.0,0.0,1.0
1998,0.0,1,1000.0,1,1999,1,False,0.0,0,2.0,[1 1],[1. 0.],1,0,[0.6 0.6],1.0,0.0,1.0
1999,1.0,1,1000.0,0,2000,0,True,2.0,1,0.0,[2 2],[0. 1.],0,1,[0.6 0.6],1.0,0.0,1.0
0,0.0,1,1.0,2,1,1,False,0.0,0,1.0,[1 1],[1. 0.],0,0,[0.4 0.4],1.0,0.0,1.0
1,1.0,1,1.0,0,2,0,False,1.0,1,0.0,[1 1],[1. 0.],0,0,[0.4 0.4],1.0,0.0,1.0
2,0.0,1,2.0,2,3,1,False,0.0,0,1.0,[1 1],[1. 0.],0,0,[0.4 0.4],1.0,0.0,1.0
3,1.0,1,2.0,0,4,0,False,1.0,1,0.0,[2 1],[1. 0.],1,0,[0.4 0.4],1.0,0.0,1.0
4,0.0,1,3.0,2,5,1,False,0.0,0,2.0,[2 1],[1. 0.],1,0,[0.4 0.4],1.0,0.0,1.0
5,1.0,1,3.0,0,6,0,False,2.0,1,0.0,[1 2],[1. 0.],0,0,[0.4 0.4],1.0,0.0,1.0
6,0.0,1,4.0,2,7,1,False,0.0,0,1.0,[1 2],[1. 0.],0,0,[0.4 0.4],1.0,0.0,1.0
7,0.0,1,4.0,0,8,0,False,1.0,1,0.0,[1 1],[1. 0.],0,0,[0.4 0.4],1.0,0.0,1.0
8,0.0,1,5.0,2,9,1,False,0.0,0,1.0,[1 1],[1. 0.],0,0,[0.4 0.4],1.0,0.0,1.0
9,1.0,1,5.0,0,10,0,False,1.0,1,0.0,[1 1],[0. 1.],0,1,[0.4 0.4],1.0,0.0,1.0
10,0.0,1,6.0,2,11,1,False,0.0,0,1.0,[1 1],[0. 1.],0,1,[0.4 0.4],1.0,0.0,1.0
11,0.0,1,6.0,0,12,0,False,1.0,1,0.0,[1 1],[0. 1.],0,1,[0.4 0.4],1.0,0.0,1.0
12,0.0,1,7.0,2,13,1,False,0.0,0,1.0,[1 1],[0. 1.],0,1,[0.4 0.4],1.0,0.0,1.0
13,0.0,1,7.0,0,14,0,False,1.0,1,0.0,[2 2],[0. 1.],0,1,[0.4 0.4],1.0,0.0,1.0
14,0.0,1,8.0,2,15,1,False,0.0,0,1.0,[2 2],[0. 1.],0,1,[0.4 0.4],1.0,0.0,1.0
15,1.0,1,8.0,0,16,0,False,1.0,1,0.0,[2 2],[0. 1.],1,1,[0.4 0.4],1.0,0.0,1.0
16,0.0,1,9.0,2,17,1,False,0.0,0,2.0,[2 2],[0. 1.],1,1,[0.4 0.4],1.0,0.0,1.0
17,1.0,1,9.0,0,18,0,False,2.0,1,0.0,[2 1],[0. 1.],0,1,[0.4 0.4],1.0,0.0,1.0
18,0.0,1,10.0,2,19,1,False,0.0,0,1.0,[2 1],[0. 1.],0,1,[0.4 0.4],1.0,0.0,1.0
19,0.0,1,10.0,0,20,0,False,1.0,1,0.0,[1 2],[0. 1.],0,1,[0.4 0.4],1.0,0.0,1.0
20,0.0,1,11.0,2,21,1,False,0.0,0,1.0,[1 2],[0. 1.],0,1,[0.4 0.4],1.0,0.0,1.0
21,1.0,1,11.0,0,22,0,False,1.0,1,0.0,[2 2],[0. 1.],1,1,[0.4 0.4],1.0,0.0,1.0
22,0.0,1,12.0,2,23,1,False,0.0,0,2.0,[2 2],[0. 1.],1,1,[0.4 0.4],1.0,0.0,1.0
23,1.0,1,12.0,0,24,0,False,2.0,1,0.0,[1 1],[0. 1.],1,1,[0.4 0.4],1.0,0.0,1.0
24,0.0,1,13.0,2,25,1,False,0.0,0,2.0,[1 1],[0. 1.],1,1,[0.4 0.4],1.0,0.0,1.0
25,0.0,1,13.0,0,26,0,False,2.0,1,0.0,[1 2],[0. 1.],0,1,[0.4 0.4],1.0,0.0,1.0
26,0.0,1,14.0,2,27,1,False,0.0,0,1.0,[1 2],[0. 1.],0,1,[0.4 0.4],1.0,0.0,1.0
27,1.0,1,14.0,0,28,0,False,1.0,1,0.0,[2 1],[0. 1.],1,1,[0.4 0.4],1.0,0.0,1.0
28,0.0,1,15.0,2,29,1,False,0.0,0,2.0,[2 1],[0. 1.],1,1,[0.4 0.4],1.0,0.0,1.0
29,0.0,1,15.0,0,30,0,False,2.0,1,0.0,[1 2],[0. 1.],1,1,[0.4 0.4],1.0,0.0,1.0
30,0.0,1,16.0,2,31,1,False,0.0,0,2.0,[1 2],[0. 1.],1,1,[0.4 0.4],1.0,0.0,1.0
31,1.0,1,16.0,0,32,0,False,2.0,1,0.0,[1 2],[0. 1.],0,1,[0.4 0.4],1.0,0.0,1.0
32,0.0,1,17.0,2,33,1,False,0.0,0,1.0,[1 2],[0. 1.],0,1,[0.4 0.4],1.0,0.0,1.0
33,1.0,1,17.0,0,34,0,False,1.0,1,0.0,[1 1],[0. 1.],1,1,[0.4 0.4],1.0,0.0,1.0
34,0.0,1,18.0,2,35,1,False,0.0,0,2.0,[1 1],[0. 1.],1,1,[0.4 0.4],1.0,0.0,1.0
35,0.0,1,18.0,0,36,0,False,2.0,1,0.0,[1 2],[0. 1.],0,1,[0.4 0.4],1.0,0.0,1.0
36,0.0,1,19.0,2,37,1,False,0.0,0,1.0,[1 2],[0. 1.],0,1,[0.4 0.4],1.0,0.0,1.0
37,1.0,1,19.0,0,38,0,False,1.0,1,0.0,[1 2],[0. 1.],1,1,[0.4 0.4],1.0,0.0,1.0
38,0.0,1,20.0,2,39,1,False,0.0,0,2.0,[1 2],[0. 1.],1,1,[0.4 0.4],1.0,0.0,1.0
39,1.0,1,20.0,0,40,0,False,2.0,1,0.0,[1 2],[0. 1.],1,1,[0.4 0.4],1.0,0.0,1.0
40,0.0,1,21.0,2,41,1,False,0.0,0,2.0,[1 2],[0. 1.],1,1,[0.4 0.4],1.0,0.0,1.0
41,1.0,1,21.0,0,42,0,False,2.0,1,0.0,[1 1],[0. 1.],0,1,[0.4 0.4],1.0,0.0,1.0
42,0.0,1,22.0,2,43,1,False,0.0,0,1.0,[1 1],[0. 1.],0,1,[0.4 0.4],1.0,0.0,1.0
43,0.0,1,22.0,0,44,0,False,1.0,1,0.0,[2 1],[0. 1.],0,1,[0.4 0.4],1.0,0.0,1.0
44,0.0,1,23.0,2,45,1,False,0.0,0,1.0,[2 1],[0. 1.],0,1,[0.4 0.4],1.0,0.0,1.0
45,0.0,1,23.0,0,46,0,False,1.0,1,0.0,[1 2],[0. 1.],1,1,[0.4 0.4],1.0,0.0,1.0
46,0.0,1,24.0,2,47,1,False,0.0,0,2.0,[1 2],[0. 1.],1,1,[0.4 0.4],1.0,0.0,1.0
47,1.0,1,24.0,0,48,0,False,2.0,1,0.0,[1 2],[0. 1.],0,1,[0.4 0.4],1.0,0.0,1.0
48,0.0,1,25.0,2,49,1,False,0.0,0,1.0,[1 2],[0. 1.],0,1,[0.4 0.4],1.0,0.0,1.0
49,1.0,1,25.0,0,50,0,False,1.0,1,0.0,[2 1],[0. 1.],1,1,[0.4 0.4],1.0,0.0,1.0
50,0.0,1,26.0,2,51,1,False,0.0,0,2.0,[2 1],[0. 1.],1,1,[0.4 0.4],1.0,0.0,1.0
51,0.0,1,26.0,0,52,0,False,2.0,1,0.0,[1 1],[0. 1.],0,1,[0.4 0.4],1.0,0.0,1.0
52,0.0,1,27.0,2,53,1,False,0.0,0,1.0,[1 1],[0. 1.],0,1,[0.4 0.4],1.0,0.0,1.0
53,0.0,1,27.0,0,54,0,False,1.0,1,0.0,[1 2],[0. 1.],1,1,[0.4 0.4],1.0,0.0,1.0
54,0.0,1,28.0,2,55,1,False,0.0,0,2.0,[1 2],[0. 1.],1,1,[0.4 0.4],1.0,0.0,1.0
55,1.0,1,28.0,0,56,0,False,2.0,1,0.0,[2 2],[0. 1.],0,1,[0.4 0.4],1.0,0.0,1.0
56,0.0,1,29.0,2,57,1,False,0.0,0,1.0,[2 2],[0. 1.],0,1,[0.4 0.4],1.0,0.0,1.0
57,1.0,1,29.0,0,58,0,False,1.0,1,0.0,[2 2],[0. 1.],0,1,[0.4 0.4],1.0,0.0,1.0
58,0.0,1,30.0,2,59,1,False,0.0,0,1.0,[2 2],[0. 1.],0,1,[0.4 0.4],1.0,0.0,1.0
59,1.0,1,30.0,0,60,0,False,1.0,1,0.0,[1 2],[0. 1.],1,1,[0.4 0.4],1.0,0.0,1.0
60,0.0,1,31.0,2,61,1,False,0.0,0,2.0,[1 2],[0. 1.],1,1,[0.4 0.4],1.0,0.0,1.0
61,1.0,1,31.0,0,62,0,False,2.0,1,0.0,[1 2],[0. 1.],0,1,[0.4 0.4],1.0,0.0,1.0
62,0.0,1,32.0,2,63,1,False,0.0,0,1.0,[1 2],[0. 1.],0,1,[0.4 0.4],1.0,0.0,1.0
63,1.0,1,32.0,0,64,0,False,1.0,1,0.0,[2 1],[0. 1.],1,1,[0.4 0.4],1.0,0.0,1.0
64,0.0,1,33.0,2,65,1,False,0.0,0,2.0,[2 1],[0. 1.],1,1,[0.4 0.4],1.0,0.0,1.0
65,0.0,1,33.0,0,66,0,False,2.0,1,0.0,[1 2],[0. 1.],0,1,[0.4 0.4],1.0,0.0,1.0
66,0.0,1,34.0,2,67,1,False,0.0,0,1.0,[1 2],[0. 1.],0,1,[0.4 0.4],1.0,0.0,1.0
67,1.0,1,34.0,0,68,0,False,1.0,1,0.0,[1 2],[0. 1.],1,1,[0.4 0.4],1.0,0.0,1.0
68,0.0,1,35.0,2,69,1,False,0.0,0,2.0,[1 2],[0. 1.],1,1,[0.4 0.4],1.0,0.0,1.0
69,1.0,1,35.0,0,70,0,False,2.0,1,0.0,[1 2],[0. 1.],0,1,[0.4 0.4],1.0,0.0,1.0
70,0.0,1,36.0,2,71,1,False,0.0,0,1.0,[1 2],[0. 1.],0,1,[0.4 0.4],1.0,0.0,1.0
71,1.0,1,36.0,0,72,0,False,1.0,1,0.0,[2 2],[0. 1.],1,1,[0.4 0.4],1.0,0.0,1.0
72,0.0,1,37.0,2,73,1,False,0.0,0,2.0,[2 2],[0. 1.],1,1,[0.4 0.4],1.0,0.0,1.0
73,1.0,1,37.0,0,74,0,False,2.0,1,0.0,[2 2],[0. 1.],0,1,[0.4 0.4],1.0,0.0,1.0
74,0.0,1,38.0,2,75,1,False,0.0,0,1.0,[2 2],[0. 1.],0,1,[0.4 0.4],1.0,0.0,1.0
75,1.0,1,38.0,0,76,0,False,1.0,1,0.0,[2 2],[0. 1.],1,1,[0.4 0.4],1.0,0.0,1.0
76,0.0,1,39.0,2,77,1,False,0.0,0,2.0,[2 2],[0. 1.],1,1,[0.4 0.4],1.0,0.0,1.0
77,1.0,1,39.0,0,78,0,False,2.0,1,0.0,[1 2],[0. 1.],0,1,[0.4 0.4],1.0,0.0,1.0
78,0.0,1,40.0,2,79,1,False,0.0,0,1.0,[1 2],[0. 1.],0,1,[0.4 0.4],1.0,0.0,1.0
79,1.0,1,40.0,0,80,0,False,1.0,1,0.0,[1 2],[0. 1.],1,1,[0.4 0.4],1.0,0.0,1.0
80,0.0,1,41.0,2,81,1,False,0.0,0,2.0,[1 2],[0. 1.],1,1,[0.4 0.4],1.0,0.0,1.0
81,1.0,1,41.0,0,82,0,False,2.0,1,0.0,[1 1],[0. 1.],1,1,[0.4 0.4],1.0,0.0,1.0
82,0.0,1,42.0,2,83,1,False,0.0,0,2.0,[1 1],[0. 1.],1,1,[0.4 0.4],1.0,0.0,1.0
83,0.0,1,42.0,0,84,0,False,2.0,1,0.0,[1 2],[0. 1.],1,1,[0.4 0.4],1.0,0.0,1.0
84,0.0,1,43.0,2,85,1,False,0.0,0,2.0,[1 2],[0. 1.],1,1,[0.4 0.4],1.0,0.0,1.0
85,1.0,1,43.0,0,86,0,False,2.0,1,0.0,[2 2],[0. 1.],1,1,[0.4 0.4],1.0,0.0,1.0
86,0.0,1,44.0,1,87,1,False,0.0,0,2.0,[2 2],[0. 1.],1,1,[0.4 0.4],1.0,0.0,1.0
87,1.0,1,44.0,0,88,0,False,2.0,1,0.0,[1 2],[0. 1.],0,1,[0.4 0.4],1.0,0.0,1.0
88,0.0,1,45.0,2,89,1,False,0.0,0,1.0,[1 2],[0. 1.],0,1,[0.4 0.4],1.0,0.0,1.0
89,1.0,1,45.0,0,90,0,False,1.0,1,0.0,[2 2],[0. 1.],1,1,[0.4 0.4],1.0,0.0,1.0
90,0.0,1,46.0,2,91,1,False,0.0,0,2.0,[2 2],[0. 1.],1,1,[0.4 0.4],1.0,0.0,1.0
91,1.0,1,46.0,0,92,0,False,2.0,1,0.0,[2 2],[0. 1.],1,1,[0.4 0.4],1.0,0.0,1.0
92,0.0,1,47.0,2,93,1,False,0.0,0,2.0,[2 2],[0. 1.],1,1,[0.4 0.4],1.0,0.0,1.0
93,1.0,1,47.0,0,94,0,False,2.0,1,0.0,[2 1],[0. 1.],0,1,[0.4 0.4],1.0,0.0,1.0
94,0.0,1,48.0,2,95,1,False,0.0,0,1.0,[2 1],[0. 1.],0,1,[0.4 0.4],1.0,0.0,1.0
95,0.0,1,48.0,0,96,0,False,1.0,1,0.0,[2 2],[0. 1.],0,1,[0.4 0.4],1.0,0.0,1.0
96,0.0,1,49.0,2,97,1,False,0.0,0,1.0,[2 2],[0. 1.],0,1,[0.4 0.4],1.0,0.0,1.0
97,1.0,1,49.0,0,98,0,False,1.0,1,0.0,[2 1],[0. 1.],0,1,[0.4 0.4],1.0,0.0,1.0
98,0.0,1,50.0,2,99,1,False,0.0,0,1.0,[2 1],[0. 1.],0,1,[0.4 0.4],1.0,0.0,1.0
99,0.0,1,50.0,0,100,0,False,1.0,1,0.0,[1 2],[0. 1.],1,1,[0.4 0.4],1.0,0.0,1.0
100,0.0,1,51.0,2,101,1,False,0.0,0,2.0,[1 2],[0. 1.],1,1,[0.4 0.4],1.0,0.0,1.0
101,1.0,1,51.0,0,102,0,False,2.0,1,0.0,[1 2],[0. 1.],1,1,[0.4 0.4],1.0,0.0,1.0
102,0.0,1,52.0,2,103,1,False,0.0,0,2.0,[1 2],[0. 1.],1,1,[0.4 0.4],1.0,0.0,1.0
103,1.0,1,52.0,0,104,0,False,2.0,1,0.0,[2 1],[0. 1.],0,1,[0.4 0.4],1.0,0.0,1.0
104,0.0,1,53.0,2,105,1,False,0.0,0,1.0,[2 1],[0. 1.],0,1,[0.4 0.4],1.0,0.0,1.0
105,0.0,1,53.0,0,106,0,False,1.0,1,0.0,[2 2],[0. 1.],1,1,[0.4 0.4],1.0,0.0,1.0
106,0.0,1,54.0,2,107,1,False,0.0,0,2.0,[2 2],[0. 1.],1,1,[0.4 0.4],1.0,0.0,1.0
107,1.0,1,54.0,0,108,0,False,2.0,1,0.0,[1 1],[0. 1.],1,1,[0.4 0.4],1.0,0.0,1.0
108,0.0,1,55.0,2,109,1,False,0.0,0,2.0,[1 1],[0. 1.],1,1,[0.4 0.4],1.0,0.0,1.0
109,0.0,1,55.0,0,110,0,False,2.0,1,0.0,[2 1],[0. 1.],0,1,[0.4 0.4],1.0,0.0,1.0
110,0.0,1,56.0,1,111,1,False,0.0,0,1.0,[2 1],[0. 1.],0,1,[0.4 0.4],1.0,0.0,1.0
111,1.0,1,56.0,0,112,0,False,1.0,1,0.0,[1 2],[0. 1.],0,1,[0.4 0.4],1.0,0.0,1.0
112,0.0,1,57.0,1,113,1,False,0.0,0,1.0,[1 2],[0. 1.],0,1,[0.4 0.4],1.0,0.0,1.0
113,0.0,1,57.0,0,114,0,False,1.0,1,0.0,[1 2],[0. 1.],1,1,[0.4 0.4],1.0,0.0,1.0
114,0.0,1,58.0,1,115,1,False,0.0,0,2.0,[1 2],[0. 1.],1,1,[0.4 0.4],1.0,0.0,1.0
115,0.0,1,58.0,0,116,0,False,2.0,1,0.0,[2 2],[0. 1.],1,1,[0.4 0.4],1.0,0.0,1.0
116,0.0,1,59.0,2,117,1,False,0.0,0,2.0,[2 2],[0. 1.],1,1,[0.4 0.4],1.0,0.0,1.0
117,1.0,1,59.0,0,118,0,False,2.0,1,0.0,[2 1],[0. 1.],1,1,[0.4 0.4],1.0,0.0,1.0
118,0.0,1,60.0,2,119,1,False,0.0,0,2.0,[2 1],[0. 1.],1,1,[0.4 0.4],1.0,0.0,1.0
119,0.0,1,60.0,0,120,0,False,2.0,1,0.0,[2 1],[0. 1.],0,1,[0.4 0.4],1.0,0.0,1.0
120,0.0,1,61.0,1,121,1,False,0.0,0,1.0,[2 1],[0. 1.],0,1,[0.4 0.4],1.0,0.0,1.0
121,1.0,1,61.0,0,122,0,False,1.0,1,0.0,[1 2],[0. 1.],0,1,[0.4 0.4],1.0,0.0,1.0
122,0.0,1,62.0,1,123,1,False,0.0,0,1.0,[1 2],[0. 1.],0,1,[0.4 0.4],1.0,0.0,1.0
123,0.0,1,62.0,0,124,0,False,1.0,1,0.0,[1 1],[0. 1.],1,1,[0.4 0.4],1.0,0.0,1.0
124,0.0,1,63.0,1,125,1,False,0.0,0,2.0,[1 1],[0. 1.],1,1,[0.4 0.4],1.0,0.0,1.0
125,0.0,1,63.0,0,126,0,False,2.0,1,0.0,[1 1],[0. 1.],0,1,[0.4 0.4],1.0,0.0,1.0
126,0.0,1,64.0,2,127,1,False,0.0,0,1.0,[1 1],[0. 1.],0,1,[0.4 0.4],1.0,0.0,1.0
127,0.0,1,64.0,0,128,0,False,1.0,1,0.0,[2 1],[0. 1.],0,1,[0.4 0.4],1.0,0.0,1.0
128,0.0,1,65.0,1,129,1,False,0.0,0,1.0,[2 1],[0. 1.],0,1,[0.4 0.4],1.0,0.0,1.0
129,1.0,1,65.0,0,130,0,False,1.0,1,0.0,[1 2],[0. 1.],1,1,[0.4 0.4],1.0,0.0,1.0
130,0.0,1,66.0,1,131,1,False,0.0,0,2.0,[1 2],[0. 1.],1,1,[0.4 0.4],1.0,0.0,1.0
131,0.0,1,66.0,0,132,0,False,2.0,1,0.0,[1 2],[0. 1.],0,1,[0.4 0.4],1.0,0.0,1.0
132,0.0,1,67.0,1,133,1,False,0.0,0,1.0,[1 2],[0. 1.],0,1,[0.4 0.4],1.0,0.0,1.0
133,0.0,1,67.0,0,134,0,False,1.0,1,0.0,[1 2],[0. 1.],1,1,[0.4 0.4],1.0,0.0,1.0
134,0.0,1,68.0,2,135,1,False,0.0,0,2.0,[1 2],[0. 1.],1,1,[0.4 0.4],1.0,0.0,1.0
135,1.0,1,68.0,0,136,0,False,2.0,1,0.0,[1 1],[0. 1.],0,1,[0.4 0.4],1.0,0.0,1.0
136,0.0,1,69.0,2,137,1,False,0.0,0,1.0,[1 1],[0. 1.],0,1,[0.4 0.4],1.0,0.0,1.0
137,0.0,1,69.0,0,138,0,False,1.0,1,0.0,[2 2],[0. 1.],0,1,[0.4 0.4],1.0,0.0,1.0
138,0.0,1,70.0,2,139,1,False,0.0,0,1.0,[2 2],[0. 1.],0,1,[0.4 0.4],1.0,0.0,1.0
139,1.0,1,70.0,0,140,0,False,1.0,1,0.0,[2 2],[0. 1.],1,1,[0.4 0.4],1.0,0.0,1.0
140,0.0,1,71.0,2,141,1,False,0.0,0,2.0,[2 2],[0. 1.],1,1,[0.4 0.4],1.0,0.0,1.0
141,1.0,1,71.0,0,142,0,False,2.0,1,0.0,[1 2],[0. 1.],0,1,[0.4 0.4],1.0,0.0,1.0
142,0.0,1,72.0,2,143,1,False,0.0,0,1.0,[1 2],[0. 1.],0,1,[0.4 0.4],1.0,0.0,1.0
143,1.0,1,72.0,0,144,0,False,1.0,1,0.0,[1 1],[0. 1.],0,1,[0.4 0.4],1.0,0.0,1.0
144,0.0,1,73.0,2,145,1,False,0.0,0,1.0,[1 1],[0. 1.],0,1,[0.4 0.4],1.0,0.0,1.0
145,0.0,1,73.0,0,146,0,False,1.0,1,0.0,[1 2],[0. 1.],1,1,[0.4 0.4],1.0,0.0,1.0
146,0.0,1,74.0,2,147,1,False,0.0,0,2.0,[1 2],[0. 1.],1,1,[0.4 0.4],1.0,0.0,1.0
147,1.0,1,74.0,0,148,0,False,2.0,1,0.0,[1 1],[0. 1.],1,1,[0.4 0.4],1.0,0.0,1.0
148,0.0,1,75.0,2,149,1,False,0.0,0,2.0,[1 1],[0. 1.],1,1,[0.4 0.4],1.0,0.0,1.0
149,0.0,1,75.0,0,150,0,False,2.0,1,0.0,[1 1],[0. 1.],1,1,[0.4 0.4],1.0,0.0,1.0
150,0.0,1,76.0,2,151,1,False,0.0,0,2.0,[1 1],[0. 1.],1,1,[0.4 0.4],1.0,0.0,1.0
151,0.0,1,76.0,0,152,0,False,2.0,1,0.0,[2 1],[0. 1.],0,1,[0.4 0.4],1.0,0.0,1.0
152,0.0,1,77.0,1,153,1,False,0.0,0,1.0,[2 1],[0. 1.],0,1,[0.4 0.4],1.0,0.0,1.0
153,1.0,1,77.0,0,154,0,False,1.0,1,0.0,[2 2],[0. 1.],1,1,[0.4 0.4],1.0,0.0,1.0
154,0.0,1,78.0,1,155,1,False,0.0,0,2.0,[2 2],[0. 1.],1,1,[0.4 0.4],1.0,0.0,1.0
155,1.0,1,78.0,0,156,0,False,2.0,1,0.0,[1 2],[0. 1.],1,1,[0.4 0.4],1.0,0.0,1.0
156,0.0,1,79.0,1,157,1,False,0.0,0,2.0,[1 2],[0. 1.],1,1,[0.4 0.4],1.0,0.0,1.0
157,0.0,1,79.0,0,158,0,False,2.0,1,0.0,[1 2],[0. 1.],0,1,[0.4 0.4],1.0,0.0,1.0
158,0.0,1,80.0,1,159,1,False,0.0,0,1.0,[1 2],[0. 1.],0,1,[0.4 0.4],1.0,0.0,1.0
159,0.0,1,80.0,0,160,0,False,1.0,1,0.0,[2 1],[0. 1.],1,1,[0.4 0.4],1.0,0.0,1.0
160,0.0,1,81.0,1,161,1,False,0.0,0,2.0,[2 1],[0. 1.],1,1,[0.4 0.4],1.0,0.0,1.0
161,1.0,1,81.0,0,162,0,False,2.0,1,0.0,[2 1],[0. 1.],1,1,[0.4 0.4],1.0,0.0,1.0
162,0.0,1,82.0,1,163,1,False,0.0,0,2.0,[2 1],[0. 1.],1,1,[0.4 0.4],1.0,0.0,1.0
163,1.0,1,82.0,0,164,0,False,2.0,1,0.0,[2 2],[0. 1.],1,1,[0.4 0.4],1.0,0.0,1.0
164,0.0,1,83.0,1,165,1,False,0.0,0,2.0,[2 2],[0. 1.],1,1,[0.4 0.4],1.0,0.0,1.0
165,1.0,1,83.0,0,166,0,False,2.0,1,0.0,[2 1],[0. 1.],0,1,[0.4 0.4],1.0,0.0,1.0
166,0.0,1,84.0,1,167,1,False,0.0,0,1.0,[2 1],[0. 1.],0,1,[0.4 0.4],1.0,0.0,1.0
167,1.0,1,84.0,0,168,0,False,1.0,1,0.0,[1 2],[0. 1.],1,1,[0.4 0.4],1.0,0.0,1.0
168,0.0,1,85.0,1,169,1,False,0.0,0,2.0,[1 2],[0. 1.],1,1,[0.4 0.4],1.0,0.0,1.0
169,0.0,1,85.0,0,170,0,False,2.0,1,0.0,[1 2],[0. 1.],0,1,[0.4 0.4],1.0,0.0,1.0
170,0.0,1,86.0,1,171,1,False,0.0,0,1.0,[1 2],[0. 1.],0,1,[0.4 0.4],1.0,0.0,1.0
171,0.0,1,86.0,0,172,0,False,1.0,1,0.0,[2 2],[0. 1.],1,1,[0.4 0.4],1.0,0.0,1.0
172,0.0,1,87.0,1,173,1,False,0.0,0,2.0,[2 2],[0. 1.],1,1,[0.4 0.4],1.0,0.0,1.0
173,1.0,1,87.0,0,174,0,False,2.0,1,0.0,[2 2],[0. 1.],1,1,[0.4 0.4],1.0,0.0,1.0
174,0.0,1,88.0,1,175,1,False,0.0,0,2.0,[2 2],[0. 1.],1,1,[0.4 0.4],1.0,0.0,1.0
175,1.0,1,88.0,0,176,0,False,2.0,1,0.0,[1 2],[0. 1.],1,1,[0.4 0.4],1.0,0.0,1.0
176,0.0,1,89.0,1,177,1,False,0.0,0,2.0,[1 2],[0. 1.],1,1,[0.4 0.4],1.0,0.0,1.0
177,0.0,1,89.0,0,178,0,False,2.0,1,0.0,[1 1],[0. 1.],1,1,[0.4 0.4],1.0,0.0,1.0
178,0.0,1,90.0,1,179,1,False,0.0,0,2.0,[1 1],[0. 1.],1,1,[0.4 0.4],1.0,0.0,1.0
179,0.0,1,90.0,0,180,0,False,2.0,1,0.0,[2 2],[0. 1.],0,1,[0.4 0.4],1.0,0.0,1.0
180,0.0,1,91.0,1,181,1,False,0.0,0,1.0,[2 2],[0. 1.],0,1,[0.4 0.4],1.0,0.0,1.0
181,1.0,1,91.0,0,182,0,False,1.0,1,0.0,[2 1],[0. 1.],1,1,[0.4 0.4],1.0,0.0,1.0
182,0.0,1,92.0,1,183,1,False,0.0,0,2.0,[2 1],[0. 1.],1,1,[0.4 0.4],1.0,0.0,1.0
183,1.0,1,92.0,0,184,0,False,2.0,1,0.0,[2 2],[0. 1.],1,1,[0.4 0.4],1.0,0.0,1.0
184,0.0,1,93.0,1,185,1,False,0.0,0,2.0,[2 2],[0. 1.],1,1,[0.4 0.4],1.0,0.0,1.0
185,1.0,1,93.0,0,186,0,False,2.0,1,0.0,[2 1],[0. 1.],1,1,[0.4 0.4],1.0,0.0,1.0
186,0.0,1,94.0,1,187,1,False,0.0,0,2.0,[2 1],[0. 1.],1,1,[0.4 0.4],1.0,0.0,1.0
187,1.0,1,94.0,0,188,0,False,2.0,1,0.0,[1 2],[0. 1.],1,1,[0.4 0.4],1.0,0.0,1.0
188,0.0,1,95.0,1,189,1,False,0.0,0,2.0,[1 2],[0. 1.],1,1,[0.4 0.4],1.0,0.0,1.0
189,0.0,1,95.0,0,190,0,False,2.0,1,0.0,[1 1],[0. 1.],0,1,[0.4 0.4],1.0,0.0,1.0
190,0.0,1,96.0,1,191,1,False,0.0,0,1.0,[1 1],[0. 1.],0,1,[0.4 0.4],1.0,0.0,1.0
191,0.0,1,96.0,0,192,0,False,1.0,1,0.0,[2 2],[0. 1.],1,1,[0.4 0.4],1.0,0.0,1.0
192,0.0,1,97.0,1,193,1,False,0.0,0,2.0,[2 2],[0. 1.],1,1,[0.4 0.4],1.0,0.0,1.0
193,1.0,1,97.0,0,194,0,False,2.0,1,0.0,[2 1],[0. 1.],1,1,[0.4 0.4],1.0,0.0,1.0
194,0.0,1,98.0,1,195,1,False,0.0,0,2.0,[2 1],[0. 1.],1,1,[0.4 0.4],1.0,0.0,1.0
195,1.0,1,98.0,0,196,0,False,2.0,1,0.0,[1 2],[0. 1.],0,1,[0.4 0.4],1.0,0.0,1.0
196,0.0,1,99.0,1,197,1,False,0.0,0,1.0,[1 2],[0. 1.],0,1,[0.4 0.4],1.0,0.0,1.0
197,0.0,1,99.0,0,198,0,False,1.0,1,0.0,[2 1],[0. 1.],0,1,[0.4 0.4],1.0,0.0,1.0
198,0.0,1,100.0,1,199,1,False,0.0,0,1.0,[2 1],[0. 1.],0,1,[0.4 0.4],1.0,0.0,1.0
199,1.0,1,100.0,0,200,0,False,1.0,1,0.0,[2 1],[0. 1.],0,1,[0.4 0.4],1.0,0.0,1.0
200,0.0,1,101.0,1,201,1,False,0.0,0,1.0,[2 1],[0. 1.],0,1,[0.4 0.4],1.0,0.0,1.0
201,1.0,1,101.0,0,202,0,False,1.0,1,0.0,[1 2],[0. 1.],1,1,[0.4 0.4],1.0,0.0,1.0
202,0.0,1,102.0,1,203,1,False,0.0,0,2.0,[1 2],[0. 1.],1,1,[0.4 0.4],1.0,0.0,1.0
203,0.0,1,102.0,0,204,0,False,2.0,1,0.0,[2 2],[0. 1.],0,1,[0.4 0.4],1.0,0.0,1.0
204,0.0,1,103.0,1,205,1,False,0.0,0,1.0,[2 2],[0. 1.],0,1,[0.4 0.4],1.0,0.0,1.0
205,1.0,1,103.0,0,206,0,False,1.0,1,0.0,[2 1],[0. 1.],0,1,[0.4 0.4],1.0,0.0,1.0
206,0.0,1,104.0,1,207,1,False,0.0,0,1.0,[2 1],[0. 1.],0,1,[0.4 0.4],1.0,0.0,1.0
207,1.0,1,104.0,0,208,0,False,1.0,1,0.0,[1 2],[0. 1.],0,1,[0.4 0.4],1.0,0.0,1.0
208,0.0,1,105.0,1,209,1,False,0.0,0,1.0,[1 2],[0. 1.],0,1,[0.4 0.4],1.0,0.0,1.0
209,0.0,1,105.0,0,210,0,False,1.0,1,0.0,[2 2],[0. 1.],0,1,[0.4 0.4],1.0,0.0,1.0
210,0.0,1,106.0,2,211,1,False,0.0,0,1.0,[2 2],[0. 1.],0,1,[0.4 0.4],1.0,0.0,1.0
211,1.0,1,106.0,0,212,0,False,1.0,1,0.0,[1 2],[0. 1.],0,1,[0.4 0.4],1.0,0.0,1.0
212,0.0,1,107.0,2,213,1,False,0.0,0,1.0,[1 2],[0. 1.],0,1,[0.4 0.4],1.0,0.0,1.0
213,1.0,1,107.0,0,214,0,False,1.0,1,0.0,[1 1],[0. 1.],1,1,[0.4 0.4],1.0,0.0,1.0
214,0.0,1,108.0,2,215,1,False,0.0,0,2.0,[1 1],[0. 1.],1,1,[0.4 0.4],1.0,0.0,1.0
215,0.0,1,108.0,0,216,0,False,2.0,1,0.0,[2 1],[0. 1.],1,1,[0.4 0.4],1.0,0.0,1.0
216,0.0,1,109.0,2,217,1,False,0.0,0,2.0,[2 1],[0. 1.],1,1,[0.4 0.4],1.0,0.0,1.0
217,0.0,1,109.0,0,218,0,False,2.0,1,0.0,[2 2],[0. 1.],0,1,[0.4 0.4],1.0,0.0,1.0
218,0.0,1,110.0,2,219,1,False,0.0,0,1.0,[2 2],[0. 1.],0,1,[0.4 0.4],1.0,0.0,1.0
219,1.0,1,110.0,0,220,0,False,1.0,1,0.0,[1 2],[0. 1.],0,1,[0.4 0.4],1.0,0.0,1.0
220,0.0,1,111.0,2,221,1,False,0.0,0,1.0,[1 2],[0. 1.],0,1,[0.4 0.4],1.0,0.0,1.0
221,1.0,1,111.0,0,222,0,False,1.0,1,0.0,[1 1],[0. 1.],1,1,[0.4 0.4],1.0,0.0,1.0
222,0.0,1,112.0,2,223,1,False,0.0,0,2.0,[1 1],[0. 1.],1,1,[0.4 0.4],1.0,0.0,1.0
223,0.0,1,112.0,0,224,0,False,2.0,1,0.0,[1 1],[0. 1.],0,1,[0.4 0.4],1.0,0.0,1.0
224,0.0,1,113.0,2,225,1,False,0.0,0,1.0,[1 1],[0. 1.],0,1,[0.4 0.4],1.0,0.0,1.0
225,0.0,1,113.0,0,226,0,False,1.0,1,0.0,[1 1],[0. 1.],0,1,[0.4 0.4],1.0,0.0,1.0
226,0.0,1,114.0,2,227,1,False,0.0,0,1.0,[1 1],[0. 1.],0,1,[0.4 0.4],1.0,0.0,1.0
227,0.0,1,114.0,0,228,0,False,1.0,1,0.0,[1 2],[0. 1.],1,1,[0.4 0.4],1.0,0.0,1.0
228,0.0,1,115.0,2,229,1,False,0.0,0,2.0,[1 2],[0. 1.],1,1,[0.4 0.4],1.0,0.0,1.0
229,1.0,1,115.0,0,230,0,False,2.0,1,0.0,[2 1],[0. 1.],1,1,[0.4 0.4],1.0,0.0,1.0
230,0.0,1,116.0,2,231,1,False,0.0,0,2.0,[2 1],[0. 1.],1,1,[0.4 0.4],1.0,0.0,1.0
231,0.0,1,116.0,0,232,0,False,2.0,1,0.0,[2 2],[0. 1.],0,1,[0.4 0.4],1.0,0.0,1.0
232,0.0,1,117.0,1,233,1,False,0.0,0,1.0,[2 2],[0. 1.],0,1,[0.4 0.4],1.0,0.0,1.0
233,1.0,1,117.0,0,234,0,False,1.0,1,0.0,[2 1],[0. 1.],1,1,[0.4 0.4],1.0,0.0,1.0
234,0.0,1,118.0,1,235,1,False,0.0,0,2.0,[2 1],[0. 1.],1,1,[0.4 0.4],1.0,0.0,1.0
235,1.0,1,118.0,0,236,0,False,2.0,1,0.0,[1 2],[0. 1.],1,1,[0.4 0.4],1.0,0.0,1.0
236,0.0,1,119.0,1,237,1,False,0.0,0,2.0,[1 2],[0. 1.],1,1,[0.4 0.4],1.0,0.0,1.0
237,0.0,1,119.0,0,238,0,False,2.0,1,0.0,[1 1],[0. 1.],0,1,[0.4 0.4],1.0,0.0,1.0
238,0.0,1,120.0,1,239,1,False,0.0,0,1.0,[1 1],[0. 1.],0,1,[0.4 0.4],1.0,0.0,1.0
239,0.0,1,120.0,0,240,0,False,1.0,1,0.0,[2 1],[0. 1.],0,1,[0.4 0.4],1.0,0.0,1.0
240,0.0,1,121.0,1,241,1,False,0.0,0,1.0,[2 1],[0. 1.],0,1,[0.4 0.4],1.0,0.0,1.0
241,1.0,1,121.0,0,242,0,False,1.0,1,0.0,[1 2],[0. 1.],1,1,[0.4 0.4],1.0,0.0,1.0
242,0.0,1,122.0,1,243,1,False,0.0,0,2.0,[1 2],[0. 1.],1,1,[0.4 0.4],1.0,0.0,1.0
243,0.0,1,122.0,0,244,0,False,2.0,1,0.0,[1 2],[0. 1.],0,1,[0.4 0.4],1.0,0.0,1.0
244,0.0,1,123.0,1,245,1,False,0.0,0,1.0,[1 2],[0. 1.],0,1,[0.4 0.4],1.0,0.0,1.0
245,0.0,1,123.0,0,246,0,False,1.0,1,0.0,[2 2],[0. 1.],1,1,[0.4 0.4],1.0,0.0,1.0
246,0.0,1,124.0,2,247,1,False,0.0,0,2.0,[2 2],[0. 1.],1,1,[0.4 0.4],1.0,0.0,1.0
247,1.0,1,124.0,0,248,0,False,2.0,1,0.0,[1 1],[0. 1.],1,1,[0.4 0.4],1.0,0.0,1.0
248,0.0,1,125.0,2,249,1,False,0.0,0,2.0,[1 1],[0. 1.],1,1,[0.4 0.4],1.0,0.0,1.0
249,0.0,1,125.0,0,250,0,False,2.0,1,0.0,[2 2],[0. 1.],0,1,[0.4 0.4],1.0,0.0,1.0
250,0.0,1,126.0,2,251,1,False,0.0,0,1.0,[2 2],[0. 1.],0,1,[0.4 0.4],1.0,0.0,1.0
251,1.0,1,126.0,0,252,0,False,1.0,1,0.0,[1 2],[0. 1.],1,1,[0.4 0.4],1.0,0.0,1.0
252,0.0,1,127.0,2,253,1,False,0.0,0,2.0,[1 2],[0. 1.],1,1,[0.4 0.4],1.0,0.0,1.0
253,1.0,1,127.0,0,254,0,False,2.0,1,0.0,[2 1],[0. 1.],0,1,[0.4 0.4],1.0,0.0,1.0
254,0.0,1,128.0,2,255,1,False,0.0,0,1.0,[2 1],[0. 1.],0,1,[0.4 0.4],1.0,0.0,1.0
255,0.0,1,128.0,0,256,0,False,1.0,1,0.0,[1 1],[0. 1.],1,1,[0.4 0.4],1.0,0.0,1.0
256,0.0,1,129.0,2,257,1,False,0.0,0,2.0,[1 1],[0. 1.],1,1,[0.4 0.4],1.0,0.0,1.0
257,0.0,1,129.0,0,258,0,False,2.0,1,0.0,[1 1],[0. 1.],1,1,[0.4 0.4],1.0,0.0,1.0
258,0.0,1,130.0,2,259,1,False,0.0,0,2.0,[1 1],[0. 1.],1,1,[0.4 0.4],1.0,0.0,1.0
259,0.0,1,130.0,0,260,0,False,2.0,1,0.0,[2 2],[0. 1.],1,1,[0.4 0.4],1.0,0.0,1.0
260,0.0,1,131.0,1,261,1,False,0.0,0,2.0,[2 2],[0. 1.],1,1,[0.4 0.4],1.0,0.0,1.0
261,1.0,1,131.0,0,262,0,False,2.0,1,0.0,[2 2],[0. 1.],0,1,[0.4 0.4],1.0,0.0,1.0
262,0.0,1,132.0,1,263,1,False,0.0,0,1.0,[2 2],[0. 1.],0,1,[0.4 0.4],1.0,0.0,1.0
263,1.0,1,132.0,0,264,0,False,1.0,1,0.0,[1 2],[0. 1.],0,1,[0.4 0.4],1.0,0.0,1.0
264,0.0,1,133.0,1,265,1,False,0.0,0,1.0,[1 2],[0. 1.],0,1,[0.4 0.4],1.0,0.0,1.0
265,0.0,1,133.0,0,266,0,False,1.0,1,0.0,[2 1],[0. 1.],1,1,[0.4 0.4],1.0,0.0,1.0
266,0.0,1,134.0,1,267,1,False,0.0,0,2.0,[2 1],[0. 1.],1,1,[0.4 0.4],1.0,0.0,1.0
267,1.0,1,134.0,0,268,0,False,2.0,1,0.0,[2 1],[0. 1.],1,1,[0.4 0.4],1.0,0.0,1.0
268,0.0,1,135.0,1,269,1,False,0.0,0,2.0,[2 1],[0. 1.],1,1,[0.4 0.4],1.0,0.0,1.0
269,1.0,1,135.0,0,270,0,False,2.0,1,0.0,[1 2],[0. 1.],0,1,[0.4 0.4],1.0,0.0,1.0
270,0.0,1,136.0,1,271,1,False,0.0,0,1.0,[1 2],[0. 1.],0,1,[0.4 0.4],1.0,0.0,1.0
271,0.0,1,136.0,0,272,0,False,1.0,1,0.0,[2 2],[0. 1.],0,1,[0.4 0.4],1.0,0.0,1.0
272,0.0,1,137.0,1,273,1,False,0.0,0,1.0,[2 2],[0. 1.],0,1,[0.4 0.4],1.0,0.0,1.0
273,1.0,1,137.0,0,274,0,False,1.0,1,0.0,[2 2],[0. 1.],1,1,[0.4 0.4],1.0,0.0,1.0
274,0.0,1,138.0,1,275,1,False,0.0,0,2.0,[2 2],[0. 1.],1,1,[0.4 0.4],1.0,0.0,1.0
275,1.0,1,138.0,0,276,0,False,2.0,1,0.0,[1 1],[0. 1.],0,1,[0.4 0.4],1.0,0.0,1.0
276,0.0,1,139.0,1,277,1,False,0.0,0,1.0,[1 1],[0. 1.],0,1,[0.4 0.4],1.0,0.0,1.0
277,0.0,1,139.0,0,278,0,False,1.0,1,0.0,[2 2],[1. 0.],0,0,[0.4 0.4],1.0,0.0,1.0
278,0.0,1,140.0,1,279,1,False,0.0,0,1.0,[2 2],[1. 0.],0,0,[0.4 0.4],1.0,0.0,1.0
279,0.0,1,140.0,0,280,0,False,1.0,1,0.0,[1 2],[1. 0.],1,0,[0.4 0.4],1.0,0.0,1.0
280,0.0,1,141.0,1,281,1,False,0.0,0,2.0,[1 2],[1. 0.],1,0,[0.4 0.4],1.0,0.0,1.0
281,1.0,1,141.0,0,282,0,False,2.0,1,0.0,[2 2],[1. 0.],1,0,[0.4 0.4],1.0,0.0,1.0
282,0.0,1,142.0,1,283,1,False,0.0,0,2.0,[2 2],[1. 0.],1,0,[0.4 0.4],1.0,0.0,1.0
283,0.0,1,142.0,0,284,0,False,2.0,1,0.0,[2 2],[1. 0.],0,0,[0.4 0.4],1.0,0.0,1.0
284,0.0,1,143.0,1,285,1,False,0.0,0,1.0,[2 2],[1. 0.],0,0,[0.4 0.4],1.0,0.0,1.0
285,0.0,1,143.0,0,286,0,False,1.0,1,0.0,[1 2],[1. 0.],1,0,[0.4 0.4],1.0,0.0,1.0
286,0.0,1,144.0,1,287,1,False,0.0,0,2.0,[1 2],[1. 0.],1,0,[0.4 0.4],1.0,0.0,1.0
287,1.0,1,144.0,0,288,0,False,2.0,1,0.0,[2 2],[1. 0.],0,0,[0.4 0.4],1.0,0.0,1.0
288,0.0,1,145.0,1,289,1,False,0.0,0,1.0,[2 2],[1. 0.],0,0,[0.4 0.4],1.0,0.0,1.0
289,0.0,1,145.0,0,290,0,False,1.0,1,0.0,[1 1],[1. 0.],1,0,[0.4 0.4],1.0,0.0,1.0
290,0.0,1,146.0,1,291,1,False,0.0,0,2.0,[1 1],[1. 0.],1,0,[0.4 0.4],1.0,0.0,1.0
291,1.0,1,146.0,0,292,0,False,2.0,1,0.0,[1 2],[1. 0.],1,0,[0.4 0.4],1.0,0.0,1.0
292,0.0,1,147.0,1,293,1,False,0.0,0,2.0,[1 2],[1. 0.],1,0,[0.4 0.4],1.0,0.0,1.0
293,1.0,1,147.0,0,294,0,False,2.0,1,0.0,[1 2],[1. 0.],1,0,[0.4 0.4],1.0,0.0,1.0
294,0.0,1,148.0,1,295,1,False,0.0,0,2.0,[1 2],[1. 0.],1,0,[0.4 0.4],1.0,0.0,1.0
295,1.0,1,148.0,0,296,0,False,2.0,1,0.0,[1 2],[1. 0.],1,0,[0.4 0.4],1.0,0.0,1.0
296,0.0,1,149.0,1,297,1,False,0.0,0,2.0,[1 2],[1. 0.],1,0,[0.4 0.4],1.0,0.0,1.0
297,1.0,1,149.0,0,298,0,False,2.0,1,0.0,[1 2],[1. 0.],0,0,[0.4 0.4],1.0,0.0,1.0
298,0.0,1,150.0,1,299,1,False,0.0,0,1.0,[1 2],[1. 0.],0,0,[0.4 0.4],1.0,0.0,1.0
299,1.0,1,150.0,0,300,0,False,1.0,1,0.0,[1 1],[1. 0.],1,0,[0.4 0.4],1.0,0.0,1.0
300,0.0,1,151.0,1,301,1,False,0.0,0,2.0,[1 1],[1. 0.],1,0,[0.4 0.4],1.0,0.0,1.0
301,1.0,1,151.0,0,302,0,False,2.0,1,0.0,[1 1],[1. 0.],0,0,[0.4 0.4],1.0,0.0,1.0
302,0.0,1,152.0,1,303,1,False,0.0,0,1.0,[1 1],[1. 0.],0,0,[0.4 0.4],1.0,0.0,1.0
303,1.0,1,152.0,0,304,0,False,1.0,1,0.0,[1 1],[1. 0.],0,0,[0.4 0.4],1.0,0.0,1.0
304,0.0,1,153.0,1,305,1,False,0.0,0,1.0,[1 1],[1. 0.],0,0,[0.4 0.4],1.0,0.0,1.0
305,1.0,1,153.0,0,306,0,False,1.0,1,0.0,[2 2],[1. 0.],0,0,[0.4 0.4],1.0,0.0,1.0
306,0.0,1,154.0,1,307,1,False,0.0,0,1.0,[2 2],[1. 0.],0,0,[0.4 0.4],1.0,0.0,1.0
307,0.0,1,154.0,0,308,0,False,1.0,1,0.0,[2 1],[1. 0.],1,0,[0.4 0.4],1.0,0.0,1.0
308,0.0,1,155.0,1,309,1,False,0.0,0,2.0,[2 1],[1. 0.],1,0,[0.4 0.4],1.0,0.0,1.0
309,0.0,1,155.0,0,310,0,False,2.0,1,0.0,[1 2],[1. 0.],1,0,[0.4 0.4],1.0,0.0,1.0
310,0.0,1,156.0,1,311,1,False,0.0,0,2.0,[1 2],[1. 0.],1,0,[0.4 0.4],1.0,0.0,1.0
311,1.0,1,156.0,0,312,0,False,2.0,1,0.0,[1 2],[1. 0.],1,0,[0.4 0.4],1.0,0.0,1.0
312,0.0,1,157.0,1,313,1,False,0.0,0,2.0,[1 2],[1. 0.],1,0,[0.4 0.4],1.0,0.0,1.0
313,1.0,1,157.0,0,314,0,False,2.0,1,0.0,[1 1],[1. 0.],1,0,[0.4 0.4],1.0,0.0,1.0
314,0.0,1,158.0,1,315,1,False,0.0,0,2.0,[1 1],[1. 0.],1,0,[0.4 0.4],1.0,0.0,1.0
315,1.0,1,158.0,0,316,0,False,2.0,1,0.0,[2 2],[1. 0.],0,0,[0.4 0.4],1.0,0.0,1.0
316,0.0,1,159.0,1,317,1,False,0.0,0,1.0,[2 2],[1. 0.],0,0,[0.4 0.4],1.0,0.0,1.0
317,0.0,1,159.0,0,318,0,False,1.0,1,0.0,[2 2],[1. 0.],0,0,[0.4 0.4],1.0,0.0,1.0
318,0.0,1,160.0,1,319,1,False,0.0,0,1.0,[2 2],[1. 0.],0,0,[0.4 0.4],1.0,0.0,1.0
319,0.0,1,160.0,0,320,0,False,1.0,1,0.0,[2 1],[1. 0.],1,0,[0.4 0.4],1.0,0.0,1.0
320,0.0,1,161.0,2,321,1,False,0.0,0,2.0,[2 1],[1. 0.],1,0,[0.4 0.4],1.0,0.0,1.0
321,1.0,1,161.0,0,322,0,False,2.0,1,0.0,[1 1],[1. 0.],0,0,[0.4 0.4],1.0,0.0,1.0
322,0.0,1,162.0,2,323,1,False,0.0,0,1.0,[1 1],[1. 0.],0,0,[0.4 0.4],1.0,0.0,1.0
323,1.0,1,162.0,0,324,0,False,1.0,1,0.0,[2 2],[1. 0.],1,0,[0.4 0.4],1.0,0.0,1.0
324,0.0,1,163.0,2,325,1,False,0.0,0,2.0,[2 2],[1. 0.],1,0,[0.4 0.4],1.0,0.0,1.0
325,0.0,1,163.0,0,326,0,False,2.0,1,0.0,[2 2],[1. 0.],0,0,[0.4 0.4],1.0,0.0,1.0
326,0.0,1,164.0,2,327,1,False,0.0,0,1.0,[2 2],[1. 0.],0,0,[0.4 0.4],1.0,0.0,1.0
327,0.0,1,164.0,0,328,0,False,1.0,1,0.0,[2 2],[1. 0.],1,0,[0.4 0.4],1.0,0.0,1.0
328,0.0,1,165.0,2,329,1,False,0.0,0,2.0,[2 2],[1. 0.],1,0,[0.4 0.4],1.0,0.0,1.0
329,0.0,1,165.0,0,330,0,False,2.0,1,0.0,[2 2],[1. 0.],1,0,[0.4 0.4],1.0,0.0,1.0
330,0.0,1,166.0,2,331,1,False,0.0,0,2.0,[2 2],[1. 0.],1,0,[0.4 0.4],1.0,0.0,1.0
331,0.0,1,166.0,0,332,0,False,2.0,1,0.0,[1 1],[1. 0.],0,0,[0.4 0.4],1.0,0.0,1.0
332,0.0,1,167.0,1,333,1,False,0.0,0,1.0,[1 1],[1. 0.],0,0,[0.4 0.4],1.0,0.0,1.0
333,1.0,1,167.0,0,334,0,False,1.0,1,0.0,[1 1],[1. 0.],0,0,[0.4 0.4],1.0,0.0,1.0
334,0.0,1,168.0,1,335,1,False,0.0,0,1.0,[1 1],[1. 0.],0,0,[0.4 0.4],1.0,0.0,1.0
335,1.0,1,168.0,0,336,0,False,1.0,1,0.0,[2 2],[1. 0.],0,0,[0.4 0.4],1.0,0.0,1.0
336,0.0,1,169.0,1,337,1,False,0.0,0,1.0,[2 2],[1. 0.],0,0,[0.4 0.4],1.0,0.0,1.0
337,0.0,1,169.0,0,338,0,False,1.0,1,0.0,[2 2],[1. 0.],1,0,[0.4 0.4],1.0,0.0,1.0
338,0.0,1,170.0,2,339,1,False,0.0,0,2.0,[2 2],[1. 0.],1,0,[0.4 0.4],1.0,0.0,1.0
339,0.0,1,170.0,0,340,0,False,2.0,1,0.0,[2 2],[1. 0.],0,0,[0.4 0.4],1.0,0.0,1.0
340,0.0,1,171.0,2,341,1,False,0.0,0,1.0,[2 2],[1. 0.],0,0,[0.4 0.4],1.0,0.0,1.0
341,0.0,1,171.0,0,342,0,False,1.0,1,0.0,[1 2],[1. 0.],1,0,[0.4 0.4],1.0,0.0,1.0
342,0.0,1,172.0,1,343,1,False,0.0,0,2.0,[1 2],[1. 0.],1,0,[0.4 0.4],1.0,0.0,1.0
343,1.0,1,172.0,0,344,0,False,2.0,1,0.0,[2 2],[1. 0.],1,0,[0.4 0.4],1.0,0.0,1.0
344,0.0,1,173.0,1,345,1,False,0.0,0,2.0,[2 2],[1. 0.],1,0,[0.4 0.4],1.0,0.0,1.0
345,0.0,1,173.0,0,346,0,False,2.0,1,0.0,[2 1],[1. 0.],1,0,[0.4 0.4],1.0,0.0,1.0
346,0.0,1,174.0,1,347,1,False,0.0,0,2.0,[2 1],[1. 0.],1,0,[0.4 0.4],1.0,0.0,1.0
347,0.0,1,174.0,0,348,0,False,2.0,1,0.0,[2 2],[1. 0.],0,0,[0.4 0.4],1.0,0.0,1.0
348,0.0,1,175.0,1,349,1,False,0.0,0,1.0,[2 2],[1. 0.],0,0,[0.4 0.4],1.0,0.0,1.0
349,0.0,1,175.0,0,350,0,False,1.0,1,0.0,[2 2],[1. 0.],0,0,[0.4 0.4],1.0,0.0,1.0
350,0.0,1,176.0,2,351,1,False,0.0,0,1.0,[2 2],[1. 0.],0,0,[0.4 0.4],1.0,0.0,1.0
351,0.0,1,176.0,0,352,0,False,1.0,1,0.0,[2 1],[1. 0.],1,0,[0.4 0.4],1.0,0.0,1.0
352,0.0,1,177.0,1,353,1,False,0.0,0,2.0,[2 1],[1. 0.],1,0,[0.4 0.4],1.0,0.0,1.0
353,0.0,1,177.0,0,354,0,False,2.0,1,0.0,[1 1],[1. 0.],0,0,[0.4 0.4],1.0,0.0,1.0
354,0.0,1,178.0,2,355,1,False,0.0,0,1.0,[1 1],[1. 0.],0,0,[0.4 0.4],1.0,0.0,1.0
355,1.0,1,178.0,0,356,0,False,1.0,1,0.0,[1 1],[1. 0.],0,0,[0.4 0.4],1.0,0.0,1.0
356,0.0,1,179.0,2,357,1,False,0.0,0,1.0,[1 1],[1. 0.],0,0,[0.4 0.4],1.0,0.0,1.0
357,1.0,1,179.0,0,358,0,False,1.0,1,0.0,[1 2],[1. 0.],0,0,[0.4 0.4],1.0,0.0,1.0
358,0.0,1,180.0,2,359,1,False,0.0,0,1.0,[1 2],[1. 0.],0,0,[0.4 0.4],1.0,0.0,1.0
359,0.0,1,180.0,0,360,0,False,1.0,1,0.0,[1 1],[1. 0.],1,0,[0.4 0.4],1.0,0.0,1.0
360,0.0,1,181.0,2,361,1,False,0.0,0,2.0,[1 1],[1. 0.],1,0,[0.4 0.4],1.0,0.0,1.0
361,1.0,1,181.0,0,362,0,False,2.0,1,0.0,[2 1],[1. 0.],1,0,[0.4 0.4],1.0,0.0,1.0
362,0.0,1,182.0,2,363,1,False,0.0,0,2.0,[2 1],[1. 0.],1,0,[0.4 0.4],1.0,0.0,1.0
363,1.0,1,182.0,0,364,0,False,2.0,1,0.0,[2 1],[1. 0.],0,0,[0.4 0.4],1.0,0.0,1.0
364,0.0,1,183.0,2,365,1,False,0.0,0,1.0,[2 1],[1. 0.],0,0,[0.4 0.4],1.0,0.0,1.0
365,1.0,1,183.0,0,366,0,False,1.0,1,0.0,[1 1],[1. 0.],0,0,[0.4 0.4],1.0,0.0,1.0
366,0.0,1,184.0,2,367,1,False,0.0,0,1.0,[1 1],[1. 0.],0,0,[0.4 0.4],1.0,0.0,1.0
367,1.0,1,184.0,0,368,0,False,1.0,1,0.0,[1 2],[1. 0.],0,0,[0.4 0.4],1.0,0.0,1.0
368,0.0,1,185.0,2,369,1,False,0.0,0,1.0,[1 2],[1. 0.],0,0,[0.4 0.4],1.0,0.0,1.0
369,0.0,1,185.0,0,370,0,False,1.0,1,0.0,[1 2],[1. 0.],1,0,[0.4 0.4],1.0,0.0,1.0
370,0.0,1,186.0,2,371,1,False,0.0,0,2.0,[1 2],[1. 0.],1,0,[0.4 0.4],1.0,0.0,1.0
371,0.0,1,186.0,0,372,0,False,2.0,1,0.0,[1 2],[1. 0.],1,0,[0.4 0.4],1.0,0.0,1.0
372,0.0,1,187.0,2,373,1,False,0.0,0,2.0,[1 2],[1. 0.],1,0,[0.4 0.4],1.0,0.0,1.0
373,0.0,1,187.0,0,374,0,False,2.0,1,0.0,[1 1],[1. 0.],0,0,[0.4 0.4],1.0,0.0,1.0
374,0.0,1,188.0,1,375,1,False,0.0,0,1.0,[1 1],[1. 0.],0,0,[0.4 0.4],1.0,0.0,1.0
375,1.0,1,188.0,0,376,0,False,1.0,1,0.0,[1 2],[1. 0.],1,0,[0.4 0.4],1.0,0.0,1.0
376,0.0,1,189.0,1,377,1,False,0.0,0,2.0,[1 2],[1. 0.],1,0,[0.4 0.4],1.0,0.0,1.0
377,1.0,1,189.0,0,378,0,False,2.0,1,0.0,[2 2],[1. 0.],0,0,[0.4 0.4],1.0,0.0,1.0
378,0.0,1,190.0,1,379,1,False,0.0,0,1.0,[2 2],[1. 0.],0,0,[0.4 0.4],1.0,0.0,1.0
379,0.0,1,190.0,0,380,0,False,1.0,1,0.0,[1 2],[1. 0.],1,0,[0.4 0.4],1.0,0.0,1.0
380,0.0,1,191.0,1,381,1,False,0.0,0,2.0,[1 2],[1. 0.],1,0,[0.4 0.4],1.0,0.0,1.0
381,1.0,1,191.0,0,382,0,False,2.0,1,0.0,[2 1],[1. 0.],0,0,[0.4 0.4],1.0,0.0,1.0
382,0.0,1,192.0,1,383,1,False,0.0,0,1.0,[2 1],[1. 0.],0,0,[0.4 0.4],1.0,0.0,1.0
383,0.0,1,192.0,0,384,0,False,1.0,1,0.0,[2 1],[1. 0.],0,0,[0.4 0.4],1.0,0.0,1.0
384,0.0,1,193.0,1,385,1,False,0.0,0,1.0,[2 1],[1. 0.],0,0,[0.4 0.4],1.0,0.0,1.0
385,0.0,1,193.0,0,386,0,False,1.0,1,0.0,[1 2],[1. 0.],0,0,[0.4 0.4],1.0,0.0,1.0
386,0.0,1,194.0,1,387,1,False,0.0,0,1.0,[1 2],[1. 0.],0,0,[0.4 0.4],1.0,0.0,1.0
387,1.0,1,194.0,0,388,0,False,1.0,1,0.0,[1 2],[1. 0.],1,0,[0.4 0.4],1.0,0.0,1.0
388,0.0,1,195.0,1,389,1,False,0.0,0,2.0,[1 2],[1. 0.],1,0,[0.4 0.4],1.0,0.0,1.0
389,1.0,1,195.0,0,390,0,False,2.0,1,0.0,[2 1],[1. 0.],0,0,[0.4 0.4],1.0,0.0,1.0
390,0.0,1,196.0,1,391,1,False,0.0,0,1.0,[2 1],[1. 0.],0,0,[0.4 0.4],1.0,0.0,1.0
391,0.0,1,196.0,0,392,0,False,1.0,1,0.0,[2 2],[1. 0.],1,0,[0.4 0.4],1.0,0.0,1.0
392,0.0,1,197.0,1,393,1,False,0.0,0,2.0,[2 2],[1. 0.],1,0,[0.4 0.4],1.0,0.0,1.0
393,0.0,1,197.0,0,394,0,False,2.0,1,0.0,[2 2],[1. 0.],1,0,[0.4 0.4],1.0,0.0,1.0
394,0.0,1,198.0,1,395,1,False,0.0,0,2.0,[2 2],[1. 0.],1,0,[0.4 0.4],1.0,0.0,1.0
395,0.0,1,198.0,0,396,0,False,2.0,1,0.0,[1 1],[1. 0.],0,0,[0.4 0.4],1.0,0.0,1.0
396,0.0,1,199.0,2,397,1,False,0.0,0,1.0,[1 1],[1. 0.],0,0,[0.4 0.4],1.0,0.0,1.0
397,1.0,1,199.0,0,398,0,False,1.0,1,0.0,[1 2],[1. 0.],1,0,[0.4 0.4],1.0,0.0,1.0
398,0.0,1,200.0,2,399,1,False,0.0,0,2.0,[1 2],[1. 0.],1,0,[0.4 0.4],1.0,0.0,1.0
399,0.0,1,200.0,0,400,0,False,2.0,1,0.0,[1 2],[1. 0.],1,0,[0.4 0.4],1.0,0.0,1.0
400,0.0,1,201.0,2,401,1,False,0.0,0,2.0,[1 2],[1. 0.],1,0,[0.4 0.4],1.0,0.0,1.0
401,0.0,1,201.0,0,402,0,False,2.0,1,0.0,[2 2],[1. 0.],0,0,[0.4 0.4],1.0,0.0,1.0
402,0.0,1,202.0,1,403,1,False,0.0,0,1.0,[2 2],[1. 0.],0,0,[0.4 0.4],1.0,0.0,1.0
403,0.0,1,202.0,0,404,0,False,1.0,1,0.0,[1 2],[1. 0.],0,0,[0.4 0.4],1.0,0.0,1.0
404,0.0,1,203.0,2,405,1,False,0.0,0,1.0,[1 2],[1. 0.],0,0,[0.4 0.4],1.0,0.0,1.0
405,0.0,1,203.0,0,406,0,False,1.0,1,0.0,[1 2],[1. 0.],1,0,[0.4 0.4],1.0,0.0,1.0
406,0.0,1,204.0,1,407,1,False,0.0,0,2.0,[1 2],[1. 0.],1,0,[0.4 0.4],1.0,0.0,1.0
407,1.0,1,204.0,0,408,0,False,2.0,1,0.0,[1 1],[1. 0.],1,0,[0.4 0.4],1.0,0.0,1.0
408,0.0,1,205.0,1,409,1,False,0.0,0,2.0,[1 1],[1. 0.],1,0,[0.4 0.4],1.0,0.0,1.0
409,1.0,1,205.0,0,410,0,False,2.0,1,0.0,[1 1],[1. 0.],1,0,[0.4 0.4],1.0,0.0,1.0
410,0.0,1,206.0,1,411,1,False,0.0,0,2.0,[1 1],[1. 0.],1,0,[0.4 0.4],1.0,0.0,1.0
411,1.0,1,206.0,0,412,0,False,2.0,1,0.0,[1 2],[1. 0.],0,0,[0.4 0.4],1.0,0.0,1.0
412,0.0,1,207.0,1,413,1,False,0.0,0,1.0,[1 2],[1. 0.],0,0,[0.4 0.4],1.0,0.0,1.0
413,1.0,1,207.0,0,414,0,False,1.0,1,0.0,[2 1],[1. 0.],0,0,[0.4 0.4],1.0,0.0,1.0
414,0.0,1,208.0,1,415,1,False,0.0,0,1.0,[2 1],[1. 0.],0,0,[0.4 0.4],1.0,0.0,1.0
415,0.0,1,208.0,0,416,0,False,1.0,1,0.0,[1 2],[1. 0.],1,0,[0.4 0.4],1.0,0.0,1.0
416,0.0,1,209.0,1,417,1,False,0.0,0,2.0,[1 2],[1. 0.],1,0,[0.4 0.4],1.0,0.0,1.0
417,1.0,1,209.0,0,418,0,False,2.0,1,0.0,[2 2],[1. 0.],0,0,[0.4 0.4],1.0,0.0,1.0
418,0.0,1,210.0,1,419,1,False,0.0,0,1.0,[2 2],[1. 0.],0,0,[0.4 0.4],1.0,0.0,1.0
419,0.0,1,210.0,0,420,0,False,1.0,1,0.0,[2 2],[1. 0.],1,0,[0.4 0.4],1.0,0.0,1.0
420,0.0,1,211.0,1,421,1,False,0.0,0,2.0,[2 2],[1. 0.],1,0,[0.4 0.4],1.0,0.0,1.0
421,0.0,1,211.0,0,422,0,False,2.0,1,0.0,[1 2],[1. 0.],1,0,[0.4 0.4],1.0,0.0,1.0
422,0.0,1,212.0,1,423,1,False,0.0,0,2.0,[1 2],[1. 0.],1,0,[0.4 0.4],1.0,0.0,1.0
423,1.0,1,212.0,0,424,0,False,2.0,1,0.0,[2 1],[1. 0.],0,0,[0.4 0.4],1.0,0.0,1.0
424,0.0,1,213.0,1,425,1,False,0.0,0,1.0,[2 1],[1. 0.],0,0,[0.4 0.4],1.0,0.0,1.0
425,0.0,1,213.0,0,426,0,False,1.0,1,0.0,[2 2],[1. 0.],0,0,[0.4 0.4],1.0,0.0,1.0
426,0.0,1,214.0,1,427,1,False,0.0,0,1.0,[2 2],[1. 0.],0,0,[0.4 0.4],1.0,0.0,1.0
427,0.0,1,214.0,0,428,0,False,1.0,1,0.0,[1 2],[1. 0.],1,0,[0.4 0.4],1.0,0.0,1.0
428,0.0,1,215.0,2,429,1,False,0.0,0,2.0,[1 2],[1. 0.],1,0,[0.4 0.4],1.0,0.0,1.0
429,0.0,1,215.0,0,430,0,False,2.0,1,0.0,[1 2],[1. 0.],0,0,[0.4 0.4],1.0,0.0,1.0
430,0.0,1,216.0,2,431,1,False,0.0,0,1.0,[1 2],[1. 0.],0,0,[0.4 0.4],1.0,0.0,1.0
431,0.0,1,216.0,0,432,0,False,1.0,1,0.0,[1 2],[1. 0.],0,0,[0.4 0.4],1.0,0.0,1.0
432,0.0,1,217.0,1,433,1,False,0.0,0,1.0,[1 2],[1. 0.],0,0,[0.4 0.4],1.0,0.0,1.0
433,1.0,1,217.0,0,434,0,False,1.0,1,0.0,[2 1],[1. 0.],1,0,[0.4 0.4],1.0,0.0,1.0
434,0.0,1,218.0,1,435,1,False,0.0,0,2.0,[2 1],[1. 0.],1,0,[0.4 0.4],1.0,0.0,1.0
435,0.0,1,218.0,0,436,0,False,2.0,1,0.0,[2 2],[1. 0.],1,0,[0.4 0.4],1.0,0.0,1.0
436,0.0,1,219.0,1,437,1,False,0.0,0,2.0,[2 2],[1. 0.],1,0,[0.4 0.4],1.0,0.0,1.0
437,0.0,1,219.0,0,438,0,False,2.0,1,0.0,[1 2],[1. 0.],1,0,[0.4 0.4],1.0,0.0,1.0
438,0.0,1,220.0,2,439,1,False,0.0,0,2.0,[1 2],[1. 0.],1,0,[0.4 0.4],1.0,0.0,1.0
439,0.0,1,220.0,0,440,0,False,2.0,1,0.0,[1 1],[1. 0.],0,0,[0.4 0.4],1.0,0.0,1.0
440,0.0,1,221.0,1,441,1,False,0.0,0,1.0,[1 1],[1. 0.],0,0,[0.4 0.4],1.0,0.0,1.0
441,1.0,1,221.0,0,442,0,False,1.0,1,0.0,[2 2],[1. 0.],0,0,[0.4 0.4],1.0,0.0,1.0
442,0.0,1,222.0,1,443,1,False,0.0,0,1.0,[2 2],[1. 0.],0,0,[0.4 0.4],1.0,0.0,1.0
443,0.0,1,222.0,0,444,0,False,1.0,1,0.0,[1 2],[1. 0.],0,0,[0.4 0.4],1.0,0.0,1.0
444,0.0,1,223.0,1,445,1,False,0.0,0,1.0,[1 2],[1. 0.],0,0,[0.4 0.4],1.0,0.0,1.0
445,1.0,1,223.0,0,446,0,False,1.0,1,0.0,[2 1],[1. 0.],0,0,[0.4 0.4],1.0,0.0,1.0
446,0.0,1,224.0,1,447,1,False,0.0,0,1.0,[2 1],[1. 0.],0,0,[0.4 0.4],1.0,0.0,1.0
447,0.0,1,224.0,0,448,0,False,1.0,1,0.0,[1 2],[1. 0.],0,0,[0.4 0.4],1.0,0.0,1.0
448,0.0,1,225.0,1,449,1,False,0.0,0,1.0,[1 2],[1. 0.],0,0,[0.4 0.4],1.0,0.0,1.0
449,1.0,1,225.0,0,450,0,False,1.0,1,0.0,[1 2],[1. 0.],0,0,[0.4 0.4],1.0,0.0,1.0
450,0.0,1,226.0,1,451,1,False,0.0,0,1.0,[1 2],[1. 0.],0,0,[0.4 0.4],1.0,0.0,1.0
451,1.0,1,226.0,0,452,0,False,1.0,1,0.0,[1 2],[1. 0.],0,0,[0.4 0.4],1.0,0.0,1.0
452,0.0,1,227.0,1,453,1,False,0.0,0,1.0,[1 2],[1. 0.],0,0,[0.4 0.4],1.0,0.0,1.0
453,1.0,1,227.0,0,454,0,False,1.0,1,0.0,[2 1],[1. 0.],0,0,[0.4 0.4],1.0,0.0,1.0
454,0.0,1,228.0,1,455,1,False,0.0,0,1.0,[2 1],[1. 0.],0,0,[0.4 0.4],1.0,0.0,1.0
455,0.0,1,228.0,0,456,0,False,1.0,1,0.0,[1 2],[1. 0.],0,0,[0.4 0.4],1.0,0.0,1.0
456,0.0,1,229.0,1,457,1,False,0.0,0,1.0,[1 2],[1. 0.],0,0,[0.4 0.4],1.0,0.0,1.0
457,1.0,1,229.0,0,458,0,False,1.0,1,0.0,[1 1],[1. 0.],0,0,[0.4 0.4],1.0,0.0,1.0
458,0.0,1,230.0,1,459,1,False,0.0,0,1.0,[1 1],[1. 0.],0,0,[0.4 0.4],1.0,0.0,1.0
459,1.0,1,230.0,0,460,0,False,1.0,1,0.0,[1 1],[1. 0.],1,0,[0.4 0.4],1.0,0.0,1.0
460,0.0,1,231.0,1,461,1,False,0.0,0,2.0,[1 1],[1. 0.],1,0,[0.4 0.4],1.0,0.0,1.0
461,1.0,1,231.0,0,462,0,False,2.0,1,0.0,[2 2],[1. 0.],0,0,[0.4 0.4],1.0,0.0,1.0
462,0.0,1,232.0,1,463,1,False,0.0,0,1.0,[2 2],[1. 0.],0,0,[0.4 0.4],1.0,0.0,1.0
463,0.0,1,232.0,0,464,0,False,1.0,1,0.0,[2 2],[1. 0.],1,0,[0.4 0.4],1.0,0.0,1.0
464,0.0,1,233.0,1,465,1,False,0.0,0,2.0,[2 2],[1. 0.],1,0,[0.4 0.4],1.0,0.0,1.0
465,0.0,1,233.0,0,466,0,False,2.0,1,0.0,[2 1],[1. 0.],0,0,[0.4 0.4],1.0,0.0,1.0
466,0.0,1,234.0,1,467,1,False,0.0,0,1.0,[2 1],[1. 0.],0,0,[0.4 0.4],1.0,0.0,1.0
467,0.0,1,234.0,0,468,0,False,1.0,1,0.0,[1 1],[1. 0.],1,0,[0.4 0.4],1.0,0.0,1.0
468,0.0,1,235.0,1,469,1,False,0.0,0,2.0,[1 1],[1. 0.],1,0,[0.4 0.4],1.0,0.0,1.0
469,1.0,1,235.0,0,470,0,False,2.0,1,0.0,[1 2],[1. 0.],0,0,[0.4 0.4],1.0,0.0,1.0
470,0.0,1,236.0,1,471,1,False,0.0,0,1.0,[1 2],[1. 0.],0,0,[0.4 0.4],1.0,0.0,1.0
471,1.0,1,236.0,0,472,0,False,1.0,1,0.0,[2 2],[1. 0.],0,0,[0.4 0.4],1.0,0.0,1.0
472,0.0,1,237.0,1,473,1,False,0.0,0,1.0,[2 2],[1. 0.],0,0,[0.4 0.4],1.0,0.0,1.0
473,0.0,1,237.0,0,474,0,False,1.0,1,0.0,[1 2],[1. 0.],0,0,[0.4 0.4],1.0,0.0,1.0
474,0.0,1,238.0,1,475,1,False,0.0,0,1.0,[1 2],[1. 0.],0,0,[0.4 0.4],1.0,0.0,1.0
475,1.0,1,238.0,0,476,0,False,1.0,1,0.0,[2 1],[1. 0.],1,0,[0.4 0.4],1.0,0.0,1.0
476,0.0,1,239.0,1,477,1,False,0.0,0,2.0,[2 1],[1. 0.],1,0,[0.4 0.4],1.0,0.0,1.0
477,0.0,1,239.0,0,478,0,False,2.0,1,0.0,[1 2],[1. 0.],0,0,[0.4 0.4],1.0,0.0,1.0
478,0.0,1,240.0,1,479,1,False,0.0,0,1.0,[1 2],[1. 0.],0,0,[0.4 0.4],1.0,0.0,1.0
479,1.0,1,240.0,0,480,0,False,1.0,1,0.0,[2 1],[1. 0.],1,0,[0.4 0.4],1.0,0.0,1.0
480,0.0,1,241.0,1,481,1,False,0.0,0,2.0,[2 1],[1. 0.],1,0,[0.4 0.4],1.0,0.0,1.0
481,0.0,1,241.0,0,482,0,False,2.0,1,0.0,[1 2],[1. 0.],1,0,[0.4 0.4],1.0,0.0,1.0
482,0.0,1,242.0,1,483,1,False,0.0,0,2.0,[1 2],[1. 0.],1,0,[0.4 0.4],1.0,0.0,1.0
483,1.0,1,242.0,0,484,0,False,2.0,1,0.0,[1 2],[1. 0.],1,0,[0.4 0.4],1.0,0.0,1.0
484,0.0,1,243.0,1,485,1,False,0.0,0,2.0,[1 2],[1. 0.],1,0,[0.4 0.4],1.0,0.0,1.0
485,1.0,1,243.0,0,486,0,False,2.0,1,0.0,[1 1],[1. 0.],0,0,[0.4 0.4],1.0,0.0,1.0
486,0.0,1,244.0,1,487,1,False,0.0,0,1.0,[1 1],[1. 0.],0,0,[0.4 0.4],1.0,0.0,1.0
487,1.0,1,244.0,0,488,0,False,1.0,1,0.0,[2 1],[1. 0.],0,0,[0.4 0.4],1.0,0.0,1.0
488,0.0,1,245.0,1,489,1,False,0.0,0,1.0,[2 1],[1. 0.],0,0,[0.4 0.4],1.0,0.0,1.0
489,0.0,1,245.0,0,490,0,False,1.0,1,0.0,[1 2],[1. 0.],0,0,[0.4 0.4],1.0,0.0,1.0
490,0.0,1,246.0,1,491,1,False,0.0,0,1.0,[1 2],[1. 0.],0,0,[0.4 0.4],1.0,0.0,1.0
491,1.0,1,246.0,0,492,0,False,1.0,1,0.0,[2 1],[1. 0.],0,0,[0.4 0.4],1.0,0.0,1.0
492,0.0,1,247.0,1,493,1,False,0.0,0,1.0,[2 1],[1. 0.],0,0,[0.4 0.4],1.0,0.0,1.0
493,0.0,1,247.0,0,494,0,False,1.0,1,0.0,[1 1],[1. 0.],1,0,[0.4 0.4],1.0,0.0,1.0
494,0.0,1,248.0,1,495,1,False,0.0,0,2.0,[1 1],[1. 0.],1,0,[0.4 0.4],1.0,0.0,1.0
495,1.0,1,248.0,0,496,0,False,2.0,1,0.0,[2 1],[1. 0.],1,0,[0.4 0.4],1.0,0.0,1.0
496,0.0,1,249.0,1,497,1,False,0.0,0,2.0,[2 1],[1. 0.],1,0,[0.4 0.4],1.0,0.0,1.0
497,0.0,1,249.0,0,498,0,False,2.0,1,0.0,[1 2],[1. 0.],1,0,[0.4 0.4],1.0,0.0,1.0
498,0.0,1,250.0,1,499,1,False,0.0,0,2.0,[1 2],[1. 0.],1,0,[0.4 0.4],1.0,0.0,1.0
499,1.0,1,250.0,0,500,0,False,2.0,1,0.0,[2 2],[1. 0.],0,0,[0.4 0.4],1.0,0.0,1.0
500,0.0,1,251.0,1,501,1,False,0.0,0,1.0,[2 2],[1. 0.],0,0,[0.4 0.4],1.0,0.0,1.0
501,0.0,1,251.0,0,502,0,False,1.0,1,0.0,[2 2],[1. 0.],0,0,[0.4 0.4],1.0,0.0,1.0
502,0.0,1,252.0,1,503,1,False,0.0,0,1.0,[2 2],[1. 0.],0,0,[0.4 0.4],1.0,0.0,1.0
503,0.0,1,252.0,0,504,0,False,1.0,1,0.0,[2 1],[1. 0.],1,0,[0.4 0.4],1.0,0.0,1.0
504,0.0,1,253.0,1,505,1,False,0.0,0,2.0,[2 1],[1. 0.],1,0,[0.4 0.4],1.0,0.0,1.0
505,0.0,1,253.0,0,506,0,False,2.0,1,0.0,[2 1],[1. 0.],1,0,[0.4 0.4],1.0,0.0,1.0
506,0.0,1,254.0,2,507,1,False,0.0,0,2.0,[2 1],[1. 0.],1,0,[0.4 0.4],1.0,0.0,1.0
507,1.0,1,254.0,0,508,0,False,2.0,1,0.0,[1 1],[1. 0.],0,0,[0.4 0.4],1.0,0.0,1.0
508,0.0,1,255.0,2,509,1,False,0.0,0,1.0,[1 1],[1. 0.],0,0,[0.4 0.4],1.0,0.0,1.0
509,1.0,1,255.0,0,510,0,False,1.0,1,0.0,[1 2],[1. 0.],1,0,[0.4 0.4],1.0,0.0,1.0
510,0.0,1,256.0,2,511,1,False,0.0,0,2.0,[1 2],[1. 0.],1,0,[0.4 0.4],1.0,0.0,1.0
511,0.0,1,256.0,0,512,0,False,2.0,1,0.0,[1 1],[1. 0.],0,0,[0.4 0.4],1.0,0.0,1.0
512,0.0,1,257.0,2,513,1,False,0.0,0,1.0,[1 1],[1. 0.],0,0,[0.4 0.4],1.0,0.0,1.0
513,1.0,1,257.0,0,514,0,False,1.0,1,0.0,[2 2],[1. 0.],0,0,[0.4 0.4],1.0,0.0,1.0
514,0.0,1,258.0,2,515,1,False,0.0,0,1.0,[2 2],[1. 0.],0,0,[0.4 0.4],1.0,0.0,1.0
515,0.0,1,258.0,0,516,0,False,1.0,1,0.0,[1 1],[1. 0.],0,0,[0.4 0.4],1.0,0.0,1.0
516,0.0,1,259.0,2,517,1,False,0.0,0,1.0,[1 1],[1. 0.],0,0,[0.4 0.4],1.0,0.0,1.0
517,1.0,1,259.0,0,518,0,False,1.0,1,0.0,[1 2],[1. 0.],1,0,[0.4 0.4],1.0,0.0,1.0
518,0.0,1,260.0,2,519,1,False,0.0,0,2.0,[1 2],[1. 0.],1,0,[0.4 0.4],1.0,0.0,1.0
519,0.0,1,260.0,0,520,0,False,2.0,1,0.0,[2 2],[1. 0.],1,0,[0.4 0.4],1.0,0.0,1.0
520,0.0,1,261.0,2,521,1,False,0.0,0,2.0,[2 2],[1. 0.],1,0,[0.4 0.4],1.0,0.0,1.0
521,0.0,1,261.0,0,522,0,False,2.0,1,0.0,[2 1],[1. 0.],1,0,[0.4 0.4],1.0,0.0,1.0
522,0.0,1,262.0,1,523,1,False,0.0,0,2.0,[2 1],[1. 0.],1,0,[0.4 0.4],1.0,0.0,1.0
523,0.0,1,262.0,0,524,0,False,2.0,1,0.0,[1 2],[1. 0.],1,0,[0.4 0.4],1.0,0.0,1.0
524,0.0,1,263.0,2,525,1,False,0.0,0,2.0,[1 2],[1. 0.],1,0,[0.4 0.4],1.0,0.0,1.0
525,0.0,1,263.0,0,526,0,False,2.0,1,0.0,[1 2],[1. 0.],0,0,[0.4 0.4],1.0,0.0,1.0
526,0.0,1,264.0,1,527,1,False,0.0,0,1.0,[1 2],[1. 0.],0,0,[0.4 0.4],1.0,0.0,1.0
527,1.0,1,264.0,0,528,0,False,1.0,1,0.0,[2 1],[1. 0.],0,0,[0.4 0.4],1.0,0.0,1.0
528,0.0,1,265.0,1,529,1,False,0.0,0,1.0,[2 1],[1. 0.],0,0,[0.4 0.4],1.0,0.0,1.0
529,0.0,1,265.0,0,530,0,False,1.0,1,0.0,[1 2],[1. 0.],0,0,[0.4 0.4],1.0,0.0,1.0
530,0.0,1,266.0,1,531,1,False,0.0,0,1.0,[1 2],[1. 0.],0,0,[0.4 0.4],1.0,0.0,1.0
531,1.0,1,266.0,0,532,0,False,1.0,1,0.0,[1 1],[1. 0.],1,0,[0.4 0.4],1.0,0.0,1.0
532,0.0,1,267.0,1,533,1,False,0.0,0,2.0,[1 1],[1. 0.],1,0,[0.4 0.4],1.0,0.0,1.0
533,1.0,1,267.0,0,534,0,False,2.0,1,0.0,[2 2],[1. 0.],0,0,[0.4 0.4],1.0,0.0,1.0
534,0.0,1,268.0,1,535,1,False,0.0,0,1.0,[2 2],[1. 0.],0,0,[0.4 0.4],1.0,0.0,1.0
535,0.0,1,268.0,0,536,0,False,1.0,1,0.0,[2 2],[1. 0.],1,0,[0.4 0.4],1.0,0.0,1.0
536,0.0,1,269.0,1,537,1,False,0.0,0,2.0,[2 2],[1. 0.],1,0,[0.4 0.4],1.0,0.0,1.0
537,0.0,1,269.0,0,538,0,False,2.0,1,0.0,[1 2],[1. 0.],0,0,[0.4 0.4],1.0,0.0,1.0
538,0.0,1,270.0,1,539,1,False,0.0,0,1.0,[1 2],[1. 0.],0,0,[0.4 0.4],1.0,0.0,1.0
539,1.0,1,270.0,0,540,0,False,1.0,1,0.0,[2 1],[1. 0.],1,0,[0.4 0.4],1.0,0.0,1.0
540,0.0,1,271.0,1,541,1,False,0.0,0,2.0,[2 1],[1. 0.],1,0,[0.4 0.4],1.0,0.0,1.0
541,0.0,1,271.0,0,542,0,False,2.0,1,0.0,[1 1],[1. 0.],0,0,[0.4 0.4],1.0,0.0,1.0
542,0.0,1,272.0,1,543,1,False,0.0,0,1.0,[1 1],[1. 0.],0,0,[0.4 0.4],1.0,0.0,1.0
543,1.0,1,272.0,0,544,0,False,1.0,1,0.0,[2 2],[1. 0.],1,0,[0.4 0.4],1.0,0.0,1.0
544,0.0,1,273.0,1,545,1,False,0.0,0,2.0,[2 2],[1. 0.],1,0,[0.4 0.4],1.0,0.0,1.0
545,0.0,1,273.0,0,546,0,False,2.0,1,0.0,[2 2],[1. 0.],1,0,[0.4 0.4],1.0,0.0,1.0
546,0.0,1,274.0,1,547,1,False,0.0,0,2.0,[2 2],[1. 0.],1,0,[0.4 0.4],1.0,0.0,1.0
547,0.0,1,274.0,0,548,0,False,2.0,1,0.0,[1 1],[1. 0.],0,0,[0.4 0.4],1.0,0.0,1.0
548,0.0,1,275.0,2,549,1,False,0.0,0,1.0,[1 1],[1. 0.],0,0,[0.4 0.4],1.0,0.0,1.0
549,1.0,1,275.0,0,550,0,False,1.0,1,0.0,[2 2],[1. 0.],0,0,[0.4 0.4],1.0,0.0,1.0
550,0.0,1,276.0,2,551,1,False,0.0,0,1.0,[2 2],[1. 0.],0,0,[0.4 0.4],1.0,0.0,1.0
551,0.0,1,276.0,0,552,0,False,1.0,1,0.0,[2 2],[1. 0.],1,0,[0.4 0.4],1.0,0.0,1.0
552,0.0,1,277.0,2,553,1,False,0.0,0,2.0,[2 2],[1. 0.],1,0,[0.4 0.4],1.0,0.0,1.0
553,0.0,1,277.0,0,554,0,False,2.0,1,0.0,[1 1],[1. 0.],1,0,[0.4 0.4],1.0,0.0,1.0
554,0.0,1,278.0,1,555,1,False,0.0,0,2.0,[1 1],[1. 0.],1,0,[0.4 0.4],1.0,0.0,1.0
555,1.0,1,278.0,0,556,0,False,2.0,1,0.0,[1 2],[1. 0.],0,0,[0.4 0.4],1.0,0.0,1.0
556,0.0,1,279.0,1,557,1,False,0.0,0,1.0,[1 2],[1. 0.],0,0,[0.4 0.4],1.0,0.0,1.0
557,1.0,1,279.0,0,558,0,False,1.0,1,0.0,[1 1],[1. 0.],1,0,[0.4 0.4],1.0,0.0,1.0
558,0.0,1,280.0,1,559,1,False,0.0,0,2.0,[1 1],[1. 0.],1,0,[0.4 0.4],1.0,0.0,1.0
559,1.0,1,280.0,0,560,0,False,2.0,1,0.0,[1 1],[1. 0.],1,0,[0.4 0.4],1.0,0.0,1.0
560,0.0,1,281.0,1,561,1,False,0.0,0,2.0,[1 1],[1. 0.],1,0,[0.4 0.4],1.0,0.0,1.0
561,1.0,1,281.0,0,562,0,False,2.0,1,0.0,[1 1],[1. 0.],0,0,[0.4 0.4],1.0,0.0,1.0
562,0.0,1,282.0,1,563,1,False,0.0,0,1.0,[1 1],[1. 0.],0,0,[0.4 0.4],1.0,0.0,1.0
563,1.0,1,282.0,0,564,0,False,1.0,1,0.0,[1 2],[1. 0.],0,0,[0.4 0.4],1.0,0.0,1.0
564,0.0,1,283.0,1,565,1,False,0.0,0,1.0,[1 2],[1. 0.],0,0,[0.4 0.4],1.0,0.0,1.0
565,1.0,1,283.0,0,566,0,False,1.0,1,0.0,[2 2],[1. 0.],1,0,[0.4 0.4],1.0,0.0,1.0
566,0.0,1,284.0,1,567,1,False,0.0,0,2.0,[2 2],[1. 0.],1,0,[0.4 0.4],1.0,0.0,1.0
567,0.0,1,284.0,0,568,0,False,2.0,1,0.0,[2 1],[1. 0.],0,0,[0.4 0.4],1.0,0.0,1.0
568,0.0,1,285.0,1,569,1,False,0.0,0,1.0,[2 1],[1. 0.],0,0,[0.4 0.4],1.0,0.0,1.0
569,0.0,1,285.0,0,570,0,False,1.0,1,0.0,[1 2],[1. 0.],1,0,[0.4 0.4],1.0,0.0,1.0
570,0.0,1,286.0,1,571,1,False,0.0,0,2.0,[1 2],[1. 0.],1,0,[0.4 0.4],1.0,0.0,1.0
571,1.0,1,286.0,0,572,0,False,2.0,1,0.0,[1 1],[1. 0.],1,0,[0.4 0.4],1.0,0.0,1.0
572,0.0,1,287.0,1,573,1,False,0.0,0,2.0,[1 1],[1. 0.],1,0,[0.4 0.4],1.0,0.0,1.0
573,1.0,1,287.0,0,574,0,False,2.0,1,0.0,[1 2],[1. 0.],1,0,[0.4 0.4],1.0,0.0,1.0
574,0.0,1,288.0,1,575,1,False,0.0,0,2.0,[1 2],[1. 0.],1,0,[0.4 0.4],1.0,0.0,1.0
575,1.0,1,288.0,0,576,0,False,2.0,1,0.0,[2 2],[1. 0.],0,0,[0.4 0.4],1.0,0.0,1.0
576,0.0,1,289.0,1,577,1,False,0.0,0,1.0,[2 2],[1. 0.],0,0,[0.4 0.4],1.0,0.0,1.0
577,0.0,1,289.0,0,578,0,False,1.0,1,0.0,[1 1],[1. 0.],0,0,[0.4 0.4],1.0,0.0,1.0
578,0.0,1,290.0,1,579,1,False,0.0,0,1.0,[1 1],[1. 0.],0,0,[0.4 0.4],1.0,0.0,1.0
579,1.0,1,290.0,0,580,0,False,1.0,1,0.0,[1 1],[1. 0.],0,0,[0.4 0.4],1.0,0.0,1.0
580,0.0,1,291.0,1,581,1,False,0.0,0,1.0,[1 1],[1. 0.],0,0,[0.4 0.4],1.0,0.0,1.0
581,1.0,1,291.0,0,582,0,False,1.0,1,0.0,[1 2],[1. 0.],0,0,[0.4 0.4],1.0,0.0,1.0
582,0.0,1,292.0,1,583,1,False,0.0,0,1.0,[1 2],[1. 0.],0,0,[0.4 0.4],1.0,0.0,1.0
583,1.0,1,292.0,0,584,0,False,1.0,1,0.0,[1 2],[1. 0.],0,0,[0.4 0.4],1.0,0.0,1.0
584,0.0,1,293.0,1,585,1,False,0.0,0,1.0,[1 2],[1. 0.],0,0,[0.4 0.4],1.0,0.0,1.0
585,1.0,1,293.0,0,586,0,False,1.0,1,0.0,[2 1],[1. 0.],1,0,[0.4 0.4],1.0,0.0,1.0
586,0.0,1,294.0,1,587,1,False,0.0,0,2.0,[2 1],[1. 0.],1,0,[0.4 0.4],1.0,0.0,1.0
587,0.0,1,294.0,0,588,0,False,2.0,1,0.0,[2 2],[1. 0.],0,0,[0.4 0.4],1.0,0.0,1.0
588,0.0,1,295.0,1,589,1,False,0.0,0,1.0,[2 2],[1. 0.],0,0,[0.4 0.4],1.0,0.0,1.0
589,0.0,1,295.0,0,590,0,False,1.0,1,0.0,[2 1],[1. 0.],1,0,[0.4 0.4],1.0,0.0,1.0
590,0.0,1,296.0,1,591,1,False,0.0,0,2.0,[2 1],[1. 0.],1,0,[0.4 0.4],1.0,0.0,1.0
591,0.0,1,296.0,0,592,0,False,2.0,1,0.0,[1 2],[1. 0.],0,0,[0.4 0.4],1.0,0.0,1.0
592,0.0,1,297.0,1,593,1,False,0.0,0,1.0,[1 2],[1. 0.],0,0,[0.4 0.4],1.0,0.0,1.0
593,1.0,1,297.0,0,594,0,False,1.0,1,0.0,[1 2],[1. 0.],1,0,[0.4 0.4],1.0,0.0,1.0
594,0.0,1,298.0,1,595,1,False,0.0,0,2.0,[1 2],[1. 0.],1,0,[0.4 0.4],1.0,0.0,1.0
595,1.0,1,298.0,0,596,0,False,2.0,1,0.0,[1 1],[1. 0.],1,0,[0.4 0.4],1.0,0.0,1.0
596,0.0,1,299.0,1,597,1,False,0.0,0,2.0,[1 1],[1. 0.],1,0,[0.4 0.4],1.0,0.0,1.0
597,1.0,1,299.0,0,598,0,False,2.0,1,0.0,[2 2],[0. 1.],0,1,[0.4 0.4],1.0,0.0,1.0
598,0.0,1,300.0,1,599,1,False,0.0,0,1.0,[2 2],[0. 1.],0,1,[0.4 0.4],1.0,0.0,1.0
599,1.0,1,300.0,0,600,0,False,1.0,1,0.0,[1 2],[0. 1.],0,1,[0.4 0.4],1.0,0.0,1.0
600,0.0,1,301.0,1,601,1,False,0.0,0,1.0,[1 2],[0. 1.],0,1,[0.4 0.4],1.0,0.0,1.0
601,0.0,1,301.0,0,602,0,False,1.0,1,0.0,[2 2],[0. 1.],1,1,[0.4 0.4],1.0,0.0,1.0
602,0.0,1,302.0,1,603,1,False,0.0,0,2.0,[2 2],[0. 1.],1,1,[0.4 0.4],1.0,0.0,1.0
603,1.0,1,302.0,0,604,0,False,2.0,1,0.0,[1 2],[0. 1.],0,1,[0.4 0.4],1.0,0.0,1.0
604,0.0,1,303.0,1,605,1,False,0.0,0,1.0,[1 2],[0. 1.],0,1,[0.4 0.4],1.0,0.0,1.0
605,0.0,1,303.0,0,606,0,False,1.0,1,0.0,[1 1],[0. 1.],1,1,[0.4 0.4],1.0,0.0,1.0
606,0.0,1,304.0,1,607,1,False,0.0,0,2.0,[1 1],[0. 1.],1,1,[0.4 0.4],1.0,0.0,1.0
607,0.0,1,304.0,0,608,0,False,2.0,1,0.0,[2 2],[1. 0.],0,0,[0.4 0.4],1.0,0.0,1.0
608,0.0,1,305.0,1,609,1,False,0.0,0,1.0,[2 2],[1. 0.],0,0,[0.4 0.4],1.0,0.0,1.0
609,0.0,1,305.0,0,610,0,False,1.0,1,0.0,[1 2],[1. 0.],0,0,[0.4 0.4],1.0,0.0,1.0
610,0.0,1,306.0,1,611,1,False,0.0,0,1.0,[1 2],[1. 0.],0,0,[0.4 0.4],1.0,0.0,1.0
611,1.0,1,306.0,0,612,0,False,1.0,1,0.0,[2 2],[1. 0.],1,0,[0.4 0.4],1.0,0.0,1.0
612,0.0,1,307.0,1,613,1,False,0.0,0,2.0,[2 2],[1. 0.],1,0,[0.4 0.4],1.0,0.0,1.0
613,0.0,1,307.0,0,614,0,False,2.0,1,0.0,[1 2],[1. 0.],0,0,[0.4 0.4],1.0,0.0,1.0
614,0.0,1,308.0,1,615,1,False,0.0,0,1.0,[1 2],[1. 0.],0,0,[0.4 0.4],1.0,0.0,1.0
615,1.0,1,308.0,0,616,0,False,1.0,1,0.0,[2 2],[1. 0.],1,0,[0.4 0.4],1.0,0.0,1.0
616,0.0,1,309.0,1,617,1,False,0.0,0,2.0,[2 2],[1. 0.],1,0,[0.4 0.4],1.0,0.0,1.0
617,0.0,1,309.0,0,618,0,False,2.0,1,0.0,[1 1],[1. 0.],1,0,[0.4 0.4],1.0,0.0,1.0
618,0.0,1,310.0,1,619,1,False,0.0,0,2.0,[1 1],[1. 0.],1,0,[0.4 0.4],1.0,0.0,1.0
619,1.0,1,310.0,0,620,0,False,2.0,1,0.0,[2 2],[1. 0.],1,0,[0.4 0.4],1.0,0.0,1.0
620,0.0,1,311.0,1,621,1,False,0.0,0,2.0,[2 2],[1. 0.],1,0,[0.4 0.4],1.0,0.0,1.0
621,0.0,1,311.0,0,622,0,False,2.0,1,0.0,[1 1],[1. 0.],0,0,[0.4 0.4],1.0,0.0,1.0
622,0.0,1,312.0,1,623,1,False,0.0,0,1.0,[1 1],[1. 0.],0,0,[0.4 0.4],1.0,0.0,1.0
623,1.0,1,312.0,0,624,0,False,1.0,1,0.0,[2 2],[1. 0.],1,0,[0.4 0.4],1.0,0.0,1.0
624,0.0,1,313.0,1,625,1,False,0.0,0,2.0,[2 2],[1. 0.],1,0,[0.4 0.4],1.0,0.0,1.0
625,0.0,1,313.0,0,626,0,False,2.0,1,0.0,[2 2],[1. 0.],1,0,[0.4 0.4],1.0,0.0,1.0
626,0.0,1,314.0,1,627,1,False,0.0,0,2.0,[2 2],[1. 0.],1,0,[0.4 0.4],1.0,0.0,1.0
627,0.0,1,314.0,0,628,0,False,2.0,1,0.0,[1 2],[1. 0.],1,0,[0.4 0.4],1.0,0.0,1.0
628,0.0,1,315.0,2,629,1,False,0.0,0,2.0,[1 2],[1. 0.],1,0,[0.4 0.4],1.0,0.0,1.0
629,0.0,1,315.0,0,630,0,False,2.0,1,0.0,[1 1],[1. 0.],1,0,[0.4 0.4],1.0,0.0,1.0
630,0.0,1,316.0,1,631,1,False,0.0,0,2.0,[1 1],[1. 0.],1,0,[0.4 0.4],1.0,0.0,1.0
631,1.0,1,316.0,0,632,0,False,2.0,1,0.0,[1 1],[1. 0.],0,0,[0.4 0.4],1.0,0.0,1.0
632,0.0,1,317.0,1,633,1,False,0.0,0,1.0,[1 1],[1. 0.],0,0,[0.4 0.4],1.0,0.0,1.0
633,1.0,1,317.0,0,634,0,False,1.0,1,0.0,[2 2],[1. 0.],1,0,[0.4 0.4],1.0,0.0,1.0
634,0.0,1,318.0,1,635,1,False,0.0,0,2.0,[2 2],[1. 0.],1,0,[0.4 0.4],1.0,0.0,1.0
635,0.0,1,318.0,0,636,0,False,2.0,1,0.0,[2 2],[1. 0.],0,0,[0.4 0.4],1.0,0.0,1.0
636,0.0,1,319.0,1,637,1,False,0.0,0,1.0,[2 2],[1. 0.],0,0,[0.4 0.4],1.0,0.0,1.0
637,0.0,1,319.0,0,638,0,False,1.0,1,0.0,[2 2],[1. 0.],0,0,[0.4 0.4],1.0,0.0,1.0
638,0.0,1,320.0,1,639,1,False,0.0,0,1.0,[2 2],[1. 0.],0,0,[0.4 0.4],1.0,0.0,1.0
639,0.0,1,320.0,0,640,0,False,1.0,1,0.0,[2 1],[1. 0.],0,0,[0.4 0.4],1.0,0.0,1.0
640,0.0,1,321.0,2,641,1,False,0.0,0,1.0,[2 1],[1. 0.],0,0,[0.4 0.4],1.0,0.0,1.0
641,1.0,1,321.0,0,642,0,False,1.0,1,0.0,[1 1],[1. 0.],1,0,[0.4 0.4],1.0,0.0,1.0
642,0.0,1,322.0,2,643,1,False,0.0,0,2.0,[1 1],[1. 0.],1,0,[0.4 0.4],1.0,0.0,1.0
643,1.0,1,322.0,0,644,0,False,2.0,1,0.0,[2 2],[1. 0.],0,0,[0.4 0.4],1.0,0.0,1.0
644,0.0,1,323.0,2,645,1,False,0.0,0,1.0,[2 2],[1. 0.],0,0,[0.4 0.4],1.0,0.0,1.0
645,0.0,1,323.0,0,646,0,False,1.0,1,0.0,[1 2],[1. 0.],1,0,[0.4 0.4],1.0,0.0,1.0
646,0.0,1,324.0,2,647,1,False,0.0,0,2.0,[1 2],[1. 0.],1,0,[0.4 0.4],1.0,0.0,1.0
647,0.0,1,324.0,0,648,0,False,2.0,1,0.0,[1 2],[1. 0.],1,0,[0.4 0.4],1.0,0.0,1.0
648,0.0,1,325.0,2,649,1,False,0.0,0,2.0,[1 2],[1. 0.],1,0,[0.4 0.4],1.0,0.0,1.0
649,0.0,1,325.0,0,650,0,False,2.0,1,0.0,[1 2],[1. 0.],1,0,[0.4 0.4],1.0,0.0,1.0
650,0.0,1,326.0,1,651,1,False,0.0,0,2.0,[1 2],[1. 0.],1,0,[0.4 0.4],1.0,0.0,1.0
651,1.0,1,326.0,0,652,0,False,2.0,1,0.0,[1 2],[1. 0.],0,0,[0.4 0.4],1.0,0.0,1.0
652,0.0,1,327.0,1,653,1,False,0.0,0,1.0,[1 2],[1. 0.],0,0,[0.4 0.4],1.0,0.0,1.0
653,1.0,1,327.0,0,654,0,False,1.0,1,0.0,[1 2],[1. 0.],1,0,[0.4 0.4],1.0,0.0,1.0
654,0.0,1,328.0,1,655,1,False,0.0,0,2.0,[1 2],[1. 0.],1,0,[0.4 0.4],1.0,0.0,1.0
655,1.0,1,328.0,0,656,0,False,2.0,1,0.0,[1 2],[1. 0.],0,0,[0.4 0.4],1.0,0.0,1.0
656,0.0,1,329.0,1,657,1,False,0.0,0,1.0,[1 2],[1. 0.],0,0,[0.4 0.4],1.0,0.0,1.0
657,1.0,1,329.0,0,658,0,False,1.0,1,0.0,[2 2],[1. 0.],0,0,[0.4 0.4],1.0,0.0,1.0
658,0.0,1,330.0,1,659,1,False,0.0,0,1.0,[2 2],[1. 0.],0,0,[0.4 0.4],1.0,0.0,1.0
659,0.0,1,330.0,0,660,0,False,1.0,1,0.0,[1 1],[1. 0.],1,0,[0.4 0.4],1.0,0.0,1.0
660,0.0,1,331.0,1,661,1,False,0.0,0,2.0,[1 1],[1. 0.],1,0,[0.4 0.4],1.0,0.0,1.0
661,1.0,1,331.0,0,662,0,False,2.0,1,0.0,[1 2],[1. 0.],1,0,[0.4 0.4],1.0,0.0,1.0
662,0.0,1,332.0,1,663,1,False,0.0,0,2.0,[1 2],[1. 0.],1,0,[0.4 0.4],1.0,0.0,1.0
663,1.0,1,332.0,0,664,0,False,2.0,1,0.0,[2 1],[1. 0.],0,0,[0.4 0.4],1.0,0.0,1.0
664,0.0,1,333.0,1,665,1,False,0.0,0,1.0,[2 1],[1. 0.],0,0,[0.4 0.4],1.0,0.0,1.0
665,0.0,1,333.0,0,666,0,False,1.0,1,0.0,[1 2],[1. 0.],0,0,[0.4 0.4],1.0,0.0,1.0
666,0.0,1,334.0,1,667,1,False,0.0,0,1.0,[1 2],[1. 0.],0,0,[0.4 0.4],1.0,0.0,1.0
667,1.0,1,334.0,0,668,0,False,1.0,1,0.0,[2 1],[0. 1.],0,1,[0.4 0.4],1.0,0.0,1.0
668,0.0,1,335.0,1,669,1,False,0.0,0,1.0,[2 1],[0. 1.],0,1,[0.4 0.4],1.0,0.0,1.0
669,1.0,1,335.0,0,670,0,False,1.0,1,0.0,[2 2],[0. 1.],0,1,[0.4 0.4],1.0,0.0,1.0
670,0.0,1,336.0,1,671,1,False,0.0,0,1.0,[2 2],[0. 1.],0,1,[0.4 0.4],1.0,0.0,1.0
671,1.0,1,336.0,0,672,0,False,1.0,1,0.0,[2 2],[0. 1.],0,1,[0.4 0.4],1.0,0.0,1.0
672,0.0,1,337.0,1,673,1,False,0.0,0,1.0,[2 2],[0. 1.],0,1,[0.4 0.4],1.0,0.0,1.0
673,1.0,1,337.0,0,674,0,False,1.0,1,0.0,[1 2],[0. 1.],0,1,[0.4 0.4],1.0,0.0,1.0
674,0.0,1,338.0,1,675,1,False,0.0,0,1.0,[1 2],[0. 1.],0,1,[0.4 0.4],1.0,0.0,1.0
675,0.0,1,338.0,0,676,0,False,1.0,1,0.0,[1 2],[0. 1.],1,1,[0.4 0.4],1.0,0.0,1.0
676,0.0,1,339.0,1,677,1,False,0.0,0,2.0,[1 2],[0. 1.],1,1,[0.4 0.4],1.0,0.0,1.0
677,0.0,1,339.0,0,678,0,False,2.0,1,0.0,[2 2],[0. 1.],1,1,[0.4 0.4],1.0,0.0,1.0
678,0.0,1,340.0,1,679,1,False,0.0,0,2.0,[2 2],[0. 1.],1,1,[0.4 0.4],1.0,0.0,1.0
679,1.0,1,340.0,0,680,0,False,2.0,1,0.0,[1 2],[0. 1.],1,1,[0.4 0.4],1.0,0.0,1.0
680,0.0,1,341.0,1,681,1,False,0.0,0,2.0,[1 2],[0. 1.],1,1,[0.4 0.4],1.0,0.0,1.0
681,0.0,1,341.0,0,682,0,False,2.0,1,0.0,[1 2],[0. 1.],0,1,[0.4 0.4],1.0,0.0,1.0
682,0.0,1,342.0,1,683,1,False,0.0,0,1.0,[1 2],[0. 1.],0,1,[0.4 0.4],1.0,0.0,1.0
683,0.0,1,342.0,0,684,0,False,1.0,1,0.0,[1 2],[1. 0.],0,0,[0.4 0.4],1.0,0.0,1.0
684,0.0,1,343.0,1,685,1,False,0.0,0,1.0,[1 2],[1. 0.],0,0,[0.4 0.4],1.0,0.0,1.0
685,1.0,1,343.0,0,686,0,False,1.0,1,0.0,[1 2],[1. 0.],1,0,[0.4 0.4],1.0,0.0,1.0
686,0.0,1,344.0,1,687,1,False,0.0,0,2.0,[1 2],[1. 0.],1,0,[0.4 0.4],1.0,0.0,1.0
687,1.0,1,344.0,0,688,0,False,2.0,1,0.0,[1 2],[1. 0.],0,0,[0.4 0.4],1.0,0.0,1.0
688,0.0,1,345.0,1,689,1,False,0.0,0,1.0,[1 2],[1. 0.],0,0,[0.4 0.4],1.0,0.0,1.0
689,1.0,1,345.0,0,690,0,False,1.0,1,0.0,[1 1],[1. 0.],1,0,[0.4 0.4],1.0,0.0,1.0
690,0.0,1,346.0,1,691,1,False,0.0,0,2.0,[1 1],[1. 0.],1,0,[0.4 0.4],1.0,0.0,1.0
691,1.0,1,346.0,0,692,0,False,2.0,1,0.0,[1 2],[1. 0.],0,0,[0.4 0.4],1.0,0.0,1.0
692,0.0,1,347.0,1,693,1,False,0.0,0,1.0,[1 2],[1. 0.],0,0,[0.4 0.4],1.0,0.0,1.0
693,1.0,1,347.0,0,694,0,False,1.0,1,0.0,[1 1],[1. 0.],0,0,[0.4 0.4],1.0,0.0,1.0
694,0.0,1,348.0,1,695,1,False,0.0,0,1.0,[1 1],[1. 0.],0,0,[0.4 0.4],1.0,0.0,1.0
695,1.0,1,348.0,0,696,0,False,1.0,1,0.0,[1 2],[1. 0.],1,0,[0.4 0.4],1.0,0.0,1.0
696,0.0,1,349.0,1,697,1,False,0.0,0,2.0,[1 2],[1. 0.],1,0,[0.4 0.4],1.0,0.0,1.0
697,1.0,1,349.0,0,698,0,False,2.0,1,0.0,[1 2],[1. 0.],0,0,[0.4 0.4],1.0,0.0,1.0
698,0.0,1,350.0,1,699,1,False,0.0,0,1.0,[1 2],[1. 0.],0,0,[0.4 0.4],1.0,0.0,1.0
699,1.0,1,350.0,0,700,0,False,1.0,1,0.0,[1 1],[1. 0.],1,0,[0.4 0.4],1.0,0.0,1.0
700,0.0,1,351.0,1,701,1,False,0.0,0,2.0,[1 1],[1. 0.],1,0,[0.4 0.4],1.0,0.0,1.0
701,1.0,1,351.0,0,702,0,False,2.0,1,0.0,[1 1],[1. 0.],1,0,[0.4 0.4],1.0,0.0,1.0
702,0.0,1,352.0,1,703,1,False,0.0,0,2.0,[1 1],[1. 0.],1,0,[0.4 0.4],1.0,0.0,1.0
703,1.0,1,352.0,0,704,0,False,2.0,1,0.0,[1 2],[1. 0.],0,0,[0.4 0.4],1.0,0.0,1.0
704,0.0,1,353.0,1,705,1,False,0.0,0,1.0,[1 2],[1. 0.],0,0,[0.4 0.4],1.0,0.0,1.0
705,1.0,1,353.0,0,706,0,False,1.0,1,0.0,[1 1],[1. 0.],1,0,[0.4 0.4],1.0,0.0,1.0
706,0.0,1,354.0,1,707,1,False,0.0,0,2.0,[1 1],[1. 0.],1,0,[0.4 0.4],1.0,0.0,1.0
707,1.0,1,354.0,0,708,0,False,2.0,1,0.0,[1 2],[1. 0.],0,0,[0.4 0.4],1.0,0.0,1.0
708,0.0,1,355.0,1,709,1,False,0.0,0,1.0,[1 2],[1. 0.],0,0,[0.4 0.4],1.0,0.0,1.0
709,1.0,1,355.0,0,710,0,False,1.0,1,0.0,[1 2],[1. 0.],0,0,[0.4 0.4],1.0,0.0,1.0
710,0.0,1,356.0,1,711,1,False,0.0,0,1.0,[1 2],[1. 0.],0,0,[0.4 0.4],1.0,0.0,1.0
711,1.0,1,356.0,0,712,0,False,1.0,1,0.0,[1 2],[1. 0.],0,0,[0.4 0.4],1.0,0.0,1.0
712,0.0,1,357.0,1,713,1,False,0.0,0,1.0,[1 2],[1. 0.],0,0,[0.4 0.4],1.0,0.0,1.0
713,1.0,1,357.0,0,714,0,False,1.0,1,0.0,[2 2],[1. 0.],1,0,[0.4 0.4],1.0,0.0,1.0
714,0.0,1,358.0,1,715,1,False,0.0,0,2.0,[2 2],[1. 0.],1,0,[0.4 0.4],1.0,0.0,1.0
715,0.0,1,358.0,0,716,0,False,2.0,1,0.0,[1 1],[1. 0.],0,0,[0.4 0.4],1.0,0.0,1.0
716,0.0,1,359.0,1,717,1,False,0.0,0,1.0,[1 1],[1. 0.],0,0,[0.4 0.4],1.0,0.0,1.0
717,1.0,1,359.0,0,718,0,False,1.0,1,0.0,[1 2],[1. 0.],1,0,[0.4 0.4],1.0,0.0,1.0
718,0.0,1,360.0,1,719,1,False,0.0,0,2.0,[1 2],[1. 0.],1,0,[0.4 0.4],1.0,0.0,1.0
719,1.0,1,360.0,0,720,0,False,2.0,1,0.0,[1 1],[1. 0.],1,0,[0.4 0.4],1.0,0.0,1.0
720,0.0,1,361.0,1,721,1,False,0.0,0,2.0,[1 1],[1. 0.],1,0,[0.4 0.4],1.0,0.0,1.0
721,1.0,1,361.0,0,722,0,False,2.0,1,0.0,[2 2],[1. 0.],0,0,[0.4 0.4],1.0,0.0,1.0
722,0.0,1,362.0,1,723,1,False,0.0,0,1.0,[2 2],[1. 0.],0,0,[0.4 0.4],1.0,0.0,1.0
723,0.0,1,362.0,0,724,0,False,1.0,1,0.0,[1 1],[1. 0.],1,0,[0.4 0.4],1.0,0.0,1.0
724,0.0,1,363.0,1,725,1,False,0.0,0,2.0,[1 1],[1. 0.],1,0,[0.4 0.4],1.0,0.0,1.0
725,1.0,1,363.0,0,726,0,False,2.0,1,0.0,[1 1],[1. 0.],0,0,[0.4 0.4],1.0,0.0,1.0
726,0.0,1,364.0,1,727,1,False,0.0,0,1.0,[1 1],[1. 0.],0,0,[0.4 0.4],1.0,0.0,1.0
727,1.0,1,364.0,0,728,0,False,1.0,1,0.0,[1 1],[1. 0.],1,0,[0.4 0.4],1.0,0.0,1.0
728,0.0,1,365.0,1,729,1,False,0.0,0,2.0,[1 1],[1. 0.],1,0,[0.4 0.4],1.0,0.0,1.0
729,1.0,1,365.0,0,730,0,False,2.0,1,0.0,[1 1],[1. 0.],1,0,[0.4 0.4],1.0,0.0,1.0
730,0.0,1,366.0,1,731,1,False,0.0,0,2.0,[1 1],[1. 0.],1,0,[0.4 0.4],1.0,0.0,1.0
731,1.0,1,366.0,0,732,0,False,2.0,1,0.0,[2 2],[1. 0.],1,0,[0.4 0.4],1.0,0.0,1.0
732,0.0,1,367.0,1,733,1,False,0.0,0,2.0,[2 2],[1. 0.],1,0,[0.4 0.4],1.0,0.0,1.0
733,0.0,1,367.0,0,734,0,False,2.0,1,0.0,[1 2],[1. 0.],0,0,[0.4 0.4],1.0,0.0,1.0
734,0.0,1,368.0,1,735,1,False,0.0,0,1.0,[1 2],[1. 0.],0,0,[0.4 0.4],1.0,0.0,1.0
735,1.0,1,368.0,0,736,0,False,1.0,1,0.0,[2 2],[1. 0.],1,0,[0.4 0.4],1.0,0.0,1.0
736,0.0,1,369.0,1,737,1,False,0.0,0,2.0,[2 2],[1. 0.],1,0,[0.4 0.4],1.0,0.0,1.0
737,0.0,1,369.0,0,738,0,False,2.0,1,0.0,[2 1],[1. 0.],1,0,[0.4 0.4],1.0,0.0,1.0
738,0.0,1,370.0,1,739,1,False,0.0,0,2.0,[2 1],[1. 0.],1,0,[0.4 0.4],1.0,0.0,1.0
739,0.0,1,370.0,0,740,0,False,2.0,1,0.0,[2 2],[1. 0.],1,0,[0.4 0.4],1.0,0.0,1.0
740,0.0,1,371.0,1,741,1,False,0.0,0,2.0,[2 2],[1. 0.],1,0,[0.4 0.4],1.0,0.0,1.0
741,0.0,1,371.0,0,742,0,False,2.0,1,0.0,[1 2],[1. 0.],0,0,[0.4 0.4],1.0,0.0,1.0
742,0.0,1,372.0,2,743,1,False,0.0,0,1.0,[1 2],[1. 0.],0,0,[0.4 0.4],1.0,0.0,1.0
743,0.0,1,372.0,0,744,0,False,1.0,1,0.0,[1 1],[1. 0.],0,0,[0.4 0.4],1.0,0.0,1.0
744,0.0,1,373.0,1,745,1,False,0.0,0,1.0,[1 1],[1. 0.],0,0,[0.4 0.4],1.0,0.0,1.0
745,1.0,1,373.0,0,746,0,False,1.0,1,0.0,[1 2],[1. 0.],0,0,[0.4 0.4],1.0,0.0,1.0
746,0.0,1,374.0,1,747,1,False,0.0,0,1.0,[1 2],[1. 0.],0,0,[0.4 0.4],1.0,0.0,1.0
747,1.0,1,374.0,0,748,0,False,1.0,1,0.0,[2 2],[1. 0.],1,0,[0.4 0.4],1.0,0.0,1.0
748,0.0,1,375.0,1,749,1,False,0.0,0,2.0,[2 2],[1. 0.],1,0,[0.4 0.4],1.0,0.0,1.0
749,0.0,1,375.0,0,750,0,False,2.0,1,0.0,[1 2],[1. 0.],1,0,[0.4 0.4],1.0,0.0,1.0
750,0.0,1,376.0,1,751,1,False,0.0,0,2.0,[1 2],[1. 0.],1,0,[0.4 0.4],1.0,0.0,1.0
751,1.0,1,376.0,0,752,0,False,2.0,1,0.0,[1 2],[1. 0.],1,0,[0.4 0.4],1.0,0.0,1.0
752,0.0,1,377.0,1,753,1,False,0.0,0,2.0,[1 2],[1. 0.],1,0,[0.4 0.4],1.0,0.0,1.0
753,1.0,1,377.0,0,754,0,False,2.0,1,0.0,[1 2],[1. 0.],0,0,[0.4 0.4],1.0,0.0,1.0
754,0.0,1,378.0,1,755,1,False,0.0,0,1.0,[1 2],[1. 0.],0,0,[0.4 0.4],1.0,0.0,1.0
755,1.0,1,378.0,0,756,0,False,1.0,1,0.0,[2 1],[1. 0.],1,0,[0.4 0.4],1.0,0.0,1.0
756,0.0,1,379.0,1,757,1,False,0.0,0,2.0,[2 1],[1. 0.],1,0,[0.4 0.4],1.0,0.0,1.0
757,0.0,1,379.0,0,758,0,False,2.0,1,0.0,[1 1],[1. 0.],0,0,[0.4 0.4],1.0,0.0,1.0
758,0.0,1,380.0,1,759,1,False,0.0,0,1.0,[1 1],[1. 0.],0,0,[0.4 0.4],1.0,0.0,1.0
759,1.0,1,380.0,0,760,0,False,1.0,1,0.0,[1 1],[1. 0.],1,0,[0.4 0.4],1.0,0.0,1.0
760,0.0,1,381.0,1,761,1,False,0.0,0,2.0,[1 1],[1. 0.],1,0,[0.4 0.4],1.0,0.0,1.0
761,1.0,1,381.0,0,762,0,False,2.0,1,0.0,[1 2],[1. 0.],0,0,[0.4 0.4],1.0,0.0,1.0
762,0.0,1,382.0,1,763,1,False,0.0,0,1.0,[1 2],[1. 0.],0,0,[0.4 0.4],1.0,0.0,1.0
763,1.0,1,382.0,0,764,0,False,1.0,1,0.0,[1 2],[1. 0.],1,0,[0.4 0.4],1.0,0.0,1.0
764,0.0,1,383.0,1,765,1,False,0.0,0,2.0,[1 2],[1. 0.],1,0,[0.4 0.4],1.0,0.0,1.0
765,1.0,1,383.0,0,766,0,False,2.0,1,0.0,[2 1],[1. 0.],1,0,[0.4 0.4],1.0,0.0,1.0
766,0.0,1,384.0,1,767,1,False,0.0,0,2.0,[2 1],[1. 0.],1,0,[0.4 0.4],1.0,0.0,1.0
767,0.0,1,384.0,0,768,0,False,2.0,1,0.0,[1 2],[1. 0.],0,0,[0.4 0.4],1.0,0.0,1.0
768,0.0,1,385.0,1,769,1,False,0.0,0,1.0,[1 2],[1. 0.],0,0,[0.4 0.4],1.0,0.0,1.0
769,1.0,1,385.0,0,770,0,False,1.0,1,0.0,[2 1],[0. 1.],1,1,[0.4 0.4],1.0,0.0,1.0
770,0.0,1,386.0,1,771,1,False,0.0,0,2.0,[2 1],[0. 1.],1,1,[0.4 0.4],1.0,0.0,1.0
771,1.0,1,386.0,0,772,0,False,2.0,1,0.0,[1 2],[0. 1.],0,1,[0.4 0.4],1.0,0.0,1.0
772,0.0,1,387.0,1,773,1,False,0.0,0,1.0,[1 2],[0. 1.],0,1,[0.4 0.4],1.0,0.0,1.0
773,0.0,1,387.0,0,774,0,False,1.0,1,0.0,[1 2],[0. 1.],1,1,[0.4 0.4],1.0,0.0,1.0
774,0.0,1,388.0,1,775,1,False,0.0,0,2.0,[1 2],[0. 1.],1,1,[0.4 0.4],1.0,0.0,1.0
775,0.0,1,388.0,0,776,0,False,2.0,1,0.0,[2 2],[0. 1.],0,1,[0.4 0.4],1.0,0.0,1.0
776,0.0,1,389.0,1,777,1,False,0.0,0,1.0,[2 2],[0. 1.],0,1,[0.4 0.4],1.0,0.0,1.0
777,1.0,1,389.0,0,778,0,False,1.0,1,0.0,[2 1],[0. 1.],1,1,[0.4 0.4],1.0,0.0,1.0
778,0.0,1,390.0,1,779,1,False,0.0,0,2.0,[2 1],[0. 1.],1,1,[0.4 0.4],1.0,0.0,1.0
779,1.0,1,390.0,0,780,0,False,2.0,1,0.0,[1 1],[0. 1.],0,1,[0.4 0.4],1.0,0.0,1.0
780,0.0,1,391.0,1,781,1,False,0.0,0,1.0,[1 1],[0. 1.],0,1,[0.4 0.4],1.0,0.0,1.0
781,0.0,1,391.0,0,782,0,False,1.0,1,0.0,[2 2],[0. 1.],0,1,[0.4 0.4],1.0,0.0,1.0
782,0.0,1,392.0,1,783,1,False,0.0,0,1.0,[2 2],[0. 1.],0,1,[0.4 0.4],1.0,0.0,1.0
783,1.0,1,392.0,0,784,0,False,1.0,1,0.0,[1 2],[0. 1.],1,1,[0.4 0.4],1.0,0.0,1.0
784,0.0,1,393.0,1,785,1,False,0.0,0,2.0,[1 2],[0. 1.],1,1,[0.4 0.4],1.0,0.0,1.0
785,0.0,1,393.0,0,786,0,False,2.0,1,0.0,[1 2],[0. 1.],0,1,[0.4 0.4],1.0,0.0,1.0
786,0.0,1,394.0,1,787,1,False,0.0,0,1.0,[1 2],[0. 1.],0,1,[0.4 0.4],1.0,0.0,1.0
787,0.0,1,394.0,0,788,0,False,1.0,1,0.0,[1 1],[0. 1.],0,1,[0.4 0.4],1.0,0.0,1.0
788,0.0,1,395.0,1,789,1,False,0.0,0,1.0,[1 1],[0. 1.],0,1,[0.4 0.4],1.0,0.0,1.0
789,0.0,1,395.0,0,790,0,False,1.0,1,0.0,[1 2],[0. 1.],1,1,[0.4 0.4],1.0,0.0,1.0
790,0.0,1,396.0,1,791,1,False,0.0,0,2.0,[1 2],[0. 1.],1,1,[0.4 0.4],1.0,0.0,1.0
791,0.0,1,396.0,0,792,0,False,2.0,1,0.0,[2 2],[0. 1.],0,1,[0.4 0.4],1.0,0.0,1.0
792,0.0,1,397.0,2,793,1,False,0.0,0,1.0,[2 2],[0. 1.],0,1,[0.4 0.4],1.0,0.0,1.0
793,1.0,1,397.0,0,794,0,False,1.0,1,0.0,[2 2],[0. 1.],1,1,[0.4 0.4],1.0,0.0,1.0
794,0.0,1,398.0,2,795,1,False,0.0,0,2.0,[2 2],[0. 1.],1,1,[0.4 0.4],1.0,0.0,1.0
795,1.0,1,398.0,0,796,0,False,2.0,1,0.0,[1 2],[0. 1.],0,1,[0.4 0.4],1.0,0.0,1.0
796,0.0,1,399.0,2,797,1,False,0.0,0,1.0,[1 2],[0. 1.],0,1,[0.4 0.4],1.0,0.0,1.0
797,1.0,1,399.0,0,798,0,False,1.0,1,0.0,[2 1],[0. 1.],1,1,[0.4 0.4],1.0,0.0,1.0
798,0.0,1,400.0,2,799,1,False,0.0,0,2.0,[2 1],[0. 1.],1,1,[0.4 0.4],1.0,0.0,1.0
799,0.0,1,400.0,0,800,0,False,2.0,1,0.0,[1 2],[0. 1.],1,1,[0.4 0.4],1.0,0.0,1.0
800,0.0,1,401.0,2,801,1,False,0.0,0,2.0,[1 2],[0. 1.],1,1,[0.4 0.4],1.0,0.0,1.0
801,1.0,1,401.0,0,802,0,False,2.0,1,0.0,[2 1],[0. 1.],0,1,[0.4 0.4],1.0,0.0,1.0
802,0.0,1,402.0,2,803,1,False,0.0,0,1.0,[2 1],[0. 1.],0,1,[0.4 0.4],1.0,0.0,1.0
803,0.0,1,402.0,0,804,0,False,1.0,1,0.0,[2 1],[0. 1.],1,1,[0.4 0.4],1.0,0.0,1.0
804,0.0,1,403.0,2,805,1,False,0.0,0,2.0,[2 1],[0. 1.],1,1,[0.4 0.4],1.0,0.0,1.0
805,0.0,1,403.0,0,806,0,False,2.0,1,0.0,[1 2],[0. 1.],0,1,[0.4 0.4],1.0,0.0,1.0
806,0.0,1,404.0,2,807,1,False,0.0,0,1.0,[1 2],[0. 1.],0,1,[0.4 0.4],1.0,0.0,1.0
807,1.0,1,404.0,0,808,0,False,1.0,1,0.0,[1 1],[0. 1.],0,1,[0.4 0.4],1.0,0.0,1.0
808,0.0,1,405.0,2,809,1,False,0.0,0,1.0,[1 1],[0. 1.],0,1,[0.4 0.4],1.0,0.0,1.0
809,0.0,1,405.0,0,810,0,False,1.0,1,0.0,[1 2],[0. 1.],1,1,[0.4 0.4],1.0,0.0,1.0
810,0.0,1,406.0,2,811,1,False,0.0,0,2.0,[1 2],[0. 1.],1,1,[0.4 0.4],1.0,0.0,1.0
811,1.0,1,406.0,0,812,0,False,2.0,1,0.0,[2 2],[0. 1.],1,1,[0.4 0.4],1.0,0.0,1.0
812,0.0,1,407.0,2,813,1,False,0.0,0,2.0,[2 2],[0. 1.],1,1,[0.4 0.4],1.0,0.0,1.0
813,1.0,1,407.0,0,814,0,False,2.0,1,0.0,[1 2],[0. 1.],0,1,[0.4 0.4],1.0,0.0,1.0
814,0.0,1,408.0,2,815,1,False,0.0,0,1.0,[1 2],[0. 1.],0,1,[0.4 0.4],1.0,0.0,1.0
815,1.0,1,408.0,0,816,0,False,1.0,1,0.0,[1 2],[0. 1.],0,1,[0.4 0.4],1.0,0.0,1.0
816,0.0,1,409.0,2,817,1,False,0.0,0,1.0,[1 2],[0. 1.],0,1,[0.4 0.4],1.0,0.0,1.0
817,1.0,1,409.0,0,818,0,False,1.0,1,0.0,[1 1],[0. 1.],0,1,[0.4 0.4],1.0,0.0,1.0
818,0.0,1,410.0,2,819,1,False,0.0,0,1.0,[1 1],[0. 1.],0,1,[0.4 0.4],1.0,0.0,1.0
819,0.0,1,410.0,0,820,0,False,1.0,1,0.0,[2 2],[0. 1.],0,1,[0.4 0.4],1.0,0.0,1.0
820,0.0,1,411.0,2,821,1,False,0.0,0,1.0,[2 2],[0. 1.],0,1,[0.4 0.4],1.0,0.0,1.0
821,1.0,1,411.0,0,822,0,False,1.0,1,0.0,[2 1],[0. 1.],1,1,[0.4 0.4],1.0,0.0,1.0
822,0.0,1,412.0,2,823,1,False,0.0,0,2.0,[2 1],[0. 1.],1,1,[0.4 0.4],1.0,0.0,1.0
823,0.0,1,412.0,0,824,0,False,2.0,1,0.0,[2 2],[0. 1.],0,1,[0.4 0.4],1.0,0.0,1.0
824,0.0,1,413.0,2,825,1,False,0.0,0,1.0,[2 2],[0. 1.],0,1,[0.4 0.4],1.0,0.0,1.0
825,1.0,1,413.0,0,826,0,False,1.0,1,0.0,[2 2],[0. 1.],1,1,[0.4 0.4],1.0,0.0,1.0
826,0.0,1,414.0,2,827,1,False,0.0,0,2.0,[2 2],[0. 1.],1,1,[0.4 0.4],1.0,0.0,1.0
827,1.0,1,414.0,0,828,0,False,2.0,1,0.0,[1 2],[0. 1.],1,1,[0.4 0.4],1.0,0.0,1.0
828,0.0,1,415.0,2,829,1,False,0.0,0,2.0,[1 2],[0. 1.],1,1,[0.4 0.4],1.0,0.0,1.0
829,1.0,1,415.0,0,830,0,False,2.0,1,0.0,[1 2],[0. 1.],0,1,[0.4 0.4],1.0,0.0,1.0
830,0.0,1,416.0,2,831,1,False,0.0,0,1.0,[1 2],[0. 1.],0,1,[0.4 0.4],1.0,0.0,1.0
831,1.0,1,416.0,0,832,0,False,1.0,1,0.0,[2 1],[0. 1.],0,1,[0.4 0.4],1.0,0.0,1.0
832,0.0,1,417.0,2,833,1,False,0.0,0,1.0,[2 1],[0. 1.],0,1,[0.4 0.4],1.0,0.0,1.0
833,0.0,1,417.0,0,834,0,False,1.0,1,0.0,[2 1],[0. 1.],0,1,[0.4 0.4],1.0,0.0,1.0
834,0.0,1,418.0,2,835,1,False,0.0,0,1.0,[2 1],[0. 1.],0,1,[0.4 0.4],1.0,0.0,1.0
835,0.0,1,418.0,0,836,0,False,1.0,1,0.0,[1 2],[0. 1.],1,1,[0.4 0.4],1.0,0.0,1.0
836,0.0,1,419.0,2,837,1,False,0.0,0,2.0,[1 2],[0. 1.],1,1,[0.4 0.4],1.0,0.0,1.0
837,1.0,1,419.0,0,838,0,False,2.0,1,0.0,[1 2],[0. 1.],1,1,[0.4 0.4],1.0,0.0,1.0
838,0.0,1,420.0,2,839,1,False,0.0,0,2.0,[1 2],[0. 1.],1,1,[0.4 0.4],1.0,0.0,1.0
839,1.0,1,420.0,0,840,0,False,2.0,1,0.0,[1 2],[0. 1.],0,1,[0.4 0.4],1.0,0.0,1.0
840,0.0,1,421.0,2,841,1,False,0.0,0,1.0,[1 2],[0. 1.],0,1,[0.4 0.4],1.0,0.0,1.0
841,1.0,1,421.0,0,842,0,False,1.0,1,0.0,[1 1],[0. 1.],1,1,[0.4 0.4],1.0,0.0,1.0
842,0.0,1,422.0,2,843,1,False,0.0,0,2.0,[1 1],[0. 1.],1,1,[0.4 0.4],1.0,0.0,1.0
843,0.0,1,422.0,0,844,0,False,2.0,1,0.0,[1 2],[0. 1.],0,1,[0.4 0.4],1.0,0.0,1.0
844,0.0,1,423.0,2,845,1,False,0.0,0,1.0,[1 2],[0. 1.],0,1,[0.4 0.4],1.0,0.0,1.0
845,1.0,1,423.0,0,846,0,False,1.0,1,0.0,[1 2],[0. 1.],0,1,[0.4 0.4],1.0,0.0,1.0
846,0.0,1,424.0,2,847,1,False,0.0,0,1.0,[1 2],[0. 1.],0,1,[0.4 0.4],1.0,0.0,1.0
847,1.0,1,424.0,0,848,0,False,1.0,1,0.0,[1 1],[0. 1.],1,1,[0.4 0.4],1.0,0.0,1.0
848,0.0,1,425.0,2,849,1,False,0.0,0,2.0,[1 1],[0. 1.],1,1,[0.4 0.4],1.0,0.0,1.0
849,0.0,1,425.0,0,850,0,False,2.0,1,0.0,[1 2],[0. 1.],1,1,[0.4 0.4],1.0,0.0,1.0
850,0.0,1,426.0,2,851,1,False,0.0,0,2.0,[1 2],[0. 1.],1,1,[0.4 0.4],1.0,0.0,1.0
851,1.0,1,426.0,0,852,0,False,2.0,1,0.0,[1 1],[0. 1.],1,1,[0.4 0.4],1.0,0.0,1.0
852,0.0,1,427.0,2,853,1,False,0.0,0,2.0,[1 1],[0. 1.],1,1,[0.4 0.4],1.0,0.0,1.0
853,0.0,1,427.0,0,854,0,False,2.0,1,0.0,[1 1],[0. 1.],1,1,[0.4 0.4],1.0,0.0,1.0
854,0.0,1,428.0,2,855,1,False,0.0,0,2.0,[1 1],[0. 1.],1,1,[0.4 0.4],1.0,0.0,1.0
855,0.0,1,428.0,0,856,0,False,2.0,1,0.0,[1 2],[0. 1.],0,1,[0.4 0.4],1.0,0.0,1.0
856,0.0,1,429.0,1,857,1,False,0.0,0,1.0,[1 2],[0. 1.],0,1,[0.4 0.4],1.0,0.0,1.0
857,0.0,1,429.0,0,858,0,False,1.0,1,0.0,[2 2],[0. 1.],1,1,[0.4 0.4],1.0,0.0,1.0
858,0.0,1,430.0,1,859,1,False,0.0,0,2.0,[2 2],[0. 1.],1,1,[0.4 0.4],1.0,0.0,1.0
859,1.0,1,430.0,0,860,0,False,2.0,1,0.0,[1 2],[0. 1.],0,1,[0.4 0.4],1.0,0.0,1.0
860,0.0,1,431.0,1,861,1,False,0.0,0,1.0,[1 2],[0. 1.],0,1,[0.4 0.4],1.0,0.0,1.0
861,0.0,1,431.0,0,862,0,False,1.0,1,0.0,[2 2],[0. 1.],0,1,[0.4 0.4],1.0,0.0,1.0
862,0.0,1,432.0,1,863,1,False,0.0,0,1.0,[2 2],[0. 1.],0,1,[0.4 0.4],1.0,0.0,1.0
863,1.0,1,432.0,0,864,0,False,1.0,1,0.0,[1 1],[0. 1.],1,1,[0.4 0.4],1.0,0.0,1.0
864,0.0,1,433.0,1,865,1,False,0.0,0,2.0,[1 1],[0. 1.],1,1,[0.4 0.4],1.0,0.0,1.0
865,0.0,1,433.0,0,866,0,False,2.0,1,0.0,[1 2],[0. 1.],0,1,[0.4 0.4],1.0,0.0,1.0
866,0.0,1,434.0,1,867,1,False,0.0,0,1.0,[1 2],[0. 1.],0,1,[0.4 0.4],1.0,0.0,1.0
867,0.0,1,434.0,0,868,0,False,1.0,1,0.0,[1 1],[0. 1.],0,1,[0.4 0.4],1.0,0.0,1.0
868,0.0,1,435.0,1,869,1,False,0.0,0,1.0,[1 1],[0. 1.],0,1,[0.4 0.4],1.0,0.0,1.0
869,0.0,1,435.0,0,870,0,False,1.0,1,0.0,[2 1],[0. 1.],0,1,[0.4 0.4],1.0,0.0,1.0
870,0.0,1,436.0,2,871,1,False,0.0,0,1.0,[2 1],[0. 1.],0,1,[0.4 0.4],1.0,0.0,1.0
871,0.0,1,436.0,0,872,0,False,1.0,1,0.0,[1 2],[0. 1.],1,1,[0.4 0.4],1.0,0.0,1.0
872,0.0,1,437.0,1,873,1,False,0.0,0,2.0,[1 2],[0. 1.],1,1,[0.4 0.4],1.0,0.0,1.0
873,0.0,1,437.0,0,874,0,False,2.0,1,0.0,[2 1],[0. 1.],1,1,[0.4 0.4],1.0,0.0,1.0
874,0.0,1,438.0,2,875,1,False,0.0,0,2.0,[2 1],[0. 1.],1,1,[0.4 0.4],1.0,0.0,1.0
875,0.0,1,438.0,0,876,0,False,2.0,1,0.0,[1 2],[0. 1.],0,1,[0.4 0.4],1.0,0.0,1.0
876,0.0,1,439.0,1,877,1,False,0.0,0,1.0,[1 2],[0. 1.],0,1,[0.4 0.4],1.0,0.0,1.0
877,0.0,1,439.0,0,878,0,False,1.0,1,0.0,[1 1],[0. 1.],0,1,[0.4 0.4],1.0,0.0,1.0
878,0.0,1,440.0,2,879,1,False,0.0,0,1.0,[1 1],[0. 1.],0,1,[0.4 0.4],1.0,0.0,1.0
879,0.0,1,440.0,0,880,0,False,1.0,1,0.0,[1 2],[0. 1.],1,1,[0.4 0.4],1.0,0.0,1.0
880,0.0,1,441.0,1,881,1,False,0.0,0,2.0,[1 2],[0. 1.],1,1,[0.4 0.4],1.0,0.0,1.0
881,0.0,1,441.0,0,882,0,False,2.0,1,0.0,[2 1],[0. 1.],1,1,[0.4 0.4],1.0,0.0,1.0
882,0.0,1,442.0,2,883,1,False,0.0,0,2.0,[2 1],[0. 1.],1,1,[0.4 0.4],1.0,0.0,1.0
883,0.0,1,442.0,0,884,0,False,2.0,1,0.0,[1 1],[0. 1.],1,1,[0.4 0.4],1.0,0.0,1.0
884,0.0,1,443.0,1,885,1,False,0.0,0,2.0,[1 1],[0. 1.],1,1,[0.4 0.4],1.0,0.0,1.0
885,0.0,1,443.0,0,886,0,False,2.0,1,0.0,[2 1],[1. 0.],0,0,[0.4 0.4],1.0,0.0,1.0
886,0.0,1,444.0,2,887,1,False,0.0,0,1.0,[2 1],[1. 0.],0,0,[0.4 0.4],1.0,0.0,1.0
887,1.0,1,444.0,0,888,0,False,1.0,1,0.0,[1 2],[1. 0.],1,0,[0.4 0.4],1.0,0.0,1.0
888,0.0,1,445.0,2,889,1,False,0.0,0,2.0,[1 2],[1. 0.],1,0,[0.4 0.4],1.0,0.0,1.0
889,0.0,1,445.0,0,890,0,False,2.0,1,0.0,[1 2],[1. 0.],1,0,[0.4 0.4],1.0,0.0,1.0
890,0.0,1,446.0,2,891,1,False,0.0,0,2.0,[1 2],[1. 0.],1,0,[0.4 0.4],1.0,0.0,1.0
891,0.0,1,446.0,0,892,0,False,2.0,1,0.0,[1 1],[1. 0.],0,0,[0.4 0.4],1.0,0.0,1.0
892,0.0,1,447.0,1,893,1,False,0.0,0,1.0,[1 1],[1. 0.],0,0,[0.4 0.4],1.0,0.0,1.0
893,1.0,1,447.0,0,894,0,False,1.0,1,0.0,[1 2],[1. 0.],0,0,[0.4 0.4],1.0,0.0,1.0
894,0.0,1,448.0,1,895,1,False,0.0,0,1.0,[1 2],[1. 0.],0,0,[0.4 0.4],1.0,0.0,1.0
895,1.0,1,448.0,0,896,0,False,1.0,1,0.0,[1 2],[1. 0.],1,0,[0.4 0.4],1.0,0.0,1.0
896,0.0,1,449.0,1,897,1,False,0.0,0,2.0,[1 2],[1. 0.],1,0,[0.4 0.4],1.0,0.0,1.0
897,1.0,1,449.0,0,898,0,False,2.0,1,0.0,[2 1],[1. 0.],1,0,[0.4 0.4],1.0,0.0,1.0
898,0.0,1,450.0,1,899,1,False,0.0,0,2.0,[2 1],[1. 0.],1,0,[0.4 0.4],1.0,0.0,1.0
899,0.0,1,450.0,0,900,0,False,2.0,1,0.0,[2 1],[1. 0.],0,0,[0.4 0.4],1.0,0.0,1.0
900,0.0,1,451.0,1,901,1,False,0.0,0,1.0,[2 1],[1. 0.],0,0,[0.4 0.4],1.0,0.0,1.0
901,0.0,1,451.0,0,902,0,False,1.0,1,0.0,[1 1],[1. 0.],1,0,[0.4 0.4],1.0,0.0,1.0
902,0.0,1,452.0,1,903,1,False,0.0,0,2.0,[1 1],[1. 0.],1,0,[0.4 0.4],1.0,0.0,1.0
903,1.0,1,452.0,0,904,0,False,2.0,1,0.0,[2 2],[1. 0.],0,0,[0.4 0.4],1.0,0.0,1.0
904,0.0,1,453.0,1,905,1,False,0.0,0,1.0,[2 2],[1. 0.],0,0,[0.4 0.4],1.0,0.0,1.0
905,0.0,1,453.0,0,906,0,False,1.0,1,0.0,[2 2],[1. 0.],0,0,[0.4 0.4],1.0,0.0,1.0
906,0.0,1,454.0,1,907,1,False,0.0,0,1.0,[2 2],[1. 0.],0,0,[0.4 0.4],1.0,0.0,1.0
907,0.0,1,454.0,0,908,0,False,1.0,1,0.0,[1 1],[1. 0.],1,0,[0.4 0.4],1.0,0.0,1.0
908,0.0,1,455.0,1,909,1,False,0.0,0,2.0,[1 1],[1. 0.],1,0,[0.4 0.4],1.0,0.0,1.0
909,1.0,1,455.0,0,910,0,False,2.0,1,0.0,[1 2],[1. 0.],1,0,[0.4 0.4],1.0,0.0,1.0
910,0.0,1,456.0,1,911,1,False,0.0,0,2.0,[1 2],[1. 0.],1,0,[0.4 0.4],1.0,0.0,1.0
911,1.0,1,456.0,0,912,0,False,2.0,1,0.0,[2 1],[1. 0.],1,0,[0.4 0.4],1.0,0.0,1.0
912,0.0,1,457.0,1,913,1,False,0.0,0,2.0,[2 1],[1. 0.],1,0,[0.4 0.4],1.0,0.0,1.0
913,0.0,1,457.0,0,914,0,False,2.0,1,0.0,[2 1],[1. 0.],1,0,[0.4 0.4],1.0,0.0,1.0
914,0.0,1,458.0,1,915,1,False,0.0,0,2.0,[2 1],[1. 0.],1,0,[0.4 0.4],1.0,0.0,1.0
915,0.0,1,458.0,0,916,0,False,2.0,1,0.0,[2 1],[1. 0.],0,0,[0.4 0.4],1.0,0.0,1.0
916,0.0,1,459.0,2,917,1,False,0.0,0,1.0,[2 1],[1. 0.],0,0,[0.4 0.4],1.0,0.0,1.0
917,1.0,1,459.0,0,918,0,False,1.0,1,0.0,[2 1],[1. 0.],0,0,[0.4 0.4],1.0,0.0,1.0
918,0.0,1,460.0,2,919,1,False,0.0,0,1.0,[2 1],[1. 0.],0,0,[0.4 0.4],1.0,0.0,1.0
919,1.0,1,460.0,0,920,0,False,1.0,1,0.0,[2 2],[1. 0.],0,0,[0.4 0.4],1.0,0.0,1.0
920,0.0,1,461.0,2,921,1,False,0.0,0,1.0,[2 2],[1. 0.],0,0,[0.4 0.4],1.0,0.0,1.0
921,0.0,1,461.0,0,922,0,False,1.0,1,0.0,[1 1],[1. 0.],1,0,[0.4 0.4],1.0,0.0,1.0
922,0.0,1,462.0,2,923,1,False,0.0,0,2.0,[1 1],[1. 0.],1,0,[0.4 0.4],1.0,0.0,1.0
923,1.0,1,462.0,0,924,0,False,2.0,1,0.0,[2 1],[1. 0.],0,0,[0.4 0.4],1.0,0.0,1.0
924,0.0,1,463.0,2,925,1,False,0.0,0,1.0,[2 1],[1. 0.],0,0,[0.4 0.4],1.0,0.0,1.0
925,1.0,1,463.0,0,926,0,False,1.0,1,0.0,[2 1],[1. 0.],0,0,[0.4 0.4],1.0,0.0,1.0
926,0.0,1,464.0,2,927,1,False,0.0,0,1.0,[2 1],[1. 0.],0,0,[0.4 0.4],1.0,0.0,1.0
927,1.0,1,464.0,0,928,0,False,1.0,1,0.0,[2 1],[1. 0.],0,0,[0.4 0.4],1.0,0.0,1.0
928,0.0,1,465.0,2,929,1,False,0.0,0,1.0,[2 1],[1. 0.],0,0,[0.4 0.4],1.0,0.0,1.0
929,1.0,1,465.0,0,930,0,False,1.0,1,0.0,[1 1],[1. 0.],0,0,[0.4 0.4],1.0,0.0,1.0
930,0.0,1,466.0,2,931,1,False,0.0,0,1.0,[1 1],[1. 0.],0,0,[0.4 0.4],1.0,0.0,1.0
931,1.0,1,466.0,0,932,0,False,1.0,1,0.0,[1 2],[1. 0.],0,0,[0.4 0.4],1.0,0.0,1.0
932,0.0,1,467.0,2,933,1,False,0.0,0,1.0,[1 2],[1. 0.],0,0,[0.4 0.4],1.0,0.0,1.0
933,0.0,1,467.0,0,934,0,False,1.0,1,0.0,[2 1],[1. 0.],1,0,[0.4 0.4],1.0,0.0,1.0
934,0.0,1,468.0,2,935,1,False,0.0,0,2.0,[2 1],[1. 0.],1,0,[0.4 0.4],1.0,0.0,1.0
935,1.0,1,468.0,0,936,0,False,2.0,1,0.0,[2 1],[1. 0.],1,0,[0.4 0.4],1.0,0.0,1.0
936,0.0,1,469.0,2,937,1,False,0.0,0,2.0,[2 1],[1. 0.],1,0,[0.4 0.4],1.0,0.0,1.0
937,1.0,1,469.0,0,938,0,False,2.0,1,0.0,[1 1],[1. 0.],0,0,[0.4 0.4],1.0,0.0,1.0
938,0.0,1,470.0,2,939,1,False,0.0,0,1.0,[1 1],[1. 0.],0,0,[0.4 0.4],1.0,0.0,1.0
939,1.0,1,470.0,0,940,0,False,1.0,1,0.0,[2 2],[1. 0.],0,0,[0.4 0.4],1.0,0.0,1.0
940,0.0,1,471.0,2,941,1,False,0.0,0,1.0,[2 2],[1. 0.],0,0,[0.4 0.4],1.0,0.0,1.0
941,0.0,1,471.0,0,942,0,False,1.0,1,0.0,[2 1],[1. 0.],0,0,[0.4 0.4],1.0,0.0,1.0
942,0.0,1,472.0,2,943,1,False,0.0,0,1.0,[2 1],[1. 0.],0,0,[0.4 0.4],1.0,0.0,1.0
943,1.0,1,472.0,0,944,0,False,1.0,1,0.0,[2 2],[1. 0.],0,0,[0.4 0.4],1.0,0.0,1.0
944,0.0,1,473.0,2,945,1,False,0.0,0,1.0,[2 2],[1. 0.],0,0,[0.4 0.4],1.0,0.0,1.0
945,0.0,1,473.0,0,946,0,False,1.0,1,0.0,[2 1],[1. 0.],1,0,[0.4 0.4],1.0,0.0,1.0
946,0.0,1,474.0,2,947,1,False,0.0,0,2.0,[2 1],[1. 0.],1,0,[0.4 0.4],1.0,0.0,1.0
947,1.0,1,474.0,0,948,0,False,2.0,1,0.0,[1 1],[1. 0.],0,0,[0.4 0.4],1.0,0.0,1.0
948,0.0,1,475.0,2,949,1,False,0.0,0,1.0,[1 1],[1. 0.],0,0,[0.4 0.4],1.0,0.0,1.0
949,1.0,1,475.0,0,950,0,False,1.0,1,0.0,[2 1],[1. 0.],1,0,[0.4 0.4],1.0,0.0,1.0
950,0.0,1,476.0,2,951,1,False,0.0,0,2.0,[2 1],[1. 0.],1,0,[0.4 0.4],1.0,0.0,1.0
951,1.0,1,476.0,0,952,0,False,2.0,1,0.0,[2 1],[1. 0.],1,0,[0.4 0.4],1.0,0.0,1.0
952,0.0,1,477.0,2,953,1,False,0.0,0,2.0,[2 1],[1. 0.],1,0,[0.4 0.4],1.0,0.0,1.0
953,1.0,1,477.0,0,954,0,False,2.0,1,0.0,[1 1],[1. 0.],1,0,[0.4 0.4],1.0,0.0,1.0
954,0.0,1,478.0,2,955,1,False,0.0,0,2.0,[1 1],[1. 0.],1,0,[0.4 0.4],1.0,0.0,1.0
955,1.0,1,478.0,0,956,0,False,2.0,1,0.0,[1 1],[1. 0.],1,0,[0.4 0.4],1.0,0.0,1.0
956,0.0,1,479.0,2,957,1,False,0.0,0,2.0,[1 1],[1. 0.],1,0,[0.4 0.4],1.0,0.0,1.0
957,1.0,1,479.0,0,958,0,False,2.0,1,0.0,[2 2],[1. 0.],1,0,[0.4 0.4],1.0,0.0,1.0
958,0.0,1,480.0,2,959,1,False,0.0,0,2.0,[2 2],[1. 0.],1,0,[0.4 0.4],1.0,0.0,1.0
959,0.0,1,480.0,0,960,0,False,2.0,1,0.0,[2 1],[1. 0.],0,0,[0.4 0.4],1.0,0.0,1.0
960,0.0,1,481.0,2,961,1,False,0.0,0,1.0,[2 1],[1. 0.],0,0,[0.4 0.4],1.0,0.0,1.0
961,1.0,1,481.0,0,962,0,False,1.0,1,0.0,[1 2],[0. 1.],0,1,[0.4 0.4],1.0,0.0,1.0
962,0.0,1,482.0,2,963,1,False,0.0,0,1.0,[1 2],[0. 1.],0,1,[0.4 0.4],1.0,0.0,1.0
963,1.0,1,482.0,0,964,0,False,1.0,1,0.0,[1 1],[0. 1.],1,1,[0.4 0.4],1.0,0.0,1.0
964,0.0,1,483.0,2,965,1,False,0.0,0,2.0,[1 1],[0. 1.],1,1,[0.4 0.4],1.0,0.0,1.0
965,0.0,1,483.0,0,966,0,False,2.0,1,0.0,[1 1],[0. 1.],1,1,[0.4 0.4],1.0,0.0,1.0
966,0.0,1,484.0,2,967,1,False,0.0,0,2.0,[1 1],[0. 1.],1,1,[0.4 0.4],1.0,0.0,1.0
967,0.0,1,484.0,0,968,0,False,2.0,1,0.0,[1 1],[0. 1.],0,1,[0.4 0.4],1.0,0.0,1.0
968,0.0,1,485.0,1,969,1,False,0.0,0,1.0,[1 1],[0. 1.],0,1,[0.4 0.4],1.0,0.0,1.0
969,0.0,1,485.0,0,970,0,False,1.0,1,0.0,[2 1],[0. 1.],1,1,[0.4 0.4],1.0,0.0,1.0
970,0.0,1,486.0,1,971,1,False,0.0,0,2.0,[2 1],[0. 1.],1,1,[0.4 0.4],1.0,0.0,1.0
971,1.0,1,486.0,0,972,0,False,2.0,1,0.0,[1 1],[0. 1.],0,1,[0.4 0.4],1.0,0.0,1.0
972,0.0,1,487.0,1,973,1,False,0.0,0,1.0,[1 1],[0. 1.],0,1,[0.4 0.4],1.0,0.0,1.0
973,0.0,1,487.0,0,974,0,False,1.0,1,0.0,[1 1],[0. 1.],0,1,[0.4 0.4],1.0,0.0,1.0
974,0.0,1,488.0,2,975,1,False,0.0,0,1.0,[1 1],[0. 1.],0,1,[0.4 0.4],1.0,0.0,1.0
975,0.0,1,488.0,0,976,0,False,1.0,1,0.0,[1 2],[0. 1.],0,1,[0.4 0.4],1.0,0.0,1.0
976,0.0,1,489.0,2,977,1,False,0.0,0,1.0,[1 2],[0. 1.],0,1,[0.4 0.4],1.0,0.0,1.0
977,1.0,1,489.0,0,978,0,False,1.0,1,0.0,[1 2],[0. 1.],1,1,[0.4 0.4],1.0,0.0,1.0
978,0.0,1,490.0,2,979,1,False,0.0,0,2.0,[1 2],[0. 1.],1,1,[0.4 0.4],1.0,0.0,1.0
979,1.0,1,490.0,0,980,0,False,2.0,1,0.0,[1 2],[0. 1.],1,1,[0.4 0.4],1.0,0.0,1.0
980,0.0,1,491.0,2,981,1,False,0.0,0,2.0,[1 2],[0. 1.],1,1,[0.4 0.4],1.0,0.0,1.0
981,1.0,1,491.0,0,982,0,False,2.0,1,0.0,[1 1],[0. 1.],0,1,[0.4 0.4],1.0,0.0,1.0
982,0.0,1,492.0,2,983,1,False,0.0,0,1.0,[1 1],[0. 1.],0,1,[0.4 0.4],1.0,0.0,1.0
983,0.0,1,492.0,0,984,0,False,1.0,1,0.0,[1 1],[0. 1.],0,1,[0.4 0.4],1.0,0.0,1.0
984,0.0,1,493.0,2,985,1,False,0.0,0,1.0,[1 1],[0. 1.],0,1,[0.4 0.4],1.0,0.0,1.0
985,0.0,1,493.0,0,986,0,False,1.0,1,0.0,[2 2],[0. 1.],0,1,[0.4 0.4],1.0,0.0,1.0
986,0.0,1,494.0,2,987,1,False,0.0,0,1.0,[2 2],[0. 1.],0,1,[0.4 0.4],1.0,0.0,1.0
987,1.0,1,494.0,0,988,0,False,1.0,1,0.0,[1 2],[0. 1.],1,1,[0.4 0.4],1.0,0.0,1.0
988,0.0,1,495.0,2,989,1,False,0.0,0,2.0,[1 2],[0. 1.],1,1,[0.4 0.4],1.0,0.0,1.0
989,1.0,1,495.0,0,990,0,False,2.0,1,0.0,[1 2],[0. 1.],0,1,[0.4 0.4],1.0,0.0,1.0
990,0.0,1,496.0,2,991,1,False,0.0,0,1.0,[1 2],[0. 1.],0,1,[0.4 0.4],1.0,0.0,1.0
991,1.0,1,496.0,0,992,0,False,1.0,1,0.0,[2 2],[0. 1.],1,1,[0.4 0.4],1.0,0.0,1.0
992,0.0,1,497.0,2,993,1,False,0.0,0,2.0,[2 2],[0. 1.],1,1,[0.4 0.4],1.0,0.0,1.0
993,1.0,1,497.0,0,994,0,False,2.0,1,0.0,[2 1],[0. 1.],0,1,[0.4 0.4],1.0,0.0,1.0
994,0.0,1,498.0,2,995,1,False,0.0,0,1.0,[2 1],[0. 1.],0,1,[0.4 0.4],1.0,0.0,1.0
995,0.0,1,498.0,0,996,0,False,1.0,1,0.0,[2 2],[0. 1.],1,1,[0.4 0.4],1.0,0.0,1.0
996,0.0,1,499.0,2,997,1,False,0.0,0,2.0,[2 2],[0. 1.],1,1,[0.4 0.4],1.0,0.0,1.0
997,1.0,1,499.0,0,998,0,False,2.0,1,0.0,[2 1],[0. 1.],0,1,[0.4 0.4],1.0,0.0,1.0
998,0.0,1,500.0,2,999,1,False,0.0,0,1.0,[2 1],[0. 1.],0,1,[0.4 0.4],1.0,0.0,1.0
999,0.0,1,500.0,0,1000,0,False,1.0,1,0.0,[2 2],[0. 1.],1,1,[0.4 0.4],1.0,0.0,1.0
1000,0.0,1,501.0,2,1001,1,False,0.0,0,2.0,[2 2],[0. 1.],1,1,[0.4 0.4],1.0,0.0,1.0
1001,1.0,1,501.0,0,1002,0,False,2.0,1,0.0,[1 2],[0. 1.],1,1,[0.4 0.4],1.0,0.0,1.0
1002,0.0,1,502.0,2,1003,1,False,0.0,0,2.0,[1 2],[0. 1.],1,1,[0.4 0.4],1.0,0.0,1.0
1003,1.0,1,502.0,0,1004,0,False,2.0,1,0.0,[2 1],[0. 1.],0,1,[0.4 0.4],1.0,0.0,1.0
1004,0.0,1,503.0,2,1005,1,False,0.0,0,1.0,[2 1],[0. 1.],0,1,[0.4 0.4],1.0,0.0,1.0
1005,0.0,1,503.0,0,1006,0,False,1.0,1,0.0,[2 1],[0. 1.],0,1,[0.4 0.4],1.0,0.0,1.0
1006,0.0,1,504.0,2,1007,1,False,0.0,0,1.0,[2 1],[0. 1.],0,1,[0.4 0.4],1.0,0.0,1.0
1007,0.0,1,504.0,0,1008,0,False,1.0,1,0.0,[1 1],[0. 1.],0,1,[0.4 0.4],1.0,0.0,1.0
1008,0.0,1,505.0,2,1009,1,False,0.0,0,1.0,[1 1],[0. 1.],0,1,[0.4 0.4],1.0,0.0,1.0
1009,0.0,1,505.0,0,1010,0,False,1.0,1,0.0,[2 1],[0. 1.],1,1,[0.4 0.4],1.0,0.0,1.0
1010,0.0,1,506.0,2,1011,1,False,0.0,0,2.0,[2 1],[0. 1.],1,1,[0.4 0.4],1.0,0.0,1.0
1011,0.0,1,506.0,0,1012,0,False,2.0,1,0.0,[1 1],[0. 1.],0,1,[0.4 0.4],1.0,0.0,1.0
1012,0.0,1,507.0,1,1013,1,False,0.0,0,1.0,[1 1],[0. 1.],0,1,[0.4 0.4],1.0,0.0,1.0
1013,0.0,1,507.0,0,1014,0,False,1.0,1,0.0,[1 1],[0. 1.],0,1,[0.4 0.4],1.0,0.0,1.0
1014,0.0,1,508.0,1,1015,1,False,0.0,0,1.0,[1 1],[0. 1.],0,1,[0.4 0.4],1.0,0.0,1.0
1015,0.0,1,508.0,0,1016,0,False,1.0,1,0.0,[2 1],[0. 1.],1,1,[0.4 0.4],1.0,0.0,1.0
1016,0.0,1,509.0,2,1017,1,False,0.0,0,2.0,[2 1],[0. 1.],1,1,[0.4 0.4],1.0,0.0,1.0
1017,0.0,1,509.0,0,1018,0,False,2.0,1,0.0,[2 2],[0. 1.],1,1,[0.4 0.4],1.0,0.0,1.0
1018,0.0,1,510.0,1,1019,1,False,0.0,0,2.0,[2 2],[0. 1.],1,1,[0.4 0.4],1.0,0.0,1.0
1019,1.0,1,510.0,0,1020,0,False,2.0,1,0.0,[1 1],[0. 1.],1,1,[0.4 0.4],1.0,0.0,1.0
1020,0.0,1,511.0,1,1021,1,False,0.0,0,2.0,[1 1],[0. 1.],1,1,[0.4 0.4],1.0,0.0,1.0
1021,0.0,1,511.0,0,1022,0,False,2.0,1,0.0,[2 1],[0. 1.],1,1,[0.4 0.4],1.0,0.0,1.0
1022,0.0,1,512.0,1,1023,1,False,0.0,0,2.0,[2 1],[0. 1.],1,1,[0.4 0.4],1.0,0.0,1.0
1023,1.0,1,512.0,0,1024,0,False,2.0,1,0.0,[2 1],[0. 1.],0,1,[0.4 0.4],1.0,0.0,1.0
1024,0.0,1,513.0,1,1025,1,False,0.0,0,1.0,[2 1],[0. 1.],0,1,[0.4 0.4],1.0,0.0,1.0
1025,1.0,1,513.0,0,1026,0,False,1.0,1,0.0,[2 1],[0. 1.],0,1,[0.4 0.4],1.0,0.0,1.0
1026,0.0,1,514.0,1,1027,1,False,0.0,0,1.0,[2 1],[0. 1.],0,1,[0.4 0.4],1.0,0.0,1.0
1027,1.0,1,514.0,0,1028,0,False,1.0,1,0.0,[1 1],[0. 1.],0,1,[0.4 0.4],1.0,0.0,1.0
1028,0.0,1,515.0,1,1029,1,False,0.0,0,1.0,[1 1],[0. 1.],0,1,[0.4 0.4],1.0,0.0,1.0
1029,0.0,1,515.0,0,1030,0,False,1.0,1,0.0,[1 1],[0. 1.],1,1,[0.4 0.4],1.0,0.0,1.0
1030,0.0,1,516.0,1,1031,1,False,0.0,0,2.0,[1 1],[0. 1.],1,1,[0.4 0.4],1.0,0.0,1.0
1031,0.0,1,516.0,0,1032,0,False,2.0,1,0.0,[2 1],[0. 1.],0,1,[0.4 0.4],1.0,0.0,1.0
1032,0.0,1,517.0,1,1033,1,False,0.0,0,1.0,[2 1],[0. 1.],0,1,[0.4 0.4],1.0,0.0,1.0
1033,1.0,1,517.0,0,1034,0,False,1.0,1,0.0,[2 1],[0. 1.],0,1,[0.4 0.4],1.0,0.0,1.0
1034,0.0,1,518.0,1,1035,1,False,0.0,0,1.0,[2 1],[0. 1.],0,1,[0.4 0.4],1.0,0.0,1.0
1035,1.0,1,518.0,0,1036,0,False,1.0,1,0.0,[1 1],[0. 1.],1,1,[0.4 0.4],1.0,0.0,1.0
1036,0.0,1,519.0,1,1037,1,False,0.0,0,2.0,[1 1],[0. 1.],1,1,[0.4 0.4],1.0,0.0,1.0
1037,0.0,1,519.0,0,1038,0,False,2.0,1,0.0,[2 1],[0. 1.],0,1,[0.4 0.4],1.0,0.0,1.0
1038,0.0,1,520.0,1,1039,1,False,0.0,0,1.0,[2 1],[0. 1.],0,1,[0.4 0.4],1.0,0.0,1.0
1039,1.0,1,520.0,0,1040,0,False,1.0,1,0.0,[1 1],[0. 1.],1,1,[0.4 0.4],1.0,0.0,1.0
1040,0.0,1,521.0,1,1041,1,False,0.0,0,2.0,[1 1],[0. 1.],1,1,[0.4 0.4],1.0,0.0,1.0
1041,0.0,1,521.0,0,1042,0,False,2.0,1,0.0,[1 1],[0. 1.],0,1,[0.4 0.4],1.0,0.0,1.0
1042,0.0,1,522.0,1,1043,1,False,0.0,0,1.0,[1 1],[0. 1.],0,1,[0.4 0.4],1.0,0.0,1.0
1043,0.0,1,522.0,0,1044,0,False,1.0,1,0.0,[1 2],[0. 1.],0,1,[0.4 0.4],1.0,0.0,1.0
1044,0.0,1,523.0,1,1045,1,False,0.0,0,1.0,[1 2],[0. 1.],0,1,[0.4 0.4],1.0,0.0,1.0
1045,0.0,1,523.0,0,1046,0,False,1.0,1,0.0,[2 1],[0. 1.],0,1,[0.4 0.4],1.0,0.0,1.0
1046,0.0,1,524.0,1,1047,1,False,0.0,0,1.0,[2 1],[0. 1.],0,1,[0.4 0.4],1.0,0.0,1.0
1047,1.0,1,524.0,0,1048,0,False,1.0,1,0.0,[2 2],[0. 1.],0,1,[0.4 0.4],1.0,0.0,1.0
1048,0.0,1,525.0,1,1049,1,False,0.0,0,1.0,[2 2],[0. 1.],0,1,[0.4 0.4],1.0,0.0,1.0
1049,1.0,1,525.0,0,1050,0,False,1.0,1,0.0,[1 2],[0. 1.],0,1,[0.4 0.4],1.0,0.0,1.0
1050,0.0,1,526.0,1,1051,1,False,0.0,0,1.0,[1 2],[0. 1.],0,1,[0.4 0.4],1.0,0.0,1.0
1051,0.0,1,526.0,0,1052,0,False,1.0,1,0.0,[1 2],[0. 1.],0,1,[0.4 0.4],1.0,0.0,1.0
1052,0.0,1,527.0,1,1053,1,False,0.0,0,1.0,[1 2],[0. 1.],0,1,[0.4 0.4],1.0,0.0,1.0
1053,0.0,1,527.0,0,1054,0,False,1.0,1,0.0,[1 1],[0. 1.],1,1,[0.4 0.4],1.0,0.0,1.0
1054,0.0,1,528.0,1,1055,1,False,0.0,0,2.0,[1 1],[0. 1.],1,1,[0.4 0.4],1.0,0.0,1.0
1055,0.0,1,528.0,0,1056,0,False,2.0,1,0.0,[1 1],[0. 1.],0,1,[0.4 0.4],1.0,0.0,1.0
1056,0.0,1,529.0,2,1057,1,False,0.0,0,1.0,[1 1],[0. 1.],0,1,[0.4 0.4],1.0,0.0,1.0
1057,0.0,1,529.0,0,1058,0,False,1.0,1,0.0,[1 2],[0. 1.],1,1,[0.4 0.4],1.0,0.0,1.0
1058,0.0,1,530.0,2,1059,1,False,0.0,0,2.0,[1 2],[0. 1.],1,1,[0.4 0.4],1.0,0.0,1.0
1059,1.0,1,530.0,0,1060,0,False,2.0,1,0.0,[2 2],[0. 1.],0,1,[0.4 0.4],1.0,0.0,1.0
1060,0.0,1,531.0,2,1061,1,False,0.0,0,1.0,[2 2],[0. 1.],0,1,[0.4 0.4],1.0,0.0,1.0
1061,1.0,1,531.0,0,1062,0,False,1.0,1,0.0,[1 2],[0. 1.],0,1,[0.4 0.4],1.0,0.0,1.0
1062,0.0,1,532.0,2,1063,1,False,0.0,0,1.0,[1 2],[0. 1.],0,1,[0.4 0.4],1.0,0.0,1.0
1063,1.0,1,532.0,0,1064,0,False,1.0,1,0.0,[2 1],[0. 1.],0,1,[0.4 0.4],1.0,0.0,1.0
1064,0.0,1,533.0,2,1065,1,False,0.0,0,1.0,[2 1],[0. 1.],0,1,[0.4 0.4],1.0,0.0,1.0
1065,0.0,1,533.0,0,1066,0,False,1.0,1,0.0,[2 2],[0. 1.],0,1,[0.4 0.4],1.0,0.0,1.0
1066,0.0,1,534.0,2,1067,1,False,0.0,0,1.0,[2 2],[0. 1.],0,1,[0.4 0.4],1.0,0.0,1.0
1067,1.0,1,534.0,0,1068,0,False,1.0,1,0.0,[1 2],[0. 1.],0,1,[0.4 0.4],1.0,0.0,1.0
1068,0.0,1,535.0,2,1069,1,False,0.0,0,1.0,[1 2],[0. 1.],0,1,[0.4 0.4],1.0,0.0,1.0
1069,1.0,1,535.0,0,1070,0,False,1.0,1,0.0,[2 2],[0. 1.],1,1,[0.4 0.4],1.0,0.0,1.0
1070,0.0,1,536.0,2,1071,1,False,0.0,0,2.0,[2 2],[0. 1.],1,1,[0.4 0.4],1.0,0.0,1.0
1071,1.0,1,536.0,0,1072,0,False,2.0,1,0.0,[2 1],[0. 1.],1,1,[0.4 0.4],1.0,0.0,1.0
1072,0.0,1,537.0,2,1073,1,False,0.0,0,2.0,[2 1],[0. 1.],1,1,[0.4 0.4],1.0,0.0,1.0
1073,0.0,1,537.0,0,1074,0,False,2.0,1,0.0,[2 2],[0. 1.],1,1,[0.4 0.4],1.0,0.0,1.0
1074,0.0,1,538.0,2,1075,1,False,0.0,0,2.0,[2 2],[0. 1.],1,1,[0.4 0.4],1.0,0.0,1.0
1075,1.0,1,538.0,0,1076,0,False,2.0,1,0.0,[1 2],[0. 1.],0,1,[0.4 0.4],1.0,0.0,1.0
1076,0.0,1,539.0,2,1077,1,False,0.0,0,1.0,[1 2],[0. 1.],0,1,[0.4 0.4],1.0,0.0,1.0
1077,1.0,1,539.0,0,1078,0,False,1.0,1,0.0,[2 2],[0. 1.],1,1,[0.4 0.4],1.0,0.0,1.0
1078,0.0,1,540.0,2,1079,1,False,0.0,0,2.0,[2 2],[0. 1.],1,1,[0.4 0.4],1.0,0.0,1.0
1079,1.0,1,540.0,0,1080,0,False,2.0,1,0.0,[2 1],[0. 1.],0,1,[0.4 0.4],1.0,0.0,1.0
1080,0.0,1,541.0,2,1081,1,False,0.0,0,1.0,[2 1],[0. 1.],0,1,[0.4 0.4],1.0,0.0,1.0
1081,0.0,1,541.0,0,1082,0,False,1.0,1,0.0,[1 1],[0. 1.],1,1,[0.4 0.4],1.0,0.0,1.0
1082,0.0,1,542.0,2,1083,1,False,0.0,0,2.0,[1 1],[0. 1.],1,1,[0.4 0.4],1.0,0.0,1.0
1083,0.0,1,542.0,0,1084,0,False,2.0,1,0.0,[1 2],[0. 1.],1,1,[0.4 0.4],1.0,0.0,1.0
1084,0.0,1,543.0,2,1085,1,False,0.0,0,2.0,[1 2],[0. 1.],1,1,[0.4 0.4],1.0,0.0,1.0
1085,1.0,1,543.0,0,1086,0,False,2.0,1,0.0,[1 2],[0. 1.],1,1,[0.4 0.4],1.0,0.0,1.0
1086,0.0,1,544.0,2,1087,1,False,0.0,0,2.0,[1 2],[0. 1.],1,1,[0.4 0.4],1.0,0.0,1.0
1087,1.0,1,544.0,0,1088,0,False,2.0,1,0.0,[2 1],[0. 1.],1,1,[0.4 0.4],1.0,0.0,1.0
1088,0.0,1,545.0,2,1089,1,False,0.0,0,2.0,[2 1],[0. 1.],1,1,[0.4 0.4],1.0,0.0,1.0
1089,0.0,1,545.0,0,1090,0,False,2.0,1,0.0,[1 1],[0. 1.],0,1,[0.4 0.4],1.0,0.0,1.0
1090,0.0,1,546.0,2,1091,1,False,0.0,0,1.0,[1 1],[0. 1.],0,1,[0.4 0.4],1.0,0.0,1.0
1091,0.0,1,546.0,0,1092,0,False,1.0,1,0.0,[2 2],[0. 1.],1,1,[0.4 0.4],1.0,0.0,1.0
1092,0.0,1,547.0,2,1093,1,False,0.0,0,2.0,[2 2],[0. 1.],1,1,[0.4 0.4],1.0,0.0,1.0
1093,1.0,1,547.0,0,1094,0,False,2.0,1,0.0,[1 2],[0. 1.],0,1,[0.4 0.4],1.0,0.0,1.0
1094,0.0,1,548.0,2,1095,1,False,0.0,0,1.0,[1 2],[0. 1.],0,1,[0.4 0.4],1.0,0.0,1.0
1095,1.0,1,548.0,0,1096,0,False,1.0,1,0.0,[1 2],[0. 1.],1,1,[0.4 0.4],1.0,0.0,1.0
1096,0.0,1,549.0,2,1097,1,False,0.0,0,2.0,[1 2],[0. 1.],1,1,[0.4 0.4],1.0,0.0,1.0
1097,1.0,1,549.0,0,1098,0,False,2.0,1,0.0,[1 2],[0. 1.],1,1,[0.4 0.4],1.0,0.0,1.0
1098,0.0,1,550.0,2,1099,1,False,0.0,0,2.0,[1 2],[0. 1.],1,1,[0.4 0.4],1.0,0.0,1.0
1099,1.0,1,550.0,0,1100,0,False,2.0,1,0.0,[1 2],[0. 1.],1,1,[0.4 0.4],1.0,0.0,1.0
1100,0.0,1,551.0,2,1101,1,False,0.0,0,2.0,[1 2],[0. 1.],1,1,[0.4 0.4],1.0,0.0,1.0
1101,1.0,1,551.0,0,1102,0,False,2.0,1,0.0,[2 1],[0. 1.],1,1,[0.4 0.4],1.0,0.0,1.0
1102,0.0,1,552.0,2,1103,1,False,0.0,0,2.0,[2 1],[0. 1.],1,1,[0.4 0.4],1.0,0.0,1.0
1103,0.0,1,552.0,0,1104,0,False,2.0,1,0.0,[1 2],[0. 1.],0,1,[0.4 0.4],1.0,0.0,1.0
1104,0.0,1,553.0,2,1105,1,False,0.0,0,1.0,[1 2],[0. 1.],0,1,[0.4 0.4],1.0,0.0,1.0
1105,1.0,1,553.0,0,1106,0,False,1.0,1,0.0,[1 2],[0. 1.],0,1,[0.4 0.4],1.0,0.0,1.0
1106,0.0,1,554.0,2,1107,1,False,0.0,0,1.0,[1 2],[0. 1.],0,1,[0.4 0.4],1.0,0.0,1.0
1107,1.0,1,554.0,0,1108,0,False,1.0,1,0.0,[1 2],[0. 1.],0,1,[0.4 0.4],1.0,0.0,1.0
1108,0.0,1,555.0,2,1109,1,False,0.0,0,1.0,[1 2],[0. 1.],0,1,[0.4 0.4],1.0,0.0,1.0
1109,1.0,1,555.0,0,1110,0,False,1.0,1,0.0,[1 2],[0. 1.],1,1,[0.4 0.4],1.0,0.0,1.0
1110,0.0,1,556.0,2,1111,1,False,0.0,0,2.0,[1 2],[0. 1.],1,1,[0.4 0.4],1.0,0.0,1.0
1111,1.0,1,556.0,0,1112,0,False,2.0,1,0.0,[1 2],[0. 1.],1,1,[0.4 0.4],1.0,0.0,1.0
1112,0.0,1,557.0,2,1113,1,False,0.0,0,2.0,[1 2],[0. 1.],1,1,[0.4 0.4],1.0,0.0,1.0
1113,1.0,1,557.0,0,1114,0,False,2.0,1,0.0,[1 1],[0. 1.],0,1,[0.4 0.4],1.0,0.0,1.0
1114,0.0,1,558.0,2,1115,1,False,0.0,0,1.0,[1 1],[0. 1.],0,1,[0.4 0.4],1.0,0.0,1.0
1115,0.0,1,558.0,0,1116,0,False,1.0,1,0.0,[1 1],[0. 1.],1,1,[0.4 0.4],1.0,0.0,1.0
1116,0.0,1,559.0,2,1117,1,False,0.0,0,2.0,[1 1],[0. 1.],1,1,[0.4 0.4],1.0,0.0,1.0
1117,0.0,1,559.0,0,1118,0,False,2.0,1,0.0,[2 2],[0. 1.],1,1,[0.4 0.4],1.0,0.0,1.0
1118,0.0,1,560.0,2,1119,1,False,0.0,0,2.0,[2 2],[0. 1.],1,1,[0.4 0.4],1.0,0.0,1.0
1119,1.0,1,560.0,0,1120,0,False,2.0,1,0.0,[1 2],[0. 1.],0,1,[0.4 0.4],1.0,0.0,1.0
1120,0.0,1,561.0,2,1121,1,False,0.0,0,1.0,[1 2],[0. 1.],0,1,[0.4 0.4],1.0,0.0,1.0
1121,1.0,1,561.0,0,1122,0,False,1.0,1,0.0,[2 1],[0. 1.],1,1,[0.4 0.4],1.0,0.0,1.0
1122,0.0,1,562.0,2,1123,1,False,0.0,0,2.0,[2 1],[0. 1.],1,1,[0.4 0.4],1.0,0.0,1.0
1123,0.0,1,562.0,0,1124,0,False,2.0,1,0.0,[1 1],[0. 1.],1,1,[0.4 0.4],1.0,0.0,1.0
1124,0.0,1,563.0,2,1125,1,False,0.0,0,2.0,[1 1],[0. 1.],1,1,[0.4 0.4],1.0,0.0,1.0
1125,0.0,1,563.0,0,1126,0,False,2.0,1,0.0,[2 2],[0. 1.],1,1,[0.4 0.4],1.0,0.0,1.0
1126,0.0,1,564.0,1,1127,1,False,0.0,0,2.0,[2 2],[0. 1.],1,1,[0.4 0.4],1.0,0.0,1.0
1127,1.0,1,564.0,0,1128,0,False,2.0,1,0.0,[1 1],[0. 1.],0,1,[0.4 0.4],1.0,0.0,1.0
1128,0.0,1,565.0,1,1129,1,False,0.0,0,1.0,[1 1],[0. 1.],0,1,[0.4 0.4],1.0,0.0,1.0
1129,0.0,1,565.0,0,1130,0,False,1.0,1,0.0,[1 1],[0. 1.],0,1,[0.4 0.4],1.0,0.0,1.0
1130,0.0,1,566.0,1,1131,1,False,0.0,0,1.0,[1 1],[0. 1.],0,1,[0.4 0.4],1.0,0.0,1.0
1131,0.0,1,566.0,0,1132,0,False,1.0,1,0.0,[1 2],[0. 1.],1,1,[0.4 0.4],1.0,0.0,1.0
1132,0.0,1,567.0,1,1133,1,False,0.0,0,2.0,[1 2],[0. 1.],1,1,[0.4 0.4],1.0,0.0,1.0
1133,0.0,1,567.0,0,1134,0,False,2.0,1,0.0,[1 1],[0. 1.],0,1,[0.4 0.4],1.0,0.0,1.0
1134,0.0,1,568.0,2,1135,1,False,0.0,0,1.0,[1 1],[0. 1.],0,1,[0.4 0.4],1.0,0.0,1.0
1135,0.0,1,568.0,0,1136,0,False,1.0,1,0.0,[1 2],[0. 1.],0,1,[0.4 0.4],1.0,0.0,1.0
1136,0.0,1,569.0,2,1137,1,False,0.0,0,1.0,[1 2],[0. 1.],0,1,[0.4 0.4],1.0,0.0,1.0
1137,1.0,1,569.0,0,1138,0,False,1.0,1,0.0,[1 1],[0. 1.],1,1,[0.4 0.4],1.0,0.0,1.0
1138,0.0,1,570.0,2,1139,1,False,0.0,0,2.0,[1 1],[0. 1.],1,1,[0.4 0.4],1.0,0.0,1.0
1139,0.0,1,570.0,0,1140,0,False,2.0,1,0.0,[1 2],[0. 1.],0,1,[0.4 0.4],1.0,0.0,1.0
1140,0.0,1,571.0,1,1141,1,False,0.0,0,1.0,[1 2],[0. 1.],0,1,[0.4 0.4],1.0,0.0,1.0
1141,0.0,1,571.0,0,1142,0,False,1.0,1,0.0,[1 1],[0. 1.],1,1,[0.4 0.4],1.0,0.0,1.0
1142,0.0,1,572.0,2,1143,1,False,0.0,0,2.0,[1 1],[0. 1.],1,1,[0.4 0.4],1.0,0.0,1.0
1143,0.0,1,572.0,0,1144,0,False,2.0,1,0.0,[2 2],[0. 1.],0,1,[0.4 0.4],1.0,0.0,1.0
1144,0.0,1,573.0,1,1145,1,False,0.0,0,1.0,[2 2],[0. 1.],0,1,[0.4 0.4],1.0,0.0,1.0
1145,1.0,1,573.0,0,1146,0,False,1.0,1,0.0,[2 2],[0. 1.],1,1,[0.4 0.4],1.0,0.0,1.0
1146,0.0,1,574.0,1,1147,1,False,0.0,0,2.0,[2 2],[0. 1.],1,1,[0.4 0.4],1.0,0.0,1.0
1147,1.0,1,574.0,0,1148,0,False,2.0,1,0.0,[1 2],[0. 1.],1,1,[0.4 0.4],1.0,0.0,1.0
1148,0.0,1,575.0,1,1149,1,False,0.0,0,2.0,[1 2],[0. 1.],1,1,[0.4 0.4],1.0,0.0,1.0
1149,0.0,1,575.0,0,1150,0,False,2.0,1,0.0,[1 2],[0. 1.],0,1,[0.4 0.4],1.0,0.0,1.0
1150,0.0,1,576.0,1,1151,1,False,0.0,0,1.0,[1 2],[0. 1.],0,1,[0.4 0.4],1.0,0.0,1.0
1151,0.0,1,576.0,0,1152,0,False,1.0,1,0.0,[1 1],[0. 1.],1,1,[0.4 0.4],1.0,0.0,1.0
1152,0.0,1,577.0,1,1153,1,False,0.0,0,2.0,[1 1],[0. 1.],1,1,[0.4 0.4],1.0,0.0,1.0
1153,0.0,1,577.0,0,1154,0,False,2.0,1,0.0,[1 2],[0. 1.],1,1,[0.4 0.4],1.0,0.0,1.0
1154,0.0,1,578.0,2,1155,1,False,0.0,0,2.0,[1 2],[0. 1.],1,1,[0.4 0.4],1.0,0.0,1.0
1155,1.0,1,578.0,0,1156,0,False,2.0,1,0.0,[1 2],[0. 1.],0,1,[0.4 0.4],1.0,0.0,1.0
1156,0.0,1,579.0,2,1157,1,False,0.0,0,1.0,[1 2],[0. 1.],0,1,[0.4 0.4],1.0,0.0,1.0
1157,1.0,1,579.0,0,1158,0,False,1.0,1,0.0,[1 2],[0. 1.],0,1,[0.4 0.4],1.0,0.0,1.0
1158,0.0,1,580.0,2,1159,1,False,0.0,0,1.0,[1 2],[0. 1.],0,1,[0.4 0.4],1.0,0.0,1.0
1159,1.0,1,580.0,0,1160,0,False,1.0,1,0.0,[1 2],[0. 1.],0,1,[0.4 0.4],1.0,0.0,1.0
1160,0.0,1,581.0,2,1161,1,False,0.0,0,1.0,[1 2],[0. 1.],0,1,[0.4 0.4],1.0,0.0,1.0
1161,1.0,1,581.0,0,1162,0,False,1.0,1,0.0,[1 2],[0. 1.],0,1,[0.4 0.4],1.0,0.0,1.0
1162,0.0,1,582.0,2,1163,1,False,0.0,0,1.0,[1 2],[0. 1.],0,1,[0.4 0.4],1.0,0.0,1.0
1163,1.0,1,582.0,0,1164,0,False,1.0,1,0.0,[1 2],[0. 1.],1,1,[0.4 0.4],1.0,0.0,1.0
1164,0.0,1,583.0,2,1165,1,False,0.0,0,2.0,[1 2],[0. 1.],1,1,[0.4 0.4],1.0,0.0,1.0
1165,1.0,1,583.0,0,1166,0,False,2.0,1,0.0,[1 2],[0. 1.],0,1,[0.4 0.4],1.0,0.0,1.0
1166,0.0,1,584.0,2,1167,1,False,0.0,0,1.0,[1 2],[0. 1.],0,1,[0.4 0.4],1.0,0.0,1.0
1167,1.0,1,584.0,0,1168,0,False,1.0,1,0.0,[1 2],[0. 1.],0,1,[0.4 0.4],1.0,0.0,1.0
1168,0.0,1,585.0,2,1169,1,False,0.0,0,1.0,[1 2],[0. 1.],0,1,[0.4 0.4],1.0,0.0,1.0
1169,1.0,1,585.0,0,1170,0,False,1.0,1,0.0,[2 2],[0. 1.],1,1,[0.4 0.4],1.0,0.0,1.0
1170,0.0,1,586.0,2,1171,1,False,0.0,0,2.0,[2 2],[0. 1.],1,1,[0.4 0.4],1.0,0.0,1.0
1171,1.0,1,586.0,0,1172,0,False,2.0,1,0.0,[1 1],[0. 1.],1,1,[0.4 0.4],1.0,0.0,1.0
1172,0.0,1,587.0,2,1173,1,False,0.0,0,2.0,[1 1],[0. 1.],1,1,[0.4 0.4],1.0,0.0,1.0
1173,0.0,1,587.0,0,1174,0,False,2.0,1,0.0,[1 1],[0. 1.],1,1,[0.4 0.4],1.0,0.0,1.0
1174,0.0,1,588.0,2,1175,1,False,0.0,0,2.0,[1 1],[0. 1.],1,1,[0.4 0.4],1.0,0.0,1.0
1175,0.0,1,588.0,0,1176,0,False,2.0,1,0.0,[2 2],[0. 1.],1,1,[0.4 0.4],1.0,0.0,1.0
1176,0.0,1,589.0,1,1177,1,False,0.0,0,2.0,[2 2],[0. 1.],1,1,[0.4 0.4],1.0,0.0,1.0
1177,1.0,1,589.0,0,1178,0,False,2.0,1,0.0,[2 1],[0. 1.],1,1,[0.4 0.4],1.0,0.0,1.0
1178,0.0,1,590.0,1,1179,1,False,0.0,0,2.0,[2 1],[0. 1.],1,1,[0.4 0.4],1.0,0.0,1.0
1179,1.0,1,590.0,0,1180,0,False,2.0,1,0.0,[1 2],[0. 1.],1,1,[0.4 0.4],1.0,0.0,1.0
1180,0.0,1,591.0,1,1181,1,False,0.0,0,2.0,[1 2],[0. 1.],1,1,[0.4 0.4],1.0,0.0,1.0
1181,0.0,1,591.0,0,1182,0,False,2.0,1,0.0,[2 2],[0. 1.],1,1,[0.4 0.4],1.0,0.0,1.0
1182,0.0,1,592.0,1,1183,1,False,0.0,0,2.0,[2 2],[0. 1.],1,1,[0.4 0.4],1.0,0.0,1.0
1183,1.0,1,592.0,0,1184,0,False,2.0,1,0.0,[2 2],[0. 1.],0,1,[0.4 0.4],1.0,0.0,1.0
1184,0.0,1,593.0,2,1185,1,False,0.0,0,1.0,[2 2],[0. 1.],0,1,[0.4 0.4],1.0,0.0,1.0
1185,1.0,1,593.0,0,1186,0,False,1.0,1,0.0,[1 2],[0. 1.],0,1,[0.4 0.4],1.0,0.0,1.0
1186,0.0,1,594.0,2,1187,1,False,0.0,0,1.0,[1 2],[0. 1.],0,1,[0.4 0.4],1.0,0.0,1.0
1187,1.0,1,594.0,0,1188,0,False,1.0,1,0.0,[2 2],[0. 1.],0,1,[0.4 0.4],1.0,0.0,1.0
1188,0.0,1,595.0,2,1189,1,False,0.0,0,1.0,[2 2],[0. 1.],0,1,[0.4 0.4],1.0,0.0,1.0
1189,1.0,1,595.0,0,1190,0,False,1.0,1,0.0,[1 1],[0. 1.],0,1,[0.4 0.4],1.0,0.0,1.0
1190,0.0,1,596.0,2,1191,1,False,0.0,0,1.0,[1 1],[0. 1.],0,1,[0.4 0.4],1.0,0.0,1.0
1191,0.0,1,596.0,0,1192,0,False,1.0,1,0.0,[2 1],[0. 1.],1,1,[0.4 0.4],1.0,0.0,1.0
1192,0.0,1,597.0,2,1193,1,False,0.0,0,2.0,[2 1],[0. 1.],1,1,[0.4 0.4],1.0,0.0,1.0
1193,0.0,1,597.0,0,1194,0,False,2.0,1,0.0,[2 1],[0. 1.],1,1,[0.4 0.4],1.0,0.0,1.0
1194,0.0,1,598.0,2,1195,1,False,0.0,0,2.0,[2 1],[0. 1.],1,1,[0.4 0.4],1.0,0.0,1.0
1195,0.0,1,598.0,0,1196,0,False,2.0,1,0.0,[2 1],[0. 1.],1,1,[0.4 0.4],1.0,0.0,1.0
1196,0.0,1,599.0,1,1197,1,False,0.0,0,2.0,[2 1],[0. 1.],1,1,[0.4 0.4],1.0,0.0,1.0
1197,1.0,1,599.0,0,1198,0,False,2.0,1,0.0,[2 1],[0. 1.],1,1,[0.4 0.4],1.0,0.0,1.0
1198,0.0,1,600.0,1,1199,1,False,0.0,0,2.0,[2 1],[0. 1.],1,1,[0.4 0.4],1.0,0.0,1.0
1199,1.0,1,600.0,0,1200,0,False,2.0,1,0.0,[2 1],[0. 1.],1,1,[0.4 0.4],1.0,0.0,1.0
1200,0.0,1,601.0,1,1201,1,False,0.0,0,2.0,[2 1],[0. 1.],1,1,[0.4 0.4],1.0,0.0,1.0
1201,1.0,1,601.0,0,1202,0,False,2.0,1,0.0,[2 1],[0. 1.],0,1,[0.4 0.4],1.0,0.0,1.0
1202,0.0,1,602.0,1,1203,1,False,0.0,0,1.0,[2 1],[0. 1.],0,1,[0.4 0.4],1.0,0.0,1.0
1203,1.0,1,602.0,0,1204,0,False,1.0,1,0.0,[1 1],[0. 1.],1,1,[0.4 0.4],1.0,0.0,1.0
1204,0.0,1,603.0,1,1205,1,False,0.0,0,2.0,[1 1],[0. 1.],1,1,[0.4 0.4],1.0,0.0,1.0
1205,0.0,1,603.0,0,1206,0,False,2.0,1,0.0,[2 2],[0. 1.],1,1,[0.4 0.4],1.0,0.0,1.0
1206,0.0,1,604.0,1,1207,1,False,0.0,0,2.0,[2 2],[0. 1.],1,1,[0.4 0.4],1.0,0.0,1.0
1207,1.0,1,604.0,0,1208,0,False,2.0,1,0.0,[2 2],[0. 1.],1,1,[0.4 0.4],1.0,0.0,1.0
1208,0.0,1,605.0,1,1209,1,False,0.0,0,2.0,[2 2],[0. 1.],1,1,[0.4 0.4],1.0,0.0,1.0
1209,1.0,1,605.0,0,1210,0,False,2.0,1,0.0,[2 1],[0. 1.],0,1,[0.4 0.4],1.0,0.0,1.0
1210,0.0,1,606.0,1,1211,1,False,0.0,0,1.0,[2 1],[0. 1.],0,1,[0.4 0.4],1.0,0.0,1.0
1211,1.0,1,606.0,0,1212,0,False,1.0,1,0.0,[2 2],[0. 1.],0,1,[0.4 0.4],1.0,0.0,1.0
1212,0.0,1,607.0,1,1213,1,False,0.0,0,1.0,[2 2],[0. 1.],0,1,[0.4 0.4],1.0,0.0,1.0
1213,1.0,1,607.0,0,1214,0,False,1.0,1,0.0,[2 1],[0. 1.],0,1,[0.4 0.4],1.0,0.0,1.0
1214,0.0,1,608.0,1,1215,1,False,0.0,0,1.0,[2 1],[0. 1.],0,1,[0.4 0.4],1.0,0.0,1.0
1215,1.0,1,608.0,0,1216,0,False,1.0,1,0.0,[2 1],[0. 1.],1,1,[0.4 0.4],1.0,0.0,1.0
1216,0.0,1,609.0,1,1217,1,False,0.0,0,2.0,[2 1],[0. 1.],1,1,[0.4 0.4],1.0,0.0,1.0
1217,1.0,1,609.0,0,1218,0,False,2.0,1,0.0,[1 1],[0. 1.],0,1,[0.4 0.4],1.0,0.0,1.0
1218,0.0,1,610.0,1,1219,1,False,0.0,0,1.0,[1 1],[0. 1.],0,1,[0.4 0.4],1.0,0.0,1.0
1219,0.0,1,610.0,0,1220,0,False,1.0,1,0.0,[2 1],[0. 1.],0,1,[0.4 0.4],1.0,0.0,1.0
1220,0.0,1,611.0,1,1221,1,False,0.0,0,1.0,[2 1],[0. 1.],0,1,[0.4 0.4],1.0,0.0,1.0
1221,1.0,1,611.0,0,1222,0,False,1.0,1,0.0,[2 1],[0. 1.],1,1,[0.4 0.4],1.0,0.0,1.0
1222,0.0,1,612.0,1,1223,1,False,0.0,0,2.0,[2 1],[0. 1.],1,1,[0.4 0.4],1.0,0.0,1.0
1223,1.0,1,612.0,0,1224,0,False,2.0,1,0.0,[2 1],[0. 1.],1,1,[0.4 0.4],1.0,0.0,1.0
1224,0.0,1,613.0,1,1225,1,False,0.0,0,2.0,[2 1],[0. 1.],1,1,[0.4 0.4],1.0,0.0,1.0
1225,1.0,1,613.0,0,1226,0,False,2.0,1,0.0,[2 2],[0. 1.],0,1,[0.4 0.4],1.0,0.0,1.0
1226,0.0,1,614.0,1,1227,1,False,0.0,0,1.0,[2 2],[0. 1.],0,1,[0.4 0.4],1.0,0.0,1.0
1227,1.0,1,614.0,0,1228,0,False,1.0,1,0.0,[2 2],[0. 1.],0,1,[0.4 0.4],1.0,0.0,1.0
1228,0.0,1,615.0,1,1229,1,False,0.0,0,1.0,[2 2],[0. 1.],0,1,[0.4 0.4],1.0,0.0,1.0
1229,1.0,1,615.0,0,1230,0,False,1.0,1,0.0,[1 1],[0. 1.],1,1,[0.4 0.4],1.0,0.0,1.0
1230,0.0,1,616.0,1,1231,1,False,0.0,0,2.0,[1 1],[0. 1.],1,1,[0.4 0.4],1.0,0.0,1.0
1231,0.0,1,616.0,0,1232,0,False,2.0,1,0.0,[1 1],[0. 1.],0,1,[0.4 0.4],1.0,0.0,1.0
1232,0.0,1,617.0,1,1233,1,False,0.0,0,1.0,[1 1],[0. 1.],0,1,[0.4 0.4],1.0,0.0,1.0
1233,0.0,1,617.0,0,1234,0,False,1.0,1,0.0,[1 1],[0. 1.],1,1,[0.4 0.4],1.0,0.0,1.0
1234,0.0,1,618.0,1,1235,1,False,0.0,0,2.0,[1 1],[0. 1.],1,1,[0.4 0.4],1.0,0.0,1.0
1235,0.0,1,618.0,0,1236,0,False,2.0,1,0.0,[2 2],[0. 1.],1,1,[0.4 0.4],1.0,0.0,1.0
1236,0.0,1,619.0,2,1237,1,False,0.0,0,2.0,[2 2],[0. 1.],1,1,[0.4 0.4],1.0,0.0,1.0
1237,1.0,1,619.0,0,1238,0,False,2.0,1,0.0,[2 2],[0. 1.],0,1,[0.4 0.4],1.0,0.0,1.0
1238,0.0,1,620.0,2,1239,1,False,0.0,0,1.0,[2 2],[0. 1.],0,1,[0.4 0.4],1.0,0.0,1.0
1239,1.0,1,620.0,0,1240,0,False,1.0,1,0.0,[1 1],[0. 1.],1,1,[0.4 0.4],1.0,0.0,1.0
1240,0.0,1,621.0,2,1241,1,False,0.0,0,2.0,[1 1],[0. 1.],1,1,[0.4 0.4],1.0,0.0,1.0
1241,0.0,1,621.0,0,1242,0,False,2.0,1,0.0,[1 1],[0. 1.],0,1,[0.4 0.4],1.0,0.0,1.0
1242,0.0,1,622.0,2,1243,1,False,0.0,0,1.0,[1 1],[0. 1.],0,1,[0.4 0.4],1.0,0.0,1.0
1243,0.0,1,622.0,0,1244,0,False,1.0,1,0.0,[2 2],[0. 1.],0,1,[0.4 0.4],1.0,0.0,1.0
1244,0.0,1,623.0,2,1245,1,False,0.0,0,1.0,[2 2],[0. 1.],0,1,[0.4 0.4],1.0,0.0,1.0
1245,1.0,1,623.0,0,1246,0,False,1.0,1,0.0,[2 1],[0. 1.],1,1,[0.4 0.4],1.0,0.0,1.0
1246,0.0,1,624.0,2,1247,1,False,0.0,0,2.0,[2 1],[0. 1.],1,1,[0.4 0.4],1.0,0.0,1.0
1247,0.0,1,624.0,0,1248,0,False,2.0,1,0.0,[2 1],[0. 1.],1,1,[0.4 0.4],1.0,0.0,1.0
1248,0.0,1,625.0,2,1249,1,False,0.0,0,2.0,[2 1],[0. 1.],1,1,[0.4 0.4],1.0,0.0,1.0
1249,0.0,1,625.0,0,1250,0,False,2.0,1,0.0,[1 2],[0. 1.],1,1,[0.4 0.4],1.0,0.0,1.0
1250,0.0,1,626.0,1,1251,1,False,0.0,0,2.0,[1 2],[0. 1.],1,1,[0.4 0.4],1.0,0.0,1.0
1251,0.0,1,626.0,0,1252,0,False,2.0,1,0.0,[1 1],[0. 1.],0,1,[0.4 0.4],1.0,0.0,1.0
1252,0.0,1,627.0,2,1253,1,False,0.0,0,1.0,[1 1],[0. 1.],0,1,[0.4 0.4],1.0,0.0,1.0
1253,0.0,1,627.0,0,1254,0,False,1.0,1,0.0,[2 2],[0. 1.],0,1,[0.4 0.4],1.0,0.0,1.0
1254,0.0,1,628.0,2,1255,1,False,0.0,0,1.0,[2 2],[0. 1.],0,1,[0.4 0.4],1.0,0.0,1.0
1255,1.0,1,628.0,0,1256,0,False,1.0,1,0.0,[2 2],[0. 1.],1,1,[0.4 0.4],1.0,0.0,1.0
1256,0.0,1,629.0,2,1257,1,False,0.0,0,2.0,[2 2],[0. 1.],1,1,[0.4 0.4],1.0,0.0,1.0
1257,1.0,1,629.0,0,1258,0,False,2.0,1,0.0,[2 2],[0. 1.],0,1,[0.4 0.4],1.0,0.0,1.0
1258,0.0,1,630.0,2,1259,1,False,0.0,0,1.0,[2 2],[0. 1.],0,1,[0.4 0.4],1.0,0.0,1.0
1259,1.0,1,630.0,0,1260,0,False,1.0,1,0.0,[1 1],[0. 1.],1,1,[0.4 0.4],1.0,0.0,1.0
1260,0.0,1,631.0,2,1261,1,False,0.0,0,2.0,[1 1],[0. 1.],1,1,[0.4 0.4],1.0,0.0,1.0
1261,0.0,1,631.0,0,1262,0,False,2.0,1,0.0,[2 2],[0. 1.],0,1,[0.4 0.4],1.0,0.0,1.0
1262,0.0,1,632.0,2,1263,1,False,0.0,0,1.0,[2 2],[0. 1.],0,1,[0.4 0.4],1.0,0.0,1.0
1263,1.0,1,632.0,0,1264,0,False,1.0,1,0.0,[1 1],[0. 1.],1,1,[0.4 0.4],1.0,0.0,1.0
1264,0.0,1,633.0,2,1265,1,False,0.0,0,2.0,[1 1],[0. 1.],1,1,[0.4 0.4],1.0,0.0,1.0
1265,0.0,1,633.0,0,1266,0,False,2.0,1,0.0,[1 1],[1. 0.],0,0,[0.4 0.4],1.0,0.0,1.0
1266,0.0,1,634.0,2,1267,1,False,0.0,0,1.0,[1 1],[1. 0.],0,0,[0.4 0.4],1.0,0.0,1.0
1267,1.0,1,634.0,0,1268,0,False,1.0,1,0.0,[2 2],[1. 0.],1,0,[0.4 0.4],1.0,0.0,1.0
1268,0.0,1,635.0,2,1269,1,False,0.0,0,2.0,[2 2],[1. 0.],1,0,[0.4 0.4],1.0,0.0,1.0
1269,0.0,1,635.0,0,1270,0,False,2.0,1,0.0,[1 1],[1. 0.],1,0,[0.4 0.4],1.0,0.0,1.0
1270,0.0,1,636.0,2,1271,1,False,0.0,0,2.0,[1 1],[1. 0.],1,0,[0.4 0.4],1.0,0.0,1.0
1271,1.0,1,636.0,0,1272,0,False,2.0,1,0.0,[1 1],[1. 0.],1,0,[0.4 0.4],1.0,0.0,1.0
1272,0.0,1,637.0,2,1273,1,False,0.0,0,2.0,[1 1],[1. 0.],1,0,[0.4 0.4],1.0,0.0,1.0
1273,1.0,1,637.0,0,1274,0,False,2.0,1,0.0,[2 1],[1. 0.],1,0,[0.4 0.4],1.0,0.0,1.0
1274,0.0,1,638.0,2,1275,1,False,0.0,0,2.0,[2 1],[1. 0.],1,0,[0.4 0.4],1.0,0.0,1.0
1275,1.0,1,638.0,0,1276,0,False,2.0,1,0.0,[2 1],[1. 0.],0,0,[0.4 0.4],1.0,0.0,1.0
1276,0.0,1,639.0,2,1277,1,False,0.0,0,1.0,[2 1],[1. 0.],0,0,[0.4 0.4],1.0,0.0,1.0
1277,1.0,1,639.0,0,1278,0,False,1.0,1,0.0,[2 2],[1. 0.],0,0,[0.4 0.4],1.0,0.0,1.0
1278,0.0,1,640.0,2,1279,1,False,0.0,0,1.0,[2 2],[1. 0.],0,0,[0.4 0.4],1.0,0.0,1.0
1279,0.0,1,640.0,0,1280,0,False,1.0,1,0.0,[2 2],[1. 0.],0,0,[0.4 0.4],1.0,0.0,1.0
1280,0.0,1,641.0,2,1281,1,False,0.0,0,1.0,[2 2],[1. 0.],0,0,[0.4 0.4],1.0,0.0,1.0
1281,0.0,1,641.0,0,1282,0,False,1.0,1,0.0,[2 2],[1. 0.],0,0,[0.4 0.4],1.0,0.0,1.0
1282,0.0,1,642.0,2,1283,1,False,0.0,0,1.0,[2 2],[1. 0.],0,0,[0.4 0.4],1.0,0.0,1.0
1283,0.0,1,642.0,0,1284,0,False,1.0,1,0.0,[2 1],[1. 0.],1,0,[0.4 0.4],1.0,0.0,1.0
1284,0.0,1,643.0,2,1285,1,False,0.0,0,2.0,[2 1],[1. 0.],1,0,[0.4 0.4],1.0,0.0,1.0
1285,1.0,1,643.0,0,1286,0,False,2.0,1,0.0,[1 1],[1. 0.],1,0,[0.4 0.4],1.0,0.0,1.0
1286,0.0,1,644.0,2,1287,1,False,0.0,0,2.0,[1 1],[1. 0.],1,0,[0.4 0.4],1.0,0.0,1.0
1287,1.0,1,644.0,0,1288,0,False,2.0,1,0.0,[2 2],[1. 0.],1,0,[0.4 0.4],1.0,0.0,1.0
1288,0.0,1,645.0,2,1289,1,False,0.0,0,2.0,[2 2],[1. 0.],1,0,[0.4 0.4],1.0,0.0,1.0
1289,0.0,1,645.0,0,1290,0,False,2.0,1,0.0,[2 1],[1. 0.],1,0,[0.4 0.4],1.0,0.0,1.0
1290,0.0,1,646.0,2,1291,1,False,0.0,0,2.0,[2 1],[1. 0.],1,0,[0.4 0.4],1.0,0.0,1.0
1291,1.0,1,646.0,0,1292,0,False,2.0,1,0.0,[2 2],[1. 0.],0,0,[0.4 0.4],1.0,0.0,1.0
1292,0.0,1,647.0,2,1293,1,False,0.0,0,1.0,[2 2],[1. 0.],0,0,[0.4 0.4],1.0,0.0,1.0
1293,0.0,1,647.0,0,1294,0,False,1.0,1,0.0,[1 1],[1. 0.],1,0,[0.4 0.4],1.0,0.0,1.0
1294,0.0,1,648.0,2,1295,1,False,0.0,0,2.0,[1 1],[1. 0.],1,0,[0.4 0.4],1.0,0.0,1.0
1295,1.0,1,648.0,0,1296,0,False,2.0,1,0.0,[2 2],[1. 0.],1,0,[0.4 0.4],1.0,0.0,1.0
1296,0.0,1,649.0,2,1297,1,False,0.0,0,2.0,[2 2],[1. 0.],1,0,[0.4 0.4],1.0,0.0,1.0
1297,0.0,1,649.0,0,1298,0,False,2.0,1,0.0,[2 1],[1. 0.],0,0,[0.4 0.4],1.0,0.0,1.0
1298,0.0,1,650.0,2,1299,1,False,0.0,0,1.0,[2 1],[1. 0.],0,0,[0.4 0.4],1.0,0.0,1.0
1299,1.0,1,650.0,0,1300,0,False,1.0,1,0.0,[1 2],[1. 0.],1,0,[0.4 0.4],1.0,0.0,1.0
1300,0.0,1,651.0,2,1301,1,False,0.0,0,2.0,[1 2],[1. 0.],1,0,[0.4 0.4],1.0,0.0,1.0
1301,0.0,1,651.0,0,1302,0,False,2.0,1,0.0,[2 2],[1. 0.],0,0,[0.4 0.4],1.0,0.0,1.0
1302,0.0,1,652.0,2,1303,1,False,0.0,0,1.0,[2 2],[1. 0.],0,0,[0.4 0.4],1.0,0.0,1.0
1303,0.0,1,652.0,0,1304,0,False,1.0,1,0.0,[1 2],[1. 0.],0,0,[0.4 0.4],1.0,0.0,1.0
1304,0.0,1,653.0,2,1305,1,False,0.0,0,1.0,[1 2],[1. 0.],0,0,[0.4 0.4],1.0,0.0,1.0
1305,0.0,1,653.0,0,1306,0,False,1.0,1,0.0,[2 1],[1. 0.],1,0,[0.4 0.4],1.0,0.0,1.0
1306,0.0,1,654.0,2,1307,1,False,0.0,0,2.0,[2 1],[1. 0.],1,0,[0.4 0.4],1.0,0.0,1.0
1307,1.0,1,654.0,0,1308,0,False,2.0,1,0.0,[2 1],[1. 0.],0,0,[0.4 0.4],1.0,0.0,1.0
1308,0.0,1,655.0,2,1309,1,False,0.0,0,1.0,[2 1],[1. 0.],0,0,[0.4 0.4],1.0,0.0,1.0
1309,1.0,1,655.0,0,1310,0,False,1.0,1,0.0,[2 1],[1. 0.],0,0,[0.4 0.4],1.0,0.0,1.0
1310,0.0,1,656.0,2,1311,1,False,0.0,0,1.0,[2 1],[1. 0.],0,0,[0.4 0.4],1.0,0.0,1.0
1311,1.0,1,656.0,0,1312,0,False,1.0,1,0.0,[2 2],[1. 0.],1,0,[0.4 0.4],1.0,0.0,1.0
1312,0.0,1,657.0,2,1313,1,False,0.0,0,2.0,[2 2],[1. 0.],1,0,[0.4 0.4],1.0,0.0,1.0
1313,0.0,1,657.0,0,1314,0,False,2.0,1,0.0,[1 1],[1. 0.],0,0,[0.4 0.4],1.0,0.0,1.0
1314,0.0,1,658.0,2,1315,1,False,0.0,0,1.0,[1 1],[1. 0.],0,0,[0.4 0.4],1.0,0.0,1.0
1315,1.0,1,658.0,0,1316,0,False,1.0,1,0.0,[2 2],[1. 0.],1,0,[0.4 0.4],1.0,0.0,1.0
1316,0.0,1,659.0,2,1317,1,False,0.0,0,2.0,[2 2],[1. 0.],1,0,[0.4 0.4],1.0,0.0,1.0
1317,0.0,1,659.0,0,1318,0,False,2.0,1,0.0,[2 2],[1. 0.],1,0,[0.4 0.4],1.0,0.0,1.0
1318,0.0,1,660.0,2,1319,1,False,0.0,0,2.0,[2 2],[1. 0.],1,0,[0.4 0.4],1.0,0.0,1.0
1319,0.0,1,660.0,0,1320,0,False,2.0,1,0.0,[1 1],[1. 0.],0,0,[0.4 0.4],1.0,0.0,1.0
1320,0.0,1,661.0,1,1321,1,False,0.0,0,1.0,[1 1],[1. 0.],0,0,[0.4 0.4],1.0,0.0,1.0
1321,1.0,1,661.0,0,1322,0,False,1.0,1,0.0,[1 2],[0. 1.],1,1,[0.4 0.4],1.0,0.0,1.0
1322,0.0,1,662.0,1,1323,1,False,0.0,0,2.0,[1 2],[0. 1.],1,1,[0.4 0.4],1.0,0.0,1.0
1323,0.0,1,662.0,0,1324,0,False,2.0,1,0.0,[1 2],[0. 1.],0,1,[0.4 0.4],1.0,0.0,1.0
1324,0.0,1,663.0,1,1325,1,False,0.0,0,1.0,[1 2],[0. 1.],0,1,[0.4 0.4],1.0,0.0,1.0
1325,0.0,1,663.0,0,1326,0,False,1.0,1,0.0,[1 1],[0. 1.],1,1,[0.4 0.4],1.0,0.0,1.0
1326,0.0,1,664.0,1,1327,1,False,0.0,0,2.0,[1 1],[0. 1.],1,1,[0.4 0.4],1.0,0.0,1.0
1327,0.0,1,664.0,0,1328,0,False,2.0,1,0.0,[2 2],[0. 1.],0,1,[0.4 0.4],1.0,0.0,1.0
1328,0.0,1,665.0,2,1329,1,False,0.0,0,1.0,[2 2],[0. 1.],0,1,[0.4 0.4],1.0,0.0,1.0
1329,1.0,1,665.0,0,1330,0,False,1.0,1,0.0,[1 1],[0. 1.],1,1,[0.4 0.4],1.0,0.0,1.0
1330,0.0,1,666.0,2,1331,1,False,0.0,0,2.0,[1 1],[0. 1.],1,1,[0.4 0.4],1.0,0.0,1.0
1331,0.0,1,666.0,0,1332,0,False,2.0,1,0.0,[2 1],[0. 1.],1,1,[0.4 0.4],1.0,0.0,1.0
1332,0.0,1,667.0,1,1333,1,False,0.0,0,2.0,[2 1],[0. 1.],1,1,[0.4 0.4],1.0,0.0,1.0
1333,1.0,1,667.0,0,1334,0,False,2.0,1,0.0,[1 1],[0. 1.],1,1,[0.4 0.4],1.0,0.0,1.0
1334,0.0,1,668.0,1,1335,1,False,0.0,0,2.0,[1 1],[0. 1.],1,1,[0.4 0.4],1.0,0.0,1.0
1335,0.0,1,668.0,0,1336,0,False,2.0,1,0.0,[1 2],[0. 1.],1,1,[0.4 0.4],1.0,0.0,1.0
1336,0.0,1,669.0,2,1337,1,False,0.0,0,2.0,[1 2],[0. 1.],1,1,[0.4 0.4],1.0,0.0,1.0
1337,1.0,1,669.0,0,1338,0,False,2.0,1,0.0,[1 1],[0. 1.],1,1,[0.4 0.4],1.0,0.0,1.0
1338,0.0,1,670.0,2,1339,1,False,0.0,0,2.0,[1 1],[0. 1.],1,1,[0.4 0.4],1.0,0.0,1.0
1339,0.0,1,670.0,0,1340,0,False,2.0,1,0.0,[1 1],[0. 1.],0,1,[0.4 0.4],1.0,0.0,1.0
1340,0.0,1,671.0,1,1341,1,False,0.0,0,1.0,[1 1],[0. 1.],0,1,[0.4 0.4],1.0,0.0,1.0
1341,0.0,1,671.0,0,1342,0,False,1.0,1,0.0,[2 2],[0. 1.],1,1,[0.4 0.4],1.0,0.0,1.0
1342,0.0,1,672.0,1,1343,1,False,0.0,0,2.0,[2 2],[0. 1.],1,1,[0.4 0.4],1.0,0.0,1.0
1343,1.0,1,672.0,0,1344,0,False,2.0,1,0.0,[2 2],[0. 1.],1,1,[0.4 0.4],1.0,0.0,1.0
1344,0.0,1,673.0,1,1345,1,False,0.0,0,2.0,[2 2],[0. 1.],1,1,[0.4 0.4],1.0,0.0,1.0
1345,1.0,1,673.0,0,1346,0,False,2.0,1,0.0,[1 1],[0. 1.],1,1,[0.4 0.4],1.0,0.0,1.0
1346,0.0,1,674.0,1,1347,1,False,0.0,0,2.0,[1 1],[0. 1.],1,1,[0.4 0.4],1.0,0.0,1.0
1347,0.0,1,674.0,0,1348,0,False,2.0,1,0.0,[1 1],[0. 1.],0,1,[0.4 0.4],1.0,0.0,1.0
1348,0.0,1,675.0,1,1349,1,False,0.0,0,1.0,[1 1],[0. 1.],0,1,[0.4 0.4],1.0,0.0,1.0
1349,0.0,1,675.0,0,1350,0,False,1.0,1,0.0,[2 2],[0. 1.],1,1,[0.4 0.4],1.0,0.0,1.0
1350,0.0,1,676.0,1,1351,1,False,0.0,0,2.0,[2 2],[0. 1.],1,1,[0.4 0.4],1.0,0.0,1.0
1351,1.0,1,676.0,0,1352,0,False,2.0,1,0.0,[1 2],[0. 1.],1,1,[0.4 0.4],1.0,0.0,1.0
1352,0.0,1,677.0,1,1353,1,False,0.0,0,2.0,[1 2],[0. 1.],1,1,[0.4 0.4],1.0,0.0,1.0
1353,0.0,1,677.0,0,1354,0,False,2.0,1,0.0,[2 1],[0. 1.],0,1,[0.4 0.4],1.0,0.0,1.0
1354,0.0,1,678.0,1,1355,1,False,0.0,0,1.0,[2 1],[0. 1.],0,1,[0.4 0.4],1.0,0.0,1.0
1355,1.0,1,678.0,0,1356,0,False,1.0,1,0.0,[2 2],[0. 1.],1,1,[0.4 0.4],1.0,0.0,1.0
1356,0.0,1,679.0,1,1357,1,False,0.0,0,2.0,[2 2],[0. 1.],1,1,[0.4 0.4],1.0,0.0,1.0
1357,1.0,1,679.0,0,1358,0,False,2.0,1,0.0,[2 1],[0. 1.],1,1,[0.4 0.4],1.0,0.0,1.0
1358,0.0,1,680.0,1,1359,1,False,0.0,0,2.0,[2 1],[0. 1.],1,1,[0.4 0.4],1.0,0.0,1.0
1359,1.0,1,680.0,0,1360,0,False,2.0,1,0.0,[1 1],[0. 1.],1,1,[0.4 0.4],1.0,0.0,1.0
1360,0.0,1,681.0,1,1361,1,False,0.0,0,2.0,[1 1],[0. 1.],1,1,[0.4 0.4],1.0,0.0,1.0
1361,0.0,1,681.0,0,1362,0,False,2.0,1,0.0,[2 2],[0. 1.],1,1,[0.4 0.4],1.0,0.0,1.0
1362,0.0,1,682.0,1,1363,1,False,0.0,0,2.0,[2 2],[0. 1.],1,1,[0.4 0.4],1.0,0.0,1.0
1363,1.0,1,682.0,0,1364,0,False,2.0,1,0.0,[2 2],[0. 1.],0,1,[0.4 0.4],1.0,0.0,1.0
1364,0.0,1,683.0,1,1365,1,False,0.0,0,1.0,[2 2],[0. 1.],0,1,[0.4 0.4],1.0,0.0,1.0
1365,1.0,1,683.0,0,1366,0,False,1.0,1,0.0,[1 2],[0. 1.],1,1,[0.4 0.4],1.0,0.0,1.0
1366,0.0,1,684.0,1,1367,1,False,0.0,0,2.0,[1 2],[0. 1.],1,1,[0.4 0.4],1.0,0.0,1.0
1367,0.0,1,684.0,0,1368,0,False,2.0,1,0.0,[2 1],[0. 1.],0,1,[0.4 0.4],1.0,0.0,1.0
1368,0.0,1,685.0,1,1369,1,False,0.0,0,1.0,[2 1],[0. 1.],0,1,[0.4 0.4],1.0,0.0,1.0
1369,1.0,1,685.0,0,1370,0,False,1.0,1,0.0,[1 2],[0. 1.],0,1,[0.4 0.4],1.0,0.0,1.0
1370,0.0,1,686.0,1,1371,1,False,0.0,0,1.0,[1 2],[0. 1.],0,1,[0.4 0.4],1.0,0.0,1.0
1371,0.0,1,686.0,0,1372,0,False,1.0,1,0.0,[2 2],[0. 1.],1,1,[0.4 0.4],1.0,0.0,1.0
1372,0.0,1,687.0,1,1373,1,False,0.0,0,2.0,[2 2],[0. 1.],1,1,[0.4 0.4],1.0,0.0,1.0
1373,1.0,1,687.0,0,1374,0,False,2.0,1,0.0,[2 1],[0. 1.],0,1,[0.4 0.4],1.0,0.0,1.0
1374,0.0,1,688.0,1,1375,1,False,0.0,0,1.0,[2 1],[0. 1.],0,1,[0.4 0.4],1.0,0.0,1.0
1375,1.0,1,688.0,0,1376,0,False,1.0,1,0.0,[2 2],[0. 1.],0,1,[0.4 0.4],1.0,0.0,1.0
1376,0.0,1,689.0,1,1377,1,False,0.0,0,1.0,[2 2],[0. 1.],0,1,[0.4 0.4],1.0,0.0,1.0
1377,1.0,1,689.0,0,1378,0,False,1.0,1,0.0,[2 1],[0. 1.],0,1,[0.4 0.4],1.0,0.0,1.0
1378,0.0,1,690.0,1,1379,1,False,0.0,0,1.0,[2 1],[0. 1.],0,1,[0.4 0.4],1.0,0.0,1.0
1379,1.0,1,690.0,0,1380,0,False,1.0,1,0.0,[2 2],[0. 1.],0,1,[0.4 0.4],1.0,0.0,1.0
1380,0.0,1,691.0,1,1381,1,False,0.0,0,1.0,[2 2],[0. 1.],0,1,[0.4 0.4],1.0,0.0,1.0
1381,1.0,1,691.0,0,1382,0,False,1.0,1,0.0,[1 1],[0. 1.],0,1,[0.4 0.4],1.0,0.0,1.0
1382,0.0,1,692.0,1,1383,1,False,0.0,0,1.0,[1 1],[0. 1.],0,1,[0.4 0.4],1.0,0.0,1.0
1383,0.0,1,692.0,0,1384,0,False,1.0,1,0.0,[2 2],[0. 1.],0,1,[0.4 0.4],1.0,0.0,1.0
1384,0.0,1,693.0,1,1385,1,False,0.0,0,1.0,[2 2],[0. 1.],0,1,[0.4 0.4],1.0,0.0,1.0
1385,1.0,1,693.0,0,1386,0,False,1.0,1,0.0,[2 1],[0. 1.],0,1,[0.4 0.4],1.0,0.0,1.0
1386,0.0,1,694.0,1,1387,1,False,0.0,0,1.0,[2 1],[0. 1.],0,1,[0.4 0.4],1.0,0.0,1.0
1387,1.0,1,694.0,0,1388,0,False,1.0,1,0.0,[1 1],[0. 1.],0,1,[0.4 0.4],1.0,0.0,1.0
1388,0.0,1,695.0,1,1389,1,False,0.0,0,1.0,[1 1],[0. 1.],0,1,[0.4 0.4],1.0,0.0,1.0
1389,0.0,1,695.0,0,1390,0,False,1.0,1,0.0,[2 1],[0. 1.],1,1,[0.4 0.4],1.0,0.0,1.0
1390,0.0,1,696.0,1,1391,1,False,0.0,0,2.0,[2 1],[0. 1.],1,1,[0.4 0.4],1.0,0.0,1.0
1391,1.0,1,696.0,0,1392,0,False,2.0,1,0.0,[2 1],[0. 1.],0,1,[0.4 0.4],1.0,0.0,1.0
1392,0.0,1,697.0,1,1393,1,False,0.0,0,1.0,[2 1],[0. 1.],0,1,[0.4 0.4],1.0,0.0,1.0
1393,1.0,1,697.0,0,1394,0,False,1.0,1,0.0,[2 1],[0. 1.],1,1,[0.4 0.4],1.0,0.0,1.0
1394,0.0,1,698.0,1,1395,1,False,0.0,0,2.0,[2 1],[0. 1.],1,1,[0.4 0.4],1.0,0.0,1.0
1395,1.0,1,698.0,0,1396,0,False,2.0,1,0.0,[2 1],[0. 1.],1,1,[0.4 0.4],1.0,0.0,1.0
1396,0.0,1,699.0,1,1397,1,False,0.0,0,2.0,[2 1],[0. 1.],1,1,[0.4 0.4],1.0,0.0,1.0
1397,1.0,1,699.0,0,1398,0,False,2.0,1,0.0,[2 2],[0. 1.],1,1,[0.4 0.4],1.0,0.0,1.0
1398,0.0,1,700.0,1,1399,1,False,0.0,0,2.0,[2 2],[0. 1.],1,1,[0.4 0.4],1.0,0.0,1.0
1399,1.0,1,700.0,0,1400,0,False,2.0,1,0.0,[1 1],[1. 0.],0,0,[0.4 0.4],1.0,0.0,1.0
1400,0.0,1,701.0,1,1401,1,False,0.0,0,1.0,[1 1],[1. 0.],0,0,[0.4 0.4],1.0,0.0,1.0
1401,1.0,1,701.0,0,1402,0,False,1.0,1,0.0,[1 2],[1. 0.],1,0,[0.4 0.4],1.0,0.0,1.0
1402,0.0,1,702.0,1,1403,1,False,0.0,0,2.0,[1 2],[1. 0.],1,0,[0.4 0.4],1.0,0.0,1.0
1403,1.0,1,702.0,0,1404,0,False,2.0,1,0.0,[2 2],[1. 0.],1,0,[0.4 0.4],1.0,0.0,1.0
1404,0.0,1,703.0,1,1405,1,False,0.0,0,2.0,[2 2],[1. 0.],1,0,[0.4 0.4],1.0,0.0,1.0
1405,0.0,1,703.0,0,1406,0,False,2.0,1,0.0,[1 1],[1. 0.],1,0,[0.4 0.4],1.0,0.0,1.0
1406,0.0,1,704.0,1,1407,1,False,0.0,0,2.0,[1 1],[1. 0.],1,0,[0.4 0.4],1.0,0.0,1.0
1407,1.0,1,704.0,0,1408,0,False,2.0,1,0.0,[2 1],[1. 0.],1,0,[0.4 0.4],1.0,0.0,1.0
1408,0.0,1,705.0,1,1409,1,False,0.0,0,2.0,[2 1],[1. 0.],1,0,[0.4 0.4],1.0,0.0,1.0
1409,0.0,1,705.0,0,1410,0,False,2.0,1,0.0,[1 2],[1. 0.],0,0,[0.4 0.4],1.0,0.0,1.0
1410,0.0,1,706.0,1,1411,1,False,0.0,0,1.0,[1 2],[1. 0.],0,0,[0.4 0.4],1.0,0.0,1.0
1411,1.0,1,706.0,0,1412,0,False,1.0,1,0.0,[2 1],[1. 0.],1,0,[0.4 0.4],1.0,0.0,1.0
1412,0.0,1,707.0,1,1413,1,False,0.0,0,2.0,[2 1],[1. 0.],1,0,[0.4 0.4],1.0,0.0,1.0
1413,0.0,1,707.0,0,1414,0,False,2.0,1,0.0,[2 1],[1. 0.],1,0,[0.4 0.4],1.0,0.0,1.0
1414,0.0,1,708.0,1,1415,1,False,0.0,0,2.0,[2 1],[1. 0.],1,0,[0.4 0.4],1.0,0.0,1.0
1415,0.0,1,708.0,0,1416,0,False,2.0,1,0.0,[1 2],[1. 0.],1,0,[0.4 0.4],1.0,0.0,1.0
1416,0.0,1,709.0,1,1417,1,False,0.0,0,2.0,[1 2],[1. 0.],1,0,[0.4 0.4],1.0,0.0,1.0
1417,1.0,1,709.0,0,1418,0,False,2.0,1,0.0,[1 2],[1. 0.],1,0,[0.4 0.4],1.0,0.0,1.0
1418,0.0,1,710.0,1,1419,1,False,0.0,0,2.0,[1 2],[1. 0.],1,0,[0.4 0.4],1.0,0.0,1.0
1419,1.0,1,710.0,0,1420,0,False,2.0,1,0.0,[2 1],[1. 0.],0,0,[0.4 0.4],1.0,0.0,1.0
1420,0.0,1,711.0,1,1421,1,False,0.0,0,1.0,[2 1],[1. 0.],0,0,[0.4 0.4],1.0,0.0,1.0
1421,0.0,1,711.0,0,1422,0,False,1.0,1,0.0,[1 1],[1. 0.],0,0,[0.4 0.4],1.0,0.0,1.0
1422,0.0,1,712.0,1,1423,1,False,0.0,0,1.0,[1 1],[1. 0.],0,0,[0.4 0.4],1.0,0.0,1.0
1423,1.0,1,712.0,0,1424,0,False,1.0,1,0.0,[2 2],[1. 0.],0,0,[0.4 0.4],1.0,0.0,1.0
1424,0.0,1,713.0,1,1425,1,False,0.0,0,1.0,[2 2],[1. 0.],0,0,[0.4 0.4],1.0,0.0,1.0
1425,0.0,1,713.0,0,1426,0,False,1.0,1,0.0,[2 2],[1. 0.],0,0,[0.4 0.4],1.0,0.0,1.0
1426,0.0,1,714.0,1,1427,1,False,0.0,0,1.0,[2 2],[1. 0.],0,0,[0.4 0.4],1.0,0.0,1.0
1427,0.0,1,714.0,0,1428,0,False,1.0,1,0.0,[2 2],[1. 0.],1,0,[0.4 0.4],1.0,0.0,1.0
1428,0.0,1,715.0,1,1429,1,False,0.0,0,2.0,[2 2],[1. 0.],1,0,[0.4 0.4],1.0,0.0,1.0
1429,0.0,1,715.0,0,1430,0,False,2.0,1,0.0,[1 2],[0. 1.],1,1,[0.4 0.4],1.0,0.0,1.0
1430,0.0,1,716.0,2,1431,1,False,0.0,0,2.0,[1 2],[0. 1.],1,1,[0.4 0.4],1.0,0.0,1.0
1431,1.0,1,716.0,0,1432,0,False,2.0,1,0.0,[1 1],[0. 1.],0,1,[0.4 0.4],1.0,0.0,1.0
1432,0.0,1,717.0,2,1433,1,False,0.0,0,1.0,[1 1],[0. 1.],0,1,[0.4 0.4],1.0,0.0,1.0
1433,0.0,1,717.0,0,1434,0,False,1.0,1,0.0,[1 1],[0. 1.],1,1,[0.4 0.4],1.0,0.0,1.0
1434,0.0,1,718.0,2,1435,1,False,0.0,0,2.0,[1 1],[0. 1.],1,1,[0.4 0.4],1.0,0.0,1.0
1435,0.0,1,718.0,0,1436,0,False,2.0,1,0.0,[1 1],[0. 1.],1,1,[0.4 0.4],1.0,0.0,1.0
1436,0.0,1,719.0,1,1437,1,False,0.0,0,2.0,[1 1],[0. 1.],1,1,[0.4 0.4],1.0,0.0,1.0
1437,0.0,1,719.0,0,1438,0,False,2.0,1,0.0,[2 1],[0. 1.],1,1,[0.4 0.4],1.0,0.0,1.0
1438,0.0,1,720.0,2,1439,1,False,0.0,0,2.0,[2 1],[0. 1.],1,1,[0.4 0.4],1.0,0.0,1.0
1439,0.0,1,720.0,0,1440,0,False,2.0,1,0.0,[1 1],[0. 1.],1,1,[0.4 0.4],1.0,0.0,1.0
1440,0.0,1,721.0,1,1441,1,False,0.0,0,2.0,[1 1],[0. 1.],1,1,[0.4 0.4],1.0,0.0,1.0
1441,0.0,1,721.0,0,1442,0,False,2.0,1,0.0,[2 2],[0. 1.],0,1,[0.4 0.4],1.0,0.0,1.0
1442,0.0,1,722.0,2,1443,1,False,0.0,0,1.0,[2 2],[0. 1.],0,1,[0.4 0.4],1.0,0.0,1.0
1443,1.0,1,722.0,0,1444,0,False,1.0,1,0.0,[1 1],[0. 1.],1,1,[0.4 0.4],1.0,0.0,1.0
1444,0.0,1,723.0,2,1445,1,False,0.0,0,2.0,[1 1],[0. 1.],1,1,[0.4 0.4],1.0,0.0,1.0
1445,0.0,1,723.0,0,1446,0,False,2.0,1,0.0,[2 2],[0. 1.],0,1,[0.4 0.4],1.0,0.0,1.0
1446,0.0,1,724.0,2,1447,1,False,0.0,0,1.0,[2 2],[0. 1.],0,1,[0.4 0.4],1.0,0.0,1.0
1447,1.0,1,724.0,0,1448,0,False,1.0,1,0.0,[2 1],[0. 1.],0,1,[0.4 0.4],1.0,0.0,1.0
1448,0.0,1,725.0,2,1449,1,False,0.0,0,1.0,[2 1],[0. 1.],0,1,[0.4 0.4],1.0,0.0,1.0
1449,0.0,1,725.0,0,1450,0,False,1.0,1,0.0,[2 1],[0. 1.],0,1,[0.4 0.4],1.0,0.0,1.0
1450,0.0,1,726.0,2,1451,1,False,0.0,0,1.0,[2 1],[0. 1.],0,1,[0.4 0.4],1.0,0.0,1.0
1451,0.0,1,726.0,0,1452,0,False,1.0,1,0.0,[2 1],[0. 1.],1,1,[0.4 0.4],1.0,0.0,1.0
1452,0.0,1,727.0,2,1453,1,False,0.0,0,2.0,[2 1],[0. 1.],1,1,[0.4 0.4],1.0,0.0,1.0
1453,0.0,1,727.0,0,1454,0,False,2.0,1,0.0,[2 2],[0. 1.],0,1,[0.4 0.4],1.0,0.0,1.0
1454,0.0,1,728.0,1,1455,1,False,0.0,0,1.0,[2 2],[0. 1.],0,1,[0.4 0.4],1.0,0.0,1.0
1455,1.0,1,728.0,0,1456,0,False,1.0,1,0.0,[1 2],[0. 1.],1,1,[0.4 0.4],1.0,0.0,1.0
1456,0.0,1,729.0,1,1457,1,False,0.0,0,2.0,[1 2],[0. 1.],1,1,[0.4 0.4],1.0,0.0,1.0
1457,0.0,1,729.0,0,1458,0,False,2.0,1,0.0,[2 2],[0. 1.],1,1,[0.4 0.4],1.0,0.0,1.0
1458,0.0,1,730.0,1,1459,1,False,0.0,0,2.0,[2 2],[0. 1.],1,1,[0.4 0.4],1.0,0.0,1.0
1459,1.0,1,730.0,0,1460,0,False,2.0,1,0.0,[1 2],[0. 1.],0,1,[0.4 0.4],1.0,0.0,1.0
1460,0.0,1,731.0,1,1461,1,False,0.0,0,1.0,[1 2],[0. 1.],0,1,[0.4 0.4],1.0,0.0,1.0
1461,0.0,1,731.0,0,1462,0,False,1.0,1,0.0,[1 1],[0. 1.],1,1,[0.4 0.4],1.0,0.0,1.0
1462,0.0,1,732.0,1,1463,1,False,0.0,0,2.0,[1 1],[0. 1.],1,1,[0.4 0.4],1.0,0.0,1.0
1463,0.0,1,732.0,0,1464,0,False,2.0,1,0.0,[2 2],[1. 0.],1,0,[0.4 0.4],1.0,0.0,1.0
1464,0.0,1,733.0,2,1465,1,False,0.0,0,2.0,[2 2],[1. 0.],1,0,[0.4 0.4],1.0,0.0,1.0
1465,0.0,1,733.0,0,1466,0,False,2.0,1,0.0,[1 1],[1. 0.],0,0,[0.4 0.4],1.0,0.0,1.0
1466,0.0,1,734.0,1,1467,1,False,0.0,0,1.0,[1 1],[1. 0.],0,0,[0.4 0.4],1.0,0.0,1.0
1467,1.0,1,734.0,0,1468,0,False,1.0,1,0.0,[1 1],[1. 0.],0,0,[0.4 0.4],1.0,0.0,1.0
1468,0.0,1,735.0,1,1469,1,False,0.0,0,1.0,[1 1],[1. 0.],0,0,[0.4 0.4],1.0,0.0,1.0
1469,1.0,1,735.0,0,1470,0,False,1.0,1,0.0,[1 1],[1. 0.],1,0,[0.4 0.4],1.0,0.0,1.0
1470,0.0,1,736.0,1,1471,1,False,0.0,0,2.0,[1 1],[1. 0.],1,0,[0.4 0.4],1.0,0.0,1.0
1471,1.0,1,736.0,0,1472,0,False,2.0,1,0.0,[1 2],[1. 0.],1,0,[0.4 0.4],1.0,0.0,1.0
1472,0.0,1,737.0,1,1473,1,False,0.0,0,2.0,[1 2],[1. 0.],1,0,[0.4 0.4],1.0,0.0,1.0
1473,1.0,1,737.0,0,1474,0,False,2.0,1,0.0,[1 2],[1. 0.],1,0,[0.4 0.4],1.0,0.0,1.0
1474,0.0,1,738.0,1,1475,1,False,0.0,0,2.0,[1 2],[1. 0.],1,0,[0.4 0.4],1.0,0.0,1.0
1475,1.0,1,738.0,0,1476,0,False,2.0,1,0.0,[1 1],[1. 0.],0,0,[0.4 0.4],1.0,0.0,1.0
1476,0.0,1,739.0,1,1477,1,False,0.0,0,1.0,[1 1],[1. 0.],0,0,[0.4 0.4],1.0,0.0,1.0
1477,1.0,1,739.0,0,1478,0,False,1.0,1,0.0,[2 2],[1. 0.],1,0,[0.4 0.4],1.0,0.0,1.0
1478,0.0,1,740.0,1,1479,1,False,0.0,0,2.0,[2 2],[1. 0.],1,0,[0.4 0.4],1.0,0.0,1.0
1479,0.0,1,740.0,0,1480,0,False,2.0,1,0.0,[2 2],[1. 0.],0,0,[0.4 0.4],1.0,0.0,1.0
1480,0.0,1,741.0,1,1481,1,False,0.0,0,1.0,[2 2],[1. 0.],0,0,[0.4 0.4],1.0,0.0,1.0
1481,0.0,1,741.0,0,1482,0,False,1.0,1,0.0,[2 1],[1. 0.],1,0,[0.4 0.4],1.0,0.0,1.0
1482,0.0,1,742.0,1,1483,1,False,0.0,0,2.0,[2 1],[1. 0.],1,0,[0.4 0.4],1.0,0.0,1.0
1483,0.0,1,742.0,0,1484,0,False,2.0,1,0.0,[2 2],[1. 0.],1,0,[0.4 0.4],1.0,0.0,1.0
1484,0.0,1,743.0,1,1485,1,False,0.0,0,2.0,[2 2],[1. 0.],1,0,[0.4 0.4],1.0,0.0,1.0
1485,0.0,1,743.0,0,1486,0,False,2.0,1,0.0,[1 2],[1. 0.],0,0,[0.4 0.4],1.0,0.0,1.0
1486,0.0,1,744.0,2,1487,1,False,0.0,0,1.0,[1 2],[1. 0.],0,0,[0.4 0.4],1.0,0.0,1.0
1487,0.0,1,744.0,0,1488,0,False,1.0,1,0.0,[2 1],[1. 0.],0,0,[0.4 0.4],1.0,0.0,1.0
1488,0.0,1,745.0,1,1489,1,False,0.0,0,1.0,[2 1],[1. 0.],0,0,[0.4 0.4],1.0,0.0,1.0
1489,0.0,1,745.0,0,1490,0,False,1.0,1,0.0,[2 2],[1. 0.],0,0,[0.4 0.4],1.0,0.0,1.0
1490,0.0,1,746.0,2,1491,1,False,0.0,0,1.0,[2 2],[1. 0.],0,0,[0.4 0.4],1.0,0.0,1.0
1491,0.0,1,746.0,0,1492,0,False,1.0,1,0.0,[2 1],[1. 0.],1,0,[0.4 0.4],1.0,0.0,1.0
1492,0.0,1,747.0,1,1493,1,False,0.0,0,2.0,[2 1],[1. 0.],1,0,[0.4 0.4],1.0,0.0,1.0
1493,0.0,1,747.0,0,1494,0,False,2.0,1,0.0,[2 1],[1. 0.],0,0,[0.4 0.4],1.0,0.0,1.0
1494,0.0,1,748.0,2,1495,1,False,0.0,0,1.0,[2 1],[1. 0.],0,0,[0.4 0.4],1.0,0.0,1.0
1495,1.0,1,748.0,0,1496,0,False,1.0,1,0.0,[1 1],[1. 0.],0,0,[0.4 0.4],1.0,0.0,1.0
1496,0.0,1,749.0,2,1497,1,False,0.0,0,1.0,[1 1],[1. 0.],0,0,[0.4 0.4],1.0,0.0,1.0
1497,1.0,1,749.0,0,1498,0,False,1.0,1,0.0,[2 1],[1. 0.],1,0,[0.4 0.4],1.0,0.0,1.0
1498,0.0,1,750.0,2,1499,1,False,0.0,0,2.0,[2 1],[1. 0.],1,0,[0.4 0.4],1.0,0.0,1.0
1499,1.0,1,750.0,0,1500,0,False,2.0,1,0.0,[2 1],[1. 0.],1,0,[0.4 0.4],1.0,0.0,1.0
1500,0.0,1,751.0,2,1501,1,False,0.0,0,2.0,[2 1],[1. 0.],1,0,[0.4 0.4],1.0,0.0,1.0
1501,1.0,1,751.0,0,1502,0,False,2.0,1,0.0,[2 2],[1. 0.],0,0,[0.4 0.4],1.0,0.0,1.0
1502,0.0,1,752.0,2,1503,1,False,0.0,0,1.0,[2 2],[1. 0.],0,0,[0.4 0.4],1.0,0.0,1.0
1503,0.0,1,752.0,0,1504,0,False,1.0,1,0.0,[2 2],[1. 0.],0,0,[0.4 0.4],1.0,0.0,1.0
1504,0.0,1,753.0,2,1505,1,False,0.0,0,1.0,[2 2],[1. 0.],0,0,[0.4 0.4],1.0,0.0,1.0
1505,0.0,1,753.0,0,1506,0,False,1.0,1,0.0,[1 2],[0. 1.],1,1,[0.4 0.4],1.0,0.0,1.0
1506,0.0,1,754.0,2,1507,1,False,0.0,0,2.0,[1 2],[0. 1.],1,1,[0.4 0.4],1.0,0.0,1.0
1507,1.0,1,754.0,0,1508,0,False,2.0,1,0.0,[1 2],[0. 1.],0,1,[0.4 0.4],1.0,0.0,1.0
1508,0.0,1,755.0,2,1509,1,False,0.0,0,1.0,[1 2],[0. 1.],0,1,[0.4 0.4],1.0,0.0,1.0
1509,1.0,1,755.0,0,1510,0,False,1.0,1,0.0,[2 1],[0. 1.],0,1,[0.4 0.4],1.0,0.0,1.0
1510,0.0,1,756.0,2,1511,1,False,0.0,0,1.0,[2 1],[0. 1.],0,1,[0.4 0.4],1.0,0.0,1.0
1511,0.0,1,756.0,0,1512,0,False,1.0,1,0.0,[2 1],[0. 1.],1,1,[0.4 0.4],1.0,0.0,1.0
1512,0.0,1,757.0,2,1513,1,False,0.0,0,2.0,[2 1],[0. 1.],1,1,[0.4 0.4],1.0,0.0,1.0
1513,0.0,1,757.0,0,1514,0,False,2.0,1,0.0,[1 1],[0. 1.],1,1,[0.4 0.4],1.0,0.0,1.0
1514,0.0,1,758.0,2,1515,1,False,0.0,0,2.0,[1 1],[0. 1.],1,1,[0.4 0.4],1.0,0.0,1.0
1515,0.0,1,758.0,0,1516,0,False,2.0,1,0.0,[1 1],[0. 1.],1,1,[0.4 0.4],1.0,0.0,1.0
1516,0.0,1,759.0,1,1517,1,False,0.0,0,2.0,[1 1],[0. 1.],1,1,[0.4 0.4],1.0,0.0,1.0
1517,0.0,1,759.0,0,1518,0,False,2.0,1,0.0,[2 1],[0. 1.],1,1,[0.4 0.4],1.0,0.0,1.0
1518,0.0,1,760.0,2,1519,1,False,0.0,0,2.0,[2 1],[0. 1.],1,1,[0.4 0.4],1.0,0.0,1.0
1519,0.0,1,760.0,0,1520,0,False,2.0,1,0.0,[1 1],[0. 1.],0,1,[0.4 0.4],1.0,0.0,1.0
1520,0.0,1,761.0,1,1521,1,False,0.0,0,1.0,[1 1],[0. 1.],0,1,[0.4 0.4],1.0,0.0,1.0
1521,0.0,1,761.0,0,1522,0,False,1.0,1,0.0,[2 2],[0. 1.],0,1,[0.4 0.4],1.0,0.0,1.0
1522,0.0,1,762.0,2,1523,1,False,0.0,0,1.0,[2 2],[0. 1.],0,1,[0.4 0.4],1.0,0.0,1.0
1523,1.0,1,762.0,0,1524,0,False,1.0,1,0.0,[2 2],[0. 1.],0,1,[0.4 0.4],1.0,0.0,1.0
1524,0.0,1,763.0,2,1525,1,False,0.0,0,1.0,[2 2],[0. 1.],0,1,[0.4 0.4],1.0,0.0,1.0
1525,1.0,1,763.0,0,1526,0,False,1.0,1,0.0,[1 1],[0. 1.],0,1,[0.4 0.4],1.0,0.0,1.0
1526,0.0,1,764.0,2,1527,1,False,0.0,0,1.0,[1 1],[0. 1.],0,1,[0.4 0.4],1.0,0.0,1.0
1527,0.0,1,764.0,0,1528,0,False,1.0,1,0.0,[1 1],[0. 1.],0,1,[0.4 0.4],1.0,0.0,1.0
1528,0.0,1,765.0,2,1529,1,False,0.0,0,1.0,[1 1],[0. 1.],0,1,[0.4 0.4],1.0,0.0,1.0
1529,0.0,1,765.0,0,1530,0,False,1.0,1,0.0,[2 1],[0. 1.],0,1,[0.4 0.4],1.0,0.0,1.0
1530,0.0,1,766.0,2,1531,1,False,0.0,0,1.0,[2 1],[0. 1.],0,1,[0.4 0.4],1.0,0.0,1.0
1531,0.0,1,766.0,0,1532,0,False,1.0,1,0.0,[1 1],[0. 1.],0,1,[0.4 0.4],1.0,0.0,1.0
1532,0.0,1,767.0,2,1533,1,False,0.0,0,1.0,[1 1],[0. 1.],0,1,[0.4 0.4],1.0,0.0,1.0
1533,0.0,1,767.0,0,1534,0,False,1.0,1,0.0,[1 2],[0. 1.],0,1,[0.4 0.4],1.0,0.0,1.0
1534,0.0,1,768.0,1,1535,1,False,0.0,0,1.0,[1 2],[0. 1.],0,1,[0.4 0.4],1.0,0.0,1.0
1535,0.0,1,768.0,0,1536,0,False,1.0,1,0.0,[1 1],[0. 1.],0,1,[0.4 0.4],1.0,0.0,1.0
1536,0.0,1,769.0,2,1537,1,False,0.0,0,1.0,[1 1],[0. 1.],0,1,[0.4 0.4],1.0,0.0,1.0
1537,0.0,1,769.0,0,1538,0,False,1.0,1,0.0,[2 2],[0. 1.],1,1,[0.4 0.4],1.0,0.0,1.0
1538,0.0,1,770.0,2,1539,1,False,0.0,0,2.0,[2 2],[0. 1.],1,1,[0.4 0.4],1.0,0.0,1.0
1539,1.0,1,770.0,0,1540,0,False,2.0,1,0.0,[2 1],[0. 1.],1,1,[0.4 0.4],1.0,0.0,1.0
1540,0.0,1,771.0,2,1541,1,False,0.0,0,2.0,[2 1],[0. 1.],1,1,[0.4 0.4],1.0,0.0,1.0
1541,0.0,1,771.0,0,1542,0,False,2.0,1,0.0,[1 2],[0. 1.],1,1,[0.4 0.4],1.0,0.0,1.0
1542,0.0,1,772.0,1,1543,1,False,0.0,0,2.0,[1 2],[0. 1.],1,1,[0.4 0.4],1.0,0.0,1.0
1543,0.0,1,772.0,0,1544,0,False,2.0,1,0.0,[1 2],[0. 1.],0,1,[0.4 0.4],1.0,0.0,1.0
1544,0.0,1,773.0,2,1545,1,False,0.0,0,1.0,[1 2],[0. 1.],0,1,[0.4 0.4],1.0,0.0,1.0
1545,1.0,1,773.0,0,1546,0,False,1.0,1,0.0,[2 2],[0. 1.],1,1,[0.4 0.4],1.0,0.0,1.0
1546,0.0,1,774.0,2,1547,1,False,0.0,0,2.0,[2 2],[0. 1.],1,1,[0.4 0.4],1.0,0.0,1.0
1547,1.0,1,774.0,0,1548,0,False,2.0,1,0.0,[1 1],[0. 1.],1,1,[0.4 0.4],1.0,0.0,1.0
1548,0.0,1,775.0,2,1549,1,False,0.0,0,2.0,[1 1],[0. 1.],1,1,[0.4 0.4],1.0,0.0,1.0
1549,0.0,1,775.0,0,1550,0,False,2.0,1,0.0,[1 1],[0. 1.],0,1,[0.4 0.4],1.0,0.0,1.0
1550,0.0,1,776.0,2,1551,1,False,0.0,0,1.0,[1 1],[0. 1.],0,1,[0.4 0.4],1.0,0.0,1.0
1551,0.0,1,776.0,0,1552,0,False,1.0,1,0.0,[2 1],[0. 1.],1,1,[0.4 0.4],1.0,0.0,1.0
1552,0.0,1,777.0,2,1553,1,False,0.0,0,2.0,[2 1],[0. 1.],1,1,[0.4 0.4],1.0,0.0,1.0
1553,0.0,1,777.0,0,1554,0,False,2.0,1,0.0,[1 1],[0. 1.],1,1,[0.4 0.4],1.0,0.0,1.0
1554,0.0,1,778.0,1,1555,1,False,0.0,0,2.0,[1 1],[0. 1.],1,1,[0.4 0.4],1.0,0.0,1.0
1555,0.0,1,778.0,0,1556,0,False,2.0,1,0.0,[1 2],[0. 1.],1,1,[0.4 0.4],1.0,0.0,1.0
1556,0.0,1,779.0,2,1557,1,False,0.0,0,2.0,[1 2],[0. 1.],1,1,[0.4 0.4],1.0,0.0,1.0
1557,1.0,1,779.0,0,1558,0,False,2.0,1,0.0,[2 2],[0. 1.],1,1,[0.4 0.4],1.0,0.0,1.0
1558,0.0,1,780.0,2,1559,1,False,0.0,0,2.0,[2 2],[0. 1.],1,1,[0.4 0.4],1.0,0.0,1.0
1559,1.0,1,780.0,0,1560,0,False,2.0,1,0.0,[1 2],[0. 1.],0,1,[0.4 0.4],1.0,0.0,1.0
1560,0.0,1,781.0,2,1561,1,False,0.0,0,1.0,[1 2],[0. 1.],0,1,[0.4 0.4],1.0,0.0,1.0
1561,1.0,1,781.0,0,1562,0,False,1.0,1,0.0,[1 1],[0. 1.],1,1,[0.4 0.4],1.0,0.0,1.0
1562,0.0,1,782.0,2,1563,1,False,0.0,0,2.0,[1 1],[0. 1.],1,1,[0.4 0.4],1.0,0.0,1.0
1563,0.0,1,782.0,0,1564,0,False,2.0,1,0.0,[1 2],[0. 1.],1,1,[0.4 0.4],1.0,0.0,1.0
1564,0.0,1,783.0,2,1565,1,False,0.0,0,2.0,[1 2],[0. 1.],1,1,[0.4 0.4],1.0,0.0,1.0
1565,1.0,1,783.0,0,1566,0,False,2.0,1,0.0,[2 1],[0. 1.],1,1,[0.4 0.4],1.0,0.0,1.0
1566,0.0,1,784.0,2,1567,1,False,0.0,0,2.0,[2 1],[0. 1.],1,1,[0.4 0.4],1.0,0.0,1.0
1567,0.0,1,784.0,0,1568,0,False,2.0,1,0.0,[2 1],[0. 1.],0,1,[0.4 0.4],1.0,0.0,1.0
1568,0.0,1,785.0,2,1569,1,False,0.0,0,1.0,[2 1],[0. 1.],0,1,[0.4 0.4],1.0,0.0,1.0
1569,0.0,1,785.0,0,1570,0,False,1.0,1,0.0,[2 1],[0. 1.],1,1,[0.4 0.4],1.0,0.0,1.0
1570,0.0,1,786.0,2,1571,1,False,0.0,0,2.0,[2 1],[0. 1.],1,1,[0.4 0.4],1.0,0.0,1.0
1571,0.0,1,786.0,0,1572,0,False,2.0,1,0.0,[1 2],[0. 1.],0,1,[0.4 0.4],1.0,0.0,1.0
1572,0.0,1,787.0,1,1573,1,False,0.0,0,1.0,[1 2],[0. 1.],0,1,[0.4 0.4],1.0,0.0,1.0
1573,0.0,1,787.0,0,1574,0,False,1.0,1,0.0,[1 1],[0. 1.],0,1,[0.4 0.4],1.0,0.0,1.0
1574,0.0,1,788.0,2,1575,1,False,0.0,0,1.0,[1 1],[0. 1.],0,1,[0.4 0.4],1.0,0.0,1.0
1575,0.0,1,788.0,0,1576,0,False,1.0,1,0.0,[1 1],[0. 1.],0,1,[0.4 0.4],1.0,0.0,1.0
1576,0.0,1,789.0,1,1577,1,False,0.0,0,1.0,[1 1],[0. 1.],0,1,[0.4 0.4],1.0,0.0,1.0
1577,0.0,1,789.0,0,1578,0,False,1.0,1,0.0,[1 1],[0. 1.],1,1,[0.4 0.4],1.0,0.0,1.0
1578,0.0,1,790.0,2,1579,1,False,0.0,0,2.0,[1 1],[0. 1.],1,1,[0.4 0.4],1.0,0.0,1.0
1579,0.0,1,790.0,0,1580,0,False,2.0,1,0.0,[2 1],[0. 1.],0,1,[0.4 0.4],1.0,0.0,1.0
1580,0.0,1,791.0,2,1581,1,False,0.0,0,1.0,[2 1],[0. 1.],0,1,[0.4 0.4],1.0,0.0,1.0
1581,0.0,1,791.0,0,1582,0,False,1.0,1,0.0,[1 1],[0. 1.],0,1,[0.4 0.4],1.0,0.0,1.0
1582,0.0,1,792.0,1,1583,1,False,0.0,0,1.0,[1 1],[0. 1.],0,1,[0.4 0.4],1.0,0.0,1.0
1583,0.0,1,792.0,0,1584,0,False,1.0,1,0.0,[2 2],[0. 1.],1,1,[0.4 0.4],1.0,0.0,1.0
1584,0.0,1,793.0,2,1585,1,False,0.0,0,2.0,[2 2],[0. 1.],1,1,[0.4 0.4],1.0,0.0,1.0
1585,1.0,1,793.0,0,1586,0,False,2.0,1,0.0,[1 1],[0. 1.],1,1,[0.4 0.4],1.0,0.0,1.0
1586,0.0,1,794.0,2,1587,1,False,0.0,0,2.0,[1 1],[0. 1.],1,1,[0.4 0.4],1.0,0.0,1.0
1587,0.0,1,794.0,0,1588,0,False,2.0,1,0.0,[1 1],[0. 1.],0,1,[0.4 0.4],1.0,0.0,1.0
1588,0.0,1,795.0,2,1589,1,False,0.0,0,1.0,[1 1],[0. 1.],0,1,[0.4 0.4],1.0,0.0,1.0
1589,0.0,1,795.0,0,1590,0,False,1.0,1,0.0,[1 2],[0. 1.],0,1,[0.4 0.4],1.0,0.0,1.0
1590,0.0,1,796.0,1,1591,1,False,0.0,0,1.0,[1 2],[0. 1.],0,1,[0.4 0.4],1.0,0.0,1.0
1591,0.0,1,796.0,0,1592,0,False,1.0,1,0.0,[1 2],[0. 1.],0,1,[0.4 0.4],1.0,0.0,1.0
1592,0.0,1,797.0,2,1593,1,False,0.0,0,1.0,[1 2],[0. 1.],0,1,[0.4 0.4],1.0,0.0,1.0
1593,1.0,1,797.0,0,1594,0,False,1.0,1,0.0,[1 2],[1. 0.],0,0,[0.4 0.4],1.0,0.0,1.0
1594,0.0,1,798.0,2,1595,1,False,0.0,0,1.0,[1 2],[1. 0.],0,0,[0.4 0.4],1.0,0.0,1.0
1595,0.0,1,798.0,0,1596,0,False,1.0,1,0.0,[2 2],[1. 0.],0,0,[0.4 0.4],1.0,0.0,1.0
1596,0.0,1,799.0,2,1597,1,False,0.0,0,1.0,[2 2],[1. 0.],0,0,[0.4 0.4],1.0,0.0,1.0
1597,0.0,1,799.0,0,1598,0,False,1.0,1,0.0,[1 1],[1. 0.],0,0,[0.4 0.4],1.0,0.0,1.0
1598,0.0,1,800.0,1,1599,1,False,0.0,0,1.0,[1 1],[1. 0.],0,0,[0.4 0.4],1.0,0.0,1.0
1599,1.0,1,800.0,0,1600,0,False,1.0,1,0.0,[2 1],[1. 0.],0,0,[0.4 0.4],1.0,0.0,1.0
1600,0.0,1,801.0,1,1601,1,False,0.0,0,1.0,[2 1],[1. 0.],0,0,[0.4 0.4],1.0,0.0,1.0
1601,0.0,1,801.0,0,1602,0,False,1.0,1,0.0,[1 2],[1. 0.],0,0,[0.4 0.4],1.0,0.0,1.0
1602,0.0,1,802.0,1,1603,1,False,0.0,0,1.0,[1 2],[1. 0.],0,0,[0.4 0.4],1.0,0.0,1.0
1603,1.0,1,802.0,0,1604,0,False,1.0,1,0.0,[2 2],[1. 0.],0,0,[0.4 0.4],1.0,0.0,1.0
1604,0.0,1,803.0,1,1605,1,False,0.0,0,1.0,[2 2],[1. 0.],0,0,[0.4 0.4],1.0,0.0,1.0
1605,0.0,1,803.0,0,1606,0,False,1.0,1,0.0,[1 2],[1. 0.],1,0,[0.4 0.4],1.0,0.0,1.0
1606,0.0,1,804.0,1,1607,1,False,0.0,0,2.0,[1 2],[1. 0.],1,0,[0.4 0.4],1.0,0.0,1.0
1607,1.0,1,804.0,0,1608,0,False,2.0,1,0.0,[2 2],[1. 0.],1,0,[0.4 0.4],1.0,0.0,1.0
1608,0.0,1,805.0,1,1609,1,False,0.0,0,2.0,[2 2],[1. 0.],1,0,[0.4 0.4],1.0,0.0,1.0
1609,0.0,1,805.0,0,1610,0,False,2.0,1,0.0,[2 1],[1. 0.],0,0,[0.4 0.4],1.0,0.0,1.0
1610,0.0,1,806.0,1,1611,1,False,0.0,0,1.0,[2 1],[1. 0.],0,0,[0.4 0.4],1.0,0.0,1.0
1611,0.0,1,806.0,0,1612,0,False,1.0,1,0.0,[2 2],[1. 0.],0,0,[0.4 0.4],1.0,0.0,1.0
1612,0.0,1,807.0,2,1613,1,False,0.0,0,1.0,[2 2],[1. 0.],0,0,[0.4 0.4],1.0,0.0,1.0
1613,0.0,1,807.0,0,1614,0,False,1.0,1,0.0,[2 2],[1. 0.],1,0,[0.4 0.4],1.0,0.0,1.0
1614,0.0,1,808.0,1,1615,1,False,0.0,0,2.0,[2 2],[1. 0.],1,0,[0.4 0.4],1.0,0.0,1.0
1615,0.0,1,808.0,0,1616,0,False,2.0,1,0.0,[2 2],[1. 0.],0,0,[0.4 0.4],1.0,0.0,1.0
1616,0.0,1,809.0,2,1617,1,False,0.0,0,1.0,[2 2],[1. 0.],0,0,[0.4 0.4],1.0,0.0,1.0
1617,0.0,1,809.0,0,1618,0,False,1.0,1,0.0,[2 1],[1. 0.],0,0,[0.4 0.4],1.0,0.0,1.0
1618,0.0,1,810.0,1,1619,1,False,0.0,0,1.0,[2 1],[1. 0.],0,0,[0.4 0.4],1.0,0.0,1.0
1619,0.0,1,810.0,0,1620,0,False,1.0,1,0.0,[2 1],[1. 0.],1,0,[0.4 0.4],1.0,0.0,1.0
1620,0.0,1,811.0,2,1621,1,False,0.0,0,2.0,[2 1],[1. 0.],1,0,[0.4 0.4],1.0,0.0,1.0
1621,1.0,1,811.0,0,1622,0,False,2.0,1,0.0,[2 2],[1. 0.],1,0,[0.4 0.4],1.0,0.0,1.0
1622,0.0,1,812.0,2,1623,1,False,0.0,0,2.0,[2 2],[1. 0.],1,0,[0.4 0.4],1.0,0.0,1.0
1623,0.0,1,812.0,0,1624,0,False,2.0,1,0.0,[1 2],[1. 0.],0,0,[0.4 0.4],1.0,0.0,1.0
1624,0.0,1,813.0,2,1625,1,False,0.0,0,1.0,[1 2],[1. 0.],0,0,[0.4 0.4],1.0,0.0,1.0
1625,0.0,1,813.0,0,1626,0,False,1.0,1,0.0,[2 2],[1. 0.],1,0,[0.4 0.4],1.0,0.0,1.0
1626,0.0,1,814.0,1,1627,1,False,0.0,0,2.0,[2 2],[1. 0.],1,0,[0.4 0.4],1.0,0.0,1.0
1627,0.0,1,814.0,0,1628,0,False,2.0,1,0.0,[1 1],[1. 0.],1,0,[0.4 0.4],1.0,0.0,1.0
1628,0.0,1,815.0,2,1629,1,False,0.0,0,2.0,[1 1],[1. 0.],1,0,[0.4 0.4],1.0,0.0,1.0
1629,1.0,1,815.0,0,1630,0,False,2.0,1,0.0,[1 2],[1. 0.],1,0,[0.4 0.4],1.0,0.0,1.0
1630,0.0,1,816.0,2,1631,1,False,0.0,0,2.0,[1 2],[1. 0.],1,0,[0.4 0.4],1.0,0.0,1.0
1631,0.0,1,816.0,0,1632,0,False,2.0,1,0.0,[2 2],[1. 0.],1,0,[0.4 0.4],1.0,0.0,1.0
1632,0.0,1,817.0,1,1633,1,False,0.0,0,2.0,[2 2],[1. 0.],1,0,[0.4 0.4],1.0,0.0,1.0
1633,0.0,1,817.0,0,1634,0,False,2.0,1,0.0,[2 2],[1. 0.],0,0,[0.4 0.4],1.0,0.0,1.0
1634,0.0,1,818.0,2,1635,1,False,0.0,0,1.0,[2 2],[1. 0.],0,0,[0.4 0.4],1.0,0.0,1.0
1635,0.0,1,818.0,0,1636,0,False,1.0,1,0.0,[1 2],[1. 0.],0,0,[0.4 0.4],1.0,0.0,1.0
1636,0.0,1,819.0,1,1637,1,False,0.0,0,1.0,[1 2],[1. 0.],0,0,[0.4 0.4],1.0,0.0,1.0
1637,1.0,1,819.0,0,1638,0,False,1.0,1,0.0,[1 1],[1. 0.],1,0,[0.4 0.4],1.0,0.0,1.0
1638,0.0,1,820.0,1,1639,1,False,0.0,0,2.0,[1 1],[1. 0.],1,0,[0.4 0.4],1.0,0.0,1.0
1639,1.0,1,820.0,0,1640,0,False,2.0,1,0.0,[2 1],[1. 0.],0,0,[0.4 0.4],1.0,0.0,1.0
1640,0.0,1,821.0,1,1641,1,False,0.0,0,1.0,[2 1],[1. 0.],0,0,[0.4 0.4],1.0,0.0,1.0
1641,0.0,1,821.0,0,1642,0,False,1.0,1,0.0,[1 1],[1. 0.],0,0,[0.4 0.4],1.0,0.0,1.0
1642,0.0,1,822.0,1,1643,1,False,0.0,0,1.0,[1 1],[1. 0.],0,0,[0.4 0.4],1.0,0.0,1.0
1643,1.0,1,822.0,0,1644,0,False,1.0,1,0.0,[1 1],[1. 0.],0,0,[0.4 0.4],1.0,0.0,1.0
1644,0.0,1,823.0,1,1645,1,False,0.0,0,1.0,[1 1],[1. 0.],0,0,[0.4 0.4],1.0,0.0,1.0
1645,1.0,1,823.0,0,1646,0,False,1.0,1,0.0,[2 1],[1. 0.],1,0,[0.4 0.4],1.0,0.0,1.0
1646,0.0,1,824.0,1,1647,1,False,0.0,0,2.0,[2 1],[1. 0.],1,0,[0.4 0.4],1.0,0.0,1.0
1647,0.0,1,824.0,0,1648,0,False,2.0,1,0.0,[2 2],[1. 0.],0,0,[0.4 0.4],1.0,0.0,1.0
1648,0.0,1,825.0,1,1649,1,False,0.0,0,1.0,[2 2],[1. 0.],0,0,[0.4 0.4],1.0,0.0,1.0
1649,0.0,1,825.0,0,1650,0,False,1.0,1,0.0,[2 1],[1. 0.],1,0,[0.4 0.4],1.0,0.0,1.0
1650,0.0,1,826.0,1,1651,1,False,0.0,0,2.0,[2 1],[1. 0.],1,0,[0.4 0.4],1.0,0.0,1.0
1651,0.0,1,826.0,0,1652,0,False,2.0,1,0.0,[1 2],[1. 0.],1,0,[0.4 0.4],1.0,0.0,1.0
1652,0.0,1,827.0,2,1653,1,False,0.0,0,2.0,[1 2],[1. 0.],1,0,[0.4 0.4],1.0,0.0,1.0
1653,0.0,1,827.0,0,1654,0,False,2.0,1,0.0,[2 1],[1. 0.],1,0,[0.4 0.4],1.0,0.0,1.0
1654,0.0,1,828.0,1,1655,1,False,0.0,0,2.0,[2 1],[1. 0.],1,0,[0.4 0.4],1.0,0.0,1.0
1655,0.0,1,828.0,0,1656,0,False,2.0,1,0.0,[2 1],[1. 0.],0,0,[0.4 0.4],1.0,0.0,1.0
1656,0.0,1,829.0,2,1657,1,False,0.0,0,1.0,[2 1],[1. 0.],0,0,[0.4 0.4],1.0,0.0,1.0
1657,1.0,1,829.0,0,1658,0,False,1.0,1,0.0,[2 1],[1. 0.],0,0,[0.4 0.4],1.0,0.0,1.0
1658,0.0,1,830.0,2,1659,1,False,0.0,0,1.0,[2 1],[1. 0.],0,0,[0.4 0.4],1.0,0.0,1.0
1659,1.0,1,830.0,0,1660,0,False,1.0,1,0.0,[2 2],[1. 0.],1,0,[0.4 0.4],1.0,0.0,1.0
1660,0.0,1,831.0,2,1661,1,False,0.0,0,2.0,[2 2],[1. 0.],1,0,[0.4 0.4],1.0,0.0,1.0
1661,0.0,1,831.0,0,1662,0,False,2.0,1,0.0,[2 1],[1. 0.],0,0,[0.4 0.4],1.0,0.0,1.0
1662,0.0,1,832.0,2,1663,1,False,0.0,0,1.0,[2 1],[1. 0.],0,0,[0.4 0.4],1.0,0.0,1.0
1663,1.0,1,832.0,0,1664,0,False,1.0,1,0.0,[2 1],[1. 0.],0,0,[0.4 0.4],1.0,0.0,1.0
1664,0.0,1,833.0,2,1665,1,False,0.0,0,1.0,[2 1],[1. 0.],0,0,[0.4 0.4],1.0,0.0,1.0
1665,1.0,1,833.0,0,1666,0,False,1.0,1,0.0,[1 1],[1. 0.],1,0,[0.4 0.4],1.0,0.0,1.0
1666,0.0,1,834.0,2,1667,1,False,0.0,0,2.0,[1 1],[1. 0.],1,0,[0.4 0.4],1.0,0.0,1.0
1667,1.0,1,834.0,0,1668,0,False,2.0,1,0.0,[1 1],[1. 0.],0,0,[0.4 0.4],1.0,0.0,1.0
1668,0.0,1,835.0,2,1669,1,False,0.0,0,1.0,[1 1],[1. 0.],0,0,[0.4 0.4],1.0,0.0,1.0
1669,1.0,1,835.0,0,1670,0,False,1.0,1,0.0,[1 2],[1. 0.],1,0,[0.4 0.4],1.0,0.0,1.0
1670,0.0,1,836.0,2,1671,1,False,0.0,0,2.0,[1 2],[1. 0.],1,0,[0.4 0.4],1.0,0.0,1.0
1671,0.0,1,836.0,0,1672,0,False,2.0,1,0.0,[2 2],[1. 0.],1,0,[0.4 0.4],1.0,0.0,1.0
1672,0.0,1,837.0,2,1673,1,False,0.0,0,2.0,[2 2],[1. 0.],1,0,[0.4 0.4],1.0,0.0,1.0
1673,0.0,1,837.0,0,1674,0,False,2.0,1,0.0,[1 1],[1. 0.],0,0,[0.4 0.4],1.0,0.0,1.0
1674,0.0,1,838.0,2,1675,1,False,0.0,0,1.0,[1 1],[1. 0.],0,0,[0.4 0.4],1.0,0.0,1.0
1675,1.0,1,838.0,0,1676,0,False,1.0,1,0.0,[1 1],[1. 0.],1,0,[0.4 0.4],1.0,0.0,1.0
1676,0.0,1,839.0,2,1677,1,False,0.0,0,2.0,[1 1],[1. 0.],1,0,[0.4 0.4],1.0,0.0,1.0
1677,1.0,1,839.0,0,1678,0,False,2.0,1,0.0,[1 2],[1. 0.],1,0,[0.4 0.4],1.0,0.0,1.0
1678,0.0,1,840.0,2,1679,1,False,0.0,0,2.0,[1 2],[1. 0.],1,0,[0.4 0.4],1.0,0.0,1.0
1679,0.0,1,840.0,0,1680,0,False,2.0,1,0.0,[1 2],[1. 0.],1,0,[0.4 0.4],1.0,0.0,1.0
1680,0.0,1,841.0,2,1681,1,False,0.0,0,2.0,[1 2],[1. 0.],1,0,[0.4 0.4],1.0,0.0,1.0
1681,0.0,1,841.0,0,1682,0,False,2.0,1,0.0,[2 2],[1. 0.],0,0,[0.4 0.4],1.0,0.0,1.0
1682,0.0,1,842.0,1,1683,1,False,0.0,0,1.0,[2 2],[1. 0.],0,0,[0.4 0.4],1.0,0.0,1.0
1683,0.0,1,842.0,0,1684,0,False,1.0,1,0.0,[1 1],[1. 0.],0,0,[0.4 0.4],1.0,0.0,1.0
1684,0.0,1,843.0,1,1685,1,False,0.0,0,1.0,[1 1],[1. 0.],0,0,[0.4 0.4],1.0,0.0,1.0
1685,1.0,1,843.0,0,1686,0,False,1.0,1,0.0,[2 1],[1. 0.],1,0,[0.4 0.4],1.0,0.0,1.0
1686,0.0,1,844.0,1,1687,1,False,0.0,0,2.0,[2 1],[1. 0.],1,0,[0.4 0.4],1.0,0.0,1.0
1687,0.0,1,844.0,0,1688,0,False,2.0,1,0.0,[1 2],[1. 0.],1,0,[0.4 0.4],1.0,0.0,1.0
1688,0.0,1,845.0,1,1689,1,False,0.0,0,2.0,[1 2],[1. 0.],1,0,[0.4 0.4],1.0,0.0,1.0
1689,1.0,1,845.0,0,1690,0,False,2.0,1,0.0,[1 1],[1. 0.],0,0,[0.4 0.4],1.0,0.0,1.0
1690,0.0,1,846.0,1,1691,1,False,0.0,0,1.0,[1 1],[1. 0.],0,0,[0.4 0.4],1.0,0.0,1.0
1691,1.0,1,846.0,0,1692,0,False,1.0,1,0.0,[2 1],[1. 0.],0,0,[0.4 0.4],1.0,0.0,1.0
1692,0.0,1,847.0,1,1693,1,False,0.0,0,1.0,[2 1],[1. 0.],0,0,[0.4 0.4],1.0,0.0,1.0
1693,0.0,1,847.0,0,1694,0,False,1.0,1,0.0,[2 1],[1. 0.],0,0,[0.4 0.4],1.0,0.0,1.0
1694,0.0,1,848.0,1,1695,1,False,0.0,0,1.0,[2 1],[1. 0.],0,0,[0.4 0.4],1.0,0.0,1.0
1695,0.0,1,848.0,0,1696,0,False,1.0,1,0.0,[2 1],[1. 0.],0,0,[0.4 0.4],1.0,0.0,1.0
1696,0.0,1,849.0,1,1697,1,False,0.0,0,1.0,[2 1],[1. 0.],0,0,[0.4 0.4],1.0,0.0,1.0
1697,0.0,1,849.0,0,1698,0,False,1.0,1,0.0,[2 2],[1. 0.],1,0,[0.4 0.4],1.0,0.0,1.0
1698,0.0,1,850.0,1,1699,1,False,0.0,0,2.0,[2 2],[1. 0.],1,0,[0.4 0.4],1.0,0.0,1.0
1699,0.0,1,850.0,0,1700,0,False,2.0,1,0.0,[1 2],[1. 0.],1,0,[0.4 0.4],1.0,0.0,1.0
1700,0.0,1,851.0,2,1701,1,False,0.0,0,2.0,[1 2],[1. 0.],1,0,[0.4 0.4],1.0,0.0,1.0
1701,0.0,1,851.0,0,1702,0,False,2.0,1,0.0,[1 2],[1. 0.],1,0,[0.4 0.4],1.0,0.0,1.0
1702,0.0,1,852.0,1,1703,1,False,0.0,0,2.0,[1 2],[1. 0.],1,0,[0.4 0.4],1.0,0.0,1.0
1703,1.0,1,852.0,0,1704,0,False,2.0,1,0.0,[1 1],[1. 0.],1,0,[0.4 0.4],1.0,0.0,1.0
1704,0.0,1,853.0,1,1705,1,False,0.0,0,2.0,[1 1],[1. 0.],1,0,[0.4 0.4],1.0,0.0,1.0
1705,1.0,1,853.0,0,1706,0,False,2.0,1,0.0,[1 1],[1. 0.],0,0,[0.4 0.4],1.0,0.0,1.0
1706,0.0,1,854.0,1,1707,1,False,0.0,0,1.0,[1 1],[1. 0.],0,0,[0.4 0.4],1.0,0.0,1.0
1707,1.0,1,854.0,0,1708,0,False,1.0,1,0.0,[2 1],[1. 0.],1,0,[0.4 0.4],1.0,0.0,1.0
1708,0.0,1,855.0,1,1709,1,False,0.0,0,2.0,[2 1],[1. 0.],1,0,[0.4 0.4],1.0,0.0,1.0
1709,0.0,1,855.0,0,1710,0,False,2.0,1,0.0,[2 2],[1. 0.],1,0,[0.4 0.4],1.0,0.0,1.0
1710,0.0,1,856.0,1,1711,1,False,0.0,0,2.0,[2 2],[1. 0.],1,0,[0.4 0.4],1.0,0.0,1.0
1711,0.0,1,856.0,0,1712,0,False,2.0,1,0.0,[2 2],[1. 0.],1,0,[0.4 0.4],1.0,0.0,1.0
1712,0.0,1,857.0,2,1713,1,False,0.0,0,2.0,[2 2],[1. 0.],1,0,[0.4 0.4],1.0,0.0,1.0
1713,0.0,1,857.0,0,1714,0,False,2.0,1,0.0,[1 1],[1. 0.],1,0,[0.4 0.4],1.0,0.0,1.0
1714,0.0,1,858.0,1,1715,1,False,0.0,0,2.0,[1 1],[1. 0.],1,0,[0.4 0.4],1.0,0.0,1.0
1715,1.0,1,858.0,0,1716,0,False,2.0,1,0.0,[2 1],[1. 0.],0,0,[0.4 0.4],1.0,0.0,1.0
1716,0.0,1,859.0,1,1717,1,False,0.0,0,1.0,[2 1],[1. 0.],0,0,[0.4 0.4],1.0,0.0,1.0
1717,0.0,1,859.0,0,1718,0,False,1.0,1,0.0,[2 1],[1. 0.],1,0,[0.4 0.4],1.0,0.0,1.0
1718,0.0,1,860.0,1,1719,1,False,0.0,0,2.0,[2 1],[1. 0.],1,0,[0.4 0.4],1.0,0.0,1.0
1719,0.0,1,860.0,0,1720,0,False,2.0,1,0.0,[2 2],[1. 0.],0,0,[0.4 0.4],1.0,0.0,1.0
1720,0.0,1,861.0,2,1721,1,False,0.0,0,1.0,[2 2],[1. 0.],0,0,[0.4 0.4],1.0,0.0,1.0
1721,0.0,1,861.0,0,1722,0,False,1.0,1,0.0,[1 1],[1. 0.],0,0,[0.4 0.4],1.0,0.0,1.0
1722,0.0,1,862.0,2,1723,1,False,0.0,0,1.0,[1 1],[1. 0.],0,0,[0.4 0.4],1.0,0.0,1.0
1723,1.0,1,862.0,0,1724,0,False,1.0,1,0.0,[1 1],[1. 0.],0,0,[0.4 0.4],1.0,0.0,1.0
1724,0.0,1,863.0,2,1725,1,False,0.0,0,1.0,[1 1],[1. 0.],0,0,[0.4 0.4],1.0,0.0,1.0
1725,1.0,1,863.0,0,1726,0,False,1.0,1,0.0,[2 1],[1. 0.],1,0,[0.4 0.4],1.0,0.0,1.0
1726,0.0,1,864.0,2,1727,1,False,0.0,0,2.0,[2 1],[1. 0.],1,0,[0.4 0.4],1.0,0.0,1.0
1727,1.0,1,864.0,0,1728,0,False,2.0,1,0.0,[1 1],[1. 0.],1,0,[0.4 0.4],1.0,0.0,1.0
1728,0.0,1,865.0,2,1729,1,False,0.0,0,2.0,[1 1],[1. 0.],1,0,[0.4 0.4],1.0,0.0,1.0
1729,1.0,1,865.0,0,1730,0,False,2.0,1,0.0,[1 2],[1. 0.],1,0,[0.4 0.4],1.0,0.0,1.0
1730,0.0,1,866.0,2,1731,1,False,0.0,0,2.0,[1 2],[1. 0.],1,0,[0.4 0.4],1.0,0.0,1.0
1731,0.0,1,866.0,0,1732,0,False,2.0,1,0.0,[2 1],[1. 0.],1,0,[0.4 0.4],1.0,0.0,1.0
1732,0.0,1,867.0,2,1733,1,False,0.0,0,2.0,[2 1],[1. 0.],1,0,[0.4 0.4],1.0,0.0,1.0
1733,1.0,1,867.0,0,1734,0,False,2.0,1,0.0,[1 2],[1. 0.],1,0,[0.4 0.4],1.0,0.0,1.0
1734,0.0,1,868.0,2,1735,1,False,0.0,0,2.0,[1 2],[1. 0.],1,0,[0.4 0.4],1.0,0.0,1.0
1735,0.0,1,868.0,0,1736,0,False,2.0,1,0.0,[2 1],[1. 0.],1,0,[0.4 0.4],1.0,0.0,1.0
1736,0.0,1,869.0,2,1737,1,False,0.0,0,2.0,[2 1],[1. 0.],1,0,[0.4 0.4],1.0,0.0,1.0
1737,1.0,1,869.0,0,1738,0,False,2.0,1,0.0,[2 2],[1. 0.],0,0,[0.4 0.4],1.0,0.0,1.0
1738,0.0,1,870.0,2,1739,1,False,0.0,0,1.0,[2 2],[1. 0.],0,0,[0.4 0.4],1.0,0.0,1.0
1739,0.0,1,870.0,0,1740,0,False,1.0,1,0.0,[2 1],[1. 0.],0,0,[0.4 0.4],1.0,0.0,1.0
1740,0.0,1,871.0,2,1741,1,False,0.0,0,1.0,[2 1],[1. 0.],0,0,[0.4 0.4],1.0,0.0,1.0
1741,1.0,1,871.0,0,1742,0,False,1.0,1,0.0,[2 2],[1. 0.],0,0,[0.4 0.4],1.0,0.0,1.0
1742,0.0,1,872.0,2,1743,1,False,0.0,0,1.0,[2 2],[1. 0.],0,0,[0.4 0.4],1.0,0.0,1.0
1743,0.0,1,872.0,0,1744,0,False,1.0,1,0.0,[1 2],[1. 0.],1,0,[0.4 0.4],1.0,0.0,1.0
1744,0.0,1,873.0,2,1745,1,False,0.0,0,2.0,[1 2],[1. 0.],1,0,[0.4 0.4],1.0,0.0,1.0
1745,0.0,1,873.0,0,1746,0,False,2.0,1,0.0,[1 2],[1. 0.],1,0,[0.4 0.4],1.0,0.0,1.0
1746,0.0,1,874.0,2,1747,1,False,0.0,0,2.0,[1 2],[1. 0.],1,0,[0.4 0.4],1.0,0.0,1.0
1747,0.0,1,874.0,0,1748,0,False,2.0,1,0.0,[2 2],[1. 0.],1,0,[0.4 0.4],1.0,0.0,1.0
1748,0.0,1,875.0,1,1749,1,False,0.0,0,2.0,[2 2],[1. 0.],1,0,[0.4 0.4],1.0,0.0,1.0
1749,0.0,1,875.0,0,1750,0,False,2.0,1,0.0,[2 1],[1. 0.],1,0,[0.4 0.4],1.0,0.0,1.0
1750,0.0,1,876.0,2,1751,1,False,0.0,0,2.0,[2 1],[1. 0.],1,0,[0.4 0.4],1.0,0.0,1.0
1751,1.0,1,876.0,0,1752,0,False,2.0,1,0.0,[1 1],[1. 0.],1,0,[0.4 0.4],1.0,0.0,1.0
1752,0.0,1,877.0,2,1753,1,False,0.0,0,2.0,[1 1],[1. 0.],1,0,[0.4 0.4],1.0,0.0,1.0
1753,1.0,1,877.0,0,1754,0,False,2.0,1,0.0,[1 1],[1. 0.],0,0,[0.4 0.4],1.0,0.0,1.0
1754,0.0,1,878.0,2,1755,1,False,0.0,0,1.0,[1 1],[1. 0.],0,0,[0.4 0.4],1.0,0.0,1.0
1755,1.0,1,878.0,0,1756,0,False,1.0,1,0.0,[2 1],[1. 0.],1,0,[0.4 0.4],1.0,0.0,1.0
1756,0.0,1,879.0,2,1757,1,False,0.0,0,2.0,[2 1],[1. 0.],1,0,[0.4 0.4],1.0,0.0,1.0
1757,1.0,1,879.0,0,1758,0,False,2.0,1,0.0,[2 2],[1. 0.],0,0,[0.4 0.4],1.0,0.0,1.0
1758,0.0,1,880.0,2,1759,1,False,0.0,0,1.0,[2 2],[1. 0.],0,0,[0.4 0.4],1.0,0.0,1.0
1759,0.0,1,880.0,0,1760,0,False,1.0,1,0.0,[2 1],[1. 0.],1,0,[0.4 0.4],1.0,0.0,1.0
1760,0.0,1,881.0,2,1761,1,False,0.0,0,2.0,[2 1],[1. 0.],1,0,[0.4 0.4],1.0,0.0,1.0
1761,1.0,1,881.0,0,1762,0,False,2.0,1,0.0,[2 2],[1. 0.],0,0,[0.4 0.4],1.0,0.0,1.0
1762,0.0,1,882.0,2,1763,1,False,0.0,0,1.0,[2 2],[1. 0.],0,0,[0.4 0.4],1.0,0.0,1.0
1763,0.0,1,882.0,0,1764,0,False,1.0,1,0.0,[2 1],[1. 0.],1,0,[0.4 0.4],1.0,0.0,1.0
1764,0.0,1,883.0,2,1765,1,False,0.0,0,2.0,[2 1],[1. 0.],1,0,[0.4 0.4],1.0,0.0,1.0
1765,1.0,1,883.0,0,1766,0,False,2.0,1,0.0,[2 1],[1. 0.],1,0,[0.4 0.4],1.0,0.0,1.0
1766,0.0,1,884.0,2,1767,1,False,0.0,0,2.0,[2 1],[1. 0.],1,0,[0.4 0.4],1.0,0.0,1.0
1767,1.0,1,884.0,0,1768,0,False,2.0,1,0.0,[2 1],[1. 0.],0,0,[0.4 0.4],1.0,0.0,1.0
1768,0.0,1,885.0,2,1769,1,False,0.0,0,1.0,[2 1],[1. 0.],0,0,[0.4 0.4],1.0,0.0,1.0
1769,1.0,1,885.0,0,1770,0,False,1.0,1,0.0,[1 1],[1. 0.],0,0,[0.4 0.4],1.0,0.0,1.0
1770,0.0,1,886.0,2,1771,1,False,0.0,0,1.0,[1 1],[1. 0.],0,0,[0.4 0.4],1.0,0.0,1.0
1771,1.0,1,886.0,0,1772,0,False,1.0,1,0.0,[1 2],[1. 0.],0,0,[0.4 0.4],1.0,0.0,1.0
1772,0.0,1,887.0,2,1773,1,False,0.0,0,1.0,[1 2],[1. 0.],0,0,[0.4 0.4],1.0,0.0,1.0
1773,0.0,1,887.0,0,1774,0,False,1.0,1,0.0,[1 2],[1. 0.],1,0,[0.4 0.4],1.0,0.0,1.0
1774,0.0,1,888.0,2,1775,1,False,0.0,0,2.0,[1 2],[1. 0.],1,0,[0.4 0.4],1.0,0.0,1.0
1775,0.0,1,888.0,0,1776,0,False,2.0,1,0.0,[2 1],[1. 0.],0,0,[0.4 0.4],1.0,0.0,1.0
1776,0.0,1,889.0,2,1777,1,False,0.0,0,1.0,[2 1],[1. 0.],0,0,[0.4 0.4],1.0,0.0,1.0
1777,1.0,1,889.0,0,1778,0,False,1.0,1,0.0,[1 2],[1. 0.],0,0,[0.4 0.4],1.0,0.0,1.0
1778,0.0,1,890.0,2,1779,1,False,0.0,0,1.0,[1 2],[1. 0.],0,0,[0.4 0.4],1.0,0.0,1.0
1779,0.0,1,890.0,0,1780,0,False,1.0,1,0.0,[1 1],[1. 0.],0,0,[0.4 0.4],1.0,0.0,1.0
1780,0.0,1,891.0,2,1781,1,False,0.0,0,1.0,[1 1],[1. 0.],0,0,[0.4 0.4],1.0,0.0,1.0
1781,1.0,1,891.0,0,1782,0,False,1.0,1,0.0,[2 1],[1. 0.],1,0,[0.4 0.4],1.0,0.0,1.0
1782,0.0,1,892.0,2,1783,1,False,0.0,0,2.0,[2 1],[1. 0.],1,0,[0.4 0.4],1.0,0.0,1.0
1783,1.0,1,892.0,0,1784,0,False,2.0,1,0.0,[1 2],[1. 0.],1,0,[0.4 0.4],1.0,0.0,1.0
1784,0.0,1,893.0,2,1785,1,False,0.0,0,2.0,[1 2],[1. 0.],1,0,[0.4 0.4],1.0,0.0,1.0
1785,0.0,1,893.0,0,1786,0,False,2.0,1,0.0,[1 1],[1. 0.],0,0,[0.4 0.4],1.0,0.0,1.0
1786,0.0,1,894.0,2,1787,1,False,0.0,0,1.0,[1 1],[1. 0.],0,0,[0.4 0.4],1.0,0.0,1.0
1787,1.0,1,894.0,0,1788,0,False,1.0,1,0.0,[1 2],[1. 0.],1,0,[0.4 0.4],1.0,0.0,1.0
1788,0.0,1,895.0,2,1789,1,False,0.0,0,2.0,[1 2],[1. 0.],1,0,[0.4 0.4],1.0,0.0,1.0
1789,0.0,1,895.0,0,1790,0,False,2.0,1,0.0,[2 2],[1. 0.],0,0,[0.4 0.4],1.0,0.0,1.0
1790,0.0,1,896.0,2,1791,1,False,0.0,0,1.0,[2 2],[1. 0.],0,0,[0.4 0.4],1.0,0.0,1.0
1791,0.0,1,896.0,0,1792,0,False,1.0,1,0.0,[1 2],[1. 0.],0,0,[0.4 0.4],1.0,0.0,1.0
1792,0.0,1,897.0,2,1793,1,False,0.0,0,1.0,[1 2],[1. 0.],0,0,[0.4 0.4],1.0,0.0,1.0
1793,0.0,1,897.0,0,1794,0,False,1.0,1,0.0,[1 2],[1. 0.],1,0,[0.4 0.4],1.0,0.0,1.0
1794,0.0,1,898.0,2,1795,1,False,0.0,0,2.0,[1 2],[1. 0.],1,0,[0.4 0.4],1.0,0.0,1.0
1795,0.0,1,898.0,0,1796,0,False,2.0,1,0.0,[2 1],[1. 0.],0,0,[0.4 0.4],1.0,0.0,1.0
1796,0.0,1,899.0,1,1797,1,False,0.0,0,1.0,[2 1],[1. 0.],0,0,[0.4 0.4],1.0,0.0,1.0
1797,0.0,1,899.0,0,1798,0,False,1.0,1,0.0,[1 1],[1. 0.],1,0,[0.4 0.4],1.0,0.0,1.0
1798,0.0,1,900.0,1,1799,1,False,0.0,0,2.0,[1 1],[1. 0.],1,0,[0.4 0.4],1.0,0.0,1.0
1799,1.0,1,900.0,0,1800,0,False,2.0,1,0.0,[2 1],[1. 0.],1,0,[0.4 0.4],1.0,0.0,1.0
1800,0.0,1,901.0,1,1801,1,False,0.0,0,2.0,[2 1],[1. 0.],1,0,[0.4 0.4],1.0,0.0,1.0
1801,0.0,1,901.0,0,1802,0,False,2.0,1,0.0,[2 2],[1. 0.],0,0,[0.4 0.4],1.0,0.0,1.0
1802,0.0,1,902.0,2,1803,1,False,0.0,0,1.0,[2 2],[1. 0.],0,0,[0.4 0.4],1.0,0.0,1.0
1803,0.0,1,902.0,0,1804,0,False,1.0,1,0.0,[2 1],[1. 0.],0,0,[0.4 0.4],1.0,0.0,1.0
1804,0.0,1,903.0,2,1805,1,False,0.0,0,1.0,[2 1],[1. 0.],0,0,[0.4 0.4],1.0,0.0,1.0
1805,1.0,1,903.0,0,1806,0,False,1.0,1,0.0,[2 1],[1. 0.],1,0,[0.4 0.4],1.0,0.0,1.0
1806,0.0,1,904.0,2,1807,1,False,0.0,0,2.0,[2 1],[1. 0.],1,0,[0.4 0.4],1.0,0.0,1.0
1807,1.0,1,904.0,0,1808,0,False,2.0,1,0.0,[1 1],[1. 0.],0,0,[0.4 0.4],1.0,0.0,1.0
1808,0.0,1,905.0,2,1809,1,False,0.0,0,1.0,[1 1],[1. 0.],0,0,[0.4 0.4],1.0,0.0,1.0
1809,1.0,1,905.0,0,1810,0,False,1.0,1,0.0,[2 2],[1. 0.],1,0,[0.4 0.4],1.0,0.0,1.0
1810,0.0,1,906.0,2,1811,1,False,0.0,0,2.0,[2 2],[1. 0.],1,0,[0.4 0.4],1.0,0.0,1.0
1811,0.0,1,906.0,0,1812,0,False,2.0,1,0.0,[1 1],[1. 0.],1,0,[0.4 0.4],1.0,0.0,1.0
1812,0.0,1,907.0,2,1813,1,False,0.0,0,2.0,[1 1],[1. 0.],1,0,[0.4 0.4],1.0,0.0,1.0
1813,1.0,1,907.0,0,1814,0,False,2.0,1,0.0,[2 2],[1. 0.],1,0,[0.4 0.4],1.0,0.0,1.0
1814,0.0,1,908.0,2,1815,1,False,0.0,0,2.0,[2 2],[1. 0.],1,0,[0.4 0.4],1.0,0.0,1.0
1815,0.0,1,908.0,0,1816,0,False,2.0,1,0.0,[1 1],[1. 0.],0,0,[0.4 0.4],1.0,0.0,1.0
1816,0.0,1,909.0,2,1817,1,False,0.0,0,1.0,[1 1],[1. 0.],0,0,[0.4 0.4],1.0,0.0,1.0
1817,1.0,1,909.0,0,1818,0,False,1.0,1,0.0,[1 2],[1. 0.],1,0,[0.4 0.4],1.0,0.0,1.0
1818,0.0,1,910.0,2,1819,1,False,0.0,0,2.0,[1 2],[1. 0.],1,0,[0.4 0.4],1.0,0.0,1.0
1819,0.0,1,910.0,0,1820,0,False,2.0,1,0.0,[1 2],[1. 0.],1,0,[0.4 0.4],1.0,0.0,1.0
1820,0.0,1,911.0,2,1821,1,False,0.0,0,2.0,[1 2],[1. 0.],1,0,[0.4 0.4],1.0,0.0,1.0
1821,0.0,1,911.0,0,1822,0,False,2.0,1,0.0,[2 2],[1. 0.],0,0,[0.4 0.4],1.0,0.0,1.0
1822,0.0,1,912.0,1,1823,1,False,0.0,0,1.0,[2 2],[1. 0.],0,0,[0.4 0.4],1.0,0.0,1.0
1823,0.0,1,912.0,0,1824,0,False,1.0,1,0.0,[1 1],[1. 0.],0,0,[0.4 0.4],1.0,0.0,1.0
1824,0.0,1,913.0,1,1825,1,False,0.0,0,1.0,[1 1],[1. 0.],0,0,[0.4 0.4],1.0,0.0,1.0
1825,1.0,1,913.0,0,1826,0,False,1.0,1,0.0,[1 2],[1. 0.],0,0,[0.4 0.4],1.0,0.0,1.0
1826,0.0,1,914.0,1,1827,1,False,0.0,0,1.0,[1 2],[1. 0.],0,0,[0.4 0.4],1.0,0.0,1.0
1827,1.0,1,914.0,0,1828,0,False,1.0,1,0.0,[2 1],[1. 0.],0,0,[0.4 0.4],1.0,0.0,1.0
1828,0.0,1,915.0,1,1829,1,False,0.0,0,1.0,[2 1],[1. 0.],0,0,[0.4 0.4],1.0,0.0,1.0
1829,0.0,1,915.0,0,1830,0,False,1.0,1,0.0,[1 2],[1. 0.],1,0,[0.4 0.4],1.0,0.0,1.0
1830,0.0,1,916.0,1,1831,1,False,0.0,0,2.0,[1 2],[1. 0.],1,0,[0.4 0.4],1.0,0.0,1.0
1831,1.0,1,916.0,0,1832,0,False,2.0,1,0.0,[1 2],[1. 0.],0,0,[0.4 0.4],1.0,0.0,1.0
1832,0.0,1,917.0,1,1833,1,False,0.0,0,1.0,[1 2],[1. 0.],0,0,[0.4 0.4],1.0,0.0,1.0
1833,1.0,1,917.0,0,1834,0,False,1.0,1,0.0,[2 1],[1. 0.],1,0,[0.4 0.4],1.0,0.0,1.0
1834,0.0,1,918.0,1,1835,1,False,0.0,0,2.0,[2 1],[1. 0.],1,0,[0.4 0.4],1.0,0.0,1.0
1835,0.0,1,918.0,0,1836,0,False,2.0,1,0.0,[2 2],[1. 0.],0,0,[0.4 0.4],1.0,0.0,1.0
1836,0.0,1,919.0,1,1837,1,False,0.0,0,1.0,[2 2],[1. 0.],0,0,[0.4 0.4],1.0,0.0,1.0
1837,0.0,1,919.0,0,1838,0,False,1.0,1,0.0,[1 2],[1. 0.],0,0,[0.4 0.4],1.0,0.0,1.0
1838,0.0,1,920.0,1,1839,1,False,0.0,0,1.0,[1 2],[1. 0.],0,0,[0.4 0.4],1.0,0.0,1.0
1839,1.0,1,920.0,0,1840,0,False,1.0,1,0.0,[2 1],[1. 0.],0,0,[0.4 0.4],1.0,0.0,1.0
1840,0.0,1,921.0,1,1841,1,False,0.0,0,1.0,[2 1],[1. 0.],0,0,[0.4 0.4],1.0,0.0,1.0
1841,0.0,1,921.0,0,1842,0,False,1.0,1,0.0,[1 2],[1. 0.],1,0,[0.4 0.4],1.0,0.0,1.0
1842,0.0,1,922.0,1,1843,1,False,0.0,0,2.0,[1 2],[1. 0.],1,0,[0.4 0.4],1.0,0.0,1.0
1843,1.0,1,922.0,0,1844,0,False,2.0,1,0.0,[1 2],[1. 0.],0,0,[0.4 0.4],1.0,0.0,1.0
1844,0.0,1,923.0,1,1845,1,False,0.0,0,1.0,[1 2],[1. 0.],0,0,[0.4 0.4],1.0,0.0,1.0
1845,1.0,1,923.0,0,1846,0,False,1.0,1,0.0,[2 2],[1. 0.],1,0,[0.4 0.4],1.0,0.0,1.0
1846,0.0,1,924.0,1,1847,1,False,0.0,0,2.0,[2 2],[1. 0.],1,0,[0.4 0.4],1.0,0.0,1.0
1847,0.0,1,924.0,0,1848,0,False,2.0,1,0.0,[1 1],[1. 0.],0,0,[0.4 0.4],1.0,0.0,1.0
1848,0.0,1,925.0,1,1849,1,False,0.0,0,1.0,[1 1],[1. 0.],0,0,[0.4 0.4],1.0,0.0,1.0
1849,1.0,1,925.0,0,1850,0,False,1.0,1,0.0,[2 1],[1. 0.],1,0,[0.4 0.4],1.0,0.0,1.0
1850,0.0,1,926.0,1,1851,1,False,0.0,0,2.0,[2 1],[1. 0.],1,0,[0.4 0.4],1.0,0.0,1.0
1851,0.0,1,926.0,0,1852,0,False,2.0,1,0.0,[1 2],[1. 0.],0,0,[0.4 0.4],1.0,0.0,1.0
1852,0.0,1,927.0,1,1853,1,False,0.0,0,1.0,[1 2],[1. 0.],0,0,[0.4 0.4],1.0,0.0,1.0
1853,1.0,1,927.0,0,1854,0,False,1.0,1,0.0,[2 2],[1. 0.],0,0,[0.4 0.4],1.0,0.0,1.0
1854,0.0,1,928.0,1,1855,1,False,0.0,0,1.0,[2 2],[1. 0.],0,0,[0.4 0.4],1.0,0.0,1.0
1855,0.0,1,928.0,0,1856,0,False,1.0,1,0.0,[2 1],[1. 0.],1,0,[0.4 0.4],1.0,0.0,1.0
1856,0.0,1,929.0,1,1857,1,False,0.0,0,2.0,[2 1],[1. 0.],1,0,[0.4 0.4],1.0,0.0,1.0
1857,0.0,1,929.0,0,1858,0,False,2.0,1,0.0,[2 1],[1. 0.],0,0,[0.4 0.4],1.0,0.0,1.0
1858,0.0,1,930.0,1,1859,1,False,0.0,0,1.0,[2 1],[1. 0.],0,0,[0.4 0.4],1.0,0.0,1.0
1859,0.0,1,930.0,0,1860,0,False,1.0,1,0.0,[2 1],[1. 0.],0,0,[0.4 0.4],1.0,0.0,1.0
1860,0.0,1,931.0,1,1861,1,False,0.0,0,1.0,[2 1],[1. 0.],0,0,[0.4 0.4],1.0,0.0,1.0
1861,0.0,1,931.0,0,1862,0,False,1.0,1,0.0,[2 1],[1. 0.],1,0,[0.4 0.4],1.0,0.0,1.0
1862,0.0,1,932.0,2,1863,1,False,0.0,0,2.0,[2 1],[1. 0.],1,0,[0.4 0.4],1.0,0.0,1.0
1863,1.0,1,932.0,0,1864,0,False,2.0,1,0.0,[1 1],[1. 0.],1,0,[0.4 0.4],1.0,0.0,1.0
1864,0.0,1,933.0,2,1865,1,False,0.0,0,2.0,[1 1],[1. 0.],1,0,[0.4 0.4],1.0,0.0,1.0
1865,1.0,1,933.0,0,1866,0,False,2.0,1,0.0,[2 1],[1. 0.],0,0,[0.4 0.4],1.0,0.0,1.0
1866,0.0,1,934.0,2,1867,1,False,0.0,0,1.0,[2 1],[1. 0.],0,0,[0.4 0.4],1.0,0.0,1.0
1867,1.0,1,934.0,0,1868,0,False,1.0,1,0.0,[1 1],[1. 0.],1,0,[0.4 0.4],1.0,0.0,1.0
1868,0.0,1,935.0,2,1869,1,False,0.0,0,2.0,[1 1],[1. 0.],1,0,[0.4 0.4],1.0,0.0,1.0
1869,1.0,1,935.0,0,1870,0,False,2.0,1,0.0,[2 1],[1. 0.],1,0,[0.4 0.4],1.0,0.0,1.0
1870,0.0,1,936.0,2,1871,1,False,0.0,0,2.0,[2 1],[1. 0.],1,0,[0.4 0.4],1.0,0.0,1.0
1871,1.0,1,936.0,0,1872,0,False,2.0,1,0.0,[1 1],[1. 0.],0,0,[0.4 0.4],1.0,0.0,1.0
1872,0.0,1,937.0,2,1873,1,False,0.0,0,1.0,[1 1],[1. 0.],0,0,[0.4 0.4],1.0,0.0,1.0
1873,1.0,1,937.0,0,1874,0,False,1.0,1,0.0,[2 1],[1. 0.],1,0,[0.4 0.4],1.0,0.0,1.0
1874,0.0,1,938.0,2,1875,1,False,0.0,0,2.0,[2 1],[1. 0.],1,0,[0.4 0.4],1.0,0.0,1.0
1875,1.0,1,938.0,0,1876,0,False,2.0,1,0.0,[1 2],[1. 0.],1,0,[0.4 0.4],1.0,0.0,1.0
1876,0.0,1,939.0,2,1877,1,False,0.0,0,2.0,[1 2],[1. 0.],1,0,[0.4 0.4],1.0,0.0,1.0
1877,0.0,1,939.0,0,1878,0,False,2.0,1,0.0,[1 1],[1. 0.],1,0,[0.4 0.4],1.0,0.0,1.0
1878,0.0,1,940.0,2,1879,1,False,0.0,0,2.0,[1 1],[1. 0.],1,0,[0.4 0.4],1.0,0.0,1.0
1879,1.0,1,940.0,0,1880,0,False,2.0,1,0.0,[1 2],[1. 0.],0,0,[0.4 0.4],1.0,0.0,1.0
1880,0.0,1,941.0,2,1881,1,False,0.0,0,1.0,[1 2],[1. 0.],0,0,[0.4 0.4],1.0,0.0,1.0
1881,0.0,1,941.0,0,1882,0,False,1.0,1,0.0,[2 2],[1. 0.],1,0,[0.4 0.4],1.0,0.0,1.0
1882,0.0,1,942.0,2,1883,1,False,0.0,0,2.0,[2 2],[1. 0.],1,0,[0.4 0.4],1.0,0.0,1.0
1883,0.0,1,942.0,0,1884,0,False,2.0,1,0.0,[1 2],[1. 0.],0,0,[0.4 0.4],1.0,0.0,1.0
1884,0.0,1,943.0,2,1885,1,False,0.0,0,1.0,[1 2],[1. 0.],0,0,[0.4 0.4],1.0,0.0,1.0
1885,0.0,1,943.0,0,1886,0,False,1.0,1,0.0,[1 2],[1. 0.],1,0,[0.4 0.4],1.0,0.0,1.0
1886,0.0,1,944.0,2,1887,1,False,0.0,0,2.0,[1 2],[1. 0.],1,0,[0.4 0.4],1.0,0.0,1.0
1887,0.0,1,944.0,0,1888,0,False,2.0,1,0.0,[2 2],[1. 0.],1,0,[0.4 0.4],1.0,0.0,1.0
1888,0.0,1,945.0,1,1889,1,False,0.0,0,2.0,[2 2],[1. 0.],1,0,[0.4 0.4],1.0,0.0,1.0
1889,0.0,1,945.0,0,1890,0,False,2.0,1,0.0,[1 1],[1. 0.],1,0,[0.4 0.4],1.0,0.0,1.0
1890,0.0,1,946.0,2,1891,1,False,0.0,0,2.0,[1 1],[1. 0.],1,0,[0.4 0.4],1.0,0.0,1.0
1891,1.0,1,946.0,0,1892,0,False,2.0,1,0.0,[1 1],[1. 0.],1,0,[0.4 0.4],1.0,0.0,1.0
1892,0.0,1,947.0,2,1893,1,False,0.0,0,2.0,[1 1],[1. 0.],1,0,[0.4 0.4],1.0,0.0,1.0
1893,1.0,1,947.0,0,1894,0,False,2.0,1,0.0,[2 1],[1. 0.],1,0,[0.4 0.4],1.0,0.0,1.0
1894,0.0,1,948.0,2,1895,1,False,0.0,0,2.0,[2 1],[1. 0.],1,0,[0.4 0.4],1.0,0.0,1.0
1895,1.0,1,948.0,0,1896,0,False,2.0,1,0.0,[2 1],[1. 0.],1,0,[0.4 0.4],1.0,0.0,1.0
1896,0.0,1,949.0,2,1897,1,False,0.0,0,2.0,[2 1],[1. 0.],1,0,[0.4 0.4],1.0,0.0,1.0
1897,1.0,1,949.0,0,1898,0,False,2.0,1,0.0,[1 2],[1. 0.],0,0,[0.4 0.4],1.0,0.0,1.0
1898,0.0,1,950.0,2,1899,1,False,0.0,0,1.0,[1 2],[1. 0.],0,0,[0.4 0.4],1.0,0.0,1.0
1899,0.0,1,950.0,0,1900,0,False,1.0,1,0.0,[1 1],[1. 0.],0,0,[0.4 0.4],1.0,0.0,1.0
1900,0.0,1,951.0,2,1901,1,False,0.0,0,1.0,[1 1],[1. 0.],0,0,[0.4 0.4],1.0,0.0,1.0
1901,1.0,1,951.0,0,1902,0,False,1.0,1,0.0,[1 1],[1. 0.],1,0,[0.4 0.4],1.0,0.0,1.0
1902,0.0,1,952.0,2,1903,1,False,0.0,0,2.0,[1 1],[1. 0.],1,0,[0.4 0.4],1.0,0.0,1.0
1903,1.0,1,952.0,0,1904,0,False,2.0,1,0.0,[2 1],[1. 0.],1,0,[0.4 0.4],1.0,0.0,1.0
1904,0.0,1,953.0,2,1905,1,False,0.0,0,2.0,[2 1],[1. 0.],1,0,[0.4 0.4],1.0,0.0,1.0
1905,1.0,1,953.0,0,1906,0,False,2.0,1,0.0,[2 2],[1. 0.],1,0,[0.4 0.4],1.0,0.0,1.0
1906,0.0,1,954.0,2,1907,1,False,0.0,0,2.0,[2 2],[1. 0.],1,0,[0.4 0.4],1.0,0.0,1.0
1907,0.0,1,954.0,0,1908,0,False,2.0,1,0.0,[1 2],[1. 0.],1,0,[0.4 0.4],1.0,0.0,1.0
1908,0.0,1,955.0,2,1909,1,False,0.0,0,2.0,[1 2],[1. 0.],1,0,[0.4 0.4],1.0,0.0,1.0
1909,0.0,1,955.0,0,1910,0,False,2.0,1,0.0,[1 1],[1. 0.],0,0,[0.4 0.4],1.0,0.0,1.0
1910,0.0,1,956.0,2,1911,1,False,0.0,0,1.0,[1 1],[1. 0.],0,0,[0.4 0.4],1.0,0.0,1.0
1911,1.0,1,956.0,0,1912,0,False,1.0,1,0.0,[2 1],[1. 0.],0,0,[0.4 0.4],1.0,0.0,1.0
1912,0.0,1,957.0,2,1913,1,False,0.0,0,1.0,[2 1],[1. 0.],0,0,[0.4 0.4],1.0,0.0,1.0
1913,1.0,1,957.0,0,1914,0,False,1.0,1,0.0,[2 1],[1. 0.],0,0,[0.4 0.4],1.0,0.0,1.0
1914,0.0,1,958.0,2,1915,1,False,0.0,0,1.0,[2 1],[1. 0.],0,0,[0.4 0.4],1.0,0.0,1.0
1915,1.0,1,958.0,0,1916,0,False,1.0,1,0.0,[2 1],[1. 0.],0,0,[0.4 0.4],1.0,0.0,1.0
1916,0.0,1,959.0,2,1917,1,False,0.0,0,1.0,[2 1],[1. 0.],0,0,[0.4 0.4],1.0,0.0,1.0
1917,1.0,1,959.0,0,1918,0,False,1.0,1,0.0,[1 2],[1. 0.],1,0,[0.4 0.4],1.0,0.0,1.0
1918,0.0,1,960.0,2,1919,1,False,0.0,0,2.0,[1 2],[1. 0.],1,0,[0.4 0.4],1.0,0.0,1.0
1919,0.0,1,960.0,0,1920,0,False,2.0,1,0.0,[2 1],[1. 0.],1,0,[0.4 0.4],1.0,0.0,1.0
1920,0.0,1,961.0,2,1921,1,False,0.0,0,2.0,[2 1],[1. 0.],1,0,[0.4 0.4],1.0,0.0,1.0
1921,1.0,1,961.0,0,1922,0,False,2.0,1,0.0,[2 1],[1. 0.],1,0,[0.4 0.4],1.0,0.0,1.0
1922,0.0,1,962.0,2,1923,1,False,0.0,0,2.0,[2 1],[1. 0.],1,0,[0.4 0.4],1.0,0.0,1.0
1923,1.0,1,962.0,0,1924,0,False,2.0,1,0.0,[2 1],[1. 0.],0,0,[0.4 0.4],1.0,0.0,1.0
1924,0.0,1,963.0,2,1925,1,False,0.0,0,1.0,[2 1],[1. 0.],0,0,[0.4 0.4],1.0,0.0,1.0
1925,1.0,1,963.0,0,1926,0,False,1.0,1,0.0,[2 1],[1. 0.],1,0,[0.4 0.4],1.0,0.0,1.0
1926,0.0,1,964.0,2,1927,1,False,0.0,0,2.0,[2 1],[1. 0.],1,0,[0.4 0.4],1.0,0.0,1.0
1927,1.0,1,964.0,0,1928,0,False,2.0,1,0.0,[2 2],[1. 0.],0,0,[0.4 0.4],1.0,0.0,1.0
1928,0.0,1,965.0,2,1929,1,False,0.0,0,1.0,[2 2],[1. 0.],0,0,[0.4 0.4],1.0,0.0,1.0
1929,0.0,1,965.0,0,1930,0,False,1.0,1,0.0,[2 1],[1. 0.],1,0,[0.4 0.4],1.0,0.0,1.0
1930,0.0,1,966.0,2,1931,1,False,0.0,0,2.0,[2 1],[1. 0.],1,0,[0.4 0.4],1.0,0.0,1.0
1931,1.0,1,966.0,0,1932,0,False,2.0,1,0.0,[2 2],[1. 0.],0,0,[0.4 0.4],1.0,0.0,1.0
1932,0.0,1,967.0,2,1933,1,False,0.0,0,1.0,[2 2],[1. 0.],0,0,[0.4 0.4],1.0,0.0,1.0
1933,0.0,1,967.0,0,1934,0,False,1.0,1,0.0,[1 1],[1. 0.],0,0,[0.4 0.4],1.0,0.0,1.0
1934,0.0,1,968.0,2,1935,1,False,0.0,0,1.0,[1 1],[1. 0.],0,0,[0.4 0.4],1.0,0.0,1.0
1935,1.0,1,968.0,0,1936,0,False,1.0,1,0.0,[2 2],[0. 1.],1,1,[0.4 0.4],1.0,0.0,1.0
1936,0.0,1,969.0,2,1937,1,False,0.0,0,2.0,[2 2],[0. 1.],1,1,[0.4 0.4],1.0,0.0,1.0
1937,1.0,1,969.0,0,1938,0,False,2.0,1,0.0,[2 1],[0. 1.],0,1,[0.4 0.4],1.0,0.0,1.0
1938,0.0,1,970.0,2,1939,1,False,0.0,0,1.0,[2 1],[0. 1.],0,1,[0.4 0.4],1.0,0.0,1.0
1939,0.0,1,970.0,0,1940,0,False,1.0,1,0.0,[1 2],[0. 1.],0,1,[0.4 0.4],1.0,0.0,1.0
1940,0.0,1,971.0,2,1941,1,False,0.0,0,1.0,[1 2],[0. 1.],0,1,[0.4 0.4],1.0,0.0,1.0
1941,1.0,1,971.0,0,1942,0,False,1.0,1,0.0,[2 1],[0. 1.],0,1,[0.4 0.4],1.0,0.0,1.0
1942,0.0,1,972.0,2,1943,1,False,0.0,0,1.0,[2 1],[0. 1.],0,1,[0.4 0.4],1.0,0.0,1.0
1943,0.0,1,972.0,0,1944,0,False,1.0,1,0.0,[2 1],[0. 1.],1,1,[0.4 0.4],1.0,0.0,1.0
1944,0.0,1,973.0,2,1945,1,False,0.0,0,2.0,[2 1],[0. 1.],1,1,[0.4 0.4],1.0,0.0,1.0
1945,0.0,1,973.0,0,1946,0,False,2.0,1,0.0,[1 1],[0. 1.],1,1,[0.4 0.4],1.0,0.0,1.0
1946,0.0,1,974.0,2,1947,1,False,0.0,0,2.0,[1 1],[0. 1.],1,1,[0.4 0.4],1.0,0.0,1.0
1947,0.0,1,974.0,0,1948,0,False,2.0,1,0.0,[1 1],[0. 1.],1,1,[0.4 0.4],1.0,0.0,1.0
1948,0.0,1,975.0,1,1949,1,False,0.0,0,2.0,[1 1],[0. 1.],1,1,[0.4 0.4],1.0,0.0,1.0
1949,0.0,1,975.0,0,1950,0,False,2.0,1,0.0,[1 2],[0. 1.],0,1,[0.4 0.4],1.0,0.0,1.0
1950,0.0,1,976.0,2,1951,1,False,0.0,0,1.0,[1 2],[0. 1.],0,1,[0.4 0.4],1.0,0.0,1.0
1951,1.0,1,976.0,0,1952,0,False,1.0,1,0.0,[2 1],[0. 1.],0,1,[0.4 0.4],1.0,0.0,1.0
1952,0.0,1,977.0,2,1953,1,False,0.0,0,1.0,[2 1],[0. 1.],0,1,[0.4 0.4],1.0,0.0,1.0
1953,0.0,1,977.0,0,1954,0,False,1.0,1,0.0,[1 2],[0. 1.],1,1,[0.4 0.4],1.0,0.0,1.0
1954,0.0,1,978.0,2,1955,1,False,0.0,0,2.0,[1 2],[0. 1.],1,1,[0.4 0.4],1.0,0.0,1.0
1955,1.0,1,978.0,0,1956,0,False,2.0,1,0.0,[1 1],[0. 1.],1,1,[0.4 0.4],1.0,0.0,1.0
1956,0.0,1,979.0,2,1957,1,False,0.0,0,2.0,[1 1],[0. 1.],1,1,[0.4 0.4],1.0,0.0,1.0
1957,0.0,1,979.0,0,1958,0,False,2.0,1,0.0,[2 1],[0. 1.],0,1,[0.4 0.4],1.0,0.0,1.0
1958,0.0,1,980.0,2,1959,1,False,0.0,0,1.0,[2 1],[0. 1.],0,1,[0.4 0.4],1.0,0.0,1.0
1959,0.0,1,980.0,0,1960,0,False,1.0,1,0.0,[2 2],[0. 1.],0,1,[0.4 0.4],1.0,0.0,1.0
1960,0.0,1,981.0,2,1961,1,False,0.0,0,1.0,[2 2],[0. 1.],0,1,[0.4 0.4],1.0,0.0,1.0
1961,1.0,1,981.0,0,1962,0,False,1.0,1,0.0,[2 1],[0. 1.],1,1,[0.4 0.4],1.0,0.0,1.0
1962,0.0,1,982.0,2,1963,1,False,0.0,0,2.0,[2 1],[0. 1.],1,1,[0.4 0.4],1.0,0.0,1.0
1963,0.0,1,982.0,0,1964,0,False,2.0,1,0.0,[1 1],[0. 1.],0,1,[0.4 0.4],1.0,0.0,1.0
1964,0.0,1,983.0,2,1965,1,False,0.0,0,1.0,[1 1],[0. 1.],0,1,[0.4 0.4],1.0,0.0,1.0
1965,0.0,1,983.0,0,1966,0,False,1.0,1,0.0,[1 1],[0. 1.],0,1,[0.4 0.4],1.0,0.0,1.0
1966,0.0,1,984.0,2,1967,1,False,0.0,0,1.0,[1 1],[0. 1.],0,1,[0.4 0.4],1.0,0.0,1.0
1967,0.0,1,984.0,0,1968,0,False,1.0,1,0.0,[2 2],[0. 1.],1,1,[0.4 0.4],1.0,0.0,1.0
1968,0.0,1,985.0,1,1969,1,False,0.0,0,2.0,[2 2],[0. 1.],1,1,[0.4 0.4],1.0,0.0,1.0
1969,1.0,1,985.0,0,1970,0,False,2.0,1,0.0,[1 1],[0. 1.],0,1,[0.4 0.4],1.0,0.0,1.0
1970,0.0,1,986.0,1,1971,1,False,0.0,0,1.0,[1 1],[0. 1.],0,1,[0.4 0.4],1.0,0.0,1.0
1971,0.0,1,986.0,0,1972,0,False,1.0,1,0.0,[2 2],[0. 1.],1,1,[0.4 0.4],1.0,0.0,1.0
1972,0.0,1,987.0,1,1973,1,False,0.0,0,2.0,[2 2],[0. 1.],1,1,[0.4 0.4],1.0,0.0,1.0
1973,1.0,1,987.0,0,1974,0,False,2.0,1,0.0,[2 2],[0. 1.],0,1,[0.4 0.4],1.0,0.0,1.0
1974,0.0,1,988.0,1,1975,1,False,0.0,0,1.0,[2 2],[0. 1.],0,1,[0.4 0.4],1.0,0.0,1.0
1975,1.0,1,988.0,0,1976,0,False,1.0,1,0.0,[2 1],[0. 1.],1,1,[0.4 0.4],1.0,0.0,1.0
1976,0.0,1,989.0,1,1977,1,False,0.0,0,2.0,[2 1],[0. 1.],1,1,[0.4 0.4],1.0,0.0,1.0
1977,1.0,1,989.0,0,1978,0,False,2.0,1,0.0,[2 2],[0. 1.],1,1,[0.4 0.4],1.0,0.0,1.0
1978,0.0,1,990.0,1,1979,1,False,0.0,0,2.0,[2 2],[0. 1.],1,1,[0.4 0.4],1.0,0.0,1.0
1979,1.0,1,990.0,0,1980,0,False,2.0,1,0.0,[2 1],[0. 1.],1,1,[0.4 0.4],1.0,0.0,1.0
1980,0.0,1,991.0,1,1981,1,False,0.0,0,2.0,[2 1],[0. 1.],1,1,[0.4 0.4],1.0,0.0,1.0
1981,1.0,1,991.0,0,1982,0,False,2.0,1,0.0,[1 1],[0. 1.],0,1,[0.4 0.4],1.0,0.0,1.0
1982,0.0,1,992.0,1,1983,1,False,0.0,0,1.0,[1 1],[0. 1.],0,1,[0.4 0.4],1.0,0.0,1.0
1983,0.0,1,992.0,0,1984,0,False,1.0,1,0.0,[1 2],[0. 1.],0,1,[0.4 0.4],1.0,0.0,1.0
1984,0.0,1,993.0,1,1985,1,False,0.0,0,1.0,[1 2],[0. 1.],0,1,[0.4 0.4],1.0,0.0,1.0
1985,0.0,1,993.0,0,1986,0,False,1.0,1,0.0,[2 1],[0. 1.],0,1,[0.4 0.4],1.0,0.0,1.0
1986,0.0,1,994.0,1,1987,1,False,0.0,0,1.0,[2 1],[0. 1.],0,1,[0.4 0.4],1.0,0.0,1.0
1987,1.0,1,994.0,0,1988,0,False,1.0,1,0.0,[1 2],[0. 1.],0,1,[0.4 0.4],1.0,0.0,1.0
1988,0.0,1,995.0,1,1989,1,False,0.0,0,1.0,[1 2],[0. 1.],0,1,[0.4 0.4],1.0,0.0,1.0
1989,0.0,1,995.0,0,1990,0,False,1.0,1,0.0,[2 1],[0. 1.],0,1,[0.4 0.4],1.0,0.0,1.0
1990,0.0,1,996.0,2,1991,1,False,0.0,0,1.0,[2 1],[0. 1.],0,1,[0.4 0.4],1.0,0.0,1.0
1991,0.0,1,996.0,0,1992,0,False,1.0,1,0.0,[2 1],[0. 1.],1,1,[0.4 0.4],1.0,0.0,1.0
1992,0.0,1,997.0,1,1993,1,False,0.0,0,2.0,[2 1],[0. 1.],1,1,[0.4 0.4],1.0,0.0,1.0
1993,1.0,1,997.0,0,1994,0,False,2.0,1,0.0,[2 1],[0. 1.],1,1,[0.4 0.4],1.0,0.0,1.0
1994,0.0,1,998.0,1,1995,1,False,0.0,0,2.0,[2 1],[0. 1.],1,1,[0.4 0.4],1.0,0.0,1.0
1995,1.0,1,998.0,0,1996,0,False,2.0,1,0.0,[1 1],[0. 1.],1,1,[0.4 0.4],1.0,0.0,1.0
1996,0.0,1,999.0,1,1997,1,False,0.0,0,2.0,[1 1],[0. 1.],1,1,[0.4 0.4],1.0,0.0,1.0
1997,0.0,1,999.0,0,1998,0,False,2.0,1,0.0,[2 2],[0. 1.],0,1,[0.4 0.4],1.0,0.0,1.0
1998,0.0,1,1000.0,1,1999,1,False,0.0,0,1.0,[2 2],[0. 1.],0,1,[0.4 0.4],1.0,0.0,1.0
1999,1.0,1,1000.0,0,2000,0,True,1.0,1,0.0,[1 1],[0. 1.],0,1,[0.4 0.4],1.0,0.0,1.0
0,0.0,1,1.0,2,1,1,False,0.0,0,2.0,[2 1],[0. 1.],1,1,[0.6 0.6],1.0,0.0,1.0
1,0.0,1,1.0,0,2,0,False,2.0,1,0.0,[1 2],[0. 1.],1,1,[0.6 0.6],1.0,0.0,1.0
2,0.0,1,2.0,1,3,1,False,0.0,0,2.0,[1 2],[0. 1.],1,1,[0.6 0.6],1.0,0.0,1.0
3,0.0,1,2.0,0,4,0,False,2.0,1,0.0,[2 1],[0. 1.],0,1,[0.6 0.6],1.0,0.0,1.0
4,0.0,1,3.0,2,5,1,False,0.0,0,1.0,[2 1],[0. 1.],0,1,[0.6 0.6],1.0,0.0,1.0
5,0.0,1,3.0,0,6,0,False,1.0,1,0.0,[1 2],[0. 1.],0,1,[0.6 0.6],1.0,0.0,1.0
6,0.0,1,4.0,1,7,1,False,0.0,0,1.0,[1 2],[0. 1.],0,1,[0.6 0.6],1.0,0.0,1.0
7,0.0,1,4.0,0,8,0,False,1.0,1,0.0,[1 1],[0. 1.],1,1,[0.6 0.6],1.0,0.0,1.0
8,0.0,1,5.0,2,9,1,False,0.0,0,2.0,[1 1],[0. 1.],1,1,[0.6 0.6],1.0,0.0,1.0
9,0.0,1,5.0,0,10,0,False,2.0,1,0.0,[1 2],[0. 1.],0,1,[0.6 0.6],1.0,0.0,1.0
10,0.0,1,6.0,1,11,1,False,0.0,0,1.0,[1 2],[0. 1.],0,1,[0.6 0.6],1.0,0.0,1.0
11,0.0,1,6.0,0,12,0,False,1.0,1,0.0,[1 1],[0. 1.],0,1,[0.6 0.6],1.0,0.0,1.0
12,0.0,1,7.0,2,13,1,False,0.0,0,1.0,[1 1],[0. 1.],0,1,[0.6 0.6],1.0,0.0,1.0
13,0.0,1,7.0,0,14,0,False,1.0,1,0.0,[2 1],[0. 1.],0,1,[0.6 0.6],1.0,0.0,1.0
14,0.0,1,8.0,1,15,1,False,0.0,0,1.0,[2 1],[0. 1.],0,1,[0.6 0.6],1.0,0.0,1.0
15,1.0,1,8.0,0,16,0,False,1.0,1,0.0,[2 1],[0. 1.],0,1,[0.6 0.6],1.0,0.0,1.0
16,0.0,1,9.0,1,17,1,False,0.0,0,1.0,[2 1],[0. 1.],0,1,[0.6 0.6],1.0,0.0,1.0
17,1.0,1,9.0,0,18,0,False,1.0,1,0.0,[2 2],[0. 1.],0,1,[0.6 0.6],1.0,0.0,1.0
18,0.0,1,10.0,1,19,1,False,0.0,0,1.0,[2 2],[0. 1.],0,1,[0.6 0.6],1.0,0.0,1.0
19,1.0,1,10.0,0,20,0,False,1.0,1,0.0,[1 1],[0. 1.],1,1,[0.6 0.6],1.0,0.0,1.0
20,0.0,1,11.0,1,21,1,False,0.0,0,2.0,[1 1],[0. 1.],1,1,[0.6 0.6],1.0,0.0,1.0
21,0.0,1,11.0,0,22,0,False,2.0,1,0.0,[2 2],[0. 1.],0,1,[0.6 0.6],1.0,0.0,1.0
22,0.0,1,12.0,1,23,1,False,0.0,0,1.0,[2 2],[0. 1.],0,1,[0.6 0.6],1.0,0.0,1.0
23,1.0,1,12.0,0,24,0,False,1.0,1,0.0,[2 2],[0. 1.],1,1,[0.6 0.6],1.0,0.0,1.0
24,0.0,1,13.0,1,25,1,False,0.0,0,2.0,[2 2],[0. 1.],1,1,[0.6 0.6],1.0,0.0,1.0
25,1.0,1,13.0,0,26,0,False,2.0,1,0.0,[2 1],[0. 1.],0,1,[0.6 0.6],1.0,0.0,1.0
26,0.0,1,14.0,1,27,1,False,0.0,0,1.0,[2 1],[0. 1.],0,1,[0.6 0.6],1.0,0.0,1.0
27,1.0,1,14.0,0,28,0,False,1.0,1,0.0,[1 2],[0. 1.],0,1,[0.6 0.6],1.0,0.0,1.0
28,0.0,1,15.0,1,29,1,False,0.0,0,1.0,[1 2],[0. 1.],0,1,[0.6 0.6],1.0,0.0,1.0
29,0.0,1,15.0,0,30,0,False,1.0,1,0.0,[2 1],[0. 1.],0,1,[0.6 0.6],1.0,0.0,1.0
30,0.0,1,16.0,1,31,1,False,0.0,0,1.0,[2 1],[0. 1.],0,1,[0.6 0.6],1.0,0.0,1.0
31,1.0,1,16.0,0,32,0,False,1.0,1,0.0,[2 2],[0. 1.],1,1,[0.6 0.6],1.0,0.0,1.0
32,0.0,1,17.0,1,33,1,False,0.0,0,2.0,[2 2],[0. 1.],1,1,[0.6 0.6],1.0,0.0,1.0
33,1.0,1,17.0,0,34,0,False,2.0,1,0.0,[2 2],[0. 1.],1,1,[0.6 0.6],1.0,0.0,1.0
34,0.0,1,18.0,1,35,1,False,0.0,0,2.0,[2 2],[0. 1.],1,1,[0.6 0.6],1.0,0.0,1.0
35,1.0,1,18.0,0,36,0,False,2.0,1,0.0,[2 2],[0. 1.],1,1,[0.6 0.6],1.0,0.0,1.0
36,0.0,1,19.0,1,37,1,False,0.0,0,2.0,[2 2],[0. 1.],1,1,[0.6 0.6],1.0,0.0,1.0
37,1.0,1,19.0,0,38,0,False,2.0,1,0.0,[1 1],[0. 1.],0,1,[0.6 0.6],1.0,0.0,1.0
38,0.0,1,20.0,1,39,1,False,0.0,0,1.0,[1 1],[0. 1.],0,1,[0.6 0.6],1.0,0.0,1.0
39,0.0,1,20.0,0,40,0,False,1.0,1,0.0,[2 2],[0. 1.],1,1,[0.6 0.6],1.0,0.0,1.0
40,0.0,1,21.0,1,41,1,False,0.0,0,2.0,[2 2],[0. 1.],1,1,[0.6 0.6],1.0,0.0,1.0
41,1.0,1,21.0,0,42,0,False,2.0,1,0.0,[1 1],[0. 1.],0,1,[0.6 0.6],1.0,0.0,1.0
42,0.0,1,22.0,1,43,1,False,0.0,0,1.0,[1 1],[0. 1.],0,1,[0.6 0.6],1.0,0.0,1.0
43,0.0,1,22.0,0,44,0,False,1.0,1,0.0,[2 1],[0. 1.],1,1,[0.6 0.6],1.0,0.0,1.0
44,0.0,1,23.0,1,45,1,False,0.0,0,2.0,[2 1],[0. 1.],1,1,[0.6 0.6],1.0,0.0,1.0
45,1.0,1,23.0,0,46,0,False,2.0,1,0.0,[2 1],[0. 1.],1,1,[0.6 0.6],1.0,0.0,1.0
46,0.0,1,24.0,1,47,1,False,0.0,0,2.0,[2 1],[0. 1.],1,1,[0.6 0.6],1.0,0.0,1.0
47,1.0,1,24.0,0,48,0,False,2.0,1,0.0,[2 1],[0. 1.],0,1,[0.6 0.6],1.0,0.0,1.0
48,0.0,1,25.0,1,49,1,False,0.0,0,1.0,[2 1],[0. 1.],0,1,[0.6 0.6],1.0,0.0,1.0
49,1.0,1,25.0,0,50,0,False,1.0,1,0.0,[2 1],[0. 1.],1,1,[0.6 0.6],1.0,0.0,1.0
50,0.0,1,26.0,1,51,1,False,0.0,0,2.0,[2 1],[0. 1.],1,1,[0.6 0.6],1.0,0.0,1.0
51,1.0,1,26.0,0,52,0,False,2.0,1,0.0,[2 1],[0. 1.],0,1,[0.6 0.6],1.0,0.0,1.0
52,0.0,1,27.0,1,53,1,False,0.0,0,1.0,[2 1],[0. 1.],0,1,[0.6 0.6],1.0,0.0,1.0
53,1.0,1,27.0,0,54,0,False,1.0,1,0.0,[2 1],[1. 0.],0,0,[0.6 0.6],1.0,0.0,1.0
54,0.0,1,28.0,1,55,1,False,0.0,0,1.0,[2 1],[1. 0.],0,0,[0.6 0.6],1.0,0.0,1.0
55,0.0,1,28.0,0,56,0,False,1.0,1,0.0,[1 1],[1. 0.],0,0,[0.6 0.6],1.0,0.0,1.0
56,0.0,1,29.0,1,57,1,False,0.0,0,1.0,[1 1],[1. 0.],0,0,[0.6 0.6],1.0,0.0,1.0
57,1.0,1,29.0,0,58,0,False,1.0,1,0.0,[2 2],[1. 0.],0,0,[0.6 0.6],1.0,0.0,1.0
58,0.0,1,30.0,1,59,1,False,0.0,0,1.0,[2 2],[1. 0.],0,0,[0.6 0.6],1.0,0.0,1.0
59,0.0,1,30.0,0,60,0,False,1.0,1,0.0,[1 2],[1. 0.],1,0,[0.6 0.6],1.0,0.0,1.0
60,0.0,1,31.0,1,61,1,False,0.0,0,2.0,[1 2],[1. 0.],1,0,[0.6 0.6],1.0,0.0,1.0
61,1.0,1,31.0,0,62,0,False,2.0,1,0.0,[2 1],[1. 0.],0,0,[0.6 0.6],1.0,0.0,1.0
62,0.0,1,32.0,1,63,1,False,0.0,0,1.0,[2 1],[1. 0.],0,0,[0.6 0.6],1.0,0.0,1.0
63,0.0,1,32.0,0,64,0,False,1.0,1,0.0,[2 2],[1. 0.],1,0,[0.6 0.6],1.0,0.0,1.0
64,0.0,1,33.0,1,65,1,False,0.0,0,2.0,[2 2],[1. 0.],1,0,[0.6 0.6],1.0,0.0,1.0
65,0.0,1,33.0,0,66,0,False,2.0,1,0.0,[2 2],[1. 0.],1,0,[0.6 0.6],1.0,0.0,1.0
66,0.0,1,34.0,2,67,1,False,0.0,0,2.0,[2 2],[1. 0.],1,0,[0.6 0.6],1.0,0.0,1.0
67,0.0,1,34.0,0,68,0,False,2.0,1,0.0,[1 2],[1. 0.],0,0,[0.6 0.6],1.0,0.0,1.0
68,0.0,1,35.0,1,69,1,False,0.0,0,1.0,[1 2],[1. 0.],0,0,[0.6 0.6],1.0,0.0,1.0
69,1.0,1,35.0,0,70,0,False,1.0,1,0.0,[2 2],[1. 0.],1,0,[0.6 0.6],1.0,0.0,1.0
70,0.0,1,36.0,1,71,1,False,0.0,0,2.0,[2 2],[1. 0.],1,0,[0.6 0.6],1.0,0.0,1.0
71,0.0,1,36.0,0,72,0,False,2.0,1,0.0,[1 1],[1. 0.],1,0,[0.6 0.6],1.0,0.0,1.0
72,0.0,1,37.0,1,73,1,False,0.0,0,2.0,[1 1],[1. 0.],1,0,[0.6 0.6],1.0,0.0,1.0
73,1.0,1,37.0,0,74,0,False,2.0,1,0.0,[2 2],[1. 0.],0,0,[0.6 0.6],1.0,0.0,1.0
74,0.0,1,38.0,1,75,1,False,0.0,0,1.0,[2 2],[1. 0.],0,0,[0.6 0.6],1.0,0.0,1.0
75,0.0,1,38.0,0,76,0,False,1.0,1,0.0,[2 1],[1. 0.],1,0,[0.6 0.6],1.0,0.0,1.0
76,0.0,1,39.0,1,77,1,False,0.0,0,2.0,[2 1],[1. 0.],1,0,[0.6 0.6],1.0,0.0,1.0
77,0.0,1,39.0,0,78,0,False,2.0,1,0.0,[1 2],[1. 0.],1,0,[0.6 0.6],1.0,0.0,1.0
78,0.0,1,40.0,2,79,1,False,0.0,0,2.0,[1 2],[1. 0.],1,0,[0.6 0.6],1.0,0.0,1.0
79,0.0,1,40.0,0,80,0,False,2.0,1,0.0,[2 2],[1. 0.],0,0,[0.6 0.6],1.0,0.0,1.0
80,0.0,1,41.0,1,81,1,False,0.0,0,1.0,[2 2],[1. 0.],0,0,[0.6 0.6],1.0,0.0,1.0
81,0.0,1,41.0,0,82,0,False,1.0,1,0.0,[2 2],[1. 0.],1,0,[0.6 0.6],1.0,0.0,1.0
82,0.0,1,42.0,2,83,1,False,0.0,0,2.0,[2 2],[1. 0.],1,0,[0.6 0.6],1.0,0.0,1.0
83,0.0,1,42.0,0,84,0,False,2.0,1,0.0,[1 2],[1. 0.],1,0,[0.6 0.6],1.0,0.0,1.0
84,0.0,1,43.0,1,85,1,False,0.0,0,2.0,[1 2],[1. 0.],1,0,[0.6 0.6],1.0,0.0,1.0
85,1.0,1,43.0,0,86,0,False,2.0,1,0.0,[2 2],[1. 0.],0,0,[0.6 0.6],1.0,0.0,1.0
86,0.0,1,44.0,1,87,1,False,0.0,0,1.0,[2 2],[1. 0.],0,0,[0.6 0.6],1.0,0.0,1.0
87,0.0,1,44.0,0,88,0,False,1.0,1,0.0,[2 2],[1. 0.],0,0,[0.6 0.6],1.0,0.0,1.0
88,0.0,1,45.0,1,89,1,False,0.0,0,1.0,[2 2],[1. 0.],0,0,[0.6 0.6],1.0,0.0,1.0
89,0.0,1,45.0,0,90,0,False,1.0,1,0.0,[2 2],[1. 0.],1,0,[0.6 0.6],1.0,0.0,1.0
90,0.0,1,46.0,2,91,1,False,0.0,0,2.0,[2 2],[1. 0.],1,0,[0.6 0.6],1.0,0.0,1.0
91,0.0,1,46.0,0,92,0,False,2.0,1,0.0,[2 1],[0. 1.],0,1,[0.6 0.6],1.0,0.0,1.0
92,0.0,1,47.0,2,93,1,False,0.0,0,1.0,[2 1],[0. 1.],0,1,[0.6 0.6],1.0,0.0,1.0
93,0.0,1,47.0,0,94,0,False,1.0,1,0.0,[2 1],[0. 1.],1,1,[0.6 0.6],1.0,0.0,1.0
94,0.0,1,48.0,1,95,1,False,0.0,0,2.0,[2 1],[0. 1.],1,1,[0.6 0.6],1.0,0.0,1.0
95,1.0,1,48.0,0,96,0,False,2.0,1,0.0,[2 1],[0. 1.],0,1,[0.6 0.6],1.0,0.0,1.0
96,0.0,1,49.0,1,97,1,False,0.0,0,1.0,[2 1],[0. 1.],0,1,[0.6 0.6],1.0,0.0,1.0
97,1.0,1,49.0,0,98,0,False,1.0,1,0.0,[2 2],[0. 1.],1,1,[0.6 0.6],1.0,0.0,1.0
98,0.0,1,50.0,1,99,1,False,0.0,0,2.0,[2 2],[0. 1.],1,1,[0.6 0.6],1.0,0.0,1.0
99,1.0,1,50.0,0,100,0,False,2.0,1,0.0,[1 2],[0. 1.],0,1,[0.6 0.6],1.0,0.0,1.0
100,0.0,1,51.0,1,101,1,False,0.0,0,1.0,[1 2],[0. 1.],0,1,[0.6 0.6],1.0,0.0,1.0
101,0.0,1,51.0,0,102,0,False,1.0,1,0.0,[2 2],[0. 1.],0,1,[0.6 0.6],1.0,0.0,1.0
102,0.0,1,52.0,1,103,1,False,0.0,0,1.0,[2 2],[0. 1.],0,1,[0.6 0.6],1.0,0.0,1.0
103,1.0,1,52.0,0,104,0,False,1.0,1,0.0,[2 1],[0. 1.],0,1,[0.6 0.6],1.0,0.0,1.0
104,0.0,1,53.0,1,105,1,False,0.0,0,1.0,[2 1],[0. 1.],0,1,[0.6 0.6],1.0,0.0,1.0
105,1.0,1,53.0,0,106,0,False,1.0,1,0.0,[2 2],[0. 1.],0,1,[0.6 0.6],1.0,0.0,1.0
106,0.0,1,54.0,1,107,1,False,0.0,0,1.0,[2 2],[0. 1.],0,1,[0.6 0.6],1.0,0.0,1.0
107,1.0,1,54.0,0,108,0,False,1.0,1,0.0,[2 2],[0. 1.],0,1,[0.6 0.6],1.0,0.0,1.0
108,0.0,1,55.0,1,109,1,False,0.0,0,1.0,[2 2],[0. 1.],0,1,[0.6 0.6],1.0,0.0,1.0
109,1.0,1,55.0,0,110,0,False,1.0,1,0.0,[2 2],[0. 1.],1,1,[0.6 0.6],1.0,0.0,1.0
110,0.0,1,56.0,1,111,1,False,0.0,0,2.0,[2 2],[0. 1.],1,1,[0.6 0.6],1.0,0.0,1.0
111,1.0,1,56.0,0,112,0,False,2.0,1,0.0,[2 1],[0. 1.],1,1,[0.6 0.6],1.0,0.0,1.0
112,0.0,1,57.0,1,113,1,False,0.0,0,2.0,[2 1],[0. 1.],1,1,[0.6 0.6],1.0,0.0,1.0
113,1.0,1,57.0,0,114,0,False,2.0,1,0.0,[1 2],[0. 1.],1,1,[0.6 0.6],1.0,0.0,1.0
114,0.0,1,58.0,1,115,1,False,0.0,0,2.0,[1 2],[0. 1.],1,1,[0.6 0.6],1.0,0.0,1.0
115,0.0,1,58.0,0,116,0,False,2.0,1,0.0,[2 2],[0. 1.],1,1,[0.6 0.6],1.0,0.0,1.0
116,0.0,1,59.0,1,117,1,False,0.0,0,2.0,[2 2],[0. 1.],1,1,[0.6 0.6],1.0,0.0,1.0
117,1.0,1,59.0,0,118,0,False,2.0,1,0.0,[1 2],[0. 1.],1,1,[0.6 0.6],1.0,0.0,1.0
118,0.0,1,60.0,1,119,1,False,0.0,0,2.0,[1 2],[0. 1.],1,1,[0.6 0.6],1.0,0.0,1.0
119,0.0,1,60.0,0,120,0,False,2.0,1,0.0,[1 2],[0. 1.],0,1,[0.6 0.6],1.0,0.0,1.0
120,0.0,1,61.0,1,121,1,False,0.0,0,1.0,[1 2],[0. 1.],0,1,[0.6 0.6],1.0,0.0,1.0
121,0.0,1,61.0,0,122,0,False,1.0,1,0.0,[2 1],[0. 1.],1,1,[0.6 0.6],1.0,0.0,1.0
122,0.0,1,62.0,1,123,1,False,0.0,0,2.0,[2 1],[0. 1.],1,1,[0.6 0.6],1.0,0.0,1.0
123,1.0,1,62.0,0,124,0,False,2.0,1,0.0,[1 2],[0. 1.],1,1,[0.6 0.6],1.0,0.0,1.0
124,0.0,1,63.0,1,125,1,False,0.0,0,2.0,[1 2],[0. 1.],1,1,[0.6 0.6],1.0,0.0,1.0
125,0.0,1,63.0,0,126,0,False,2.0,1,0.0,[2 2],[0. 1.],0,1,[0.6 0.6],1.0,0.0,1.0
126,0.0,1,64.0,1,127,1,False,0.0,0,1.0,[2 2],[0. 1.],0,1,[0.6 0.6],1.0,0.0,1.0
127,1.0,1,64.0,0,128,0,False,1.0,1,0.0,[2 1],[0. 1.],1,1,[0.6 0.6],1.0,0.0,1.0
128,0.0,1,65.0,1,129,1,False,0.0,0,2.0,[2 1],[0. 1.],1,1,[0.6 0.6],1.0,0.0,1.0
129,1.0,1,65.0,0,130,0,False,2.0,1,0.0,[1 1],[0. 1.],1,1,[0.6 0.6],1.0,0.0,1.0
130,0.0,1,66.0,1,131,1,False,0.0,0,2.0,[1 1],[0. 1.],1,1,[0.6 0.6],1.0,0.0,1.0
131,0.0,1,66.0,0,132,0,False,2.0,1,0.0,[1 2],[0. 1.],1,1,[0.6 0.6],1.0,0.0,1.0
132,0.0,1,67.0,1,133,1,False,0.0,0,2.0,[1 2],[0. 1.],1,1,[0.6 0.6],1.0,0.0,1.0
133,0.0,1,67.0,0,134,0,False,2.0,1,0.0,[2 1],[0. 1.],1,1,[0.6 0.6],1.0,0.0,1.0
134,0.0,1,68.0,1,135,1,False,0.0,0,2.0,[2 1],[0. 1.],1,1,[0.6 0.6],1.0,0.0,1.0
135,1.0,1,68.0,0,136,0,False,2.0,1,0.0,[2 1],[0. 1.],0,1,[0.6 0.6],1.0,0.0,1.0
136,0.0,1,69.0,1,137,1,False,0.0,0,1.0,[2 1],[0. 1.],0,1,[0.6 0.6],1.0,0.0,1.0
137,1.0,1,69.0,0,138,0,False,1.0,1,0.0,[1 2],[0. 1.],1,1,[0.6 0.6],1.0,0.0,1.0
138,0.0,1,70.0,1,139,1,False,0.0,0,2.0,[1 2],[0. 1.],1,1,[0.6 0.6],1.0,0.0,1.0
139,0.0,1,70.0,0,140,0,False,2.0,1,0.0,[1 2],[0. 1.],1,1,[0.6 0.6],1.0,0.0,1.0
140,0.0,1,71.0,1,141,1,False,0.0,0,2.0,[1 2],[0. 1.],1,1,[0.6 0.6],1.0,0.0,1.0
141,0.0,1,71.0,0,142,0,False,2.0,1,0.0,[2 2],[0. 1.],1,1,[0.6 0.6],1.0,0.0,1.0
142,0.0,1,72.0,1,143,1,False,0.0,0,2.0,[2 2],[0. 1.],1,1,[0.6 0.6],1.0,0.0,1.0
143,1.0,1,72.0,0,144,0,False,2.0,1,0.0,[1 1],[0. 1.],1,1,[0.6 0.6],1.0,0.0,1.0
144,0.0,1,73.0,1,145,1,False,0.0,0,2.0,[1 1],[0. 1.],1,1,[0.6 0.6],1.0,0.0,1.0
145,0.0,1,73.0,0,146,0,False,2.0,1,0.0,[1 1],[0. 1.],1,1,[0.6 0.6],1.0,0.0,1.0
146,0.0,1,74.0,1,147,1,False,0.0,0,2.0,[1 1],[0. 1.],1,1,[0.6 0.6],1.0,0.0,1.0
147,0.0,1,74.0,0,148,0,False,2.0,1,0.0,[2 2],[0. 1.],1,1,[0.6 0.6],1.0,0.0,1.0
148,0.0,1,75.0,2,149,1,False,0.0,0,2.0,[2 2],[0. 1.],1,1,[0.6 0.6],1.0,0.0,1.0
149,1.0,1,75.0,0,150,0,False,2.0,1,0.0,[1 2],[0. 1.],1,1,[0.6 0.6],1.0,0.0,1.0
150,0.0,1,76.0,2,151,1,False,0.0,0,2.0,[1 2],[0. 1.],1,1,[0.6 0.6],1.0,0.0,1.0
151,1.0,1,76.0,0,152,0,False,2.0,1,0.0,[2 1],[0. 1.],1,1,[0.6 0.6],1.0,0.0,1.0
152,0.0,1,77.0,2,153,1,False,0.0,0,2.0,[2 1],[0. 1.],1,1,[0.6 0.6],1.0,0.0,1.0
153,0.0,1,77.0,0,154,0,False,2.0,1,0.0,[1 2],[0. 1.],0,1,[0.6 0.6],1.0,0.0,1.0
154,0.0,1,78.0,2,155,1,False,0.0,0,1.0,[1 2],[0. 1.],0,1,[0.6 0.6],1.0,0.0,1.0
155,1.0,1,78.0,0,156,0,False,1.0,1,0.0,[2 2],[0. 1.],1,1,[0.6 0.6],1.0,0.0,1.0
156,0.0,1,79.0,2,157,1,False,0.0,0,2.0,[2 2],[0. 1.],1,1,[0.6 0.6],1.0,0.0,1.0
157,1.0,1,79.0,0,158,0,False,2.0,1,0.0,[1 2],[0. 1.],0,1,[0.6 0.6],1.0,0.0,1.0
158,0.0,1,80.0,2,159,1,False,0.0,0,1.0,[1 2],[0. 1.],0,1,[0.6 0.6],1.0,0.0,1.0
159,1.0,1,80.0,0,160,0,False,1.0,1,0.0,[1 1],[0. 1.],0,1,[0.6 0.6],1.0,0.0,1.0
160,0.0,1,81.0,2,161,1,False,0.0,0,1.0,[1 1],[0. 1.],0,1,[0.6 0.6],1.0,0.0,1.0
161,0.0,1,81.0,0,162,0,False,1.0,1,0.0,[2 1],[0. 1.],1,1,[0.6 0.6],1.0,0.0,1.0
162,0.0,1,82.0,2,163,1,False,0.0,0,2.0,[2 1],[0. 1.],1,1,[0.6 0.6],1.0,0.0,1.0
163,0.0,1,82.0,0,164,0,False,2.0,1,0.0,[1 1],[0. 1.],1,1,[0.6 0.6],1.0,0.0,1.0
164,0.0,1,83.0,2,165,1,False,0.0,0,2.0,[1 1],[0. 1.],1,1,[0.6 0.6],1.0,0.0,1.0
165,0.0,1,83.0,0,166,0,False,2.0,1,0.0,[2 1],[0. 1.],1,1,[0.6 0.6],1.0,0.0,1.0
166,0.0,1,84.0,1,167,1,False,0.0,0,2.0,[2 1],[0. 1.],1,1,[0.6 0.6],1.0,0.0,1.0
167,1.0,1,84.0,0,168,0,False,2.0,1,0.0,[1 2],[0. 1.],1,1,[0.6 0.6],1.0,0.0,1.0
168,0.0,1,85.0,1,169,1,False,0.0,0,2.0,[1 2],[0. 1.],1,1,[0.6 0.6],1.0,0.0,1.0
169,0.0,1,85.0,0,170,0,False,2.0,1,0.0,[1 2],[0. 1.],1,1,[0.6 0.6],1.0,0.0,1.0
170,0.0,1,86.0,1,171,1,False,0.0,0,2.0,[1 2],[0. 1.],1,1,[0.6 0.6],1.0,0.0,1.0
171,0.0,1,86.0,0,172,0,False,2.0,1,0.0,[2 1],[0. 1.],0,1,[0.6 0.6],1.0,0.0,1.0
172,0.0,1,87.0,2,173,1,False,0.0,0,1.0,[2 1],[0. 1.],0,1,[0.6 0.6],1.0,0.0,1.0
173,0.0,1,87.0,0,174,0,False,1.0,1,0.0,[1 2],[0. 1.],0,1,[0.6 0.6],1.0,0.0,1.0
174,0.0,1,88.0,1,175,1,False,0.0,0,1.0,[1 2],[0. 1.],0,1,[0.6 0.6],1.0,0.0,1.0
175,0.0,1,88.0,0,176,0,False,1.0,1,0.0,[2 1],[0. 1.],1,1,[0.6 0.6],1.0,0.0,1.0
176,0.0,1,89.0,2,177,1,False,0.0,0,2.0,[2 1],[0. 1.],1,1,[0.6 0.6],1.0,0.0,1.0
177,0.0,1,89.0,0,178,0,False,2.0,1,0.0,[1 1],[0. 1.],0,1,[0.6 0.6],1.0,0.0,1.0
178,0.0,1,90.0,1,179,1,False,0.0,0,1.0,[1 1],[0. 1.],0,1,[0.6 0.6],1.0,0.0,1.0
179,0.0,1,90.0,0,180,0,False,1.0,1,0.0,[2 2],[0. 1.],0,1,[0.6 0.6],1.0,0.0,1.0
180,0.0,1,91.0,2,181,1,False,0.0,0,1.0,[2 2],[0. 1.],0,1,[0.6 0.6],1.0,0.0,1.0
181,1.0,1,91.0,0,182,0,False,1.0,1,0.0,[2 1],[0. 1.],1,1,[0.6 0.6],1.0,0.0,1.0
182,0.0,1,92.0,2,183,1,False,0.0,0,2.0,[2 1],[0. 1.],1,1,[0.6 0.6],1.0,0.0,1.0
183,0.0,1,92.0,0,184,0,False,2.0,1,0.0,[2 1],[0. 1.],1,1,[0.6 0.6],1.0,0.0,1.0
184,0.0,1,93.0,2,185,1,False,0.0,0,2.0,[2 1],[0. 1.],1,1,[0.6 0.6],1.0,0.0,1.0
185,0.0,1,93.0,0,186,0,False,2.0,1,0.0,[2 1],[0. 1.],1,1,[0.6 0.6],1.0,0.0,1.0
186,0.0,1,94.0,1,187,1,False,0.0,0,2.0,[2 1],[0. 1.],1,1,[0.6 0.6],1.0,0.0,1.0
187,1.0,1,94.0,0,188,0,False,2.0,1,0.0,[2 2],[0. 1.],0,1,[0.6 0.6],1.0,0.0,1.0
188,0.0,1,95.0,1,189,1,False,0.0,0,1.0,[2 2],[0. 1.],0,1,[0.6 0.6],1.0,0.0,1.0
189,1.0,1,95.0,0,190,0,False,1.0,1,0.0,[1 2],[0. 1.],0,1,[0.6 0.6],1.0,0.0,1.0
190,0.0,1,96.0,1,191,1,False,0.0,0,1.0,[1 2],[0. 1.],0,1,[0.6 0.6],1.0,0.0,1.0
191,0.0,1,96.0,0,192,0,False,1.0,1,0.0,[2 1],[0. 1.],0,1,[0.6 0.6],1.0,0.0,1.0
192,0.0,1,97.0,1,193,1,False,0.0,0,1.0,[2 1],[0. 1.],0,1,[0.6 0.6],1.0,0.0,1.0
193,1.0,1,97.0,0,194,0,False,1.0,1,0.0,[1 1],[0. 1.],0,1,[0.6 0.6],1.0,0.0,1.0
194,0.0,1,98.0,1,195,1,False,0.0,0,1.0,[1 1],[0. 1.],0,1,[0.6 0.6],1.0,0.0,1.0
195,0.0,1,98.0,0,196,0,False,1.0,1,0.0,[2 2],[0. 1.],0,1,[0.6 0.6],1.0,0.0,1.0
196,0.0,1,99.0,1,197,1,False,0.0,0,1.0,[2 2],[0. 1.],0,1,[0.6 0.6],1.0,0.0,1.0
197,1.0,1,99.0,0,198,0,False,1.0,1,0.0,[1 2],[0. 1.],0,1,[0.6 0.6],1.0,0.0,1.0
198,0.0,1,100.0,1,199,1,False,0.0,0,1.0,[1 2],[0. 1.],0,1,[0.6 0.6],1.0,0.0,1.0
199,0.0,1,100.0,0,200,0,False,1.0,1,0.0,[2 2],[0. 1.],1,1,[0.6 0.6],1.0,0.0,1.0
200,0.0,1,101.0,1,201,1,False,0.0,0,2.0,[2 2],[0. 1.],1,1,[0.6 0.6],1.0,0.0,1.0
201,1.0,1,101.0,0,202,0,False,2.0,1,0.0,[2 1],[0. 1.],0,1,[0.6 0.6],1.0,0.0,1.0
202,0.0,1,102.0,1,203,1,False,0.0,0,1.0,[2 1],[0. 1.],0,1,[0.6 0.6],1.0,0.0,1.0
203,1.0,1,102.0,0,204,0,False,1.0,1,0.0,[1 1],[0. 1.],1,1,[0.6 0.6],1.0,0.0,1.0
204,0.0,1,103.0,1,205,1,False,0.0,0,2.0,[1 1],[0. 1.],1,1,[0.6 0.6],1.0,0.0,1.0
205,0.0,1,103.0,0,206,0,False,2.0,1,0.0,[1 1],[0. 1.],0,1,[0.6 0.6],1.0,0.0,1.0
206,0.0,1,104.0,1,207,1,False,0.0,0,1.0,[1 1],[0. 1.],0,1,[0.6 0.6],1.0,0.0,1.0
207,0.0,1,104.0,0,208,0,False,1.0,1,0.0,[1 1],[0. 1.],0,1,[0.6 0.6],1.0,0.0,1.0
208,0.0,1,105.0,1,209,1,False,0.0,0,1.0,[1 1],[0. 1.],0,1,[0.6 0.6],1.0,0.0,1.0
209,0.0,1,105.0,0,210,0,False,1.0,1,0.0,[2 2],[0. 1.],1,1,[0.6 0.6],1.0,0.0,1.0
210,0.0,1,106.0,1,211,1,False,0.0,0,2.0,[2 2],[0. 1.],1,1,[0.6 0.6],1.0,0.0,1.0
211,1.0,1,106.0,0,212,0,False,2.0,1,0.0,[1 2],[0. 1.],0,1,[0.6 0.6],1.0,0.0,1.0
212,0.0,1,107.0,1,213,1,False,0.0,0,1.0,[1 2],[0. 1.],0,1,[0.6 0.6],1.0,0.0,1.0
213,0.0,1,107.0,0,214,0,False,1.0,1,0.0,[2 2],[0. 1.],1,1,[0.6 0.6],1.0,0.0,1.0
214,0.0,1,108.0,1,215,1,False,0.0,0,2.0,[2 2],[0. 1.],1,1,[0.6 0.6],1.0,0.0,1.0
215,1.0,1,108.0,0,216,0,False,2.0,1,0.0,[2 1],[0. 1.],0,1,[0.6 0.6],1.0,0.0,1.0
216,0.0,1,109.0,1,217,1,False,0.0,0,1.0,[2 1],[0. 1.],0,1,[0.6 0.6],1.0,0.0,1.0
217,1.0,1,109.0,0,218,0,False,1.0,1,0.0,[1 1],[0. 1.],1,1,[0.6 0.6],1.0,0.0,1.0
218,0.0,1,110.0,1,219,1,False,0.0,0,2.0,[1 1],[0. 1.],1,1,[0.6 0.6],1.0,0.0,1.0
219,0.0,1,110.0,0,220,0,False,2.0,1,0.0,[1 2],[0. 1.],0,1,[0.6 0.6],1.0,0.0,1.0
220,0.0,1,111.0,1,221,1,False,0.0,0,1.0,[1 2],[0. 1.],0,1,[0.6 0.6],1.0,0.0,1.0
221,0.0,1,111.0,0,222,0,False,1.0,1,0.0,[2 1],[0. 1.],1,1,[0.6 0.6],1.0,0.0,1.0
222,0.0,1,112.0,1,223,1,False,0.0,0,2.0,[2 1],[0. 1.],1,1,[0.6 0.6],1.0,0.0,1.0
223,1.0,1,112.0,0,224,0,False,2.0,1,0.0,[1 2],[0. 1.],1,1,[0.6 0.6],1.0,0.0,1.0
224,0.0,1,113.0,1,225,1,False,0.0,0,2.0,[1 2],[0. 1.],1,1,[0.6 0.6],1.0,0.0,1.0
225,0.0,1,113.0,0,226,0,False,2.0,1,0.0,[2 1],[0. 1.],0,1,[0.6 0.6],1.0,0.0,1.0
226,0.0,1,114.0,1,227,1,False,0.0,0,1.0,[2 1],[0. 1.],0,1,[0.6 0.6],1.0,0.0,1.0
227,1.0,1,114.0,0,228,0,False,1.0,1,0.0,[1 1],[1. 0.],1,0,[0.6 0.6],1.0,0.0,1.0
228,0.0,1,115.0,1,229,1,False,0.0,0,2.0,[1 1],[1. 0.],1,0,[0.6 0.6],1.0,0.0,1.0
229,1.0,1,115.0,0,230,0,False,2.0,1,0.0,[1 1],[1. 0.],0,0,[0.6 0.6],1.0,0.0,1.0
230,0.0,1,116.0,1,231,1,False,0.0,0,1.0,[1 1],[1. 0.],0,0,[0.6 0.6],1.0,0.0,1.0
231,1.0,1,116.0,0,232,0,False,1.0,1,0.0,[2 2],[1. 0.],1,0,[0.6 0.6],1.0,0.0,1.0
232,0.0,1,117.0,1,233,1,False,0.0,0,2.0,[2 2],[1. 0.],1,0,[0.6 0.6],1.0,0.0,1.0
233,0.0,1,117.0,0,234,0,False,2.0,1,0.0,[2 1],[1. 0.],1,0,[0.6 0.6],1.0,0.0,1.0
234,0.0,1,118.0,1,235,1,False,0.0,0,2.0,[2 1],[1. 0.],1,0,[0.6 0.6],1.0,0.0,1.0
235,0.0,1,118.0,0,236,0,False,2.0,1,0.0,[1 1],[1. 0.],0,0,[0.6 0.6],1.0,0.0,1.0
236,0.0,1,119.0,1,237,1,False,0.0,0,1.0,[1 1],[1. 0.],0,0,[0.6 0.6],1.0,0.0,1.0
237,1.0,1,119.0,0,238,0,False,1.0,1,0.0,[1 2],[1. 0.],1,0,[0.6 0.6],1.0,0.0,1.0
238,0.0,1,120.0,1,239,1,False,0.0,0,2.0,[1 2],[1. 0.],1,0,[0.6 0.6],1.0,0.0,1.0
239,1.0,1,120.0,0,240,0,False,2.0,1,0.0,[1 1],[1. 0.],1,0,[0.6 0.6],1.0,0.0,1.0
240,0.0,1,121.0,1,241,1,False,0.0,0,2.0,[1 1],[1. 0.],1,0,[0.6 0.6],1.0,0.0,1.0
241,1.0,1,121.0,0,242,0,False,2.0,1,0.0,[1 2],[1. 0.],1,0,[0.6 0.6],1.0,0.0,1.0
242,0.0,1,122.0,1,243,1,False,0.0,0,2.0,[1 2],[1. 0.],1,0,[0.6 0.6],1.0,0.0,1.0
243,1.0,1,122.0,0,244,0,False,2.0,1,0.0,[1 1],[1. 0.],0,0,[0.6 0.6],1.0,0.0,1.0
244,0.0,1,123.0,1,245,1,False,0.0,0,1.0,[1 1],[1. 0.],0,0,[0.6 0.6],1.0,0.0,1.0
245,1.0,1,123.0,0,246,0,False,1.0,1,0.0,[2 2],[1. 0.],1,0,[0.6 0.6],1.0,0.0,1.0
246,0.0,1,124.0,1,247,1,False,0.0,0,2.0,[2 2],[1. 0.],1,0,[0.6 0.6],1.0,0.0,1.0
247,0.0,1,124.0,0,248,0,False,2.0,1,0.0,[2 2],[1. 0.],0,0,[0.6 0.6],1.0,0.0,1.0
248,0.0,1,125.0,1,249,1,False,0.0,0,1.0,[2 2],[1. 0.],0,0,[0.6 0.6],1.0,0.0,1.0
249,0.0,1,125.0,0,250,0,False,1.0,1,0.0,[1 2],[1. 0.],1,0,[0.6 0.6],1.0,0.0,1.0
250,0.0,1,126.0,1,251,1,False,0.0,0,2.0,[1 2],[1. 0.],1,0,[0.6 0.6],1.0,0.0,1.0
251,1.0,1,126.0,0,252,0,False,2.0,1,0.0,[1 2],[1. 0.],0,0,[0.6 0.6],1.0,0.0,1.0
252,0.0,1,127.0,1,253,1,False,0.0,0,1.0,[1 2],[1. 0.],0,0,[0.6 0.6],1.0,0.0,1.0
253,1.0,1,127.0,0,254,0,False,1.0,1,0.0,[2 1],[1. 0.],0,0,[0.6 0.6],1.0,0.0,1.0
254,0.0,1,128.0,1,255,1,False,0.0,0,1.0,[2 1],[1. 0.],0,0,[0.6 0.6],1.0,0.0,1.0
255,0.0,1,128.0,0,256,0,False,1.0,1,0.0,[2 2],[1. 0.],0,0,[0.6 0.6],1.0,0.0,1.0
256,0.0,1,129.0,1,257,1,False,0.0,0,1.0,[2 2],[1. 0.],0,0,[0.6 0.6],1.0,0.0,1.0
257,0.0,1,129.0,0,258,0,False,1.0,1,0.0,[1 1],[1. 0.],0,0,[0.6 0.6],1.0,0.0,1.0
258,0.0,1,130.0,1,259,1,False,0.0,0,1.0,[1 1],[1. 0.],0,0,[0.6 0.6],1.0,0.0,1.0
259,1.0,1,130.0,0,260,0,False,1.0,1,0.0,[2 1],[1. 0.],0,0,[0.6 0.6],1.0,0.0,1.0
260,0.0,1,131.0,1,261,1,False,0.0,0,1.0,[2 1],[1. 0.],0,0,[0.6 0.6],1.0,0.0,1.0
261,0.0,1,131.0,0,262,0,False,1.0,1,0.0,[1 2],[1. 0.],0,0,[0.6 0.6],1.0,0.0,1.0
262,0.0,1,132.0,1,263,1,False,0.0,0,1.0,[1 2],[1. 0.],0,0,[0.6 0.6],1.0,0.0,1.0
263,1.0,1,132.0,0,264,0,False,1.0,1,0.0,[2 2],[1. 0.],0,0,[0.6 0.6],1.0,0.0,1.0
264,0.0,1,133.0,1,265,1,False,0.0,0,1.0,[2 2],[1. 0.],0,0,[0.6 0.6],1.0,0.0,1.0
265,0.0,1,133.0,0,266,0,False,1.0,1,0.0,[2 1],[1. 0.],0,0,[0.6 0.6],1.0,0.0,1.0
266,0.0,1,134.0,1,267,1,False,0.0,0,1.0,[2 1],[1. 0.],0,0,[0.6 0.6],1.0,0.0,1.0
267,0.0,1,134.0,0,268,0,False,1.0,1,0.0,[2 2],[1. 0.],0,0,[0.6 0.6],1.0,0.0,1.0
268,0.0,1,135.0,1,269,1,False,0.0,0,1.0,[2 2],[1. 0.],0,0,[0.6 0.6],1.0,0.0,1.0
269,0.0,1,135.0,0,270,0,False,1.0,1,0.0,[1 1],[1. 0.],0,0,[0.6 0.6],1.0,0.0,1.0
270,0.0,1,136.0,2,271,1,False,0.0,0,1.0,[1 1],[1. 0.],0,0,[0.6 0.6],1.0,0.0,1.0
271,1.0,1,136.0,0,272,0,False,1.0,1,0.0,[2 1],[1. 0.],1,0,[0.6 0.6],1.0,0.0,1.0
272,0.0,1,137.0,2,273,1,False,0.0,0,2.0,[2 1],[1. 0.],1,0,[0.6 0.6],1.0,0.0,1.0
273,1.0,1,137.0,0,274,0,False,2.0,1,0.0,[1 2],[1. 0.],1,0,[0.6 0.6],1.0,0.0,1.0
274,0.0,1,138.0,2,275,1,False,0.0,0,2.0,[1 2],[1. 0.],1,0,[0.6 0.6],1.0,0.0,1.0
275,0.0,1,138.0,0,276,0,False,2.0,1,0.0,[2 1],[1. 0.],0,0,[0.6 0.6],1.0,0.0,1.0
276,0.0,1,139.0,2,277,1,False,0.0,0,1.0,[2 1],[1. 0.],0,0,[0.6 0.6],1.0,0.0,1.0
277,1.0,1,139.0,0,278,0,False,1.0,1,0.0,[1 2],[1. 0.],1,0,[0.6 0.6],1.0,0.0,1.0
278,0.0,1,140.0,2,279,1,False,0.0,0,2.0,[1 2],[1. 0.],1,0,[0.6 0.6],1.0,0.0,1.0
279,0.0,1,140.0,0,280,0,False,2.0,1,0.0,[1 1],[1. 0.],0,0,[0.6 0.6],1.0,0.0,1.0
280,0.0,1,141.0,2,281,1,False,0.0,0,1.0,[1 1],[1. 0.],0,0,[0.6 0.6],1.0,0.0,1.0
281,1.0,1,141.0,0,282,0,False,1.0,1,0.0,[2 1],[1. 0.],1,0,[0.6 0.6],1.0,0.0,1.0
282,0.0,1,142.0,2,283,1,False,0.0,0,2.0,[2 1],[1. 0.],1,0,[0.6 0.6],1.0,0.0,1.0
283,1.0,1,142.0,0,284,0,False,2.0,1,0.0,[1 1],[1. 0.],1,0,[0.6 0.6],1.0,0.0,1.0
284,0.0,1,143.0,2,285,1,False,0.0,0,2.0,[1 1],[1. 0.],1,0,[0.6 0.6],1.0,0.0,1.0
285,1.0,1,143.0,0,286,0,False,2.0,1,0.0,[1 2],[1. 0.],0,0,[0.6 0.6],1.0,0.0,1.0
286,0.0,1,144.0,2,287,1,False,0.0,0,1.0,[1 2],[1. 0.],0,0,[0.6 0.6],1.0,0.0,1.0
287,0.0,1,144.0,0,288,0,False,1.0,1,0.0,[1 2],[1. 0.],1,0,[0.6 0.6],1.0,0.0,1.0
288,0.0,1,145.0,2,289,1,False,0.0,0,2.0,[1 2],[1. 0.],1,0,[0.6 0.6],1.0,0.0,1.0
289,0.0,1,145.0,0,290,0,False,2.0,1,0.0,[1 2],[1. 0.],1,0,[0.6 0.6],1.0,0.0,1.0
290,0.0,1,146.0,2,291,1,False,0.0,0,2.0,[1 2],[1. 0.],1,0,[0.6 0.6],1.0,0.0,1.0
291,0.0,1,146.0,0,292,0,False,2.0,1,0.0,[2 1],[1. 0.],0,0,[0.6 0.6],1.0,0.0,1.0
292,0.0,1,147.0,1,293,1,False,0.0,0,1.0,[2 1],[1. 0.],0,0,[0.6 0.6],1.0,0.0,1.0
293,0.0,1,147.0,0,294,0,False,1.0,1,0.0,[1 1],[1. 0.],1,0,[0.6 0.6],1.0,0.0,1.0
294,0.0,1,148.0,1,295,1,False,0.0,0,2.0,[1 1],[1. 0.],1,0,[0.6 0.6],1.0,0.0,1.0
295,1.0,1,148.0,0,296,0,False,2.0,1,0.0,[1 2],[1. 0.],0,0,[0.6 0.6],1.0,0.0,1.0
296,0.0,1,149.0,1,297,1,False,0.0,0,1.0,[1 2],[1. 0.],0,0,[0.6 0.6],1.0,0.0,1.0
297,1.0,1,149.0,0,298,0,False,1.0,1,0.0,[1 2],[1. 0.],0,0,[0.6 0.6],1.0,0.0,1.0
298,0.0,1,150.0,1,299,1,False,0.0,0,1.0,[1 2],[1. 0.],0,0,[0.6 0.6],1.0,0.0,1.0
299,1.0,1,150.0,0,300,0,False,1.0,1,0.0,[2 2],[1. 0.],0,0,[0.6 0.6],1.0,0.0,1.0
300,0.0,1,151.0,1,301,1,False,0.0,0,1.0,[2 2],[1. 0.],0,0,[0.6 0.6],1.0,0.0,1.0
301,0.0,1,151.0,0,302,0,False,1.0,1,0.0,[1 2],[1. 0.],1,0,[0.6 0.6],1.0,0.0,1.0
302,0.0,1,152.0,1,303,1,False,0.0,0,2.0,[1 2],[1. 0.],1,0,[0.6 0.6],1.0,0.0,1.0
303,1.0,1,152.0,0,304,0,False,2.0,1,0.0,[2 1],[1. 0.],1,0,[0.6 0.6],1.0,0.0,1.0
304,0.0,1,153.0,1,305,1,False,0.0,0,2.0,[2 1],[1. 0.],1,0,[0.6 0.6],1.0,0.0,1.0
305,0.0,1,153.0,0,306,0,False,2.0,1,0.0,[1 1],[1. 0.],1,0,[0.6 0.6],1.0,0.0,1.0
306,0.0,1,154.0,1,307,1,False,0.0,0,2.0,[1 1],[1. 0.],1,0,[0.6 0.6],1.0,0.0,1.0
307,1.0,1,154.0,0,308,0,False,2.0,1,0.0,[2 1],[1. 0.],1,0,[0.6 0.6],1.0,0.0,1.0
308,0.0,1,155.0,1,309,1,False,0.0,0,2.0,[2 1],[1. 0.],1,0,[0.6 0.6],1.0,0.0,1.0
309,0.0,1,155.0,0,310,0,False,2.0,1,0.0,[2 1],[1. 0.],0,0,[0.6 0.6],1.0,0.0,1.0
310,0.0,1,156.0,1,311,1,False,0.0,0,1.0,[2 1],[1. 0.],0,0,[0.6 0.6],1.0,0.0,1.0
311,0.0,1,156.0,0,312,0,False,1.0,1,0.0,[1 1],[1. 0.],0,0,[0.6 0.6],1.0,0.0,1.0
312,0.0,1,157.0,2,313,1,False,0.0,0,1.0,[1 1],[1. 0.],0,0,[0.6 0.6],1.0,0.0,1.0
313,1.0,1,157.0,0,314,0,False,1.0,1,0.0,[2 2],[1. 0.],0,0,[0.6 0.6],1.0,0.0,1.0
314,0.0,1,158.0,2,315,1,False,0.0,0,1.0,[2 2],[1. 0.],0,0,[0.6 0.6],1.0,0.0,1.0
315,0.0,1,158.0,0,316,0,False,1.0,1,0.0,[2 1],[1. 0.],0,0,[0.6 0.6],1.0,0.0,1.0
316,0.0,1,159.0,2,317,1,False,0.0,0,1.0,[2 1],[1. 0.],0,0,[0.6 0.6],1.0,0.0,1.0
317,1.0,1,159.0,0,318,0,False,1.0,1,0.0,[1 1],[1. 0.],0,0,[0.6 0.6],1.0,0.0,1.0
318,0.0,1,160.0,2,319,1,False,0.0,0,1.0,[1 1],[1. 0.],0,0,[0.6 0.6],1.0,0.0,1.0
319,1.0,1,160.0,0,320,0,False,1.0,1,0.0,[1 1],[1. 0.],0,0,[0.6 0.6],1.0,0.0,1.0
320,0.0,1,161.0,2,321,1,False,0.0,0,1.0,[1 1],[1. 0.],0,0,[0.6 0.6],1.0,0.0,1.0
321,1.0,1,161.0,0,322,0,False,1.0,1,0.0,[2 1],[1. 0.],1,0,[0.6 0.6],1.0,0.0,1.0
322,0.0,1,162.0,2,323,1,False,0.0,0,2.0,[2 1],[1. 0.],1,0,[0.6 0.6],1.0,0.0,1.0
323,1.0,1,162.0,0,324,0,False,2.0,1,0.0,[2 1],[1. 0.],1,0,[0.6 0.6],1.0,0.0,1.0
324,0.0,1,163.0,2,325,1,False,0.0,0,2.0,[2 1],[1. 0.],1,0,[0.6 0.6],1.0,0.0,1.0
325,1.0,1,163.0,0,326,0,False,2.0,1,0.0,[2 2],[1. 0.],0,0,[0.6 0.6],1.0,0.0,1.0
326,0.0,1,164.0,2,327,1,False,0.0,0,1.0,[2 2],[1. 0.],0,0,[0.6 0.6],1.0,0.0,1.0
327,0.0,1,164.0,0,328,0,False,1.0,1,0.0,[1 2],[1. 0.],1,0,[0.6 0.6],1.0,0.0,1.0
328,0.0,1,165.0,2,329,1,False,0.0,0,2.0,[1 2],[1. 0.],1,0,[0.6 0.6],1.0,0.0,1.0
329,0.0,1,165.0,0,330,0,False,2.0,1,0.0,[2 2],[1. 0.],1,0,[0.6 0.6],1.0,0.0,1.0
330,0.0,1,166.0,2,331,1,False,0.0,0,2.0,[2 2],[1. 0.],1,0,[0.6 0.6],1.0,0.0,1.0
331,0.0,1,166.0,0,332,0,False,2.0,1,0.0,[2 2],[1. 0.],0,0,[0.6 0.6],1.0,0.0,1.0
332,0.0,1,167.0,1,333,1,False,0.0,0,1.0,[2 2],[1. 0.],0,0,[0.6 0.6],1.0,0.0,1.0
333,0.0,1,167.0,0,334,0,False,1.0,1,0.0,[2 1],[1. 0.],0,0,[0.6 0.6],1.0,0.0,1.0
334,0.0,1,168.0,1,335,1,False,0.0,0,1.0,[2 1],[1. 0.],0,0,[0.6 0.6],1.0,0.0,1.0
335,0.0,1,168.0,0,336,0,False,1.0,1,0.0,[1 2],[1. 0.],1,0,[0.6 0.6],1.0,0.0,1.0
336,0.0,1,169.0,2,337,1,False,0.0,0,2.0,[1 2],[1. 0.],1,0,[0.6 0.6],1.0,0.0,1.0
337,0.0,1,169.0,0,338,0,False,2.0,1,0.0,[1 2],[1. 0.],0,0,[0.6 0.6],1.0,0.0,1.0
338,0.0,1,170.0,1,339,1,False,0.0,0,1.0,[1 2],[1. 0.],0,0,[0.6 0.6],1.0,0.0,1.0
339,1.0,1,170.0,0,340,0,False,1.0,1,0.0,[2 2],[1. 0.],0,0,[0.6 0.6],1.0,0.0,1.0
340,0.0,1,171.0,1,341,1,False,0.0,0,1.0,[2 2],[1. 0.],0,0,[0.6 0.6],1.0,0.0,1.0
341,0.0,1,171.0,0,342,0,False,1.0,1,0.0,[1 1],[1. 0.],0,0,[0.6 0.6],1.0,0.0,1.0
342,0.0,1,172.0,1,343,1,False,0.0,0,1.0,[1 1],[1. 0.],0,0,[0.6 0.6],1.0,0.0,1.0
343,1.0,1,172.0,0,344,0,False,1.0,1,0.0,[1 1],[1. 0.],1,0,[0.6 0.6],1.0,0.0,1.0
344,0.0,1,173.0,1,345,1,False,0.0,0,2.0,[1 1],[1. 0.],1,0,[0.6 0.6],1.0,0.0,1.0
345,1.0,1,173.0,0,346,0,False,2.0,1,0.0,[2 1],[1. 0.],1,0,[0.6 0.6],1.0,0.0,1.0
346,0.0,1,174.0,1,347,1,False,0.0,0,2.0,[2 1],[1. 0.],1,0,[0.6 0.6],1.0,0.0,1.0
347,0.0,1,174.0,0,348,0,False,2.0,1,0.0,[2 2],[1. 0.],0,0,[0.6 0.6],1.0,0.0,1.0
348,0.0,1,175.0,1,349,1,False,0.0,0,1.0,[2 2],[1. 0.],0,0,[0.6 0.6],1.0,0.0,1.0
349,0.0,1,175.0,0,350,0,False,1.0,1,0.0,[1 2],[1. 0.],1,0,[0.6 0.6],1.0,0.0,1.0
350,0.0,1,176.0,1,351,1,False,0.0,0,2.0,[1 2],[1. 0.],1,0,[0.6 0.6],1.0,0.0,1.0
351,1.0,1,176.0,0,352,0,False,2.0,1,0.0,[1 2],[1. 0.],0,0,[0.6 0.6],1.0,0.0,1.0
352,0.0,1,177.0,1,353,1,False,0.0,0,1.0,[1 2],[1. 0.],0,0,[0.6 0.6],1.0,0.0,1.0
353,1.0,1,177.0,0,354,0,False,1.0,1,0.0,[2 2],[1. 0.],1,0,[0.6 0.6],1.0,0.0,1.0
354,0.0,1,178.0,1,355,1,False,0.0,0,2.0,[2 2],[1. 0.],1,0,[0.6 0.6],1.0,0.0,1.0
355,0.0,1,178.0,0,356,0,False,2.0,1,0.0,[2 2],[1. 0.],1,0,[0.6 0.6],1.0,0.0,1.0
356,0.0,1,179.0,1,357,1,False,0.0,0,2.0,[2 2],[1. 0.],1,0,[0.6 0.6],1.0,0.0,1.0
357,0.0,1,179.0,0,358,0,False,2.0,1,0.0,[1 1],[1. 0.],1,0,[0.6 0.6],1.0,0.0,1.0
358,0.0,1,180.0,2,359,1,False,0.0,0,2.0,[1 1],[1. 0.],1,0,[0.6 0.6],1.0,0.0,1.0
359,1.0,1,180.0,0,360,0,False,2.0,1,0.0,[2 1],[1. 0.],0,0,[0.6 0.6],1.0,0.0,1.0
360,0.0,1,181.0,2,361,1,False,0.0,0,1.0,[2 1],[1. 0.],0,0,[0.6 0.6],1.0,0.0,1.0
361,1.0,1,181.0,0,362,0,False,1.0,1,0.0,[1 1],[1. 0.],1,0,[0.6 0.6],1.0,0.0,1.0
362,0.0,1,182.0,2,363,1,False,0.0,0,2.0,[1 1],[1. 0.],1,0,[0.6 0.6],1.0,0.0,1.0
363,1.0,1,182.0,0,364,0,False,2.0,1,0.0,[1 2],[1. 0.],1,0,[0.6 0.6],1.0,0.0,1.0
364,0.0,1,183.0,2,365,1,False,0.0,0,2.0,[1 2],[1. 0.],1,0,[0.6 0.6],1.0,0.0,1.0
365,0.0,1,183.0,0,366,0,False,2.0,1,0.0,[1 1],[1. 0.],0,0,[0.6 0.6],1.0,0.0,1.0
366,0.0,1,184.0,2,367,1,False,0.0,0,1.0,[1 1],[1. 0.],0,0,[0.6 0.6],1.0,0.0,1.0
367,1.0,1,184.0,0,368,0,False,1.0,1,0.0,[1 2],[1. 0.],1,0,[0.6 0.6],1.0,0.0,1.0
368,0.0,1,185.0,2,369,1,False,0.0,0,2.0,[1 2],[1. 0.],1,0,[0.6 0.6],1.0,0.0,1.0
369,0.0,1,185.0,0,370,0,False,2.0,1,0.0,[1 2],[1. 0.],0,0,[0.6 0.6],1.0,0.0,1.0
370,0.0,1,186.0,2,371,1,False,0.0,0,1.0,[1 2],[1. 0.],0,0,[0.6 0.6],1.0,0.0,1.0
371,0.0,1,186.0,0,372,0,False,1.0,1,0.0,[1 2],[1. 0.],1,0,[0.6 0.6],1.0,0.0,1.0
372,0.0,1,187.0,2,373,1,False,0.0,0,2.0,[1 2],[1. 0.],1,0,[0.6 0.6],1.0,0.0,1.0
373,0.0,1,187.0,0,374,0,False,2.0,1,0.0,[2 2],[1. 0.],0,0,[0.6 0.6],1.0,0.0,1.0
374,0.0,1,188.0,1,375,1,False,0.0,0,1.0,[2 2],[1. 0.],0,0,[0.6 0.6],1.0,0.0,1.0
375,0.0,1,188.0,0,376,0,False,1.0,1,0.0,[1 2],[1. 0.],1,0,[0.6 0.6],1.0,0.0,1.0
376,0.0,1,189.0,2,377,1,False,0.0,0,2.0,[1 2],[1. 0.],1,0,[0.6 0.6],1.0,0.0,1.0
377,0.0,1,189.0,0,378,0,False,2.0,1,0.0,[2 1],[1. 0.],0,0,[0.6 0.6],1.0,0.0,1.0
378,0.0,1,190.0,1,379,1,False,0.0,0,1.0,[2 1],[1. 0.],0,0,[0.6 0.6],1.0,0.0,1.0
379,0.0,1,190.0,0,380,0,False,1.0,1,0.0,[1 2],[1. 0.],0,0,[0.6 0.6],1.0,0.0,1.0
380,0.0,1,191.0,2,381,1,False,0.0,0,1.0,[1 2],[1. 0.],0,0,[0.6 0.6],1.0,0.0,1.0
381,0.0,1,191.0,0,382,0,False,1.0,1,0.0,[1 1],[1. 0.],0,0,[0.6 0.6],1.0,0.0,1.0
382,0.0,1,192.0,1,383,1,False,0.0,0,1.0,[1 1],[1. 0.],0,0,[0.6 0.6],1.0,0.0,1.0
383,1.0,1,192.0,0,384,0,False,1.0,1,0.0,[1 2],[1. 0.],0,0,[0.6 0.6],1.0,0.0,1.0
384,0.0,1,193.0,1,385,1,False,0.0,0,1.0,[1 2],[1. 0.],0,0,[0.6 0.6],1.0,0.0,1.0
385,1.0,1,193.0,0,386,0,False,1.0,1,0.0,[1 2],[1. 0.],1,0,[0.6 0.6],1.0,0.0,1.0
386,0.0,1,194.0,1,387,1,False,0.0,0,2.0,[1 2],[1. 0.],1,0,[0.6 0.6],1.0,0.0,1.0
387,1.0,1,194.0,0,388,0,False,2.0,1,0.0,[2 1],[1. 0.],1,0,[0.6 0.6],1.0,0.0,1.0
388,0.0,1,195.0,1,389,1,False,0.0,0,2.0,[2 1],[1. 0.],1,0,[0.6 0.6],1.0,0.0,1.0
389,0.0,1,195.0,0,390,0,False,2.0,1,0.0,[2 2],[1. 0.],0,0,[0.6 0.6],1.0,0.0,1.0
390,0.0,1,196.0,1,391,1,False,0.0,0,1.0,[2 2],[1. 0.],0,0,[0.6 0.6],1.0,0.0,1.0
391,0.0,1,196.0,0,392,0,False,1.0,1,0.0,[1 1],[1. 0.],1,0,[0.6 0.6],1.0,0.0,1.0
392,0.0,1,197.0,1,393,1,False,0.0,0,2.0,[1 1],[1. 0.],1,0,[0.6 0.6],1.0,0.0,1.0
393,1.0,1,197.0,0,394,0,False,2.0,1,0.0,[1 1],[1. 0.],0,0,[0.6 0.6],1.0,0.0,1.0
394,0.0,1,198.0,1,395,1,False,0.0,0,1.0,[1 1],[1. 0.],0,0,[0.6 0.6],1.0,0.0,1.0
395,1.0,1,198.0,0,396,0,False,1.0,1,0.0,[1 2],[1. 0.],0,0,[0.6 0.6],1.0,0.0,1.0
396,0.0,1,199.0,1,397,1,False,0.0,0,1.0,[1 2],[1. 0.],0,0,[0.6 0.6],1.0,0.0,1.0
397,1.0,1,199.0,0,398,0,False,1.0,1,0.0,[1 2],[1. 0.],1,0,[0.6 0.6],1.0,0.0,1.0
398,0.0,1,200.0,1,399,1,False,0.0,0,2.0,[1 2],[1. 0.],1,0,[0.6 0.6],1.0,0.0,1.0
399,1.0,1,200.0,0,400,0,False,2.0,1,0.0,[1 1],[1. 0.],0,0,[0.6 0.6],1.0,0.0,1.0
400,0.0,1,201.0,1,401,1,False,0.0,0,1.0,[1 1],[1. 0.],0,0,[0.6 0.6],1.0,0.0,1.0
401,1.0,1,201.0,0,402,0,False,1.0,1,0.0,[1 2],[1. 0.],0,0,[0.6 0.6],1.0,0.0,1.0
402,0.0,1,202.0,1,403,1,False,0.0,0,1.0,[1 2],[1. 0.],0,0,[0.6 0.6],1.0,0.0,1.0
403,1.0,1,202.0,0,404,0,False,1.0,1,0.0,[2 2],[1. 0.],1,0,[0.6 0.6],1.0,0.0,1.0
404,0.0,1,203.0,1,405,1,False,0.0,0,2.0,[2 2],[1. 0.],1,0,[0.6 0.6],1.0,0.0,1.0
405,0.0,1,203.0,0,406,0,False,2.0,1,0.0,[1 2],[1. 0.],0,0,[0.6 0.6],1.0,0.0,1.0
406,0.0,1,204.0,1,407,1,False,0.0,0,1.0,[1 2],[1. 0.],0,0,[0.6 0.6],1.0,0.0,1.0
407,1.0,1,204.0,0,408,0,False,1.0,1,0.0,[2 1],[1. 0.],1,0,[0.6 0.6],1.0,0.0,1.0
408,0.0,1,205.0,1,409,1,False,0.0,0,2.0,[2 1],[1. 0.],1,0,[0.6 0.6],1.0,0.0,1.0
409,0.0,1,205.0,0,410,0,False,2.0,1,0.0,[1 2],[1. 0.],1,0,[0.6 0.6],1.0,0.0,1.0
410,0.0,1,206.0,1,411,1,False,0.0,0,2.0,[1 2],[1. 0.],1,0,[0.6 0.6],1.0,0.0,1.0
411,1.0,1,206.0,0,412,0,False,2.0,1,0.0,[2 2],[1. 0.],0,0,[0.6 0.6],1.0,0.0,1.0
412,0.0,1,207.0,1,413,1,False,0.0,0,1.0,[2 2],[1. 0.],0,0,[0.6 0.6],1.0,0.0,1.0
413,0.0,1,207.0,0,414,0,False,1.0,1,0.0,[1 1],[1. 0.],0,0,[0.6 0.6],1.0,0.0,1.0
414,0.0,1,208.0,1,415,1,False,0.0,0,1.0,[1 1],[1. 0.],0,0,[0.6 0.6],1.0,0.0,1.0
415,1.0,1,208.0,0,416,0,False,1.0,1,0.0,[1 2],[1. 0.],1,0,[0.6 0.6],1.0,0.0,1.0
416,0.0,1,209.0,1,417,1,False,0.0,0,2.0,[1 2],[1. 0.],1,0,[0.6 0.6],1.0,0.0,1.0
417,1.0,1,209.0,0,418,0,False,2.0,1,0.0,[2 1],[1. 0.],1,0,[0.6 0.6],1.0,0.0,1.0
418,0.0,1,210.0,1,419,1,False,0.0,0,2.0,[2 1],[1. 0.],1,0,[0.6 0.6],1.0,0.0,1.0
419,0.0,1,210.0,0,420,0,False,2.0,1,0.0,[1 2],[1. 0.],0,0,[0.6 0.6],1.0,0.0,1.0
420,0.0,1,211.0,1,421,1,False,0.0,0,1.0,[1 2],[1. 0.],0,0,[0.6 0.6],1.0,0.0,1.0
421,1.0,1,211.0,0,422,0,False,1.0,1,0.0,[1 2],[1. 0.],1,0,[0.6 0.6],1.0,0.0,1.0
422,0.0,1,212.0,1,423,1,False,0.0,0,2.0,[1 2],[1. 0.],1,0,[0.6 0.6],1.0,0.0,1.0
423,1.0,1,212.0,0,424,0,False,2.0,1,0.0,[1 2],[1. 0.],0,0,[0.6 0.6],1.0,0.0,1.0
424,0.0,1,213.0,1,425,1,False,0.0,0,1.0,[1 2],[1. 0.],0,0,[0.6 0.6],1.0,0.0,1.0
425,1.0,1,213.0,0,426,0,False,1.0,1,0.0,[1 1],[1. 0.],1,0,[0.6 0.6],1.0,0.0,1.0
426,0.0,1,214.0,1,427,1,False,0.0,0,2.0,[1 1],[1. 0.],1,0,[0.6 0.6],1.0,0.0,1.0
427,1.0,1,214.0,0,428,0,False,2.0,1,0.0,[1 2],[1. 0.],1,0,[0.6 0.6],1.0,0.0,1.0
428,0.0,1,215.0,1,429,1,False,0.0,0,2.0,[1 2],[1. 0.],1,0,[0.6 0.6],1.0,0.0,1.0
429,1.0,1,215.0,0,430,0,False,2.0,1,0.0,[2 2],[1. 0.],1,0,[0.6 0.6],1.0,0.0,1.0
430,0.0,1,216.0,1,431,1,False,0.0,0,2.0,[2 2],[1. 0.],1,0,[0.6 0.6],1.0,0.0,1.0
431,0.0,1,216.0,0,432,0,False,2.0,1,0.0,[1 2],[1. 0.],1,0,[0.6 0.6],1.0,0.0,1.0
432,0.0,1,217.0,1,433,1,False,0.0,0,2.0,[1 2],[1. 0.],1,0,[0.6 0.6],1.0,0.0,1.0
433,1.0,1,217.0,0,434,0,False,2.0,1,0.0,[1 2],[1. 0.],0,0,[0.6 0.6],1.0,0.0,1.0
434,0.0,1,218.0,1,435,1,False,0.0,0,1.0,[1 2],[1. 0.],0,0,[0.6 0.6],1.0,0.0,1.0
435,1.0,1,218.0,0,436,0,False,1.0,1,0.0,[2 2],[1. 0.],0,0,[0.6 0.6],1.0,0.0,1.0
436,0.0,1,219.0,1,437,1,False,0.0,0,1.0,[2 2],[1. 0.],0,0,[0.6 0.6],1.0,0.0,1.0
437,0.0,1,219.0,0,438,0,False,1.0,1,0.0,[2 1],[1. 0.],1,0,[0.6 0.6],1.0,0.0,1.0
438,0.0,1,220.0,1,439,1,False,0.0,0,2.0,[2 1],[1. 0.],1,0,[0.6 0.6],1.0,0.0,1.0
439,0.0,1,220.0,0,440,0,False,2.0,1,0.0,[2 1],[1. 0.],1,0,[0.6 0.6],1.0,0.0,1.0
440,0.0,1,221.0,1,441,1,False,0.0,0,2.0,[2 1],[1. 0.],1,0,[0.6 0.6],1.0,0.0,1.0
441,0.0,1,221.0,0,442,0,False,2.0,1,0.0,[2 1],[1. 0.],1,0,[0.6 0.6],1.0,0.0,1.0
442,0.0,1,222.0,2,443,1,False,0.0,0,2.0,[2 1],[1. 0.],1,0,[0.6 0.6],1.0,0.0,1.0
443,1.0,1,222.0,0,444,0,False,2.0,1,0.0,[2 1],[1. 0.],0,0,[0.6 0.6],1.0,0.0,1.0
444,0.0,1,223.0,2,445,1,False,0.0,0,1.0,[2 1],[1. 0.],0,0,[0.6 0.6],1.0,0.0,1.0
445,1.0,1,223.0,0,446,0,False,1.0,1,0.0,[2 1],[1. 0.],1,0,[0.6 0.6],1.0,0.0,1.0
446,0.0,1,224.0,2,447,1,False,0.0,0,2.0,[2 1],[1. 0.],1,0,[0.6 0.6],1.0,0.0,1.0
447,1.0,1,224.0,0,448,0,False,2.0,1,0.0,[1 2],[1. 0.],1,0,[0.6 0.6],1.0,0.0,1.0
448,0.0,1,225.0,2,449,1,False,0.0,0,2.0,[1 2],[1. 0.],1,0,[0.6 0.6],1.0,0.0,1.0
449,0.0,1,225.0,0,450,0,False,2.0,1,0.0,[2 1],[1. 0.],1,0,[0.6 0.6],1.0,0.0,1.0
450,0.0,1,226.0,2,451,1,False,0.0,0,2.0,[2 1],[1. 0.],1,0,[0.6 0.6],1.0,0.0,1.0
451,1.0,1,226.0,0,452,0,False,2.0,1,0.0,[2 2],[1. 0.],0,0,[0.6 0.6],1.0,0.0,1.0
452,0.0,1,227.0,2,453,1,False,0.0,0,1.0,[2 2],[1. 0.],0,0,[0.6 0.6],1.0,0.0,1.0
453,0.0,1,227.0,0,454,0,False,1.0,1,0.0,[2 1],[1. 0.],1,0,[0.6 0.6],1.0,0.0,1.0
454,0.0,1,228.0,2,455,1,False,0.0,0,2.0,[2 1],[1. 0.],1,0,[0.6 0.6],1.0,0.0,1.0
455,1.0,1,228.0,0,456,0,False,2.0,1,0.0,[2 1],[1. 0.],1,0,[0.6 0.6],1.0,0.0,1.0
456,0.0,1,229.0,2,457,1,False,0.0,0,2.0,[2 1],[1. 0.],1,0,[0.6 0.6],1.0,0.0,1.0
457,1.0,1,229.0,0,458,0,False,2.0,1,0.0,[1 2],[1. 0.],1,0,[0.6 0.6],1.0,0.0,1.0
458,0.0,1,230.0,2,459,1,False,0.0,0,2.0,[1 2],[1. 0.],1,0,[0.6 0.6],1.0,0.0,1.0
459,0.0,1,230.0,0,460,0,False,2.0,1,0.0,[2 2],[1. 0.],0,0,[0.6 0.6],1.0,0.0,1.0
460,0.0,1,231.0,2,461,1,False,0.0,0,1.0,[2 2],[1. 0.],0,0,[0.6 0.6],1.0,0.0,1.0
461,0.0,1,231.0,0,462,0,False,1.0,1,0.0,[1 1],[1. 0.],1,0,[0.6 0.6],1.0,0.0,1.0
462,0.0,1,232.0,2,463,1,False,0.0,0,2.0,[1 1],[1. 0.],1,0,[0.6 0.6],1.0,0.0,1.0
463,1.0,1,232.0,0,464,0,False,2.0,1,0.0,[2 2],[1. 0.],1,0,[0.6 0.6],1.0,0.0,1.0
464,0.0,1,233.0,2,465,1,False,0.0,0,2.0,[2 2],[1. 0.],1,0,[0.6 0.6],1.0,0.0,1.0
465,0.0,1,233.0,0,466,0,False,2.0,1,0.0,[2 1],[1. 0.],0,0,[0.6 0.6],1.0,0.0,1.0
466,0.0,1,234.0,1,467,1,False,0.0,0,1.0,[2 1],[1. 0.],0,0,[0.6 0.6],1.0,0.0,1.0
467,0.0,1,234.0,0,468,0,False,1.0,1,0.0,[1 2],[1. 0.],0,0,[0.6 0.6],1.0,0.0,1.0
468,0.0,1,235.0,2,469,1,False,0.0,0,1.0,[1 2],[1. 0.],0,0,[0.6 0.6],1.0,0.0,1.0
469,0.0,1,235.0,0,470,0,False,1.0,1,0.0,[1 1],[1. 0.],0,0,[0.6 0.6],1.0,0.0,1.0
470,0.0,1,236.0,1,471,1,False,0.0,0,1.0,[1 1],[1. 0.],0,0,[0.6 0.6],1.0,0.0,1.0
471,1.0,1,236.0,0,472,0,False,1.0,1,0.0,[1 2],[1. 0.],1,0,[0.6 0.6],1.0,0.0,1.0
472,0.0,1,237.0,1,473,1,False,0.0,0,2.0,[1 2],[1. 0.],1,0,[0.6 0.6],1.0,0.0,1.0
473,1.0,1,237.0,0,474,0,False,2.0,1,0.0,[2 2],[1. 0.],0,0,[0.6 0.6],1.0,0.0,1.0
474,0.0,1,238.0,1,475,1,False,0.0,0,1.0,[2 2],[1. 0.],0,0,[0.6 0.6],1.0,0.0,1.0
475,0.0,1,238.0,0,476,0,False,1.0,1,0.0,[2 2],[1. 0.],0,0,[0.6 0.6],1.0,0.0,1.0
476,0.0,1,239.0,1,477,1,False,0.0,0,1.0,[2 2],[1. 0.],0,0,[0.6 0.6],1.0,0.0,1.0
477,0.0,1,239.0,0,478,0,False,1.0,1,0.0,[1 2],[1. 0.],0,0,[0.6 0.6],1.0,0.0,1.0
478,0.0,1,240.0,1,479,1,False,0.0,0,1.0,[1 2],[1. 0.],0,0,[0.6 0.6],1.0,0.0,1.0
479,1.0,1,240.0,0,480,0,False,1.0,1,0.0,[2 1],[1. 0.],0,0,[0.6 0.6],1.0,0.0,1.0
480,0.0,1,241.0,1,481,1,False,0.0,0,1.0,[2 1],[1. 0.],0,0,[0.6 0.6],1.0,0.0,1.0
481,0.0,1,241.0,0,482,0,False,1.0,1,0.0,[1 2],[1. 0.],0,0,[0.6 0.6],1.0,0.0,1.0
482,0.0,1,242.0,1,483,1,False,0.0,0,1.0,[1 2],[1. 0.],0,0,[0.6 0.6],1.0,0.0,1.0
483,1.0,1,242.0,0,484,0,False,1.0,1,0.0,[2 1],[1. 0.],0,0,[0.6 0.6],1.0,0.0,1.0
484,0.0,1,243.0,1,485,1,False,0.0,0,1.0,[2 1],[1. 0.],0,0,[0.6 0.6],1.0,0.0,1.0
485,0.0,1,243.0,0,486,0,False,1.0,1,0.0,[2 1],[1. 0.],1,0,[0.6 0.6],1.0,0.0,1.0
486,0.0,1,244.0,1,487,1,False,0.0,0,2.0,[2 1],[1. 0.],1,0,[0.6 0.6],1.0,0.0,1.0
487,0.0,1,244.0,0,488,0,False,2.0,1,0.0,[1 1],[1. 0.],0,0,[0.6 0.6],1.0,0.0,1.0
488,0.0,1,245.0,2,489,1,False,0.0,0,1.0,[1 1],[1. 0.],0,0,[0.6 0.6],1.0,0.0,1.0
489,1.0,1,245.0,0,490,0,False,1.0,1,0.0,[2 1],[1. 0.],0,0,[0.6 0.6],1.0,0.0,1.0
490,0.0,1,246.0,2,491,1,False,0.0,0,1.0,[2 1],[1. 0.],0,0,[0.6 0.6],1.0,0.0,1.0
491,1.0,1,246.0,0,492,0,False,1.0,1,0.0,[2 1],[1. 0.],1,0,[0.6 0.6],1.0,0.0,1.0
492,0.0,1,247.0,2,493,1,False,0.0,0,2.0,[2 1],[1. 0.],1,0,[0.6 0.6],1.0,0.0,1.0
493,1.0,1,247.0,0,494,0,False,2.0,1,0.0,[2 2],[1. 0.],1,0,[0.6 0.6],1.0,0.0,1.0
494,0.0,1,248.0,2,495,1,False,0.0,0,2.0,[2 2],[1. 0.],1,0,[0.6 0.6],1.0,0.0,1.0
495,0.0,1,248.0,0,496,0,False,2.0,1,0.0,[2 1],[1. 0.],0,0,[0.6 0.6],1.0,0.0,1.0
496,0.0,1,249.0,2,497,1,False,0.0,0,1.0,[2 1],[1. 0.],0,0,[0.6 0.6],1.0,0.0,1.0
497,1.0,1,249.0,0,498,0,False,1.0,1,0.0,[1 2],[1. 0.],1,0,[0.6 0.6],1.0,0.0,1.0
498,0.0,1,250.0,2,499,1,False,0.0,0,2.0,[1 2],[1. 0.],1,0,[0.6 0.6],1.0,0.0,1.0
499,0.0,1,250.0,0,500,0,False,2.0,1,0.0,[2 2],[1. 0.],1,0,[0.6 0.6],1.0,0.0,1.0
500,0.0,1,251.0,2,501,1,False,0.0,0,2.0,[2 2],[1. 0.],1,0,[0.6 0.6],1.0,0.0,1.0
501,0.0,1,251.0,0,502,0,False,2.0,1,0.0,[1 1],[1. 0.],1,0,[0.6 0.6],1.0,0.0,1.0
502,0.0,1,252.0,2,503,1,False,0.0,0,2.0,[1 1],[1. 0.],1,0,[0.6 0.6],1.0,0.0,1.0
503,1.0,1,252.0,0,504,0,False,2.0,1,0.0,[1 2],[1. 0.],1,0,[0.6 0.6],1.0,0.0,1.0
504,0.0,1,253.0,2,505,1,False,0.0,0,2.0,[1 2],[1. 0.],1,0,[0.6 0.6],1.0,0.0,1.0
505,0.0,1,253.0,0,506,0,False,2.0,1,0.0,[2 1],[1. 0.],1,0,[0.6 0.6],1.0,0.0,1.0
506,0.0,1,254.0,1,507,1,False,0.0,0,2.0,[2 1],[1. 0.],1,0,[0.6 0.6],1.0,0.0,1.0
507,0.0,1,254.0,0,508,0,False,2.0,1,0.0,[1 1],[1. 0.],0,0,[0.6 0.6],1.0,0.0,1.0
508,0.0,1,255.0,2,509,1,False,0.0,0,1.0,[1 1],[1. 0.],0,0,[0.6 0.6],1.0,0.0,1.0
509,1.0,1,255.0,0,510,0,False,1.0,1,0.0,[1 1],[1. 0.],1,0,[0.6 0.6],1.0,0.0,1.0
510,0.0,1,256.0,2,511,1,False,0.0,0,2.0,[1 1],[1. 0.],1,0,[0.6 0.6],1.0,0.0,1.0
511,1.0,1,256.0,0,512,0,False,2.0,1,0.0,[1 2],[1. 0.],1,0,[0.6 0.6],1.0,0.0,1.0
512,0.0,1,257.0,2,513,1,False,0.0,0,2.0,[1 2],[1. 0.],1,0,[0.6 0.6],1.0,0.0,1.0
513,0.0,1,257.0,0,514,0,False,2.0,1,0.0,[2 1],[1. 0.],0,0,[0.6 0.6],1.0,0.0,1.0
514,0.0,1,258.0,2,515,1,False,0.0,0,1.0,[2 1],[1. 0.],0,0,[0.6 0.6],1.0,0.0,1.0
515,1.0,1,258.0,0,516,0,False,1.0,1,0.0,[2 1],[1. 0.],1,0,[0.6 0.6],1.0,0.0,1.0
516,0.0,1,259.0,2,517,1,False,0.0,0,2.0,[2 1],[1. 0.],1,0,[0.6 0.6],1.0,0.0,1.0
517,1.0,1,259.0,0,518,0,False,2.0,1,0.0,[1 1],[1. 0.],1,0,[0.6 0.6],1.0,0.0,1.0
518,0.0,1,260.0,2,519,1,False,0.0,0,2.0,[1 1],[1. 0.],1,0,[0.6 0.6],1.0,0.0,1.0
519,1.0,1,260.0,0,520,0,False,2.0,1,0.0,[1 2],[1. 0.],1,0,[0.6 0.6],1.0,0.0,1.0
520,0.0,1,261.0,2,521,1,False,0.0,0,2.0,[1 2],[1. 0.],1,0,[0.6 0.6],1.0,0.0,1.0
521,0.0,1,261.0,0,522,0,False,2.0,1,0.0,[2 2],[1. 0.],0,0,[0.6 0.6],1.0,0.0,1.0
522,0.0,1,262.0,2,523,1,False,0.0,0,1.0,[2 2],[1. 0.],0,0,[0.6 0.6],1.0,0.0,1.0
523,0.0,1,262.0,0,524,0,False,1.0,1,0.0,[1 1],[1. 0.],1,0,[0.6 0.6],1.0,0.0,1.0
524,0.0,1,263.0,2,525,1,False,0.0,0,2.0,[1 1],[1. 0.],1,0,[0.6 0.6],1.0,0.0,1.0
525,1.0,1,263.0,0,526,0,False,2.0,1,0.0,[2 1],[1. 0.],0,0,[0.6 0.6],1.0,0.0,1.0
526,0.0,1,264.0,2,527,1,False,0.0,0,1.0,[2 1],[1. 0.],0,0,[0.6 0.6],1.0,0.0,1.0
527,1.0,1,264.0,0,528,0,False,1.0,1,0.0,[1 1],[1. 0.],0,0,[0.6 0.6],1.0,0.0,1.0
528,0.0,1,265.0,2,529,1,False,0.0,0,1.0,[1 1],[1. 0.],0,0,[0.6 0.6],1.0,0.0,1.0
529,1.0,1,265.0,0,530,0,False,1.0,1,0.0,[2 1],[1. 0.],0,0,[0.6 0.6],1.0,0.0,1.0
530,0.0,1,266.0,2,531,1,False,0.0,0,1.0,[2 1],[1. 0.],0,0,[0.6 0.6],1.0,0.0,1.0
531,1.0,1,266.0,0,532,0,False,1.0,1,0.0,[2 1],[1. 0.],0,0,[0.6 0.6],1.0,0.0,1.0
532,0.0,1,267.0,2,533,1,False,0.0,0,1.0,[2 1],[1. 0.],0,0,[0.6 0.6],1.0,0.0,1.0
533,1.0,1,267.0,0,534,0,False,1.0,1,0.0,[1 2],[1. 0.],0,0,[0.6 0.6],1.0,0.0,1.0
534,0.0,1,268.0,2,535,1,False,0.0,0,1.0,[1 2],[1. 0.],0,0,[0.6 0.6],1.0,0.0,1.0
535,0.0,1,268.0,0,536,0,False,1.0,1,0.0,[1 1],[1. 0.],1,0,[0.6 0.6],1.0,0.0,1.0
536,0.0,1,269.0,2,537,1,False,0.0,0,2.0,[1 1],[1. 0.],1,0,[0.6 0.6],1.0,0.0,1.0
537,1.0,1,269.0,0,538,0,False,2.0,1,0.0,[1 2],[1. 0.],0,0,[0.6 0.6],1.0,0.0,1.0
538,0.0,1,270.0,2,539,1,False,0.0,0,1.0,[1 2],[1. 0.],0,0,[0.6 0.6],1.0,0.0,1.0
539,0.0,1,270.0,0,540,0,False,1.0,1,0.0,[2 1],[1. 0.],1,0,[0.6 0.6],1.0,0.0,1.0
540,0.0,1,271.0,2,541,1,False,0.0,0,2.0,[2 1],[1. 0.],1,0,[0.6 0.6],1.0,0.0,1.0
541,1.0,1,271.0,0,542,0,False,2.0,1,0.0,[1 1],[1. 0.],0,0,[0.6 0.6],1.0,0.0,1.0
542,0.0,1,272.0,2,543,1,False,0.0,0,1.0,[1 1],[1. 0.],0,0,[0.6 0.6],1.0,0.0,1.0
543,1.0,1,272.0,0,544,0,False,1.0,1,0.0,[2 1],[1. 0.],0,0,[0.6 0.6],1.0,0.0,1.0
544,0.0,1,273.0,2,545,1,False,0.0,0,1.0,[2 1],[1. 0.],0,0,[0.6 0.6],1.0,0.0,1.0
545,1.0,1,273.0,0,546,0,False,1.0,1,0.0,[2 2],[1. 0.],0,0,[0.6 0.6],1.0,0.0,1.0
546,0.0,1,274.0,2,547,1,False,0.0,0,1.0,[2 2],[1. 0.],0,0,[0.6 0.6],1.0,0.0,1.0
547,0.0,1,274.0,0,548,0,False,1.0,1,0.0,[1 1],[1. 0.],0,0,[0.6 0.6],1.0,0.0,1.0
548,0.0,1,275.0,2,549,1,False,0.0,0,1.0,[1 1],[1. 0.],0,0,[0.6 0.6],1.0,0.0,1.0
549,1.0,1,275.0,0,550,0,False,1.0,1,0.0,[2 2],[1. 0.],1,0,[0.6 0.6],1.0,0.0,1.0
550,0.0,1,276.0,2,551,1,False,0.0,0,2.0,[2 2],[1. 0.],1,0,[0.6 0.6],1.0,0.0,1.0
551,0.0,1,276.0,0,552,0,False,2.0,1,0.0,[1 2],[1. 0.],0,0,[0.6 0.6],1.0,0.0,1.0
552,0.0,1,277.0,2,553,1,False,0.0,0,1.0,[1 2],[1. 0.],0,0,[0.6 0.6],1.0,0.0,1.0
553,0.0,1,277.0,0,554,0,False,1.0,1,0.0,[1 2],[1. 0.],0,0,[0.6 0.6],1.0,0.0,1.0
554,0.0,1,278.0,2,555,1,False,0.0,0,1.0,[1 2],[1. 0.],0,0,[0.6 0.6],1.0,0.0,1.0
555,0.0,1,278.0,0,556,0,False,1.0,1,0.0,[2 2],[1. 0.],1,0,[0.6 0.6],1.0,0.0,1.0
556,0.0,1,279.0,2,557,1,False,0.0,0,2.0,[2 2],[1. 0.],1,0,[0.6 0.6],1.0,0.0,1.0
557,0.0,1,279.0,0,558,0,False,2.0,1,0.0,[1 2],[1. 0.],0,0,[0.6 0.6],1.0,0.0,1.0
558,0.0,1,280.0,1,559,1,False,0.0,0,1.0,[1 2],[1. 0.],0,0,[0.6 0.6],1.0,0.0,1.0
559,1.0,1,280.0,0,560,0,False,1.0,1,0.0,[2 1],[1. 0.],1,0,[0.6 0.6],1.0,0.0,1.0
560,0.0,1,281.0,1,561,1,False,0.0,0,2.0,[2 1],[1. 0.],1,0,[0.6 0.6],1.0,0.0,1.0
561,0.0,1,281.0,0,562,0,False,2.0,1,0.0,[1 2],[1. 0.],0,0,[0.6 0.6],1.0,0.0,1.0
562,0.0,1,282.0,1,563,1,False,0.0,0,1.0,[1 2],[1. 0.],0,0,[0.6 0.6],1.0,0.0,1.0
563,1.0,1,282.0,0,564,0,False,1.0,1,0.0,[1 1],[1. 0.],0,0,[0.6 0.6],1.0,0.0,1.0
564,0.0,1,283.0,1,565,1,False,0.0,0,1.0,[1 1],[1. 0.],0,0,[0.6 0.6],1.0,0.0,1.0
565,1.0,1,283.0,0,566,0,False,1.0,1,0.0,[2 1],[1. 0.],0,0,[0.6 0.6],1.0,0.0,1.0
566,0.0,1,284.0,1,567,1,False,0.0,0,1.0,[2 1],[1. 0.],0,0,[0.6 0.6],1.0,0.0,1.0
567,0.0,1,284.0,0,568,0,False,1.0,1,0.0,[2 2],[1. 0.],0,0,[0.6 0.6],1.0,0.0,1.0
568,0.0,1,285.0,1,569,1,False,0.0,0,1.0,[2 2],[1. 0.],0,0,[0.6 0.6],1.0,0.0,1.0
569,0.0,1,285.0,0,570,0,False,1.0,1,0.0,[2 2],[1. 0.],0,0,[0.6 0.6],1.0,0.0,1.0
570,0.0,1,286.0,1,571,1,False,0.0,0,1.0,[2 2],[1. 0.],0,0,[0.6 0.6],1.0,0.0,1.0
571,0.0,1,286.0,0,572,0,False,1.0,1,0.0,[2 2],[1. 0.],1,0,[0.6 0.6],1.0,0.0,1.0
572,0.0,1,287.0,1,573,1,False,0.0,0,2.0,[2 2],[1. 0.],1,0,[0.6 0.6],1.0,0.0,1.0
573,0.0,1,287.0,0,574,0,False,2.0,1,0.0,[1 1],[1. 0.],1,0,[0.6 0.6],1.0,0.0,1.0
574,0.0,1,288.0,2,575,1,False,0.0,0,2.0,[1 1],[1. 0.],1,0,[0.6 0.6],1.0,0.0,1.0
575,1.0,1,288.0,0,576,0,False,2.0,1,0.0,[2 1],[1. 0.],0,0,[0.6 0.6],1.0,0.0,1.0
576,0.0,1,289.0,2,577,1,False,0.0,0,1.0,[2 1],[1. 0.],0,0,[0.6 0.6],1.0,0.0,1.0
577,1.0,1,289.0,0,578,0,False,1.0,1,0.0,[1 2],[1. 0.],1,0,[0.6 0.6],1.0,0.0,1.0
578,0.0,1,290.0,2,579,1,False,0.0,0,2.0,[1 2],[1. 0.],1,0,[0.6 0.6],1.0,0.0,1.0
579,0.0,1,290.0,0,580,0,False,2.0,1,0.0,[2 1],[1. 0.],1,0,[0.6 0.6],1.0,0.0,1.0
580,0.0,1,291.0,2,581,1,False,0.0,0,2.0,[2 1],[1. 0.],1,0,[0.6 0.6],1.0,0.0,1.0
581,1.0,1,291.0,0,582,0,False,2.0,1,0.0,[1 1],[1. 0.],1,0,[0.6 0.6],1.0,0.0,1.0
582,0.0,1,292.0,2,583,1,False,0.0,0,2.0,[1 1],[1. 0.],1,0,[0.6 0.6],1.0,0.0,1.0
583,1.0,1,292.0,0,584,0,False,2.0,1,0.0,[1 1],[1. 0.],1,0,[0.6 0.6],1.0,0.0,1.0
584,0.0,1,293.0,2,585,1,False,0.0,0,2.0,[1 1],[1. 0.],1,0,[0.6 0.6],1.0,0.0,1.0
585,1.0,1,293.0,0,586,0,False,2.0,1,0.0,[2 1],[1. 0.],0,0,[0.6 0.6],1.0,0.0,1.0
586,0.0,1,294.0,2,587,1,False,0.0,0,1.0,[2 1],[1. 0.],0,0,[0.6 0.6],1.0,0.0,1.0
587,1.0,1,294.0,0,588,0,False,1.0,1,0.0,[2 1],[1. 0.],0,0,[0.6 0.6],1.0,0.0,1.0
588,0.0,1,295.0,2,589,1,False,0.0,0,1.0,[2 1],[1. 0.],0,0,[0.6 0.6],1.0,0.0,1.0
589,1.0,1,295.0,0,590,0,False,1.0,1,0.0,[2 1],[1. 0.],1,0,[0.6 0.6],1.0,0.0,1.0
590,0.0,1,296.0,2,591,1,False,0.0,0,2.0,[2 1],[1. 0.],1,0,[0.6 0.6],1.0,0.0,1.0
591,1.0,1,296.0,0,592,0,False,2.0,1,0.0,[2 1],[1. 0.],0,0,[0.6 0.6],1.0,0.0,1.0
592,0.0,1,297.0,2,593,1,False,0.0,0,1.0,[2 1],[1. 0.],0,0,[0.6 0.6],1.0,0.0,1.0
593,1.0,1,297.0,0,594,0,False,1.0,1,0.0,[2 1],[1. 0.],1,0,[0.6 0.6],1.0,0.0,1.0
594,0.0,1,298.0,2,595,1,False,0.0,0,2.0,[2 1],[1. 0.],1,0,[0.6 0.6],1.0,0.0,1.0
595,1.0,1,298.0,0,596,0,False,2.0,1,0.0,[2 2],[1. 0.],0,0,[0.6 0.6],1.0,0.0,1.0
596,0.0,1,299.0,2,597,1,False,0.0,0,1.0,[2 2],[1. 0.],0,0,[0.6 0.6],1.0,0.0,1.0
597,0.0,1,299.0,0,598,0,False,1.0,1,0.0,[2 1],[1. 0.],0,0,[0.6 0.6],1.0,0.0,1.0
598,0.0,1,300.0,2,599,1,False,0.0,0,1.0,[2 1],[1. 0.],0,0,[0.6 0.6],1.0,0.0,1.0
599,1.0,1,300.0,0,600,0,False,1.0,1,0.0,[1 1],[1. 0.],0,0,[0.6 0.6],1.0,0.0,1.0
600,0.0,1,301.0,2,601,1,False,0.0,0,1.0,[1 1],[1. 0.],0,0,[0.6 0.6],1.0,0.0,1.0
601,1.0,1,301.0,0,602,0,False,1.0,1,0.0,[2 2],[1. 0.],1,0,[0.6 0.6],1.0,0.0,1.0
602,0.0,1,302.0,2,603,1,False,0.0,0,2.0,[2 2],[1. 0.],1,0,[0.6 0.6],1.0,0.0,1.0
603,0.0,1,302.0,0,604,0,False,2.0,1,0.0,[2 2],[1. 0.],0,0,[0.6 0.6],1.0,0.0,1.0
604,0.0,1,303.0,2,605,1,False,0.0,0,1.0,[2 2],[1. 0.],0,0,[0.6 0.6],1.0,0.0,1.0
605,0.0,1,303.0,0,606,0,False,1.0,1,0.0,[2 1],[1. 0.],0,0,[0.6 0.6],1.0,0.0,1.0
606,0.0,1,304.0,2,607,1,False,0.0,0,1.0,[2 1],[1. 0.],0,0,[0.6 0.6],1.0,0.0,1.0
607,1.0,1,304.0,0,608,0,False,1.0,1,0.0,[2 1],[1. 0.],1,0,[0.6 0.6],1.0,0.0,1.0
608,0.0,1,305.0,2,609,1,False,0.0,0,2.0,[2 1],[1. 0.],1,0,[0.6 0.6],1.0,0.0,1.0
609,1.0,1,305.0,0,610,0,False,2.0,1,0.0,[1 1],[1. 0.],1,0,[0.6 0.6],1.0,0.0,1.0
610,0.0,1,306.0,2,611,1,False,0.0,0,2.0,[1 1],[1. 0.],1,0,[0.6 0.6],1.0,0.0,1.0
611,1.0,1,306.0,0,612,0,False,2.0,1,0.0,[2 1],[1. 0.],1,0,[0.6 0.6],1.0,0.0,1.0
612,0.0,1,307.0,2,613,1,False,0.0,0,2.0,[2 1],[1. 0.],1,0,[0.6 0.6],1.0,0.0,1.0
613,1.0,1,307.0,0,614,0,False,2.0,1,0.0,[1 2],[1. 0.],1,0,[0.6 0.6],1.0,0.0,1.0
614,0.0,1,308.0,2,615,1,False,0.0,0,2.0,[1 2],[1. 0.],1,0,[0.6 0.6],1.0,0.0,1.0
615,0.0,1,308.0,0,616,0,False,2.0,1,0.0,[1 2],[1. 0.],1,0,[0.6 0.6],1.0,0.0,1.0
616,0.0,1,309.0,2,617,1,False,0.0,0,2.0,[1 2],[1. 0.],1,0,[0.6 0.6],1.0,0.0,1.0
617,0.0,1,309.0,0,618,0,False,2.0,1,0.0,[2 1],[1. 0.],1,0,[0.6 0.6],1.0,0.0,1.0
618,0.0,1,310.0,1,619,1,False,0.0,0,2.0,[2 1],[1. 0.],1,0,[0.6 0.6],1.0,0.0,1.0
619,0.0,1,310.0,0,620,0,False,2.0,1,0.0,[1 2],[1. 0.],0,0,[0.6 0.6],1.0,0.0,1.0
620,0.0,1,311.0,2,621,1,False,0.0,0,1.0,[1 2],[1. 0.],0,0,[0.6 0.6],1.0,0.0,1.0
621,0.0,1,311.0,0,622,0,False,1.0,1,0.0,[2 2],[1. 0.],1,0,[0.6 0.6],1.0,0.0,1.0
622,0.0,1,312.0,2,623,1,False,0.0,0,2.0,[2 2],[1. 0.],1,0,[0.6 0.6],1.0,0.0,1.0
623,0.0,1,312.0,0,624,0,False,2.0,1,0.0,[2 2],[1. 0.],0,0,[0.6 0.6],1.0,0.0,1.0
624,0.0,1,313.0,1,625,1,False,0.0,0,1.0,[2 2],[1. 0.],0,0,[0.6 0.6],1.0,0.0,1.0
625,0.0,1,313.0,0,626,0,False,1.0,1,0.0,[2 2],[1. 0.],0,0,[0.6 0.6],1.0,0.0,1.0
626,0.0,1,314.0,1,627,1,False,0.0,0,1.0,[2 2],[1. 0.],0,0,[0.6 0.6],1.0,0.0,1.0
627,0.0,1,314.0,0,628,0,False,1.0,1,0.0,[1 2],[1. 0.],0,0,[0.6 0.6],1.0,0.0,1.0
628,0.0,1,315.0,2,629,1,False,0.0,0,1.0,[1 2],[1. 0.],0,0,[0.6 0.6],1.0,0.0,1.0
629,0.0,1,315.0,0,630,0,False,1.0,1,0.0,[1 2],[1. 0.],1,0,[0.6 0.6],1.0,0.0,1.0
630,0.0,1,316.0,1,631,1,False,0.0,0,2.0,[1 2],[1. 0.],1,0,[0.6 0.6],1.0,0.0,1.0
631,1.0,1,316.0,0,632,0,False,2.0,1,0.0,[2 1],[1. 0.],0,0,[0.6 0.6],1.0,0.0,1.0
632,0.0,1,317.0,1,633,1,False,0.0,0,1.0,[2 1],[1. 0.],0,0,[0.6 0.6],1.0,0.0,1.0
633,0.0,1,317.0,0,634,0,False,1.0,1,0.0,[2 1],[1. 0.],1,0,[0.6 0.6],1.0,0.0,1.0
634,0.0,1,318.0,1,635,1,False,0.0,0,2.0,[2 1],[1. 0.],1,0,[0.6 0.6],1.0,0.0,1.0
635,0.0,1,318.0,0,636,0,False,2.0,1,0.0,[1 1],[1. 0.],1,0,[0.6 0.6],1.0,0.0,1.0
636,0.0,1,319.0,2,637,1,False,0.0,0,2.0,[1 1],[1. 0.],1,0,[0.6 0.6],1.0,0.0,1.0
637,1.0,1,319.0,0,638,0,False,2.0,1,0.0,[1 2],[1. 0.],0,0,[0.6 0.6],1.0,0.0,1.0
638,0.0,1,320.0,2,639,1,False,0.0,0,1.0,[1 2],[1. 0.],0,0,[0.6 0.6],1.0,0.0,1.0
639,0.0,1,320.0,0,640,0,False,1.0,1,0.0,[1 1],[1. 0.],0,0,[0.6 0.6],1.0,0.0,1.0
640,0.0,1,321.0,2,641,1,False,0.0,0,1.0,[1 1],[1. 0.],0,0,[0.6 0.6],1.0,0.0,1.0
641,1.0,1,321.0,0,642,0,False,1.0,1,0.0,[2 2],[1. 0.],1,0,[0.6 0.6],1.0,0.0,1.0
642,0.0,1,322.0,2,643,1,False,0.0,0,2.0,[2 2],[1. 0.],1,0,[0.6 0.6],1.0,0.0,1.0
643,0.0,1,322.0,0,644,0,False,2.0,1,0.0,[1 2],[1. 0.],0,0,[0.6 0.6],1.0,0.0,1.0
644,0.0,1,323.0,2,645,1,False,0.0,0,1.0,[1 2],[1. 0.],0,0,[0.6 0.6],1.0,0.0,1.0
645,0.0,1,323.0,0,646,0,False,1.0,1,0.0,[1 2],[1. 0.],0,0,[0.6 0.6],1.0,0.0,1.0
646,0.0,1,324.0,2,647,1,False,0.0,0,1.0,[1 2],[1. 0.],0,0,[0.6 0.6],1.0,0.0,1.0
647,0.0,1,324.0,0,648,0,False,1.0,1,0.0,[1 1],[1. 0.],1,0,[0.6 0.6],1.0,0.0,1.0
648,0.0,1,325.0,1,649,1,False,0.0,0,2.0,[1 1],[1. 0.],1,0,[0.6 0.6],1.0,0.0,1.0
649,1.0,1,325.0,0,650,0,False,2.0,1,0.0,[2 2],[1. 0.],1,0,[0.6 0.6],1.0,0.0,1.0
650,0.0,1,326.0,1,651,1,False,0.0,0,2.0,[2 2],[1. 0.],1,0,[0.6 0.6],1.0,0.0,1.0
651,0.0,1,326.0,0,652,0,False,2.0,1,0.0,[1 2],[1. 0.],1,0,[0.6 0.6],1.0,0.0,1.0
652,0.0,1,327.0,1,653,1,False,0.0,0,2.0,[1 2],[1. 0.],1,0,[0.6 0.6],1.0,0.0,1.0
653,1.0,1,327.0,0,654,0,False,2.0,1,0.0,[1 2],[1. 0.],1,0,[0.6 0.6],1.0,0.0,1.0
654,0.0,1,328.0,1,655,1,False,0.0,0,2.0,[1 2],[1. 0.],1,0,[0.6 0.6],1.0,0.0,1.0
655,1.0,1,328.0,0,656,0,False,2.0,1,0.0,[1 1],[1. 0.],1,0,[0.6 0.6],1.0,0.0,1.0
656,0.0,1,329.0,1,657,1,False,0.0,0,2.0,[1 1],[1. 0.],1,0,[0.6 0.6],1.0,0.0,1.0
657,1.0,1,329.0,0,658,0,False,2.0,1,0.0,[2 2],[1. 0.],0,0,[0.6 0.6],1.0,0.0,1.0
658,0.0,1,330.0,1,659,1,False,0.0,0,1.0,[2 2],[1. 0.],0,0,[0.6 0.6],1.0,0.0,1.0
659,0.0,1,330.0,0,660,0,False,1.0,1,0.0,[2 1],[1. 0.],0,0,[0.6 0.6],1.0,0.0,1.0
660,0.0,1,331.0,1,661,1,False,0.0,0,1.0,[2 1],[1. 0.],0,0,[0.6 0.6],1.0,0.0,1.0
661,0.0,1,331.0,0,662,0,False,1.0,1,0.0,[1 1],[1. 0.],1,0,[0.6 0.6],1.0,0.0,1.0
662,0.0,1,332.0,1,663,1,False,0.0,0,2.0,[1 1],[1. 0.],1,0,[0.6 0.6],1.0,0.0,1.0
663,1.0,1,332.0,0,664,0,False,2.0,1,0.0,[2 1],[1. 0.],1,0,[0.6 0.6],1.0,0.0,1.0
664,0.0,1,333.0,1,665,1,False,0.0,0,2.0,[2 1],[1. 0.],1,0,[0.6 0.6],1.0,0.0,1.0
665,0.0,1,333.0,0,666,0,False,2.0,1,0.0,[2 1],[1. 0.],1,0,[0.6 0.6],1.0,0.0,1.0
666,0.0,1,334.0,1,667,1,False,0.0,0,2.0,[2 1],[1. 0.],1,0,[0.6 0.6],1.0,0.0,1.0
667,0.0,1,334.0,0,668,0,False,2.0,1,0.0,[2 1],[1. 0.],1,0,[0.6 0.6],1.0,0.0,1.0
668,0.0,1,335.0,2,669,1,False,0.0,0,2.0,[2 1],[1. 0.],1,0,[0.6 0.6],1.0,0.0,1.0
669,1.0,1,335.0,0,670,0,False,2.0,1,0.0,[2 2],[1. 0.],0,0,[0.6 0.6],1.0,0.0,1.0
670,0.0,1,336.0,2,671,1,False,0.0,0,1.0,[2 2],[1. 0.],0,0,[0.6 0.6],1.0,0.0,1.0
671,0.0,1,336.0,0,672,0,False,1.0,1,0.0,[2 1],[1. 0.],1,0,[0.6 0.6],1.0,0.0,1.0
672,0.0,1,337.0,2,673,1,False,0.0,0,2.0,[2 1],[1. 0.],1,0,[0.6 0.6],1.0,0.0,1.0
673,1.0,1,337.0,0,674,0,False,2.0,1,0.0,[1 1],[1. 0.],1,0,[0.6 0.6],1.0,0.0,1.0
674,0.0,1,338.0,2,675,1,False,0.0,0,2.0,[1 1],[1. 0.],1,0,[0.6 0.6],1.0,0.0,1.0
675,1.0,1,338.0,0,676,0,False,2.0,1,0.0,[1 1],[1. 0.],0,0,[0.6 0.6],1.0,0.0,1.0
676,0.0,1,339.0,2,677,1,False,0.0,0,1.0,[1 1],[1. 0.],0,0,[0.6 0.6],1.0,0.0,1.0
677,1.0,1,339.0,0,678,0,False,1.0,1,0.0,[1 1],[1. 0.],1,0,[0.6 0.6],1.0,0.0,1.0
678,0.0,1,340.0,2,679,1,False,0.0,0,2.0,[1 1],[1. 0.],1,0,[0.6 0.6],1.0,0.0,1.0
679,1.0,1,340.0,0,680,0,False,2.0,1,0.0,[1 2],[1. 0.],1,0,[0.6 0.6],1.0,0.0,1.0
680,0.0,1,341.0,2,681,1,False,0.0,0,2.0,[1 2],[1. 0.],1,0,[0.6 0.6],1.0,0.0,1.0
681,0.0,1,341.0,0,682,0,False,2.0,1,0.0,[1 2],[1. 0.],0,0,[0.6 0.6],1.0,0.0,1.0
682,0.0,1,342.0,2,683,1,False,0.0,0,1.0,[1 2],[1. 0.],0,0,[0.6 0.6],1.0,0.0,1.0
683,0.0,1,342.0,0,684,0,False,1.0,1,0.0,[2 1],[1. 0.],1,0,[0.6 0.6],1.0,0.0,1.0
684,0.0,1,343.0,2,685,1,False,0.0,0,2.0,[2 1],[1. 0.],1,0,[0.6 0.6],1.0,0.0,1.0
685,1.0,1,343.0,0,686,0,False,2.0,1,0.0,[2 1],[1. 0.],1,0,[0.6 0.6],1.0,0.0,1.0
686,0.0,1,344.0,2,687,1,False,0.0,0,2.0,[2 1],[1. 0.],1,0,[0.6 0.6],1.0,0.0,1.0
687,1.0,1,344.0,0,688,0,False,2.0,1,0.0,[1 2],[1. 0.],0,0,[0.6 0.6],1.0,0.0,1.0
688,0.0,1,345.0,2,689,1,False,0.0,0,1.0,[1 2],[1. 0.],0,0,[0.6 0.6],1.0,0.0,1.0
689,0.0,1,345.0,0,690,0,False,1.0,1,0.0,[2 2],[1. 0.],0,0,[0.6 0.6],1.0,0.0,1.0
690,0.0,1,346.0,2,691,1,False,0.0,0,1.0,[2 2],[1. 0.],0,0,[0.6 0.6],1.0,0.0,1.0
691,0.0,1,346.0,0,692,0,False,1.0,1,0.0,[1 1],[1. 0.],1,0,[0.6 0.6],1.0,0.0,1.0
692,0.0,1,347.0,2,693,1,False,0.0,0,2.0,[1 1],[1. 0.],1,0,[0.6 0.6],1.0,0.0,1.0
693,1.0,1,347.0,0,694,0,False,2.0,1,0.0,[2 1],[1. 0.],1,0,[0.6 0.6],1.0,0.0,1.0
694,0.0,1,348.0,2,695,1,False,0.0,0,2.0,[2 1],[1. 0.],1,0,[0.6 0.6],1.0,0.0,1.0
695,1.0,1,348.0,0,696,0,False,2.0,1,0.0,[2 1],[1. 0.],1,0,[0.6 0.6],1.0,0.0,1.0
696,0.0,1,349.0,2,697,1,False,0.0,0,2.0,[2 1],[1. 0.],1,0,[0.6 0.6],1.0,0.0,1.0
697,1.0,1,349.0,0,698,0,False,2.0,1,0.0,[1 1],[1. 0.],0,0,[0.6 0.6],1.0,0.0,1.0
698,0.0,1,350.0,2,699,1,False,0.0,0,1.0,[1 1],[1. 0.],0,0,[0.6 0.6],1.0,0.0,1.0
699,1.0,1,350.0,0,700,0,False,1.0,1,0.0,[2 2],[1. 0.],0,0,[0.6 0.6],1.0,0.0,1.0
700,0.0,1,351.0,2,701,1,False,0.0,0,1.0,[2 2],[1. 0.],0,0,[0.6 0.6],1.0,0.0,1.0
701,0.0,1,351.0,0,702,0,False,1.0,1,0.0,[2 2],[1. 0.],0,0,[0.6 0.6],1.0,0.0,1.0
702,0.0,1,352.0,2,703,1,False,0.0,0,1.0,[2 2],[1. 0.],0,0,[0.6 0.6],1.0,0.0,1.0
703,0.0,1,352.0,0,704,0,False,1.0,1,0.0,[2 1],[1. 0.],1,0,[0.6 0.6],1.0,0.0,1.0
704,0.0,1,353.0,2,705,1,False,0.0,0,2.0,[2 1],[1. 0.],1,0,[0.6 0.6],1.0,0.0,1.0
705,1.0,1,353.0,0,706,0,False,2.0,1,0.0,[2 2],[1. 0.],1,0,[0.6 0.6],1.0,0.0,1.0
706,0.0,1,354.0,2,707,1,False,0.0,0,2.0,[2 2],[1. 0.],1,0,[0.6 0.6],1.0,0.0,1.0
707,0.0,1,354.0,0,708,0,False,2.0,1,0.0,[2 2],[1. 0.],0,0,[0.6 0.6],1.0,0.0,1.0
708,0.0,1,355.0,2,709,1,False,0.0,0,1.0,[2 2],[1. 0.],0,0,[0.6 0.6],1.0,0.0,1.0
709,0.0,1,355.0,0,710,0,False,1.0,1,0.0,[1 2],[1. 0.],1,0,[0.6 0.6],1.0,0.0,1.0
710,0.0,1,356.0,2,711,1,False,0.0,0,2.0,[1 2],[1. 0.],1,0,[0.6 0.6],1.0,0.0,1.0
711,0.0,1,356.0,0,712,0,False,2.0,1,0.0,[1 1],[1. 0.],1,0,[0.6 0.6],1.0,0.0,1.0
712,0.0,1,357.0,2,713,1,False,0.0,0,2.0,[1 1],[1. 0.],1,0,[0.6 0.6],1.0,0.0,1.0
713,1.0,1,357.0,0,714,0,False,2.0,1,0.0,[1 1],[1. 0.],1,0,[0.6 0.6],1.0,0.0,1.0
714,0.0,1,358.0,2,715,1,False,0.0,0,2.0,[1 1],[1. 0.],1,0,[0.6 0.6],1.0,0.0,1.0
715,1.0,1,358.0,0,716,0,False,2.0,1,0.0,[2 1],[1. 0.],0,0,[0.6 0.6],1.0,0.0,1.0
716,0.0,1,359.0,2,717,1,False,0.0,0,1.0,[2 1],[1. 0.],0,0,[0.6 0.6],1.0,0.0,1.0
717,1.0,1,359.0,0,718,0,False,1.0,1,0.0,[2 1],[1. 0.],0,0,[0.6 0.6],1.0,0.0,1.0
718,0.0,1,360.0,2,719,1,False,0.0,0,1.0,[2 1],[1. 0.],0,0,[0.6 0.6],1.0,0.0,1.0
719,1.0,1,360.0,0,720,0,False,1.0,1,0.0,[2 1],[1. 0.],1,0,[0.6 0.6],1.0,0.0,1.0
720,0.0,1,361.0,2,721,1,False,0.0,0,2.0,[2 1],[1. 0.],1,0,[0.6 0.6],1.0,0.0,1.0
721,1.0,1,361.0,0,722,0,False,2.0,1,0.0,[2 2],[1. 0.],0,0,[0.6 0.6],1.0,0.0,1.0
722,0.0,1,362.0,2,723,1,False,0.0,0,1.0,[2 2],[1. 0.],0,0,[0.6 0.6],1.0,0.0,1.0
723,0.0,1,362.0,0,724,0,False,1.0,1,0.0,[2 2],[1. 0.],1,0,[0.6 0.6],1.0,0.0,1.0
724,0.0,1,363.0,2,725,1,False,0.0,0,2.0,[2 2],[1. 0.],1,0,[0.6 0.6],1.0,0.0,1.0
725,0.0,1,363.0,0,726,0,False,2.0,1,0.0,[2 2],[1. 0.],0,0,[0.6 0.6],1.0,0.0,1.0
726,0.0,1,364.0,2,727,1,False,0.0,0,1.0,[2 2],[1. 0.],0,0,[0.6 0.6],1.0,0.0,1.0
727,0.0,1,364.0,0,728,0,False,1.0,1,0.0,[2 1],[1. 0.],0,0,[0.6 0.6],1.0,0.0,1.0
728,0.0,1,365.0,2,729,1,False,0.0,0,1.0,[2 1],[1. 0.],0,0,[0.6 0.6],1.0,0.0,1.0
729,1.0,1,365.0,0,730,0,False,1.0,1,0.0,[2 1],[1. 0.],0,0,[0.6 0.6],1.0,0.0,1.0
730,0.0,1,366.0,2,731,1,False,0.0,0,1.0,[2 1],[1. 0.],0,0,[0.6 0.6],1.0,0.0,1.0
731,1.0,1,366.0,0,732,0,False,1.0,1,0.0,[1 2],[1. 0.],1,0,[0.6 0.6],1.0,0.0,1.0
732,0.0,1,367.0,2,733,1,False,0.0,0,2.0,[1 2],[1. 0.],1,0,[0.6 0.6],1.0,0.0,1.0
733,0.0,1,367.0,0,734,0,False,2.0,1,0.0,[1 2],[1. 0.],0,0,[0.6 0.6],1.0,0.0,1.0
734,0.0,1,368.0,2,735,1,False,0.0,0,1.0,[1 2],[1. 0.],0,0,[0.6 0.6],1.0,0.0,1.0
735,0.0,1,368.0,0,736,0,False,1.0,1,0.0,[2 2],[1. 0.],1,0,[0.6 0.6],1.0,0.0,1.0
736,0.0,1,369.0,2,737,1,False,0.0,0,2.0,[2 2],[1. 0.],1,0,[0.6 0.6],1.0,0.0,1.0
737,0.0,1,369.0,0,738,0,False,2.0,1,0.0,[1 1],[0. 1.],0,1,[0.6 0.6],1.0,0.0,1.0
738,0.0,1,370.0,1,739,1,False,0.0,0,1.0,[1 1],[0. 1.],0,1,[0.6 0.6],1.0,0.0,1.0
739,0.0,1,370.0,0,740,0,False,1.0,1,0.0,[2 1],[0. 1.],0,1,[0.6 0.6],1.0,0.0,1.0
740,0.0,1,371.0,2,741,1,False,0.0,0,1.0,[2 1],[0. 1.],0,1,[0.6 0.6],1.0,0.0,1.0
741,0.0,1,371.0,0,742,0,False,1.0,1,0.0,[2 1],[0. 1.],0,1,[0.6 0.6],1.0,0.0,1.0
742,0.0,1,372.0,1,743,1,False,0.0,0,1.0,[2 1],[0. 1.],0,1,[0.6 0.6],1.0,0.0,1.0
743,1.0,1,372.0,0,744,0,False,1.0,1,0.0,[2 2],[0. 1.],0,1,[0.6 0.6],1.0,0.0,1.0
744,0.0,1,373.0,1,745,1,False,0.0,0,1.0,[2 2],[0. 1.],0,1,[0.6 0.6],1.0,0.0,1.0
745,1.0,1,373.0,0,746,0,False,1.0,1,0.0,[2 1],[0. 1.],0,1,[0.6 0.6],1.0,0.0,1.0
746,0.0,1,374.0,1,747,1,False,0.0,0,1.0,[2 1],[0. 1.],0,1,[0.6 0.6],1.0,0.0,1.0
747,1.0,1,374.0,0,748,0,False,1.0,1,0.0,[2 1],[0. 1.],1,1,[0.6 0.6],1.0,0.0,1.0
748,0.0,1,375.0,1,749,1,False,0.0,0,2.0,[2 1],[0. 1.],1,1,[0.6 0.6],1.0,0.0,1.0
749,1.0,1,375.0,0,750,0,False,2.0,1,0.0,[1 1],[0. 1.],0,1,[0.6 0.6],1.0,0.0,1.0
750,0.0,1,376.0,1,751,1,False,0.0,0,1.0,[1 1],[0. 1.],0,1,[0.6 0.6],1.0,0.0,1.0
751,0.0,1,376.0,0,752,0,False,1.0,1,0.0,[2 1],[0. 1.],1,1,[0.6 0.6],1.0,0.0,1.0
752,0.0,1,377.0,1,753,1,False,0.0,0,2.0,[2 1],[0. 1.],1,1,[0.6 0.6],1.0,0.0,1.0
753,1.0,1,377.0,0,754,0,False,2.0,1,0.0,[2 2],[0. 1.],0,1,[0.6 0.6],1.0,0.0,1.0
754,0.0,1,378.0,1,755,1,False,0.0,0,1.0,[2 2],[0. 1.],0,1,[0.6 0.6],1.0,0.0,1.0
755,1.0,1,378.0,0,756,0,False,1.0,1,0.0,[1 2],[0. 1.],0,1,[0.6 0.6],1.0,0.0,1.0
756,0.0,1,379.0,1,757,1,False,0.0,0,1.0,[1 2],[0. 1.],0,1,[0.6 0.6],1.0,0.0,1.0
757,0.0,1,379.0,0,758,0,False,1.0,1,0.0,[2 2],[0. 1.],0,1,[0.6 0.6],1.0,0.0,1.0
758,0.0,1,380.0,1,759,1,False,0.0,0,1.0,[2 2],[0. 1.],0,1,[0.6 0.6],1.0,0.0,1.0
759,1.0,1,380.0,0,760,0,False,1.0,1,0.0,[2 1],[0. 1.],1,1,[0.6 0.6],1.0,0.0,1.0
760,0.0,1,381.0,1,761,1,False,0.0,0,2.0,[2 1],[0. 1.],1,1,[0.6 0.6],1.0,0.0,1.0
761,1.0,1,381.0,0,762,0,False,2.0,1,0.0,[1 1],[0. 1.],1,1,[0.6 0.6],1.0,0.0,1.0
762,0.0,1,382.0,1,763,1,False,0.0,0,2.0,[1 1],[0. 1.],1,1,[0.6 0.6],1.0,0.0,1.0
763,0.0,1,382.0,0,764,0,False,2.0,1,0.0,[2 1],[0. 1.],1,1,[0.6 0.6],1.0,0.0,1.0
764,0.0,1,383.0,1,765,1,False,0.0,0,2.0,[2 1],[0. 1.],1,1,[0.6 0.6],1.0,0.0,1.0
765,1.0,1,383.0,0,766,0,False,2.0,1,0.0,[2 1],[0. 1.],0,1,[0.6 0.6],1.0,0.0,1.0
766,0.0,1,384.0,1,767,1,False,0.0,0,1.0,[2 1],[0. 1.],0,1,[0.6 0.6],1.0,0.0,1.0
767,1.0,1,384.0,0,768,0,False,1.0,1,0.0,[2 2],[0. 1.],1,1,[0.6 0.6],1.0,0.0,1.0
768,0.0,1,385.0,1,769,1,False,0.0,0,2.0,[2 2],[0. 1.],1,1,[0.6 0.6],1.0,0.0,1.0
769,1.0,1,385.0,0,770,0,False,2.0,1,0.0,[2 1],[0. 1.],0,1,[0.6 0.6],1.0,0.0,1.0
770,0.0,1,386.0,1,771,1,False,0.0,0,1.0,[2 1],[0. 1.],0,1,[0.6 0.6],1.0,0.0,1.0
771,1.0,1,386.0,0,772,0,False,1.0,1,0.0,[1 2],[0. 1.],0,1,[0.6 0.6],1.0,0.0,1.0
772,0.0,1,387.0,1,773,1,False,0.0,0,1.0,[1 2],[0. 1.],0,1,[0.6 0.6],1.0,0.0,1.0
773,0.0,1,387.0,0,774,0,False,1.0,1,0.0,[1 2],[0. 1.],0,1,[0.6 0.6],1.0,0.0,1.0
774,0.0,1,388.0,1,775,1,False,0.0,0,1.0,[1 2],[0. 1.],0,1,[0.6 0.6],1.0,0.0,1.0
775,0.0,1,388.0,0,776,0,False,1.0,1,0.0,[1 1],[1. 0.],0,0,[0.6 0.6],1.0,0.0,1.0
776,0.0,1,389.0,1,777,1,False,0.0,0,1.0,[1 1],[1. 0.],0,0,[0.6 0.6],1.0,0.0,1.0
777,1.0,1,389.0,0,778,0,False,1.0,1,0.0,[1 1],[1. 0.],1,0,[0.6 0.6],1.0,0.0,1.0
778,0.0,1,390.0,1,779,1,False,0.0,0,2.0,[1 1],[1. 0.],1,0,[0.6 0.6],1.0,0.0,1.0
779,1.0,1,390.0,0,780,0,False,2.0,1,0.0,[2 1],[1. 0.],0,0,[0.6 0.6],1.0,0.0,1.0
780,0.0,1,391.0,1,781,1,False,0.0,0,1.0,[2 1],[1. 0.],0,0,[0.6 0.6],1.0,0.0,1.0
781,0.0,1,391.0,0,782,0,False,1.0,1,0.0,[1 1],[1. 0.],0,0,[0.6 0.6],1.0,0.0,1.0
782,0.0,1,392.0,1,783,1,False,0.0,0,1.0,[1 1],[1. 0.],0,0,[0.6 0.6],1.0,0.0,1.0
783,1.0,1,392.0,0,784,0,False,1.0,1,0.0,[2 1],[1. 0.],1,0,[0.6 0.6],1.0,0.0,1.0
784,0.0,1,393.0,1,785,1,False,0.0,0,2.0,[2 1],[1. 0.],1,0,[0.6 0.6],1.0,0.0,1.0
785,0.0,1,393.0,0,786,0,False,2.0,1,0.0,[1 2],[1. 0.],0,0,[0.6 0.6],1.0,0.0,1.0
786,0.0,1,394.0,1,787,1,False,0.0,0,1.0,[1 2],[1. 0.],0,0,[0.6 0.6],1.0,0.0,1.0
787,1.0,1,394.0,0,788,0,False,1.0,1,0.0,[1 2],[1. 0.],0,0,[0.6 0.6],1.0,0.0,1.0
788,0.0,1,395.0,1,789,1,False,0.0,0,1.0,[1 2],[1. 0.],0,0,[0.6 0.6],1.0,0.0,1.0
789,1.0,1,395.0,0,790,0,False,1.0,1,0.0,[1 1],[1. 0.],0,0,[0.6 0.6],1.0,0.0,1.0
790,0.0,1,396.0,1,791,1,False,0.0,0,1.0,[1 1],[1. 0.],0,0,[0.6 0.6],1.0,0.0,1.0
791,1.0,1,396.0,0,792,0,False,1.0,1,0.0,[2 2],[1. 0.],1,0,[0.6 0.6],1.0,0.0,1.0
792,0.0,1,397.0,1,793,1,False,0.0,0,2.0,[2 2],[1. 0.],1,0,[0.6 0.6],1.0,0.0,1.0
793,0.0,1,397.0,0,794,0,False,2.0,1,0.0,[2 2],[1. 0.],1,0,[0.6 0.6],1.0,0.0,1.0
794,0.0,1,398.0,1,795,1,False,0.0,0,2.0,[2 2],[1. 0.],1,0,[0.6 0.6],1.0,0.0,1.0
795,0.0,1,398.0,0,796,0,False,2.0,1,0.0,[2 2],[1. 0.],1,0,[0.6 0.6],1.0,0.0,1.0
796,0.0,1,399.0,2,797,1,False,0.0,0,2.0,[2 2],[1. 0.],1,0,[0.6 0.6],1.0,0.0,1.0
797,0.0,1,399.0,0,798,0,False,2.0,1,0.0,[2 2],[1. 0.],0,0,[0.6 0.6],1.0,0.0,1.0
798,0.0,1,400.0,1,799,1,False,0.0,0,1.0,[2 2],[1. 0.],0,0,[0.6 0.6],1.0,0.0,1.0
799,0.0,1,400.0,0,800,0,False,1.0,1,0.0,[2 1],[1. 0.],1,0,[0.6 0.6],1.0,0.0,1.0
800,0.0,1,401.0,1,801,1,False,0.0,0,2.0,[2 1],[1. 0.],1,0,[0.6 0.6],1.0,0.0,1.0
801,0.0,1,401.0,0,802,0,False,2.0,1,0.0,[1 1],[1. 0.],1,0,[0.6 0.6],1.0,0.0,1.0
802,0.0,1,402.0,2,803,1,False,0.0,0,2.0,[1 1],[1. 0.],1,0,[0.6 0.6],1.0,0.0,1.0
803,1.0,1,402.0,0,804,0,False,2.0,1,0.0,[2 1],[1. 0.],0,0,[0.6 0.6],1.0,0.0,1.0
804,0.0,1,403.0,2,805,1,False,0.0,0,1.0,[2 1],[1. 0.],0,0,[0.6 0.6],1.0,0.0,1.0
805,1.0,1,403.0,0,806,0,False,1.0,1,0.0,[2 1],[1. 0.],1,0,[0.6 0.6],1.0,0.0,1.0
806,0.0,1,404.0,2,807,1,False,0.0,0,2.0,[2 1],[1. 0.],1,0,[0.6 0.6],1.0,0.0,1.0
807,1.0,1,404.0,0,808,0,False,2.0,1,0.0,[1 2],[0. 1.],1,1,[0.6 0.6],1.0,0.0,1.0
808,0.0,1,405.0,2,809,1,False,0.0,0,2.0,[1 2],[0. 1.],1,1,[0.6 0.6],1.0,0.0,1.0
809,1.0,1,405.0,0,810,0,False,2.0,1,0.0,[2 2],[0. 1.],0,1,[0.6 0.6],1.0,0.0,1.0
810,0.0,1,406.0,2,811,1,False,0.0,0,1.0,[2 2],[0. 1.],0,1,[0.6 0.6],1.0,0.0,1.0
811,1.0,1,406.0,0,812,0,False,1.0,1,0.0,[2 1],[0. 1.],1,1,[0.6 0.6],1.0,0.0,1.0
812,0.0,1,407.0,2,813,1,False,0.0,0,2.0,[2 1],[0. 1.],1,1,[0.6 0.6],1.0,0.0,1.0
813,0.0,1,407.0,0,814,0,False,2.0,1,0.0,[1 2],[0. 1.],1,1,[0.6 0.6],1.0,0.0,1.0
814,0.0,1,408.0,2,815,1,False,0.0,0,2.0,[1 2],[0. 1.],1,1,[0.6 0.6],1.0,0.0,1.0
815,1.0,1,408.0,0,816,0,False,2.0,1,0.0,[1 2],[0. 1.],1,1,[0.6 0.6],1.0,0.0,1.0
816,0.0,1,409.0,2,817,1,False,0.0,0,2.0,[1 2],[0. 1.],1,1,[0.6 0.6],1.0,0.0,1.0
817,1.0,1,409.0,0,818,0,False,2.0,1,0.0,[1 1],[0. 1.],1,1,[0.6 0.6],1.0,0.0,1.0
818,0.0,1,410.0,2,819,1,False,0.0,0,2.0,[1 1],[0. 1.],1,1,[0.6 0.6],1.0,0.0,1.0
819,0.0,1,410.0,0,820,0,False,2.0,1,0.0,[2 2],[0. 1.],0,1,[0.6 0.6],1.0,0.0,1.0
820,0.0,1,411.0,2,821,1,False,0.0,0,1.0,[2 2],[0. 1.],0,1,[0.6 0.6],1.0,0.0,1.0
821,1.0,1,411.0,0,822,0,False,1.0,1,0.0,[1 2],[0. 1.],1,1,[0.6 0.6],1.0,0.0,1.0
822,0.0,1,412.0,2,823,1,False,0.0,0,2.0,[1 2],[0. 1.],1,1,[0.6 0.6],1.0,0.0,1.0
823,1.0,1,412.0,0,824,0,False,2.0,1,0.0,[2 2],[0. 1.],0,1,[0.6 0.6],1.0,0.0,1.0
824,0.0,1,413.0,2,825,1,False,0.0,0,1.0,[2 2],[0. 1.],0,1,[0.6 0.6],1.0,0.0,1.0
825,1.0,1,413.0,0,826,0,False,1.0,1,0.0,[1 2],[0. 1.],0,1,[0.6 0.6],1.0,0.0,1.0
826,0.0,1,414.0,2,827,1,False,0.0,0,1.0,[1 2],[0. 1.],0,1,[0.6 0.6],1.0,0.0,1.0
827,1.0,1,414.0,0,828,0,False,1.0,1,0.0,[2 2],[0. 1.],0,1,[0.6 0.6],1.0,0.0,1.0
828,0.0,1,415.0,2,829,1,False,0.0,0,1.0,[2 2],[0. 1.],0,1,[0.6 0.6],1.0,0.0,1.0
829,1.0,1,415.0,0,830,0,False,1.0,1,0.0,[1 1],[0. 1.],1,1,[0.6 0.6],1.0,0.0,1.0
830,0.0,1,416.0,2,831,1,False,0.0,0,2.0,[1 1],[0. 1.],1,1,[0.6 0.6],1.0,0.0,1.0
831,0.0,1,416.0,0,832,0,False,2.0,1,0.0,[1 1],[0. 1.],0,1,[0.6 0.6],1.0,0.0,1.0
832,0.0,1,417.0,2,833,1,False,0.0,0,1.0,[1 1],[0. 1.],0,1,[0.6 0.6],1.0,0.0,1.0
833,0.0,1,417.0,0,834,0,False,1.0,1,0.0,[1 2],[0. 1.],0,1,[0.6 0.6],1.0,0.0,1.0
834,0.0,1,418.0,2,835,1,False,0.0,0,1.0,[1 2],[0. 1.],0,1,[0.6 0.6],1.0,0.0,1.0
835,1.0,1,418.0,0,836,0,False,1.0,1,0.0,[1 2],[0. 1.],1,1,[0.6 0.6],1.0,0.0,1.0
836,0.0,1,419.0,2,837,1,False,0.0,0,2.0,[1 2],[0. 1.],1,1,[0.6 0.6],1.0,0.0,1.0
837,1.0,1,419.0,0,838,0,False,2.0,1,0.0,[1 1],[0. 1.],1,1,[0.6 0.6],1.0,0.0,1.0
838,0.0,1,420.0,2,839,1,False,0.0,0,2.0,[1 1],[0. 1.],1,1,[0.6 0.6],1.0,0.0,1.0
839,0.0,1,420.0,0,840,0,False,2.0,1,0.0,[1 2],[0. 1.],1,1,[0.6 0.6],1.0,0.0,1.0
840,0.0,1,421.0,2,841,1,False,0.0,0,2.0,[1 2],[0. 1.],1,1,[0.6 0.6],1.0,0.0,1.0
841,1.0,1,421.0,0,842,0,False,2.0,1,0.0,[1 1],[0. 1.],1,1,[0.6 0.6],1.0,0.0,1.0
842,0.0,1,422.0,2,843,1,False,0.0,0,2.0,[1 1],[0. 1.],1,1,[0.6 0.6],1.0,0.0,1.0
843,0.0,1,422.0,0,844,0,False,2.0,1,0.0,[1 2],[0. 1.],0,1,[0.6 0.6],1.0,0.0,1.0
844,0.0,1,423.0,1,845,1,False,0.0,0,1.0,[1 2],[0. 1.],0,1,[0.6 0.6],1.0,0.0,1.0
845,0.0,1,423.0,0,846,0,False,1.0,1,0.0,[1 2],[0. 1.],1,1,[0.6 0.6],1.0,0.0,1.0
846,0.0,1,424.0,1,847,1,False,0.0,0,2.0,[1 2],[0. 1.],1,1,[0.6 0.6],1.0,0.0,1.0
847,0.0,1,424.0,0,848,0,False,2.0,1,0.0,[1 2],[0. 1.],0,1,[0.6 0.6],1.0,0.0,1.0
848,0.0,1,425.0,2,849,1,False,0.0,0,1.0,[1 2],[0. 1.],0,1,[0.6 0.6],1.0,0.0,1.0
849,1.0,1,425.0,0,850,0,False,1.0,1,0.0,[2 1],[0. 1.],1,1,[0.6 0.6],1.0,0.0,1.0
850,0.0,1,426.0,2,851,1,False,0.0,0,2.0,[2 1],[0. 1.],1,1,[0.6 0.6],1.0,0.0,1.0
851,0.0,1,426.0,0,852,0,False,2.0,1,0.0,[1 1],[0. 1.],0,1,[0.6 0.6],1.0,0.0,1.0
852,0.0,1,427.0,1,853,1,False,0.0,0,1.0,[1 1],[0. 1.],0,1,[0.6 0.6],1.0,0.0,1.0
853,0.0,1,427.0,0,854,0,False,1.0,1,0.0,[1 1],[0. 1.],1,1,[0.6 0.6],1.0,0.0,1.0
854,0.0,1,428.0,1,855,1,False,0.0,0,2.0,[1 1],[0. 1.],1,1,[0.6 0.6],1.0,0.0,1.0
855,0.0,1,428.0,0,856,0,False,2.0,1,0.0,[1 1],[0. 1.],0,1,[0.6 0.6],1.0,0.0,1.0
856,0.0,1,429.0,2,857,1,False,0.0,0,1.0,[1 1],[0. 1.],0,1,[0.6 0.6],1.0,0.0,1.0
857,0.0,1,429.0,0,858,0,False,1.0,1,0.0,[1 1],[0. 1.],1,1,[0.6 0.6],1.0,0.0,1.0
858,0.0,1,430.0,1,859,1,False,0.0,0,2.0,[1 1],[0. 1.],1,1,[0.6 0.6],1.0,0.0,1.0
859,0.0,1,430.0,0,860,0,False,2.0,1,0.0,[2 1],[0. 1.],0,1,[0.6 0.6],1.0,0.0,1.0
860,0.0,1,431.0,2,861,1,False,0.0,0,1.0,[2 1],[0. 1.],0,1,[0.6 0.6],1.0,0.0,1.0
861,0.0,1,431.0,0,862,0,False,1.0,1,0.0,[2 2],[0. 1.],1,1,[0.6 0.6],1.0,0.0,1.0
862,0.0,1,432.0,1,863,1,False,0.0,0,2.0,[2 2],[0. 1.],1,1,[0.6 0.6],1.0,0.0,1.0
863,1.0,1,432.0,0,864,0,False,2.0,1,0.0,[1 1],[0. 1.],1,1,[0.6 0.6],1.0,0.0,1.0
864,0.0,1,433.0,1,865,1,False,0.0,0,2.0,[1 1],[0. 1.],1,1,[0.6 0.6],1.0,0.0,1.0
865,0.0,1,433.0,0,866,0,False,2.0,1,0.0,[1 2],[0. 1.],1,1,[0.6 0.6],1.0,0.0,1.0
866,0.0,1,434.0,2,867,1,False,0.0,0,2.0,[1 2],[0. 1.],1,1,[0.6 0.6],1.0,0.0,1.0
867,1.0,1,434.0,0,868,0,False,2.0,1,0.0,[1 2],[0. 1.],0,1,[0.6 0.6],1.0,0.0,1.0
868,0.0,1,435.0,2,869,1,False,0.0,0,1.0,[1 2],[0. 1.],0,1,[0.6 0.6],1.0,0.0,1.0
869,1.0,1,435.0,0,870,0,False,1.0,1,0.0,[2 2],[0. 1.],1,1,[0.6 0.6],1.0,0.0,1.0
870,0.0,1,436.0,2,871,1,False,0.0,0,2.0,[2 2],[0. 1.],1,1,[0.6 0.6],1.0,0.0,1.0
871,1.0,1,436.0,0,872,0,False,2.0,1,0.0,[1 1],[0. 1.],0,1,[0.6 0.6],1.0,0.0,1.0
872,0.0,1,437.0,2,873,1,False,0.0,0,1.0,[1 1],[0. 1.],0,1,[0.6 0.6],1.0,0.0,1.0
873,0.0,1,437.0,0,874,0,False,1.0,1,0.0,[2 2],[0. 1.],0,1,[0.6 0.6],1.0,0.0,1.0
874,0.0,1,438.0,2,875,1,False,0.0,0,1.0,[2 2],[0. 1.],0,1,[0.6 0.6],1.0,0.0,1.0
875,1.0,1,438.0,0,876,0,False,1.0,1,0.0,[2 2],[0. 1.],1,1,[0.6 0.6],1.0,0.0,1.0
876,0.0,1,439.0,2,877,1,False,0.0,0,2.0,[2 2],[0. 1.],1,1,[0.6 0.6],1.0,0.0,1.0
877,1.0,1,439.0,0,878,0,False,2.0,1,0.0,[2 1],[0. 1.],1,1,[0.6 0.6],1.0,0.0,1.0
878,0.0,1,440.0,2,879,1,False,0.0,0,2.0,[2 1],[0. 1.],1,1,[0.6 0.6],1.0,0.0,1.0
879,0.0,1,440.0,0,880,0,False,2.0,1,0.0,[2 2],[0. 1.],1,1,[0.6 0.6],1.0,0.0,1.0
880,0.0,1,441.0,2,881,1,False,0.0,0,2.0,[2 2],[0. 1.],1,1,[0.6 0.6],1.0,0.0,1.0
881,1.0,1,441.0,0,882,0,False,2.0,1,0.0,[2 1],[0. 1.],0,1,[0.6 0.6],1.0,0.0,1.0
882,0.0,1,442.0,2,883,1,False,0.0,0,1.0,[2 1],[0. 1.],0,1,[0.6 0.6],1.0,0.0,1.0
883,0.0,1,442.0,0,884,0,False,1.0,1,0.0,[1 1],[0. 1.],0,1,[0.6 0.6],1.0,0.0,1.0
884,0.0,1,443.0,2,885,1,False,0.0,0,1.0,[1 1],[0. 1.],0,1,[0.6 0.6],1.0,0.0,1.0
885,0.0,1,443.0,0,886,0,False,1.0,1,0.0,[1 1],[0. 1.],1,1,[0.6 0.6],1.0,0.0,1.0
886,0.0,1,444.0,2,887,1,False,0.0,0,2.0,[1 1],[0. 1.],1,1,[0.6 0.6],1.0,0.0,1.0
887,0.0,1,444.0,0,888,0,False,2.0,1,0.0,[1 2],[0. 1.],1,1,[0.6 0.6],1.0,0.0,1.0
888,0.0,1,445.0,1,889,1,False,0.0,0,2.0,[1 2],[0. 1.],1,1,[0.6 0.6],1.0,0.0,1.0
889,0.0,1,445.0,0,890,0,False,2.0,1,0.0,[2 2],[0. 1.],0,1,[0.6 0.6],1.0,0.0,1.0
890,0.0,1,446.0,2,891,1,False,0.0,0,1.0,[2 2],[0. 1.],0,1,[0.6 0.6],1.0,0.0,1.0
891,1.0,1,446.0,0,892,0,False,1.0,1,0.0,[2 2],[0. 1.],0,1,[0.6 0.6],1.0,0.0,1.0
892,0.0,1,447.0,2,893,1,False,0.0,0,1.0,[2 2],[0. 1.],0,1,[0.6 0.6],1.0,0.0,1.0
893,1.0,1,447.0,0,894,0,False,1.0,1,0.0,[1 1],[0. 1.],1,1,[0.6 0.6],1.0,0.0,1.0
894,0.0,1,448.0,2,895,1,False,0.0,0,2.0,[1 1],[0. 1.],1,1,[0.6 0.6],1.0,0.0,1.0
895,0.0,1,448.0,0,896,0,False,2.0,1,0.0,[1 2],[0. 1.],0,1,[0.6 0.6],1.0,0.0,1.0
896,0.0,1,449.0,2,897,1,False,0.0,0,1.0,[1 2],[0. 1.],0,1,[0.6 0.6],1.0,0.0,1.0
897,1.0,1,449.0,0,898,0,False,1.0,1,0.0,[2 2],[0. 1.],0,1,[0.6 0.6],1.0,0.0,1.0
898,0.0,1,450.0,2,899,1,False,0.0,0,1.0,[2 2],[0. 1.],0,1,[0.6 0.6],1.0,0.0,1.0
899,1.0,1,450.0,0,900,0,False,1.0,1,0.0,[1 1],[0. 1.],1,1,[0.6 0.6],1.0,0.0,1.0
900,0.0,1,451.0,2,901,1,False,0.0,0,2.0,[1 1],[0. 1.],1,1,[0.6 0.6],1.0,0.0,1.0
901,0.0,1,451.0,0,902,0,False,2.0,1,0.0,[2 2],[0. 1.],1,1,[0.6 0.6],1.0,0.0,1.0
902,0.0,1,452.0,2,903,1,False,0.0,0,2.0,[2 2],[0. 1.],1,1,[0.6 0.6],1.0,0.0,1.0
903,1.0,1,452.0,0,904,0,False,2.0,1,0.0,[2 1],[0. 1.],1,1,[0.6 0.6],1.0,0.0,1.0
904,0.0,1,453.0,2,905,1,False,0.0,0,2.0,[2 1],[0. 1.],1,1,[0.6 0.6],1.0,0.0,1.0
905,0.0,1,453.0,0,906,0,False,2.0,1,0.0,[2 2],[0. 1.],0,1,[0.6 0.6],1.0,0.0,1.0
906,0.0,1,454.0,2,907,1,False,0.0,0,1.0,[2 2],[0. 1.],0,1,[0.6 0.6],1.0,0.0,1.0
907,1.0,1,454.0,0,908,0,False,1.0,1,0.0,[2 1],[0. 1.],1,1,[0.6 0.6],1.0,0.0,1.0
908,0.0,1,455.0,2,909,1,False,0.0,0,2.0,[2 1],[0. 1.],1,1,[0.6 0.6],1.0,0.0,1.0
909,0.0,1,455.0,0,910,0,False,2.0,1,0.0,[1 1],[0. 1.],1,1,[0.6 0.6],1.0,0.0,1.0
910,0.0,1,456.0,2,911,1,False,0.0,0,2.0,[1 1],[0. 1.],1,1,[0.6 0.6],1.0,0.0,1.0
911,0.0,1,456.0,0,912,0,False,2.0,1,0.0,[2 1],[0. 1.],1,1,[0.6 0.6],1.0,0.0,1.0
912,0.0,1,457.0,1,913,1,False,0.0,0,2.0,[2 1],[0. 1.],1,1,[0.6 0.6],1.0,0.0,1.0
913,1.0,1,457.0,0,914,0,False,2.0,1,0.0,[2 1],[0. 1.],1,1,[0.6 0.6],1.0,0.0,1.0
914,0.0,1,458.0,1,915,1,False,0.0,0,2.0,[2 1],[0. 1.],1,1,[0.6 0.6],1.0,0.0,1.0
915,1.0,1,458.0,0,916,0,False,2.0,1,0.0,[1 1],[1. 0.],1,0,[0.6 0.6],1.0,0.0,1.0
916,0.0,1,459.0,1,917,1,False,0.0,0,2.0,[1 1],[1. 0.],1,0,[0.6 0.6],1.0,0.0,1.0
917,1.0,1,459.0,0,918,0,False,2.0,1,0.0,[2 1],[1. 0.],0,0,[0.6 0.6],1.0,0.0,1.0
918,0.0,1,460.0,1,919,1,False,0.0,0,1.0,[2 1],[1. 0.],0,0,[0.6 0.6],1.0,0.0,1.0
919,0.0,1,460.0,0,920,0,False,1.0,1,0.0,[1 1],[1. 0.],1,0,[0.6 0.6],1.0,0.0,1.0
920,0.0,1,461.0,1,921,1,False,0.0,0,2.0,[1 1],[1. 0.],1,0,[0.6 0.6],1.0,0.0,1.0
921,1.0,1,461.0,0,922,0,False,2.0,1,0.0,[2 2],[1. 0.],1,0,[0.6 0.6],1.0,0.0,1.0
922,0.0,1,462.0,1,923,1,False,0.0,0,2.0,[2 2],[1. 0.],1,0,[0.6 0.6],1.0,0.0,1.0
923,0.0,1,462.0,0,924,0,False,2.0,1,0.0,[2 2],[1. 0.],0,0,[0.6 0.6],1.0,0.0,1.0
924,0.0,1,463.0,1,925,1,False,0.0,0,1.0,[2 2],[1. 0.],0,0,[0.6 0.6],1.0,0.0,1.0
925,0.0,1,463.0,0,926,0,False,1.0,1,0.0,[1 2],[1. 0.],0,0,[0.6 0.6],1.0,0.0,1.0
926,0.0,1,464.0,1,927,1,False,0.0,0,1.0,[1 2],[1. 0.],0,0,[0.6 0.6],1.0,0.0,1.0
927,1.0,1,464.0,0,928,0,False,1.0,1,0.0,[2 2],[1. 0.],1,0,[0.6 0.6],1.0,0.0,1.0
928,0.0,1,465.0,1,929,1,False,0.0,0,2.0,[2 2],[1. 0.],1,0,[0.6 0.6],1.0,0.0,1.0
929,0.0,1,465.0,0,930,0,False,2.0,1,0.0,[2 1],[1. 0.],1,0,[0.6 0.6],1.0,0.0,1.0
930,0.0,1,466.0,1,931,1,False,0.0,0,2.0,[2 1],[1. 0.],1,0,[0.6 0.6],1.0,0.0,1.0
931,0.0,1,466.0,0,932,0,False,2.0,1,0.0,[2 2],[1. 0.],1,0,[0.6 0.6],1.0,0.0,1.0
932,0.0,1,467.0,2,933,1,False,0.0,0,2.0,[2 2],[1. 0.],1,0,[0.6 0.6],1.0,0.0,1.0
933,0.0,1,467.0,0,934,0,False,2.0,1,0.0,[1 1],[1. 0.],1,0,[0.6 0.6],1.0,0.0,1.0
934,0.0,1,468.0,1,935,1,False,0.0,0,2.0,[1 1],[1. 0.],1,0,[0.6 0.6],1.0,0.0,1.0
935,1.0,1,468.0,0,936,0,False,2.0,1,0.0,[1 2],[1. 0.],1,0,[0.6 0.6],1.0,0.0,1.0
936,0.0,1,469.0,1,937,1,False,0.0,0,2.0,[1 2],[1. 0.],1,0,[0.6 0.6],1.0,0.0,1.0
937,1.0,1,469.0,0,938,0,False,2.0,1,0.0,[2 1],[1. 0.],0,0,[0.6 0.6],1.0,0.0,1.0
938,0.0,1,470.0,1,939,1,False,0.0,0,1.0,[2 1],[1. 0.],0,0,[0.6 0.6],1.0,0.0,1.0
939,0.0,1,470.0,0,940,0,False,1.0,1,0.0,[2 1],[1. 0.],0,0,[0.6 0.6],1.0,0.0,1.0
940,0.0,1,471.0,1,941,1,False,0.0,0,1.0,[2 1],[1. 0.],0,0,[0.6 0.6],1.0,0.0,1.0
941,0.0,1,471.0,0,942,0,False,1.0,1,0.0,[1 2],[1. 0.],0,0,[0.6 0.6],1.0,0.0,1.0
942,0.0,1,472.0,1,943,1,False,0.0,0,1.0,[1 2],[1. 0.],0,0,[0.6 0.6],1.0,0.0,1.0
943,1.0,1,472.0,0,944,0,False,1.0,1,0.0,[1 1],[1. 0.],1,0,[0.6 0.6],1.0,0.0,1.0
944,0.0,1,473.0,1,945,1,False,0.0,0,2.0,[1 1],[1. 0.],1,0,[0.6 0.6],1.0,0.0,1.0
945,1.0,1,473.0,0,946,0,False,2.0,1,0.0,[2 1],[1. 0.],1,0,[0.6 0.6],1.0,0.0,1.0
946,0.0,1,474.0,1,947,1,False,0.0,0,2.0,[2 1],[1. 0.],1,0,[0.6 0.6],1.0,0.0,1.0
947,0.0,1,474.0,0,948,0,False,2.0,1,0.0,[2 1],[1. 0.],1,0,[0.6 0.6],1.0,0.0,1.0
948,0.0,1,475.0,1,949,1,False,0.0,0,2.0,[2 1],[1. 0.],1,0,[0.6 0.6],1.0,0.0,1.0
949,0.0,1,475.0,0,950,0,False,2.0,1,0.0,[2 1],[1. 0.],1,0,[0.6 0.6],1.0,0.0,1.0
950,0.0,1,476.0,1,951,1,False,0.0,0,2.0,[2 1],[1. 0.],1,0,[0.6 0.6],1.0,0.0,1.0
951,0.0,1,476.0,0,952,0,False,2.0,1,0.0,[1 2],[1. 0.],1,0,[0.6 0.6],1.0,0.0,1.0
952,0.0,1,477.0,2,953,1,False,0.0,0,2.0,[1 2],[1. 0.],1,0,[0.6 0.6],1.0,0.0,1.0
953,0.0,1,477.0,0,954,0,False,2.0,1,0.0,[1 1],[1. 0.],1,0,[0.6 0.6],1.0,0.0,1.0
954,0.0,1,478.0,1,955,1,False,0.0,0,2.0,[1 1],[1. 0.],1,0,[0.6 0.6],1.0,0.0,1.0
955,1.0,1,478.0,0,956,0,False,2.0,1,0.0,[2 1],[1. 0.],1,0,[0.6 0.6],1.0,0.0,1.0
956,0.0,1,479.0,1,957,1,False,0.0,0,2.0,[2 1],[1. 0.],1,0,[0.6 0.6],1.0,0.0,1.0
957,0.0,1,479.0,0,958,0,False,2.0,1,0.0,[2 2],[1. 0.],0,0,[0.6 0.6],1.0,0.0,1.0
958,0.0,1,480.0,2,959,1,False,0.0,0,1.0,[2 2],[1. 0.],0,0,[0.6 0.6],1.0,0.0,1.0
959,0.0,1,480.0,0,960,0,False,1.0,1,0.0,[2 2],[1. 0.],0,0,[0.6 0.6],1.0,0.0,1.0
960,0.0,1,481.0,1,961,1,False,0.0,0,1.0,[2 2],[1. 0.],0,0,[0.6 0.6],1.0,0.0,1.0
961,0.0,1,481.0,0,962,0,False,1.0,1,0.0,[1 2],[1. 0.],1,0,[0.6 0.6],1.0,0.0,1.0
962,0.0,1,482.0,2,963,1,False,0.0,0,2.0,[1 2],[1. 0.],1,0,[0.6 0.6],1.0,0.0,1.0
963,0.0,1,482.0,0,964,0,False,2.0,1,0.0,[1 1],[1. 0.],1,0,[0.6 0.6],1.0,0.0,1.0
964,0.0,1,483.0,2,965,1,False,0.0,0,2.0,[1 1],[1. 0.],1,0,[0.6 0.6],1.0,0.0,1.0
965,1.0,1,483.0,0,966,0,False,2.0,1,0.0,[2 2],[1. 0.],0,0,[0.6 0.6],1.0,0.0,1.0
966,0.0,1,484.0,2,967,1,False,0.0,0,1.0,[2 2],[1. 0.],0,0,[0.6 0.6],1.0,0.0,1.0
967,0.0,1,484.0,0,968,0,False,1.0,1,0.0,[2 2],[1. 0.],1,0,[0.6 0.6],1.0,0.0,1.0
968,0.0,1,485.0,2,969,1,False,0.0,0,2.0,[2 2],[1. 0.],1,0,[0.6 0.6],1.0,0.0,1.0
969,0.0,1,485.0,0,970,0,False,2.0,1,0.0,[1 2],[1. 0.],0,0,[0.6 0.6],1.0,0.0,1.0
970,0.0,1,486.0,1,971,1,False,0.0,0,1.0,[1 2],[1. 0.],0,0,[0.6 0.6],1.0,0.0,1.0
971,1.0,1,486.0,0,972,0,False,1.0,1,0.0,[1 2],[1. 0.],1,0,[0.6 0.6],1.0,0.0,1.0
972,0.0,1,487.0,1,973,1,False,0.0,0,2.0,[1 2],[1. 0.],1,0,[0.6 0.6],1.0,0.0,1.0
973,1.0,1,487.0,0,974,0,False,2.0,1,0.0,[1 2],[1. 0.],1,0,[0.6 0.6],1.0,0.0,1.0
974,0.0,1,488.0,1,975,1,False,0.0,0,2.0,[1 2],[1. 0.],1,0,[0.6 0.6],1.0,0.0,1.0
975,1.0,1,488.0,0,976,0,False,2.0,1,0.0,[1 2],[1. 0.],0,0,[0.6 0.6],1.0,0.0,1.0
976,0.0,1,489.0,1,977,1,False,0.0,0,1.0,[1 2],[1. 0.],0,0,[0.6 0.6],1.0,0.0,1.0
977,1.0,1,489.0,0,978,0,False,1.0,1,0.0,[1 1],[1. 0.],0,0,[0.6 0.6],1.0,0.0,1.0
978,0.0,1,490.0,1,979,1,False,0.0,0,1.0,[1 1],[1. 0.],0,0,[0.6 0.6],1.0,0.0,1.0
979,1.0,1,490.0,0,980,0,False,1.0,1,0.0,[1 1],[1. 0.],1,0,[0.6 0.6],1.0,0.0,1.0
980,0.0,1,491.0,1,981,1,False,0.0,0,2.0,[1 1],[1. 0.],1,0,[0.6 0.6],1.0,0.0,1.0
981,1.0,1,491.0,0,982,0,False,2.0,1,0.0,[1 1],[1. 0.],1,0,[0.6 0.6],1.0,0.0,1.0
982,0.0,1,492.0,1,983,1,False,0.0,0,2.0,[1 1],[1. 0.],1,0,[0.6 0.6],1.0,0.0,1.0
983,1.0,1,492.0,0,984,0,False,2.0,1,0.0,[1 1],[1. 0.],0,0,[0.6 0.6],1.0,0.0,1.0
984,0.0,1,493.0,1,985,1,False,0.0,0,1.0,[1 1],[1. 0.],0,0,[0.6 0.6],1.0,0.0,1.0
985,1.0,1,493.0,0,986,0,False,1.0,1,0.0,[1 2],[1. 0.],1,0,[0.6 0.6],1.0,0.0,1.0
986,0.0,1,494.0,1,987,1,False,0.0,0,2.0,[1 2],[1. 0.],1,0,[0.6 0.6],1.0,0.0,1.0
987,1.0,1,494.0,0,988,0,False,2.0,1,0.0,[2 2],[1. 0.],1,0,[0.6 0.6],1.0,0.0,1.0
988,0.0,1,495.0,1,989,1,False,0.0,0,2.0,[2 2],[1. 0.],1,0,[0.6 0.6],1.0,0.0,1.0
989,0.0,1,495.0,0,990,0,False,2.0,1,0.0,[1 2],[1. 0.],0,0,[0.6 0.6],1.0,0.0,1.0
990,0.0,1,496.0,1,991,1,False,0.0,0,1.0,[1 2],[1. 0.],0,0,[0.6 0.6],1.0,0.0,1.0
991,1.0,1,496.0,0,992,0,False,1.0,1,0.0,[1 2],[1. 0.],1,0,[0.6 0.6],1.0,0.0,1.0
992,0.0,1,497.0,1,993,1,False,0.0,0,2.0,[1 2],[1. 0.],1,0,[0.6 0.6],1.0,0.0,1.0
993,1.0,1,497.0,0,994,0,False,2.0,1,0.0,[1 1],[1. 0.],0,0,[0.6 0.6],1.0,0.0,1.0
994,0.0,1,498.0,1,995,1,False,0.0,0,1.0,[1 1],[1. 0.],0,0,[0.6 0.6],1.0,0.0,1.0
995,1.0,1,498.0,0,996,0,False,1.0,1,0.0,[2 1],[1. 0.],0,0,[0.6 0.6],1.0,0.0,1.0
996,0.0,1,499.0,1,997,1,False,0.0,0,1.0,[2 1],[1. 0.],0,0,[0.6 0.6],1.0,0.0,1.0
997,0.0,1,499.0,0,998,0,False,1.0,1,0.0,[1 2],[1. 0.],1,0,[0.6 0.6],1.0,0.0,1.0
998,0.0,1,500.0,1,999,1,False,0.0,0,2.0,[1 2],[1. 0.],1,0,[0.6 0.6],1.0,0.0,1.0
999,1.0,1,500.0,0,1000,0,False,2.0,1,0.0,[1 2],[1. 0.],1,0,[0.6 0.6],1.0,0.0,1.0
1000,0.0,1,501.0,1,1001,1,False,0.0,0,2.0,[1 2],[1. 0.],1,0,[0.6 0.6],1.0,0.0,1.0
1001,1.0,1,501.0,0,1002,0,False,2.0,1,0.0,[2 2],[1. 0.],1,0,[0.6 0.6],1.0,0.0,1.0
1002,0.0,1,502.0,1,1003,1,False,0.0,0,2.0,[2 2],[1. 0.],1,0,[0.6 0.6],1.0,0.0,1.0
1003,0.0,1,502.0,0,1004,0,False,2.0,1,0.0,[2 2],[0. 1.],1,1,[0.6 0.6],1.0,0.0,1.0
1004,0.0,1,503.0,1,1005,1,False,0.0,0,2.0,[2 2],[0. 1.],1,1,[0.6 0.6],1.0,0.0,1.0
1005,1.0,1,503.0,0,1006,0,False,2.0,1,0.0,[1 2],[0. 1.],0,1,[0.6 0.6],1.0,0.0,1.0
1006,0.0,1,504.0,1,1007,1,False,0.0,0,1.0,[1 2],[0. 1.],0,1,[0.6 0.6],1.0,0.0,1.0
1007,0.0,1,504.0,0,1008,0,False,1.0,1,0.0,[1 1],[0. 1.],0,1,[0.6 0.6],1.0,0.0,1.0
1008,0.0,1,505.0,1,1009,1,False,0.0,0,1.0,[1 1],[0. 1.],0,1,[0.6 0.6],1.0,0.0,1.0
1009,0.0,1,505.0,0,1010,0,False,1.0,1,0.0,[1 1],[0. 1.],0,1,[0.6 0.6],1.0,0.0,1.0
1010,0.0,1,506.0,1,1011,1,False,0.0,0,1.0,[1 1],[0. 1.],0,1,[0.6 0.6],1.0,0.0,1.0
1011,0.0,1,506.0,0,1012,0,False,1.0,1,0.0,[1 2],[0. 1.],1,1,[0.6 0.6],1.0,0.0,1.0
1012,0.0,1,507.0,2,1013,1,False,0.0,0,2.0,[1 2],[0. 1.],1,1,[0.6 0.6],1.0,0.0,1.0
1013,1.0,1,507.0,0,1014,0,False,2.0,1,0.0,[2 1],[0. 1.],1,1,[0.6 0.6],1.0,0.0,1.0
1014,0.0,1,508.0,2,1015,1,False,0.0,0,2.0,[2 1],[0. 1.],1,1,[0.6 0.6],1.0,0.0,1.0
1015,0.0,1,508.0,0,1016,0,False,2.0,1,0.0,[1 1],[0. 1.],0,1,[0.6 0.6],1.0,0.0,1.0
1016,0.0,1,509.0,2,1017,1,False,0.0,0,1.0,[1 1],[0. 1.],0,1,[0.6 0.6],1.0,0.0,1.0
1017,0.0,1,509.0,0,1018,0,False,1.0,1,0.0,[1 1],[0. 1.],0,1,[0.6 0.6],1.0,0.0,1.0
1018,0.0,1,510.0,1,1019,1,False,0.0,0,1.0,[1 1],[0. 1.],0,1,[0.6 0.6],1.0,0.0,1.0
1019,0.0,1,510.0,0,1020,0,False,1.0,1,0.0,[1 2],[0. 1.],0,1,[0.6 0.6],1.0,0.0,1.0
1020,0.0,1,511.0,2,1021,1,False,0.0,0,1.0,[1 2],[0. 1.],0,1,[0.6 0.6],1.0,0.0,1.0
1021,1.0,1,511.0,0,1022,0,False,1.0,1,0.0,[2 2],[0. 1.],1,1,[0.6 0.6],1.0,0.0,1.0
1022,0.0,1,512.0,2,1023,1,False,0.0,0,2.0,[2 2],[0. 1.],1,1,[0.6 0.6],1.0,0.0,1.0
1023,1.0,1,512.0,0,1024,0,False,2.0,1,0.0,[2 1],[0. 1.],0,1,[0.6 0.6],1.0,0.0,1.0
1024,0.0,1,513.0,2,1025,1,False,0.0,0,1.0,[2 1],[0. 1.],0,1,[0.6 0.6],1.0,0.0,1.0
1025,0.0,1,513.0,0,1026,0,False,1.0,1,0.0,[2 2],[0. 1.],0,1,[0.6 0.6],1.0,0.0,1.0
1026,0.0,1,514.0,2,1027,1,False,0.0,0,1.0,[2 2],[0. 1.],0,1,[0.6 0.6],1.0,0.0,1.0
1027,1.0,1,514.0,0,1028,0,False,1.0,1,0.0,[1 1],[0. 1.],1,1,[0.6 0.6],1.0,0.0,1.0
1028,0.0,1,515.0,2,1029,1,False,0.0,0,2.0,[1 1],[0. 1.],1,1,[0.6 0.6],1.0,0.0,1.0
1029,0.0,1,515.0,0,1030,0,False,2.0,1,0.0,[2 1],[0. 1.],1,1,[0.6 0.6],1.0,0.0,1.0
1030,0.0,1,516.0,2,1031,1,False,0.0,0,2.0,[2 1],[0. 1.],1,1,[0.6 0.6],1.0,0.0,1.0
1031,0.0,1,516.0,0,1032,0,False,2.0,1,0.0,[1 2],[0. 1.],1,1,[0.6 0.6],1.0,0.0,1.0
1032,0.0,1,517.0,1,1033,1,False,0.0,0,2.0,[1 2],[0. 1.],1,1,[0.6 0.6],1.0,0.0,1.0
1033,0.0,1,517.0,0,1034,0,False,2.0,1,0.0,[1 1],[0. 1.],1,1,[0.6 0.6],1.0,0.0,1.0
1034,0.0,1,518.0,2,1035,1,False,0.0,0,2.0,[1 1],[0. 1.],1,1,[0.6 0.6],1.0,0.0,1.0
1035,0.0,1,518.0,0,1036,0,False,2.0,1,0.0,[2 2],[0. 1.],1,1,[0.6 0.6],1.0,0.0,1.0
1036,0.0,1,519.0,1,1037,1,False,0.0,0,2.0,[2 2],[0. 1.],1,1,[0.6 0.6],1.0,0.0,1.0
1037,1.0,1,519.0,0,1038,0,False,2.0,1,0.0,[2 2],[0. 1.],1,1,[0.6 0.6],1.0,0.0,1.0
1038,0.0,1,520.0,1,1039,1,False,0.0,0,2.0,[2 2],[0. 1.],1,1,[0.6 0.6],1.0,0.0,1.0
1039,1.0,1,520.0,0,1040,0,False,2.0,1,0.0,[2 2],[0. 1.],0,1,[0.6 0.6],1.0,0.0,1.0
1040,0.0,1,521.0,1,1041,1,False,0.0,0,1.0,[2 2],[0. 1.],0,1,[0.6 0.6],1.0,0.0,1.0
1041,1.0,1,521.0,0,1042,0,False,1.0,1,0.0,[2 2],[0. 1.],0,1,[0.6 0.6],1.0,0.0,1.0
1042,0.0,1,522.0,1,1043,1,False,0.0,0,1.0,[2 2],[0. 1.],0,1,[0.6 0.6],1.0,0.0,1.0
1043,1.0,1,522.0,0,1044,0,False,1.0,1,0.0,[2 2],[0. 1.],1,1,[0.6 0.6],1.0,0.0,1.0
1044,0.0,1,523.0,1,1045,1,False,0.0,0,2.0,[2 2],[0. 1.],1,1,[0.6 0.6],1.0,0.0,1.0
1045,1.0,1,523.0,0,1046,0,False,2.0,1,0.0,[1 1],[0. 1.],0,1,[0.6 0.6],1.0,0.0,1.0
1046,0.0,1,524.0,1,1047,1,False,0.0,0,1.0,[1 1],[0. 1.],0,1,[0.6 0.6],1.0,0.0,1.0
1047,0.0,1,524.0,0,1048,0,False,1.0,1,0.0,[2 1],[0. 1.],1,1,[0.6 0.6],1.0,0.0,1.0
1048,0.0,1,525.0,1,1049,1,False,0.0,0,2.0,[2 1],[0. 1.],1,1,[0.6 0.6],1.0,0.0,1.0
1049,1.0,1,525.0,0,1050,0,False,2.0,1,0.0,[1 2],[0. 1.],0,1,[0.6 0.6],1.0,0.0,1.0
1050,0.0,1,526.0,1,1051,1,False,0.0,0,1.0,[1 2],[0. 1.],0,1,[0.6 0.6],1.0,0.0,1.0
1051,0.0,1,526.0,0,1052,0,False,1.0,1,0.0,[1 1],[0. 1.],0,1,[0.6 0.6],1.0,0.0,1.0
1052,0.0,1,527.0,1,1053,1,False,0.0,0,1.0,[1 1],[0. 1.],0,1,[0.6 0.6],1.0,0.0,1.0
1053,0.0,1,527.0,0,1054,0,False,1.0,1,0.0,[1 1],[0. 1.],0,1,[0.6 0.6],1.0,0.0,1.0
1054,0.0,1,528.0,1,1055,1,False,0.0,0,1.0,[1 1],[0. 1.],0,1,[0.6 0.6],1.0,0.0,1.0
1055,0.0,1,528.0,0,1056,0,False,1.0,1,0.0,[2 1],[0. 1.],1,1,[0.6 0.6],1.0,0.0,1.0
1056,0.0,1,529.0,2,1057,1,False,0.0,0,2.0,[2 1],[0. 1.],1,1,[0.6 0.6],1.0,0.0,1.0
1057,0.0,1,529.0,0,1058,0,False,2.0,1,0.0,[1 1],[0. 1.],0,1,[0.6 0.6],1.0,0.0,1.0
1058,0.0,1,530.0,2,1059,1,False,0.0,0,1.0,[1 1],[0. 1.],0,1,[0.6 0.6],1.0,0.0,1.0
1059,0.0,1,530.0,0,1060,0,False,1.0,1,0.0,[1 2],[0. 1.],0,1,[0.6 0.6],1.0,0.0,1.0
1060,0.0,1,531.0,1,1061,1,False,0.0,0,1.0,[1 2],[0. 1.],0,1,[0.6 0.6],1.0,0.0,1.0
1061,0.0,1,531.0,0,1062,0,False,1.0,1,0.0,[1 1],[0. 1.],1,1,[0.6 0.6],1.0,0.0,1.0
1062,0.0,1,532.0,2,1063,1,False,0.0,0,2.0,[1 1],[0. 1.],1,1,[0.6 0.6],1.0,0.0,1.0
1063,0.0,1,532.0,0,1064,0,False,2.0,1,0.0,[2 1],[0. 1.],1,1,[0.6 0.6],1.0,0.0,1.0
1064,0.0,1,533.0,2,1065,1,False,0.0,0,2.0,[2 1],[0. 1.],1,1,[0.6 0.6],1.0,0.0,1.0
1065,0.0,1,533.0,0,1066,0,False,2.0,1,0.0,[2 1],[0. 1.],0,1,[0.6 0.6],1.0,0.0,1.0
1066,0.0,1,534.0,1,1067,1,False,0.0,0,1.0,[2 1],[0. 1.],0,1,[0.6 0.6],1.0,0.0,1.0
1067,1.0,1,534.0,0,1068,0,False,1.0,1,0.0,[1 2],[0. 1.],1,1,[0.6 0.6],1.0,0.0,1.0
1068,0.0,1,535.0,1,1069,1,False,0.0,0,2.0,[1 2],[0. 1.],1,1,[0.6 0.6],1.0,0.0,1.0
1069,0.0,1,535.0,0,1070,0,False,2.0,1,0.0,[2 1],[0. 1.],0,1,[0.6 0.6],1.0,0.0,1.0
1070,0.0,1,536.0,1,1071,1,False,0.0,0,1.0,[2 1],[0. 1.],0,1,[0.6 0.6],1.0,0.0,1.0
1071,1.0,1,536.0,0,1072,0,False,1.0,1,0.0,[2 1],[0. 1.],1,1,[0.6 0.6],1.0,0.0,1.0
1072,0.0,1,537.0,1,1073,1,False,0.0,0,2.0,[2 1],[0. 1.],1,1,[0.6 0.6],1.0,0.0,1.0
1073,1.0,1,537.0,0,1074,0,False,2.0,1,0.0,[2 1],[0. 1.],0,1,[0.6 0.6],1.0,0.0,1.0
1074,0.0,1,538.0,1,1075,1,False,0.0,0,1.0,[2 1],[0. 1.],0,1,[0.6 0.6],1.0,0.0,1.0
1075,1.0,1,538.0,0,1076,0,False,1.0,1,0.0,[2 2],[0. 1.],1,1,[0.6 0.6],1.0,0.0,1.0
1076,0.0,1,539.0,1,1077,1,False,0.0,0,2.0,[2 2],[0. 1.],1,1,[0.6 0.6],1.0,0.0,1.0
1077,1.0,1,539.0,0,1078,0,False,2.0,1,0.0,[2 1],[0. 1.],0,1,[0.6 0.6],1.0,0.0,1.0
1078,0.0,1,540.0,1,1079,1,False,0.0,0,1.0,[2 1],[0. 1.],0,1,[0.6 0.6],1.0,0.0,1.0
1079,1.0,1,540.0,0,1080,0,False,1.0,1,0.0,[1 1],[0. 1.],0,1,[0.6 0.6],1.0,0.0,1.0
1080,0.0,1,541.0,1,1081,1,False,0.0,0,1.0,[1 1],[0. 1.],0,1,[0.6 0.6],1.0,0.0,1.0
1081,0.0,1,541.0,0,1082,0,False,1.0,1,0.0,[2 1],[0. 1.],1,1,[0.6 0.6],1.0,0.0,1.0
1082,0.0,1,542.0,1,1083,1,False,0.0,0,2.0,[2 1],[0. 1.],1,1,[0.6 0.6],1.0,0.0,1.0
1083,1.0,1,542.0,0,1084,0,False,2.0,1,0.0,[2 1],[0. 1.],0,1,[0.6 0.6],1.0,0.0,1.0
1084,0.0,1,543.0,1,1085,1,False,0.0,0,1.0,[2 1],[0. 1.],0,1,[0.6 0.6],1.0,0.0,1.0
1085,1.0,1,543.0,0,1086,0,False,1.0,1,0.0,[2 2],[0. 1.],0,1,[0.6 0.6],1.0,0.0,1.0
1086,0.0,1,544.0,1,1087,1,False,0.0,0,1.0,[2 2],[0. 1.],0,1,[0.6 0.6],1.0,0.0,1.0
1087,1.0,1,544.0,0,1088,0,False,1.0,1,0.0,[2 2],[0. 1.],1,1,[0.6 0.6],1.0,0.0,1.0
1088,0.0,1,545.0,1,1089,1,False,0.0,0,2.0,[2 2],[0. 1.],1,1,[0.6 0.6],1.0,0.0,1.0
1089,1.0,1,545.0,0,1090,0,False,2.0,1,0.0,[2 1],[0. 1.],1,1,[0.6 0.6],1.0,0.0,1.0
1090,0.0,1,546.0,1,1091,1,False,0.0,0,2.0,[2 1],[0. 1.],1,1,[0.6 0.6],1.0,0.0,1.0
1091,1.0,1,546.0,0,1092,0,False,2.0,1,0.0,[2 2],[0. 1.],1,1,[0.6 0.6],1.0,0.0,1.0
1092,0.0,1,547.0,1,1093,1,False,0.0,0,2.0,[2 2],[0. 1.],1,1,[0.6 0.6],1.0,0.0,1.0
1093,1.0,1,547.0,0,1094,0,False,2.0,1,0.0,[1 1],[0. 1.],1,1,[0.6 0.6],1.0,0.0,1.0
1094,0.0,1,548.0,1,1095,1,False,0.0,0,2.0,[1 1],[0. 1.],1,1,[0.6 0.6],1.0,0.0,1.0
1095,0.0,1,548.0,0,1096,0,False,2.0,1,0.0,[1 2],[0. 1.],1,1,[0.6 0.6],1.0,0.0,1.0
1096,0.0,1,549.0,1,1097,1,False,0.0,0,2.0,[1 2],[0. 1.],1,1,[0.6 0.6],1.0,0.0,1.0
1097,0.0,1,549.0,0,1098,0,False,2.0,1,0.0,[1 1],[0. 1.],0,1,[0.6 0.6],1.0,0.0,1.0
1098,0.0,1,550.0,1,1099,1,False,0.0,0,1.0,[1 1],[0. 1.],0,1,[0.6 0.6],1.0,0.0,1.0
1099,0.0,1,550.0,0,1100,0,False,1.0,1,0.0,[1 2],[1. 0.],1,0,[0.6 0.6],1.0,0.0,1.0
1100,0.0,1,551.0,1,1101,1,False,0.0,0,2.0,[1 2],[1. 0.],1,0,[0.6 0.6],1.0,0.0,1.0
1101,1.0,1,551.0,0,1102,0,False,2.0,1,0.0,[1 1],[1. 0.],1,0,[0.6 0.6],1.0,0.0,1.0
1102,0.0,1,552.0,1,1103,1,False,0.0,0,2.0,[1 1],[1. 0.],1,0,[0.6 0.6],1.0,0.0,1.0
1103,1.0,1,552.0,0,1104,0,False,2.0,1,0.0,[2 1],[1. 0.],1,0,[0.6 0.6],1.0,0.0,1.0
1104,0.0,1,553.0,1,1105,1,False,0.0,0,2.0,[2 1],[1. 0.],1,0,[0.6 0.6],1.0,0.0,1.0
1105,0.0,1,553.0,0,1106,0,False,2.0,1,0.0,[1 1],[1. 0.],1,0,[0.6 0.6],1.0,0.0,1.0
1106,0.0,1,554.0,1,1107,1,False,0.0,0,2.0,[1 1],[1. 0.],1,0,[0.6 0.6],1.0,0.0,1.0
1107,1.0,1,554.0,0,1108,0,False,2.0,1,0.0,[2 2],[1. 0.],0,0,[0.6 0.6],1.0,0.0,1.0
1108,0.0,1,555.0,1,1109,1,False,0.0,0,1.0,[2 2],[1. 0.],0,0,[0.6 0.6],1.0,0.0,1.0
1109,0.0,1,555.0,0,1110,0,False,1.0,1,0.0,[1 1],[1. 0.],0,0,[0.6 0.6],1.0,0.0,1.0
1110,0.0,1,556.0,1,1111,1,False,0.0,0,1.0,[1 1],[1. 0.],0,0,[0.6 0.6],1.0,0.0,1.0
1111,1.0,1,556.0,0,1112,0,False,1.0,1,0.0,[1 1],[1. 0.],1,0,[0.6 0.6],1.0,0.0,1.0
1112,0.0,1,557.0,1,1113,1,False,0.0,0,2.0,[1 1],[1. 0.],1,0,[0.6 0.6],1.0,0.0,1.0
1113,1.0,1,557.0,0,1114,0,False,2.0,1,0.0,[1 1],[0. 1.],0,1,[0.6 0.6],1.0,0.0,1.0
1114,0.0,1,558.0,1,1115,1,False,0.0,0,1.0,[1 1],[0. 1.],0,1,[0.6 0.6],1.0,0.0,1.0
1115,0.0,1,558.0,0,1116,0,False,1.0,1,0.0,[2 1],[0. 1.],1,1,[0.6 0.6],1.0,0.0,1.0
1116,0.0,1,559.0,1,1117,1,False,0.0,0,2.0,[2 1],[0. 1.],1,1,[0.6 0.6],1.0,0.0,1.0
1117,1.0,1,559.0,0,1118,0,False,2.0,1,0.0,[2 2],[0. 1.],0,1,[0.6 0.6],1.0,0.0,1.0
1118,0.0,1,560.0,1,1119,1,False,0.0,0,1.0,[2 2],[0. 1.],0,1,[0.6 0.6],1.0,0.0,1.0
1119,1.0,1,560.0,0,1120,0,False,1.0,1,0.0,[1 1],[0. 1.],1,1,[0.6 0.6],1.0,0.0,1.0
1120,0.0,1,561.0,1,1121,1,False,0.0,0,2.0,[1 1],[0. 1.],1,1,[0.6 0.6],1.0,0.0,1.0
1121,0.0,1,561.0,0,1122,0,False,2.0,1,0.0,[2 1],[0. 1.],0,1,[0.6 0.6],1.0,0.0,1.0
1122,0.0,1,562.0,1,1123,1,False,0.0,0,1.0,[2 1],[0. 1.],0,1,[0.6 0.6],1.0,0.0,1.0
1123,1.0,1,562.0,0,1124,0,False,1.0,1,0.0,[2 1],[0. 1.],1,1,[0.6 0.6],1.0,0.0,1.0
1124,0.0,1,563.0,1,1125,1,False,0.0,0,2.0,[2 1],[0. 1.],1,1,[0.6 0.6],1.0,0.0,1.0
1125,1.0,1,563.0,0,1126,0,False,2.0,1,0.0,[2 1],[0. 1.],0,1,[0.6 0.6],1.0,0.0,1.0
1126,0.0,1,564.0,1,1127,1,False,0.0,0,1.0,[2 1],[0. 1.],0,1,[0.6 0.6],1.0,0.0,1.0
1127,1.0,1,564.0,0,1128,0,False,1.0,1,0.0,[2 1],[0. 1.],0,1,[0.6 0.6],1.0,0.0,1.0
1128,0.0,1,565.0,1,1129,1,False,0.0,0,1.0,[2 1],[0. 1.],0,1,[0.6 0.6],1.0,0.0,1.0
1129,1.0,1,565.0,0,1130,0,False,1.0,1,0.0,[1 2],[0. 1.],1,1,[0.6 0.6],1.0,0.0,1.0
1130,0.0,1,566.0,1,1131,1,False,0.0,0,2.0,[1 2],[0. 1.],1,1,[0.6 0.6],1.0,0.0,1.0
1131,0.0,1,566.0,0,1132,0,False,2.0,1,0.0,[2 2],[0. 1.],1,1,[0.6 0.6],1.0,0.0,1.0
1132,0.0,1,567.0,1,1133,1,False,0.0,0,2.0,[2 2],[0. 1.],1,1,[0.6 0.6],1.0,0.0,1.0
1133,1.0,1,567.0,0,1134,0,False,2.0,1,0.0,[2 1],[0. 1.],0,1,[0.6 0.6],1.0,0.0,1.0
1134,0.0,1,568.0,1,1135,1,False,0.0,0,1.0,[2 1],[0. 1.],0,1,[0.6 0.6],1.0,0.0,1.0
1135,1.0,1,568.0,0,1136,0,False,1.0,1,0.0,[2 1],[0. 1.],1,1,[0.6 0.6],1.0,0.0,1.0
1136,0.0,1,569.0,1,1137,1,False,0.0,0,2.0,[2 1],[0. 1.],1,1,[0.6 0.6],1.0,0.0,1.0
1137,1.0,1,569.0,0,1138,0,False,2.0,1,0.0,[2 2],[0. 1.],0,1,[0.6 0.6],1.0,0.0,1.0
1138,0.0,1,570.0,1,1139,1,False,0.0,0,1.0,[2 2],[0. 1.],0,1,[0.6 0.6],1.0,0.0,1.0
1139,1.0,1,570.0,0,1140,0,False,1.0,1,0.0,[1 1],[0. 1.],0,1,[0.6 0.6],1.0,0.0,1.0
1140,0.0,1,571.0,1,1141,1,False,0.0,0,1.0,[1 1],[0. 1.],0,1,[0.6 0.6],1.0,0.0,1.0
1141,0.0,1,571.0,0,1142,0,False,1.0,1,0.0,[1 1],[0. 1.],1,1,[0.6 0.6],1.0,0.0,1.0
1142,0.0,1,572.0,1,1143,1,False,0.0,0,2.0,[1 1],[0. 1.],1,1,[0.6 0.6],1.0,0.0,1.0
1143,0.0,1,572.0,0,1144,0,False,2.0,1,0.0,[2 1],[0. 1.],0,1,[0.6 0.6],1.0,0.0,1.0
1144,0.0,1,573.0,1,1145,1,False,0.0,0,1.0,[2 1],[0. 1.],0,1,[0.6 0.6],1.0,0.0,1.0
1145,1.0,1,573.0,0,1146,0,False,1.0,1,0.0,[2 2],[0. 1.],1,1,[0.6 0.6],1.0,0.0,1.0
1146,0.0,1,574.0,1,1147,1,False,0.0,0,2.0,[2 2],[0. 1.],1,1,[0.6 0.6],1.0,0.0,1.0
1147,1.0,1,574.0,0,1148,0,False,2.0,1,0.0,[1 1],[0. 1.],1,1,[0.6 0.6],1.0,0.0,1.0
1148,0.0,1,575.0,1,1149,1,False,0.0,0,2.0,[1 1],[0. 1.],1,1,[0.6 0.6],1.0,0.0,1.0
1149,0.0,1,575.0,0,1150,0,False,2.0,1,0.0,[2 2],[0. 1.],1,1,[0.6 0.6],1.0,0.0,1.0
1150,0.0,1,576.0,1,1151,1,False,0.0,0,2.0,[2 2],[0. 1.],1,1,[0.6 0.6],1.0,0.0,1.0
1151,1.0,1,576.0,0,1152,0,False,2.0,1,0.0,[2 2],[0. 1.],0,1,[0.6 0.6],1.0,0.0,1.0
1152,0.0,1,577.0,1,1153,1,False,0.0,0,1.0,[2 2],[0. 1.],0,1,[0.6 0.6],1.0,0.0,1.0
1153,1.0,1,577.0,0,1154,0,False,1.0,1,0.0,[1 2],[0. 1.],1,1,[0.6 0.6],1.0,0.0,1.0
1154,0.0,1,578.0,1,1155,1,False,0.0,0,2.0,[1 2],[0. 1.],1,1,[0.6 0.6],1.0,0.0,1.0
1155,0.0,1,578.0,0,1156,0,False,2.0,1,0.0,[1 2],[0. 1.],1,1,[0.6 0.6],1.0,0.0,1.0
1156,0.0,1,579.0,1,1157,1,False,0.0,0,2.0,[1 2],[0. 1.],1,1,[0.6 0.6],1.0,0.0,1.0
1157,0.0,1,579.0,0,1158,0,False,2.0,1,0.0,[2 2],[0. 1.],1,1,[0.6 0.6],1.0,0.0,1.0
1158,0.0,1,580.0,1,1159,1,False,0.0,0,2.0,[2 2],[0. 1.],1,1,[0.6 0.6],1.0,0.0,1.0
1159,1.0,1,580.0,0,1160,0,False,2.0,1,0.0,[1 2],[0. 1.],1,1,[0.6 0.6],1.0,0.0,1.0
1160,0.0,1,581.0,1,1161,1,False,0.0,0,2.0,[1 2],[0. 1.],1,1,[0.6 0.6],1.0,0.0,1.0
1161,0.0,1,581.0,0,1162,0,False,2.0,1,0.0,[1 1],[0. 1.],1,1,[0.6 0.6],1.0,0.0,1.0
1162,0.0,1,582.0,1,1163,1,False,0.0,0,2.0,[1 1],[0. 1.],1,1,[0.6 0.6],1.0,0.0,1.0
1163,0.0,1,582.0,0,1164,0,False,2.0,1,0.0,[2 2],[0. 1.],1,1,[0.6 0.6],1.0,0.0,1.0
1164,0.0,1,583.0,2,1165,1,False,0.0,0,2.0,[2 2],[0. 1.],1,1,[0.6 0.6],1.0,0.0,1.0
1165,1.0,1,583.0,0,1166,0,False,2.0,1,0.0,[1 2],[0. 1.],0,1,[0.6 0.6],1.0,0.0,1.0
1166,0.0,1,584.0,2,1167,1,False,0.0,0,1.0,[1 2],[0. 1.],0,1,[0.6 0.6],1.0,0.0,1.0
1167,1.0,1,584.0,0,1168,0,False,1.0,1,0.0,[1 2],[0. 1.],0,1,[0.6 0.6],1.0,0.0,1.0
1168,0.0,1,585.0,2,1169,1,False,0.0,0,1.0,[1 2],[0. 1.],0,1,[0.6 0.6],1.0,0.0,1.0
1169,1.0,1,585.0,0,1170,0,False,1.0,1,0.0,[2 1],[0. 1.],1,1,[0.6 0.6],1.0,0.0,1.0
1170,0.0,1,586.0,2,1171,1,False,0.0,0,2.0,[2 1],[0. 1.],1,1,[0.6 0.6],1.0,0.0,1.0
1171,0.0,1,586.0,0,1172,0,False,2.0,1,0.0,[1 1],[0. 1.],0,1,[0.6 0.6],1.0,0.0,1.0
1172,0.0,1,587.0,2,1173,1,False,0.0,0,1.0,[1 1],[0. 1.],0,1,[0.6 0.6],1.0,0.0,1.0
1173,0.0,1,587.0,0,1174,0,False,1.0,1,0.0,[1 2],[0. 1.],0,1,[0.6 0.6],1.0,0.0,1.0
1174,0.0,1,588.0,2,1175,1,False,0.0,0,1.0,[1 2],[0. 1.],0,1,[0.6 0.6],1.0,0.0,1.0
1175,1.0,1,588.0,0,1176,0,False,1.0,1,0.0,[1 2],[0. 1.],1,1,[0.6 0.6],1.0,0.0,1.0
1176,0.0,1,589.0,2,1177,1,False,0.0,0,2.0,[1 2],[0. 1.],1,1,[0.6 0.6],1.0,0.0,1.0
1177,1.0,1,589.0,0,1178,0,False,2.0,1,0.0,[2 1],[0. 1.],1,1,[0.6 0.6],1.0,0.0,1.0
1178,0.0,1,590.0,2,1179,1,False,0.0,0,2.0,[2 1],[0. 1.],1,1,[0.6 0.6],1.0,0.0,1.0
1179,0.0,1,590.0,0,1180,0,False,2.0,1,0.0,[2 2],[0. 1.],1,1,[0.6 0.6],1.0,0.0,1.0
1180,0.0,1,591.0,2,1181,1,False,0.0,0,2.0,[2 2],[0. 1.],1,1,[0.6 0.6],1.0,0.0,1.0
1181,1.0,1,591.0,0,1182,0,False,2.0,1,0.0,[2 1],[0. 1.],1,1,[0.6 0.6],1.0,0.0,1.0
1182,0.0,1,592.0,2,1183,1,False,0.0,0,2.0,[2 1],[0. 1.],1,1,[0.6 0.6],1.0,0.0,1.0
1183,0.0,1,592.0,0,1184,0,False,2.0,1,0.0,[1 1],[0. 1.],1,1,[0.6 0.6],1.0,0.0,1.0
1184,0.0,1,593.0,1,1185,1,False,0.0,0,2.0,[1 1],[0. 1.],1,1,[0.6 0.6],1.0,0.0,1.0
1185,0.0,1,593.0,0,1186,0,False,2.0,1,0.0,[1 2],[0. 1.],0,1,[0.6 0.6],1.0,0.0,1.0
1186,0.0,1,594.0,2,1187,1,False,0.0,0,1.0,[1 2],[0. 1.],0,1,[0.6 0.6],1.0,0.0,1.0
1187,1.0,1,594.0,0,1188,0,False,1.0,1,0.0,[2 2],[0. 1.],1,1,[0.6 0.6],1.0,0.0,1.0
1188,0.0,1,595.0,2,1189,1,False,0.0,0,2.0,[2 2],[0. 1.],1,1,[0.6 0.6],1.0,0.0,1.0
1189,1.0,1,595.0,0,1190,0,False,2.0,1,0.0,[2 2],[0. 1.],1,1,[0.6 0.6],1.0,0.0,1.0
1190,0.0,1,596.0,2,1191,1,False,0.0,0,2.0,[2 2],[0. 1.],1,1,[0.6 0.6],1.0,0.0,1.0
1191,1.0,1,596.0,0,1192,0,False,2.0,1,0.0,[1 2],[0. 1.],0,1,[0.6 0.6],1.0,0.0,1.0
1192,0.0,1,597.0,2,1193,1,False,0.0,0,1.0,[1 2],[0. 1.],0,1,[0.6 0.6],1.0,0.0,1.0
1193,1.0,1,597.0,0,1194,0,False,1.0,1,0.0,[2 1],[0. 1.],0,1,[0.6 0.6],1.0,0.0,1.0
1194,0.0,1,598.0,2,1195,1,False,0.0,0,1.0,[2 1],[0. 1.],0,1,[0.6 0.6],1.0,0.0,1.0
1195,0.0,1,598.0,0,1196,0,False,1.0,1,0.0,[2 2],[0. 1.],0,1,[0.6 0.6],1.0,0.0,1.0
1196,0.0,1,599.0,2,1197,1,False,0.0,0,1.0,[2 2],[0. 1.],0,1,[0.6 0.6],1.0,0.0,1.0
1197,1.0,1,599.0,0,1198,0,False,1.0,1,0.0,[1 2],[0. 1.],1,1,[0.6 0.6],1.0,0.0,1.0
1198,0.0,1,600.0,2,1199,1,False,0.0,0,2.0,[1 2],[0. 1.],1,1,[0.6 0.6],1.0,0.0,1.0
1199,1.0,1,600.0,0,1200,0,False,2.0,1,0.0,[2 2],[0. 1.],1,1,[0.6 0.6],1.0,0.0,1.0
1200,0.0,1,601.0,2,1201,1,False,0.0,0,2.0,[2 2],[0. 1.],1,1,[0.6 0.6],1.0,0.0,1.0
1201,1.0,1,601.0,0,1202,0,False,2.0,1,0.0,[1 2],[0. 1.],1,1,[0.6 0.6],1.0,0.0,1.0
1202,0.0,1,602.0,2,1203,1,False,0.0,0,2.0,[1 2],[0. 1.],1,1,[0.6 0.6],1.0,0.0,1.0
1203,1.0,1,602.0,0,1204,0,False,2.0,1,0.0,[1 2],[0. 1.],0,1,[0.6 0.6],1.0,0.0,1.0
1204,0.0,1,603.0,2,1205,1,False,0.0,0,1.0,[1 2],[0. 1.],0,1,[0.6 0.6],1.0,0.0,1.0
1205,1.0,1,603.0,0,1206,0,False,1.0,1,0.0,[2 1],[0. 1.],0,1,[0.6 0.6],1.0,0.0,1.0
1206,0.0,1,604.0,2,1207,1,False,0.0,0,1.0,[2 1],[0. 1.],0,1,[0.6 0.6],1.0,0.0,1.0
1207,0.0,1,604.0,0,1208,0,False,1.0,1,0.0,[1 2],[0. 1.],0,1,[0.6 0.6],1.0,0.0,1.0
1208,0.0,1,605.0,2,1209,1,False,0.0,0,1.0,[1 2],[0. 1.],0,1,[0.6 0.6],1.0,0.0,1.0
1209,1.0,1,605.0,0,1210,0,False,1.0,1,0.0,[1 2],[0. 1.],0,1,[0.6 0.6],1.0,0.0,1.0
1210,0.0,1,606.0,2,1211,1,False,0.0,0,1.0,[1 2],[0. 1.],0,1,[0.6 0.6],1.0,0.0,1.0
1211,1.0,1,606.0,0,1212,0,False,1.0,1,0.0,[2 1],[0. 1.],1,1,[0.6 0.6],1.0,0.0,1.0
1212,0.0,1,607.0,2,1213,1,False,0.0,0,2.0,[2 1],[0. 1.],1,1,[0.6 0.6],1.0,0.0,1.0
1213,0.0,1,607.0,0,1214,0,False,2.0,1,0.0,[1 1],[0. 1.],1,1,[0.6 0.6],1.0,0.0,1.0
1214,0.0,1,608.0,2,1215,1,False,0.0,0,2.0,[1 1],[0. 1.],1,1,[0.6 0.6],1.0,0.0,1.0
1215,0.0,1,608.0,0,1216,0,False,2.0,1,0.0,[1 1],[0. 1.],0,1,[0.6 0.6],1.0,0.0,1.0
1216,0.0,1,609.0,1,1217,1,False,0.0,0,1.0,[1 1],[0. 1.],0,1,[0.6 0.6],1.0,0.0,1.0
1217,0.0,1,609.0,0,1218,0,False,1.0,1,0.0,[2 2],[0. 1.],1,1,[0.6 0.6],1.0,0.0,1.0
1218,0.0,1,610.0,1,1219,1,False,0.0,0,2.0,[2 2],[0. 1.],1,1,[0.6 0.6],1.0,0.0,1.0
1219,1.0,1,610.0,0,1220,0,False,2.0,1,0.0,[1 2],[0. 1.],0,1,[0.6 0.6],1.0,0.0,1.0
1220,0.0,1,611.0,1,1221,1,False,0.0,0,1.0,[1 2],[0. 1.],0,1,[0.6 0.6],1.0,0.0,1.0
1221,0.0,1,611.0,0,1222,0,False,1.0,1,0.0,[1 2],[0. 1.],1,1,[0.6 0.6],1.0,0.0,1.0
1222,0.0,1,612.0,1,1223,1,False,0.0,0,2.0,[1 2],[0. 1.],1,1,[0.6 0.6],1.0,0.0,1.0
1223,0.0,1,612.0,0,1224,0,False,2.0,1,0.0,[1 1],[0. 1.],1,1,[0.6 0.6],1.0,0.0,1.0
1224,0.0,1,613.0,2,1225,1,False,0.0,0,2.0,[1 1],[0. 1.],1,1,[0.6 0.6],1.0,0.0,1.0
1225,0.0,1,613.0,0,1226,0,False,2.0,1,0.0,[2 1],[0. 1.],1,1,[0.6 0.6],1.0,0.0,1.0
1226,0.0,1,614.0,1,1227,1,False,0.0,0,2.0,[2 1],[0. 1.],1,1,[0.6 0.6],1.0,0.0,1.0
1227,1.0,1,614.0,0,1228,0,False,2.0,1,0.0,[1 1],[0. 1.],1,1,[0.6 0.6],1.0,0.0,1.0
1228,0.0,1,615.0,1,1229,1,False,0.0,0,2.0,[1 1],[0. 1.],1,1,[0.6 0.6],1.0,0.0,1.0
1229,0.0,1,615.0,0,1230,0,False,2.0,1,0.0,[2 2],[0. 1.],1,1,[0.6 0.6],1.0,0.0,1.0
1230,0.0,1,616.0,2,1231,1,False,0.0,0,2.0,[2 2],[0. 1.],1,1,[0.6 0.6],1.0,0.0,1.0
1231,1.0,1,616.0,0,1232,0,False,2.0,1,0.0,[2 2],[0. 1.],0,1,[0.6 0.6],1.0,0.0,1.0
1232,0.0,1,617.0,2,1233,1,False,0.0,0,1.0,[2 2],[0. 1.],0,1,[0.6 0.6],1.0,0.0,1.0
1233,1.0,1,617.0,0,1234,0,False,1.0,1,0.0,[1 2],[0. 1.],1,1,[0.6 0.6],1.0,0.0,1.0
1234,0.0,1,618.0,2,1235,1,False,0.0,0,2.0,[1 2],[0. 1.],1,1,[0.6 0.6],1.0,0.0,1.0
1235,1.0,1,618.0,0,1236,0,False,2.0,1,0.0,[2 2],[0. 1.],0,1,[0.6 0.6],1.0,0.0,1.0
1236,0.0,1,619.0,2,1237,1,False,0.0,0,1.0,[2 2],[0. 1.],0,1,[0.6 0.6],1.0,0.0,1.0
1237,1.0,1,619.0,0,1238,0,False,1.0,1,0.0,[1 2],[0. 1.],0,1,[0.6 0.6],1.0,0.0,1.0
1238,0.0,1,620.0,2,1239,1,False,0.0,0,1.0,[1 2],[0. 1.],0,1,[0.6 0.6],1.0,0.0,1.0
1239,1.0,1,620.0,0,1240,0,False,1.0,1,0.0,[1 2],[0. 1.],0,1,[0.6 0.6],1.0,0.0,1.0
1240,0.0,1,621.0,2,1241,1,False,0.0,0,1.0,[1 2],[0. 1.],0,1,[0.6 0.6],1.0,0.0,1.0
1241,1.0,1,621.0,0,1242,0,False,1.0,1,0.0,[2 1],[0. 1.],0,1,[0.6 0.6],1.0,0.0,1.0
1242,0.0,1,622.0,2,1243,1,False,0.0,0,1.0,[2 1],[0. 1.],0,1,[0.6 0.6],1.0,0.0,1.0
1243,0.0,1,622.0,0,1244,0,False,1.0,1,0.0,[1 1],[0. 1.],1,1,[0.6 0.6],1.0,0.0,1.0
1244,0.0,1,623.0,2,1245,1,False,0.0,0,2.0,[1 1],[0. 1.],1,1,[0.6 0.6],1.0,0.0,1.0
1245,0.0,1,623.0,0,1246,0,False,2.0,1,0.0,[1 2],[0. 1.],0,1,[0.6 0.6],1.0,0.0,1.0
1246,0.0,1,624.0,2,1247,1,False,0.0,0,1.0,[1 2],[0. 1.],0,1,[0.6 0.6],1.0,0.0,1.0
1247,1.0,1,624.0,0,1248,0,False,1.0,1,0.0,[2 2],[0. 1.],0,1,[0.6 0.6],1.0,0.0,1.0
1248,0.0,1,625.0,2,1249,1,False,0.0,0,1.0,[2 2],[0. 1.],0,1,[0.6 0.6],1.0,0.0,1.0
1249,1.0,1,625.0,0,1250,0,False,1.0,1,0.0,[2 1],[0. 1.],0,1,[0.6 0.6],1.0,0.0,1.0
1250,0.0,1,626.0,2,1251,1,False,0.0,0,1.0,[2 1],[0. 1.],0,1,[0.6 0.6],1.0,0.0,1.0
1251,0.0,1,626.0,0,1252,0,False,1.0,1,0.0,[2 2],[0. 1.],0,1,[0.6 0.6],1.0,0.0,1.0
1252,0.0,1,627.0,2,1253,1,False,0.0,0,1.0,[2 2],[0. 1.],0,1,[0.6 0.6],1.0,0.0,1.0
1253,1.0,1,627.0,0,1254,0,False,1.0,1,0.0,[2 1],[0. 1.],0,1,[0.6 0.6],1.0,0.0,1.0
1254,0.0,1,628.0,2,1255,1,False,0.0,0,1.0,[2 1],[0. 1.],0,1,[0.6 0.6],1.0,0.0,1.0
1255,0.0,1,628.0,0,1256,0,False,1.0,1,0.0,[1 1],[0. 1.],1,1,[0.6 0.6],1.0,0.0,1.0
1256,0.0,1,629.0,2,1257,1,False,0.0,0,2.0,[1 1],[0. 1.],1,1,[0.6 0.6],1.0,0.0,1.0
1257,0.0,1,629.0,0,1258,0,False,2.0,1,0.0,[2 2],[0. 1.],1,1,[0.6 0.6],1.0,0.0,1.0
1258,0.0,1,630.0,2,1259,1,False,0.0,0,2.0,[2 2],[0. 1.],1,1,[0.6 0.6],1.0,0.0,1.0
1259,1.0,1,630.0,0,1260,0,False,2.0,1,0.0,[1 1],[0. 1.],0,1,[0.6 0.6],1.0,0.0,1.0
1260,0.0,1,631.0,2,1261,1,False,0.0,0,1.0,[1 1],[0. 1.],0,1,[0.6 0.6],1.0,0.0,1.0
1261,0.0,1,631.0,0,1262,0,False,1.0,1,0.0,[1 1],[0. 1.],1,1,[0.6 0.6],1.0,0.0,1.0
1262,0.0,1,632.0,2,1263,1,False,0.0,0,2.0,[1 1],[0. 1.],1,1,[0.6 0.6],1.0,0.0,1.0
1263,0.0,1,632.0,0,1264,0,False,2.0,1,0.0,[1 2],[0. 1.],1,1,[0.6 0.6],1.0,0.0,1.0
1264,0.0,1,633.0,1,1265,1,False,0.0,0,2.0,[1 2],[0. 1.],1,1,[0.6 0.6],1.0,0.0,1.0
1265,0.0,1,633.0,0,1266,0,False,2.0,1,0.0,[1 1],[0. 1.],1,1,[0.6 0.6],1.0,0.0,1.0
1266,0.0,1,634.0,2,1267,1,False,0.0,0,2.0,[1 1],[0. 1.],1,1,[0.6 0.6],1.0,0.0,1.0
1267,0.0,1,634.0,0,1268,0,False,2.0,1,0.0,[1 2],[0. 1.],0,1,[0.6 0.6],1.0,0.0,1.0
1268,0.0,1,635.0,1,1269,1,False,0.0,0,1.0,[1 2],[0. 1.],0,1,[0.6 0.6],1.0,0.0,1.0
1269,0.0,1,635.0,0,1270,0,False,1.0,1,0.0,[2 2],[0. 1.],1,1,[0.6 0.6],1.0,0.0,1.0
1270,0.0,1,636.0,1,1271,1,False,0.0,0,2.0,[2 2],[0. 1.],1,1,[0.6 0.6],1.0,0.0,1.0
1271,1.0,1,636.0,0,1272,0,False,2.0,1,0.0,[2 1],[1. 0.],0,0,[0.6 0.6],1.0,0.0,1.0
1272,0.0,1,637.0,1,1273,1,False,0.0,0,1.0,[2 1],[1. 0.],0,0,[0.6 0.6],1.0,0.0,1.0
1273,0.0,1,637.0,0,1274,0,False,1.0,1,0.0,[1 1],[0. 1.],1,1,[0.6 0.6],1.0,0.0,1.0
1274,0.0,1,638.0,1,1275,1,False,0.0,0,2.0,[1 1],[0. 1.],1,1,[0.6 0.6],1.0,0.0,1.0
1275,0.0,1,638.0,0,1276,0,False,2.0,1,0.0,[2 1],[0. 1.],0,1,[0.6 0.6],1.0,0.0,1.0
1276,0.0,1,639.0,2,1277,1,False,0.0,0,1.0,[2 1],[0. 1.],0,1,[0.6 0.6],1.0,0.0,1.0
1277,0.0,1,639.0,0,1278,0,False,1.0,1,0.0,[2 1],[0. 1.],1,1,[0.6 0.6],1.0,0.0,1.0
1278,0.0,1,640.0,1,1279,1,False,0.0,0,2.0,[2 1],[0. 1.],1,1,[0.6 0.6],1.0,0.0,1.0
1279,1.0,1,640.0,0,1280,0,False,2.0,1,0.0,[2 1],[0. 1.],1,1,[0.6 0.6],1.0,0.0,1.0
1280,0.0,1,641.0,1,1281,1,False,0.0,0,2.0,[2 1],[0. 1.],1,1,[0.6 0.6],1.0,0.0,1.0
1281,1.0,1,641.0,0,1282,0,False,2.0,1,0.0,[1 1],[0. 1.],0,1,[0.6 0.6],1.0,0.0,1.0
1282,0.0,1,642.0,1,1283,1,False,0.0,0,1.0,[1 1],[0. 1.],0,1,[0.6 0.6],1.0,0.0,1.0
1283,0.0,1,642.0,0,1284,0,False,1.0,1,0.0,[1 2],[0. 1.],0,1,[0.6 0.6],1.0,0.0,1.0
1284,0.0,1,643.0,1,1285,1,False,0.0,0,1.0,[1 2],[0. 1.],0,1,[0.6 0.6],1.0,0.0,1.0
1285,0.0,1,643.0,0,1286,0,False,1.0,1,0.0,[1 2],[0. 1.],1,1,[0.6 0.6],1.0,0.0,1.0
1286,0.0,1,644.0,1,1287,1,False,0.0,0,2.0,[1 2],[0. 1.],1,1,[0.6 0.6],1.0,0.0,1.0
1287,0.0,1,644.0,0,1288,0,False,2.0,1,0.0,[2 2],[0. 1.],1,1,[0.6 0.6],1.0,0.0,1.0
1288,0.0,1,645.0,2,1289,1,False,0.0,0,2.0,[2 2],[0. 1.],1,1,[0.6 0.6],1.0,0.0,1.0
1289,1.0,1,645.0,0,1290,0,False,2.0,1,0.0,[2 1],[0. 1.],1,1,[0.6 0.6],1.0,0.0,1.0
1290,0.0,1,646.0,2,1291,1,False,0.0,0,2.0,[2 1],[0. 1.],1,1,[0.6 0.6],1.0,0.0,1.0
1291,0.0,1,646.0,0,1292,0,False,2.0,1,0.0,[1 1],[0. 1.],1,1,[0.6 0.6],1.0,0.0,1.0
1292,0.0,1,647.0,1,1293,1,False,0.0,0,2.0,[1 1],[0. 1.],1,1,[0.6 0.6],1.0,0.0,1.0
1293,0.0,1,647.0,0,1294,0,False,2.0,1,0.0,[1 1],[0. 1.],0,1,[0.6 0.6],1.0,0.0,1.0
1294,0.0,1,648.0,2,1295,1,False,0.0,0,1.0,[1 1],[0. 1.],0,1,[0.6 0.6],1.0,0.0,1.0
1295,0.0,1,648.0,0,1296,0,False,1.0,1,0.0,[2 1],[0. 1.],0,1,[0.6 0.6],1.0,0.0,1.0
1296,0.0,1,649.0,1,1297,1,False,0.0,0,1.0,[2 1],[0. 1.],0,1,[0.6 0.6],1.0,0.0,1.0
1297,1.0,1,649.0,0,1298,0,False,1.0,1,0.0,[2 1],[0. 1.],0,1,[0.6 0.6],1.0,0.0,1.0
1298,0.0,1,650.0,1,1299,1,False,0.0,0,1.0,[2 1],[0. 1.],0,1,[0.6 0.6],1.0,0.0,1.0
1299,1.0,1,650.0,0,1300,0,False,1.0,1,0.0,[2 2],[0. 1.],0,1,[0.6 0.6],1.0,0.0,1.0
1300,0.0,1,651.0,1,1301,1,False,0.0,0,1.0,[2 2],[0. 1.],0,1,[0.6 0.6],1.0,0.0,1.0
1301,1.0,1,651.0,0,1302,0,False,1.0,1,0.0,[1 1],[0. 1.],0,1,[0.6 0.6],1.0,0.0,1.0
1302,0.0,1,652.0,1,1303,1,False,0.0,0,1.0,[1 1],[0. 1.],0,1,[0.6 0.6],1.0,0.0,1.0
1303,0.0,1,652.0,0,1304,0,False,1.0,1,0.0,[1 1],[0. 1.],0,1,[0.6 0.6],1.0,0.0,1.0
1304,0.0,1,653.0,1,1305,1,False,0.0,0,1.0,[1 1],[0. 1.],0,1,[0.6 0.6],1.0,0.0,1.0
1305,0.0,1,653.0,0,1306,0,False,1.0,1,0.0,[1 1],[0. 1.],1,1,[0.6 0.6],1.0,0.0,1.0
1306,0.0,1,654.0,1,1307,1,False,0.0,0,2.0,[1 1],[0. 1.],1,1,[0.6 0.6],1.0,0.0,1.0
1307,0.0,1,654.0,0,1308,0,False,2.0,1,0.0,[2 1],[0. 1.],1,1,[0.6 0.6],1.0,0.0,1.0
1308,0.0,1,655.0,1,1309,1,False,0.0,0,2.0,[2 1],[0. 1.],1,1,[0.6 0.6],1.0,0.0,1.0
1309,1.0,1,655.0,0,1310,0,False,2.0,1,0.0,[2 2],[0. 1.],1,1,[0.6 0.6],1.0,0.0,1.0
1310,0.0,1,656.0,1,1311,1,False,0.0,0,2.0,[2 2],[0. 1.],1,1,[0.6 0.6],1.0,0.0,1.0
1311,1.0,1,656.0,0,1312,0,False,2.0,1,0.0,[2 1],[0. 1.],0,1,[0.6 0.6],1.0,0.0,1.0
1312,0.0,1,657.0,1,1313,1,False,0.0,0,1.0,[2 1],[0. 1.],0,1,[0.6 0.6],1.0,0.0,1.0
1313,1.0,1,657.0,0,1314,0,False,1.0,1,0.0,[1 2],[0. 1.],0,1,[0.6 0.6],1.0,0.0,1.0
1314,0.0,1,658.0,1,1315,1,False,0.0,0,1.0,[1 2],[0. 1.],0,1,[0.6 0.6],1.0,0.0,1.0
1315,0.0,1,658.0,0,1316,0,False,1.0,1,0.0,[1 1],[0. 1.],0,1,[0.6 0.6],1.0,0.0,1.0
1316,0.0,1,659.0,1,1317,1,False,0.0,0,1.0,[1 1],[0. 1.],0,1,[0.6 0.6],1.0,0.0,1.0
1317,0.0,1,659.0,0,1318,0,False,1.0,1,0.0,[1 2],[0. 1.],0,1,[0.6 0.6],1.0,0.0,1.0
1318,0.0,1,660.0,1,1319,1,False,0.0,0,1.0,[1 2],[0. 1.],0,1,[0.6 0.6],1.0,0.0,1.0
1319,0.0,1,660.0,0,1320,0,False,1.0,1,0.0,[2 1],[0. 1.],0,1,[0.6 0.6],1.0,0.0,1.0
1320,0.0,1,661.0,1,1321,1,False,0.0,0,1.0,[2 1],[0. 1.],0,1,[0.6 0.6],1.0,0.0,1.0
1321,1.0,1,661.0,0,1322,0,False,1.0,1,0.0,[1 2],[0. 1.],1,1,[0.6 0.6],1.0,0.0,1.0
1322,0.0,1,662.0,1,1323,1,False,0.0,0,2.0,[1 2],[0. 1.],1,1,[0.6 0.6],1.0,0.0,1.0
1323,0.0,1,662.0,0,1324,0,False,2.0,1,0.0,[2 1],[0. 1.],0,1,[0.6 0.6],1.0,0.0,1.0
1324,0.0,1,663.0,1,1325,1,False,0.0,0,1.0,[2 1],[0. 1.],0,1,[0.6 0.6],1.0,0.0,1.0
1325,1.0,1,663.0,0,1326,0,False,1.0,1,0.0,[1 1],[0. 1.],1,1,[0.6 0.6],1.0,0.0,1.0
1326,0.0,1,664.0,1,1327,1,False,0.0,0,2.0,[1 1],[0. 1.],1,1,[0.6 0.6],1.0,0.0,1.0
1327,0.0,1,664.0,0,1328,0,False,2.0,1,0.0,[2 1],[0. 1.],1,1,[0.6 0.6],1.0,0.0,1.0
1328,0.0,1,665.0,1,1329,1,False,0.0,0,2.0,[2 1],[0. 1.],1,1,[0.6 0.6],1.0,0.0,1.0
1329,1.0,1,665.0,0,1330,0,False,2.0,1,0.0,[2 1],[0. 1.],0,1,[0.6 0.6],1.0,0.0,1.0
1330,0.0,1,666.0,1,1331,1,False,0.0,0,1.0,[2 1],[0. 1.],0,1,[0.6 0.6],1.0,0.0,1.0
1331,1.0,1,666.0,0,1332,0,False,1.0,1,0.0,[1 1],[0. 1.],1,1,[0.6 0.6],1.0,0.0,1.0
1332,0.0,1,667.0,1,1333,1,False,0.0,0,2.0,[1 1],[0. 1.],1,1,[0.6 0.6],1.0,0.0,1.0
1333,0.0,1,667.0,0,1334,0,False,2.0,1,0.0,[2 2],[0. 1.],1,1,[0.6 0.6],1.0,0.0,1.0
1334,0.0,1,668.0,1,1335,1,False,0.0,0,2.0,[2 2],[0. 1.],1,1,[0.6 0.6],1.0,0.0,1.0
1335,1.0,1,668.0,0,1336,0,False,2.0,1,0.0,[2 1],[0. 1.],0,1,[0.6 0.6],1.0,0.0,1.0
1336,0.0,1,669.0,1,1337,1,False,0.0,0,1.0,[2 1],[0. 1.],0,1,[0.6 0.6],1.0,0.0,1.0
1337,1.0,1,669.0,0,1338,0,False,1.0,1,0.0,[1 2],[0. 1.],0,1,[0.6 0.6],1.0,0.0,1.0
1338,0.0,1,670.0,1,1339,1,False,0.0,0,1.0,[1 2],[0. 1.],0,1,[0.6 0.6],1.0,0.0,1.0
1339,0.0,1,670.0,0,1340,0,False,1.0,1,0.0,[2 2],[0. 1.],0,1,[0.6 0.6],1.0,0.0,1.0
1340,0.0,1,671.0,1,1341,1,False,0.0,0,1.0,[2 2],[0. 1.],0,1,[0.6 0.6],1.0,0.0,1.0
1341,1.0,1,671.0,0,1342,0,False,1.0,1,0.0,[2 1],[0. 1.],1,1,[0.6 0.6],1.0,0.0,1.0
1342,0.0,1,672.0,1,1343,1,False,0.0,0,2.0,[2 1],[0. 1.],1,1,[0.6 0.6],1.0,0.0,1.0
1343,1.0,1,672.0,0,1344,0,False,2.0,1,0.0,[1 2],[0. 1.],0,1,[0.6 0.6],1.0,0.0,1.0
1344,0.0,1,673.0,1,1345,1,False,0.0,0,1.0,[1 2],[0. 1.],0,1,[0.6 0.6],1.0,0.0,1.0
1345,0.0,1,673.0,0,1346,0,False,1.0,1,0.0,[1 1],[0. 1.],0,1,[0.6 0.6],1.0,0.0,1.0
1346,0.0,1,674.0,1,1347,1,False,0.0,0,1.0,[1 1],[0. 1.],0,1,[0.6 0.6],1.0,0.0,1.0
1347,0.0,1,674.0,0,1348,0,False,1.0,1,0.0,[2 2],[0. 1.],0,1,[0.6 0.6],1.0,0.0,1.0
1348,0.0,1,675.0,1,1349,1,False,0.0,0,1.0,[2 2],[0. 1.],0,1,[0.6 0.6],1.0,0.0,1.0
1349,1.0,1,675.0,0,1350,0,False,1.0,1,0.0,[1 2],[0. 1.],0,1,[0.6 0.6],1.0,0.0,1.0
1350,0.0,1,676.0,1,1351,1,False,0.0,0,1.0,[1 2],[0. 1.],0,1,[0.6 0.6],1.0,0.0,1.0
1351,0.0,1,676.0,0,1352,0,False,1.0,1,0.0,[1 1],[0. 1.],0,1,[0.6 0.6],1.0,0.0,1.0
1352,0.0,1,677.0,1,1353,1,False,0.0,0,1.0,[1 1],[0. 1.],0,1,[0.6 0.6],1.0,0.0,1.0
1353,0.0,1,677.0,0,1354,0,False,1.0,1,0.0,[1 2],[0. 1.],0,1,[0.6 0.6],1.0,0.0,1.0
1354,0.0,1,678.0,1,1355,1,False,0.0,0,1.0,[1 2],[0. 1.],0,1,[0.6 0.6],1.0,0.0,1.0
1355,0.0,1,678.0,0,1356,0,False,1.0,1,0.0,[1 2],[0. 1.],1,1,[0.6 0.6],1.0,0.0,1.0
1356,0.0,1,679.0,1,1357,1,False,0.0,0,2.0,[1 2],[0. 1.],1,1,[0.6 0.6],1.0,0.0,1.0
1357,0.0,1,679.0,0,1358,0,False,2.0,1,0.0,[2 1],[0. 1.],1,1,[0.6 0.6],1.0,0.0,1.0
1358,0.0,1,680.0,2,1359,1,False,0.0,0,2.0,[2 1],[0. 1.],1,1,[0.6 0.6],1.0,0.0,1.0
1359,0.0,1,680.0,0,1360,0,False,2.0,1,0.0,[1 2],[0. 1.],0,1,[0.6 0.6],1.0,0.0,1.0
1360,0.0,1,681.0,1,1361,1,False,0.0,0,1.0,[1 2],[0. 1.],0,1,[0.6 0.6],1.0,0.0,1.0
1361,0.0,1,681.0,0,1362,0,False,1.0,1,0.0,[2 1],[0. 1.],0,1,[0.6 0.6],1.0,0.0,1.0
1362,0.0,1,682.0,2,1363,1,False,0.0,0,1.0,[2 1],[0. 1.],0,1,[0.6 0.6],1.0,0.0,1.0
1363,0.0,1,682.0,0,1364,0,False,1.0,1,0.0,[1 2],[0. 1.],1,1,[0.6 0.6],1.0,0.0,1.0
1364,0.0,1,683.0,1,1365,1,False,0.0,0,2.0,[1 2],[0. 1.],1,1,[0.6 0.6],1.0,0.0,1.0
1365,0.0,1,683.0,0,1366,0,False,2.0,1,0.0,[1 1],[0. 1.],0,1,[0.6 0.6],1.0,0.0,1.0
1366,0.0,1,684.0,2,1367,1,False,0.0,0,1.0,[1 1],[0. 1.],0,1,[0.6 0.6],1.0,0.0,1.0
1367,0.0,1,684.0,0,1368,0,False,1.0,1,0.0,[1 1],[0. 1.],0,1,[0.6 0.6],1.0,0.0,1.0
1368,0.0,1,685.0,2,1369,1,False,0.0,0,1.0,[1 1],[0. 1.],0,1,[0.6 0.6],1.0,0.0,1.0
1369,0.0,1,685.0,0,1370,0,False,1.0,1,0.0,[1 1],[0. 1.],0,1,[0.6 0.6],1.0,0.0,1.0
1370,0.0,1,686.0,1,1371,1,False,0.0,0,1.0,[1 1],[0. 1.],0,1,[0.6 0.6],1.0,0.0,1.0
1371,0.0,1,686.0,0,1372,0,False,1.0,1,0.0,[2 1],[0. 1.],1,1,[0.6 0.6],1.0,0.0,1.0
1372,0.0,1,687.0,2,1373,1,False,0.0,0,2.0,[2 1],[0. 1.],1,1,[0.6 0.6],1.0,0.0,1.0
1373,0.0,1,687.0,0,1374,0,False,2.0,1,0.0,[1 1],[0. 1.],0,1,[0.6 0.6],1.0,0.0,1.0
1374,0.0,1,688.0,1,1375,1,False,0.0,0,1.0,[1 1],[0. 1.],0,1,[0.6 0.6],1.0,0.0,1.0
1375,0.0,1,688.0,0,1376,0,False,1.0,1,0.0,[2 2],[0. 1.],1,1,[0.6 0.6],1.0,0.0,1.0
1376,0.0,1,689.0,2,1377,1,False,0.0,0,2.0,[2 2],[0. 1.],1,1,[0.6 0.6],1.0,0.0,1.0
1377,1.0,1,689.0,0,1378,0,False,2.0,1,0.0,[1 2],[0. 1.],0,1,[0.6 0.6],1.0,0.0,1.0
1378,0.0,1,690.0,2,1379,1,False,0.0,0,1.0,[1 2],[0. 1.],0,1,[0.6 0.6],1.0,0.0,1.0
1379,1.0,1,690.0,0,1380,0,False,1.0,1,0.0,[2 2],[0. 1.],1,1,[0.6 0.6],1.0,0.0,1.0
1380,0.0,1,691.0,2,1381,1,False,0.0,0,2.0,[2 2],[0. 1.],1,1,[0.6 0.6],1.0,0.0,1.0
1381,1.0,1,691.0,0,1382,0,False,2.0,1,0.0,[2 2],[0. 1.],0,1,[0.6 0.6],1.0,0.0,1.0
1382,0.0,1,692.0,2,1383,1,False,0.0,0,1.0,[2 2],[0. 1.],0,1,[0.6 0.6],1.0,0.0,1.0
1383,1.0,1,692.0,0,1384,0,False,1.0,1,0.0,[1 2],[0. 1.],1,1,[0.6 0.6],1.0,0.0,1.0
1384,0.0,1,693.0,2,1385,1,False,0.0,0,2.0,[1 2],[0. 1.],1,1,[0.6 0.6],1.0,0.0,1.0
1385,1.0,1,693.0,0,1386,0,False,2.0,1,0.0,[2 1],[0. 1.],1,1,[0.6 0.6],1.0,0.0,1.0
1386,0.0,1,694.0,2,1387,1,False,0.0,0,2.0,[2 1],[0. 1.],1,1,[0.6 0.6],1.0,0.0,1.0
1387,0.0,1,694.0,0,1388,0,False,2.0,1,0.0,[2 1],[0. 1.],0,1,[0.6 0.6],1.0,0.0,1.0
1388,0.0,1,695.0,2,1389,1,False,0.0,0,1.0,[2 1],[0. 1.],0,1,[0.6 0.6],1.0,0.0,1.0
1389,0.0,1,695.0,0,1390,0,False,1.0,1,0.0,[1 2],[0. 1.],0,1,[0.6 0.6],1.0,0.0,1.0
1390,0.0,1,696.0,2,1391,1,False,0.0,0,1.0,[1 2],[0. 1.],0,1,[0.6 0.6],1.0,0.0,1.0
1391,1.0,1,696.0,0,1392,0,False,1.0,1,0.0,[1 2],[0. 1.],0,1,[0.6 0.6],1.0,0.0,1.0
1392,0.0,1,697.0,2,1393,1,False,0.0,0,1.0,[1 2],[0. 1.],0,1,[0.6 0.6],1.0,0.0,1.0
1393,1.0,1,697.0,0,1394,0,False,1.0,1,0.0,[1 2],[0. 1.],0,1,[0.6 0.6],1.0,0.0,1.0
1394,0.0,1,698.0,2,1395,1,False,0.0,0,1.0,[1 2],[0. 1.],0,1,[0.6 0.6],1.0,0.0,1.0
1395,1.0,1,698.0,0,1396,0,False,1.0,1,0.0,[2 1],[0. 1.],1,1,[0.6 0.6],1.0,0.0,1.0
1396,0.0,1,699.0,2,1397,1,False,0.0,0,2.0,[2 1],[0. 1.],1,1,[0.6 0.6],1.0,0.0,1.0
1397,0.0,1,699.0,0,1398,0,False,2.0,1,0.0,[2 2],[0. 1.],0,1,[0.6 0.6],1.0,0.0,1.0
1398,0.0,1,700.0,2,1399,1,False,0.0,0,1.0,[2 2],[0. 1.],0,1,[0.6 0.6],1.0,0.0,1.0
1399,1.0,1,700.0,0,1400,0,False,1.0,1,0.0,[1 1],[0. 1.],0,1,[0.6 0.6],1.0,0.0,1.0
1400,0.0,1,701.0,2,1401,1,False,0.0,0,1.0,[1 1],[0. 1.],0,1,[0.6 0.6],1.0,0.0,1.0
1401,0.0,1,701.0,0,1402,0,False,1.0,1,0.0,[1 1],[0. 1.],0,1,[0.6 0.6],1.0,0.0,1.0
1402,0.0,1,702.0,2,1403,1,False,0.0,0,1.0,[1 1],[0. 1.],0,1,[0.6 0.6],1.0,0.0,1.0
1403,0.0,1,702.0,0,1404,0,False,1.0,1,0.0,[2 2],[0. 1.],0,1,[0.6 0.6],1.0,0.0,1.0
1404,0.0,1,703.0,2,1405,1,False,0.0,0,1.0,[2 2],[0. 1.],0,1,[0.6 0.6],1.0,0.0,1.0
1405,1.0,1,703.0,0,1406,0,False,1.0,1,0.0,[1 1],[0. 1.],1,1,[0.6 0.6],1.0,0.0,1.0
1406,0.0,1,704.0,2,1407,1,False,0.0,0,2.0,[1 1],[0. 1.],1,1,[0.6 0.6],1.0,0.0,1.0
1407,0.0,1,704.0,0,1408,0,False,2.0,1,0.0,[1 2],[0. 1.],1,1,[0.6 0.6],1.0,0.0,1.0
1408,0.0,1,705.0,2,1409,1,False,0.0,0,2.0,[1 2],[0. 1.],1,1,[0.6 0.6],1.0,0.0,1.0
1409,1.0,1,705.0,0,1410,0,False,2.0,1,0.0,[2 1],[0. 1.],0,1,[0.6 0.6],1.0,0.0,1.0
1410,0.0,1,706.0,2,1411,1,False,0.0,0,1.0,[2 1],[0. 1.],0,1,[0.6 0.6],1.0,0.0,1.0
1411,0.0,1,706.0,0,1412,0,False,1.0,1,0.0,[2 2],[0. 1.],1,1,[0.6 0.6],1.0,0.0,1.0
1412,0.0,1,707.0,2,1413,1,False,0.0,0,2.0,[2 2],[0. 1.],1,1,[0.6 0.6],1.0,0.0,1.0
1413,1.0,1,707.0,0,1414,0,False,2.0,1,0.0,[2 2],[0. 1.],1,1,[0.6 0.6],1.0,0.0,1.0
1414,0.0,1,708.0,2,1415,1,False,0.0,0,2.0,[2 2],[0. 1.],1,1,[0.6 0.6],1.0,0.0,1.0
1415,1.0,1,708.0,0,1416,0,False,2.0,1,0.0,[1 1],[0. 1.],0,1,[0.6 0.6],1.0,0.0,1.0
1416,0.0,1,709.0,2,1417,1,False,0.0,0,1.0,[1 1],[0. 1.],0,1,[0.6 0.6],1.0,0.0,1.0
1417,0.0,1,709.0,0,1418,0,False,1.0,1,0.0,[1 1],[0. 1.],0,1,[0.6 0.6],1.0,0.0,1.0
1418,0.0,1,710.0,2,1419,1,False,0.0,0,1.0,[1 1],[0. 1.],0,1,[0.6 0.6],1.0,0.0,1.0
1419,0.0,1,710.0,0,1420,0,False,1.0,1,0.0,[2 2],[0. 1.],1,1,[0.6 0.6],1.0,0.0,1.0
1420,0.0,1,711.0,2,1421,1,False,0.0,0,2.0,[2 2],[0. 1.],1,1,[0.6 0.6],1.0,0.0,1.0
1421,1.0,1,711.0,0,1422,0,False,2.0,1,0.0,[2 2],[0. 1.],0,1,[0.6 0.6],1.0,0.0,1.0
1422,0.0,1,712.0,2,1423,1,False,0.0,0,1.0,[2 2],[0. 1.],0,1,[0.6 0.6],1.0,0.0,1.0
1423,1.0,1,712.0,0,1424,0,False,1.0,1,0.0,[2 1],[0. 1.],1,1,[0.6 0.6],1.0,0.0,1.0
1424,0.0,1,713.0,2,1425,1,False,0.0,0,2.0,[2 1],[0. 1.],1,1,[0.6 0.6],1.0,0.0,1.0
1425,0.0,1,713.0,0,1426,0,False,2.0,1,0.0,[1 2],[0. 1.],1,1,[0.6 0.6],1.0,0.0,1.0
1426,0.0,1,714.0,2,1427,1,False,0.0,0,2.0,[1 2],[0. 1.],1,1,[0.6 0.6],1.0,0.0,1.0
1427,1.0,1,714.0,0,1428,0,False,2.0,1,0.0,[2 1],[0. 1.],0,1,[0.6 0.6],1.0,0.0,1.0
1428,0.0,1,715.0,2,1429,1,False,0.0,0,1.0,[2 1],[0. 1.],0,1,[0.6 0.6],1.0,0.0,1.0
1429,0.0,1,715.0,0,1430,0,False,1.0,1,0.0,[1 2],[0. 1.],0,1,[0.6 0.6],1.0,0.0,1.0
1430,0.0,1,716.0,2,1431,1,False,0.0,0,1.0,[1 2],[0. 1.],0,1,[0.6 0.6],1.0,0.0,1.0
1431,1.0,1,716.0,0,1432,0,False,1.0,1,0.0,[1 2],[0. 1.],1,1,[0.6 0.6],1.0,0.0,1.0
1432,0.0,1,717.0,2,1433,1,False,0.0,0,2.0,[1 2],[0. 1.],1,1,[0.6 0.6],1.0,0.0,1.0
1433,1.0,1,717.0,0,1434,0,False,2.0,1,0.0,[1 1],[0. 1.],0,1,[0.6 0.6],1.0,0.0,1.0
1434,0.0,1,718.0,2,1435,1,False,0.0,0,1.0,[1 1],[0. 1.],0,1,[0.6 0.6],1.0,0.0,1.0
1435,0.0,1,718.0,0,1436,0,False,1.0,1,0.0,[1 1],[0. 1.],0,1,[0.6 0.6],1.0,0.0,1.0
1436,0.0,1,719.0,2,1437,1,False,0.0,0,1.0,[1 1],[0. 1.],0,1,[0.6 0.6],1.0,0.0,1.0
1437,0.0,1,719.0,0,1438,0,False,1.0,1,0.0,[2 1],[0. 1.],1,1,[0.6 0.6],1.0,0.0,1.0
1438,0.0,1,720.0,2,1439,1,False,0.0,0,2.0,[2 1],[0. 1.],1,1,[0.6 0.6],1.0,0.0,1.0
1439,0.0,1,720.0,0,1440,0,False,2.0,1,0.0,[2 1],[0. 1.],0,1,[0.6 0.6],1.0,0.0,1.0
1440,0.0,1,721.0,2,1441,1,False,0.0,0,1.0,[2 1],[0. 1.],0,1,[0.6 0.6],1.0,0.0,1.0
1441,0.0,1,721.0,0,1442,0,False,1.0,1,0.0,[2 1],[0. 1.],1,1,[0.6 0.6],1.0,0.0,1.0
1442,0.0,1,722.0,2,1443,1,False,0.0,0,2.0,[2 1],[0. 1.],1,1,[0.6 0.6],1.0,0.0,1.0
1443,0.0,1,722.0,0,1444,0,False,2.0,1,0.0,[2 2],[0. 1.],1,1,[0.6 0.6],1.0,0.0,1.0
1444,0.0,1,723.0,1,1445,1,False,0.0,0,2.0,[2 2],[0. 1.],1,1,[0.6 0.6],1.0,0.0,1.0
1445,1.0,1,723.0,0,1446,0,False,2.0,1,0.0,[1 2],[0. 1.],1,1,[0.6 0.6],1.0,0.0,1.0
1446,0.0,1,724.0,1,1447,1,False,0.0,0,2.0,[1 2],[0. 1.],1,1,[0.6 0.6],1.0,0.0,1.0
1447,0.0,1,724.0,0,1448,0,False,2.0,1,0.0,[2 1],[0. 1.],1,1,[0.6 0.6],1.0,0.0,1.0
1448,0.0,1,725.0,2,1449,1,False,0.0,0,2.0,[2 1],[0. 1.],1,1,[0.6 0.6],1.0,0.0,1.0
1449,0.0,1,725.0,0,1450,0,False,2.0,1,0.0,[2 2],[0. 1.],0,1,[0.6 0.6],1.0,0.0,1.0
1450,0.0,1,726.0,1,1451,1,False,0.0,0,1.0,[2 2],[0. 1.],0,1,[0.6 0.6],1.0,0.0,1.0
1451,1.0,1,726.0,0,1452,0,False,1.0,1,0.0,[2 2],[0. 1.],1,1,[0.6 0.6],1.0,0.0,1.0
1452,0.0,1,727.0,1,1453,1,False,0.0,0,2.0,[2 2],[0. 1.],1,1,[0.6 0.6],1.0,0.0,1.0
1453,1.0,1,727.0,0,1454,0,False,2.0,1,0.0,[1 2],[0. 1.],1,1,[0.6 0.6],1.0,0.0,1.0
1454,0.0,1,728.0,1,1455,1,False,0.0,0,2.0,[1 2],[0. 1.],1,1,[0.6 0.6],1.0,0.0,1.0
1455,0.0,1,728.0,0,1456,0,False,2.0,1,0.0,[1 2],[0. 1.],1,1,[0.6 0.6],1.0,0.0,1.0
1456,0.0,1,729.0,1,1457,1,False,0.0,0,2.0,[1 2],[0. 1.],1,1,[0.6 0.6],1.0,0.0,1.0
1457,0.0,1,729.0,0,1458,0,False,2.0,1,0.0,[2 2],[0. 1.],1,1,[0.6 0.6],1.0,0.0,1.0
1458,0.0,1,730.0,2,1459,1,False,0.0,0,2.0,[2 2],[0. 1.],1,1,[0.6 0.6],1.0,0.0,1.0
1459,1.0,1,730.0,0,1460,0,False,2.0,1,0.0,[2 1],[0. 1.],1,1,[0.6 0.6],1.0,0.0,1.0
1460,0.0,1,731.0,2,1461,1,False,0.0,0,2.0,[2 1],[0. 1.],1,1,[0.6 0.6],1.0,0.0,1.0
1461,0.0,1,731.0,0,1462,0,False,2.0,1,0.0,[2 2],[0. 1.],1,1,[0.6 0.6],1.0,0.0,1.0
1462,0.0,1,732.0,1,1463,1,False,0.0,0,2.0,[2 2],[0. 1.],1,1,[0.6 0.6],1.0,0.0,1.0
1463,1.0,1,732.0,0,1464,0,False,2.0,1,0.0,[2 2],[0. 1.],1,1,[0.6 0.6],1.0,0.0,1.0
1464,0.0,1,733.0,1,1465,1,False,0.0,0,2.0,[2 2],[0. 1.],1,1,[0.6 0.6],1.0,0.0,1.0
1465,1.0,1,733.0,0,1466,0,False,2.0,1,0.0,[2 2],[1. 0.],0,0,[0.6 0.6],1.0,0.0,1.0
1466,0.0,1,734.0,1,1467,1,False,0.0,0,1.0,[2 2],[1. 0.],0,0,[0.6 0.6],1.0,0.0,1.0
1467,0.0,1,734.0,0,1468,0,False,1.0,1,0.0,[1 1],[1. 0.],0,0,[0.6 0.6],1.0,0.0,1.0
1468,0.0,1,735.0,1,1469,1,False,0.0,0,1.0,[1 1],[1. 0.],0,0,[0.6 0.6],1.0,0.0,1.0
1469,1.0,1,735.0,0,1470,0,False,1.0,1,0.0,[2 1],[1. 0.],0,0,[0.6 0.6],1.0,0.0,1.0
1470,0.0,1,736.0,1,1471,1,False,0.0,0,1.0,[2 1],[1. 0.],0,0,[0.6 0.6],1.0,0.0,1.0
1471,0.0,1,736.0,0,1472,0,False,1.0,1,0.0,[2 1],[1. 0.],0,0,[0.6 0.6],1.0,0.0,1.0
1472,0.0,1,737.0,1,1473,1,False,0.0,0,1.0,[2 1],[1. 0.],0,0,[0.6 0.6],1.0,0.0,1.0
1473,0.0,1,737.0,0,1474,0,False,1.0,1,0.0,[2 2],[1. 0.],1,0,[0.6 0.6],1.0,0.0,1.0
1474,0.0,1,738.0,1,1475,1,False,0.0,0,2.0,[2 2],[1. 0.],1,0,[0.6 0.6],1.0,0.0,1.0
1475,0.0,1,738.0,0,1476,0,False,2.0,1,0.0,[2 1],[1. 0.],1,0,[0.6 0.6],1.0,0.0,1.0
1476,0.0,1,739.0,1,1477,1,False,0.0,0,2.0,[2 1],[1. 0.],1,0,[0.6 0.6],1.0,0.0,1.0
1477,0.0,1,739.0,0,1478,0,False,2.0,1,0.0,[1 1],[1. 0.],0,0,[0.6 0.6],1.0,0.0,1.0
1478,0.0,1,740.0,2,1479,1,False,0.0,0,1.0,[1 1],[1. 0.],0,0,[0.6 0.6],1.0,0.0,1.0
1479,1.0,1,740.0,0,1480,0,False,1.0,1,0.0,[2 1],[1. 0.],0,0,[0.6 0.6],1.0,0.0,1.0
1480,0.0,1,741.0,2,1481,1,False,0.0,0,1.0,[2 1],[1. 0.],0,0,[0.6 0.6],1.0,0.0,1.0
1481,1.0,1,741.0,0,1482,0,False,1.0,1,0.0,[2 2],[1. 0.],0,0,[0.6 0.6],1.0,0.0,1.0
1482,0.0,1,742.0,2,1483,1,False,0.0,0,1.0,[2 2],[1. 0.],0,0,[0.6 0.6],1.0,0.0,1.0
1483,0.0,1,742.0,0,1484,0,False,1.0,1,0.0,[2 1],[1. 0.],0,0,[0.6 0.6],1.0,0.0,1.0
1484,0.0,1,743.0,2,1485,1,False,0.0,0,1.0,[2 1],[1. 0.],0,0,[0.6 0.6],1.0,0.0,1.0
1485,1.0,1,743.0,0,1486,0,False,1.0,1,0.0,[2 2],[1. 0.],1,0,[0.6 0.6],1.0,0.0,1.0
1486,0.0,1,744.0,2,1487,1,False,0.0,0,2.0,[2 2],[1. 0.],1,0,[0.6 0.6],1.0,0.0,1.0
1487,0.0,1,744.0,0,1488,0,False,2.0,1,0.0,[1 1],[1. 0.],0,0,[0.6 0.6],1.0,0.0,1.0
1488,0.0,1,745.0,2,1489,1,False,0.0,0,1.0,[1 1],[1. 0.],0,0,[0.6 0.6],1.0,0.0,1.0
1489,1.0,1,745.0,0,1490,0,False,1.0,1,0.0,[2 2],[1. 0.],0,0,[0.6 0.6],1.0,0.0,1.0
1490,0.0,1,746.0,2,1491,1,False,0.0,0,1.0,[2 2],[1. 0.],0,0,[0.6 0.6],1.0,0.0,1.0
1491,0.0,1,746.0,0,1492,0,False,1.0,1,0.0,[2 1],[1. 0.],0,0,[0.6 0.6],1.0,0.0,1.0
1492,0.0,1,747.0,2,1493,1,False,0.0,0,1.0,[2 1],[1. 0.],0,0,[0.6 0.6],1.0,0.0,1.0
1493,1.0,1,747.0,0,1494,0,False,1.0,1,0.0,[1 1],[1. 0.],0,0,[0.6 0.6],1.0,0.0,1.0
1494,0.0,1,748.0,2,1495,1,False,0.0,0,1.0,[1 1],[1. 0.],0,0,[0.6 0.6],1.0,0.0,1.0
1495,1.0,1,748.0,0,1496,0,False,1.0,1,0.0,[1 2],[0. 1.],0,1,[0.6 0.6],1.0,0.0,1.0
1496,0.0,1,749.0,2,1497,1,False,0.0,0,1.0,[1 2],[0. 1.],0,1,[0.6 0.6],1.0,0.0,1.0
1497,1.0,1,749.0,0,1498,0,False,1.0,1,0.0,[1 1],[0. 1.],1,1,[0.6 0.6],1.0,0.0,1.0
1498,0.0,1,750.0,2,1499,1,False,0.0,0,2.0,[1 1],[0. 1.],1,1,[0.6 0.6],1.0,0.0,1.0
1499,0.0,1,750.0,0,1500,0,False,2.0,1,0.0,[1 2],[0. 1.],1,1,[0.6 0.6],1.0,0.0,1.0
1500,0.0,1,751.0,2,1501,1,False,0.0,0,2.0,[1 2],[0. 1.],1,1,[0.6 0.6],1.0,0.0,1.0
1501,1.0,1,751.0,0,1502,0,False,2.0,1,0.0,[2 1],[0. 1.],1,1,[0.6 0.6],1.0,0.0,1.0
1502,0.0,1,752.0,2,1503,1,False,0.0,0,2.0,[2 1],[0. 1.],1,1,[0.6 0.6],1.0,0.0,1.0
1503,0.0,1,752.0,0,1504,0,False,2.0,1,0.0,[2 1],[0. 1.],0,1,[0.6 0.6],1.0,0.0,1.0
1504,0.0,1,753.0,2,1505,1,False,0.0,0,1.0,[2 1],[0. 1.],0,1,[0.6 0.6],1.0,0.0,1.0
1505,0.0,1,753.0,0,1506,0,False,1.0,1,0.0,[2 2],[0. 1.],1,1,[0.6 0.6],1.0,0.0,1.0
1506,0.0,1,754.0,2,1507,1,False,0.0,0,2.0,[2 2],[0. 1.],1,1,[0.6 0.6],1.0,0.0,1.0
1507,1.0,1,754.0,0,1508,0,False,2.0,1,0.0,[1 2],[0. 1.],1,1,[0.6 0.6],1.0,0.0,1.0
1508,0.0,1,755.0,2,1509,1,False,0.0,0,2.0,[1 2],[0. 1.],1,1,[0.6 0.6],1.0,0.0,1.0
1509,1.0,1,755.0,0,1510,0,False,2.0,1,0.0,[1 2],[0. 1.],0,1,[0.6 0.6],1.0,0.0,1.0
1510,0.0,1,756.0,2,1511,1,False,0.0,0,1.0,[1 2],[0. 1.],0,1,[0.6 0.6],1.0,0.0,1.0
1511,1.0,1,756.0,0,1512,0,False,1.0,1,0.0,[2 1],[0. 1.],1,1,[0.6 0.6],1.0,0.0,1.0
1512,0.0,1,757.0,2,1513,1,False,0.0,0,2.0,[2 1],[0. 1.],1,1,[0.6 0.6],1.0,0.0,1.0
1513,0.0,1,757.0,0,1514,0,False,2.0,1,0.0,[1 1],[0. 1.],1,1,[0.6 0.6],1.0,0.0,1.0
1514,0.0,1,758.0,2,1515,1,False,0.0,0,2.0,[1 1],[0. 1.],1,1,[0.6 0.6],1.0,0.0,1.0
1515,0.0,1,758.0,0,1516,0,False,2.0,1,0.0,[1 2],[0. 1.],0,1,[0.6 0.6],1.0,0.0,1.0
1516,0.0,1,759.0,1,1517,1,False,0.0,0,1.0,[1 2],[0. 1.],0,1,[0.6 0.6],1.0,0.0,1.0
1517,0.0,1,759.0,0,1518,0,False,1.0,1,0.0,[1 2],[0. 1.],1,1,[0.6 0.6],1.0,0.0,1.0
1518,0.0,1,760.0,1,1519,1,False,0.0,0,2.0,[1 2],[0. 1.],1,1,[0.6 0.6],1.0,0.0,1.0
1519,0.0,1,760.0,0,1520,0,False,2.0,1,0.0,[1 2],[0. 1.],1,1,[0.6 0.6],1.0,0.0,1.0
1520,0.0,1,761.0,2,1521,1,False,0.0,0,2.0,[1 2],[0. 1.],1,1,[0.6 0.6],1.0,0.0,1.0
1521,1.0,1,761.0,0,1522,0,False,2.0,1,0.0,[1 2],[0. 1.],0,1,[0.6 0.6],1.0,0.0,1.0
1522,0.0,1,762.0,2,1523,1,False,0.0,0,1.0,[1 2],[0. 1.],0,1,[0.6 0.6],1.0,0.0,1.0
1523,1.0,1,762.0,0,1524,0,False,1.0,1,0.0,[1 2],[0. 1.],1,1,[0.6 0.6],1.0,0.0,1.0
1524,0.0,1,763.0,2,1525,1,False,0.0,0,2.0,[1 2],[0. 1.],1,1,[0.6 0.6],1.0,0.0,1.0
1525,1.0,1,763.0,0,1526,0,False,2.0,1,0.0,[1 1],[0. 1.],1,1,[0.6 0.6],1.0,0.0,1.0
1526,0.0,1,764.0,2,1527,1,False,0.0,0,2.0,[1 1],[0. 1.],1,1,[0.6 0.6],1.0,0.0,1.0
1527,0.0,1,764.0,0,1528,0,False,2.0,1,0.0,[1 1],[0. 1.],0,1,[0.6 0.6],1.0,0.0,1.0
1528,0.0,1,765.0,2,1529,1,False,0.0,0,1.0,[1 1],[0. 1.],0,1,[0.6 0.6],1.0,0.0,1.0
1529,0.0,1,765.0,0,1530,0,False,1.0,1,0.0,[2 2],[0. 1.],0,1,[0.6 0.6],1.0,0.0,1.0
1530,0.0,1,766.0,2,1531,1,False,0.0,0,1.0,[2 2],[0. 1.],0,1,[0.6 0.6],1.0,0.0,1.0
1531,1.0,1,766.0,0,1532,0,False,1.0,1,0.0,[1 1],[0. 1.],0,1,[0.6 0.6],1.0,0.0,1.0
1532,0.0,1,767.0,2,1533,1,False,0.0,0,1.0,[1 1],[0. 1.],0,1,[0.6 0.6],1.0,0.0,1.0
1533,0.0,1,767.0,0,1534,0,False,1.0,1,0.0,[2 2],[0. 1.],1,1,[0.6 0.6],1.0,0.0,1.0
1534,0.0,1,768.0,2,1535,1,False,0.0,0,2.0,[2 2],[0. 1.],1,1,[0.6 0.6],1.0,0.0,1.0
1535,1.0,1,768.0,0,1536,0,False,2.0,1,0.0,[2 2],[0. 1.],0,1,[0.6 0.6],1.0,0.0,1.0
1536,0.0,1,769.0,2,1537,1,False,0.0,0,1.0,[2 2],[0. 1.],0,1,[0.6 0.6],1.0,0.0,1.0
1537,1.0,1,769.0,0,1538,0,False,1.0,1,0.0,[1 2],[0. 1.],1,1,[0.6 0.6],1.0,0.0,1.0
1538,0.0,1,770.0,2,1539,1,False,0.0,0,2.0,[1 2],[0. 1.],1,1,[0.6 0.6],1.0,0.0,1.0
1539,1.0,1,770.0,0,1540,0,False,2.0,1,0.0,[2 2],[0. 1.],1,1,[0.6 0.6],1.0,0.0,1.0
1540,0.0,1,771.0,2,1541,1,False,0.0,0,2.0,[2 2],[0. 1.],1,1,[0.6 0.6],1.0,0.0,1.0
1541,1.0,1,771.0,0,1542,0,False,2.0,1,0.0,[2 2],[0. 1.],0,1,[0.6 0.6],1.0,0.0,1.0
1542,0.0,1,772.0,2,1543,1,False,0.0,0,1.0,[2 2],[0. 1.],0,1,[0.6 0.6],1.0,0.0,1.0
1543,1.0,1,772.0,0,1544,0,False,1.0,1,0.0,[1 2],[0. 1.],1,1,[0.6 0.6],1.0,0.0,1.0
1544,0.0,1,773.0,2,1545,1,False,0.0,0,2.0,[1 2],[0. 1.],1,1,[0.6 0.6],1.0,0.0,1.0
1545,1.0,1,773.0,0,1546,0,False,2.0,1,0.0,[2 1],[0. 1.],1,1,[0.6 0.6],1.0,0.0,1.0
1546,0.0,1,774.0,2,1547,1,False,0.0,0,2.0,[2 1],[0. 1.],1,1,[0.6 0.6],1.0,0.0,1.0
1547,0.0,1,774.0,0,1548,0,False,2.0,1,0.0,[2 1],[0. 1.],1,1,[0.6 0.6],1.0,0.0,1.0
1548,0.0,1,775.0,2,1549,1,False,0.0,0,2.0,[2 1],[0. 1.],1,1,[0.6 0.6],1.0,0.0,1.0
1549,0.0,1,775.0,0,1550,0,False,2.0,1,0.0,[1 2],[0. 1.],0,1,[0.6 0.6],1.0,0.0,1.0
1550,0.0,1,776.0,1,1551,1,False,0.0,0,1.0,[1 2],[0. 1.],0,1,[0.6 0.6],1.0,0.0,1.0
1551,0.0,1,776.0,0,1552,0,False,1.0,1,0.0,[2 1],[0. 1.],1,1,[0.6 0.6],1.0,0.0,1.0
1552,0.0,1,777.0,1,1553,1,False,0.0,0,2.0,[2 1],[0. 1.],1,1,[0.6 0.6],1.0,0.0,1.0
1553,1.0,1,777.0,0,1554,0,False,2.0,1,0.0,[1 2],[0. 1.],1,1,[0.6 0.6],1.0,0.0,1.0
1554,0.0,1,778.0,1,1555,1,False,0.0,0,2.0,[1 2],[0. 1.],1,1,[0.6 0.6],1.0,0.0,1.0
1555,0.0,1,778.0,0,1556,0,False,2.0,1,0.0,[1 2],[0. 1.],0,1,[0.6 0.6],1.0,0.0,1.0
1556,0.0,1,779.0,2,1557,1,False,0.0,0,1.0,[1 2],[0. 1.],0,1,[0.6 0.6],1.0,0.0,1.0
1557,1.0,1,779.0,0,1558,0,False,1.0,1,0.0,[2 2],[0. 1.],1,1,[0.6 0.6],1.0,0.0,1.0
1558,0.0,1,780.0,2,1559,1,False,0.0,0,2.0,[2 2],[0. 1.],1,1,[0.6 0.6],1.0,0.0,1.0
1559,1.0,1,780.0,0,1560,0,False,2.0,1,0.0,[1 1],[0. 1.],0,1,[0.6 0.6],1.0,0.0,1.0
1560,0.0,1,781.0,2,1561,1,False,0.0,0,1.0,[1 1],[0. 1.],0,1,[0.6 0.6],1.0,0.0,1.0
1561,0.0,1,781.0,0,1562,0,False,1.0,1,0.0,[1 2],[0. 1.],1,1,[0.6 0.6],1.0,0.0,1.0
1562,0.0,1,782.0,2,1563,1,False,0.0,0,2.0,[1 2],[0. 1.],1,1,[0.6 0.6],1.0,0.0,1.0
1563,1.0,1,782.0,0,1564,0,False,2.0,1,0.0,[1 1],[0. 1.],1,1,[0.6 0.6],1.0,0.0,1.0
1564,0.0,1,783.0,2,1565,1,False,0.0,0,2.0,[1 1],[0. 1.],1,1,[0.6 0.6],1.0,0.0,1.0
1565,0.0,1,783.0,0,1566,0,False,2.0,1,0.0,[1 2],[0. 1.],1,1,[0.6 0.6],1.0,0.0,1.0
1566,0.0,1,784.0,2,1567,1,False,0.0,0,2.0,[1 2],[0. 1.],1,1,[0.6 0.6],1.0,0.0,1.0
1567,1.0,1,784.0,0,1568,0,False,2.0,1,0.0,[2 1],[0. 1.],0,1,[0.6 0.6],1.0,0.0,1.0
1568,0.0,1,785.0,2,1569,1,False,0.0,0,1.0,[2 1],[0. 1.],0,1,[0.6 0.6],1.0,0.0,1.0
1569,0.0,1,785.0,0,1570,0,False,1.0,1,0.0,[2 2],[0. 1.],1,1,[0.6 0.6],1.0,0.0,1.0
1570,0.0,1,786.0,2,1571,1,False,0.0,0,2.0,[2 2],[0. 1.],1,1,[0.6 0.6],1.0,0.0,1.0
1571,1.0,1,786.0,0,1572,0,False,2.0,1,0.0,[2 2],[0. 1.],0,1,[0.6 0.6],1.0,0.0,1.0
1572,0.0,1,787.0,2,1573,1,False,0.0,0,1.0,[2 2],[0. 1.],0,1,[0.6 0.6],1.0,0.0,1.0
1573,1.0,1,787.0,0,1574,0,False,1.0,1,0.0,[1 2],[0. 1.],1,1,[0.6 0.6],1.0,0.0,1.0
1574,0.0,1,788.0,2,1575,1,False,0.0,0,2.0,[1 2],[0. 1.],1,1,[0.6 0.6],1.0,0.0,1.0
1575,1.0,1,788.0,0,1576,0,False,2.0,1,0.0,[2 2],[0. 1.],0,1,[0.6 0.6],1.0,0.0,1.0
1576,0.0,1,789.0,2,1577,1,False,0.0,0,1.0,[2 2],[0. 1.],0,1,[0.6 0.6],1.0,0.0,1.0
1577,1.0,1,789.0,0,1578,0,False,1.0,1,0.0,[1 1],[0. 1.],1,1,[0.6 0.6],1.0,0.0,1.0
1578,0.0,1,790.0,2,1579,1,False,0.0,0,2.0,[1 1],[0. 1.],1,1,[0.6 0.6],1.0,0.0,1.0
1579,0.0,1,790.0,0,1580,0,False,2.0,1,0.0,[1 1],[0. 1.],0,1,[0.6 0.6],1.0,0.0,1.0
1580,0.0,1,791.0,2,1581,1,False,0.0,0,1.0,[1 1],[0. 1.],0,1,[0.6 0.6],1.0,0.0,1.0
1581,0.0,1,791.0,0,1582,0,False,1.0,1,0.0,[1 1],[0. 1.],0,1,[0.6 0.6],1.0,0.0,1.0
1582,0.0,1,792.0,2,1583,1,False,0.0,0,1.0,[1 1],[0. 1.],0,1,[0.6 0.6],1.0,0.0,1.0
1583,0.0,1,792.0,0,1584,0,False,1.0,1,0.0,[1 2],[0. 1.],0,1,[0.6 0.6],1.0,0.0,1.0
1584,0.0,1,793.0,2,1585,1,False,0.0,0,1.0,[1 2],[0. 1.],0,1,[0.6 0.6],1.0,0.0,1.0
1585,1.0,1,793.0,0,1586,0,False,1.0,1,0.0,[1 2],[0. 1.],0,1,[0.6 0.6],1.0,0.0,1.0
1586,0.0,1,794.0,2,1587,1,False,0.0,0,1.0,[1 2],[0. 1.],0,1,[0.6 0.6],1.0,0.0,1.0
1587,1.0,1,794.0,0,1588,0,False,1.0,1,0.0,[1 2],[0. 1.],0,1,[0.6 0.6],1.0,0.0,1.0
1588,0.0,1,795.0,2,1589,1,False,0.0,0,1.0,[1 2],[0. 1.],0,1,[0.6 0.6],1.0,0.0,1.0
1589,1.0,1,795.0,0,1590,0,False,1.0,1,0.0,[1 2],[0. 1.],1,1,[0.6 0.6],1.0,0.0,1.0
1590,0.0,1,796.0,2,1591,1,False,0.0,0,2.0,[1 2],[0. 1.],1,1,[0.6 0.6],1.0,0.0,1.0
1591,1.0,1,796.0,0,1592,0,False,2.0,1,0.0,[1 1],[0. 1.],1,1,[0.6 0.6],1.0,0.0,1.0
1592,0.0,1,797.0,2,1593,1,False,0.0,0,2.0,[1 1],[0. 1.],1,1,[0.6 0.6],1.0,0.0,1.0
1593,0.0,1,797.0,0,1594,0,False,2.0,1,0.0,[1 2],[0. 1.],1,1,[0.6 0.6],1.0,0.0,1.0
1594,0.0,1,798.0,2,1595,1,False,0.0,0,2.0,[1 2],[0. 1.],1,1,[0.6 0.6],1.0,0.0,1.0
1595,1.0,1,798.0,0,1596,0,False,2.0,1,0.0,[1 2],[0. 1.],0,1,[0.6 0.6],1.0,0.0,1.0
1596,0.0,1,799.0,2,1597,1,False,0.0,0,1.0,[1 2],[0. 1.],0,1,[0.6 0.6],1.0,0.0,1.0
1597,1.0,1,799.0,0,1598,0,False,1.0,1,0.0,[2 2],[0. 1.],1,1,[0.6 0.6],1.0,0.0,1.0
1598,0.0,1,800.0,2,1599,1,False,0.0,0,2.0,[2 2],[0. 1.],1,1,[0.6 0.6],1.0,0.0,1.0
1599,1.0,1,800.0,0,1600,0,False,2.0,1,0.0,[2 1],[0. 1.],0,1,[0.6 0.6],1.0,0.0,1.0
1600,0.0,1,801.0,2,1601,1,False,0.0,0,1.0,[2 1],[0. 1.],0,1,[0.6 0.6],1.0,0.0,1.0
1601,0.0,1,801.0,0,1602,0,False,1.0,1,0.0,[2 1],[1. 0.],1,0,[0.6 0.6],1.0,0.0,1.0
1602,0.0,1,802.0,2,1603,1,False,0.0,0,2.0,[2 1],[1. 0.],1,0,[0.6 0.6],1.0,0.0,1.0
1603,1.0,1,802.0,0,1604,0,False,2.0,1,0.0,[1 2],[1. 0.],1,0,[0.6 0.6],1.0,0.0,1.0
1604,0.0,1,803.0,2,1605,1,False,0.0,0,2.0,[1 2],[1. 0.],1,0,[0.6 0.6],1.0,0.0,1.0
1605,0.0,1,803.0,0,1606,0,False,2.0,1,0.0,[1 2],[1. 0.],1,0,[0.6 0.6],1.0,0.0,1.0
1606,0.0,1,804.0,2,1607,1,False,0.0,0,2.0,[1 2],[1. 0.],1,0,[0.6 0.6],1.0,0.0,1.0
1607,0.0,1,804.0,0,1608,0,False,2.0,1,0.0,[2 2],[1. 0.],1,0,[0.6 0.6],1.0,0.0,1.0
1608,0.0,1,805.0,1,1609,1,False,0.0,0,2.0,[2 2],[1. 0.],1,0,[0.6 0.6],1.0,0.0,1.0
1609,0.0,1,805.0,0,1610,0,False,2.0,1,0.0,[1 1],[1. 0.],1,0,[0.6 0.6],1.0,0.0,1.0
1610,0.0,1,806.0,2,1611,1,False,0.0,0,2.0,[1 1],[1. 0.],1,0,[0.6 0.6],1.0,0.0,1.0
1611,1.0,1,806.0,0,1612,0,False,2.0,1,0.0,[2 1],[1. 0.],1,0,[0.6 0.6],1.0,0.0,1.0
1612,0.0,1,807.0,2,1613,1,False,0.0,0,2.0,[2 1],[1. 0.],1,0,[0.6 0.6],1.0,0.0,1.0
1613,1.0,1,807.0,0,1614,0,False,2.0,1,0.0,[1 2],[1. 0.],1,0,[0.6 0.6],1.0,0.0,1.0
1614,0.0,1,808.0,2,1615,1,False,0.0,0,2.0,[1 2],[1. 0.],1,0,[0.6 0.6],1.0,0.0,1.0
1615,0.0,1,808.0,0,1616,0,False,2.0,1,0.0,[2 1],[1. 0.],1,0,[0.6 0.6],1.0,0.0,1.0
1616,0.0,1,809.0,1,1617,1,False,0.0,0,2.0,[2 1],[1. 0.],1,0,[0.6 0.6],1.0,0.0,1.0
1617,0.0,1,809.0,0,1618,0,False,2.0,1,0.0,[1 1],[1. 0.],1,0,[0.6 0.6],1.0,0.0,1.0
1618,0.0,1,810.0,2,1619,1,False,0.0,0,2.0,[1 1],[1. 0.],1,0,[0.6 0.6],1.0,0.0,1.0
1619,1.0,1,810.0,0,1620,0,False,2.0,1,0.0,[1 1],[1. 0.],0,0,[0.6 0.6],1.0,0.0,1.0
1620,0.0,1,811.0,2,1621,1,False,0.0,0,1.0,[1 1],[1. 0.],0,0,[0.6 0.6],1.0,0.0,1.0
1621,1.0,1,811.0,0,1622,0,False,1.0,1,0.0,[1 2],[1. 0.],0,0,[0.6 0.6],1.0,0.0,1.0
1622,0.0,1,812.0,2,1623,1,False,0.0,0,1.0,[1 2],[1. 0.],0,0,[0.6 0.6],1.0,0.0,1.0
1623,0.0,1,812.0,0,1624,0,False,1.0,1,0.0,[1 1],[1. 0.],0,0,[0.6 0.6],1.0,0.0,1.0
1624,0.0,1,813.0,2,1625,1,False,0.0,0,1.0,[1 1],[1. 0.],0,0,[0.6 0.6],1.0,0.0,1.0
1625,1.0,1,813.0,0,1626,0,False,1.0,1,0.0,[1 1],[1. 0.],1,0,[0.6 0.6],1.0,0.0,1.0
1626,0.0,1,814.0,2,1627,1,False,0.0,0,2.0,[1 1],[1. 0.],1,0,[0.6 0.6],1.0,0.0,1.0
1627,1.0,1,814.0,0,1628,0,False,2.0,1,0.0,[2 1],[1. 0.],0,0,[0.6 0.6],1.0,0.0,1.0
1628,0.0,1,815.0,2,1629,1,False,0.0,0,1.0,[2 1],[1. 0.],0,0,[0.6 0.6],1.0,0.0,1.0
1629,1.0,1,815.0,0,1630,0,False,1.0,1,0.0,[1 2],[1. 0.],1,0,[0.6 0.6],1.0,0.0,1.0
1630,0.0,1,816.0,2,1631,1,False,0.0,0,2.0,[1 2],[1. 0.],1,0,[0.6 0.6],1.0,0.0,1.0
1631,0.0,1,816.0,0,1632,0,False,2.0,1,0.0,[1 1],[1. 0.],1,0,[0.6 0.6],1.0,0.0,1.0
1632,0.0,1,817.0,2,1633,1,False,0.0,0,2.0,[1 1],[1. 0.],1,0,[0.6 0.6],1.0,0.0,1.0
1633,1.0,1,817.0,0,1634,0,False,2.0,1,0.0,[2 2],[1. 0.],1,0,[0.6 0.6],1.0,0.0,1.0
1634,0.0,1,818.0,2,1635,1,False,0.0,0,2.0,[2 2],[1. 0.],1,0,[0.6 0.6],1.0,0.0,1.0
1635,0.0,1,818.0,0,1636,0,False,2.0,1,0.0,[1 2],[1. 0.],0,0,[0.6 0.6],1.0,0.0,1.0
1636,0.0,1,819.0,1,1637,1,False,0.0,0,1.0,[1 2],[1. 0.],0,0,[0.6 0.6],1.0,0.0,1.0
1637,1.0,1,819.0,0,1638,0,False,1.0,1,0.0,[2 2],[1. 0.],1,0,[0.6 0.6],1.0,0.0,1.0
1638,0.0,1,820.0,1,1639,1,False,0.0,0,2.0,[2 2],[1. 0.],1,0,[0.6 0.6],1.0,0.0,1.0
1639,0.0,1,820.0,0,1640,0,False,2.0,1,0.0,[2 2],[1. 0.],0,0,[0.6 0.6],1.0,0.0,1.0
1640,0.0,1,821.0,1,1641,1,False,0.0,0,1.0,[2 2],[1. 0.],0,0,[0.6 0.6],1.0,0.0,1.0
1641,0.0,1,821.0,0,1642,0,False,1.0,1,0.0,[2 2],[1. 0.],0,0,[0.6 0.6],1.0,0.0,1.0
1642,0.0,1,822.0,1,1643,1,False,0.0,0,1.0,[2 2],[1. 0.],0,0,[0.6 0.6],1.0,0.0,1.0
1643,0.0,1,822.0,0,1644,0,False,1.0,1,0.0,[2 1],[1. 0.],1,0,[0.6 0.6],1.0,0.0,1.0
1644,0.0,1,823.0,1,1645,1,False,0.0,0,2.0,[2 1],[1. 0.],1,0,[0.6 0.6],1.0,0.0,1.0
1645,0.0,1,823.0,0,1646,0,False,2.0,1,0.0,[1 1],[1. 0.],1,0,[0.6 0.6],1.0,0.0,1.0
1646,0.0,1,824.0,2,1647,1,False,0.0,0,2.0,[1 1],[1. 0.],1,0,[0.6 0.6],1.0,0.0,1.0
1647,1.0,1,824.0,0,1648,0,False,2.0,1,0.0,[2 1],[1. 0.],0,0,[0.6 0.6],1.0,0.0,1.0
1648,0.0,1,825.0,2,1649,1,False,0.0,0,1.0,[2 1],[1. 0.],0,0,[0.6 0.6],1.0,0.0,1.0
1649,1.0,1,825.0,0,1650,0,False,1.0,1,0.0,[2 1],[1. 0.],0,0,[0.6 0.6],1.0,0.0,1.0
1650,0.0,1,826.0,2,1651,1,False,0.0,0,1.0,[2 1],[1. 0.],0,0,[0.6 0.6],1.0,0.0,1.0
1651,1.0,1,826.0,0,1652,0,False,1.0,1,0.0,[2 2],[1. 0.],1,0,[0.6 0.6],1.0,0.0,1.0
1652,0.0,1,827.0,2,1653,1,False,0.0,0,2.0,[2 2],[1. 0.],1,0,[0.6 0.6],1.0,0.0,1.0
1653,0.0,1,827.0,0,1654,0,False,2.0,1,0.0,[2 2],[1. 0.],0,0,[0.6 0.6],1.0,0.0,1.0
1654,0.0,1,828.0,2,1655,1,False,0.0,0,1.0,[2 2],[1. 0.],0,0,[0.6 0.6],1.0,0.0,1.0
1655,0.0,1,828.0,0,1656,0,False,1.0,1,0.0,[1 1],[1. 0.],1,0,[0.6 0.6],1.0,0.0,1.0
1656,0.0,1,829.0,2,1657,1,False,0.0,0,2.0,[1 1],[1. 0.],1,0,[0.6 0.6],1.0,0.0,1.0
1657,1.0,1,829.0,0,1658,0,False,2.0,1,0.0,[1 1],[1. 0.],1,0,[0.6 0.6],1.0,0.0,1.0
1658,0.0,1,830.0,2,1659,1,False,0.0,0,2.0,[1 1],[1. 0.],1,0,[0.6 0.6],1.0,0.0,1.0
1659,1.0,1,830.0,0,1660,0,False,2.0,1,0.0,[2 2],[1. 0.],0,0,[0.6 0.6],1.0,0.0,1.0
1660,0.0,1,831.0,2,1661,1,False,0.0,0,1.0,[2 2],[1. 0.],0,0,[0.6 0.6],1.0,0.0,1.0
1661,0.0,1,831.0,0,1662,0,False,1.0,1,0.0,[1 1],[1. 0.],1,0,[0.6 0.6],1.0,0.0,1.0
1662,0.0,1,832.0,2,1663,1,False,0.0,0,2.0,[1 1],[1. 0.],1,0,[0.6 0.6],1.0,0.0,1.0
1663,1.0,1,832.0,0,1664,0,False,2.0,1,0.0,[2 2],[1. 0.],1,0,[0.6 0.6],1.0,0.0,1.0
1664,0.0,1,833.0,2,1665,1,False,0.0,0,2.0,[2 2],[1. 0.],1,0,[0.6 0.6],1.0,0.0,1.0
1665,0.0,1,833.0,0,1666,0,False,2.0,1,0.0,[2 2],[1. 0.],0,0,[0.6 0.6],1.0,0.0,1.0
1666,0.0,1,834.0,2,1667,1,False,0.0,0,1.0,[2 2],[1. 0.],0,0,[0.6 0.6],1.0,0.0,1.0
1667,0.0,1,834.0,0,1668,0,False,1.0,1,0.0,[2 1],[1. 0.],0,0,[0.6 0.6],1.0,0.0,1.0
1668,0.0,1,835.0,2,1669,1,False,0.0,0,1.0,[2 1],[1. 0.],0,0,[0.6 0.6],1.0,0.0,1.0
1669,1.0,1,835.0,0,1670,0,False,1.0,1,0.0,[1 2],[1. 0.],0,0,[0.6 0.6],1.0,0.0,1.0
1670,0.0,1,836.0,2,1671,1,False,0.0,0,1.0,[1 2],[1. 0.],0,0,[0.6 0.6],1.0,0.0,1.0
1671,0.0,1,836.0,0,1672,0,False,1.0,1,0.0,[2 1],[1. 0.],1,0,[0.6 0.6],1.0,0.0,1.0
1672,0.0,1,837.0,2,1673,1,False,0.0,0,2.0,[2 1],[1. 0.],1,0,[0.6 0.6],1.0,0.0,1.0
1673,1.0,1,837.0,0,1674,0,False,2.0,1,0.0,[2 1],[1. 0.],1,0,[0.6 0.6],1.0,0.0,1.0
1674,0.0,1,838.0,2,1675,1,False,0.0,0,2.0,[2 1],[1. 0.],1,0,[0.6 0.6],1.0,0.0,1.0
1675,1.0,1,838.0,0,1676,0,False,2.0,1,0.0,[1 1],[1. 0.],0,0,[0.6 0.6],1.0,0.0,1.0
1676,0.0,1,839.0,2,1677,1,False,0.0,0,1.0,[1 1],[1. 0.],0,0,[0.6 0.6],1.0,0.0,1.0
1677,1.0,1,839.0,0,1678,0,False,1.0,1,0.0,[1 1],[0. 1.],1,1,[0.6 0.6],1.0,0.0,1.0
1678,0.0,1,840.0,2,1679,1,False,0.0,0,2.0,[1 1],[0. 1.],1,1,[0.6 0.6],1.0,0.0,1.0
1679,0.0,1,840.0,0,1680,0,False,2.0,1,0.0,[2 1],[0. 1.],1,1,[0.6 0.6],1.0,0.0,1.0
1680,0.0,1,841.0,2,1681,1,False,0.0,0,2.0,[2 1],[0. 1.],1,1,[0.6 0.6],1.0,0.0,1.0
1681,0.0,1,841.0,0,1682,0,False,2.0,1,0.0,[2 1],[0. 1.],1,1,[0.6 0.6],1.0,0.0,1.0
1682,0.0,1,842.0,1,1683,1,False,0.0,0,2.0,[2 1],[0. 1.],1,1,[0.6 0.6],1.0,0.0,1.0
1683,1.0,1,842.0,0,1684,0,False,2.0,1,0.0,[2 1],[0. 1.],1,1,[0.6 0.6],1.0,0.0,1.0
1684,0.0,1,843.0,2,1685,1,False,0.0,0,2.0,[2 1],[0. 1.],1,1,[0.6 0.6],1.0,0.0,1.0
1685,0.0,1,843.0,0,1686,0,False,2.0,1,0.0,[1 1],[0. 1.],1,1,[0.6 0.6],1.0,0.0,1.0
1686,0.0,1,844.0,1,1687,1,False,0.0,0,2.0,[1 1],[0. 1.],1,1,[0.6 0.6],1.0,0.0,1.0
1687,0.0,1,844.0,0,1688,0,False,2.0,1,0.0,[1 2],[0. 1.],0,1,[0.6 0.6],1.0,0.0,1.0
1688,0.0,1,845.0,2,1689,1,False,0.0,0,1.0,[1 2],[0. 1.],0,1,[0.6 0.6],1.0,0.0,1.0
1689,1.0,1,845.0,0,1690,0,False,1.0,1,0.0,[2 1],[0. 1.],1,1,[0.6 0.6],1.0,0.0,1.0
1690,0.0,1,846.0,2,1691,1,False,0.0,0,2.0,[2 1],[0. 1.],1,1,[0.6 0.6],1.0,0.0,1.0
1691,0.0,1,846.0,0,1692,0,False,2.0,1,0.0,[2 1],[0. 1.],1,1,[0.6 0.6],1.0,0.0,1.0
1692,0.0,1,847.0,2,1693,1,False,0.0,0,2.0,[2 1],[0. 1.],1,1,[0.6 0.6],1.0,0.0,1.0
1693,0.0,1,847.0,0,1694,0,False,2.0,1,0.0,[2 1],[0. 1.],1,1,[0.6 0.6],1.0,0.0,1.0
1694,0.0,1,848.0,1,1695,1,False,0.0,0,2.0,[2 1],[0. 1.],1,1,[0.6 0.6],1.0,0.0,1.0
1695,1.0,1,848.0,0,1696,0,False,2.0,1,0.0,[1 2],[0. 1.],0,1,[0.6 0.6],1.0,0.0,1.0
1696,0.0,1,849.0,1,1697,1,False,0.0,0,1.0,[1 2],[0. 1.],0,1,[0.6 0.6],1.0,0.0,1.0
1697,0.0,1,849.0,0,1698,0,False,1.0,1,0.0,[2 1],[0. 1.],0,1,[0.6 0.6],1.0,0.0,1.0
1698,0.0,1,850.0,1,1699,1,False,0.0,0,1.0,[2 1],[0. 1.],0,1,[0.6 0.6],1.0,0.0,1.0
1699,1.0,1,850.0,0,1700,0,False,1.0,1,0.0,[1 2],[0. 1.],1,1,[0.6 0.6],1.0,0.0,1.0
1700,0.0,1,851.0,1,1701,1,False,0.0,0,2.0,[1 2],[0. 1.],1,1,[0.6 0.6],1.0,0.0,1.0
1701,0.0,1,851.0,0,1702,0,False,2.0,1,0.0,[2 1],[0. 1.],0,1,[0.6 0.6],1.0,0.0,1.0
1702,0.0,1,852.0,1,1703,1,False,0.0,0,1.0,[2 1],[0. 1.],0,1,[0.6 0.6],1.0,0.0,1.0
1703,1.0,1,852.0,0,1704,0,False,1.0,1,0.0,[1 1],[0. 1.],0,1,[0.6 0.6],1.0,0.0,1.0
1704,0.0,1,853.0,1,1705,1,False,0.0,0,1.0,[1 1],[0. 1.],0,1,[0.6 0.6],1.0,0.0,1.0
1705,0.0,1,853.0,0,1706,0,False,1.0,1,0.0,[2 1],[0. 1.],1,1,[0.6 0.6],1.0,0.0,1.0
1706,0.0,1,854.0,1,1707,1,False,0.0,0,2.0,[2 1],[0. 1.],1,1,[0.6 0.6],1.0,0.0,1.0
1707,1.0,1,854.0,0,1708,0,False,2.0,1,0.0,[2 1],[0. 1.],1,1,[0.6 0.6],1.0,0.0,1.0
1708,0.0,1,855.0,1,1709,1,False,0.0,0,2.0,[2 1],[0. 1.],1,1,[0.6 0.6],1.0,0.0,1.0
1709,1.0,1,855.0,0,1710,0,False,2.0,1,0.0,[1 1],[0. 1.],0,1,[0.6 0.6],1.0,0.0,1.0
1710,0.0,1,856.0,1,1711,1,False,0.0,0,1.0,[1 1],[0. 1.],0,1,[0.6 0.6],1.0,0.0,1.0
1711,0.0,1,856.0,0,1712,0,False,1.0,1,0.0,[2 2],[0. 1.],1,1,[0.6 0.6],1.0,0.0,1.0
1712,0.0,1,857.0,1,1713,1,False,0.0,0,2.0,[2 2],[0. 1.],1,1,[0.6 0.6],1.0,0.0,1.0
1713,1.0,1,857.0,0,1714,0,False,2.0,1,0.0,[2 1],[0. 1.],1,1,[0.6 0.6],1.0,0.0,1.0
1714,0.0,1,858.0,1,1715,1,False,0.0,0,2.0,[2 1],[0. 1.],1,1,[0.6 0.6],1.0,0.0,1.0
1715,1.0,1,858.0,0,1716,0,False,2.0,1,0.0,[1 2],[0. 1.],1,1,[0.6 0.6],1.0,0.0,1.0
1716,0.0,1,859.0,1,1717,1,False,0.0,0,2.0,[1 2],[0. 1.],1,1,[0.6 0.6],1.0,0.0,1.0
1717,0.0,1,859.0,0,1718,0,False,2.0,1,0.0,[2 2],[0. 1.],0,1,[0.6 0.6],1.0,0.0,1.0
1718,0.0,1,860.0,1,1719,1,False,0.0,0,1.0,[2 2],[0. 1.],0,1,[0.6 0.6],1.0,0.0,1.0
1719,1.0,1,860.0,0,1720,0,False,1.0,1,0.0,[2 2],[0. 1.],1,1,[0.6 0.6],1.0,0.0,1.0
1720,0.0,1,861.0,1,1721,1,False,0.0,0,2.0,[2 2],[0. 1.],1,1,[0.6 0.6],1.0,0.0,1.0
1721,1.0,1,861.0,0,1722,0,False,2.0,1,0.0,[2 1],[0. 1.],1,1,[0.6 0.6],1.0,0.0,1.0
1722,0.0,1,862.0,1,1723,1,False,0.0,0,2.0,[2 1],[0. 1.],1,1,[0.6 0.6],1.0,0.0,1.0
1723,1.0,1,862.0,0,1724,0,False,2.0,1,0.0,[2 2],[0. 1.],0,1,[0.6 0.6],1.0,0.0,1.0
1724,0.0,1,863.0,1,1725,1,False,0.0,0,1.0,[2 2],[0. 1.],0,1,[0.6 0.6],1.0,0.0,1.0
1725,1.0,1,863.0,0,1726,0,False,1.0,1,0.0,[2 1],[0. 1.],1,1,[0.6 0.6],1.0,0.0,1.0
1726,0.0,1,864.0,1,1727,1,False,0.0,0,2.0,[2 1],[0. 1.],1,1,[0.6 0.6],1.0,0.0,1.0
1727,1.0,1,864.0,0,1728,0,False,2.0,1,0.0,[1 1],[0. 1.],0,1,[0.6 0.6],1.0,0.0,1.0
1728,0.0,1,865.0,1,1729,1,False,0.0,0,1.0,[1 1],[0. 1.],0,1,[0.6 0.6],1.0,0.0,1.0
1729,0.0,1,865.0,0,1730,0,False,1.0,1,0.0,[2 2],[0. 1.],0,1,[0.6 0.6],1.0,0.0,1.0
1730,0.0,1,866.0,1,1731,1,False,0.0,0,1.0,[2 2],[0. 1.],0,1,[0.6 0.6],1.0,0.0,1.0
1731,1.0,1,866.0,0,1732,0,False,1.0,1,0.0,[1 1],[0. 1.],0,1,[0.6 0.6],1.0,0.0,1.0
1732,0.0,1,867.0,1,1733,1,False,0.0,0,1.0,[1 1],[0. 1.],0,1,[0.6 0.6],1.0,0.0,1.0
1733,0.0,1,867.0,0,1734,0,False,1.0,1,0.0,[2 1],[0. 1.],0,1,[0.6 0.6],1.0,0.0,1.0
1734,0.0,1,868.0,1,1735,1,False,0.0,0,1.0,[2 1],[0. 1.],0,1,[0.6 0.6],1.0,0.0,1.0
1735,1.0,1,868.0,0,1736,0,False,1.0,1,0.0,[1 2],[0. 1.],1,1,[0.6 0.6],1.0,0.0,1.0
1736,0.0,1,869.0,1,1737,1,False,0.0,0,2.0,[1 2],[0. 1.],1,1,[0.6 0.6],1.0,0.0,1.0
1737,0.0,1,869.0,0,1738,0,False,2.0,1,0.0,[1 2],[0. 1.],1,1,[0.6 0.6],1.0,0.0,1.0
1738,0.0,1,870.0,1,1739,1,False,0.0,0,2.0,[1 2],[0. 1.],1,1,[0.6 0.6],1.0,0.0,1.0
1739,0.0,1,870.0,0,1740,0,False,2.0,1,0.0,[1 1],[0. 1.],1,1,[0.6 0.6],1.0,0.0,1.0
1740,0.0,1,871.0,1,1741,1,False,0.0,0,2.0,[1 1],[0. 1.],1,1,[0.6 0.6],1.0,0.0,1.0
1741,0.0,1,871.0,0,1742,0,False,2.0,1,0.0,[2 1],[0. 1.],1,1,[0.6 0.6],1.0,0.0,1.0
1742,0.0,1,872.0,2,1743,1,False,0.0,0,2.0,[2 1],[0. 1.],1,1,[0.6 0.6],1.0,0.0,1.0
1743,0.0,1,872.0,0,1744,0,False,2.0,1,0.0,[2 2],[0. 1.],0,1,[0.6 0.6],1.0,0.0,1.0
1744,0.0,1,873.0,1,1745,1,False,0.0,0,1.0,[2 2],[0. 1.],0,1,[0.6 0.6],1.0,0.0,1.0
1745,1.0,1,873.0,0,1746,0,False,1.0,1,0.0,[2 2],[0. 1.],0,1,[0.6 0.6],1.0,0.0,1.0
1746,0.0,1,874.0,1,1747,1,False,0.0,0,1.0,[2 2],[0. 1.],0,1,[0.6 0.6],1.0,0.0,1.0
1747,1.0,1,874.0,0,1748,0,False,1.0,1,0.0,[2 1],[0. 1.],1,1,[0.6 0.6],1.0,0.0,1.0
1748,0.0,1,875.0,1,1749,1,False,0.0,0,2.0,[2 1],[0. 1.],1,1,[0.6 0.6],1.0,0.0,1.0
1749,1.0,1,875.0,0,1750,0,False,2.0,1,0.0,[2 1],[0. 1.],0,1,[0.6 0.6],1.0,0.0,1.0
1750,0.0,1,876.0,1,1751,1,False,0.0,0,1.0,[2 1],[0. 1.],0,1,[0.6 0.6],1.0,0.0,1.0
1751,1.0,1,876.0,0,1752,0,False,1.0,1,0.0,[2 1],[0. 1.],1,1,[0.6 0.6],1.0,0.0,1.0
1752,0.0,1,877.0,1,1753,1,False,0.0,0,2.0,[2 1],[0. 1.],1,1,[0.6 0.6],1.0,0.0,1.0
1753,1.0,1,877.0,0,1754,0,False,2.0,1,0.0,[2 2],[0. 1.],0,1,[0.6 0.6],1.0,0.0,1.0
1754,0.0,1,878.0,1,1755,1,False,0.0,0,1.0,[2 2],[0. 1.],0,1,[0.6 0.6],1.0,0.0,1.0
1755,1.0,1,878.0,0,1756,0,False,1.0,1,0.0,[1 1],[0. 1.],1,1,[0.6 0.6],1.0,0.0,1.0
1756,0.0,1,879.0,1,1757,1,False,0.0,0,2.0,[1 1],[0. 1.],1,1,[0.6 0.6],1.0,0.0,1.0
1757,0.0,1,879.0,0,1758,0,False,2.0,1,0.0,[2 2],[0. 1.],0,1,[0.6 0.6],1.0,0.0,1.0
1758,0.0,1,880.0,1,1759,1,False,0.0,0,1.0,[2 2],[0. 1.],0,1,[0.6 0.6],1.0,0.0,1.0
1759,1.0,1,880.0,0,1760,0,False,1.0,1,0.0,[2 1],[0. 1.],0,1,[0.6 0.6],1.0,0.0,1.0
1760,0.0,1,881.0,1,1761,1,False,0.0,0,1.0,[2 1],[0. 1.],0,1,[0.6 0.6],1.0,0.0,1.0
1761,1.0,1,881.0,0,1762,0,False,1.0,1,0.0,[1 2],[0. 1.],0,1,[0.6 0.6],1.0,0.0,1.0
1762,0.0,1,882.0,1,1763,1,False,0.0,0,1.0,[1 2],[0. 1.],0,1,[0.6 0.6],1.0,0.0,1.0
1763,0.0,1,882.0,0,1764,0,False,1.0,1,0.0,[1 1],[0. 1.],0,1,[0.6 0.6],1.0,0.0,1.0
1764,0.0,1,883.0,1,1765,1,False,0.0,0,1.0,[1 1],[0. 1.],0,1,[0.6 0.6],1.0,0.0,1.0
1765,0.0,1,883.0,0,1766,0,False,1.0,1,0.0,[1 1],[0. 1.],1,1,[0.6 0.6],1.0,0.0,1.0
1766,0.0,1,884.0,1,1767,1,False,0.0,0,2.0,[1 1],[0. 1.],1,1,[0.6 0.6],1.0,0.0,1.0
1767,0.0,1,884.0,0,1768,0,False,2.0,1,0.0,[2 2],[0. 1.],1,1,[0.6 0.6],1.0,0.0,1.0
1768,0.0,1,885.0,1,1769,1,False,0.0,0,2.0,[2 2],[0. 1.],1,1,[0.6 0.6],1.0,0.0,1.0
1769,1.0,1,885.0,0,1770,0,False,2.0,1,0.0,[2 2],[0. 1.],1,1,[0.6 0.6],1.0,0.0,1.0
1770,0.0,1,886.0,1,1771,1,False,0.0,0,2.0,[2 2],[0. 1.],1,1,[0.6 0.6],1.0,0.0,1.0
1771,1.0,1,886.0,0,1772,0,False,2.0,1,0.0,[1 1],[0. 1.],0,1,[0.6 0.6],1.0,0.0,1.0
1772,0.0,1,887.0,1,1773,1,False,0.0,0,1.0,[1 1],[0. 1.],0,1,[0.6 0.6],1.0,0.0,1.0
1773,0.0,1,887.0,0,1774,0,False,1.0,1,0.0,[2 2],[0. 1.],0,1,[0.6 0.6],1.0,0.0,1.0
1774,0.0,1,888.0,1,1775,1,False,0.0,0,1.0,[2 2],[0. 1.],0,1,[0.6 0.6],1.0,0.0,1.0
1775,1.0,1,888.0,0,1776,0,False,1.0,1,0.0,[1 1],[0. 1.],0,1,[0.6 0.6],1.0,0.0,1.0
1776,0.0,1,889.0,1,1777,1,False,0.0,0,1.0,[1 1],[0. 1.],0,1,[0.6 0.6],1.0,0.0,1.0
1777,0.0,1,889.0,0,1778,0,False,1.0,1,0.0,[2 1],[0. 1.],1,1,[0.6 0.6],1.0,0.0,1.0
1778,0.0,1,890.0,1,1779,1,False,0.0,0,2.0,[2 1],[0. 1.],1,1,[0.6 0.6],1.0,0.0,1.0
1779,1.0,1,890.0,0,1780,0,False,2.0,1,0.0,[2 1],[0. 1.],1,1,[0.6 0.6],1.0,0.0,1.0
1780,0.0,1,891.0,1,1781,1,False,0.0,0,2.0,[2 1],[0. 1.],1,1,[0.6 0.6],1.0,0.0,1.0
1781,1.0,1,891.0,0,1782,0,False,2.0,1,0.0,[1 2],[0. 1.],0,1,[0.6 0.6],1.0,0.0,1.0
1782,0.0,1,892.0,1,1783,1,False,0.0,0,1.0,[1 2],[0. 1.],0,1,[0.6 0.6],1.0,0.0,1.0
1783,0.0,1,892.0,0,1784,0,False,1.0,1,0.0,[2 1],[0. 1.],0,1,[0.6 0.6],1.0,0.0,1.0
1784,0.0,1,893.0,1,1785,1,False,0.0,0,1.0,[2 1],[0. 1.],0,1,[0.6 0.6],1.0,0.0,1.0
1785,1.0,1,893.0,0,1786,0,False,1.0,1,0.0,[2 1],[0. 1.],1,1,[0.6 0.6],1.0,0.0,1.0
1786,0.0,1,894.0,1,1787,1,False,0.0,0,2.0,[2 1],[0. 1.],1,1,[0.6 0.6],1.0,0.0,1.0
1787,1.0,1,894.0,0,1788,0,False,2.0,1,0.0,[2 1],[0. 1.],1,1,[0.6 0.6],1.0,0.0,1.0
1788,0.0,1,895.0,1,1789,1,False,0.0,0,2.0,[2 1],[0. 1.],1,1,[0.6 0.6],1.0,0.0,1.0
1789,1.0,1,895.0,0,1790,0,False,2.0,1,0.0,[1 2],[0. 1.],1,1,[0.6 0.6],1.0,0.0,1.0
1790,0.0,1,896.0,1,1791,1,False,0.0,0,2.0,[1 2],[0. 1.],1,1,[0.6 0.6],1.0,0.0,1.0
1791,0.0,1,896.0,0,1792,0,False,2.0,1,0.0,[2 1],[0. 1.],0,1,[0.6 0.6],1.0,0.0,1.0
1792,0.0,1,897.0,1,1793,1,False,0.0,0,1.0,[2 1],[0. 1.],0,1,[0.6 0.6],1.0,0.0,1.0
1793,1.0,1,897.0,0,1794,0,False,1.0,1,0.0,[2 2],[0. 1.],0,1,[0.6 0.6],1.0,0.0,1.0
1794,0.0,1,898.0,1,1795,1,False,0.0,0,1.0,[2 2],[0. 1.],0,1,[0.6 0.6],1.0,0.0,1.0
1795,1.0,1,898.0,0,1796,0,False,1.0,1,0.0,[2 1],[0. 1.],0,1,[0.6 0.6],1.0,0.0,1.0
1796,0.0,1,899.0,1,1797,1,False,0.0,0,1.0,[2 1],[0. 1.],0,1,[0.6 0.6],1.0,0.0,1.0
1797,1.0,1,899.0,0,1798,0,False,1.0,1,0.0,[2 1],[0. 1.],0,1,[0.6 0.6],1.0,0.0,1.0
1798,0.0,1,900.0,1,1799,1,False,0.0,0,1.0,[2 1],[0. 1.],0,1,[0.6 0.6],1.0,0.0,1.0
1799,1.0,1,900.0,0,1800,0,False,1.0,1,0.0,[1 2],[0. 1.],1,1,[0.6 0.6],1.0,0.0,1.0
1800,0.0,1,901.0,1,1801,1,False,0.0,0,2.0,[1 2],[0. 1.],1,1,[0.6 0.6],1.0,0.0,1.0
1801,0.0,1,901.0,0,1802,0,False,2.0,1,0.0,[1 2],[0. 1.],0,1,[0.6 0.6],1.0,0.0,1.0
1802,0.0,1,902.0,1,1803,1,False,0.0,0,1.0,[1 2],[0. 1.],0,1,[0.6 0.6],1.0,0.0,1.0
1803,0.0,1,902.0,0,1804,0,False,1.0,1,0.0,[2 1],[0. 1.],1,1,[0.6 0.6],1.0,0.0,1.0
1804,0.0,1,903.0,1,1805,1,False,0.0,0,2.0,[2 1],[0. 1.],1,1,[0.6 0.6],1.0,0.0,1.0
1805,1.0,1,903.0,0,1806,0,False,2.0,1,0.0,[1 1],[0. 1.],0,1,[0.6 0.6],1.0,0.0,1.0
1806,0.0,1,904.0,1,1807,1,False,0.0,0,1.0,[1 1],[0. 1.],0,1,[0.6 0.6],1.0,0.0,1.0
1807,0.0,1,904.0,0,1808,0,False,1.0,1,0.0,[2 1],[0. 1.],1,1,[0.6 0.6],1.0,0.0,1.0
1808,0.0,1,905.0,1,1809,1,False,0.0,0,2.0,[2 1],[0. 1.],1,1,[0.6 0.6],1.0,0.0,1.0
1809,1.0,1,905.0,0,1810,0,False,2.0,1,0.0,[2 1],[0. 1.],1,1,[0.6 0.6],1.0,0.0,1.0
1810,0.0,1,906.0,1,1811,1,False,0.0,0,2.0,[2 1],[0. 1.],1,1,[0.6 0.6],1.0,0.0,1.0
1811,1.0,1,906.0,0,1812,0,False,2.0,1,0.0,[1 1],[0. 1.],1,1,[0.6 0.6],1.0,0.0,1.0
1812,0.0,1,907.0,1,1813,1,False,0.0,0,2.0,[1 1],[0. 1.],1,1,[0.6 0.6],1.0,0.0,1.0
1813,0.0,1,907.0,0,1814,0,False,2.0,1,0.0,[1 2],[0. 1.],0,1,[0.6 0.6],1.0,0.0,1.0
1814,0.0,1,908.0,1,1815,1,False,0.0,0,1.0,[1 2],[0. 1.],0,1,[0.6 0.6],1.0,0.0,1.0
1815,0.0,1,908.0,0,1816,0,False,1.0,1,0.0,[2 1],[0. 1.],1,1,[0.6 0.6],1.0,0.0,1.0
1816,0.0,1,909.0,1,1817,1,False,0.0,0,2.0,[2 1],[0. 1.],1,1,[0.6 0.6],1.0,0.0,1.0
1817,1.0,1,909.0,0,1818,0,False,2.0,1,0.0,[1 2],[0. 1.],1,1,[0.6 0.6],1.0,0.0,1.0
1818,0.0,1,910.0,1,1819,1,False,0.0,0,2.0,[1 2],[0. 1.],1,1,[0.6 0.6],1.0,0.0,1.0
1819,0.0,1,910.0,0,1820,0,False,2.0,1,0.0,[2 2],[0. 1.],1,1,[0.6 0.6],1.0,0.0,1.0
1820,0.0,1,911.0,1,1821,1,False,0.0,0,2.0,[2 2],[0. 1.],1,1,[0.6 0.6],1.0,0.0,1.0
1821,1.0,1,911.0,0,1822,0,False,2.0,1,0.0,[2 2],[0. 1.],1,1,[0.6 0.6],1.0,0.0,1.0
1822,0.0,1,912.0,1,1823,1,False,0.0,0,2.0,[2 2],[0. 1.],1,1,[0.6 0.6],1.0,0.0,1.0
1823,1.0,1,912.0,0,1824,0,False,2.0,1,0.0,[1 2],[0. 1.],0,1,[0.6 0.6],1.0,0.0,1.0
1824,0.0,1,913.0,1,1825,1,False,0.0,0,1.0,[1 2],[0. 1.],0,1,[0.6 0.6],1.0,0.0,1.0
1825,0.0,1,913.0,0,1826,0,False,1.0,1,0.0,[1 2],[0. 1.],0,1,[0.6 0.6],1.0,0.0,1.0
1826,0.0,1,914.0,1,1827,1,False,0.0,0,1.0,[1 2],[0. 1.],0,1,[0.6 0.6],1.0,0.0,1.0
1827,0.0,1,914.0,0,1828,0,False,1.0,1,0.0,[1 2],[0. 1.],1,1,[0.6 0.6],1.0,0.0,1.0
1828,0.0,1,915.0,1,1829,1,False,0.0,0,2.0,[1 2],[0. 1.],1,1,[0.6 0.6],1.0,0.0,1.0
1829,0.0,1,915.0,0,1830,0,False,2.0,1,0.0,[2 2],[0. 1.],0,1,[0.6 0.6],1.0,0.0,1.0
1830,0.0,1,916.0,2,1831,1,False,0.0,0,1.0,[2 2],[0. 1.],0,1,[0.6 0.6],1.0,0.0,1.0
1831,1.0,1,916.0,0,1832,0,False,1.0,1,0.0,[1 1],[0. 1.],0,1,[0.6 0.6],1.0,0.0,1.0
1832,0.0,1,917.0,2,1833,1,False,0.0,0,1.0,[1 1],[0. 1.],0,1,[0.6 0.6],1.0,0.0,1.0
1833,0.0,1,917.0,0,1834,0,False,1.0,1,0.0,[1 1],[0. 1.],0,1,[0.6 0.6],1.0,0.0,1.0
1834,0.0,1,918.0,2,1835,1,False,0.0,0,1.0,[1 1],[0. 1.],0,1,[0.6 0.6],1.0,0.0,1.0
1835,0.0,1,918.0,0,1836,0,False,1.0,1,0.0,[1 2],[0. 1.],0,1,[0.6 0.6],1.0,0.0,1.0
1836,0.0,1,919.0,1,1837,1,False,0.0,0,1.0,[1 2],[0. 1.],0,1,[0.6 0.6],1.0,0.0,1.0
1837,0.0,1,919.0,0,1838,0,False,1.0,1,0.0,[1 1],[0. 1.],1,1,[0.6 0.6],1.0,0.0,1.0
1838,0.0,1,920.0,2,1839,1,False,0.0,0,2.0,[1 1],[0. 1.],1,1,[0.6 0.6],1.0,0.0,1.0
1839,0.0,1,920.0,0,1840,0,False,2.0,1,0.0,[1 1],[0. 1.],1,1,[0.6 0.6],1.0,0.0,1.0
1840,0.0,1,921.0,1,1841,1,False,0.0,0,2.0,[1 1],[0. 1.],1,1,[0.6 0.6],1.0,0.0,1.0
1841,0.0,1,921.0,0,1842,0,False,2.0,1,0.0,[1 1],[0. 1.],1,1,[0.6 0.6],1.0,0.0,1.0
1842,0.0,1,922.0,2,1843,1,False,0.0,0,2.0,[1 1],[0. 1.],1,1,[0.6 0.6],1.0,0.0,1.0
1843,0.0,1,922.0,0,1844,0,False,2.0,1,0.0,[2 2],[0. 1.],1,1,[0.6 0.6],1.0,0.0,1.0
1844,0.0,1,923.0,1,1845,1,False,0.0,0,2.0,[2 2],[0. 1.],1,1,[0.6 0.6],1.0,0.0,1.0
1845,1.0,1,923.0,0,1846,0,False,2.0,1,0.0,[1 2],[0. 1.],0,1,[0.6 0.6],1.0,0.0,1.0
1846,0.0,1,924.0,1,1847,1,False,0.0,0,1.0,[1 2],[0. 1.],0,1,[0.6 0.6],1.0,0.0,1.0
1847,0.0,1,924.0,0,1848,0,False,1.0,1,0.0,[2 2],[0. 1.],0,1,[0.6 0.6],1.0,0.0,1.0
1848,0.0,1,925.0,1,1849,1,False,0.0,0,1.0,[2 2],[0. 1.],0,1,[0.6 0.6],1.0,0.0,1.0
1849,1.0,1,925.0,0,1850,0,False,1.0,1,0.0,[2 2],[0. 1.],0,1,[0.6 0.6],1.0,0.0,1.0
1850,0.0,1,926.0,1,1851,1,False,0.0,0,1.0,[2 2],[0. 1.],0,1,[0.6 0.6],1.0,0.0,1.0
1851,1.0,1,926.0,0,1852,0,False,1.0,1,0.0,[2 2],[0. 1.],1,1,[0.6 0.6],1.0,0.0,1.0
1852,0.0,1,927.0,1,1853,1,False,0.0,0,2.0,[2 2],[0. 1.],1,1,[0.6 0.6],1.0,0.0,1.0
1853,1.0,1,927.0,0,1854,0,False,2.0,1,0.0,[1 2],[0. 1.],0,1,[0.6 0.6],1.0,0.0,1.0
1854,0.0,1,928.0,1,1855,1,False,0.0,0,1.0,[1 2],[0. 1.],0,1,[0.6 0.6],1.0,0.0,1.0
1855,0.0,1,928.0,0,1856,0,False,1.0,1,0.0,[2 2],[0. 1.],0,1,[0.6 0.6],1.0,0.0,1.0
1856,0.0,1,929.0,1,1857,1,False,0.0,0,1.0,[2 2],[0. 1.],0,1,[0.6 0.6],1.0,0.0,1.0
1857,1.0,1,929.0,0,1858,0,False,1.0,1,0.0,[1 1],[0. 1.],1,1,[0.6 0.6],1.0,0.0,1.0
1858,0.0,1,930.0,1,1859,1,False,0.0,0,2.0,[1 1],[0. 1.],1,1,[0.6 0.6],1.0,0.0,1.0
1859,0.0,1,930.0,0,1860,0,False,2.0,1,0.0,[2 1],[0. 1.],1,1,[0.6 0.6],1.0,0.0,1.0
1860,0.0,1,931.0,1,1861,1,False,0.0,0,2.0,[2 1],[0. 1.],1,1,[0.6 0.6],1.0,0.0,1.0
1861,1.0,1,931.0,0,1862,0,False,2.0,1,0.0,[1 2],[0. 1.],0,1,[0.6 0.6],1.0,0.0,1.0
1862,0.0,1,932.0,1,1863,1,False,0.0,0,1.0,[1 2],[0. 1.],0,1,[0.6 0.6],1.0,0.0,1.0
1863,0.0,1,932.0,0,1864,0,False,1.0,1,0.0,[2 2],[0. 1.],1,1,[0.6 0.6],1.0,0.0,1.0
1864,0.0,1,933.0,1,1865,1,False,0.0,0,2.0,[2 2],[0. 1.],1,1,[0.6 0.6],1.0,0.0,1.0
1865,1.0,1,933.0,0,1866,0,False,2.0,1,0.0,[1 2],[0. 1.],0,1,[0.6 0.6],1.0,0.0,1.0
1866,0.0,1,934.0,1,1867,1,False,0.0,0,1.0,[1 2],[0. 1.],0,1,[0.6 0.6],1.0,0.0,1.0
1867,0.0,1,934.0,0,1868,0,False,1.0,1,0.0,[1 2],[0. 1.],0,1,[0.6 0.6],1.0,0.0,1.0
1868,0.0,1,935.0,1,1869,1,False,0.0,0,1.0,[1 2],[0. 1.],0,1,[0.6 0.6],1.0,0.0,1.0
1869,0.0,1,935.0,0,1870,0,False,1.0,1,0.0,[1 2],[0. 1.],0,1,[0.6 0.6],1.0,0.0,1.0
1870,0.0,1,936.0,1,1871,1,False,0.0,0,1.0,[1 2],[0. 1.],0,1,[0.6 0.6],1.0,0.0,1.0
1871,0.0,1,936.0,0,1872,0,False,1.0,1,0.0,[2 1],[0. 1.],1,1,[0.6 0.6],1.0,0.0,1.0
1872,0.0,1,937.0,1,1873,1,False,0.0,0,2.0,[2 1],[0. 1.],1,1,[0.6 0.6],1.0,0.0,1.0
1873,1.0,1,937.0,0,1874,0,False,2.0,1,0.0,[1 1],[0. 1.],1,1,[0.6 0.6],1.0,0.0,1.0
1874,0.0,1,938.0,1,1875,1,False,0.0,0,2.0,[1 1],[0. 1.],1,1,[0.6 0.6],1.0,0.0,1.0
1875,0.0,1,938.0,0,1876,0,False,2.0,1,0.0,[1 1],[0. 1.],0,1,[0.6 0.6],1.0,0.0,1.0
1876,0.0,1,939.0,1,1877,1,False,0.0,0,1.0,[1 1],[0. 1.],0,1,[0.6 0.6],1.0,0.0,1.0
1877,0.0,1,939.0,0,1878,0,False,1.0,1,0.0,[2 1],[0. 1.],1,1,[0.6 0.6],1.0,0.0,1.0
1878,0.0,1,940.0,2,1879,1,False,0.0,0,2.0,[2 1],[0. 1.],1,1,[0.6 0.6],1.0,0.0,1.0
1879,0.0,1,940.0,0,1880,0,False,2.0,1,0.0,[2 1],[0. 1.],1,1,[0.6 0.6],1.0,0.0,1.0
1880,0.0,1,941.0,1,1881,1,False,0.0,0,2.0,[2 1],[0. 1.],1,1,[0.6 0.6],1.0,0.0,1.0
1881,1.0,1,941.0,0,1882,0,False,2.0,1,0.0,[1 1],[0. 1.],0,1,[0.6 0.6],1.0,0.0,1.0
1882,0.0,1,942.0,1,1883,1,False,0.0,0,1.0,[1 1],[0. 1.],0,1,[0.6 0.6],1.0,0.0,1.0
1883,0.0,1,942.0,0,1884,0,False,1.0,1,0.0,[1 1],[0. 1.],1,1,[0.6 0.6],1.0,0.0,1.0
1884,0.0,1,943.0,1,1885,1,False,0.0,0,2.0,[1 1],[0. 1.],1,1,[0.6 0.6],1.0,0.0,1.0
1885,0.0,1,943.0,0,1886,0,False,2.0,1,0.0,[2 2],[0. 1.],1,1,[0.6 0.6],1.0,0.0,1.0
1886,0.0,1,944.0,2,1887,1,False,0.0,0,2.0,[2 2],[0. 1.],1,1,[0.6 0.6],1.0,0.0,1.0
1887,1.0,1,944.0,0,1888,0,False,2.0,1,0.0,[2 2],[0. 1.],0,1,[0.6 0.6],1.0,0.0,1.0
1888,0.0,1,945.0,2,1889,1,False,0.0,0,1.0,[2 2],[0. 1.],0,1,[0.6 0.6],1.0,0.0,1.0
1889,1.0,1,945.0,0,1890,0,False,1.0,1,0.0,[1 2],[0. 1.],0,1,[0.6 0.6],1.0,0.0,1.0
1890,0.0,1,946.0,2,1891,1,False,0.0,0,1.0,[1 2],[0. 1.],0,1,[0.6 0.6],1.0,0.0,1.0
1891,1.0,1,946.0,0,1892,0,False,1.0,1,0.0,[1 1],[0. 1.],0,1,[0.6 0.6],1.0,0.0,1.0
1892,0.0,1,947.0,2,1893,1,False,0.0,0,1.0,[1 1],[0. 1.],0,1,[0.6 0.6],1.0,0.0,1.0
1893,0.0,1,947.0,0,1894,0,False,1.0,1,0.0,[2 1],[0. 1.],0,1,[0.6 0.6],1.0,0.0,1.0
1894,0.0,1,948.0,2,1895,1,False,0.0,0,1.0,[2 1],[0. 1.],0,1,[0.6 0.6],1.0,0.0,1.0
1895,0.0,1,948.0,0,1896,0,False,1.0,1,0.0,[1 1],[0. 1.],0,1,[0.6 0.6],1.0,0.0,1.0
1896,0.0,1,949.0,2,1897,1,False,0.0,0,1.0,[1 1],[0. 1.],0,1,[0.6 0.6],1.0,0.0,1.0
1897,0.0,1,949.0,0,1898,0,False,1.0,1,0.0,[1 2],[0. 1.],0,1,[0.6 0.6],1.0,0.0,1.0
1898,0.0,1,950.0,2,1899,1,False,0.0,0,1.0,[1 2],[0. 1.],0,1,[0.6 0.6],1.0,0.0,1.0
1899,1.0,1,950.0,0,1900,0,False,1.0,1,0.0,[1 1],[0. 1.],1,1,[0.6 0.6],1.0,0.0,1.0
1900,0.0,1,951.0,2,1901,1,False,0.0,0,2.0,[1 1],[0. 1.],1,1,[0.6 0.6],1.0,0.0,1.0
1901,0.0,1,951.0,0,1902,0,False,2.0,1,0.0,[1 2],[0. 1.],0,1,[0.6 0.6],1.0,0.0,1.0
1902,0.0,1,952.0,2,1903,1,False,0.0,0,1.0,[1 2],[0. 1.],0,1,[0.6 0.6],1.0,0.0,1.0
1903,1.0,1,952.0,0,1904,0,False,1.0,1,0.0,[2 1],[0. 1.],1,1,[0.6 0.6],1.0,0.0,1.0
1904,0.0,1,953.0,2,1905,1,False,0.0,0,2.0,[2 1],[0. 1.],1,1,[0.6 0.6],1.0,0.0,1.0
1905,0.0,1,953.0,0,1906,0,False,2.0,1,0.0,[2 1],[0. 1.],0,1,[0.6 0.6],1.0,0.0,1.0
1906,0.0,1,954.0,2,1907,1,False,0.0,0,1.0,[2 1],[0. 1.],0,1,[0.6 0.6],1.0,0.0,1.0
1907,0.0,1,954.0,0,1908,0,False,1.0,1,0.0,[1 2],[0. 1.],1,1,[0.6 0.6],1.0,0.0,1.0
1908,0.0,1,955.0,2,1909,1,False,0.0,0,2.0,[1 2],[0. 1.],1,1,[0.6 0.6],1.0,0.0,1.0
1909,1.0,1,955.0,0,1910,0,False,2.0,1,0.0,[1 2],[0. 1.],1,1,[0.6 0.6],1.0,0.0,1.0
1910,0.0,1,956.0,2,1911,1,False,0.0,0,2.0,[1 2],[0. 1.],1,1,[0.6 0.6],1.0,0.0,1.0
1911,1.0,1,956.0,0,1912,0,False,2.0,1,0.0,[1 1],[0. 1.],1,1,[0.6 0.6],1.0,0.0,1.0
1912,0.0,1,957.0,2,1913,1,False,0.0,0,2.0,[1 1],[0. 1.],1,1,[0.6 0.6],1.0,0.0,1.0
1913,0.0,1,957.0,0,1914,0,False,2.0,1,0.0,[2 1],[0. 1.],0,1,[0.6 0.6],1.0,0.0,1.0
1914,0.0,1,958.0,2,1915,1,False,0.0,0,1.0,[2 1],[0. 1.],0,1,[0.6 0.6],1.0,0.0,1.0
1915,0.0,1,958.0,0,1916,0,False,1.0,1,0.0,[1 2],[0. 1.],0,1,[0.6 0.6],1.0,0.0,1.0
1916,0.0,1,959.0,2,1917,1,False,0.0,0,1.0,[1 2],[0. 1.],0,1,[0.6 0.6],1.0,0.0,1.0
1917,1.0,1,959.0,0,1918,0,False,1.0,1,0.0,[2 2],[0. 1.],0,1,[0.6 0.6],1.0,0.0,1.0
1918,0.0,1,960.0,2,1919,1,False,0.0,0,1.0,[2 2],[0. 1.],0,1,[0.6 0.6],1.0,0.0,1.0
1919,1.0,1,960.0,0,1920,0,False,1.0,1,0.0,[1 2],[0. 1.],1,1,[0.6 0.6],1.0,0.0,1.0
1920,0.0,1,961.0,2,1921,1,False,0.0,0,2.0,[1 2],[0. 1.],1,1,[0.6 0.6],1.0,0.0,1.0
1921,1.0,1,961.0,0,1922,0,False,2.0,1,0.0,[1 1],[0. 1.],1,1,[0.6 0.6],1.0,0.0,1.0
1922,0.0,1,962.0,2,1923,1,False,0.0,0,2.0,[1 1],[0. 1.],1,1,[0.6 0.6],1.0,0.0,1.0
1923,0.0,1,962.0,0,1924,0,False,2.0,1,0.0,[2 2],[0. 1.],1,1,[0.6 0.6],1.0,0.0,1.0
1924,0.0,1,963.0,2,1925,1,False,0.0,0,2.0,[2 2],[0. 1.],1,1,[0.6 0.6],1.0,0.0,1.0
1925,1.0,1,963.0,0,1926,0,False,2.0,1,0.0,[2 2],[0. 1.],1,1,[0.6 0.6],1.0,0.0,1.0
1926,0.0,1,964.0,2,1927,1,False,0.0,0,2.0,[2 2],[0. 1.],1,1,[0.6 0.6],1.0,0.0,1.0
1927,1.0,1,964.0,0,1928,0,False,2.0,1,0.0,[1 2],[0. 1.],0,1,[0.6 0.6],1.0,0.0,1.0
1928,0.0,1,965.0,2,1929,1,False,0.0,0,1.0,[1 2],[0. 1.],0,1,[0.6 0.6],1.0,0.0,1.0
1929,1.0,1,965.0,0,1930,0,False,1.0,1,0.0,[2 1],[0. 1.],1,1,[0.6 0.6],1.0,0.0,1.0
1930,0.0,1,966.0,2,1931,1,False,0.0,0,2.0,[2 1],[0. 1.],1,1,[0.6 0.6],1.0,0.0,1.0
1931,0.0,1,966.0,0,1932,0,False,2.0,1,0.0,[1 2],[0. 1.],0,1,[0.6 0.6],1.0,0.0,1.0
1932,0.0,1,967.0,2,1933,1,False,0.0,0,1.0,[1 2],[0. 1.],0,1,[0.6 0.6],1.0,0.0,1.0
1933,1.0,1,967.0,0,1934,0,False,1.0,1,0.0,[1 1],[0. 1.],0,1,[0.6 0.6],1.0,0.0,1.0
1934,0.0,1,968.0,2,1935,1,False,0.0,0,1.0,[1 1],[0. 1.],0,1,[0.6 0.6],1.0,0.0,1.0
1935,0.0,1,968.0,0,1936,0,False,1.0,1,0.0,[2 2],[0. 1.],1,1,[0.6 0.6],1.0,0.0,1.0
1936,0.0,1,969.0,2,1937,1,False,0.0,0,2.0,[2 2],[0. 1.],1,1,[0.6 0.6],1.0,0.0,1.0
1937,1.0,1,969.0,0,1938,0,False,2.0,1,0.0,[1 2],[0. 1.],1,1,[0.6 0.6],1.0,0.0,1.0
1938,0.0,1,970.0,2,1939,1,False,0.0,0,2.0,[1 2],[0. 1.],1,1,[0.6 0.6],1.0,0.0,1.0
1939,1.0,1,970.0,0,1940,0,False,2.0,1,0.0,[1 2],[0. 1.],0,1,[0.6 0.6],1.0,0.0,1.0
1940,0.0,1,971.0,2,1941,1,False,0.0,0,1.0,[1 2],[0. 1.],0,1,[0.6 0.6],1.0,0.0,1.0
1941,1.0,1,971.0,0,1942,0,False,1.0,1,0.0,[1 2],[0. 1.],0,1,[0.6 0.6],1.0,0.0,1.0
1942,0.0,1,972.0,2,1943,1,False,0.0,0,1.0,[1 2],[0. 1.],0,1,[0.6 0.6],1.0,0.0,1.0
1943,1.0,1,972.0,0,1944,0,False,1.0,1,0.0,[1 2],[0. 1.],0,1,[0.6 0.6],1.0,0.0,1.0
1944,0.0,1,973.0,2,1945,1,False,0.0,0,1.0,[1 2],[0. 1.],0,1,[0.6 0.6],1.0,0.0,1.0
1945,1.0,1,973.0,0,1946,0,False,1.0,1,0.0,[1 1],[0. 1.],1,1,[0.6 0.6],1.0,0.0,1.0
1946,0.0,1,974.0,2,1947,1,False,0.0,0,2.0,[1 1],[0. 1.],1,1,[0.6 0.6],1.0,0.0,1.0
1947,0.0,1,974.0,0,1948,0,False,2.0,1,0.0,[1 1],[0. 1.],1,1,[0.6 0.6],1.0,0.0,1.0
1948,0.0,1,975.0,2,1949,1,False,0.0,0,2.0,[1 1],[0. 1.],1,1,[0.6 0.6],1.0,0.0,1.0
1949,0.0,1,975.0,0,1950,0,False,2.0,1,0.0,[1 2],[1. 0.],0,0,[0.6 0.6],1.0,0.0,1.0
1950,0.0,1,976.0,1,1951,1,False,0.0,0,1.0,[1 2],[1. 0.],0,0,[0.6 0.6],1.0,0.0,1.0
1951,1.0,1,976.0,0,1952,0,False,1.0,1,0.0,[2 2],[1. 0.],0,0,[0.6 0.6],1.0,0.0,1.0
1952,0.0,1,977.0,1,1953,1,False,0.0,0,1.0,[2 2],[1. 0.],0,0,[0.6 0.6],1.0,0.0,1.0
1953,0.0,1,977.0,0,1954,0,False,1.0,1,0.0,[1 2],[1. 0.],0,0,[0.6 0.6],1.0,0.0,1.0
1954,0.0,1,978.0,1,1955,1,False,0.0,0,1.0,[1 2],[1. 0.],0,0,[0.6 0.6],1.0,0.0,1.0
1955,1.0,1,978.0,0,1956,0,False,1.0,1,0.0,[2 2],[1. 0.],1,0,[0.6 0.6],1.0,0.0,1.0
1956,0.0,1,979.0,1,1957,1,False,0.0,0,2.0,[2 2],[1. 0.],1,0,[0.6 0.6],1.0,0.0,1.0
1957,0.0,1,979.0,0,1958,0,False,2.0,1,0.0,[1 2],[1. 0.],0,0,[0.6 0.6],1.0,0.0,1.0
1958,0.0,1,980.0,1,1959,1,False,0.0,0,1.0,[1 2],[1. 0.],0,0,[0.6 0.6],1.0,0.0,1.0
1959,1.0,1,980.0,0,1960,0,False,1.0,1,0.0,[1 2],[1. 0.],0,0,[0.6 0.6],1.0,0.0,1.0
1960,0.0,1,981.0,1,1961,1,False,0.0,0,1.0,[1 2],[1. 0.],0,0,[0.6 0.6],1.0,0.0,1.0
1961,1.0,1,981.0,0,1962,0,False,1.0,1,0.0,[1 2],[1. 0.],0,0,[0.6 0.6],1.0,0.0,1.0
1962,0.0,1,982.0,1,1963,1,False,0.0,0,1.0,[1 2],[1. 0.],0,0,[0.6 0.6],1.0,0.0,1.0
1963,1.0,1,982.0,0,1964,0,False,1.0,1,0.0,[1 1],[1. 0.],1,0,[0.6 0.6],1.0,0.0,1.0
1964,0.0,1,983.0,1,1965,1,False,0.0,0,2.0,[1 1],[1. 0.],1,0,[0.6 0.6],1.0,0.0,1.0
1965,1.0,1,983.0,0,1966,0,False,2.0,1,0.0,[1 1],[1. 0.],0,0,[0.6 0.6],1.0,0.0,1.0
1966,0.0,1,984.0,1,1967,1,False,0.0,0,1.0,[1 1],[1. 0.],0,0,[0.6 0.6],1.0,0.0,1.0
1967,1.0,1,984.0,0,1968,0,False,1.0,1,0.0,[2 1],[1. 0.],1,0,[0.6 0.6],1.0,0.0,1.0
1968,0.0,1,985.0,1,1969,1,False,0.0,0,2.0,[2 1],[1. 0.],1,0,[0.6 0.6],1.0,0.0,1.0
1969,0.0,1,985.0,0,1970,0,False,2.0,1,0.0,[2 1],[1. 0.],1,0,[0.6 0.6],1.0,0.0,1.0
1970,0.0,1,986.0,1,1971,1,False,0.0,0,2.0,[2 1],[1. 0.],1,0,[0.6 0.6],1.0,0.0,1.0
1971,0.0,1,986.0,0,1972,0,False,2.0,1,0.0,[1 1],[1. 0.],1,0,[0.6 0.6],1.0,0.0,1.0
1972,0.0,1,987.0,2,1973,1,False,0.0,0,2.0,[1 1],[1. 0.],1,0,[0.6 0.6],1.0,0.0,1.0
1973,1.0,1,987.0,0,1974,0,False,2.0,1,0.0,[1 2],[1. 0.],0,0,[0.6 0.6],1.0,0.0,1.0
1974,0.0,1,988.0,2,1975,1,False,0.0,0,1.0,[1 2],[1. 0.],0,0,[0.6 0.6],1.0,0.0,1.0
1975,0.0,1,988.0,0,1976,0,False,1.0,1,0.0,[1 2],[1. 0.],0,0,[0.6 0.6],1.0,0.0,1.0
1976,0.0,1,989.0,2,1977,1,False,0.0,0,1.0,[1 2],[1. 0.],0,0,[0.6 0.6],1.0,0.0,1.0
1977,0.0,1,989.0,0,1978,0,False,1.0,1,0.0,[1 1],[1. 0.],1,0,[0.6 0.6],1.0,0.0,1.0
1978,0.0,1,990.0,2,1979,1,False,0.0,0,2.0,[1 1],[1. 0.],1,0,[0.6 0.6],1.0,0.0,1.0
1979,1.0,1,990.0,0,1980,0,False,2.0,1,0.0,[2 1],[1. 0.],1,0,[0.6 0.6],1.0,0.0,1.0
1980,0.0,1,991.0,2,1981,1,False,0.0,0,2.0,[2 1],[1. 0.],1,0,[0.6 0.6],1.0,0.0,1.0
1981,1.0,1,991.0,0,1982,0,False,2.0,1,0.0,[1 2],[1. 0.],1,0,[0.6 0.6],1.0,0.0,1.0
1982,0.0,1,992.0,2,1983,1,False,0.0,0,2.0,[1 2],[1. 0.],1,0,[0.6 0.6],1.0,0.0,1.0
1983,0.0,1,992.0,0,1984,0,False,2.0,1,0.0,[1 1],[1. 0.],1,0,[0.6 0.6],1.0,0.0,1.0
1984,0.0,1,993.0,2,1985,1,False,0.0,0,2.0,[1 1],[1. 0.],1,0,[0.6 0.6],1.0,0.0,1.0
1985,1.0,1,993.0,0,1986,0,False,2.0,1,0.0,[1 2],[1. 0.],1,0,[0.6 0.6],1.0,0.0,1.0
1986,0.0,1,994.0,2,1987,1,False,0.0,0,2.0,[1 2],[1. 0.],1,0,[0.6 0.6],1.0,0.0,1.0
1987,0.0,1,994.0,0,1988,0,False,2.0,1,0.0,[2 2],[1. 0.],0,0,[0.6 0.6],1.0,0.0,1.0
1988,0.0,1,995.0,1,1989,1,False,0.0,0,1.0,[2 2],[1. 0.],0,0,[0.6 0.6],1.0,0.0,1.0
1989,0.0,1,995.0,0,1990,0,False,1.0,1,0.0,[2 2],[1. 0.],1,0,[0.6 0.6],1.0,0.0,1.0
1990,0.0,1,996.0,1,1991,1,False,0.0,0,2.0,[2 2],[1. 0.],1,0,[0.6 0.6],1.0,0.0,1.0
1991,0.0,1,996.0,0,1992,0,False,2.0,1,0.0,[1 1],[1. 0.],0,0,[0.6 0.6],1.0,0.0,1.0
1992,0.0,1,997.0,2,1993,1,False,0.0,0,1.0,[1 1],[1. 0.],0,0,[0.6 0.6],1.0,0.0,1.0
1993,1.0,1,997.0,0,1994,0,False,1.0,1,0.0,[1 1],[1. 0.],0,0,[0.6 0.6],1.0,0.0,1.0
1994,0.0,1,998.0,2,1995,1,False,0.0,0,1.0,[1 1],[1. 0.],0,0,[0.6 0.6],1.0,0.0,1.0
1995,1.0,1,998.0,0,1996,0,False,1.0,1,0.0,[1 2],[1. 0.],1,0,[0.6 0.6],1.0,0.0,1.0
1996,0.0,1,999.0,2,1997,1,False,0.0,0,2.0,[1 2],[1. 0.],1,0,[0.6 0.6],1.0,0.0,1.0
1997,0.0,1,999.0,0,1998,0,False,2.0,1,0.0,[2 2],[1. 0.],0,0,[0.6 0.6],1.0,0.0,1.0
1998,0.0,1,1000.0,2,1999,1,False,0.0,0,1.0,[2 2],[1. 0.],0,0,[0.6 0.6],1.0,0.0,1.0
1999,0.0,1,1000.0,0,2000,0,True,1.0,1,0.0,[1 2],[1. 0.],0,0,[0.6 0.6],1.0,0.0,1.0
0,0.0,1,1.0,2,1,1,False,0.0,0,2.0,[1 2],[0. 1.],1,1,[0.4 0.4],1.0,0.0,1.0
1,1.0,1,1.0,0,2,0,False,2.0,1,0.0,[2 1],[0. 1.],0,1,[0.4 0.4],1.0,0.0,1.0
2,0.0,1,2.0,2,3,1,False,0.0,0,1.0,[2 1],[0. 1.],0,1,[0.4 0.4],1.0,0.0,1.0
3,0.0,1,2.0,0,4,0,False,1.0,1,0.0,[1 2],[0. 1.],0,1,[0.4 0.4],1.0,0.0,1.0
4,0.0,1,3.0,2,5,1,False,0.0,0,1.0,[1 2],[0. 1.],0,1,[0.4 0.4],1.0,0.0,1.0
5,1.0,1,3.0,0,6,0,False,1.0,1,0.0,[2 2],[0. 1.],0,1,[0.4 0.4],1.0,0.0,1.0
6,0.0,1,4.0,2,7,1,False,0.0,0,1.0,[2 2],[0. 1.],0,1,[0.4 0.4],1.0,0.0,1.0
7,1.0,1,4.0,0,8,0,False,1.0,1,0.0,[2 2],[0. 1.],0,1,[0.4 0.4],1.0,0.0,1.0
8,0.0,1,5.0,2,9,1,False,0.0,0,1.0,[2 2],[0. 1.],0,1,[0.4 0.4],1.0,0.0,1.0
9,1.0,1,5.0,0,10,0,False,1.0,1,0.0,[1 2],[0. 1.],0,1,[0.4 0.4],1.0,0.0,1.0
10,0.0,1,6.0,2,11,1,False,0.0,0,1.0,[1 2],[0. 1.],0,1,[0.4 0.4],1.0,0.0,1.0
11,1.0,1,6.0,0,12,0,False,1.0,1,0.0,[1 2],[0. 1.],1,1,[0.4 0.4],1.0,0.0,1.0
12,0.0,1,7.0,2,13,1,False,0.0,0,2.0,[1 2],[0. 1.],1,1,[0.4 0.4],1.0,0.0,1.0
13,1.0,1,7.0,0,14,0,False,2.0,1,0.0,[1 2],[0. 1.],1,1,[0.4 0.4],1.0,0.0,1.0
14,0.0,1,8.0,2,15,1,False,0.0,0,2.0,[1 2],[0. 1.],1,1,[0.4 0.4],1.0,0.0,1.0
15,1.0,1,8.0,0,16,0,False,2.0,1,0.0,[2 2],[0. 1.],0,1,[0.4 0.4],1.0,0.0,1.0
16,0.0,1,9.0,2,17,1,False,0.0,0,1.0,[2 2],[0. 1.],0,1,[0.4 0.4],1.0,0.0,1.0
17,1.0,1,9.0,0,18,0,False,1.0,1,0.0,[2 2],[0. 1.],0,1,[0.4 0.4],1.0,0.0,1.0
18,0.0,1,10.0,2,19,1,False,0.0,0,1.0,[2 2],[0. 1.],0,1,[0.4 0.4],1.0,0.0,1.0
19,1.0,1,10.0,0,20,0,False,1.0,1,0.0,[2 2],[0. 1.],0,1,[0.4 0.4],1.0,0.0,1.0
20,0.0,1,11.0,2,21,1,False,0.0,0,1.0,[2 2],[0. 1.],0,1,[0.4 0.4],1.0,0.0,1.0
21,1.0,1,11.0,0,22,0,False,1.0,1,0.0,[1 1],[0. 1.],0,1,[0.4 0.4],1.0,0.0,1.0
22,0.0,1,12.0,2,23,1,False,0.0,0,1.0,[1 1],[0. 1.],0,1,[0.4 0.4],1.0,0.0,1.0
23,0.0,1,12.0,0,24,0,False,1.0,1,0.0,[1 2],[0. 1.],1,1,[0.4 0.4],1.0,0.0,1.0
24,0.0,1,13.0,2,25,1,False,0.0,0,2.0,[1 2],[0. 1.],1,1,[0.4 0.4],1.0,0.0,1.0
25,1.0,1,13.0,0,26,0,False,2.0,1,0.0,[1 2],[0. 1.],1,1,[0.4 0.4],1.0,0.0,1.0
26,0.0,1,14.0,2,27,1,False,0.0,0,2.0,[1 2],[0. 1.],1,1,[0.4 0.4],1.0,0.0,1.0
27,1.0,1,14.0,0,28,0,False,2.0,1,0.0,[1 2],[0. 1.],0,1,[0.4 0.4],1.0,0.0,1.0
28,0.0,1,15.0,2,29,1,False,0.0,0,1.0,[1 2],[0. 1.],0,1,[0.4 0.4],1.0,0.0,1.0
29,1.0,1,15.0,0,30,0,False,1.0,1,0.0,[1 2],[0. 1.],1,1,[0.4 0.4],1.0,0.0,1.0
30,0.0,1,16.0,2,31,1,False,0.0,0,2.0,[1 2],[0. 1.],1,1,[0.4 0.4],1.0,0.0,1.0
31,1.0,1,16.0,0,32,0,False,2.0,1,0.0,[1 1],[0. 1.],1,1,[0.4 0.4],1.0,0.0,1.0
32,0.0,1,17.0,2,33,1,False,0.0,0,2.0,[1 1],[0. 1.],1,1,[0.4 0.4],1.0,0.0,1.0
33,0.0,1,17.0,0,34,0,False,2.0,1,0.0,[2 2],[0. 1.],1,1,[0.4 0.4],1.0,0.0,1.0
34,0.0,1,18.0,2,35,1,False,0.0,0,2.0,[2 2],[0. 1.],1,1,[0.4 0.4],1.0,0.0,1.0
35,1.0,1,18.0,0,36,0,False,2.0,1,0.0,[1 2],[0. 1.],1,1,[0.4 0.4],1.0,0.0,1.0
36,0.0,1,19.0,2,37,1,False,0.0,0,2.0,[1 2],[0. 1.],1,1,[0.4 0.4],1.0,0.0,1.0
37,1.0,1,19.0,0,38,0,False,2.0,1,0.0,[1 1],[0. 1.],0,1,[0.4 0.4],1.0,0.0,1.0
38,0.0,1,20.0,2,39,1,False,0.0,0,1.0,[1 1],[0. 1.],0,1,[0.4 0.4],1.0,0.0,1.0
39,0.0,1,20.0,0,40,0,False,1.0,1,0.0,[2 1],[0. 1.],0,1,[0.4 0.4],1.0,0.0,1.0
40,0.0,1,21.0,2,41,1,False,0.0,0,1.0,[2 1],[0. 1.],0,1,[0.4 0.4],1.0,0.0,1.0
41,0.0,1,21.0,0,42,0,False,1.0,1,0.0,[2 1],[0. 1.],0,1,[0.4 0.4],1.0,0.0,1.0
42,0.0,1,22.0,2,43,1,False,0.0,0,1.0,[2 1],[0. 1.],0,1,[0.4 0.4],1.0,0.0,1.0
43,0.0,1,22.0,0,44,0,False,1.0,1,0.0,[1 1],[0. 1.],1,1,[0.4 0.4],1.0,0.0,1.0
44,0.0,1,23.0,2,45,1,False,0.0,0,2.0,[1 1],[0. 1.],1,1,[0.4 0.4],1.0,0.0,1.0
45,0.0,1,23.0,0,46,0,False,2.0,1,0.0,[2 1],[0. 1.],1,1,[0.4 0.4],1.0,0.0,1.0
46,0.0,1,24.0,1,47,1,False,0.0,0,2.0,[2 1],[0. 1.],1,1,[0.4 0.4],1.0,0.0,1.0
47,1.0,1,24.0,0,48,0,False,2.0,1,0.0,[1 1],[0. 1.],1,1,[0.4 0.4],1.0,0.0,1.0
48,0.0,1,25.0,1,49,1,False,0.0,0,2.0,[1 1],[0. 1.],1,1,[0.4 0.4],1.0,0.0,1.0
49,0.0,1,25.0,0,50,0,False,2.0,1,0.0,[2 1],[0. 1.],1,1,[0.4 0.4],1.0,0.0,1.0
50,0.0,1,26.0,2,51,1,False,0.0,0,2.0,[2 1],[0. 1.],1,1,[0.4 0.4],1.0,0.0,1.0
51,0.0,1,26.0,0,52,0,False,2.0,1,0.0,[1 1],[0. 1.],0,1,[0.4 0.4],1.0,0.0,1.0
52,0.0,1,27.0,1,53,1,False,0.0,0,1.0,[1 1],[0. 1.],0,1,[0.4 0.4],1.0,0.0,1.0
53,0.0,1,27.0,0,54,0,False,1.0,1,0.0,[2 2],[0. 1.],0,1,[0.4 0.4],1.0,0.0,1.0
54,0.0,1,28.0,2,55,1,False,0.0,0,1.0,[2 2],[0. 1.],0,1,[0.4 0.4],1.0,0.0,1.0
55,1.0,1,28.0,0,56,0,False,1.0,1,0.0,[1 1],[0. 1.],0,1,[0.4 0.4],1.0,0.0,1.0
56,0.0,1,29.0,2,57,1,False,0.0,0,1.0,[1 1],[0. 1.],0,1,[0.4 0.4],1.0,0.0,1.0
57,0.0,1,29.0,0,58,0,False,1.0,1,0.0,[1 2],[0. 1.],0,1,[0.4 0.4],1.0,0.0,1.0
58,0.0,1,30.0,2,59,1,False,0.0,0,1.0,[1 2],[0. 1.],0,1,[0.4 0.4],1.0,0.0,1.0
59,1.0,1,30.0,0,60,0,False,1.0,1,0.0,[2 1],[0. 1.],1,1,[0.4 0.4],1.0,0.0,1.0
60,0.0,1,31.0,2,61,1,False,0.0,0,2.0,[2 1],[0. 1.],1,1,[0.4 0.4],1.0,0.0,1.0
61,0.0,1,31.0,0,62,0,False,2.0,1,0.0,[1 1],[0. 1.],0,1,[0.4 0.4],1.0,0.0,1.0
62,0.0,1,32.0,2,63,1,False,0.0,0,1.0,[1 1],[0. 1.],0,1,[0.4 0.4],1.0,0.0,1.0
63,0.0,1,32.0,0,64,0,False,1.0,1,0.0,[2 1],[0. 1.],0,1,[0.4 0.4],1.0,0.0,1.0
64,0.0,1,33.0,2,65,1,False,0.0,0,1.0,[2 1],[0. 1.],0,1,[0.4 0.4],1.0,0.0,1.0
65,0.0,1,33.0,0,66,0,False,1.0,1,0.0,[1 2],[0. 1.],1,1,[0.4 0.4],1.0,0.0,1.0
66,0.0,1,34.0,2,67,1,False,0.0,0,2.0,[1 2],[0. 1.],1,1,[0.4 0.4],1.0,0.0,1.0
67,1.0,1,34.0,0,68,0,False,2.0,1,0.0,[2 2],[0. 1.],1,1,[0.4 0.4],1.0,0.0,1.0
68,0.0,1,35.0,2,69,1,False,0.0,0,2.0,[2 2],[0. 1.],1,1,[0.4 0.4],1.0,0.0,1.0
69,1.0,1,35.0,0,70,0,False,2.0,1,0.0,[2 2],[0. 1.],0,1,[0.4 0.4],1.0,0.0,1.0
70,0.0,1,36.0,2,71,1,False,0.0,0,1.0,[2 2],[0. 1.],0,1,[0.4 0.4],1.0,0.0,1.0
71,1.0,1,36.0,0,72,0,False,1.0,1,0.0,[1 1],[0. 1.],1,1,[0.4 0.4],1.0,0.0,1.0
72,0.0,1,37.0,2,73,1,False,0.0,0,2.0,[1 1],[0. 1.],1,1,[0.4 0.4],1.0,0.0,1.0
73,0.0,1,37.0,0,74,0,False,2.0,1,0.0,[2 2],[0. 1.],1,1,[0.4 0.4],1.0,0.0,1.0
74,0.0,1,38.0,2,75,1,False,0.0,0,2.0,[2 2],[0. 1.],1,1,[0.4 0.4],1.0,0.0,1.0
75,1.0,1,38.0,0,76,0,False,2.0,1,0.0,[1 1],[0. 1.],0,1,[0.4 0.4],1.0,0.0,1.0
76,0.0,1,39.0,2,77,1,False,0.0,0,1.0,[1 1],[0. 1.],0,1,[0.4 0.4],1.0,0.0,1.0
77,0.0,1,39.0,0,78,0,False,1.0,1,0.0,[1 1],[0. 1.],0,1,[0.4 0.4],1.0,0.0,1.0
78,0.0,1,40.0,2,79,1,False,0.0,0,1.0,[1 1],[0. 1.],0,1,[0.4 0.4],1.0,0.0,1.0
79,0.0,1,40.0,0,80,0,False,1.0,1,0.0,[1 2],[0. 1.],1,1,[0.4 0.4],1.0,0.0,1.0
80,0.0,1,41.0,2,81,1,False,0.0,0,2.0,[1 2],[0. 1.],1,1,[0.4 0.4],1.0,0.0,1.0
81,1.0,1,41.0,0,82,0,False,2.0,1,0.0,[2 1],[0. 1.],1,1,[0.4 0.4],1.0,0.0,1.0
82,0.0,1,42.0,2,83,1,False,0.0,0,2.0,[2 1],[0. 1.],1,1,[0.4 0.4],1.0,0.0,1.0
83,0.0,1,42.0,0,84,0,False,2.0,1,0.0,[1 2],[0. 1.],0,1,[0.4 0.4],1.0,0.0,1.0
84,0.0,1,43.0,1,85,1,False,0.0,0,1.0,[1 2],[0. 1.],0,1,[0.4 0.4],1.0,0.0,1.0
85,0.0,1,43.0,0,86,0,False,1.0,1,0.0,[2 1],[0. 1.],1,1,[0.4 0.4],1.0,0.0,1.0
86,0.0,1,44.0,2,87,1,False,0.0,0,2.0,[2 1],[0. 1.],1,1,[0.4 0.4],1.0,0.0,1.0
87,0.0,1,44.0,0,88,0,False,2.0,1,0.0,[2 2],[0. 1.],0,1,[0.4 0.4],1.0,0.0,1.0
88,0.0,1,45.0,1,89,1,False,0.0,0,1.0,[2 2],[0. 1.],0,1,[0.4 0.4],1.0,0.0,1.0
89,1.0,1,45.0,0,90,0,False,1.0,1,0.0,[1 2],[0. 1.],1,1,[0.4 0.4],1.0,0.0,1.0
90,0.0,1,46.0,1,91,1,False,0.0,0,2.0,[1 2],[0. 1.],1,1,[0.4 0.4],1.0,0.0,1.0
91,0.0,1,46.0,0,92,0,False,2.0,1,0.0,[2 2],[0. 1.],1,1,[0.4 0.4],1.0,0.0,1.0
92,0.0,1,47.0,1,93,1,False,0.0,0,2.0,[2 2],[0. 1.],1,1,[0.4 0.4],1.0,0.0,1.0
93,1.0,1,47.0,0,94,0,False,2.0,1,0.0,[1 2],[0. 1.],0,1,[0.4 0.4],1.0,0.0,1.0
94,0.0,1,48.0,1,95,1,False,0.0,0,1.0,[1 2],[0. 1.],0,1,[0.4 0.4],1.0,0.0,1.0
95,0.0,1,48.0,0,96,0,False,1.0,1,0.0,[2 1],[0. 1.],0,1,[0.4 0.4],1.0,0.0,1.0
96,0.0,1,49.0,1,97,1,False,0.0,0,1.0,[2 1],[0. 1.],0,1,[0.4 0.4],1.0,0.0,1.0
97,1.0,1,49.0,0,98,0,False,1.0,1,0.0,[2 2],[1. 0.],0,0,[0.4 0.4],1.0,0.0,1.0
98,0.0,1,50.0,1,99,1,False,0.0,0,1.0,[2 2],[1. 0.],0,0,[0.4 0.4],1.0,0.0,1.0
99,0.0,1,50.0,0,100,0,False,1.0,1,0.0,[1 2],[1. 0.],1,0,[0.4 0.4],1.0,0.0,1.0
100,0.0,1,51.0,1,101,1,False,0.0,0,2.0,[1 2],[1. 0.],1,0,[0.4 0.4],1.0,0.0,1.0
101,1.0,1,51.0,0,102,0,False,2.0,1,0.0,[2 1],[1. 0.],0,0,[0.4 0.4],1.0,0.0,1.0
102,0.0,1,52.0,1,103,1,False,0.0,0,1.0,[2 1],[1. 0.],0,0,[0.4 0.4],1.0,0.0,1.0
103,0.0,1,52.0,0,104,0,False,1.0,1,0.0,[2 2],[1. 0.],1,0,[0.4 0.4],1.0,0.0,1.0
104,0.0,1,53.0,1,105,1,False,0.0,0,2.0,[2 2],[1. 0.],1,0,[0.4 0.4],1.0,0.0,1.0
105,0.0,1,53.0,0,106,0,False,2.0,1,0.0,[2 2],[1. 0.],0,0,[0.4 0.4],1.0,0.0,1.0
106,0.0,1,54.0,1,107,1,False,0.0,0,1.0,[2 2],[1. 0.],0,0,[0.4 0.4],1.0,0.0,1.0
107,0.0,1,54.0,0,108,0,False,1.0,1,0.0,[2 1],[1. 0.],1,0,[0.4 0.4],1.0,0.0,1.0
108,0.0,1,55.0,2,109,1,False,0.0,0,2.0,[2 1],[1. 0.],1,0,[0.4 0.4],1.0,0.0,1.0
109,1.0,1,55.0,0,110,0,False,2.0,1,0.0,[2 2],[1. 0.],0,0,[0.4 0.4],1.0,0.0,1.0
110,0.0,1,56.0,2,111,1,False,0.0,0,1.0,[2 2],[1. 0.],0,0,[0.4 0.4],1.0,0.0,1.0
111,0.0,1,56.0,0,112,0,False,1.0,1,0.0,[2 2],[1. 0.],1,0,[0.4 0.4],1.0,0.0,1.0
112,0.0,1,57.0,2,113,1,False,0.0,0,2.0,[2 2],[1. 0.],1,0,[0.4 0.4],1.0,0.0,1.0
113,0.0,1,57.0,0,114,0,False,2.0,1,0.0,[1 1],[1. 0.],0,0,[0.4 0.4],1.0,0.0,1.0
114,0.0,1,58.0,1,115,1,False,0.0,0,1.0,[1 1],[1. 0.],0,0,[0.4 0.4],1.0,0.0,1.0
115,1.0,1,58.0,0,116,0,False,1.0,1,0.0,[1 2],[1. 0.],0,0,[0.4 0.4],1.0,0.0,1.0
116,0.0,1,59.0,1,117,1,False,0.0,0,1.0,[1 2],[1. 0.],0,0,[0.4 0.4],1.0,0.0,1.0
117,1.0,1,59.0,0,118,0,False,1.0,1,0.0,[2 1],[1. 0.],0,0,[0.4 0.4],1.0,0.0,1.0
118,0.0,1,60.0,1,119,1,False,0.0,0,1.0,[2 1],[1. 0.],0,0,[0.4 0.4],1.0,0.0,1.0
119,0.0,1,60.0,0,120,0,False,1.0,1,0.0,[2 1],[0. 1.],1,1,[0.4 0.4],1.0,0.0,1.0
120,0.0,1,61.0,1,121,1,False,0.0,0,2.0,[2 1],[0. 1.],1,1,[0.4 0.4],1.0,0.0,1.0
121,1.0,1,61.0,0,122,0,False,2.0,1,0.0,[1 1],[1. 0.],1,0,[0.4 0.4],1.0,0.0,1.0
122,0.0,1,62.0,1,123,1,False,0.0,0,2.0,[1 1],[1. 0.],1,0,[0.4 0.4],1.0,0.0,1.0
123,1.0,1,62.0,0,124,0,False,2.0,1,0.0,[2 1],[1. 0.],1,0,[0.4 0.4],1.0,0.0,1.0
124,0.0,1,63.0,1,125,1,False,0.0,0,2.0,[2 1],[1. 0.],1,0,[0.4 0.4],1.0,0.0,1.0
125,0.0,1,63.0,0,126,0,False,2.0,1,0.0,[1 2],[1. 0.],0,0,[0.4 0.4],1.0,0.0,1.0
126,0.0,1,64.0,1,127,1,False,0.0,0,1.0,[1 2],[1. 0.],0,0,[0.4 0.4],1.0,0.0,1.0
127,1.0,1,64.0,0,128,0,False,1.0,1,0.0,[1 2],[1. 0.],0,0,[0.4 0.4],1.0,0.0,1.0
128,0.0,1,65.0,1,129,1,False,0.0,0,1.0,[1 2],[1. 0.],0,0,[0.4 0.4],1.0,0.0,1.0
129,1.0,1,65.0,0,130,0,False,1.0,1,0.0,[2 1],[1. 0.],1,0,[0.4 0.4],1.0,0.0,1.0
130,0.0,1,66.0,1,131,1,False,0.0,0,2.0,[2 1],[1. 0.],1,0,[0.4 0.4],1.0,0.0,1.0
131,0.0,1,66.0,0,132,0,False,2.0,1,0.0,[2 2],[1. 0.],0,0,[0.4 0.4],1.0,0.0,1.0
132,0.0,1,67.0,1,133,1,False,0.0,0,1.0,[2 2],[1. 0.],0,0,[0.4 0.4],1.0,0.0,1.0
133,0.0,1,67.0,0,134,0,False,1.0,1,0.0,[1 2],[1. 0.],0,0,[0.4 0.4],1.0,0.0,1.0
134,0.0,1,68.0,1,135,1,False,0.0,0,1.0,[1 2],[1. 0.],0,0,[0.4 0.4],1.0,0.0,1.0
135,1.0,1,68.0,0,136,0,False,1.0,1,0.0,[1 1],[1. 0.],0,0,[0.4 0.4],1.0,0.0,1.0
136,0.0,1,69.0,1,137,1,False,0.0,0,1.0,[1 1],[1. 0.],0,0,[0.4 0.4],1.0,0.0,1.0
137,1.0,1,69.0,0,138,0,False,1.0,1,0.0,[1 1],[1. 0.],1,0,[0.4 0.4],1.0,0.0,1.0
138,0.0,1,70.0,1,139,1,False,0.0,0,2.0,[1 1],[1. 0.],1,0,[0.4 0.4],1.0,0.0,1.0
139,1.0,1,70.0,0,140,0,False,2.0,1,0.0,[1 1],[1. 0.],0,0,[0.4 0.4],1.0,0.0,1.0
140,0.0,1,71.0,1,141,1,False,0.0,0,1.0,[1 1],[1. 0.],0,0,[0.4 0.4],1.0,0.0,1.0
141,1.0,1,71.0,0,142,0,False,1.0,1,0.0,[2 2],[1. 0.],1,0,[0.4 0.4],1.0,0.0,1.0
142,0.0,1,72.0,1,143,1,False,0.0,0,2.0,[2 2],[1. 0.],1,0,[0.4 0.4],1.0,0.0,1.0
143,0.0,1,72.0,0,144,0,False,2.0,1,0.0,[2 1],[1. 0.],0,0,[0.4 0.4],1.0,0.0,1.0
144,0.0,1,73.0,1,145,1,False,0.0,0,1.0,[2 1],[1. 0.],0,0,[0.4 0.4],1.0,0.0,1.0
145,0.0,1,73.0,0,146,0,False,1.0,1,0.0,[2 1],[1. 0.],0,0,[0.4 0.4],1.0,0.0,1.0
146,0.0,1,74.0,1,147,1,False,0.0,0,1.0,[2 1],[1. 0.],0,0,[0.4 0.4],1.0,0.0,1.0
147,0.0,1,74.0,0,148,0,False,1.0,1,0.0,[1 1],[1. 0.],1,0,[0.4 0.4],1.0,0.0,1.0
148,0.0,1,75.0,1,149,1,False,0.0,0,2.0,[1 1],[1. 0.],1,0,[0.4 0.4],1.0,0.0,1.0
149,1.0,1,75.0,0,150,0,False,2.0,1,0.0,[2 2],[1. 0.],0,0,[0.4 0.4],1.0,0.0,1.0
150,0.0,1,76.0,1,151,1,False,0.0,0,1.0,[2 2],[1. 0.],0,0,[0.4 0.4],1.0,0.0,1.0
151,0.0,1,76.0,0,152,0,False,1.0,1,0.0,[2 2],[1. 0.],0,0,[0.4 0.4],1.0,0.0,1.0
152,0.0,1,77.0,1,153,1,False,0.0,0,1.0,[2 2],[1. 0.],0,0,[0.4 0.4],1.0,0.0,1.0
153,0.0,1,77.0,0,154,0,False,1.0,1,0.0,[2 1],[1. 0.],1,0,[0.4 0.4],1.0,0.0,1.0
154,0.0,1,78.0,1,155,1,False,0.0,0,2.0,[2 1],[1. 0.],1,0,[0.4 0.4],1.0,0.0,1.0
155,0.0,1,78.0,0,156,0,False,2.0,1,0.0,[2 2],[1. 0.],1,0,[0.4 0.4],1.0,0.0,1.0
156,0.0,1,79.0,2,157,1,False,0.0,0,2.0,[2 2],[1. 0.],1,0,[0.4 0.4],1.0,0.0,1.0
157,0.0,1,79.0,0,158,0,False,2.0,1,0.0,[2 1],[1. 0.],0,0,[0.4 0.4],1.0,0.0,1.0
158,0.0,1,80.0,1,159,1,False,0.0,0,1.0,[2 1],[1. 0.],0,0,[0.4 0.4],1.0,0.0,1.0
159,0.0,1,80.0,0,160,0,False,1.0,1,0.0,[1 2],[1. 0.],1,0,[0.4 0.4],1.0,0.0,1.0
160,0.0,1,81.0,2,161,1,False,0.0,0,2.0,[1 2],[1. 0.],1,0,[0.4 0.4],1.0,0.0,1.0
161,0.0,1,81.0,0,162,0,False,2.0,1,0.0,[1 1],[1. 0.],1,0,[0.4 0.4],1.0,0.0,1.0
162,0.0,1,82.0,1,163,1,False,0.0,0,2.0,[1 1],[1. 0.],1,0,[0.4 0.4],1.0,0.0,1.0
163,1.0,1,82.0,0,164,0,False,2.0,1,0.0,[1 1],[1. 0.],1,0,[0.4 0.4],1.0,0.0,1.0
164,0.0,1,83.0,1,165,1,False,0.0,0,2.0,[1 1],[1. 0.],1,0,[0.4 0.4],1.0,0.0,1.0
165,1.0,1,83.0,0,166,0,False,2.0,1,0.0,[2 1],[1. 0.],0,0,[0.4 0.4],1.0,0.0,1.0
166,0.0,1,84.0,1,167,1,False,0.0,0,1.0,[2 1],[1. 0.],0,0,[0.4 0.4],1.0,0.0,1.0
167,0.0,1,84.0,0,168,0,False,1.0,1,0.0,[2 1],[1. 0.],0,0,[0.4 0.4],1.0,0.0,1.0
168,0.0,1,85.0,1,169,1,False,0.0,0,1.0,[2 1],[1. 0.],0,0,[0.4 0.4],1.0,0.0,1.0
169,0.0,1,85.0,0,170,0,False,1.0,1,0.0,[2 1],[1. 0.],1,0,[0.4 0.4],1.0,0.0,1.0
170,0.0,1,86.0,2,171,1,False,0.0,0,2.0,[2 1],[1. 0.],1,0,[0.4 0.4],1.0,0.0,1.0
171,1.0,1,86.0,0,172,0,False,2.0,1,0.0,[1 2],[1. 0.],1,0,[0.4 0.4],1.0,0.0,1.0
172,0.0,1,87.0,2,173,1,False,0.0,0,2.0,[1 2],[1. 0.],1,0,[0.4 0.4],1.0,0.0,1.0
173,0.0,1,87.0,0,174,0,False,2.0,1,0.0,[2 2],[1. 0.],1,0,[0.4 0.4],1.0,0.0,1.0
174,0.0,1,88.0,1,175,1,False,0.0,0,2.0,[2 2],[1. 0.],1,0,[0.4 0.4],1.0,0.0,1.0
175,0.0,1,88.0,0,176,0,False,2.0,1,0.0,[1 2],[1. 0.],0,0,[0.4 0.4],1.0,0.0,1.0
176,0.0,1,89.0,2,177,1,False,0.0,0,1.0,[1 2],[1. 0.],0,0,[0.4 0.4],1.0,0.0,1.0
177,0.0,1,89.0,0,178,0,False,1.0,1,0.0,[2 1],[1. 0.],1,0,[0.4 0.4],1.0,0.0,1.0
178,0.0,1,90.0,1,179,1,False,0.0,0,2.0,[2 1],[1. 0.],1,0,[0.4 0.4],1.0,0.0,1.0
179,0.0,1,90.0,0,180,0,False,2.0,1,0.0,[2 1],[1. 0.],0,0,[0.4 0.4],1.0,0.0,1.0
180,0.0,1,91.0,2,181,1,False,0.0,0,1.0,[2 1],[1. 0.],0,0,[0.4 0.4],1.0,0.0,1.0
181,1.0,1,91.0,0,182,0,False,1.0,1,0.0,[2 1],[1. 0.],0,0,[0.4 0.4],1.0,0.0,1.0
182,0.0,1,92.0,2,183,1,False,0.0,0,1.0,[2 1],[1. 0.],0,0,[0.4 0.4],1.0,0.0,1.0
183,1.0,1,92.0,0,184,0,False,1.0,1,0.0,[1 2],[1. 0.],0,0,[0.4 0.4],1.0,0.0,1.0
184,0.0,1,93.0,2,185,1,False,0.0,0,1.0,[1 2],[1. 0.],0,0,[0.4 0.4],1.0,0.0,1.0
185,0.0,1,93.0,0,186,0,False,1.0,1,0.0,[1 1],[1. 0.],0,0,[0.4 0.4],1.0,0.0,1.0
186,0.0,1,94.0,2,187,1,False,0.0,0,1.0,[1 1],[1. 0.],0,0,[0.4 0.4],1.0,0.0,1.0
187,1.0,1,94.0,0,188,0,False,1.0,1,0.0,[2 2],[1. 0.],0,0,[0.4 0.4],1.0,0.0,1.0
188,0.0,1,95.0,2,189,1,False,0.0,0,1.0,[2 2],[1. 0.],0,0,[0.4 0.4],1.0,0.0,1.0
189,0.0,1,95.0,0,190,0,False,1.0,1,0.0,[1 2],[1. 0.],0,0,[0.4 0.4],1.0,0.0,1.0
190,0.0,1,96.0,2,191,1,False,0.0,0,1.0,[1 2],[1. 0.],0,0,[0.4 0.4],1.0,0.0,1.0
191,0.0,1,96.0,0,192,0,False,1.0,1,0.0,[1 2],[1. 0.],1,0,[0.4 0.4],1.0,0.0,1.0
192,0.0,1,97.0,2,193,1,False,0.0,0,2.0,[1 2],[1. 0.],1,0,[0.4 0.4],1.0,0.0,1.0
193,0.0,1,97.0,0,194,0,False,2.0,1,0.0,[1 1],[1. 0.],1,0,[0.4 0.4],1.0,0.0,1.0
194,0.0,1,98.0,2,195,1,False,0.0,0,2.0,[1 1],[1. 0.],1,0,[0.4 0.4],1.0,0.0,1.0
195,1.0,1,98.0,0,196,0,False,2.0,1,0.0,[2 1],[1. 0.],0,0,[0.4 0.4],1.0,0.0,1.0
196,0.0,1,99.0,2,197,1,False,0.0,0,1.0,[2 1],[1. 0.],0,0,[0.4 0.4],1.0,0.0,1.0
197,1.0,1,99.0,0,198,0,False,1.0,1,0.0,[1 2],[1. 0.],1,0,[0.4 0.4],1.0,0.0,1.0
198,0.0,1,100.0,2,199,1,False,0.0,0,2.0,[1 2],[1. 0.],1,0,[0.4 0.4],1.0,0.0,1.0
199,0.0,1,100.0,0,200,0,False,2.0,1,0.0,[1 1],[1. 0.],1,0,[0.4 0.4],1.0,0.0,1.0
200,0.0,1,101.0,2,201,1,False,0.0,0,2.0,[1 1],[1. 0.],1,0,[0.4 0.4],1.0,0.0,1.0
201,1.0,1,101.0,0,202,0,False,2.0,1,0.0,[1 2],[1. 0.],1,0,[0.4 0.4],1.0,0.0,1.0
202,0.0,1,102.0,2,203,1,False,0.0,0,2.0,[1 2],[1. 0.],1,0,[0.4 0.4],1.0,0.0,1.0
203,0.0,1,102.0,0,204,0,False,2.0,1,0.0,[2 2],[1. 0.],0,0,[0.4 0.4],1.0,0.0,1.0
204,0.0,1,103.0,1,205,1,False,0.0,0,1.0,[2 2],[1. 0.],0,0,[0.4 0.4],1.0,0.0,1.0
205,0.0,1,103.0,0,206,0,False,1.0,1,0.0,[1 1],[1. 0.],1,0,[0.4 0.4],1.0,0.0,1.0
206,0.0,1,104.0,1,207,1,False,0.0,0,2.0,[1 1],[1. 0.],1,0,[0.4 0.4],1.0,0.0,1.0
207,1.0,1,104.0,0,208,0,False,2.0,1,0.0,[2 1],[1. 0.],1,0,[0.4 0.4],1.0,0.0,1.0
208,0.0,1,105.0,1,209,1,False,0.0,0,2.0,[2 1],[1. 0.],1,0,[0.4 0.4],1.0,0.0,1.0
209,0.0,1,105.0,0,210,0,False,2.0,1,0.0,[1 1],[1. 0.],0,0,[0.4 0.4],1.0,0.0,1.0
210,0.0,1,106.0,2,211,1,False,0.0,0,1.0,[1 1],[1. 0.],0,0,[0.4 0.4],1.0,0.0,1.0
211,1.0,1,106.0,0,212,0,False,1.0,1,0.0,[1 1],[1. 0.],1,0,[0.4 0.4],1.0,0.0,1.0
212,0.0,1,107.0,2,213,1,False,0.0,0,2.0,[1 1],[1. 0.],1,0,[0.4 0.4],1.0,0.0,1.0
213,1.0,1,107.0,0,214,0,False,2.0,1,0.0,[1 2],[1. 0.],0,0,[0.4 0.4],1.0,0.0,1.0
214,0.0,1,108.0,2,215,1,False,0.0,0,1.0,[1 2],[1. 0.],0,0,[0.4 0.4],1.0,0.0,1.0
215,0.0,1,108.0,0,216,0,False,1.0,1,0.0,[2 1],[1. 0.],1,0,[0.4 0.4],1.0,0.0,1.0
216,0.0,1,109.0,2,217,1,False,0.0,0,2.0,[2 1],[1. 0.],1,0,[0.4 0.4],1.0,0.0,1.0
217,1.0,1,109.0,0,218,0,False,2.0,1,0.0,[2 2],[1. 0.],0,0,[0.4 0.4],1.0,0.0,1.0
218,0.0,1,110.0,2,219,1,False,0.0,0,1.0,[2 2],[1. 0.],0,0,[0.4 0.4],1.0,0.0,1.0
219,0.0,1,110.0,0,220,0,False,1.0,1,0.0,[2 1],[1. 0.],1,0,[0.4 0.4],1.0,0.0,1.0
220,0.0,1,111.0,2,221,1,False,0.0,0,2.0,[2 1],[1. 0.],1,0,[0.4 0.4],1.0,0.0,1.0
221,1.0,1,111.0,0,222,0,False,2.0,1,0.0,[1 2],[1. 0.],0,0,[0.4 0.4],1.0,0.0,1.0
222,0.0,1,112.0,2,223,1,False,0.0,0,1.0,[1 2],[1. 0.],0,0,[0.4 0.4],1.0,0.0,1.0
223,0.0,1,112.0,0,224,0,False,1.0,1,0.0,[2 1],[1. 0.],0,0,[0.4 0.4],1.0,0.0,1.0
224,0.0,1,113.0,2,225,1,False,0.0,0,1.0,[2 1],[1. 0.],0,0,[0.4 0.4],1.0,0.0,1.0
225,1.0,1,113.0,0,226,0,False,1.0,1,0.0,[1 2],[1. 0.],1,0,[0.4 0.4],1.0,0.0,1.0
226,0.0,1,114.0,2,227,1,False,0.0,0,2.0,[1 2],[1. 0.],1,0,[0.4 0.4],1.0,0.0,1.0
227,0.0,1,114.0,0,228,0,False,2.0,1,0.0,[1 2],[1. 0.],1,0,[0.4 0.4],1.0,0.0,1.0
228,0.0,1,115.0,2,229,1,False,0.0,0,2.0,[1 2],[1. 0.],1,0,[0.4 0.4],1.0,0.0,1.0
229,0.0,1,115.0,0,230,0,False,2.0,1,0.0,[2 2],[1. 0.],1,0,[0.4 0.4],1.0,0.0,1.0
230,0.0,1,116.0,1,231,1,False,0.0,0,2.0,[2 2],[1. 0.],1,0,[0.4 0.4],1.0,0.0,1.0
231,0.0,1,116.0,0,232,0,False,2.0,1,0.0,[1 1],[1. 0.],0,0,[0.4 0.4],1.0,0.0,1.0
232,0.0,1,117.0,2,233,1,False,0.0,0,1.0,[1 1],[1. 0.],0,0,[0.4 0.4],1.0,0.0,1.0
233,1.0,1,117.0,0,234,0,False,1.0,1,0.0,[2 1],[1. 0.],1,0,[0.4 0.4],1.0,0.0,1.0
234,0.0,1,118.0,2,235,1,False,0.0,0,2.0,[2 1],[1. 0.],1,0,[0.4 0.4],1.0,0.0,1.0
235,1.0,1,118.0,0,236,0,False,2.0,1,0.0,[2 2],[1. 0.],0,0,[0.4 0.4],1.0,0.0,1.0
236,0.0,1,119.0,2,237,1,False,0.0,0,1.0,[2 2],[1. 0.],0,0,[0.4 0.4],1.0,0.0,1.0
237,0.0,1,119.0,0,238,0,False,1.0,1,0.0,[1 2],[1. 0.],0,0,[0.4 0.4],1.0,0.0,1.0
238,0.0,1,120.0,2,239,1,False,0.0,0,1.0,[1 2],[1. 0.],0,0,[0.4 0.4],1.0,0.0,1.0
239,0.0,1,120.0,0,240,0,False,1.0,1,0.0,[1 1],[1. 0.],1,0,[0.4 0.4],1.0,0.0,1.0
240,0.0,1,121.0,2,241,1,False,0.0,0,2.0,[1 1],[1. 0.],1,0,[0.4 0.4],1.0,0.0,1.0
241,1.0,1,121.0,0,242,0,False,2.0,1,0.0,[1 2],[1. 0.],1,0,[0.4 0.4],1.0,0.0,1.0
242,0.0,1,122.0,2,243,1,False,0.0,0,2.0,[1 2],[1. 0.],1,0,[0.4 0.4],1.0,0.0,1.0
243,0.0,1,122.0,0,244,0,False,2.0,1,0.0,[1 2],[1. 0.],0,0,[0.4 0.4],1.0,0.0,1.0
244,0.0,1,123.0,2,245,1,False,0.0,0,1.0,[1 2],[1. 0.],0,0,[0.4 0.4],1.0,0.0,1.0
245,0.0,1,123.0,0,246,0,False,1.0,1,0.0,[2 2],[1. 0.],0,0,[0.4 0.4],1.0,0.0,1.0
246,0.0,1,124.0,2,247,1,False,0.0,0,1.0,[2 2],[1. 0.],0,0,[0.4 0.4],1.0,0.0,1.0
247,0.0,1,124.0,0,248,0,False,1.0,1,0.0,[2 1],[1. 0.],1,0,[0.4 0.4],1.0,0.0,1.0
248,0.0,1,125.0,1,249,1,False,0.0,0,2.0,[2 1],[1. 0.],1,0,[0.4 0.4],1.0,0.0,1.0
249,0.0,1,125.0,0,250,0,False,2.0,1,0.0,[2 2],[1. 0.],1,0,[0.4 0.4],1.0,0.0,1.0
250,0.0,1,126.0,2,251,1,False,0.0,0,2.0,[2 2],[1. 0.],1,0,[0.4 0.4],1.0,0.0,1.0
251,0.0,1,126.0,0,252,0,False,2.0,1,0.0,[1 2],[1. 0.],1,0,[0.4 0.4],1.0,0.0,1.0
252,0.0,1,127.0,1,253,1,False,0.0,0,2.0,[1 2],[1. 0.],1,0,[0.4 0.4],1.0,0.0,1.0
253,1.0,1,127.0,0,254,0,False,2.0,1,0.0,[2 1],[1. 0.],0,0,[0.4 0.4],1.0,0.0,1.0
254,0.0,1,128.0,1,255,1,False,0.0,0,1.0,[2 1],[1. 0.],0,0,[0.4 0.4],1.0,0.0,1.0
255,0.0,1,128.0,0,256,0,False,1.0,1,0.0,[2 1],[0. 1.],1,1,[0.4 0.4],1.0,0.0,1.0
256,0.0,1,129.0,1,257,1,False,0.0,0,2.0,[2 1],[0. 1.],1,1,[0.4 0.4],1.0,0.0,1.0
257,1.0,1,129.0,0,258,0,False,2.0,1,0.0,[1 2],[0. 1.],0,1,[0.4 0.4],1.0,0.0,1.0
258,0.0,1,130.0,1,259,1,False,0.0,0,1.0,[1 2],[0. 1.],0,1,[0.4 0.4],1.0,0.0,1.0
259,0.0,1,130.0,0,260,0,False,1.0,1,0.0,[1 2],[0. 1.],0,1,[0.4 0.4],1.0,0.0,1.0
260,0.0,1,131.0,1,261,1,False,0.0,0,1.0,[1 2],[0. 1.],0,1,[0.4 0.4],1.0,0.0,1.0
261,0.0,1,131.0,0,262,0,False,1.0,1,0.0,[1 1],[0. 1.],0,1,[0.4 0.4],1.0,0.0,1.0
262,0.0,1,132.0,2,263,1,False,0.0,0,1.0,[1 1],[0. 1.],0,1,[0.4 0.4],1.0,0.0,1.0
263,0.0,1,132.0,0,264,0,False,1.0,1,0.0,[1 2],[0. 1.],1,1,[0.4 0.4],1.0,0.0,1.0
264,0.0,1,133.0,1,265,1,False,0.0,0,2.0,[1 2],[0. 1.],1,1,[0.4 0.4],1.0,0.0,1.0
265,0.0,1,133.0,0,266,0,False,2.0,1,0.0,[1 1],[0. 1.],1,1,[0.4 0.4],1.0,0.0,1.0
266,0.0,1,134.0,2,267,1,False,0.0,0,2.0,[1 1],[0. 1.],1,1,[0.4 0.4],1.0,0.0,1.0
267,0.0,1,134.0,0,268,0,False,2.0,1,0.0,[1 2],[0. 1.],0,1,[0.4 0.4],1.0,0.0,1.0
268,0.0,1,135.0,1,269,1,False,0.0,0,1.0,[1 2],[0. 1.],0,1,[0.4 0.4],1.0,0.0,1.0
269,0.0,1,135.0,0,270,0,False,1.0,1,0.0,[1 1],[0. 1.],0,1,[0.4 0.4],1.0,0.0,1.0
270,0.0,1,136.0,2,271,1,False,0.0,0,1.0,[1 1],[0. 1.],0,1,[0.4 0.4],1.0,0.0,1.0
271,0.0,1,136.0,0,272,0,False,1.0,1,0.0,[2 1],[0. 1.],0,1,[0.4 0.4],1.0,0.0,1.0
272,0.0,1,137.0,2,273,1,False,0.0,0,1.0,[2 1],[0. 1.],0,1,[0.4 0.4],1.0,0.0,1.0
273,0.0,1,137.0,0,274,0,False,1.0,1,0.0,[1 2],[0. 1.],0,1,[0.4 0.4],1.0,0.0,1.0
274,0.0,1,138.0,1,275,1,False,0.0,0,1.0,[1 2],[0. 1.],0,1,[0.4 0.4],1.0,0.0,1.0
275,0.0,1,138.0,0,276,0,False,1.0,1,0.0,[1 1],[0. 1.],0,1,[0.4 0.4],1.0,0.0,1.0
276,0.0,1,139.0,2,277,1,False,0.0,0,1.0,[1 1],[0. 1.],0,1,[0.4 0.4],1.0,0.0,1.0
277,0.0,1,139.0,0,278,0,False,1.0,1,0.0,[1 1],[0. 1.],0,1,[0.4 0.4],1.0,0.0,1.0
278,0.0,1,140.0,1,279,1,False,0.0,0,1.0,[1 1],[0. 1.],0,1,[0.4 0.4],1.0,0.0,1.0
279,0.0,1,140.0,0,280,0,False,1.0,1,0.0,[1 2],[0. 1.],0,1,[0.4 0.4],1.0,0.0,1.0
280,0.0,1,141.0,2,281,1,False,0.0,0,1.0,[1 2],[0. 1.],0,1,[0.4 0.4],1.0,0.0,1.0
281,1.0,1,141.0,0,282,0,False,1.0,1,0.0,[1 1],[0. 1.],0,1,[0.4 0.4],1.0,0.0,1.0
282,0.0,1,142.0,2,283,1,False,0.0,0,1.0,[1 1],[0. 1.],0,1,[0.4 0.4],1.0,0.0,1.0
283,0.0,1,142.0,0,284,0,False,1.0,1,0.0,[1 2],[0. 1.],1,1,[0.4 0.4],1.0,0.0,1.0
284,0.0,1,143.0,2,285,1,False,0.0,0,2.0,[1 2],[0. 1.],1,1,[0.4 0.4],1.0,0.0,1.0
285,1.0,1,143.0,0,286,0,False,2.0,1,0.0,[2 2],[0. 1.],0,1,[0.4 0.4],1.0,0.0,1.0
286,0.0,1,144.0,2,287,1,False,0.0,0,1.0,[2 2],[0. 1.],0,1,[0.4 0.4],1.0,0.0,1.0
287,1.0,1,144.0,0,288,0,False,1.0,1,0.0,[1 1],[0. 1.],0,1,[0.4 0.4],1.0,0.0,1.0
288,0.0,1,145.0,2,289,1,False,0.0,0,1.0,[1 1],[0. 1.],0,1,[0.4 0.4],1.0,0.0,1.0
289,0.0,1,145.0,0,290,0,False,1.0,1,0.0,[2 2],[0. 1.],0,1,[0.4 0.4],1.0,0.0,1.0
290,0.0,1,146.0,2,291,1,False,0.0,0,1.0,[2 2],[0. 1.],0,1,[0.4 0.4],1.0,0.0,1.0
291,1.0,1,146.0,0,292,0,False,1.0,1,0.0,[1 2],[0. 1.],1,1,[0.4 0.4],1.0,0.0,1.0
292,0.0,1,147.0,2,293,1,False,0.0,0,2.0,[1 2],[0. 1.],1,1,[0.4 0.4],1.0,0.0,1.0
293,1.0,1,147.0,0,294,0,False,2.0,1,0.0,[2 1],[0. 1.],1,1,[0.4 0.4],1.0,0.0,1.0
294,0.0,1,148.0,2,295,1,False,0.0,0,2.0,[2 1],[0. 1.],1,1,[0.4 0.4],1.0,0.0,1.0
295,0.0,1,148.0,0,296,0,False,2.0,1,0.0,[2 1],[0. 1.],0,1,[0.4 0.4],1.0,0.0,1.0
296,0.0,1,149.0,2,297,1,False,0.0,0,1.0,[2 1],[0. 1.],0,1,[0.4 0.4],1.0,0.0,1.0
297,0.0,1,149.0,0,298,0,False,1.0,1,0.0,[1 2],[0. 1.],1,1,[0.4 0.4],1.0,0.0,1.0
298,0.0,1,150.0,2,299,1,False,0.0,0,2.0,[1 2],[0. 1.],1,1,[0.4 0.4],1.0,0.0,1.0
299,1.0,1,150.0,0,300,0,False,2.0,1,0.0,[1 2],[0. 1.],0,1,[0.4 0.4],1.0,0.0,1.0
300,0.0,1,151.0,2,301,1,False,0.0,0,1.0,[1 2],[0. 1.],0,1,[0.4 0.4],1.0,0.0,1.0
301,1.0,1,151.0,0,302,0,False,1.0,1,0.0,[1 2],[0. 1.],1,1,[0.4 0.4],1.0,0.0,1.0
302,0.0,1,152.0,2,303,1,False,0.0,0,2.0,[1 2],[0. 1.],1,1,[0.4 0.4],1.0,0.0,1.0
303,1.0,1,152.0,0,304,0,False,2.0,1,0.0,[1 1],[0. 1.],0,1,[0.4 0.4],1.0,0.0,1.0
304,0.0,1,153.0,2,305,1,False,0.0,0,1.0,[1 1],[0. 1.],0,1,[0.4 0.4],1.0,0.0,1.0
305,0.0,1,153.0,0,306,0,False,1.0,1,0.0,[2 2],[0. 1.],0,1,[0.4 0.4],1.0,0.0,1.0
306,0.0,1,154.0,2,307,1,False,0.0,0,1.0,[2 2],[0. 1.],0,1,[0.4 0.4],1.0,0.0,1.0
307,1.0,1,154.0,0,308,0,False,1.0,1,0.0,[2 2],[0. 1.],1,1,[0.4 0.4],1.0,0.0,1.0
308,0.0,1,155.0,2,309,1,False,0.0,0,2.0,[2 2],[0. 1.],1,1,[0.4 0.4],1.0,0.0,1.0
309,1.0,1,155.0,0,310,0,False,2.0,1,0.0,[1 2],[0. 1.],1,1,[0.4 0.4],1.0,0.0,1.0
310,0.0,1,156.0,2,311,1,False,0.0,0,2.0,[1 2],[0. 1.],1,1,[0.4 0.4],1.0,0.0,1.0
311,1.0,1,156.0,0,312,0,False,2.0,1,0.0,[2 2],[0. 1.],1,1,[0.4 0.4],1.0,0.0,1.0
312,0.0,1,157.0,2,313,1,False,0.0,0,2.0,[2 2],[0. 1.],1,1,[0.4 0.4],1.0,0.0,1.0
313,1.0,1,157.0,0,314,0,False,2.0,1,0.0,[1 2],[0. 1.],1,1,[0.4 0.4],1.0,0.0,1.0
314,0.0,1,158.0,2,315,1,False,0.0,0,2.0,[1 2],[0. 1.],1,1,[0.4 0.4],1.0,0.0,1.0
315,1.0,1,158.0,0,316,0,False,2.0,1,0.0,[2 2],[0. 1.],0,1,[0.4 0.4],1.0,0.0,1.0
316,0.0,1,159.0,2,317,1,False,0.0,0,1.0,[2 2],[0. 1.],0,1,[0.4 0.4],1.0,0.0,1.0
317,1.0,1,159.0,0,318,0,False,1.0,1,0.0,[1 2],[0. 1.],0,1,[0.4 0.4],1.0,0.0,1.0
318,0.0,1,160.0,2,319,1,False,0.0,0,1.0,[1 2],[0. 1.],0,1,[0.4 0.4],1.0,0.0,1.0
319,1.0,1,160.0,0,320,0,False,1.0,1,0.0,[1 2],[0. 1.],1,1,[0.4 0.4],1.0,0.0,1.0
320,0.0,1,161.0,2,321,1,False,0.0,0,2.0,[1 2],[0. 1.],1,1,[0.4 0.4],1.0,0.0,1.0
321,1.0,1,161.0,0,322,0,False,2.0,1,0.0,[1 2],[0. 1.],0,1,[0.4 0.4],1.0,0.0,1.0
322,0.0,1,162.0,2,323,1,False,0.0,0,1.0,[1 2],[0. 1.],0,1,[0.4 0.4],1.0,0.0,1.0
323,1.0,1,162.0,0,324,0,False,1.0,1,0.0,[1 2],[0. 1.],0,1,[0.4 0.4],1.0,0.0,1.0
324,0.0,1,163.0,2,325,1,False,0.0,0,1.0,[1 2],[0. 1.],0,1,[0.4 0.4],1.0,0.0,1.0
325,1.0,1,163.0,0,326,0,False,1.0,1,0.0,[2 1],[0. 1.],0,1,[0.4 0.4],1.0,0.0,1.0
326,0.0,1,164.0,2,327,1,False,0.0,0,1.0,[2 1],[0. 1.],0,1,[0.4 0.4],1.0,0.0,1.0
327,0.0,1,164.0,0,328,0,False,1.0,1,0.0,[2 2],[0. 1.],1,1,[0.4 0.4],1.0,0.0,1.0
328,0.0,1,165.0,2,329,1,False,0.0,0,2.0,[2 2],[0. 1.],1,1,[0.4 0.4],1.0,0.0,1.0
329,1.0,1,165.0,0,330,0,False,2.0,1,0.0,[2 2],[0. 1.],1,1,[0.4 0.4],1.0,0.0,1.0
330,0.0,1,166.0,2,331,1,False,0.0,0,2.0,[2 2],[0. 1.],1,1,[0.4 0.4],1.0,0.0,1.0
331,1.0,1,166.0,0,332,0,False,2.0,1,0.0,[1 2],[0. 1.],0,1,[0.4 0.4],1.0,0.0,1.0
332,0.0,1,167.0,2,333,1,False,0.0,0,1.0,[1 2],[0. 1.],0,1,[0.4 0.4],1.0,0.0,1.0
333,1.0,1,167.0,0,334,0,False,1.0,1,0.0,[1 2],[0. 1.],0,1,[0.4 0.4],1.0,0.0,1.0
334,0.0,1,168.0,2,335,1,False,0.0,0,1.0,[1 2],[0. 1.],0,1,[0.4 0.4],1.0,0.0,1.0
335,1.0,1,168.0,0,336,0,False,1.0,1,0.0,[2 2],[0. 1.],0,1,[0.4 0.4],1.0,0.0,1.0
336,0.0,1,169.0,2,337,1,False,0.0,0,1.0,[2 2],[0. 1.],0,1,[0.4 0.4],1.0,0.0,1.0
337,1.0,1,169.0,0,338,0,False,1.0,1,0.0,[1 1],[0. 1.],1,1,[0.4 0.4],1.0,0.0,1.0
338,0.0,1,170.0,2,339,1,False,0.0,0,2.0,[1 1],[0. 1.],1,1,[0.4 0.4],1.0,0.0,1.0
339,0.0,1,170.0,0,340,0,False,2.0,1,0.0,[2 2],[0. 1.],1,1,[0.4 0.4],1.0,0.0,1.0
340,0.0,1,171.0,2,341,1,False,0.0,0,2.0,[2 2],[0. 1.],1,1,[0.4 0.4],1.0,0.0,1.0
341,1.0,1,171.0,0,342,0,False,2.0,1,0.0,[2 2],[0. 1.],1,1,[0.4 0.4],1.0,0.0,1.0
342,0.0,1,172.0,2,343,1,False,0.0,0,2.0,[2 2],[0. 1.],1,1,[0.4 0.4],1.0,0.0,1.0
343,1.0,1,172.0,0,344,0,False,2.0,1,0.0,[1 1],[0. 1.],1,1,[0.4 0.4],1.0,0.0,1.0
344,0.0,1,173.0,2,345,1,False,0.0,0,2.0,[1 1],[0. 1.],1,1,[0.4 0.4],1.0,0.0,1.0
345,0.0,1,173.0,0,346,0,False,2.0,1,0.0,[1 2],[0. 1.],1,1,[0.4 0.4],1.0,0.0,1.0
346,0.0,1,174.0,2,347,1,False,0.0,0,2.0,[1 2],[0. 1.],1,1,[0.4 0.4],1.0,0.0,1.0
347,1.0,1,174.0,0,348,0,False,2.0,1,0.0,[1 1],[0. 1.],1,1,[0.4 0.4],1.0,0.0,1.0
348,0.0,1,175.0,2,349,1,False,0.0,0,2.0,[1 1],[0. 1.],1,1,[0.4 0.4],1.0,0.0,1.0
349,0.0,1,175.0,0,350,0,False,2.0,1,0.0,[2 1],[0. 1.],0,1,[0.4 0.4],1.0,0.0,1.0
350,0.0,1,176.0,1,351,1,False,0.0,0,1.0,[2 1],[0. 1.],0,1,[0.4 0.4],1.0,0.0,1.0
351,1.0,1,176.0,0,352,0,False,1.0,1,0.0,[1 1],[0. 1.],1,1,[0.4 0.4],1.0,0.0,1.0
352,0.0,1,177.0,1,353,1,False,0.0,0,2.0,[1 1],[0. 1.],1,1,[0.4 0.4],1.0,0.0,1.0
353,0.0,1,177.0,0,354,0,False,2.0,1,0.0,[1 2],[0. 1.],1,1,[0.4 0.4],1.0,0.0,1.0
354,0.0,1,178.0,1,355,1,False,0.0,0,2.0,[1 2],[0. 1.],1,1,[0.4 0.4],1.0,0.0,1.0
355,0.0,1,178.0,0,356,0,False,2.0,1,0.0,[1 2],[0. 1.],1,1,[0.4 0.4],1.0,0.0,1.0
356,0.0,1,179.0,2,357,1,False,0.0,0,2.0,[1 2],[0. 1.],1,1,[0.4 0.4],1.0,0.0,1.0
357,1.0,1,179.0,0,358,0,False,2.0,1,0.0,[2 1],[0. 1.],0,1,[0.4 0.4],1.0,0.0,1.0
358,0.0,1,180.0,2,359,1,False,0.0,0,1.0,[2 1],[0. 1.],0,1,[0.4 0.4],1.0,0.0,1.0
359,0.0,1,180.0,0,360,0,False,1.0,1,0.0,[2 1],[0. 1.],1,1,[0.4 0.4],1.0,0.0,1.0
360,0.0,1,181.0,2,361,1,False,0.0,0,2.0,[2 1],[0. 1.],1,1,[0.4 0.4],1.0,0.0,1.0
361,0.0,1,181.0,0,362,0,False,2.0,1,0.0,[2 1],[1. 0.],1,0,[0.4 0.4],1.0,0.0,1.0
362,0.0,1,182.0,1,363,1,False,0.0,0,2.0,[2 1],[1. 0.],1,0,[0.4 0.4],1.0,0.0,1.0
363,0.0,1,182.0,0,364,0,False,2.0,1,0.0,[1 2],[1. 0.],0,0,[0.4 0.4],1.0,0.0,1.0
364,0.0,1,183.0,2,365,1,False,0.0,0,1.0,[1 2],[1. 0.],0,0,[0.4 0.4],1.0,0.0,1.0
365,0.0,1,183.0,0,366,0,False,1.0,1,0.0,[2 2],[0. 1.],1,1,[0.4 0.4],1.0,0.0,1.0
366,0.0,1,184.0,2,367,1,False,0.0,0,2.0,[2 2],[0. 1.],1,1,[0.4 0.4],1.0,0.0,1.0
367,1.0,1,184.0,0,368,0,False,2.0,1,0.0,[2 2],[0. 1.],1,1,[0.4 0.4],1.0,0.0,1.0
368,0.0,1,185.0,2,369,1,False,0.0,0,2.0,[2 2],[0. 1.],1,1,[0.4 0.4],1.0,0.0,1.0
369,1.0,1,185.0,0,370,0,False,2.0,1,0.0,[2 1],[0. 1.],0,1,[0.4 0.4],1.0,0.0,1.0
370,0.0,1,186.0,2,371,1,False,0.0,0,1.0,[2 1],[0. 1.],0,1,[0.4 0.4],1.0,0.0,1.0
371,0.0,1,186.0,0,372,0,False,1.0,1,0.0,[1 2],[0. 1.],1,1,[0.4 0.4],1.0,0.0,1.0
372,0.0,1,187.0,2,373,1,False,0.0,0,2.0,[1 2],[0. 1.],1,1,[0.4 0.4],1.0,0.0,1.0
373,1.0,1,187.0,0,374,0,False,2.0,1,0.0,[2 1],[0. 1.],0,1,[0.4 0.4],1.0,0.0,1.0
374,0.0,1,188.0,2,375,1,False,0.0,0,1.0,[2 1],[0. 1.],0,1,[0.4 0.4],1.0,0.0,1.0
375,0.0,1,188.0,0,376,0,False,1.0,1,0.0,[1 2],[0. 1.],1,1,[0.4 0.4],1.0,0.0,1.0
376,0.0,1,189.0,2,377,1,False,0.0,0,2.0,[1 2],[0. 1.],1,1,[0.4 0.4],1.0,0.0,1.0
377,1.0,1,189.0,0,378,0,False,2.0,1,0.0,[1 2],[0. 1.],0,1,[0.4 0.4],1.0,0.0,1.0
378,0.0,1,190.0,2,379,1,False,0.0,0,1.0,[1 2],[0. 1.],0,1,[0.4 0.4],1.0,0.0,1.0
379,1.0,1,190.0,0,380,0,False,1.0,1,0.0,[2 1],[0. 1.],0,1,[0.4 0.4],1.0,0.0,1.0
380,0.0,1,191.0,2,381,1,False,0.0,0,1.0,[2 1],[0. 1.],0,1,[0.4 0.4],1.0,0.0,1.0
381,0.0,1,191.0,0,382,0,False,1.0,1,0.0,[1 1],[0. 1.],1,1,[0.4 0.4],1.0,0.0,1.0
382,0.0,1,192.0,2,383,1,False,0.0,0,2.0,[1 1],[0. 1.],1,1,[0.4 0.4],1.0,0.0,1.0
383,0.0,1,192.0,0,384,0,False,2.0,1,0.0,[2 1],[0. 1.],1,1,[0.4 0.4],1.0,0.0,1.0
384,0.0,1,193.0,2,385,1,False,0.0,0,2.0,[2 1],[0. 1.],1,1,[0.4 0.4],1.0,0.0,1.0
385,0.0,1,193.0,0,386,0,False,2.0,1,0.0,[2 2],[0. 1.],0,1,[0.4 0.4],1.0,0.0,1.0
386,0.0,1,194.0,1,387,1,False,0.0,0,1.0,[2 2],[0. 1.],0,1,[0.4 0.4],1.0,0.0,1.0
387,1.0,1,194.0,0,388,0,False,1.0,1,0.0,[1 2],[0. 1.],0,1,[0.4 0.4],1.0,0.0,1.0
388,0.0,1,195.0,1,389,1,False,0.0,0,1.0,[1 2],[0. 1.],0,1,[0.4 0.4],1.0,0.0,1.0
389,0.0,1,195.0,0,390,0,False,1.0,1,0.0,[2 2],[0. 1.],0,1,[0.4 0.4],1.0,0.0,1.0
390,0.0,1,196.0,1,391,1,False,0.0,0,1.0,[2 2],[0. 1.],0,1,[0.4 0.4],1.0,0.0,1.0
391,1.0,1,196.0,0,392,0,False,1.0,1,0.0,[2 1],[0. 1.],1,1,[0.4 0.4],1.0,0.0,1.0
392,0.0,1,197.0,1,393,1,False,0.0,0,2.0,[2 1],[0. 1.],1,1,[0.4 0.4],1.0,0.0,1.0
393,1.0,1,197.0,0,394,0,False,2.0,1,0.0,[1 1],[0. 1.],0,1,[0.4 0.4],1.0,0.0,1.0
394,0.0,1,198.0,1,395,1,False,0.0,0,1.0,[1 1],[0. 1.],0,1,[0.4 0.4],1.0,0.0,1.0
395,0.0,1,198.0,0,396,0,False,1.0,1,0.0,[2 1],[0. 1.],1,1,[0.4 0.4],1.0,0.0,1.0
396,0.0,1,199.0,1,397,1,False,0.0,0,2.0,[2 1],[0. 1.],1,1,[0.4 0.4],1.0,0.0,1.0
397,1.0,1,199.0,0,398,0,False,2.0,1,0.0,[1 2],[0. 1.],1,1,[0.4 0.4],1.0,0.0,1.0
398,0.0,1,200.0,1,399,1,False,0.0,0,2.0,[1 2],[0. 1.],1,1,[0.4 0.4],1.0,0.0,1.0
399,0.0,1,200.0,0,400,0,False,2.0,1,0.0,[2 2],[1. 0.],0,0,[0.4 0.4],1.0,0.0,1.0
400,0.0,1,201.0,1,401,1,False,0.0,0,1.0,[2 2],[1. 0.],0,0,[0.4 0.4],1.0,0.0,1.0
401,0.0,1,201.0,0,402,0,False,1.0,1,0.0,[2 2],[1. 0.],1,0,[0.4 0.4],1.0,0.0,1.0
402,0.0,1,202.0,1,403,1,False,0.0,0,2.0,[2 2],[1. 0.],1,0,[0.4 0.4],1.0,0.0,1.0
403,0.0,1,202.0,0,404,0,False,2.0,1,0.0,[2 1],[1. 0.],0,0,[0.4 0.4],1.0,0.0,1.0
404,0.0,1,203.0,2,405,1,False,0.0,0,1.0,[2 1],[1. 0.],0,0,[0.4 0.4],1.0,0.0,1.0
405,1.0,1,203.0,0,406,0,False,1.0,1,0.0,[2 2],[1. 0.],1,0,[0.4 0.4],1.0,0.0,1.0
406,0.0,1,204.0,2,407,1,False,0.0,0,2.0,[2 2],[1. 0.],1,0,[0.4 0.4],1.0,0.0,1.0
407,0.0,1,204.0,0,408,0,False,2.0,1,0.0,[2 1],[1. 0.],0,0,[0.4 0.4],1.0,0.0,1.0
408,0.0,1,205.0,2,409,1,False,0.0,0,1.0,[2 1],[1. 0.],0,0,[0.4 0.4],1.0,0.0,1.0
409,1.0,1,205.0,0,410,0,False,1.0,1,0.0,[1 2],[1. 0.],0,0,[0.4 0.4],1.0,0.0,1.0
410,0.0,1,206.0,2,411,1,False,0.0,0,1.0,[1 2],[1. 0.],0,0,[0.4 0.4],1.0,0.0,1.0
411,0.0,1,206.0,0,412,0,False,1.0,1,0.0,[1 2],[1. 0.],0,0,[0.4 0.4],1.0,0.0,1.0
412,0.0,1,207.0,2,413,1,False,0.0,0,1.0,[1 2],[1. 0.],0,0,[0.4 0.4],1.0,0.0,1.0
413,0.0,1,207.0,0,414,0,False,1.0,1,0.0,[1 2],[1. 0.],1,0,[0.4 0.4],1.0,0.0,1.0
414,0.0,1,208.0,2,415,1,False,0.0,0,2.0,[1 2],[1. 0.],1,0,[0.4 0.4],1.0,0.0,1.0
415,0.0,1,208.0,0,416,0,False,2.0,1,0.0,[1 2],[1. 0.],0,0,[0.4 0.4],1.0,0.0,1.0
416,0.0,1,209.0,1,417,1,False,0.0,0,1.0,[1 2],[1. 0.],0,0,[0.4 0.4],1.0,0.0,1.0
417,1.0,1,209.0,0,418,0,False,1.0,1,0.0,[2 2],[1. 0.],0,0,[0.4 0.4],1.0,0.0,1.0
418,0.0,1,210.0,1,419,1,False,0.0,0,1.0,[2 2],[1. 0.],0,0,[0.4 0.4],1.0,0.0,1.0
419,0.0,1,210.0,0,420,0,False,1.0,1,0.0,[1 1],[1. 0.],0,0,[0.4 0.4],1.0,0.0,1.0
420,0.0,1,211.0,1,421,1,False,0.0,0,1.0,[1 1],[1. 0.],0,0,[0.4 0.4],1.0,0.0,1.0
421,1.0,1,211.0,0,422,0,False,1.0,1,0.0,[1 1],[1. 0.],1,0,[0.4 0.4],1.0,0.0,1.0
422,0.0,1,212.0,1,423,1,False,0.0,0,2.0,[1 1],[1. 0.],1,0,[0.4 0.4],1.0,0.0,1.0
423,1.0,1,212.0,0,424,0,False,2.0,1,0.0,[1 2],[1. 0.],0,0,[0.4 0.4],1.0,0.0,1.0
424,0.0,1,213.0,1,425,1,False,0.0,0,1.0,[1 2],[1. 0.],0,0,[0.4 0.4],1.0,0.0,1.0
425,1.0,1,213.0,0,426,0,False,1.0,1,0.0,[1 1],[1. 0.],0,0,[0.4 0.4],1.0,0.0,1.0
426,0.0,1,214.0,1,427,1,False,0.0,0,1.0,[1 1],[1. 0.],0,0,[0.4 0.4],1.0,0.0,1.0
427,1.0,1,214.0,0,428,0,False,1.0,1,0.0,[1 1],[1. 0.],0,0,[0.4 0.4],1.0,0.0,1.0
428,0.0,1,215.0,1,429,1,False,0.0,0,1.0,[1 1],[1. 0.],0,0,[0.4 0.4],1.0,0.0,1.0
429,1.0,1,215.0,0,430,0,False,1.0,1,0.0,[1 1],[1. 0.],1,0,[0.4 0.4],1.0,0.0,1.0
430,0.0,1,216.0,1,431,1,False,0.0,0,2.0,[1 1],[1. 0.],1,0,[0.4 0.4],1.0,0.0,1.0
431,1.0,1,216.0,0,432,0,False,2.0,1,0.0,[2 1],[1. 0.],0,0,[0.4 0.4],1.0,0.0,1.0
432,0.0,1,217.0,1,433,1,False,0.0,0,1.0,[2 1],[1. 0.],0,0,[0.4 0.4],1.0,0.0,1.0
433,0.0,1,217.0,0,434,0,False,1.0,1,0.0,[2 1],[1. 0.],1,0,[0.4 0.4],1.0,0.0,1.0
434,0.0,1,218.0,1,435,1,False,0.0,0,2.0,[2 1],[1. 0.],1,0,[0.4 0.4],1.0,0.0,1.0
435,0.0,1,218.0,0,436,0,False,2.0,1,0.0,[1 1],[1. 0.],1,0,[0.4 0.4],1.0,0.0,1.0
436,0.0,1,219.0,1,437,1,False,0.0,0,2.0,[1 1],[1. 0.],1,0,[0.4 0.4],1.0,0.0,1.0
437,1.0,1,219.0,0,438,0,False,2.0,1,0.0,[1 1],[1. 0.],1,0,[0.4 0.4],1.0,0.0,1.0
438,0.0,1,220.0,1,439,1,False,0.0,0,2.0,[1 1],[1. 0.],1,0,[0.4 0.4],1.0,0.0,1.0
439,1.0,1,220.0,0,440,0,False,2.0,1,0.0,[1 2],[1. 0.],1,0,[0.4 0.4],1.0,0.0,1.0
440,0.0,1,221.0,1,441,1,False,0.0,0,2.0,[1 2],[1. 0.],1,0,[0.4 0.4],1.0,0.0,1.0
441,1.0,1,221.0,0,442,0,False,2.0,1,0.0,[2 1],[1. 0.],1,0,[0.4 0.4],1.0,0.0,1.0
442,0.0,1,222.0,1,443,1,False,0.0,0,2.0,[2 1],[1. 0.],1,0,[0.4 0.4],1.0,0.0,1.0
443,0.0,1,222.0,0,444,0,False,2.0,1,0.0,[2 2],[1. 0.],1,0,[0.4 0.4],1.0,0.0,1.0
444,0.0,1,223.0,1,445,1,False,0.0,0,2.0,[2 2],[1. 0.],1,0,[0.4 0.4],1.0,0.0,1.0
445,0.0,1,223.0,0,446,0,False,2.0,1,0.0,[2 2],[0. 1.],1,1,[0.4 0.4],1.0,0.0,1.0
446,0.0,1,224.0,2,447,1,False,0.0,0,2.0,[2 2],[0. 1.],1,1,[0.4 0.4],1.0,0.0,1.0
447,1.0,1,224.0,0,448,0,False,2.0,1,0.0,[1 2],[0. 1.],1,1,[0.4 0.4],1.0,0.0,1.0
448,0.0,1,225.0,2,449,1,False,0.0,0,2.0,[1 2],[0. 1.],1,1,[0.4 0.4],1.0,0.0,1.0
449,1.0,1,225.0,0,450,0,False,2.0,1,0.0,[1 1],[0. 1.],0,1,[0.4 0.4],1.0,0.0,1.0
450,0.0,1,226.0,2,451,1,False,0.0,0,1.0,[1 1],[0. 1.],0,1,[0.4 0.4],1.0,0.0,1.0
451,0.0,1,226.0,0,452,0,False,1.0,1,0.0,[2 2],[0. 1.],1,1,[0.4 0.4],1.0,0.0,1.0
452,0.0,1,227.0,2,453,1,False,0.0,0,2.0,[2 2],[0. 1.],1,1,[0.4 0.4],1.0,0.0,1.0
453,1.0,1,227.0,0,454,0,False,2.0,1,0.0,[1 2],[0. 1.],0,1,[0.4 0.4],1.0,0.0,1.0
454,0.0,1,228.0,2,455,1,False,0.0,0,1.0,[1 2],[0. 1.],0,1,[0.4 0.4],1.0,0.0,1.0
455,1.0,1,228.0,0,456,0,False,1.0,1,0.0,[1 1],[0. 1.],0,1,[0.4 0.4],1.0,0.0,1.0
456,0.0,1,229.0,2,457,1,False,0.0,0,1.0,[1 1],[0. 1.],0,1,[0.4 0.4],1.0,0.0,1.0
457,0.0,1,229.0,0,458,0,False,1.0,1,0.0,[1 2],[0. 1.],0,1,[0.4 0.4],1.0,0.0,1.0
458,0.0,1,230.0,2,459,1,False,0.0,0,1.0,[1 2],[0. 1.],0,1,[0.4 0.4],1.0,0.0,1.0
459,1.0,1,230.0,0,460,0,False,1.0,1,0.0,[2 1],[0. 1.],1,1,[0.4 0.4],1.0,0.0,1.0
460,0.0,1,231.0,2,461,1,False,0.0,0,2.0,[2 1],[0. 1.],1,1,[0.4 0.4],1.0,0.0,1.0
461,0.0,1,231.0,0,462,0,False,2.0,1,0.0,[1 2],[0. 1.],0,1,[0.4 0.4],1.0,0.0,1.0
462,0.0,1,232.0,2,463,1,False,0.0,0,1.0,[1 2],[0. 1.],0,1,[0.4 0.4],1.0,0.0,1.0
463,1.0,1,232.0,0,464,0,False,1.0,1,0.0,[1 1],[0. 1.],0,1,[0.4 0.4],1.0,0.0,1.0
464,0.0,1,233.0,2,465,1,False,0.0,0,1.0,[1 1],[0. 1.],0,1,[0.4 0.4],1.0,0.0,1.0
465,0.0,1,233.0,0,466,0,False,1.0,1,0.0,[1 1],[0. 1.],0,1,[0.4 0.4],1.0,0.0,1.0
466,0.0,1,234.0,2,467,1,False,0.0,0,1.0,[1 1],[0. 1.],0,1,[0.4 0.4],1.0,0.0,1.0
467,0.0,1,234.0,0,468,0,False,1.0,1,0.0,[1 2],[0. 1.],1,1,[0.4 0.4],1.0,0.0,1.0
468,0.0,1,235.0,2,469,1,False,0.0,0,2.0,[1 2],[0. 1.],1,1,[0.4 0.4],1.0,0.0,1.0
469,1.0,1,235.0,0,470,0,False,2.0,1,0.0,[1 1],[0. 1.],1,1,[0.4 0.4],1.0,0.0,1.0
470,0.0,1,236.0,2,471,1,False,0.0,0,2.0,[1 1],[0. 1.],1,1,[0.4 0.4],1.0,0.0,1.0
471,0.0,1,236.0,0,472,0,False,2.0,1,0.0,[2 1],[0. 1.],0,1,[0.4 0.4],1.0,0.0,1.0
472,0.0,1,237.0,1,473,1,False,0.0,0,1.0,[2 1],[0. 1.],0,1,[0.4 0.4],1.0,0.0,1.0
473,1.0,1,237.0,0,474,0,False,1.0,1,0.0,[1 1],[0. 1.],0,1,[0.4 0.4],1.0,0.0,1.0
474,0.0,1,238.0,1,475,1,False,0.0,0,1.0,[1 1],[0. 1.],0,1,[0.4 0.4],1.0,0.0,1.0
475,0.0,1,238.0,0,476,0,False,1.0,1,0.0,[1 1],[0. 1.],1,1,[0.4 0.4],1.0,0.0,1.0
476,0.0,1,239.0,1,477,1,False,0.0,0,2.0,[1 1],[0. 1.],1,1,[0.4 0.4],1.0,0.0,1.0
477,0.0,1,239.0,0,478,0,False,2.0,1,0.0,[2 2],[0. 1.],0,1,[0.4 0.4],1.0,0.0,1.0
478,0.0,1,240.0,2,479,1,False,0.0,0,1.0,[2 2],[0. 1.],0,1,[0.4 0.4],1.0,0.0,1.0
479,1.0,1,240.0,0,480,0,False,1.0,1,0.0,[2 1],[0. 1.],0,1,[0.4 0.4],1.0,0.0,1.0
480,0.0,1,241.0,2,481,1,False,0.0,0,1.0,[2 1],[0. 1.],0,1,[0.4 0.4],1.0,0.0,1.0
481,0.0,1,241.0,0,482,0,False,1.0,1,0.0,[1 1],[0. 1.],1,1,[0.4 0.4],1.0,0.0,1.0
482,0.0,1,242.0,2,483,1,False,0.0,0,2.0,[1 1],[0. 1.],1,1,[0.4 0.4],1.0,0.0,1.0
483,0.0,1,242.0,0,484,0,False,2.0,1,0.0,[1 2],[0. 1.],1,1,[0.4 0.4],1.0,0.0,1.0
484,0.0,1,243.0,2,485,1,False,0.0,0,2.0,[1 2],[0. 1.],1,1,[0.4 0.4],1.0,0.0,1.0
485,1.0,1,243.0,0,486,0,False,2.0,1,0.0,[1 1],[0. 1.],0,1,[0.4 0.4],1.0,0.0,1.0
486,0.0,1,244.0,2,487,1,False,0.0,0,1.0,[1 1],[0. 1.],0,1,[0.4 0.4],1.0,0.0,1.0
487,0.0,1,244.0,0,488,0,False,1.0,1,0.0,[2 2],[0. 1.],1,1,[0.4 0.4],1.0,0.0,1.0
488,0.0,1,245.0,2,489,1,False,0.0,0,2.0,[2 2],[0. 1.],1,1,[0.4 0.4],1.0,0.0,1.0
489,1.0,1,245.0,0,490,0,False,2.0,1,0.0,[1 1],[0. 1.],1,1,[0.4 0.4],1.0,0.0,1.0
490,0.0,1,246.0,2,491,1,False,0.0,0,2.0,[1 1],[0. 1.],1,1,[0.4 0.4],1.0,0.0,1.0
491,0.0,1,246.0,0,492,0,False,2.0,1,0.0,[2 2],[0. 1.],1,1,[0.4 0.4],1.0,0.0,1.0
492,0.0,1,247.0,1,493,1,False,0.0,0,2.0,[2 2],[0. 1.],1,1,[0.4 0.4],1.0,0.0,1.0
493,1.0,1,247.0,0,494,0,False,2.0,1,0.0,[2 2],[0. 1.],1,1,[0.4 0.4],1.0,0.0,1.0
494,0.0,1,248.0,1,495,1,False,0.0,0,2.0,[2 2],[0. 1.],1,1,[0.4 0.4],1.0,0.0,1.0
495,1.0,1,248.0,0,496,0,False,2.0,1,0.0,[2 1],[0. 1.],1,1,[0.4 0.4],1.0,0.0,1.0
496,0.0,1,249.0,1,497,1,False,0.0,0,2.0,[2 1],[0. 1.],1,1,[0.4 0.4],1.0,0.0,1.0
497,1.0,1,249.0,0,498,0,False,2.0,1,0.0,[2 2],[0. 1.],1,1,[0.4 0.4],1.0,0.0,1.0
498,0.0,1,250.0,1,499,1,False,0.0,0,2.0,[2 2],[0. 1.],1,1,[0.4 0.4],1.0,0.0,1.0
499,1.0,1,250.0,0,500,0,False,2.0,1,0.0,[1 1],[0. 1.],1,1,[0.4 0.4],1.0,0.0,1.0
500,0.0,1,251.0,1,501,1,False,0.0,0,2.0,[1 1],[0. 1.],1,1,[0.4 0.4],1.0,0.0,1.0
501,0.0,1,251.0,0,502,0,False,2.0,1,0.0,[2 2],[0. 1.],1,1,[0.4 0.4],1.0,0.0,1.0
502,0.0,1,252.0,1,503,1,False,0.0,0,2.0,[2 2],[0. 1.],1,1,[0.4 0.4],1.0,0.0,1.0
503,1.0,1,252.0,0,504,0,False,2.0,1,0.0,[1 2],[0. 1.],1,1,[0.4 0.4],1.0,0.0,1.0
504,0.0,1,253.0,1,505,1,False,0.0,0,2.0,[1 2],[0. 1.],1,1,[0.4 0.4],1.0,0.0,1.0
505,0.0,1,253.0,0,506,0,False,2.0,1,0.0,[1 2],[0. 1.],1,1,[0.4 0.4],1.0,0.0,1.0
506,0.0,1,254.0,1,507,1,False,0.0,0,2.0,[1 2],[0. 1.],1,1,[0.4 0.4],1.0,0.0,1.0
507,0.0,1,254.0,0,508,0,False,2.0,1,0.0,[1 1],[0. 1.],0,1,[0.4 0.4],1.0,0.0,1.0
508,0.0,1,255.0,2,509,1,False,0.0,0,1.0,[1 1],[0. 1.],0,1,[0.4 0.4],1.0,0.0,1.0
509,0.0,1,255.0,0,510,0,False,1.0,1,0.0,[2 2],[0. 1.],0,1,[0.4 0.4],1.0,0.0,1.0
510,0.0,1,256.0,1,511,1,False,0.0,0,1.0,[2 2],[0. 1.],0,1,[0.4 0.4],1.0,0.0,1.0
511,1.0,1,256.0,0,512,0,False,1.0,1,0.0,[2 2],[0. 1.],0,1,[0.4 0.4],1.0,0.0,1.0
512,0.0,1,257.0,1,513,1,False,0.0,0,1.0,[2 2],[0. 1.],0,1,[0.4 0.4],1.0,0.0,1.0
513,1.0,1,257.0,0,514,0,False,1.0,1,0.0,[2 2],[0. 1.],0,1,[0.4 0.4],1.0,0.0,1.0
514,0.0,1,258.0,1,515,1,False,0.0,0,1.0,[2 2],[0. 1.],0,1,[0.4 0.4],1.0,0.0,1.0
515,1.0,1,258.0,0,516,0,False,1.0,1,0.0,[2 2],[0. 1.],1,1,[0.4 0.4],1.0,0.0,1.0
516,0.0,1,259.0,1,517,1,False,0.0,0,2.0,[2 2],[0. 1.],1,1,[0.4 0.4],1.0,0.0,1.0
517,1.0,1,259.0,0,518,0,False,2.0,1,0.0,[1 2],[0. 1.],1,1,[0.4 0.4],1.0,0.0,1.0
518,0.0,1,260.0,1,519,1,False,0.0,0,2.0,[1 2],[0. 1.],1,1,[0.4 0.4],1.0,0.0,1.0
519,0.0,1,260.0,0,520,0,False,2.0,1,0.0,[1 2],[0. 1.],0,1,[0.4 0.4],1.0,0.0,1.0
520,0.0,1,261.0,1,521,1,False,0.0,0,1.0,[1 2],[0. 1.],0,1,[0.4 0.4],1.0,0.0,1.0
521,0.0,1,261.0,0,522,0,False,1.0,1,0.0,[1 2],[0. 1.],0,1,[0.4 0.4],1.0,0.0,1.0
522,0.0,1,262.0,1,523,1,False,0.0,0,1.0,[1 2],[0. 1.],0,1,[0.4 0.4],1.0,0.0,1.0
523,0.0,1,262.0,0,524,0,False,1.0,1,0.0,[1 2],[0. 1.],0,1,[0.4 0.4],1.0,0.0,1.0
524,0.0,1,263.0,1,525,1,False,0.0,0,1.0,[1 2],[0. 1.],0,1,[0.4 0.4],1.0,0.0,1.0
525,0.0,1,263.0,0,526,0,False,1.0,1,0.0,[1 2],[0. 1.],1,1,[0.4 0.4],1.0,0.0,1.0
526,0.0,1,264.0,2,527,1,False,0.0,0,2.0,[1 2],[0. 1.],1,1,[0.4 0.4],1.0,0.0,1.0
527,1.0,1,264.0,0,528,0,False,2.0,1,0.0,[2 1],[0. 1.],0,1,[0.4 0.4],1.0,0.0,1.0
528,0.0,1,265.0,2,529,1,False,0.0,0,1.0,[2 1],[0. 1.],0,1,[0.4 0.4],1.0,0.0,1.0
529,0.0,1,265.0,0,530,0,False,1.0,1,0.0,[2 1],[0. 1.],1,1,[0.4 0.4],1.0,0.0,1.0
530,0.0,1,266.0,2,531,1,False,0.0,0,2.0,[2 1],[0. 1.],1,1,[0.4 0.4],1.0,0.0,1.0
531,0.0,1,266.0,0,532,0,False,2.0,1,0.0,[2 2],[0. 1.],1,1,[0.4 0.4],1.0,0.0,1.0
532,0.0,1,267.0,1,533,1,False,0.0,0,2.0,[2 2],[0. 1.],1,1,[0.4 0.4],1.0,0.0,1.0
533,1.0,1,267.0,0,534,0,False,2.0,1,0.0,[1 2],[0. 1.],0,1,[0.4 0.4],1.0,0.0,1.0
534,0.0,1,268.0,1,535,1,False,0.0,0,1.0,[1 2],[0. 1.],0,1,[0.4 0.4],1.0,0.0,1.0
535,0.0,1,268.0,0,536,0,False,1.0,1,0.0,[1 2],[0. 1.],1,1,[0.4 0.4],1.0,0.0,1.0
536,0.0,1,269.0,1,537,1,False,0.0,0,2.0,[1 2],[0. 1.],1,1,[0.4 0.4],1.0,0.0,1.0
537,0.0,1,269.0,0,538,0,False,2.0,1,0.0,[1 2],[0. 1.],1,1,[0.4 0.4],1.0,0.0,1.0
538,0.0,1,270.0,2,539,1,False,0.0,0,2.0,[1 2],[0. 1.],1,1,[0.4 0.4],1.0,0.0,1.0
539,1.0,1,270.0,0,540,0,False,2.0,1,0.0,[1 2],[0. 1.],1,1,[0.4 0.4],1.0,0.0,1.0
540,0.0,1,271.0,2,541,1,False,0.0,0,2.0,[1 2],[0. 1.],1,1,[0.4 0.4],1.0,0.0,1.0
541,1.0,1,271.0,0,542,0,False,2.0,1,0.0,[2 2],[0. 1.],0,1,[0.4 0.4],1.0,0.0,1.0
542,0.0,1,272.0,2,543,1,False,0.0,0,1.0,[2 2],[0. 1.],0,1,[0.4 0.4],1.0,0.0,1.0
543,1.0,1,272.0,0,544,0,False,1.0,1,0.0,[2 1],[0. 1.],1,1,[0.4 0.4],1.0,0.0,1.0
544,0.0,1,273.0,2,545,1,False,0.0,0,2.0,[2 1],[0. 1.],1,1,[0.4 0.4],1.0,0.0,1.0
545,0.0,1,273.0,0,546,0,False,2.0,1,0.0,[1 2],[0. 1.],0,1,[0.4 0.4],1.0,0.0,1.0
546,0.0,1,274.0,2,547,1,False,0.0,0,1.0,[1 2],[0. 1.],0,1,[0.4 0.4],1.0,0.0,1.0
547,1.0,1,274.0,0,548,0,False,1.0,1,0.0,[1 1],[0. 1.],0,1,[0.4 0.4],1.0,0.0,1.0
548,0.0,1,275.0,2,549,1,False,0.0,0,1.0,[1 1],[0. 1.],0,1,[0.4 0.4],1.0,0.0,1.0
549,0.0,1,275.0,0,550,0,False,1.0,1,0.0,[2 2],[0. 1.],0,1,[0.4 0.4],1.0,0.0,1.0
550,0.0,1,276.0,2,551,1,False,0.0,0,1.0,[2 2],[0. 1.],0,1,[0.4 0.4],1.0,0.0,1.0
551,1.0,1,276.0,0,552,0,False,1.0,1,0.0,[1 1],[0. 1.],0,1,[0.4 0.4],1.0,0.0,1.0
552,0.0,1,277.0,2,553,1,False,0.0,0,1.0,[1 1],[0. 1.],0,1,[0.4 0.4],1.0,0.0,1.0
553,0.0,1,277.0,0,554,0,False,1.0,1,0.0,[2 1],[0. 1.],0,1,[0.4 0.4],1.0,0.0,1.0
554,0.0,1,278.0,2,555,1,False,0.0,0,1.0,[2 1],[0. 1.],0,1,[0.4 0.4],1.0,0.0,1.0
555,0.0,1,278.0,0,556,0,False,1.0,1,0.0,[1 2],[0. 1.],0,1,[0.4 0.4],1.0,0.0,1.0
556,0.0,1,279.0,2,557,1,False,0.0,0,1.0,[1 2],[0. 1.],0,1,[0.4 0.4],1.0,0.0,1.0
557,1.0,1,279.0,0,558,0,False,1.0,1,0.0,[1 2],[0. 1.],1,1,[0.4 0.4],1.0,0.0,1.0
558,0.0,1,280.0,2,559,1,False,0.0,0,2.0,[1 2],[0. 1.],1,1,[0.4 0.4],1.0,0.0,1.0
559,1.0,1,280.0,0,560,0,False,2.0,1,0.0,[1 2],[0. 1.],0,1,[0.4 0.4],1.0,0.0,1.0
560,0.0,1,281.0,2,561,1,False,0.0,0,1.0,[1 2],[0. 1.],0,1,[0.4 0.4],1.0,0.0,1.0
561,1.0,1,281.0,0,562,0,False,1.0,1,0.0,[2 1],[0. 1.],0,1,[0.4 0.4],1.0,0.0,1.0
562,0.0,1,282.0,2,563,1,False,0.0,0,1.0,[2 1],[0. 1.],0,1,[0.4 0.4],1.0,0.0,1.0
563,0.0,1,282.0,0,564,0,False,1.0,1,0.0,[2 2],[0. 1.],0,1,[0.4 0.4],1.0,0.0,1.0
564,0.0,1,283.0,2,565,1,False,0.0,0,1.0,[2 2],[0. 1.],0,1,[0.4 0.4],1.0,0.0,1.0
565,1.0,1,283.0,0,566,0,False,1.0,1,0.0,[2 2],[0. 1.],1,1,[0.4 0.4],1.0,0.0,1.0
566,0.0,1,284.0,2,567,1,False,0.0,0,2.0,[2 2],[0. 1.],1,1,[0.4 0.4],1.0,0.0,1.0
567,1.0,1,284.0,0,568,0,False,2.0,1,0.0,[1 1],[0. 1.],0,1,[0.4 0.4],1.0,0.0,1.0
568,0.0,1,285.0,2,569,1,False,0.0,0,1.0,[1 1],[0. 1.],0,1,[0.4 0.4],1.0,0.0,1.0
569,0.0,1,285.0,0,570,0,False,1.0,1,0.0,[2 2],[0. 1.],0,1,[0.4 0.4],1.0,0.0,1.0
570,0.0,1,286.0,2,571,1,False,0.0,0,1.0,[2 2],[0. 1.],0,1,[0.4 0.4],1.0,0.0,1.0
571,1.0,1,286.0,0,572,0,False,1.0,1,0.0,[1 2],[0. 1.],1,1,[0.4 0.4],1.0,0.0,1.0
572,0.0,1,287.0,2,573,1,False,0.0,0,2.0,[1 2],[0. 1.],1,1,[0.4 0.4],1.0,0.0,1.0
573,1.0,1,287.0,0,574,0,False,2.0,1,0.0,[2 2],[0. 1.],0,1,[0.4 0.4],1.0,0.0,1.0
574,0.0,1,288.0,2,575,1,False,0.0,0,1.0,[2 2],[0. 1.],0,1,[0.4 0.4],1.0,0.0,1.0
575,1.0,1,288.0,0,576,0,False,1.0,1,0.0,[1 2],[0. 1.],1,1,[0.4 0.4],1.0,0.0,1.0
576,0.0,1,289.0,2,577,1,False,0.0,0,2.0,[1 2],[0. 1.],1,1,[0.4 0.4],1.0,0.0,1.0
577,1.0,1,289.0,0,578,0,False,2.0,1,0.0,[1 2],[0. 1.],1,1,[0.4 0.4],1.0,0.0,1.0
578,0.0,1,290.0,2,579,1,False,0.0,0,2.0,[1 2],[0. 1.],1,1,[0.4 0.4],1.0,0.0,1.0
579,1.0,1,290.0,0,580,0,False,2.0,1,0.0,[2 2],[1. 0.],0,0,[0.4 0.4],1.0,0.0,1.0
580,0.0,1,291.0,2,581,1,False,0.0,0,1.0,[2 2],[1. 0.],0,0,[0.4 0.4],1.0,0.0,1.0
581,0.0,1,291.0,0,582,0,False,1.0,1,0.0,[2 1],[1. 0.],0,0,[0.4 0.4],1.0,0.0,1.0
582,0.0,1,292.0,2,583,1,False,0.0,0,1.0,[2 1],[1. 0.],0,0,[0.4 0.4],1.0,0.0,1.0
583,1.0,1,292.0,0,584,0,False,1.0,1,0.0,[2 2],[1. 0.],1,0,[0.4 0.4],1.0,0.0,1.0
584,0.0,1,293.0,2,585,1,False,0.0,0,2.0,[2 2],[1. 0.],1,0,[0.4 0.4],1.0,0.0,1.0
585,0.0,1,293.0,0,586,0,False,2.0,1,0.0,[1 1],[1. 0.],1,0,[0.4 0.4],1.0,0.0,1.0
586,0.0,1,294.0,2,587,1,False,0.0,0,2.0,[1 1],[1. 0.],1,0,[0.4 0.4],1.0,0.0,1.0
587,1.0,1,294.0,0,588,0,False,2.0,1,0.0,[2 1],[1. 0.],0,0,[0.4 0.4],1.0,0.0,1.0
588,0.0,1,295.0,2,589,1,False,0.0,0,1.0,[2 1],[1. 0.],0,0,[0.4 0.4],1.0,0.0,1.0
589,1.0,1,295.0,0,590,0,False,1.0,1,0.0,[1 1],[1. 0.],1,0,[0.4 0.4],1.0,0.0,1.0
590,0.0,1,296.0,2,591,1,False,0.0,0,2.0,[1 1],[1. 0.],1,0,[0.4 0.4],1.0,0.0,1.0
591,1.0,1,296.0,0,592,0,False,2.0,1,0.0,[1 1],[1. 0.],0,0,[0.4 0.4],1.0,0.0,1.0
592,0.0,1,297.0,2,593,1,False,0.0,0,1.0,[1 1],[1. 0.],0,0,[0.4 0.4],1.0,0.0,1.0
593,1.0,1,297.0,0,594,0,False,1.0,1,0.0,[2 2],[1. 0.],1,0,[0.4 0.4],1.0,0.0,1.0
594,0.0,1,298.0,2,595,1,False,0.0,0,2.0,[2 2],[1. 0.],1,0,[0.4 0.4],1.0,0.0,1.0
595,0.0,1,298.0,0,596,0,False,2.0,1,0.0,[2 2],[1. 0.],1,0,[0.4 0.4],1.0,0.0,1.0
596,0.0,1,299.0,2,597,1,False,0.0,0,2.0,[2 2],[1. 0.],1,0,[0.4 0.4],1.0,0.0,1.0
597,0.0,1,299.0,0,598,0,False,2.0,1,0.0,[1 1],[1. 0.],1,0,[0.4 0.4],1.0,0.0,1.0
598,0.0,1,300.0,1,599,1,False,0.0,0,2.0,[1 1],[1. 0.],1,0,[0.4 0.4],1.0,0.0,1.0
599,1.0,1,300.0,0,600,0,False,2.0,1,0.0,[2 2],[1. 0.],1,0,[0.4 0.4],1.0,0.0,1.0
600,0.0,1,301.0,1,601,1,False,0.0,0,2.0,[2 2],[1. 0.],1,0,[0.4 0.4],1.0,0.0,1.0
601,0.0,1,301.0,0,602,0,False,2.0,1,0.0,[2 1],[0. 1.],1,1,[0.4 0.4],1.0,0.0,1.0
602,0.0,1,302.0,2,603,1,False,0.0,0,2.0,[2 1],[0. 1.],1,1,[0.4 0.4],1.0,0.0,1.0
603,0.0,1,302.0,0,604,0,False,2.0,1,0.0,[2 1],[0. 1.],1,1,[0.4 0.4],1.0,0.0,1.0
604,0.0,1,303.0,1,605,1,False,0.0,0,2.0,[2 1],[0. 1.],1,1,[0.4 0.4],1.0,0.0,1.0
605,1.0,1,303.0,0,606,0,False,2.0,1,0.0,[1 2],[0. 1.],1,1,[0.4 0.4],1.0,0.0,1.0
606,0.0,1,304.0,1,607,1,False,0.0,0,2.0,[1 2],[0. 1.],1,1,[0.4 0.4],1.0,0.0,1.0
607,0.0,1,304.0,0,608,0,False,2.0,1,0.0,[2 2],[0. 1.],0,1,[0.4 0.4],1.0,0.0,1.0
608,0.0,1,305.0,2,609,1,False,0.0,0,1.0,[2 2],[0. 1.],0,1,[0.4 0.4],1.0,0.0,1.0
609,1.0,1,305.0,0,610,0,False,1.0,1,0.0,[2 1],[0. 1.],0,1,[0.4 0.4],1.0,0.0,1.0
610,0.0,1,306.0,2,611,1,False,0.0,0,1.0,[2 1],[0. 1.],0,1,[0.4 0.4],1.0,0.0,1.0
611,0.0,1,306.0,0,612,0,False,1.0,1,0.0,[2 2],[0. 1.],1,1,[0.4 0.4],1.0,0.0,1.0
612,0.0,1,307.0,2,613,1,False,0.0,0,2.0,[2 2],[0. 1.],1,1,[0.4 0.4],1.0,0.0,1.0
613,1.0,1,307.0,0,614,0,False,2.0,1,0.0,[1 1],[0. 1.],0,1,[0.4 0.4],1.0,0.0,1.0
614,0.0,1,308.0,2,615,1,False,0.0,0,1.0,[1 1],[0. 1.],0,1,[0.4 0.4],1.0,0.0,1.0
615,0.0,1,308.0,0,616,0,False,1.0,1,0.0,[1 1],[0. 1.],0,1,[0.4 0.4],1.0,0.0,1.0
616,0.0,1,309.0,2,617,1,False,0.0,0,1.0,[1 1],[0. 1.],0,1,[0.4 0.4],1.0,0.0,1.0
617,0.0,1,309.0,0,618,0,False,1.0,1,0.0,[1 1],[0. 1.],0,1,[0.4 0.4],1.0,0.0,1.0
618,0.0,1,310.0,2,619,1,False,0.0,0,1.0,[1 1],[0. 1.],0,1,[0.4 0.4],1.0,0.0,1.0
619,0.0,1,310.0,0,620,0,False,1.0,1,0.0,[1 1],[0. 1.],1,1,[0.4 0.4],1.0,0.0,1.0
620,0.0,1,311.0,2,621,1,False,0.0,0,2.0,[1 1],[0. 1.],1,1,[0.4 0.4],1.0,0.0,1.0
621,0.0,1,311.0,0,622,0,False,2.0,1,0.0,[2 1],[0. 1.],1,1,[0.4 0.4],1.0,0.0,1.0
622,0.0,1,312.0,1,623,1,False,0.0,0,2.0,[2 1],[0. 1.],1,1,[0.4 0.4],1.0,0.0,1.0
623,1.0,1,312.0,0,624,0,False,2.0,1,0.0,[2 2],[0. 1.],1,1,[0.4 0.4],1.0,0.0,1.0
624,0.0,1,313.0,1,625,1,False,0.0,0,2.0,[2 2],[0. 1.],1,1,[0.4 0.4],1.0,0.0,1.0
625,1.0,1,313.0,0,626,0,False,2.0,1,0.0,[1 2],[0. 1.],1,1,[0.4 0.4],1.0,0.0,1.0
626,0.0,1,314.0,1,627,1,False,0.0,0,2.0,[1 2],[0. 1.],1,1,[0.4 0.4],1.0,0.0,1.0
627,0.0,1,314.0,0,628,0,False,2.0,1,0.0,[2 2],[0. 1.],1,1,[0.4 0.4],1.0,0.0,1.0
628,0.0,1,315.0,1,629,1,False,0.0,0,2.0,[2 2],[0. 1.],1,1,[0.4 0.4],1.0,0.0,1.0
629,1.0,1,315.0,0,630,0,False,2.0,1,0.0,[1 1],[0. 1.],0,1,[0.4 0.4],1.0,0.0,1.0
630,0.0,1,316.0,1,631,1,False,0.0,0,1.0,[1 1],[0. 1.],0,1,[0.4 0.4],1.0,0.0,1.0
631,0.0,1,316.0,0,632,0,False,1.0,1,0.0,[2 1],[0. 1.],0,1,[0.4 0.4],1.0,0.0,1.0
632,0.0,1,317.0,1,633,1,False,0.0,0,1.0,[2 1],[0. 1.],0,1,[0.4 0.4],1.0,0.0,1.0
633,1.0,1,317.0,0,634,0,False,1.0,1,0.0,[2 1],[0. 1.],1,1,[0.4 0.4],1.0,0.0,1.0
634,0.0,1,318.0,1,635,1,False,0.0,0,2.0,[2 1],[0. 1.],1,1,[0.4 0.4],1.0,0.0,1.0
635,1.0,1,318.0,0,636,0,False,2.0,1,0.0,[2 2],[0. 1.],0,1,[0.4 0.4],1.0,0.0,1.0
636,0.0,1,319.0,1,637,1,False,0.0,0,1.0,[2 2],[0. 1.],0,1,[0.4 0.4],1.0,0.0,1.0
637,1.0,1,319.0,0,638,0,False,1.0,1,0.0,[2 1],[0. 1.],1,1,[0.4 0.4],1.0,0.0,1.0
638,0.0,1,320.0,1,639,1,False,0.0,0,2.0,[2 1],[0. 1.],1,1,[0.4 0.4],1.0,0.0,1.0
639,1.0,1,320.0,0,640,0,False,2.0,1,0.0,[1 1],[0. 1.],0,1,[0.4 0.4],1.0,0.0,1.0
640,0.0,1,321.0,1,641,1,False,0.0,0,1.0,[1 1],[0. 1.],0,1,[0.4 0.4],1.0,0.0,1.0
641,0.0,1,321.0,0,642,0,False,1.0,1,0.0,[2 2],[0. 1.],0,1,[0.4 0.4],1.0,0.0,1.0
642,0.0,1,322.0,1,643,1,False,0.0,0,1.0,[2 2],[0. 1.],0,1,[0.4 0.4],1.0,0.0,1.0
643,1.0,1,322.0,0,644,0,False,1.0,1,0.0,[2 2],[0. 1.],1,1,[0.4 0.4],1.0,0.0,1.0
644,0.0,1,323.0,1,645,1,False,0.0,0,2.0,[2 2],[0. 1.],1,1,[0.4 0.4],1.0,0.0,1.0
645,1.0,1,323.0,0,646,0,False,2.0,1,0.0,[2 1],[0. 1.],0,1,[0.4 0.4],1.0,0.0,1.0
646,0.0,1,324.0,1,647,1,False,0.0,0,1.0,[2 1],[0. 1.],0,1,[0.4 0.4],1.0,0.0,1.0
647,1.0,1,324.0,0,648,0,False,1.0,1,0.0,[1 2],[0. 1.],0,1,[0.4 0.4],1.0,0.0,1.0
648,0.0,1,325.0,1,649,1,False,0.0,0,1.0,[1 2],[0. 1.],0,1,[0.4 0.4],1.0,0.0,1.0
649,0.0,1,325.0,0,650,0,False,1.0,1,0.0,[2 2],[0. 1.],0,1,[0.4 0.4],1.0,0.0,1.0
650,0.0,1,326.0,1,651,1,False,0.0,0,1.0,[2 2],[0. 1.],0,1,[0.4 0.4],1.0,0.0,1.0
651,1.0,1,326.0,0,652,0,False,1.0,1,0.0,[2 2],[0. 1.],1,1,[0.4 0.4],1.0,0.0,1.0
652,0.0,1,327.0,1,653,1,False,0.0,0,2.0,[2 2],[0. 1.],1,1,[0.4 0.4],1.0,0.0,1.0
653,1.0,1,327.0,0,654,0,False,2.0,1,0.0,[2 2],[0. 1.],1,1,[0.4 0.4],1.0,0.0,1.0
654,0.0,1,328.0,1,655,1,False,0.0,0,2.0,[2 2],[0. 1.],1,1,[0.4 0.4],1.0,0.0,1.0
655,1.0,1,328.0,0,656,0,False,2.0,1,0.0,[1 2],[0. 1.],1,1,[0.4 0.4],1.0,0.0,1.0
656,0.0,1,329.0,1,657,1,False,0.0,0,2.0,[1 2],[0. 1.],1,1,[0.4 0.4],1.0,0.0,1.0
657,0.0,1,329.0,0,658,0,False,2.0,1,0.0,[1 1],[0. 1.],0,1,[0.4 0.4],1.0,0.0,1.0
658,0.0,1,330.0,1,659,1,False,0.0,0,1.0,[1 1],[0. 1.],0,1,[0.4 0.4],1.0,0.0,1.0
659,0.0,1,330.0,0,660,0,False,1.0,1,0.0,[1 1],[0. 1.],1,1,[0.4 0.4],1.0,0.0,1.0
660,0.0,1,331.0,1,661,1,False,0.0,0,2.0,[1 1],[0. 1.],1,1,[0.4 0.4],1.0,0.0,1.0
661,0.0,1,331.0,0,662,0,False,2.0,1,0.0,[2 1],[0. 1.],1,1,[0.4 0.4],1.0,0.0,1.0
662,0.0,1,332.0,2,663,1,False,0.0,0,2.0,[2 1],[0. 1.],1,1,[0.4 0.4],1.0,0.0,1.0
663,0.0,1,332.0,0,664,0,False,2.0,1,0.0,[1 1],[0. 1.],1,1,[0.4 0.4],1.0,0.0,1.0
664,0.0,1,333.0,1,665,1,False,0.0,0,2.0,[1 1],[0. 1.],1,1,[0.4 0.4],1.0,0.0,1.0
665,0.0,1,333.0,0,666,0,False,2.0,1,0.0,[2 1],[0. 1.],0,1,[0.4 0.4],1.0,0.0,1.0
666,0.0,1,334.0,2,667,1,False,0.0,0,1.0,[2 1],[0. 1.],0,1,[0.4 0.4],1.0,0.0,1.0
667,0.0,1,334.0,0,668,0,False,1.0,1,0.0,[1 1],[0. 1.],1,1,[0.4 0.4],1.0,0.0,1.0
668,0.0,1,335.0,2,669,1,False,0.0,0,2.0,[1 1],[0. 1.],1,1,[0.4 0.4],1.0,0.0,1.0
669,0.0,1,335.0,0,670,0,False,2.0,1,0.0,[1 1],[0. 1.],1,1,[0.4 0.4],1.0,0.0,1.0
670,0.0,1,336.0,1,671,1,False,0.0,0,2.0,[1 1],[0. 1.],1,1,[0.4 0.4],1.0,0.0,1.0
671,0.0,1,336.0,0,672,0,False,2.0,1,0.0,[2 2],[0. 1.],0,1,[0.4 0.4],1.0,0.0,1.0
672,0.0,1,337.0,2,673,1,False,0.0,0,1.0,[2 2],[0. 1.],0,1,[0.4 0.4],1.0,0.0,1.0
673,1.0,1,337.0,0,674,0,False,1.0,1,0.0,[1 2],[0. 1.],0,1,[0.4 0.4],1.0,0.0,1.0
674,0.0,1,338.0,2,675,1,False,0.0,0,1.0,[1 2],[0. 1.],0,1,[0.4 0.4],1.0,0.0,1.0
675,1.0,1,338.0,0,676,0,False,1.0,1,0.0,[1 1],[0. 1.],1,1,[0.4 0.4],1.0,0.0,1.0
676,0.0,1,339.0,2,677,1,False,0.0,0,2.0,[1 1],[0. 1.],1,1,[0.4 0.4],1.0,0.0,1.0
677,0.0,1,339.0,0,678,0,False,2.0,1,0.0,[2 1],[0. 1.],1,1,[0.4 0.4],1.0,0.0,1.0
678,0.0,1,340.0,2,679,1,False,0.0,0,2.0,[2 1],[0. 1.],1,1,[0.4 0.4],1.0,0.0,1.0
679,0.0,1,340.0,0,680,0,False,2.0,1,0.0,[2 1],[0. 1.],0,1,[0.4 0.4],1.0,0.0,1.0
680,0.0,1,341.0,1,681,1,False,0.0,0,1.0,[2 1],[0. 1.],0,1,[0.4 0.4],1.0,0.0,1.0
681,1.0,1,341.0,0,682,0,False,1.0,1,0.0,[2 2],[0. 1.],1,1,[0.4 0.4],1.0,0.0,1.0
682,0.0,1,342.0,1,683,1,False,0.0,0,2.0,[2 2],[0. 1.],1,1,[0.4 0.4],1.0,0.0,1.0
683,1.0,1,342.0,0,684,0,False,2.0,1,0.0,[1 1],[0. 1.],0,1,[0.4 0.4],1.0,0.0,1.0
684,0.0,1,343.0,1,685,1,False,0.0,0,1.0,[1 1],[0. 1.],0,1,[0.4 0.4],1.0,0.0,1.0
685,0.0,1,343.0,0,686,0,False,1.0,1,0.0,[1 1],[0. 1.],1,1,[0.4 0.4],1.0,0.0,1.0
686,0.0,1,344.0,1,687,1,False,0.0,0,2.0,[1 1],[0. 1.],1,1,[0.4 0.4],1.0,0.0,1.0
687,0.0,1,344.0,0,688,0,False,2.0,1,0.0,[2 1],[0. 1.],1,1,[0.4 0.4],1.0,0.0,1.0
688,0.0,1,345.0,1,689,1,False,0.0,0,2.0,[2 1],[0. 1.],1,1,[0.4 0.4],1.0,0.0,1.0
689,1.0,1,345.0,0,690,0,False,2.0,1,0.0,[2 1],[0. 1.],0,1,[0.4 0.4],1.0,0.0,1.0
690,0.0,1,346.0,1,691,1,False,0.0,0,1.0,[2 1],[0. 1.],0,1,[0.4 0.4],1.0,0.0,1.0
691,1.0,1,346.0,0,692,0,False,1.0,1,0.0,[2 2],[0. 1.],1,1,[0.4 0.4],1.0,0.0,1.0
692,0.0,1,347.0,1,693,1,False,0.0,0,2.0,[2 2],[0. 1.],1,1,[0.4 0.4],1.0,0.0,1.0
693,1.0,1,347.0,0,694,0,False,2.0,1,0.0,[2 1],[0. 1.],0,1,[0.4 0.4],1.0,0.0,1.0
694,0.0,1,348.0,1,695,1,False,0.0,0,1.0,[2 1],[0. 1.],0,1,[0.4 0.4],1.0,0.0,1.0
695,1.0,1,348.0,0,696,0,False,1.0,1,0.0,[1 1],[0. 1.],0,1,[0.4 0.4],1.0,0.0,1.0
696,0.0,1,349.0,1,697,1,False,0.0,0,1.0,[1 1],[0. 1.],0,1,[0.4 0.4],1.0,0.0,1.0
697,0.0,1,349.0,0,698,0,False,1.0,1,0.0,[2 2],[0. 1.],0,1,[0.4 0.4],1.0,0.0,1.0
698,0.0,1,350.0,1,699,1,False,0.0,0,1.0,[2 2],[0. 1.],0,1,[0.4 0.4],1.0,0.0,1.0
699,1.0,1,350.0,0,700,0,False,1.0,1,0.0,[1 1],[0. 1.],1,1,[0.4 0.4],1.0,0.0,1.0
700,0.0,1,351.0,1,701,1,False,0.0,0,2.0,[1 1],[0. 1.],1,1,[0.4 0.4],1.0,0.0,1.0
701,0.0,1,351.0,0,702,0,False,2.0,1,0.0,[2 1],[0. 1.],1,1,[0.4 0.4],1.0,0.0,1.0
702,0.0,1,352.0,1,703,1,False,0.0,0,2.0,[2 1],[0. 1.],1,1,[0.4 0.4],1.0,0.0,1.0
703,1.0,1,352.0,0,704,0,False,2.0,1,0.0,[2 2],[0. 1.],0,1,[0.4 0.4],1.0,0.0,1.0
704,0.0,1,353.0,1,705,1,False,0.0,0,1.0,[2 2],[0. 1.],0,1,[0.4 0.4],1.0,0.0,1.0
705,1.0,1,353.0,0,706,0,False,1.0,1,0.0,[1 1],[0. 1.],0,1,[0.4 0.4],1.0,0.0,1.0
706,0.0,1,354.0,1,707,1,False,0.0,0,1.0,[1 1],[0. 1.],0,1,[0.4 0.4],1.0,0.0,1.0
707,0.0,1,354.0,0,708,0,False,1.0,1,0.0,[1 2],[0. 1.],1,1,[0.4 0.4],1.0,0.0,1.0
708,0.0,1,355.0,1,709,1,False,0.0,0,2.0,[1 2],[0. 1.],1,1,[0.4 0.4],1.0,0.0,1.0
709,0.0,1,355.0,0,710,0,False,2.0,1,0.0,[2 1],[0. 1.],1,1,[0.4 0.4],1.0,0.0,1.0
710,0.0,1,356.0,1,711,1,False,0.0,0,2.0,[2 1],[0. 1.],1,1,[0.4 0.4],1.0,0.0,1.0
711,1.0,1,356.0,0,712,0,False,2.0,1,0.0,[2 2],[0. 1.],0,1,[0.4 0.4],1.0,0.0,1.0
712,0.0,1,357.0,1,713,1,False,0.0,0,1.0,[2 2],[0. 1.],0,1,[0.4 0.4],1.0,0.0,1.0
713,1.0,1,357.0,0,714,0,False,1.0,1,0.0,[1 1],[0. 1.],0,1,[0.4 0.4],1.0,0.0,1.0
714,0.0,1,358.0,1,715,1,False,0.0,0,1.0,[1 1],[0. 1.],0,1,[0.4 0.4],1.0,0.0,1.0
715,0.0,1,358.0,0,716,0,False,1.0,1,0.0,[1 2],[0. 1.],0,1,[0.4 0.4],1.0,0.0,1.0
716,0.0,1,359.0,1,717,1,False,0.0,0,1.0,[1 2],[0. 1.],0,1,[0.4 0.4],1.0,0.0,1.0
717,0.0,1,359.0,0,718,0,False,1.0,1,0.0,[2 1],[0. 1.],0,1,[0.4 0.4],1.0,0.0,1.0
718,0.0,1,360.0,1,719,1,False,0.0,0,1.0,[2 1],[0. 1.],0,1,[0.4 0.4],1.0,0.0,1.0
719,1.0,1,360.0,0,720,0,False,1.0,1,0.0,[1 2],[0. 1.],0,1,[0.4 0.4],1.0,0.0,1.0
720,0.0,1,361.0,1,721,1,False,0.0,0,1.0,[1 2],[0. 1.],0,1,[0.4 0.4],1.0,0.0,1.0
721,0.0,1,361.0,0,722,0,False,1.0,1,0.0,[1 1],[0. 1.],1,1,[0.4 0.4],1.0,0.0,1.0
722,0.0,1,362.0,1,723,1,False,0.0,0,2.0,[1 1],[0. 1.],1,1,[0.4 0.4],1.0,0.0,1.0
723,0.0,1,362.0,0,724,0,False,2.0,1,0.0,[2 2],[0. 1.],1,1,[0.4 0.4],1.0,0.0,1.0
724,0.0,1,363.0,1,725,1,False,0.0,0,2.0,[2 2],[0. 1.],1,1,[0.4 0.4],1.0,0.0,1.0
725,1.0,1,363.0,0,726,0,False,2.0,1,0.0,[2 1],[0. 1.],0,1,[0.4 0.4],1.0,0.0,1.0
726,0.0,1,364.0,1,727,1,False,0.0,0,1.0,[2 1],[0. 1.],0,1,[0.4 0.4],1.0,0.0,1.0
727,1.0,1,364.0,0,728,0,False,1.0,1,0.0,[2 2],[0. 1.],1,1,[0.4 0.4],1.0,0.0,1.0
728,0.0,1,365.0,1,729,1,False,0.0,0,2.0,[2 2],[0. 1.],1,1,[0.4 0.4],1.0,0.0,1.0
729,1.0,1,365.0,0,730,0,False,2.0,1,0.0,[1 2],[0. 1.],1,1,[0.4 0.4],1.0,0.0,1.0
730,0.0,1,366.0,1,731,1,False,0.0,0,2.0,[1 2],[0. 1.],1,1,[0.4 0.4],1.0,0.0,1.0
731,0.0,1,366.0,0,732,0,False,2.0,1,0.0,[2 1],[0. 1.],1,1,[0.4 0.4],1.0,0.0,1.0
732,0.0,1,367.0,1,733,1,False,0.0,0,2.0,[2 1],[0. 1.],1,1,[0.4 0.4],1.0,0.0,1.0
733,1.0,1,367.0,0,734,0,False,2.0,1,0.0,[1 1],[0. 1.],1,1,[0.4 0.4],1.0,0.0,1.0
734,0.0,1,368.0,1,735,1,False,0.0,0,2.0,[1 1],[0. 1.],1,1,[0.4 0.4],1.0,0.0,1.0
735,0.0,1,368.0,0,736,0,False,2.0,1,0.0,[2 1],[0. 1.],0,1,[0.4 0.4],1.0,0.0,1.0
736,0.0,1,369.0,1,737,1,False,0.0,0,1.0,[2 1],[0. 1.],0,1,[0.4 0.4],1.0,0.0,1.0
737,1.0,1,369.0,0,738,0,False,1.0,1,0.0,[2 1],[0. 1.],1,1,[0.4 0.4],1.0,0.0,1.0
738,0.0,1,370.0,1,739,1,False,0.0,0,2.0,[2 1],[0. 1.],1,1,[0.4 0.4],1.0,0.0,1.0
739,1.0,1,370.0,0,740,0,False,2.0,1,0.0,[2 1],[0. 1.],0,1,[0.4 0.4],1.0,0.0,1.0
740,0.0,1,371.0,1,741,1,False,0.0,0,1.0,[2 1],[0. 1.],0,1,[0.4 0.4],1.0,0.0,1.0
741,1.0,1,371.0,0,742,0,False,1.0,1,0.0,[2 2],[0. 1.],0,1,[0.4 0.4],1.0,0.0,1.0
742,0.0,1,372.0,1,743,1,False,0.0,0,1.0,[2 2],[0. 1.],0,1,[0.4 0.4],1.0,0.0,1.0
743,1.0,1,372.0,0,744,0,False,1.0,1,0.0,[1 2],[0. 1.],1,1,[0.4 0.4],1.0,0.0,1.0
744,0.0,1,373.0,1,745,1,False,0.0,0,2.0,[1 2],[0. 1.],1,1,[0.4 0.4],1.0,0.0,1.0
745,0.0,1,373.0,0,746,0,False,2.0,1,0.0,[1 1],[0. 1.],1,1,[0.4 0.4],1.0,0.0,1.0
746,0.0,1,374.0,1,747,1,False,0.0,0,2.0,[1 1],[0. 1.],1,1,[0.4 0.4],1.0,0.0,1.0
747,0.0,1,374.0,0,748,0,False,2.0,1,0.0,[1 1],[0. 1.],1,1,[0.4 0.4],1.0,0.0,1.0
748,0.0,1,375.0,1,749,1,False,0.0,0,2.0,[1 1],[0. 1.],1,1,[0.4 0.4],1.0,0.0,1.0
749,0.0,1,375.0,0,750,0,False,2.0,1,0.0,[2 1],[0. 1.],1,1,[0.4 0.4],1.0,0.0,1.0
750,0.0,1,376.0,2,751,1,False,0.0,0,2.0,[2 1],[0. 1.],1,1,[0.4 0.4],1.0,0.0,1.0
751,0.0,1,376.0,0,752,0,False,2.0,1,0.0,[2 2],[0. 1.],0,1,[0.4 0.4],1.0,0.0,1.0
752,0.0,1,377.0,1,753,1,False,0.0,0,1.0,[2 2],[0. 1.],0,1,[0.4 0.4],1.0,0.0,1.0
753,1.0,1,377.0,0,754,0,False,1.0,1,0.0,[2 2],[0. 1.],0,1,[0.4 0.4],1.0,0.0,1.0
754,0.0,1,378.0,1,755,1,False,0.0,0,1.0,[2 2],[0. 1.],0,1,[0.4 0.4],1.0,0.0,1.0
755,1.0,1,378.0,0,756,0,False,1.0,1,0.0,[2 1],[0. 1.],1,1,[0.4 0.4],1.0,0.0,1.0
756,0.0,1,379.0,1,757,1,False,0.0,0,2.0,[2 1],[0. 1.],1,1,[0.4 0.4],1.0,0.0,1.0
757,1.0,1,379.0,0,758,0,False,2.0,1,0.0,[1 1],[0. 1.],1,1,[0.4 0.4],1.0,0.0,1.0
758,0.0,1,380.0,1,759,1,False,0.0,0,2.0,[1 1],[0. 1.],1,1,[0.4 0.4],1.0,0.0,1.0
759,0.0,1,380.0,0,760,0,False,2.0,1,0.0,[1 1],[0. 1.],1,1,[0.4 0.4],1.0,0.0,1.0
760,0.0,1,381.0,1,761,1,False,0.0,0,2.0,[1 1],[0. 1.],1,1,[0.4 0.4],1.0,0.0,1.0
761,0.0,1,381.0,0,762,0,False,2.0,1,0.0,[2 2],[0. 1.],0,1,[0.4 0.4],1.0,0.0,1.0
762,0.0,1,382.0,2,763,1,False,0.0,0,1.0,[2 2],[0. 1.],0,1,[0.4 0.4],1.0,0.0,1.0
763,1.0,1,382.0,0,764,0,False,1.0,1,0.0,[2 2],[0. 1.],1,1,[0.4 0.4],1.0,0.0,1.0
764,0.0,1,383.0,2,765,1,False,0.0,0,2.0,[2 2],[0. 1.],1,1,[0.4 0.4],1.0,0.0,1.0
765,1.0,1,383.0,0,766,0,False,2.0,1,0.0,[1 1],[0. 1.],1,1,[0.4 0.4],1.0,0.0,1.0
766,0.0,1,384.0,2,767,1,False,0.0,0,2.0,[1 1],[0. 1.],1,1,[0.4 0.4],1.0,0.0,1.0
767,0.0,1,384.0,0,768,0,False,2.0,1,0.0,[1 1],[0. 1.],0,1,[0.4 0.4],1.0,0.0,1.0
768,0.0,1,385.0,2,769,1,False,0.0,0,1.0,[1 1],[0. 1.],0,1,[0.4 0.4],1.0,0.0,1.0
769,0.0,1,385.0,0,770,0,False,1.0,1,0.0,[2 2],[0. 1.],0,1,[0.4 0.4],1.0,0.0,1.0
770,0.0,1,386.0,2,771,1,False,0.0,0,1.0,[2 2],[0. 1.],0,1,[0.4 0.4],1.0,0.0,1.0
771,1.0,1,386.0,0,772,0,False,1.0,1,0.0,[1 1],[0. 1.],1,1,[0.4 0.4],1.0,0.0,1.0
772,0.0,1,387.0,2,773,1,False,0.0,0,2.0,[1 1],[0. 1.],1,1,[0.4 0.4],1.0,0.0,1.0
773,0.0,1,387.0,0,774,0,False,2.0,1,0.0,[1 1],[0. 1.],0,1,[0.4 0.4],1.0,0.0,1.0
774,0.0,1,388.0,2,775,1,False,0.0,0,1.0,[1 1],[0. 1.],0,1,[0.4 0.4],1.0,0.0,1.0
775,0.0,1,388.0,0,776,0,False,1.0,1,0.0,[1 2],[0. 1.],1,1,[0.4 0.4],1.0,0.0,1.0
776,0.0,1,389.0,2,777,1,False,0.0,0,2.0,[1 2],[0. 1.],1,1,[0.4 0.4],1.0,0.0,1.0
777,1.0,1,389.0,0,778,0,False,2.0,1,0.0,[2 1],[0. 1.],0,1,[0.4 0.4],1.0,0.0,1.0
778,0.0,1,390.0,2,779,1,False,0.0,0,1.0,[2 1],[0. 1.],0,1,[0.4 0.4],1.0,0.0,1.0
779,0.0,1,390.0,0,780,0,False,1.0,1,0.0,[2 2],[0. 1.],1,1,[0.4 0.4],1.0,0.0,1.0
780,0.0,1,391.0,2,781,1,False,0.0,0,2.0,[2 2],[0. 1.],1,1,[0.4 0.4],1.0,0.0,1.0
781,1.0,1,391.0,0,782,0,False,2.0,1,0.0,[1 1],[0. 1.],1,1,[0.4 0.4],1.0,0.0,1.0
782,0.0,1,392.0,2,783,1,False,0.0,0,2.0,[1 1],[0. 1.],1,1,[0.4 0.4],1.0,0.0,1.0
783,0.0,1,392.0,0,784,0,False,2.0,1,0.0,[2 2],[0. 1.],0,1,[0.4 0.4],1.0,0.0,1.0
784,0.0,1,393.0,2,785,1,False,0.0,0,1.0,[2 2],[0. 1.],0,1,[0.4 0.4],1.0,0.0,1.0
785,1.0,1,393.0,0,786,0,False,1.0,1,0.0,[1 1],[0. 1.],1,1,[0.4 0.4],1.0,0.0,1.0
786,0.0,1,394.0,2,787,1,False,0.0,0,2.0,[1 1],[0. 1.],1,1,[0.4 0.4],1.0,0.0,1.0
787,0.0,1,394.0,0,788,0,False,2.0,1,0.0,[1 2],[0. 1.],0,1,[0.4 0.4],1.0,0.0,1.0
788,0.0,1,395.0,2,789,1,False,0.0,0,1.0,[1 2],[0. 1.],0,1,[0.4 0.4],1.0,0.0,1.0
789,1.0,1,395.0,0,790,0,False,1.0,1,0.0,[2 2],[0. 1.],1,1,[0.4 0.4],1.0,0.0,1.0
790,0.0,1,396.0,2,791,1,False,0.0,0,2.0,[2 2],[0. 1.],1,1,[0.4 0.4],1.0,0.0,1.0
791,1.0,1,396.0,0,792,0,False,2.0,1,0.0,[2 2],[0. 1.],1,1,[0.4 0.4],1.0,0.0,1.0
792,0.0,1,397.0,2,793,1,False,0.0,0,2.0,[2 2],[0. 1.],1,1,[0.4 0.4],1.0,0.0,1.0
793,1.0,1,397.0,0,794,0,False,2.0,1,0.0,[1 1],[0. 1.],0,1,[0.4 0.4],1.0,0.0,1.0
794,0.0,1,398.0,2,795,1,False,0.0,0,1.0,[1 1],[0. 1.],0,1,[0.4 0.4],1.0,0.0,1.0
795,0.0,1,398.0,0,796,0,False,1.0,1,0.0,[1 1],[0. 1.],1,1,[0.4 0.4],1.0,0.0,1.0
796,0.0,1,399.0,2,797,1,False,0.0,0,2.0,[1 1],[0. 1.],1,1,[0.4 0.4],1.0,0.0,1.0
797,0.0,1,399.0,0,798,0,False,2.0,1,0.0,[2 1],[0. 1.],1,1,[0.4 0.4],1.0,0.0,1.0
798,0.0,1,400.0,2,799,1,False,0.0,0,2.0,[2 1],[0. 1.],1,1,[0.4 0.4],1.0,0.0,1.0
799,0.0,1,400.0,0,800,0,False,2.0,1,0.0,[1 2],[0. 1.],1,1,[0.4 0.4],1.0,0.0,1.0
800,0.0,1,401.0,1,801,1,False,0.0,0,2.0,[1 2],[0. 1.],1,1,[0.4 0.4],1.0,0.0,1.0
801,0.0,1,401.0,0,802,0,False,2.0,1,0.0,[1 2],[0. 1.],1,1,[0.4 0.4],1.0,0.0,1.0
802,0.0,1,402.0,2,803,1,False,0.0,0,2.0,[1 2],[0. 1.],1,1,[0.4 0.4],1.0,0.0,1.0
803,1.0,1,402.0,0,804,0,False,2.0,1,0.0,[2 1],[0. 1.],0,1,[0.4 0.4],1.0,0.0,1.0
804,0.0,1,403.0,2,805,1,False,0.0,0,1.0,[2 1],[0. 1.],0,1,[0.4 0.4],1.0,0.0,1.0
805,0.0,1,403.0,0,806,0,False,1.0,1,0.0,[1 1],[0. 1.],1,1,[0.4 0.4],1.0,0.0,1.0
806,0.0,1,404.0,2,807,1,False,0.0,0,2.0,[1 1],[0. 1.],1,1,[0.4 0.4],1.0,0.0,1.0
807,0.0,1,404.0,0,808,0,False,2.0,1,0.0,[1 2],[0. 1.],0,1,[0.4 0.4],1.0,0.0,1.0
808,0.0,1,405.0,1,809,1,False,0.0,0,1.0,[1 2],[0. 1.],0,1,[0.4 0.4],1.0,0.0,1.0
809,0.0,1,405.0,0,810,0,False,1.0,1,0.0,[1 2],[0. 1.],1,1,[0.4 0.4],1.0,0.0,1.0
810,0.0,1,406.0,2,811,1,False,0.0,0,2.0,[1 2],[0. 1.],1,1,[0.4 0.4],1.0,0.0,1.0
811,1.0,1,406.0,0,812,0,False,2.0,1,0.0,[2 1],[0. 1.],0,1,[0.4 0.4],1.0,0.0,1.0
812,0.0,1,407.0,2,813,1,False,0.0,0,1.0,[2 1],[0. 1.],0,1,[0.4 0.4],1.0,0.0,1.0
813,0.0,1,407.0,0,814,0,False,1.0,1,0.0,[1 2],[0. 1.],0,1,[0.4 0.4],1.0,0.0,1.0
814,0.0,1,408.0,2,815,1,False,0.0,0,1.0,[1 2],[0. 1.],0,1,[0.4 0.4],1.0,0.0,1.0
815,1.0,1,408.0,0,816,0,False,1.0,1,0.0,[1 1],[0. 1.],1,1,[0.4 0.4],1.0,0.0,1.0
816,0.0,1,409.0,2,817,1,False,0.0,0,2.0,[1 1],[0. 1.],1,1,[0.4 0.4],1.0,0.0,1.0
817,0.0,1,409.0,0,818,0,False,2.0,1,0.0,[1 1],[0. 1.],1,1,[0.4 0.4],1.0,0.0,1.0
818,0.0,1,410.0,2,819,1,False,0.0,0,2.0,[1 1],[0. 1.],1,1,[0.4 0.4],1.0,0.0,1.0
819,0.0,1,410.0,0,820,0,False,2.0,1,0.0,[2 2],[0. 1.],0,1,[0.4 0.4],1.0,0.0,1.0
820,0.0,1,411.0,1,821,1,False,0.0,0,1.0,[2 2],[0. 1.],0,1,[0.4 0.4],1.0,0.0,1.0
821,1.0,1,411.0,0,822,0,False,1.0,1,0.0,[2 2],[0. 1.],1,1,[0.4 0.4],1.0,0.0,1.0
822,0.0,1,412.0,1,823,1,False,0.0,0,2.0,[2 2],[0. 1.],1,1,[0.4 0.4],1.0,0.0,1.0
823,1.0,1,412.0,0,824,0,False,2.0,1,0.0,[1 2],[0. 1.],0,1,[0.4 0.4],1.0,0.0,1.0
824,0.0,1,413.0,1,825,1,False,0.0,0,1.0,[1 2],[0. 1.],0,1,[0.4 0.4],1.0,0.0,1.0
825,0.0,1,413.0,0,826,0,False,1.0,1,0.0,[1 2],[0. 1.],0,1,[0.4 0.4],1.0,0.0,1.0
826,0.0,1,414.0,1,827,1,False,0.0,0,1.0,[1 2],[0. 1.],0,1,[0.4 0.4],1.0,0.0,1.0
827,0.0,1,414.0,0,828,0,False,1.0,1,0.0,[1 2],[0. 1.],0,1,[0.4 0.4],1.0,0.0,1.0
828,0.0,1,415.0,1,829,1,False,0.0,0,1.0,[1 2],[0. 1.],0,1,[0.4 0.4],1.0,0.0,1.0
829,0.0,1,415.0,0,830,0,False,1.0,1,0.0,[1 2],[0. 1.],0,1,[0.4 0.4],1.0,0.0,1.0
830,0.0,1,416.0,1,831,1,False,0.0,0,1.0,[1 2],[0. 1.],0,1,[0.4 0.4],1.0,0.0,1.0
831,0.0,1,416.0,0,832,0,False,1.0,1,0.0,[1 2],[0. 1.],0,1,[0.4 0.4],1.0,0.0,1.0
832,0.0,1,417.0,2,833,1,False,0.0,0,1.0,[1 2],[0. 1.],0,1,[0.4 0.4],1.0,0.0,1.0
833,1.0,1,417.0,0,834,0,False,1.0,1,0.0,[2 1],[0. 1.],1,1,[0.4 0.4],1.0,0.0,1.0
834,0.0,1,418.0,2,835,1,False,0.0,0,2.0,[2 1],[0. 1.],1,1,[0.4 0.4],1.0,0.0,1.0
835,0.0,1,418.0,0,836,0,False,2.0,1,0.0,[2 2],[0. 1.],0,1,[0.4 0.4],1.0,0.0,1.0
836,0.0,1,419.0,2,837,1,False,0.0,0,1.0,[2 2],[0. 1.],0,1,[0.4 0.4],1.0,0.0,1.0
837,1.0,1,419.0,0,838,0,False,1.0,1,0.0,[1 2],[0. 1.],1,1,[0.4 0.4],1.0,0.0,1.0
838,0.0,1,420.0,2,839,1,False,0.0,0,2.0,[1 2],[0. 1.],1,1,[0.4 0.4],1.0,0.0,1.0
839,1.0,1,420.0,0,840,0,False,2.0,1,0.0,[1 1],[0. 1.],1,1,[0.4 0.4],1.0,0.0,1.0
840,0.0,1,421.0,2,841,1,False,0.0,0,2.0,[1 1],[0. 1.],1,1,[0.4 0.4],1.0,0.0,1.0
841,0.0,1,421.0,0,842,0,False,2.0,1,0.0,[1 2],[0. 1.],1,1,[0.4 0.4],1.0,0.0,1.0
842,0.0,1,422.0,2,843,1,False,0.0,0,2.0,[1 2],[0. 1.],1,1,[0.4 0.4],1.0,0.0,1.0
843,1.0,1,422.0,0,844,0,False,2.0,1,0.0,[1 2],[0. 1.],1,1,[0.4 0.4],1.0,0.0,1.0
844,0.0,1,423.0,2,845,1,False,0.0,0,2.0,[1 2],[0. 1.],1,1,[0.4 0.4],1.0,0.0,1.0
845,1.0,1,423.0,0,846,0,False,2.0,1,0.0,[1 2],[0. 1.],1,1,[0.4 0.4],1.0,0.0,1.0
846,0.0,1,424.0,2,847,1,False,0.0,0,2.0,[1 2],[0. 1.],1,1,[0.4 0.4],1.0,0.0,1.0
847,1.0,1,424.0,0,848,0,False,2.0,1,0.0,[1 1],[0. 1.],0,1,[0.4 0.4],1.0,0.0,1.0
848,0.0,1,425.0,2,849,1,False,0.0,0,1.0,[1 1],[0. 1.],0,1,[0.4 0.4],1.0,0.0,1.0
849,0.0,1,425.0,0,850,0,False,1.0,1,0.0,[1 2],[0. 1.],1,1,[0.4 0.4],1.0,0.0,1.0
850,0.0,1,426.0,2,851,1,False,0.0,0,2.0,[1 2],[0. 1.],1,1,[0.4 0.4],1.0,0.0,1.0
851,1.0,1,426.0,0,852,0,False,2.0,1,0.0,[1 1],[0. 1.],1,1,[0.4 0.4],1.0,0.0,1.0
852,0.0,1,427.0,2,853,1,False,0.0,0,2.0,[1 1],[0. 1.],1,1,[0.4 0.4],1.0,0.0,1.0
853,0.0,1,427.0,0,854,0,False,2.0,1,0.0,[1 2],[0. 1.],0,1,[0.4 0.4],1.0,0.0,1.0
854,0.0,1,428.0,2,855,1,False,0.0,0,1.0,[1 2],[0. 1.],0,1,[0.4 0.4],1.0,0.0,1.0
855,1.0,1,428.0,0,856,0,False,1.0,1,0.0,[1 1],[0. 1.],1,1,[0.4 0.4],1.0,0.0,1.0
856,0.0,1,429.0,2,857,1,False,0.0,0,2.0,[1 1],[0. 1.],1,1,[0.4 0.4],1.0,0.0,1.0
857,0.0,1,429.0,0,858,0,False,2.0,1,0.0,[1 2],[0. 1.],0,1,[0.4 0.4],1.0,0.0,1.0
858,0.0,1,430.0,2,859,1,False,0.0,0,1.0,[1 2],[0. 1.],0,1,[0.4 0.4],1.0,0.0,1.0
859,1.0,1,430.0,0,860,0,False,1.0,1,0.0,[2 1],[1. 0.],0,0,[0.4 0.4],1.0,0.0,1.0
860,0.0,1,431.0,2,861,1,False,0.0,0,1.0,[2 1],[1. 0.],0,0,[0.4 0.4],1.0,0.0,1.0
861,1.0,1,431.0,0,862,0,False,1.0,1,0.0,[1 2],[1. 0.],0,0,[0.4 0.4],1.0,0.0,1.0
862,0.0,1,432.0,2,863,1,False,0.0,0,1.0,[1 2],[1. 0.],0,0,[0.4 0.4],1.0,0.0,1.0
863,0.0,1,432.0,0,864,0,False,1.0,1,0.0,[1 2],[1. 0.],0,0,[0.4 0.4],1.0,0.0,1.0
864,0.0,1,433.0,2,865,1,False,0.0,0,1.0,[1 2],[1. 0.],0,0,[0.4 0.4],1.0,0.0,1.0
865,0.0,1,433.0,0,866,0,False,1.0,1,0.0,[1 2],[1. 0.],1,0,[0.4 0.4],1.0,0.0,1.0
866,0.0,1,434.0,2,867,1,False,0.0,0,2.0,[1 2],[1. 0.],1,0,[0.4 0.4],1.0,0.0,1.0
867,0.0,1,434.0,0,868,0,False,2.0,1,0.0,[2 2],[1. 0.],0,0,[0.4 0.4],1.0,0.0,1.0
868,0.0,1,435.0,2,869,1,False,0.0,0,1.0,[2 2],[1. 0.],0,0,[0.4 0.4],1.0,0.0,1.0
869,0.0,1,435.0,0,870,0,False,1.0,1,0.0,[2 2],[1. 0.],0,0,[0.4 0.4],1.0,0.0,1.0
870,0.0,1,436.0,2,871,1,False,0.0,0,1.0,[2 2],[1. 0.],0,0,[0.4 0.4],1.0,0.0,1.0
871,0.0,1,436.0,0,872,0,False,1.0,1,0.0,[1 2],[1. 0.],0,0,[0.4 0.4],1.0,0.0,1.0
872,0.0,1,437.0,2,873,1,False,0.0,0,1.0,[1 2],[1. 0.],0,0,[0.4 0.4],1.0,0.0,1.0
873,0.0,1,437.0,0,874,0,False,1.0,1,0.0,[2 1],[1. 0.],1,0,[0.4 0.4],1.0,0.0,1.0
874,0.0,1,438.0,1,875,1,False,0.0,0,2.0,[2 1],[1. 0.],1,0,[0.4 0.4],1.0,0.0,1.0
875,0.0,1,438.0,0,876,0,False,2.0,1,0.0,[2 1],[1. 0.],1,0,[0.4 0.4],1.0,0.0,1.0
876,0.0,1,439.0,2,877,1,False,0.0,0,2.0,[2 1],[1. 0.],1,0,[0.4 0.4],1.0,0.0,1.0
877,1.0,1,439.0,0,878,0,False,2.0,1,0.0,[2 1],[1. 0.],0,0,[0.4 0.4],1.0,0.0,1.0
878,0.0,1,440.0,2,879,1,False,0.0,0,1.0,[2 1],[1. 0.],0,0,[0.4 0.4],1.0,0.0,1.0
879,1.0,1,440.0,0,880,0,False,1.0,1,0.0,[1 1],[1. 0.],0,0,[0.4 0.4],1.0,0.0,1.0
880,0.0,1,441.0,2,881,1,False,0.0,0,1.0,[1 1],[1. 0.],0,0,[0.4 0.4],1.0,0.0,1.0
881,1.0,1,441.0,0,882,0,False,1.0,1,0.0,[2 1],[1. 0.],0,0,[0.4 0.4],1.0,0.0,1.0
882,0.0,1,442.0,2,883,1,False,0.0,0,1.0,[2 1],[1. 0.],0,0,[0.4 0.4],1.0,0.0,1.0
883,1.0,1,442.0,0,884,0,False,1.0,1,0.0,[2 2],[1. 0.],1,0,[0.4 0.4],1.0,0.0,1.0
884,0.0,1,443.0,2,885,1,False,0.0,0,2.0,[2 2],[1. 0.],1,0,[0.4 0.4],1.0,0.0,1.0
885,0.0,1,443.0,0,886,0,False,2.0,1,0.0,[2 1],[1. 0.],1,0,[0.4 0.4],1.0,0.0,1.0
886,0.0,1,444.0,2,887,1,False,0.0,0,2.0,[2 1],[1. 0.],1,0,[0.4 0.4],1.0,0.0,1.0
887,1.0,1,444.0,0,888,0,False,2.0,1,0.0,[1 1],[1. 0.],0,0,[0.4 0.4],1.0,0.0,1.0
888,0.0,1,445.0,2,889,1,False,0.0,0,1.0,[1 1],[1. 0.],0,0,[0.4 0.4],1.0,0.0,1.0
889,1.0,1,445.0,0,890,0,False,1.0,1,0.0,[2 2],[1. 0.],0,0,[0.4 0.4],1.0,0.0,1.0
890,0.0,1,446.0,2,891,1,False,0.0,0,1.0,[2 2],[1. 0.],0,0,[0.4 0.4],1.0,0.0,1.0
891,0.0,1,446.0,0,892,0,False,1.0,1,0.0,[2 2],[1. 0.],1,0,[0.4 0.4],1.0,0.0,1.0
892,0.0,1,447.0,2,893,1,False,0.0,0,2.0,[2 2],[1. 0.],1,0,[0.4 0.4],1.0,0.0,1.0
893,0.0,1,447.0,0,894,0,False,2.0,1,0.0,[2 1],[1. 0.],0,0,[0.4 0.4],1.0,0.0,1.0
894,0.0,1,448.0,2,895,1,False,0.0,0,1.0,[2 1],[1. 0.],0,0,[0.4 0.4],1.0,0.0,1.0
895,1.0,1,448.0,0,896,0,False,1.0,1,0.0,[2 1],[1. 0.],0,0,[0.4 0.4],1.0,0.0,1.0
896,0.0,1,449.0,2,897,1,False,0.0,0,1.0,[2 1],[1. 0.],0,0,[0.4 0.4],1.0,0.0,1.0
897,1.0,1,449.0,0,898,0,False,1.0,1,0.0,[2 2],[1. 0.],1,0,[0.4 0.4],1.0,0.0,1.0
898,0.0,1,450.0,2,899,1,False,0.0,0,2.0,[2 2],[1. 0.],1,0,[0.4 0.4],1.0,0.0,1.0
899,0.0,1,450.0,0,900,0,False,2.0,1,0.0,[2 1],[1. 0.],1,0,[0.4 0.4],1.0,0.0,1.0
900,0.0,1,451.0,2,901,1,False,0.0,0,2.0,[2 1],[1. 0.],1,0,[0.4 0.4],1.0,0.0,1.0
901,1.0,1,451.0,0,902,0,False,2.0,1,0.0,[2 1],[1. 0.],1,0,[0.4 0.4],1.0,0.0,1.0
902,0.0,1,452.0,2,903,1,False,0.0,0,2.0,[2 1],[1. 0.],1,0,[0.4 0.4],1.0,0.0,1.0
903,1.0,1,452.0,0,904,0,False,2.0,1,0.0,[1 2],[1. 0.],1,0,[0.4 0.4],1.0,0.0,1.0
904,0.0,1,453.0,2,905,1,False,0.0,0,2.0,[1 2],[1. 0.],1,0,[0.4 0.4],1.0,0.0,1.0
905,0.0,1,453.0,0,906,0,False,2.0,1,0.0,[2 2],[1. 0.],0,0,[0.4 0.4],1.0,0.0,1.0
906,0.0,1,454.0,2,907,1,False,0.0,0,1.0,[2 2],[1. 0.],0,0,[0.4 0.4],1.0,0.0,1.0
907,0.0,1,454.0,0,908,0,False,1.0,1,0.0,[2 2],[1. 0.],0,0,[0.4 0.4],1.0,0.0,1.0
908,0.0,1,455.0,2,909,1,False,0.0,0,1.0,[2 2],[1. 0.],0,0,[0.4 0.4],1.0,0.0,1.0
909,0.0,1,455.0,0,910,0,False,1.0,1,0.0,[2 1],[1. 0.],0,0,[0.4 0.4],1.0,0.0,1.0
910,0.0,1,456.0,2,911,1,False,0.0,0,1.0,[2 1],[1. 0.],0,0,[0.4 0.4],1.0,0.0,1.0
911,1.0,1,456.0,0,912,0,False,1.0,1,0.0,[2 2],[1. 0.],1,0,[0.4 0.4],1.0,0.0,1.0
912,0.0,1,457.0,2,913,1,False,0.0,0,2.0,[2 2],[1. 0.],1,0,[0.4 0.4],1.0,0.0,1.0
913,0.0,1,457.0,0,914,0,False,2.0,1,0.0,[2 2],[1. 0.],0,0,[0.4 0.4],1.0,0.0,1.0
914,0.0,1,458.0,2,915,1,False,0.0,0,1.0,[2 2],[1. 0.],0,0,[0.4 0.4],1.0,0.0,1.0
915,0.0,1,458.0,0,916,0,False,1.0,1,0.0,[1 2],[1. 0.],0,0,[0.4 0.4],1.0,0.0,1.0
916,0.0,1,459.0,2,917,1,False,0.0,0,1.0,[1 2],[1. 0.],0,0,[0.4 0.4],1.0,0.0,1.0
917,0.0,1,459.0,0,918,0,False,1.0,1,0.0,[2 1],[1. 0.],1,0,[0.4 0.4],1.0,0.0,1.0
918,0.0,1,460.0,2,919,1,False,0.0,0,2.0,[2 1],[1. 0.],1,0,[0.4 0.4],1.0,0.0,1.0
919,1.0,1,460.0,0,920,0,False,2.0,1,0.0,[1 2],[1. 0.],1,0,[0.4 0.4],1.0,0.0,1.0
920,0.0,1,461.0,2,921,1,False,0.0,0,2.0,[1 2],[1. 0.],1,0,[0.4 0.4],1.0,0.0,1.0
921,0.0,1,461.0,0,922,0,False,2.0,1,0.0,[2 2],[1. 0.],1,0,[0.4 0.4],1.0,0.0,1.0
922,0.0,1,462.0,1,923,1,False,0.0,0,2.0,[2 2],[1. 0.],1,0,[0.4 0.4],1.0,0.0,1.0
923,0.0,1,462.0,0,924,0,False,2.0,1,0.0,[1 2],[1. 0.],1,0,[0.4 0.4],1.0,0.0,1.0
924,0.0,1,463.0,2,925,1,False,0.0,0,2.0,[1 2],[1. 0.],1,0,[0.4 0.4],1.0,0.0,1.0
925,0.0,1,463.0,0,926,0,False,2.0,1,0.0,[2 2],[1. 0.],0,0,[0.4 0.4],1.0,0.0,1.0
926,0.0,1,464.0,1,927,1,False,0.0,0,1.0,[2 2],[1. 0.],0,0,[0.4 0.4],1.0,0.0,1.0
927,0.0,1,464.0,0,928,0,False,1.0,1,0.0,[2 2],[1. 0.],0,0,[0.4 0.4],1.0,0.0,1.0
928,0.0,1,465.0,2,929,1,False,0.0,0,1.0,[2 2],[1. 0.],0,0,[0.4 0.4],1.0,0.0,1.0
929,0.0,1,465.0,0,930,0,False,1.0,1,0.0,[1 1],[1. 0.],0,0,[0.4 0.4],1.0,0.0,1.0
930,0.0,1,466.0,1,931,1,False,0.0,0,1.0,[1 1],[1. 0.],0,0,[0.4 0.4],1.0,0.0,1.0
931,1.0,1,466.0,0,932,0,False,1.0,1,0.0,[1 1],[1. 0.],0,0,[0.4 0.4],1.0,0.0,1.0
932,0.0,1,467.0,1,933,1,False,0.0,0,1.0,[1 1],[1. 0.],0,0,[0.4 0.4],1.0,0.0,1.0
933,1.0,1,467.0,0,934,0,False,1.0,1,0.0,[1 2],[1. 0.],1,0,[0.4 0.4],1.0,0.0,1.0
934,0.0,1,468.0,1,935,1,False,0.0,0,2.0,[1 2],[1. 0.],1,0,[0.4 0.4],1.0,0.0,1.0
935,1.0,1,468.0,0,936,0,False,2.0,1,0.0,[2 1],[1. 0.],0,0,[0.4 0.4],1.0,0.0,1.0
936,0.0,1,469.0,1,937,1,False,0.0,0,1.0,[2 1],[1. 0.],0,0,[0.4 0.4],1.0,0.0,1.0
937,0.0,1,469.0,0,938,0,False,1.0,1,0.0,[2 1],[1. 0.],0,0,[0.4 0.4],1.0,0.0,1.0
938,0.0,1,470.0,1,939,1,False,0.0,0,1.0,[2 1],[1. 0.],0,0,[0.4 0.4],1.0,0.0,1.0
939,0.0,1,470.0,0,940,0,False,1.0,1,0.0,[1 2],[1. 0.],1,0,[0.4 0.4],1.0,0.0,1.0
940,0.0,1,471.0,1,941,1,False,0.0,0,2.0,[1 2],[1. 0.],1,0,[0.4 0.4],1.0,0.0,1.0
941,1.0,1,471.0,0,942,0,False,2.0,1,0.0,[2 1],[1. 0.],1,0,[0.4 0.4],1.0,0.0,1.0
942,0.0,1,472.0,1,943,1,False,0.0,0,2.0,[2 1],[1. 0.],1,0,[0.4 0.4],1.0,0.0,1.0
943,0.0,1,472.0,0,944,0,False,2.0,1,0.0,[1 2],[1. 0.],0,0,[0.4 0.4],1.0,0.0,1.0
944,0.0,1,473.0,1,945,1,False,0.0,0,1.0,[1 2],[1. 0.],0,0,[0.4 0.4],1.0,0.0,1.0
945,1.0,1,473.0,0,946,0,False,1.0,1,0.0,[2 2],[1. 0.],0,0,[0.4 0.4],1.0,0.0,1.0
946,0.0,1,474.0,1,947,1,False,0.0,0,1.0,[2 2],[1. 0.],0,0,[0.4 0.4],1.0,0.0,1.0
947,0.0,1,474.0,0,948,0,False,1.0,1,0.0,[1 1],[1. 0.],1,0,[0.4 0.4],1.0,0.0,1.0
948,0.0,1,475.0,1,949,1,False,0.0,0,2.0,[1 1],[1. 0.],1,0,[0.4 0.4],1.0,0.0,1.0
949,1.0,1,475.0,0,950,0,False,2.0,1,0.0,[2 1],[1. 0.],1,0,[0.4 0.4],1.0,0.0,1.0
950,0.0,1,476.0,1,951,1,False,0.0,0,2.0,[2 1],[1. 0.],1,0,[0.4 0.4],1.0,0.0,1.0
951,0.0,1,476.0,0,952,0,False,2.0,1,0.0,[1 1],[1. 0.],1,0,[0.4 0.4],1.0,0.0,1.0
952,0.0,1,477.0,1,953,1,False,0.0,0,2.0,[1 1],[1. 0.],1,0,[0.4 0.4],1.0,0.0,1.0
953,1.0,1,477.0,0,954,0,False,2.0,1,0.0,[2 2],[1. 0.],0,0,[0.4 0.4],1.0,0.0,1.0
954,0.0,1,478.0,1,955,1,False,0.0,0,1.0,[2 2],[1. 0.],0,0,[0.4 0.4],1.0,0.0,1.0
955,0.0,1,478.0,0,956,0,False,1.0,1,0.0,[1 1],[1. 0.],0,0,[0.4 0.4],1.0,0.0,1.0
956,0.0,1,479.0,1,957,1,False,0.0,0,1.0,[1 1],[1. 0.],0,0,[0.4 0.4],1.0,0.0,1.0
957,1.0,1,479.0,0,958,0,False,1.0,1,0.0,[2 2],[1. 0.],1,0,[0.4 0.4],1.0,0.0,1.0
958,0.0,1,480.0,1,959,1,False,0.0,0,2.0,[2 2],[1. 0.],1,0,[0.4 0.4],1.0,0.0,1.0
959,0.0,1,480.0,0,960,0,False,2.0,1,0.0,[2 2],[1. 0.],0,0,[0.4 0.4],1.0,0.0,1.0
960,0.0,1,481.0,1,961,1,False,0.0,0,1.0,[2 2],[1. 0.],0,0,[0.4 0.4],1.0,0.0,1.0
961,0.0,1,481.0,0,962,0,False,1.0,1,0.0,[1 1],[1. 0.],0,0,[0.4 0.4],1.0,0.0,1.0
962,0.0,1,482.0,1,963,1,False,0.0,0,1.0,[1 1],[1. 0.],0,0,[0.4 0.4],1.0,0.0,1.0
963,1.0,1,482.0,0,964,0,False,1.0,1,0.0,[1 1],[1. 0.],0,0,[0.4 0.4],1.0,0.0,1.0
964,0.0,1,483.0,1,965,1,False,0.0,0,1.0,[1 1],[1. 0.],0,0,[0.4 0.4],1.0,0.0,1.0
965,1.0,1,483.0,0,966,0,False,1.0,1,0.0,[2 1],[1. 0.],0,0,[0.4 0.4],1.0,0.0,1.0
966,0.0,1,484.0,1,967,1,False,0.0,0,1.0,[2 1],[1. 0.],0,0,[0.4 0.4],1.0,0.0,1.0
967,0.0,1,484.0,0,968,0,False,1.0,1,0.0,[2 1],[1. 0.],1,0,[0.4 0.4],1.0,0.0,1.0
968,0.0,1,485.0,1,969,1,False,0.0,0,2.0,[2 1],[1. 0.],1,0,[0.4 0.4],1.0,0.0,1.0
969,0.0,1,485.0,0,970,0,False,2.0,1,0.0,[1 1],[1. 0.],0,0,[0.4 0.4],1.0,0.0,1.0
970,0.0,1,486.0,1,971,1,False,0.0,0,1.0,[1 1],[1. 0.],0,0,[0.4 0.4],1.0,0.0,1.0
971,1.0,1,486.0,0,972,0,False,1.0,1,0.0,[1 1],[1. 0.],0,0,[0.4 0.4],1.0,0.0,1.0
972,0.0,1,487.0,1,973,1,False,0.0,0,1.0,[1 1],[1. 0.],0,0,[0.4 0.4],1.0,0.0,1.0
973,1.0,1,487.0,0,974,0,False,1.0,1,0.0,[2 1],[1. 0.],1,0,[0.4 0.4],1.0,0.0,1.0
974,0.0,1,488.0,1,975,1,False,0.0,0,2.0,[2 1],[1. 0.],1,0,[0.4 0.4],1.0,0.0,1.0
975,0.0,1,488.0,0,976,0,False,2.0,1,0.0,[1 2],[1. 0.],0,0,[0.4 0.4],1.0,0.0,1.0
976,0.0,1,489.0,1,977,1,False,0.0,0,1.0,[1 2],[1. 0.],0,0,[0.4 0.4],1.0,0.0,1.0
977,1.0,1,489.0,0,978,0,False,1.0,1,0.0,[2 1],[1. 0.],0,0,[0.4 0.4],1.0,0.0,1.0
978,0.0,1,490.0,1,979,1,False,0.0,0,1.0,[2 1],[1. 0.],0,0,[0.4 0.4],1.0,0.0,1.0
979,0.0,1,490.0,0,980,0,False,1.0,1,0.0,[2 1],[1. 0.],0,0,[0.4 0.4],1.0,0.0,1.0
980,0.0,1,491.0,1,981,1,False,0.0,0,1.0,[2 1],[1. 0.],0,0,[0.4 0.4],1.0,0.0,1.0
981,0.0,1,491.0,0,982,0,False,1.0,1,0.0,[2 1],[1. 0.],1,0,[0.4 0.4],1.0,0.0,1.0
982,0.0,1,492.0,1,983,1,False,0.0,0,2.0,[2 1],[1. 0.],1,0,[0.4 0.4],1.0,0.0,1.0
983,0.0,1,492.0,0,984,0,False,2.0,1,0.0,[2 2],[1. 0.],1,0,[0.4 0.4],1.0,0.0,1.0
984,0.0,1,493.0,2,985,1,False,0.0,0,2.0,[2 2],[1. 0.],1,0,[0.4 0.4],1.0,0.0,1.0
985,0.0,1,493.0,0,986,0,False,2.0,1,0.0,[2 2],[1. 0.],1,0,[0.4 0.4],1.0,0.0,1.0
986,0.0,1,494.0,1,987,1,False,0.0,0,2.0,[2 2],[1. 0.],1,0,[0.4 0.4],1.0,0.0,1.0
987,0.0,1,494.0,0,988,0,False,2.0,1,0.0,[2 2],[1. 0.],0,0,[0.4 0.4],1.0,0.0,1.0
988,0.0,1,495.0,2,989,1,False,0.0,0,1.0,[2 2],[1. 0.],0,0,[0.4 0.4],1.0,0.0,1.0
989,0.0,1,495.0,0,990,0,False,1.0,1,0.0,[2 2],[1. 0.],1,0,[0.4 0.4],1.0,0.0,1.0
990,0.0,1,496.0,2,991,1,False,0.0,0,2.0,[2 2],[1. 0.],1,0,[0.4 0.4],1.0,0.0,1.0
991,0.0,1,496.0,0,992,0,False,2.0,1,0.0,[1 1],[0. 1.],1,1,[0.4 0.4],1.0,0.0,1.0
992,0.0,1,497.0,1,993,1,False,0.0,0,2.0,[1 1],[0. 1.],1,1,[0.4 0.4],1.0,0.0,1.0
993,0.0,1,497.0,0,994,0,False,2.0,1,0.0,[1 1],[0. 1.],0,1,[0.4 0.4],1.0,0.0,1.0
994,0.0,1,498.0,2,995,1,False,0.0,0,1.0,[1 1],[0. 1.],0,1,[0.4 0.4],1.0,0.0,1.0
995,0.0,1,498.0,0,996,0,False,1.0,1,0.0,[1 1],[0. 1.],1,1,[0.4 0.4],1.0,0.0,1.0
996,0.0,1,499.0,2,997,1,False,0.0,0,2.0,[1 1],[0. 1.],1,1,[0.4 0.4],1.0,0.0,1.0
997,0.0,1,499.0,0,998,0,False,2.0,1,0.0,[1 2],[0. 1.],0,1,[0.4 0.4],1.0,0.0,1.0
998,0.0,1,500.0,1,999,1,False,0.0,0,1.0,[1 2],[0. 1.],0,1,[0.4 0.4],1.0,0.0,1.0
999,0.0,1,500.0,0,1000,0,False,1.0,1,0.0,[2 2],[0. 1.],0,1,[0.4 0.4],1.0,0.0,1.0
1000,0.0,1,501.0,2,1001,1,False,0.0,0,1.0,[2 2],[0. 1.],0,1,[0.4 0.4],1.0,0.0,1.0
1001,1.0,1,501.0,0,1002,0,False,1.0,1,0.0,[2 2],[0. 1.],1,1,[0.4 0.4],1.0,0.0,1.0
1002,0.0,1,502.0,2,1003,1,False,0.0,0,2.0,[2 2],[0. 1.],1,1,[0.4 0.4],1.0,0.0,1.0
1003,1.0,1,502.0,0,1004,0,False,2.0,1,0.0,[1 2],[0. 1.],0,1,[0.4 0.4],1.0,0.0,1.0
1004,0.0,1,503.0,2,1005,1,False,0.0,0,1.0,[1 2],[0. 1.],0,1,[0.4 0.4],1.0,0.0,1.0
1005,1.0,1,503.0,0,1006,0,False,1.0,1,0.0,[1 1],[0. 1.],1,1,[0.4 0.4],1.0,0.0,1.0
1006,0.0,1,504.0,2,1007,1,False,0.0,0,2.0,[1 1],[0. 1.],1,1,[0.4 0.4],1.0,0.0,1.0
1007,0.0,1,504.0,0,1008,0,False,2.0,1,0.0,[2 2],[0. 1.],0,1,[0.4 0.4],1.0,0.0,1.0
1008,0.0,1,505.0,2,1009,1,False,0.0,0,1.0,[2 2],[0. 1.],0,1,[0.4 0.4],1.0,0.0,1.0
1009,1.0,1,505.0,0,1010,0,False,1.0,1,0.0,[1 1],[0. 1.],0,1,[0.4 0.4],1.0,0.0,1.0
1010,0.0,1,506.0,2,1011,1,False,0.0,0,1.0,[1 1],[0. 1.],0,1,[0.4 0.4],1.0,0.0,1.0
1011,0.0,1,506.0,0,1012,0,False,1.0,1,0.0,[2 1],[0. 1.],1,1,[0.4 0.4],1.0,0.0,1.0
1012,0.0,1,507.0,2,1013,1,False,0.0,0,2.0,[2 1],[0. 1.],1,1,[0.4 0.4],1.0,0.0,1.0
1013,0.0,1,507.0,0,1014,0,False,2.0,1,0.0,[1 2],[0. 1.],0,1,[0.4 0.4],1.0,0.0,1.0
1014,0.0,1,508.0,2,1015,1,False,0.0,0,1.0,[1 2],[0. 1.],0,1,[0.4 0.4],1.0,0.0,1.0
1015,1.0,1,508.0,0,1016,0,False,1.0,1,0.0,[2 1],[0. 1.],1,1,[0.4 0.4],1.0,0.0,1.0
1016,0.0,1,509.0,2,1017,1,False,0.0,0,2.0,[2 1],[0. 1.],1,1,[0.4 0.4],1.0,0.0,1.0
1017,0.0,1,509.0,0,1018,0,False,2.0,1,0.0,[1 2],[0. 1.],1,1,[0.4 0.4],1.0,0.0,1.0
1018,0.0,1,510.0,2,1019,1,False,0.0,0,2.0,[1 2],[0. 1.],1,1,[0.4 0.4],1.0,0.0,1.0
1019,1.0,1,510.0,0,1020,0,False,2.0,1,0.0,[2 2],[0. 1.],0,1,[0.4 0.4],1.0,0.0,1.0
1020,0.0,1,511.0,2,1021,1,False,0.0,0,1.0,[2 2],[0. 1.],0,1,[0.4 0.4],1.0,0.0,1.0
1021,1.0,1,511.0,0,1022,0,False,1.0,1,0.0,[1 1],[0. 1.],1,1,[0.4 0.4],1.0,0.0,1.0
1022,0.0,1,512.0,2,1023,1,False,0.0,0,2.0,[1 1],[0. 1.],1,1,[0.4 0.4],1.0,0.0,1.0
1023,0.0,1,512.0,0,1024,0,False,2.0,1,0.0,[2 1],[0. 1.],0,1,[0.4 0.4],1.0,0.0,1.0
1024,0.0,1,513.0,2,1025,1,False,0.0,0,1.0,[2 1],[0. 1.],0,1,[0.4 0.4],1.0,0.0,1.0
1025,0.0,1,513.0,0,1026,0,False,1.0,1,0.0,[1 1],[0. 1.],0,1,[0.4 0.4],1.0,0.0,1.0
1026,0.0,1,514.0,2,1027,1,False,0.0,0,1.0,[1 1],[0. 1.],0,1,[0.4 0.4],1.0,0.0,1.0
1027,0.0,1,514.0,0,1028,0,False,1.0,1,0.0,[1 2],[0. 1.],1,1,[0.4 0.4],1.0,0.0,1.0
1028,0.0,1,515.0,2,1029,1,False,0.0,0,2.0,[1 2],[0. 1.],1,1,[0.4 0.4],1.0,0.0,1.0
1029,1.0,1,515.0,0,1030,0,False,2.0,1,0.0,[2 2],[0. 1.],0,1,[0.4 0.4],1.0,0.0,1.0
1030,0.0,1,516.0,2,1031,1,False,0.0,0,1.0,[2 2],[0. 1.],0,1,[0.4 0.4],1.0,0.0,1.0
1031,1.0,1,516.0,0,1032,0,False,1.0,1,0.0,[2 2],[0. 1.],1,1,[0.4 0.4],1.0,0.0,1.0
1032,0.0,1,517.0,2,1033,1,False,0.0,0,2.0,[2 2],[0. 1.],1,1,[0.4 0.4],1.0,0.0,1.0
1033,1.0,1,517.0,0,1034,0,False,2.0,1,0.0,[2 2],[0. 1.],0,1,[0.4 0.4],1.0,0.0,1.0
1034,0.0,1,518.0,2,1035,1,False,0.0,0,1.0,[2 2],[0. 1.],0,1,[0.4 0.4],1.0,0.0,1.0
1035,1.0,1,518.0,0,1036,0,False,1.0,1,0.0,[2 1],[1. 0.],1,0,[0.4 0.4],1.0,0.0,1.0
1036,0.0,1,519.0,2,1037,1,False,0.0,0,2.0,[2 1],[1. 0.],1,0,[0.4 0.4],1.0,0.0,1.0
1037,1.0,1,519.0,0,1038,0,False,2.0,1,0.0,[1 1],[1. 0.],1,0,[0.4 0.4],1.0,0.0,1.0
1038,0.0,1,520.0,2,1039,1,False,0.0,0,2.0,[1 1],[1. 0.],1,0,[0.4 0.4],1.0,0.0,1.0
1039,1.0,1,520.0,0,1040,0,False,2.0,1,0.0,[2 2],[1. 0.],0,0,[0.4 0.4],1.0,0.0,1.0
1040,0.0,1,521.0,2,1041,1,False,0.0,0,1.0,[2 2],[1. 0.],0,0,[0.4 0.4],1.0,0.0,1.0
1041,0.0,1,521.0,0,1042,0,False,1.0,1,0.0,[1 2],[1. 0.],1,0,[0.4 0.4],1.0,0.0,1.0
1042,0.0,1,522.0,2,1043,1,False,0.0,0,2.0,[1 2],[1. 0.],1,0,[0.4 0.4],1.0,0.0,1.0
1043,0.0,1,522.0,0,1044,0,False,2.0,1,0.0,[2 2],[1. 0.],1,0,[0.4 0.4],1.0,0.0,1.0
1044,0.0,1,523.0,2,1045,1,False,0.0,0,2.0,[2 2],[1. 0.],1,0,[0.4 0.4],1.0,0.0,1.0
1045,0.0,1,523.0,0,1046,0,False,2.0,1,0.0,[2 1],[1. 0.],1,0,[0.4 0.4],1.0,0.0,1.0
1046,0.0,1,524.0,1,1047,1,False,0.0,0,2.0,[2 1],[1. 0.],1,0,[0.4 0.4],1.0,0.0,1.0
1047,0.0,1,524.0,0,1048,0,False,2.0,1,0.0,[2 1],[1. 0.],1,0,[0.4 0.4],1.0,0.0,1.0
1048,0.0,1,525.0,2,1049,1,False,0.0,0,2.0,[2 1],[1. 0.],1,0,[0.4 0.4],1.0,0.0,1.0
1049,1.0,1,525.0,0,1050,0,False,2.0,1,0.0,[1 2],[1. 0.],1,0,[0.4 0.4],1.0,0.0,1.0
1050,0.0,1,526.0,2,1051,1,False,0.0,0,2.0,[1 2],[1. 0.],1,0,[0.4 0.4],1.0,0.0,1.0
1051,0.0,1,526.0,0,1052,0,False,2.0,1,0.0,[1 2],[1. 0.],0,0,[0.4 0.4],1.0,0.0,1.0
1052,0.0,1,527.0,1,1053,1,False,0.0,0,1.0,[1 2],[1. 0.],0,0,[0.4 0.4],1.0,0.0,1.0
1053,1.0,1,527.0,0,1054,0,False,1.0,1,0.0,[2 2],[1. 0.],0,0,[0.4 0.4],1.0,0.0,1.0
1054,0.0,1,528.0,1,1055,1,False,0.0,0,1.0,[2 2],[1. 0.],0,0,[0.4 0.4],1.0,0.0,1.0
1055,0.0,1,528.0,0,1056,0,False,1.0,1,0.0,[1 1],[1. 0.],1,0,[0.4 0.4],1.0,0.0,1.0
1056,0.0,1,529.0,1,1057,1,False,0.0,0,2.0,[1 1],[1. 0.],1,0,[0.4 0.4],1.0,0.0,1.0
1057,1.0,1,529.0,0,1058,0,False,2.0,1,0.0,[2 1],[0. 1.],0,1,[0.4 0.4],1.0,0.0,1.0
1058,0.0,1,530.0,1,1059,1,False,0.0,0,1.0,[2 1],[0. 1.],0,1,[0.4 0.4],1.0,0.0,1.0
1059,1.0,1,530.0,0,1060,0,False,1.0,1,0.0,[1 2],[0. 1.],1,1,[0.4 0.4],1.0,0.0,1.0
1060,0.0,1,531.0,1,1061,1,False,0.0,0,2.0,[1 2],[0. 1.],1,1,[0.4 0.4],1.0,0.0,1.0
1061,0.0,1,531.0,0,1062,0,False,2.0,1,0.0,[2 2],[0. 1.],1,1,[0.4 0.4],1.0,0.0,1.0
1062,0.0,1,532.0,1,1063,1,False,0.0,0,2.0,[2 2],[0. 1.],1,1,[0.4 0.4],1.0,0.0,1.0
1063,1.0,1,532.0,0,1064,0,False,2.0,1,0.0,[1 2],[0. 1.],0,1,[0.4 0.4],1.0,0.0,1.0
1064,0.0,1,533.0,1,1065,1,False,0.0,0,1.0,[1 2],[0. 1.],0,1,[0.4 0.4],1.0,0.0,1.0
1065,0.0,1,533.0,0,1066,0,False,1.0,1,0.0,[1 2],[0. 1.],1,1,[0.4 0.4],1.0,0.0,1.0
1066,0.0,1,534.0,1,1067,1,False,0.0,0,2.0,[1 2],[0. 1.],1,1,[0.4 0.4],1.0,0.0,1.0
1067,0.0,1,534.0,0,1068,0,False,2.0,1,0.0,[1 1],[0. 1.],1,1,[0.4 0.4],1.0,0.0,1.0
1068,0.0,1,535.0,2,1069,1,False,0.0,0,2.0,[1 1],[0. 1.],1,1,[0.4 0.4],1.0,0.0,1.0
1069,0.0,1,535.0,0,1070,0,False,2.0,1,0.0,[2 2],[0. 1.],0,1,[0.4 0.4],1.0,0.0,1.0
1070,0.0,1,536.0,1,1071,1,False,0.0,0,1.0,[2 2],[0. 1.],0,1,[0.4 0.4],1.0,0.0,1.0
1071,1.0,1,536.0,0,1072,0,False,1.0,1,0.0,[1 1],[0. 1.],0,1,[0.4 0.4],1.0,0.0,1.0
1072,0.0,1,537.0,1,1073,1,False,0.0,0,1.0,[1 1],[0. 1.],0,1,[0.4 0.4],1.0,0.0,1.0
1073,0.0,1,537.0,0,1074,0,False,1.0,1,0.0,[2 2],[0. 1.],1,1,[0.4 0.4],1.0,0.0,1.0
1074,0.0,1,538.0,1,1075,1,False,0.0,0,2.0,[2 2],[0. 1.],1,1,[0.4 0.4],1.0,0.0,1.0
1075,1.0,1,538.0,0,1076,0,False,2.0,1,0.0,[1 2],[0. 1.],1,1,[0.4 0.4],1.0,0.0,1.0
1076,0.0,1,539.0,1,1077,1,False,0.0,0,2.0,[1 2],[0. 1.],1,1,[0.4 0.4],1.0,0.0,1.0
1077,0.0,1,539.0,0,1078,0,False,2.0,1,0.0,[1 1],[0. 1.],0,1,[0.4 0.4],1.0,0.0,1.0
1078,0.0,1,540.0,1,1079,1,False,0.0,0,1.0,[1 1],[0. 1.],0,1,[0.4 0.4],1.0,0.0,1.0
1079,0.0,1,540.0,0,1080,0,False,1.0,1,0.0,[2 1],[0. 1.],0,1,[0.4 0.4],1.0,0.0,1.0
1080,0.0,1,541.0,1,1081,1,False,0.0,0,1.0,[2 1],[0. 1.],0,1,[0.4 0.4],1.0,0.0,1.0
1081,1.0,1,541.0,0,1082,0,False,1.0,1,0.0,[1 1],[0. 1.],0,1,[0.4 0.4],1.0,0.0,1.0
1082,0.0,1,542.0,1,1083,1,False,0.0,0,1.0,[1 1],[0. 1.],0,1,[0.4 0.4],1.0,0.0,1.0
1083,0.0,1,542.0,0,1084,0,False,1.0,1,0.0,[1 2],[0. 1.],1,1,[0.4 0.4],1.0,0.0,1.0
1084,0.0,1,543.0,1,1085,1,False,0.0,0,2.0,[1 2],[0. 1.],1,1,[0.4 0.4],1.0,0.0,1.0
1085,0.0,1,543.0,0,1086,0,False,2.0,1,0.0,[2 2],[0. 1.],0,1,[0.4 0.4],1.0,0.0,1.0
1086,0.0,1,544.0,2,1087,1,False,0.0,0,1.0,[2 2],[0. 1.],0,1,[0.4 0.4],1.0,0.0,1.0
1087,1.0,1,544.0,0,1088,0,False,1.0,1,0.0,[1 2],[1. 0.],0,0,[0.4 0.4],1.0,0.0,1.0
1088,0.0,1,545.0,2,1089,1,False,0.0,0,1.0,[1 2],[1. 0.],0,0,[0.4 0.4],1.0,0.0,1.0
1089,0.0,1,545.0,0,1090,0,False,1.0,1,0.0,[2 2],[1. 0.],0,0,[0.4 0.4],1.0,0.0,1.0
1090,0.0,1,546.0,2,1091,1,False,0.0,0,1.0,[2 2],[1. 0.],0,0,[0.4 0.4],1.0,0.0,1.0
1091,0.0,1,546.0,0,1092,0,False,1.0,1,0.0,[1 2],[1. 0.],0,0,[0.4 0.4],1.0,0.0,1.0
1092,0.0,1,547.0,2,1093,1,False,0.0,0,1.0,[1 2],[1. 0.],0,0,[0.4 0.4],1.0,0.0,1.0
1093,0.0,1,547.0,0,1094,0,False,1.0,1,0.0,[1 2],[1. 0.],1,0,[0.4 0.4],1.0,0.0,1.0
1094,0.0,1,548.0,1,1095,1,False,0.0,0,2.0,[1 2],[1. 0.],1,0,[0.4 0.4],1.0,0.0,1.0
1095,1.0,1,548.0,0,1096,0,False,2.0,1,0.0,[1 1],[1. 0.],1,0,[0.4 0.4],1.0,0.0,1.0
1096,0.0,1,549.0,1,1097,1,False,0.0,0,2.0,[1 1],[1. 0.],1,0,[0.4 0.4],1.0,0.0,1.0
1097,1.0,1,549.0,0,1098,0,False,2.0,1,0.0,[2 2],[1. 0.],1,0,[0.4 0.4],1.0,0.0,1.0
1098,0.0,1,550.0,1,1099,1,False,0.0,0,2.0,[2 2],[1. 0.],1,0,[0.4 0.4],1.0,0.0,1.0
1099,0.0,1,550.0,0,1100,0,False,2.0,1,0.0,[2 2],[1. 0.],1,0,[0.4 0.4],1.0,0.0,1.0
1100,0.0,1,551.0,1,1101,1,False,0.0,0,2.0,[2 2],[1. 0.],1,0,[0.4 0.4],1.0,0.0,1.0
1101,0.0,1,551.0,0,1102,0,False,2.0,1,0.0,[2 1],[1. 0.],1,0,[0.4 0.4],1.0,0.0,1.0
1102,0.0,1,552.0,2,1103,1,False,0.0,0,2.0,[2 1],[1. 0.],1,0,[0.4 0.4],1.0,0.0,1.0
1103,1.0,1,552.0,0,1104,0,False,2.0,1,0.0,[2 2],[1. 0.],1,0,[0.4 0.4],1.0,0.0,1.0
1104,0.0,1,553.0,2,1105,1,False,0.0,0,2.0,[2 2],[1. 0.],1,0,[0.4 0.4],1.0,0.0,1.0
1105,0.0,1,553.0,0,1106,0,False,2.0,1,0.0,[2 1],[1. 0.],1,0,[0.4 0.4],1.0,0.0,1.0
1106,0.0,1,554.0,1,1107,1,False,0.0,0,2.0,[2 1],[1. 0.],1,0,[0.4 0.4],1.0,0.0,1.0
1107,0.0,1,554.0,0,1108,0,False,2.0,1,0.0,[1 1],[1. 0.],0,0,[0.4 0.4],1.0,0.0,1.0
1108,0.0,1,555.0,2,1109,1,False,0.0,0,1.0,[1 1],[1. 0.],0,0,[0.4 0.4],1.0,0.0,1.0
1109,1.0,1,555.0,0,1110,0,False,1.0,1,0.0,[1 1],[1. 0.],1,0,[0.4 0.4],1.0,0.0,1.0
1110,0.0,1,556.0,2,1111,1,False,0.0,0,2.0,[1 1],[1. 0.],1,0,[0.4 0.4],1.0,0.0,1.0
1111,1.0,1,556.0,0,1112,0,False,2.0,1,0.0,[2 2],[1. 0.],1,0,[0.4 0.4],1.0,0.0,1.0
1112,0.0,1,557.0,2,1113,1,False,0.0,0,2.0,[2 2],[1. 0.],1,0,[0.4 0.4],1.0,0.0,1.0
1113,0.0,1,557.0,0,1114,0,False,2.0,1,0.0,[1 1],[1. 0.],0,0,[0.4 0.4],1.0,0.0,1.0
1114,0.0,1,558.0,2,1115,1,False,0.0,0,1.0,[1 1],[1. 0.],0,0,[0.4 0.4],1.0,0.0,1.0
1115,1.0,1,558.0,0,1116,0,False,1.0,1,0.0,[2 1],[1. 0.],0,0,[0.4 0.4],1.0,0.0,1.0
1116,0.0,1,559.0,2,1117,1,False,0.0,0,1.0,[2 1],[1. 0.],0,0,[0.4 0.4],1.0,0.0,1.0
1117,1.0,1,559.0,0,1118,0,False,1.0,1,0.0,[1 1],[1. 0.],0,0,[0.4 0.4],1.0,0.0,1.0
1118,0.0,1,560.0,2,1119,1,False,0.0,0,1.0,[1 1],[1. 0.],0,0,[0.4 0.4],1.0,0.0,1.0
1119,1.0,1,560.0,0,1120,0,False,1.0,1,0.0,[1 1],[1. 0.],0,0,[0.4 0.4],1.0,0.0,1.0
1120,0.0,1,561.0,2,1121,1,False,0.0,0,1.0,[1 1],[1. 0.],0,0,[0.4 0.4],1.0,0.0,1.0
1121,1.0,1,561.0,0,1122,0,False,1.0,1,0.0,[2 2],[1. 0.],0,0,[0.4 0.4],1.0,0.0,1.0
1122,0.0,1,562.0,2,1123,1,False,0.0,0,1.0,[2 2],[1. 0.],0,0,[0.4 0.4],1.0,0.0,1.0
1123,0.0,1,562.0,0,1124,0,False,1.0,1,0.0,[2 1],[1. 0.],1,0,[0.4 0.4],1.0,0.0,1.0
1124,0.0,1,563.0,2,1125,1,False,0.0,0,2.0,[2 1],[1. 0.],1,0,[0.4 0.4],1.0,0.0,1.0
1125,1.0,1,563.0,0,1126,0,False,2.0,1,0.0,[2 1],[1. 0.],1,0,[0.4 0.4],1.0,0.0,1.0
1126,0.0,1,564.0,2,1127,1,False,0.0,0,2.0,[2 1],[1. 0.],1,0,[0.4 0.4],1.0,0.0,1.0
1127,1.0,1,564.0,0,1128,0,False,2.0,1,0.0,[2 1],[1. 0.],0,0,[0.4 0.4],1.0,0.0,1.0
1128,0.0,1,565.0,2,1129,1,False,0.0,0,1.0,[2 1],[1. 0.],0,0,[0.4 0.4],1.0,0.0,1.0
1129,1.0,1,565.0,0,1130,0,False,1.0,1,0.0,[2 2],[1. 0.],1,0,[0.4 0.4],1.0,0.0,1.0
1130,0.0,1,566.0,2,1131,1,False,0.0,0,2.0,[2 2],[1. 0.],1,0,[0.4 0.4],1.0,0.0,1.0
1131,0.0,1,566.0,0,1132,0,False,2.0,1,0.0,[2 1],[1. 0.],0,0,[0.4 0.4],1.0,0.0,1.0
1132,0.0,1,567.0,2,1133,1,False,0.0,0,1.0,[2 1],[1. 0.],0,0,[0.4 0.4],1.0,0.0,1.0
1133,1.0,1,567.0,0,1134,0,False,1.0,1,0.0,[1 1],[1. 0.],1,0,[0.4 0.4],1.0,0.0,1.0
1134,0.0,1,568.0,2,1135,1,False,0.0,0,2.0,[1 1],[1. 0.],1,0,[0.4 0.4],1.0,0.0,1.0
1135,1.0,1,568.0,0,1136,0,False,2.0,1,0.0,[2 2],[1. 0.],1,0,[0.4 0.4],1.0,0.0,1.0
1136,0.0,1,569.0,2,1137,1,False,0.0,0,2.0,[2 2],[1. 0.],1,0,[0.4 0.4],1.0,0.0,1.0
1137,0.0,1,569.0,0,1138,0,False,2.0,1,0.0,[2 1],[1. 0.],1,0,[0.4 0.4],1.0,0.0,1.0
1138,0.0,1,570.0,2,1139,1,False,0.0,0,2.0,[2 1],[1. 0.],1,0,[0.4 0.4],1.0,0.0,1.0
1139,1.0,1,570.0,0,1140,0,False,2.0,1,0.0,[1 2],[1. 0.],1,0,[0.4 0.4],1.0,0.0,1.0
1140,0.0,1,571.0,2,1141,1,False,0.0,0,2.0,[1 2],[1. 0.],1,0,[0.4 0.4],1.0,0.0,1.0
1141,0.0,1,571.0,0,1142,0,False,2.0,1,0.0,[2 1],[1. 0.],0,0,[0.4 0.4],1.0,0.0,1.0
1142,0.0,1,572.0,1,1143,1,False,0.0,0,1.0,[2 1],[1. 0.],0,0,[0.4 0.4],1.0,0.0,1.0
1143,0.0,1,572.0,0,1144,0,False,1.0,1,0.0,[2 1],[1. 0.],1,0,[0.4 0.4],1.0,0.0,1.0
1144,0.0,1,573.0,1,1145,1,False,0.0,0,2.0,[2 1],[1. 0.],1,0,[0.4 0.4],1.0,0.0,1.0
1145,0.0,1,573.0,0,1146,0,False,2.0,1,0.0,[2 2],[1. 0.],1,0,[0.4 0.4],1.0,0.0,1.0
1146,0.0,1,574.0,2,1147,1,False,0.0,0,2.0,[2 2],[1. 0.],1,0,[0.4 0.4],1.0,0.0,1.0
1147,0.0,1,574.0,0,1148,0,False,2.0,1,0.0,[1 2],[1. 0.],0,0,[0.4 0.4],1.0,0.0,1.0
1148,0.0,1,575.0,1,1149,1,False,0.0,0,1.0,[1 2],[1. 0.],0,0,[0.4 0.4],1.0,0.0,1.0
1149,1.0,1,575.0,0,1150,0,False,1.0,1,0.0,[1 2],[1. 0.],0,0,[0.4 0.4],1.0,0.0,1.0
1150,0.0,1,576.0,1,1151,1,False,0.0,0,1.0,[1 2],[1. 0.],0,0,[0.4 0.4],1.0,0.0,1.0
1151,1.0,1,576.0,0,1152,0,False,1.0,1,0.0,[1 2],[1. 0.],0,0,[0.4 0.4],1.0,0.0,1.0
1152,0.0,1,577.0,1,1153,1,False,0.0,0,1.0,[1 2],[1. 0.],0,0,[0.4 0.4],1.0,0.0,1.0
1153,1.0,1,577.0,0,1154,0,False,1.0,1,0.0,[2 2],[1. 0.],1,0,[0.4 0.4],1.0,0.0,1.0
1154,0.0,1,578.0,1,1155,1,False,0.0,0,2.0,[2 2],[1. 0.],1,0,[0.4 0.4],1.0,0.0,1.0
1155,0.0,1,578.0,0,1156,0,False,2.0,1,0.0,[2 1],[1. 0.],0,0,[0.4 0.4],1.0,0.0,1.0
1156,0.0,1,579.0,1,1157,1,False,0.0,0,1.0,[2 1],[1. 0.],0,0,[0.4 0.4],1.0,0.0,1.0
1157,0.0,1,579.0,0,1158,0,False,1.0,1,0.0,[2 2],[1. 0.],1,0,[0.4 0.4],1.0,0.0,1.0
1158,0.0,1,580.0,1,1159,1,False,0.0,0,2.0,[2 2],[1. 0.],1,0,[0.4 0.4],1.0,0.0,1.0
1159,0.0,1,580.0,0,1160,0,False,2.0,1,0.0,[2 2],[1. 0.],0,0,[0.4 0.4],1.0,0.0,1.0
1160,0.0,1,581.0,2,1161,1,False,0.0,0,1.0,[2 2],[1. 0.],0,0,[0.4 0.4],1.0,0.0,1.0
1161,0.0,1,581.0,0,1162,0,False,1.0,1,0.0,[1 2],[1. 0.],1,0,[0.4 0.4],1.0,0.0,1.0
1162,0.0,1,582.0,2,1163,1,False,0.0,0,2.0,[1 2],[1. 0.],1,0,[0.4 0.4],1.0,0.0,1.0
1163,0.0,1,582.0,0,1164,0,False,2.0,1,0.0,[2 2],[1. 0.],1,0,[0.4 0.4],1.0,0.0,1.0
1164,0.0,1,583.0,1,1165,1,False,0.0,0,2.0,[2 2],[1. 0.],1,0,[0.4 0.4],1.0,0.0,1.0
1165,0.0,1,583.0,0,1166,0,False,2.0,1,0.0,[1 1],[1. 0.],0,0,[0.4 0.4],1.0,0.0,1.0
1166,0.0,1,584.0,2,1167,1,False,0.0,0,1.0,[1 1],[1. 0.],0,0,[0.4 0.4],1.0,0.0,1.0
1167,1.0,1,584.0,0,1168,0,False,1.0,1,0.0,[1 1],[1. 0.],1,0,[0.4 0.4],1.0,0.0,1.0
1168,0.0,1,585.0,2,1169,1,False,0.0,0,2.0,[1 1],[1. 0.],1,0,[0.4 0.4],1.0,0.0,1.0
1169,1.0,1,585.0,0,1170,0,False,2.0,1,0.0,[1 1],[1. 0.],1,0,[0.4 0.4],1.0,0.0,1.0
1170,0.0,1,586.0,2,1171,1,False,0.0,0,2.0,[1 1],[1. 0.],1,0,[0.4 0.4],1.0,0.0,1.0
1171,1.0,1,586.0,0,1172,0,False,2.0,1,0.0,[2 2],[1. 0.],0,0,[0.4 0.4],1.0,0.0,1.0
1172,0.0,1,587.0,2,1173,1,False,0.0,0,1.0,[2 2],[1. 0.],0,0,[0.4 0.4],1.0,0.0,1.0
1173,0.0,1,587.0,0,1174,0,False,1.0,1,0.0,[1 1],[1. 0.],1,0,[0.4 0.4],1.0,0.0,1.0
1174,0.0,1,588.0,2,1175,1,False,0.0,0,2.0,[1 1],[1. 0.],1,0,[0.4 0.4],1.0,0.0,1.0
1175,1.0,1,588.0,0,1176,0,False,2.0,1,0.0,[1 2],[1. 0.],0,0,[0.4 0.4],1.0,0.0,1.0
1176,0.0,1,589.0,2,1177,1,False,0.0,0,1.0,[1 2],[1. 0.],0,0,[0.4 0.4],1.0,0.0,1.0
1177,0.0,1,589.0,0,1178,0,False,1.0,1,0.0,[1 2],[1. 0.],0,0,[0.4 0.4],1.0,0.0,1.0
1178,0.0,1,590.0,2,1179,1,False,0.0,0,1.0,[1 2],[1. 0.],0,0,[0.4 0.4],1.0,0.0,1.0
1179,0.0,1,590.0,0,1180,0,False,1.0,1,0.0,[1 1],[1. 0.],1,0,[0.4 0.4],1.0,0.0,1.0
1180,0.0,1,591.0,2,1181,1,False,0.0,0,2.0,[1 1],[1. 0.],1,0,[0.4 0.4],1.0,0.0,1.0
1181,1.0,1,591.0,0,1182,0,False,2.0,1,0.0,[1 2],[1. 0.],1,0,[0.4 0.4],1.0,0.0,1.0
1182,0.0,1,592.0,2,1183,1,False,0.0,0,2.0,[1 2],[1. 0.],1,0,[0.4 0.4],1.0,0.0,1.0
1183,0.0,1,592.0,0,1184,0,False,2.0,1,0.0,[2 2],[1. 0.],0,0,[0.4 0.4],1.0,0.0,1.0
1184,0.0,1,593.0,2,1185,1,False,0.0,0,1.0,[2 2],[1. 0.],0,0,[0.4 0.4],1.0,0.0,1.0
1185,0.0,1,593.0,0,1186,0,False,1.0,1,0.0,[1 2],[1. 0.],1,0,[0.4 0.4],1.0,0.0,1.0
1186,0.0,1,594.0,2,1187,1,False,0.0,0,2.0,[1 2],[1. 0.],1,0,[0.4 0.4],1.0,0.0,1.0
1187,0.0,1,594.0,0,1188,0,False,2.0,1,0.0,[2 2],[1. 0.],0,0,[0.4 0.4],1.0,0.0,1.0
1188,0.0,1,595.0,1,1189,1,False,0.0,0,1.0,[2 2],[1. 0.],0,0,[0.4 0.4],1.0,0.0,1.0
1189,0.0,1,595.0,0,1190,0,False,1.0,1,0.0,[1 2],[1. 0.],1,0,[0.4 0.4],1.0,0.0,1.0
1190,0.0,1,596.0,2,1191,1,False,0.0,0,2.0,[1 2],[1. 0.],1,0,[0.4 0.4],1.0,0.0,1.0
1191,0.0,1,596.0,0,1192,0,False,2.0,1,0.0,[1 1],[1. 0.],1,0,[0.4 0.4],1.0,0.0,1.0
1192,0.0,1,597.0,1,1193,1,False,0.0,0,2.0,[1 1],[1. 0.],1,0,[0.4 0.4],1.0,0.0,1.0
1193,1.0,1,597.0,0,1194,0,False,2.0,1,0.0,[2 1],[1. 0.],0,0,[0.4 0.4],1.0,0.0,1.0
1194,0.0,1,598.0,1,1195,1,False,0.0,0,1.0,[2 1],[1. 0.],0,0,[0.4 0.4],1.0,0.0,1.0
1195,0.0,1,598.0,0,1196,0,False,1.0,1,0.0,[1 2],[1. 0.],0,0,[0.4 0.4],1.0,0.0,1.0
1196,0.0,1,599.0,1,1197,1,False,0.0,0,1.0,[1 2],[1. 0.],0,0,[0.4 0.4],1.0,0.0,1.0
1197,1.0,1,599.0,0,1198,0,False,1.0,1,0.0,[2 2],[1. 0.],0,0,[0.4 0.4],1.0,0.0,1.0
1198,0.0,1,600.0,1,1199,1,False,0.0,0,1.0,[2 2],[1. 0.],0,0,[0.4 0.4],1.0,0.0,1.0
1199,0.0,1,600.0,0,1200,0,False,1.0,1,0.0,[2 1],[1. 0.],0,0,[0.4 0.4],1.0,0.0,1.0
1200,0.0,1,601.0,1,1201,1,False,0.0,0,1.0,[2 1],[1. 0.],0,0,[0.4 0.4],1.0,0.0,1.0
1201,0.0,1,601.0,0,1202,0,False,1.0,1,0.0,[1 1],[1. 0.],1,0,[0.4 0.4],1.0,0.0,1.0
1202,0.0,1,602.0,1,1203,1,False,0.0,0,2.0,[1 1],[1. 0.],1,0,[0.4 0.4],1.0,0.0,1.0
1203,1.0,1,602.0,0,1204,0,False,2.0,1,0.0,[1 2],[1. 0.],0,0,[0.4 0.4],1.0,0.0,1.0
1204,0.0,1,603.0,1,1205,1,False,0.0,0,1.0,[1 2],[1. 0.],0,0,[0.4 0.4],1.0,0.0,1.0
1205,1.0,1,603.0,0,1206,0,False,1.0,1,0.0,[1 1],[1. 0.],0,0,[0.4 0.4],1.0,0.0,1.0
1206,0.0,1,604.0,1,1207,1,False,0.0,0,1.0,[1 1],[1. 0.],0,0,[0.4 0.4],1.0,0.0,1.0
1207,1.0,1,604.0,0,1208,0,False,1.0,1,0.0,[1 2],[1. 0.],0,0,[0.4 0.4],1.0,0.0,1.0
1208,0.0,1,605.0,1,1209,1,False,0.0,0,1.0,[1 2],[1. 0.],0,0,[0.4 0.4],1.0,0.0,1.0
1209,1.0,1,605.0,0,1210,0,False,1.0,1,0.0,[2 2],[1. 0.],1,0,[0.4 0.4],1.0,0.0,1.0
1210,0.0,1,606.0,1,1211,1,False,0.0,0,2.0,[2 2],[1. 0.],1,0,[0.4 0.4],1.0,0.0,1.0
1211,0.0,1,606.0,0,1212,0,False,2.0,1,0.0,[1 2],[1. 0.],0,0,[0.4 0.4],1.0,0.0,1.0
1212,0.0,1,607.0,1,1213,1,False,0.0,0,1.0,[1 2],[1. 0.],0,0,[0.4 0.4],1.0,0.0,1.0
1213,1.0,1,607.0,0,1214,0,False,1.0,1,0.0,[2 2],[1. 0.],1,0,[0.4 0.4],1.0,0.0,1.0
1214,0.0,1,608.0,1,1215,1,False,0.0,0,2.0,[2 2],[1. 0.],1,0,[0.4 0.4],1.0,0.0,1.0
1215,0.0,1,608.0,0,1216,0,False,2.0,1,0.0,[2 2],[1. 0.],0,0,[0.4 0.4],1.0,0.0,1.0
1216,0.0,1,609.0,1,1217,1,False,0.0,0,1.0,[2 2],[1. 0.],0,0,[0.4 0.4],1.0,0.0,1.0
1217,0.0,1,609.0,0,1218,0,False,1.0,1,0.0,[2 2],[1. 0.],0,0,[0.4 0.4],1.0,0.0,1.0
1218,0.0,1,610.0,1,1219,1,False,0.0,0,1.0,[2 2],[1. 0.],0,0,[0.4 0.4],1.0,0.0,1.0
1219,0.0,1,610.0,0,1220,0,False,1.0,1,0.0,[1 2],[1. 0.],0,0,[0.4 0.4],1.0,0.0,1.0
1220,0.0,1,611.0,1,1221,1,False,0.0,0,1.0,[1 2],[1. 0.],0,0,[0.4 0.4],1.0,0.0,1.0
1221,1.0,1,611.0,0,1222,0,False,1.0,1,0.0,[1 2],[1. 0.],1,0,[0.4 0.4],1.0,0.0,1.0
1222,0.0,1,612.0,1,1223,1,False,0.0,0,2.0,[1 2],[1. 0.],1,0,[0.4 0.4],1.0,0.0,1.0
1223,1.0,1,612.0,0,1224,0,False,2.0,1,0.0,[1 2],[1. 0.],1,0,[0.4 0.4],1.0,0.0,1.0
1224,0.0,1,613.0,1,1225,1,False,0.0,0,2.0,[1 2],[1. 0.],1,0,[0.4 0.4],1.0,0.0,1.0
1225,1.0,1,613.0,0,1226,0,False,2.0,1,0.0,[2 2],[1. 0.],1,0,[0.4 0.4],1.0,0.0,1.0
1226,0.0,1,614.0,1,1227,1,False,0.0,0,2.0,[2 2],[1. 0.],1,0,[0.4 0.4],1.0,0.0,1.0
1227,0.0,1,614.0,0,1228,0,False,2.0,1,0.0,[1 2],[1. 0.],0,0,[0.4 0.4],1.0,0.0,1.0
1228,0.0,1,615.0,1,1229,1,False,0.0,0,1.0,[1 2],[1. 0.],0,0,[0.4 0.4],1.0,0.0,1.0
1229,1.0,1,615.0,0,1230,0,False,1.0,1,0.0,[2 2],[1. 0.],0,0,[0.4 0.4],1.0,0.0,1.0
1230,0.0,1,616.0,1,1231,1,False,0.0,0,1.0,[2 2],[1. 0.],0,0,[0.4 0.4],1.0,0.0,1.0
1231,0.0,1,616.0,0,1232,0,False,1.0,1,0.0,[1 2],[1. 0.],0,0,[0.4 0.4],1.0,0.0,1.0
1232,0.0,1,617.0,1,1233,1,False,0.0,0,1.0,[1 2],[1. 0.],0,0,[0.4 0.4],1.0,0.0,1.0
1233,1.0,1,617.0,0,1234,0,False,1.0,1,0.0,[2 2],[1. 0.],0,0,[0.4 0.4],1.0,0.0,1.0
1234,0.0,1,618.0,1,1235,1,False,0.0,0,1.0,[2 2],[1. 0.],0,0,[0.4 0.4],1.0,0.0,1.0
1235,0.0,1,618.0,0,1236,0,False,1.0,1,0.0,[1 2],[1. 0.],0,0,[0.4 0.4],1.0,0.0,1.0
1236,0.0,1,619.0,1,1237,1,False,0.0,0,1.0,[1 2],[1. 0.],0,0,[0.4 0.4],1.0,0.0,1.0
1237,1.0,1,619.0,0,1238,0,False,1.0,1,0.0,[2 2],[1. 0.],1,0,[0.4 0.4],1.0,0.0,1.0
1238,0.0,1,620.0,1,1239,1,False,0.0,0,2.0,[2 2],[1. 0.],1,0,[0.4 0.4],1.0,0.0,1.0
1239,0.0,1,620.0,0,1240,0,False,2.0,1,0.0,[1 1],[0. 1.],0,1,[0.4 0.4],1.0,0.0,1.0
1240,0.0,1,621.0,1,1241,1,False,0.0,0,1.0,[1 1],[0. 1.],0,1,[0.4 0.4],1.0,0.0,1.0
1241,0.0,1,621.0,0,1242,0,False,1.0,1,0.0,[1 1],[0. 1.],0,1,[0.4 0.4],1.0,0.0,1.0
1242,0.0,1,622.0,1,1243,1,False,0.0,0,1.0,[1 1],[0. 1.],0,1,[0.4 0.4],1.0,0.0,1.0
1243,0.0,1,622.0,0,1244,0,False,1.0,1,0.0,[2 1],[0. 1.],0,1,[0.4 0.4],1.0,0.0,1.0
1244,0.0,1,623.0,1,1245,1,False,0.0,0,1.0,[2 1],[0. 1.],0,1,[0.4 0.4],1.0,0.0,1.0
1245,1.0,1,623.0,0,1246,0,False,1.0,1,0.0,[1 2],[0. 1.],1,1,[0.4 0.4],1.0,0.0,1.0
1246,0.0,1,624.0,1,1247,1,False,0.0,0,2.0,[1 2],[0. 1.],1,1,[0.4 0.4],1.0,0.0,1.0
1247,0.0,1,624.0,0,1248,0,False,2.0,1,0.0,[1 2],[0. 1.],1,1,[0.4 0.4],1.0,0.0,1.0
1248,0.0,1,625.0,2,1249,1,False,0.0,0,2.0,[1 2],[0. 1.],1,1,[0.4 0.4],1.0,0.0,1.0
1249,1.0,1,625.0,0,1250,0,False,2.0,1,0.0,[2 2],[0. 1.],1,1,[0.4 0.4],1.0,0.0,1.0
1250,0.0,1,626.0,2,1251,1,False,0.0,0,2.0,[2 2],[0. 1.],1,1,[0.4 0.4],1.0,0.0,1.0
1251,1.0,1,626.0,0,1252,0,False,2.0,1,0.0,[2 1],[0. 1.],1,1,[0.4 0.4],1.0,0.0,1.0
1252,0.0,1,627.0,2,1253,1,False,0.0,0,2.0,[2 1],[0. 1.],1,1,[0.4 0.4],1.0,0.0,1.0
1253,0.0,1,627.0,0,1254,0,False,2.0,1,0.0,[2 2],[0. 1.],0,1,[0.4 0.4],1.0,0.0,1.0
1254,0.0,1,628.0,2,1255,1,False,0.0,0,1.0,[2 2],[0. 1.],0,1,[0.4 0.4],1.0,0.0,1.0
1255,1.0,1,628.0,0,1256,0,False,1.0,1,0.0,[2 1],[0. 1.],0,1,[0.4 0.4],1.0,0.0,1.0
1256,0.0,1,629.0,2,1257,1,False,0.0,0,1.0,[2 1],[0. 1.],0,1,[0.4 0.4],1.0,0.0,1.0
1257,0.0,1,629.0,0,1258,0,False,1.0,1,0.0,[2 2],[0. 1.],1,1,[0.4 0.4],1.0,0.0,1.0
1258,0.0,1,630.0,2,1259,1,False,0.0,0,2.0,[2 2],[0. 1.],1,1,[0.4 0.4],1.0,0.0,1.0
1259,1.0,1,630.0,0,1260,0,False,2.0,1,0.0,[2 1],[0. 1.],1,1,[0.4 0.4],1.0,0.0,1.0
1260,0.0,1,631.0,2,1261,1,False,0.0,0,2.0,[2 1],[0. 1.],1,1,[0.4 0.4],1.0,0.0,1.0
1261,0.0,1,631.0,0,1262,0,False,2.0,1,0.0,[2 2],[0. 1.],0,1,[0.4 0.4],1.0,0.0,1.0
1262,0.0,1,632.0,2,1263,1,False,0.0,0,1.0,[2 2],[0. 1.],0,1,[0.4 0.4],1.0,0.0,1.0
1263,1.0,1,632.0,0,1264,0,False,1.0,1,0.0,[2 1],[0. 1.],0,1,[0.4 0.4],1.0,0.0,1.0
1264,0.0,1,633.0,2,1265,1,False,0.0,0,1.0,[2 1],[0. 1.],0,1,[0.4 0.4],1.0,0.0,1.0
1265,0.0,1,633.0,0,1266,0,False,1.0,1,0.0,[2 1],[0. 1.],1,1,[0.4 0.4],1.0,0.0,1.0
1266,0.0,1,634.0,2,1267,1,False,0.0,0,2.0,[2 1],[0. 1.],1,1,[0.4 0.4],1.0,0.0,1.0
1267,0.0,1,634.0,0,1268,0,False,2.0,1,0.0,[2 2],[0. 1.],0,1,[0.4 0.4],1.0,0.0,1.0
1268,0.0,1,635.0,2,1269,1,False,0.0,0,1.0,[2 2],[0. 1.],0,1,[0.4 0.4],1.0,0.0,1.0
1269,1.0,1,635.0,0,1270,0,False,1.0,1,0.0,[2 1],[0. 1.],1,1,[0.4 0.4],1.0,0.0,1.0
1270,0.0,1,636.0,2,1271,1,False,0.0,0,2.0,[2 1],[0. 1.],1,1,[0.4 0.4],1.0,0.0,1.0
1271,0.0,1,636.0,0,1272,0,False,2.0,1,0.0,[2 1],[0. 1.],0,1,[0.4 0.4],1.0,0.0,1.0
1272,0.0,1,637.0,2,1273,1,False,0.0,0,1.0,[2 1],[0. 1.],0,1,[0.4 0.4],1.0,0.0,1.0
1273,0.0,1,637.0,0,1274,0,False,1.0,1,0.0,[2 1],[0. 1.],1,1,[0.4 0.4],1.0,0.0,1.0
1274,0.0,1,638.0,2,1275,1,False,0.0,0,2.0,[2 1],[0. 1.],1,1,[0.4 0.4],1.0,0.0,1.0
1275,0.0,1,638.0,0,1276,0,False,2.0,1,0.0,[2 1],[0. 1.],0,1,[0.4 0.4],1.0,0.0,1.0
1276,0.0,1,639.0,1,1277,1,False,0.0,0,1.0,[2 1],[0. 1.],0,1,[0.4 0.4],1.0,0.0,1.0
1277,1.0,1,639.0,0,1278,0,False,1.0,1,0.0,[2 1],[0. 1.],0,1,[0.4 0.4],1.0,0.0,1.0
1278,0.0,1,640.0,1,1279,1,False,0.0,0,1.0,[2 1],[0. 1.],0,1,[0.4 0.4],1.0,0.0,1.0
1279,1.0,1,640.0,0,1280,0,False,1.0,1,0.0,[1 1],[0. 1.],1,1,[0.4 0.4],1.0,0.0,1.0
1280,0.0,1,641.0,1,1281,1,False,0.0,0,2.0,[1 1],[0. 1.],1,1,[0.4 0.4],1.0,0.0,1.0
1281,0.0,1,641.0,0,1282,0,False,2.0,1,0.0,[2 2],[0. 1.],0,1,[0.4 0.4],1.0,0.0,1.0
1282,0.0,1,642.0,1,1283,1,False,0.0,0,1.0,[2 2],[0. 1.],0,1,[0.4 0.4],1.0,0.0,1.0
1283,1.0,1,642.0,0,1284,0,False,1.0,1,0.0,[2 1],[0. 1.],0,1,[0.4 0.4],1.0,0.0,1.0
1284,0.0,1,643.0,1,1285,1,False,0.0,0,1.0,[2 1],[0. 1.],0,1,[0.4 0.4],1.0,0.0,1.0
1285,1.0,1,643.0,0,1286,0,False,1.0,1,0.0,[1 1],[0. 1.],0,1,[0.4 0.4],1.0,0.0,1.0
1286,0.0,1,644.0,1,1287,1,False,0.0,0,1.0,[1 1],[0. 1.],0,1,[0.4 0.4],1.0,0.0,1.0
1287,0.0,1,644.0,0,1288,0,False,1.0,1,0.0,[1 1],[0. 1.],0,1,[0.4 0.4],1.0,0.0,1.0
1288,0.0,1,645.0,1,1289,1,False,0.0,0,1.0,[1 1],[0. 1.],0,1,[0.4 0.4],1.0,0.0,1.0
1289,0.0,1,645.0,0,1290,0,False,1.0,1,0.0,[2 1],[0. 1.],1,1,[0.4 0.4],1.0,0.0,1.0
1290,0.0,1,646.0,1,1291,1,False,0.0,0,2.0,[2 1],[0. 1.],1,1,[0.4 0.4],1.0,0.0,1.0
1291,1.0,1,646.0,0,1292,0,False,2.0,1,0.0,[2 1],[0. 1.],0,1,[0.4 0.4],1.0,0.0,1.0
1292,0.0,1,647.0,1,1293,1,False,0.0,0,1.0,[2 1],[0. 1.],0,1,[0.4 0.4],1.0,0.0,1.0
1293,1.0,1,647.0,0,1294,0,False,1.0,1,0.0,[1 1],[0. 1.],1,1,[0.4 0.4],1.0,0.0,1.0
1294,0.0,1,648.0,1,1295,1,False,0.0,0,2.0,[1 1],[0. 1.],1,1,[0.4 0.4],1.0,0.0,1.0
1295,0.0,1,648.0,0,1296,0,False,2.0,1,0.0,[1 1],[0. 1.],0,1,[0.4 0.4],1.0,0.0,1.0
1296,0.0,1,649.0,1,1297,1,False,0.0,0,1.0,[1 1],[0. 1.],0,1,[0.4 0.4],1.0,0.0,1.0
1297,0.0,1,649.0,0,1298,0,False,1.0,1,0.0,[2 1],[0. 1.],0,1,[0.4 0.4],1.0,0.0,1.0
1298,0.0,1,650.0,1,1299,1,False,0.0,0,1.0,[2 1],[0. 1.],0,1,[0.4 0.4],1.0,0.0,1.0
1299,1.0,1,650.0,0,1300,0,False,1.0,1,0.0,[2 1],[0. 1.],1,1,[0.4 0.4],1.0,0.0,1.0
1300,0.0,1,651.0,1,1301,1,False,0.0,0,2.0,[2 1],[0. 1.],1,1,[0.4 0.4],1.0,0.0,1.0
1301,1.0,1,651.0,0,1302,0,False,2.0,1,0.0,[2 1],[0. 1.],0,1,[0.4 0.4],1.0,0.0,1.0
1302,0.0,1,652.0,1,1303,1,False,0.0,0,1.0,[2 1],[0. 1.],0,1,[0.4 0.4],1.0,0.0,1.0
1303,1.0,1,652.0,0,1304,0,False,1.0,1,0.0,[2 1],[0. 1.],0,1,[0.4 0.4],1.0,0.0,1.0
1304,0.0,1,653.0,1,1305,1,False,0.0,0,1.0,[2 1],[0. 1.],0,1,[0.4 0.4],1.0,0.0,1.0
1305,1.0,1,653.0,0,1306,0,False,1.0,1,0.0,[1 2],[0. 1.],1,1,[0.4 0.4],1.0,0.0,1.0
1306,0.0,1,654.0,1,1307,1,False,0.0,0,2.0,[1 2],[0. 1.],1,1,[0.4 0.4],1.0,0.0,1.0
1307,0.0,1,654.0,0,1308,0,False,2.0,1,0.0,[2 1],[0. 1.],1,1,[0.4 0.4],1.0,0.0,1.0
1308,0.0,1,655.0,1,1309,1,False,0.0,0,2.0,[2 1],[0. 1.],1,1,[0.4 0.4],1.0,0.0,1.0
1309,1.0,1,655.0,0,1310,0,False,2.0,1,0.0,[2 1],[0. 1.],1,1,[0.4 0.4],1.0,0.0,1.0
1310,0.0,1,656.0,1,1311,1,False,0.0,0,2.0,[2 1],[0. 1.],1,1,[0.4 0.4],1.0,0.0,1.0
1311,1.0,1,656.0,0,1312,0,False,2.0,1,0.0,[2 2],[1. 0.],1,0,[0.4 0.4],1.0,0.0,1.0
1312,0.0,1,657.0,1,1313,1,False,0.0,0,2.0,[2 2],[1. 0.],1,0,[0.4 0.4],1.0,0.0,1.0
1313,0.0,1,657.0,0,1314,0,False,2.0,1,0.0,[2 1],[1. 0.],1,0,[0.4 0.4],1.0,0.0,1.0
1314,0.0,1,658.0,1,1315,1,False,0.0,0,2.0,[2 1],[1. 0.],1,0,[0.4 0.4],1.0,0.0,1.0
1315,0.0,1,658.0,0,1316,0,False,2.0,1,0.0,[2 1],[0. 1.],1,1,[0.4 0.4],1.0,0.0,1.0
1316,0.0,1,659.0,2,1317,1,False,0.0,0,2.0,[2 1],[0. 1.],1,1,[0.4 0.4],1.0,0.0,1.0
1317,0.0,1,659.0,0,1318,0,False,2.0,1,0.0,[1 1],[0. 1.],1,1,[0.4 0.4],1.0,0.0,1.0
1318,0.0,1,660.0,1,1319,1,False,0.0,0,2.0,[1 1],[0. 1.],1,1,[0.4 0.4],1.0,0.0,1.0
1319,0.0,1,660.0,0,1320,0,False,2.0,1,0.0,[2 1],[0. 1.],0,1,[0.4 0.4],1.0,0.0,1.0
1320,0.0,1,661.0,2,1321,1,False,0.0,0,1.0,[2 1],[0. 1.],0,1,[0.4 0.4],1.0,0.0,1.0
1321,0.0,1,661.0,0,1322,0,False,1.0,1,0.0,[1 2],[0. 1.],1,1,[0.4 0.4],1.0,0.0,1.0
1322,0.0,1,662.0,2,1323,1,False,0.0,0,2.0,[1 2],[0. 1.],1,1,[0.4 0.4],1.0,0.0,1.0
1323,1.0,1,662.0,0,1324,0,False,2.0,1,0.0,[1 1],[0. 1.],0,1,[0.4 0.4],1.0,0.0,1.0
1324,0.0,1,663.0,2,1325,1,False,0.0,0,1.0,[1 1],[0. 1.],0,1,[0.4 0.4],1.0,0.0,1.0
1325,0.0,1,663.0,0,1326,0,False,1.0,1,0.0,[2 1],[0. 1.],1,1,[0.4 0.4],1.0,0.0,1.0
1326,0.0,1,664.0,2,1327,1,False,0.0,0,2.0,[2 1],[0. 1.],1,1,[0.4 0.4],1.0,0.0,1.0
1327,0.0,1,664.0,0,1328,0,False,2.0,1,0.0,[1 1],[0. 1.],1,1,[0.4 0.4],1.0,0.0,1.0
1328,0.0,1,665.0,1,1329,1,False,0.0,0,2.0,[1 1],[0. 1.],1,1,[0.4 0.4],1.0,0.0,1.0
1329,0.0,1,665.0,0,1330,0,False,2.0,1,0.0,[1 1],[0. 1.],1,1,[0.4 0.4],1.0,0.0,1.0
1330,0.0,1,666.0,2,1331,1,False,0.0,0,2.0,[1 1],[0. 1.],1,1,[0.4 0.4],1.0,0.0,1.0
1331,0.0,1,666.0,0,1332,0,False,2.0,1,0.0,[2 2],[0. 1.],1,1,[0.4 0.4],1.0,0.0,1.0
1332,0.0,1,667.0,1,1333,1,False,0.0,0,2.0,[2 2],[0. 1.],1,1,[0.4 0.4],1.0,0.0,1.0
1333,1.0,1,667.0,0,1334,0,False,2.0,1,0.0,[1 2],[0. 1.],0,1,[0.4 0.4],1.0,0.0,1.0
1334,0.0,1,668.0,1,1335,1,False,0.0,0,1.0,[1 2],[0. 1.],0,1,[0.4 0.4],1.0,0.0,1.0
1335,0.0,1,668.0,0,1336,0,False,1.0,1,0.0,[1 2],[0. 1.],0,1,[0.4 0.4],1.0,0.0,1.0
1336,0.0,1,669.0,1,1337,1,False,0.0,0,1.0,[1 2],[0. 1.],0,1,[0.4 0.4],1.0,0.0,1.0
1337,0.0,1,669.0,0,1338,0,False,1.0,1,0.0,[1 2],[0. 1.],0,1,[0.4 0.4],1.0,0.0,1.0
1338,0.0,1,670.0,1,1339,1,False,0.0,0,1.0,[1 2],[0. 1.],0,1,[0.4 0.4],1.0,0.0,1.0
1339,0.0,1,670.0,0,1340,0,False,1.0,1,0.0,[2 2],[0. 1.],0,1,[0.4 0.4],1.0,0.0,1.0
1340,0.0,1,671.0,2,1341,1,False,0.0,0,1.0,[2 2],[0. 1.],0,1,[0.4 0.4],1.0,0.0,1.0
1341,1.0,1,671.0,0,1342,0,False,1.0,1,0.0,[1 1],[0. 1.],0,1,[0.4 0.4],1.0,0.0,1.0
1342,0.0,1,672.0,2,1343,1,False,0.0,0,1.0,[1 1],[0. 1.],0,1,[0.4 0.4],1.0,0.0,1.0
1343,0.0,1,672.0,0,1344,0,False,1.0,1,0.0,[2 2],[0. 1.],1,1,[0.4 0.4],1.0,0.0,1.0
1344,0.0,1,673.0,2,1345,1,False,0.0,0,2.0,[2 2],[0. 1.],1,1,[0.4 0.4],1.0,0.0,1.0
1345,1.0,1,673.0,0,1346,0,False,2.0,1,0.0,[2 2],[0. 1.],0,1,[0.4 0.4],1.0,0.0,1.0
1346,0.0,1,674.0,2,1347,1,False,0.0,0,1.0,[2 2],[0. 1.],0,1,[0.4 0.4],1.0,0.0,1.0
1347,1.0,1,674.0,0,1348,0,False,1.0,1,0.0,[2 2],[0. 1.],0,1,[0.4 0.4],1.0,0.0,1.0
1348,0.0,1,675.0,2,1349,1,False,0.0,0,1.0,[2 2],[0. 1.],0,1,[0.4 0.4],1.0,0.0,1.0
1349,1.0,1,675.0,0,1350,0,False,1.0,1,0.0,[2 1],[0. 1.],0,1,[0.4 0.4],1.0,0.0,1.0
1350,0.0,1,676.0,2,1351,1,False,0.0,0,1.0,[2 1],[0. 1.],0,1,[0.4 0.4],1.0,0.0,1.0
1351,0.0,1,676.0,0,1352,0,False,1.0,1,0.0,[2 1],[0. 1.],0,1,[0.4 0.4],1.0,0.0,1.0
1352,0.0,1,677.0,2,1353,1,False,0.0,0,1.0,[2 1],[0. 1.],0,1,[0.4 0.4],1.0,0.0,1.0
1353,0.0,1,677.0,0,1354,0,False,1.0,1,0.0,[1 2],[0. 1.],0,1,[0.4 0.4],1.0,0.0,1.0
1354,0.0,1,678.0,2,1355,1,False,0.0,0,1.0,[1 2],[0. 1.],0,1,[0.4 0.4],1.0,0.0,1.0
1355,1.0,1,678.0,0,1356,0,False,1.0,1,0.0,[2 1],[0. 1.],1,1,[0.4 0.4],1.0,0.0,1.0
1356,0.0,1,679.0,2,1357,1,False,0.0,0,2.0,[2 1],[0. 1.],1,1,[0.4 0.4],1.0,0.0,1.0
1357,0.0,1,679.0,0,1358,0,False,2.0,1,0.0,[2 1],[0. 1.],0,1,[0.4 0.4],1.0,0.0,1.0
1358,0.0,1,680.0,2,1359,1,False,0.0,0,1.0,[2 1],[0. 1.],0,1,[0.4 0.4],1.0,0.0,1.0
1359,0.0,1,680.0,0,1360,0,False,1.0,1,0.0,[2 2],[0. 1.],0,1,[0.4 0.4],1.0,0.0,1.0
1360,0.0,1,681.0,2,1361,1,False,0.0,0,1.0,[2 2],[0. 1.],0,1,[0.4 0.4],1.0,0.0,1.0
1361,1.0,1,681.0,0,1362,0,False,1.0,1,0.0,[2 1],[1. 0.],0,0,[0.4 0.4],1.0,0.0,1.0
1362,0.0,1,682.0,2,1363,1,False,0.0,0,1.0,[2 1],[1. 0.],0,0,[0.4 0.4],1.0,0.0,1.0
1363,1.0,1,682.0,0,1364,0,False,1.0,1,0.0,[2 2],[1. 0.],1,0,[0.4 0.4],1.0,0.0,1.0
1364,0.0,1,683.0,2,1365,1,False,0.0,0,2.0,[2 2],[1. 0.],1,0,[0.4 0.4],1.0,0.0,1.0
1365,0.0,1,683.0,0,1366,0,False,2.0,1,0.0,[1 2],[1. 0.],0,0,[0.4 0.4],1.0,0.0,1.0
1366,0.0,1,684.0,2,1367,1,False,0.0,0,1.0,[1 2],[1. 0.],0,0,[0.4 0.4],1.0,0.0,1.0
1367,0.0,1,684.0,0,1368,0,False,1.0,1,0.0,[2 1],[1. 0.],0,0,[0.4 0.4],1.0,0.0,1.0
1368,0.0,1,685.0,2,1369,1,False,0.0,0,1.0,[2 1],[1. 0.],0,0,[0.4 0.4],1.0,0.0,1.0
1369,1.0,1,685.0,0,1370,0,False,1.0,1,0.0,[1 1],[1. 0.],0,0,[0.4 0.4],1.0,0.0,1.0
1370,0.0,1,686.0,2,1371,1,False,0.0,0,1.0,[1 1],[1. 0.],0,0,[0.4 0.4],1.0,0.0,1.0
1371,1.0,1,686.0,0,1372,0,False,1.0,1,0.0,[1 1],[1. 0.],0,0,[0.4 0.4],1.0,0.0,1.0
1372,0.0,1,687.0,2,1373,1,False,0.0,0,1.0,[1 1],[1. 0.],0,0,[0.4 0.4],1.0,0.0,1.0
1373,1.0,1,687.0,0,1374,0,False,1.0,1,0.0,[1 2],[1. 0.],0,0,[0.4 0.4],1.0,0.0,1.0
1374,0.0,1,688.0,2,1375,1,False,0.0,0,1.0,[1 2],[1. 0.],0,0,[0.4 0.4],1.0,0.0,1.0
1375,0.0,1,688.0,0,1376,0,False,1.0,1,0.0,[1 1],[1. 0.],1,0,[0.4 0.4],1.0,0.0,1.0
1376,0.0,1,689.0,2,1377,1,False,0.0,0,2.0,[1 1],[1. 0.],1,0,[0.4 0.4],1.0,0.0,1.0
1377,1.0,1,689.0,0,1378,0,False,2.0,1,0.0,[2 2],[1. 0.],0,0,[0.4 0.4],1.0,0.0,1.0
1378,0.0,1,690.0,2,1379,1,False,0.0,0,1.0,[2 2],[1. 0.],0,0,[0.4 0.4],1.0,0.0,1.0
1379,0.0,1,690.0,0,1380,0,False,1.0,1,0.0,[1 2],[1. 0.],0,0,[0.4 0.4],1.0,0.0,1.0
1380,0.0,1,691.0,2,1381,1,False,0.0,0,1.0,[1 2],[1. 0.],0,0,[0.4 0.4],1.0,0.0,1.0
1381,0.0,1,691.0,0,1382,0,False,1.0,1,0.0,[1 1],[1. 0.],1,0,[0.4 0.4],1.0,0.0,1.0
1382,0.0,1,692.0,2,1383,1,False,0.0,0,2.0,[1 1],[1. 0.],1,0,[0.4 0.4],1.0,0.0,1.0
1383,1.0,1,692.0,0,1384,0,False,2.0,1,0.0,[2 1],[1. 0.],0,0,[0.4 0.4],1.0,0.0,1.0
1384,0.0,1,693.0,2,1385,1,False,0.0,0,1.0,[2 1],[1. 0.],0,0,[0.4 0.4],1.0,0.0,1.0
1385,1.0,1,693.0,0,1386,0,False,1.0,1,0.0,[2 1],[1. 0.],1,0,[0.4 0.4],1.0,0.0,1.0
1386,0.0,1,694.0,2,1387,1,False,0.0,0,2.0,[2 1],[1. 0.],1,0,[0.4 0.4],1.0,0.0,1.0
1387,1.0,1,694.0,0,1388,0,False,2.0,1,0.0,[2 1],[1. 0.],0,0,[0.4 0.4],1.0,0.0,1.0
1388,0.0,1,695.0,2,1389,1,False,0.0,0,1.0,[2 1],[1. 0.],0,0,[0.4 0.4],1.0,0.0,1.0
1389,1.0,1,695.0,0,1390,0,False,1.0,1,0.0,[1 1],[1. 0.],1,0,[0.4 0.4],1.0,0.0,1.0
1390,0.0,1,696.0,2,1391,1,False,0.0,0,2.0,[1 1],[1. 0.],1,0,[0.4 0.4],1.0,0.0,1.0
1391,1.0,1,696.0,0,1392,0,False,2.0,1,0.0,[2 2],[1. 0.],0,0,[0.4 0.4],1.0,0.0,1.0
1392,0.0,1,697.0,2,1393,1,False,0.0,0,1.0,[2 2],[1. 0.],0,0,[0.4 0.4],1.0,0.0,1.0
1393,0.0,1,697.0,0,1394,0,False,1.0,1,0.0,[2 1],[1. 0.],0,0,[0.4 0.4],1.0,0.0,1.0
1394,0.0,1,698.0,2,1395,1,False,0.0,0,1.0,[2 1],[1. 0.],0,0,[0.4 0.4],1.0,0.0,1.0
1395,1.0,1,698.0,0,1396,0,False,1.0,1,0.0,[2 2],[1. 0.],0,0,[0.4 0.4],1.0,0.0,1.0
1396,0.0,1,699.0,2,1397,1,False,0.0,0,1.0,[2 2],[1. 0.],0,0,[0.4 0.4],1.0,0.0,1.0
1397,0.0,1,699.0,0,1398,0,False,1.0,1,0.0,[2 1],[1. 0.],1,0,[0.4 0.4],1.0,0.0,1.0
1398,0.0,1,700.0,2,1399,1,False,0.0,0,2.0,[2 1],[1. 0.],1,0,[0.4 0.4],1.0,0.0,1.0
1399,1.0,1,700.0,0,1400,0,False,2.0,1,0.0,[1 1],[1. 0.],1,0,[0.4 0.4],1.0,0.0,1.0
1400,0.0,1,701.0,2,1401,1,False,0.0,0,2.0,[1 1],[1. 0.],1,0,[0.4 0.4],1.0,0.0,1.0
1401,1.0,1,701.0,0,1402,0,False,2.0,1,0.0,[1 1],[1. 0.],1,0,[0.4 0.4],1.0,0.0,1.0
1402,0.0,1,702.0,2,1403,1,False,0.0,0,2.0,[1 1],[1. 0.],1,0,[0.4 0.4],1.0,0.0,1.0
1403,1.0,1,702.0,0,1404,0,False,2.0,1,0.0,[2 1],[1. 0.],0,0,[0.4 0.4],1.0,0.0,1.0
1404,0.0,1,703.0,2,1405,1,False,0.0,0,1.0,[2 1],[1. 0.],0,0,[0.4 0.4],1.0,0.0,1.0
1405,1.0,1,703.0,0,1406,0,False,1.0,1,0.0,[2 2],[1. 0.],1,0,[0.4 0.4],1.0,0.0,1.0
1406,0.0,1,704.0,2,1407,1,False,0.0,0,2.0,[2 2],[1. 0.],1,0,[0.4 0.4],1.0,0.0,1.0
1407,0.0,1,704.0,0,1408,0,False,2.0,1,0.0,[2 2],[1. 0.],0,0,[0.4 0.4],1.0,0.0,1.0
1408,0.0,1,705.0,2,1409,1,False,0.0,0,1.0,[2 2],[1. 0.],0,0,[0.4 0.4],1.0,0.0,1.0
1409,0.0,1,705.0,0,1410,0,False,1.0,1,0.0,[1 1],[1. 0.],1,0,[0.4 0.4],1.0,0.0,1.0
1410,0.0,1,706.0,2,1411,1,False,0.0,0,2.0,[1 1],[1. 0.],1,0,[0.4 0.4],1.0,0.0,1.0
1411,1.0,1,706.0,0,1412,0,False,2.0,1,0.0,[1 1],[1. 0.],0,0,[0.4 0.4],1.0,0.0,1.0
1412,0.0,1,707.0,2,1413,1,False,0.0,0,1.0,[1 1],[1. 0.],0,0,[0.4 0.4],1.0,0.0,1.0
1413,1.0,1,707.0,0,1414,0,False,1.0,1,0.0,[2 2],[1. 0.],1,0,[0.4 0.4],1.0,0.0,1.0
1414,0.0,1,708.0,2,1415,1,False,0.0,0,2.0,[2 2],[1. 0.],1,0,[0.4 0.4],1.0,0.0,1.0
1415,0.0,1,708.0,0,1416,0,False,2.0,1,0.0,[2 2],[1. 0.],1,0,[0.4 0.4],1.0,0.0,1.0
1416,0.0,1,709.0,2,1417,1,False,0.0,0,2.0,[2 2],[1. 0.],1,0,[0.4 0.4],1.0,0.0,1.0
1417,0.0,1,709.0,0,1418,0,False,2.0,1,0.0,[1 1],[1. 0.],0,0,[0.4 0.4],1.0,0.0,1.0
1418,0.0,1,710.0,1,1419,1,False,0.0,0,1.0,[1 1],[1. 0.],0,0,[0.4 0.4],1.0,0.0,1.0
1419,1.0,1,710.0,0,1420,0,False,1.0,1,0.0,[1 1],[1. 0.],1,0,[0.4 0.4],1.0,0.0,1.0
1420,0.0,1,711.0,1,1421,1,False,0.0,0,2.0,[1 1],[1. 0.],1,0,[0.4 0.4],1.0,0.0,1.0
1421,1.0,1,711.0,0,1422,0,False,2.0,1,0.0,[2 1],[1. 0.],1,0,[0.4 0.4],1.0,0.0,1.0
1422,0.0,1,712.0,1,1423,1,False,0.0,0,2.0,[2 1],[1. 0.],1,0,[0.4 0.4],1.0,0.0,1.0
1423,0.0,1,712.0,0,1424,0,False,2.0,1,0.0,[2 1],[1. 0.],0,0,[0.4 0.4],1.0,0.0,1.0
1424,0.0,1,713.0,1,1425,1,False,0.0,0,1.0,[2 1],[1. 0.],0,0,[0.4 0.4],1.0,0.0,1.0
1425,0.0,1,713.0,0,1426,0,False,1.0,1,0.0,[1 1],[1. 0.],0,0,[0.4 0.4],1.0,0.0,1.0
1426,0.0,1,714.0,1,1427,1,False,0.0,0,1.0,[1 1],[1. 0.],0,0,[0.4 0.4],1.0,0.0,1.0
1427,1.0,1,714.0,0,1428,0,False,1.0,1,0.0,[2 1],[1. 0.],0,0,[0.4 0.4],1.0,0.0,1.0
1428,0.0,1,715.0,1,1429,1,False,0.0,0,1.0,[2 1],[1. 0.],0,0,[0.4 0.4],1.0,0.0,1.0
1429,0.0,1,715.0,0,1430,0,False,1.0,1,0.0,[1 1],[1. 0.],0,0,[0.4 0.4],1.0,0.0,1.0
1430,0.0,1,716.0,1,1431,1,False,0.0,0,1.0,[1 1],[1. 0.],0,0,[0.4 0.4],1.0,0.0,1.0
1431,1.0,1,716.0,0,1432,0,False,1.0,1,0.0,[2 1],[1. 0.],0,0,[0.4 0.4],1.0,0.0,1.0
1432,0.0,1,717.0,1,1433,1,False,0.0,0,1.0,[2 1],[1. 0.],0,0,[0.4 0.4],1.0,0.0,1.0
1433,0.0,1,717.0,0,1434,0,False,1.0,1,0.0,[2 1],[0. 1.],0,1,[0.4 0.4],1.0,0.0,1.0
1434,0.0,1,718.0,1,1435,1,False,0.0,0,1.0,[2 1],[0. 1.],0,1,[0.4 0.4],1.0,0.0,1.0
1435,1.0,1,718.0,0,1436,0,False,1.0,1,0.0,[2 1],[0. 1.],0,1,[0.4 0.4],1.0,0.0,1.0
1436,0.0,1,719.0,1,1437,1,False,0.0,0,1.0,[2 1],[0. 1.],0,1,[0.4 0.4],1.0,0.0,1.0
1437,1.0,1,719.0,0,1438,0,False,1.0,1,0.0,[1 1],[0. 1.],1,1,[0.4 0.4],1.0,0.0,1.0
1438,0.0,1,720.0,1,1439,1,False,0.0,0,2.0,[1 1],[0. 1.],1,1,[0.4 0.4],1.0,0.0,1.0
1439,0.0,1,720.0,0,1440,0,False,2.0,1,0.0,[2 1],[0. 1.],1,1,[0.4 0.4],1.0,0.0,1.0
1440,0.0,1,721.0,1,1441,1,False,0.0,0,2.0,[2 1],[0. 1.],1,1,[0.4 0.4],1.0,0.0,1.0
1441,1.0,1,721.0,0,1442,0,False,2.0,1,0.0,[2 2],[0. 1.],0,1,[0.4 0.4],1.0,0.0,1.0
1442,0.0,1,722.0,1,1443,1,False,0.0,0,1.0,[2 2],[0. 1.],0,1,[0.4 0.4],1.0,0.0,1.0
1443,1.0,1,722.0,0,1444,0,False,1.0,1,0.0,[2 1],[0. 1.],1,1,[0.4 0.4],1.0,0.0,1.0
1444,0.0,1,723.0,1,1445,1,False,0.0,0,2.0,[2 1],[0. 1.],1,1,[0.4 0.4],1.0,0.0,1.0
1445,1.0,1,723.0,0,1446,0,False,2.0,1,0.0,[1 2],[0. 1.],0,1,[0.4 0.4],1.0,0.0,1.0
1446,0.0,1,724.0,1,1447,1,False,0.0,0,1.0,[1 2],[0. 1.],0,1,[0.4 0.4],1.0,0.0,1.0
1447,0.0,1,724.0,0,1448,0,False,1.0,1,0.0,[1 2],[0. 1.],0,1,[0.4 0.4],1.0,0.0,1.0
1448,0.0,1,725.0,1,1449,1,False,0.0,0,1.0,[1 2],[0. 1.],0,1,[0.4 0.4],1.0,0.0,1.0
1449,0.0,1,725.0,0,1450,0,False,1.0,1,0.0,[1 2],[0. 1.],0,1,[0.4 0.4],1.0,0.0,1.0
1450,0.0,1,726.0,1,1451,1,False,0.0,0,1.0,[1 2],[0. 1.],0,1,[0.4 0.4],1.0,0.0,1.0
1451,0.0,1,726.0,0,1452,0,False,1.0,1,0.0,[1 2],[0. 1.],0,1,[0.4 0.4],1.0,0.0,1.0
1452,0.0,1,727.0,1,1453,1,False,0.0,0,1.0,[1 2],[0. 1.],0,1,[0.4 0.4],1.0,0.0,1.0
1453,0.0,1,727.0,0,1454,0,False,1.0,1,0.0,[2 1],[0. 1.],0,1,[0.4 0.4],1.0,0.0,1.0
1454,0.0,1,728.0,1,1455,1,False,0.0,0,1.0,[2 1],[0. 1.],0,1,[0.4 0.4],1.0,0.0,1.0
1455,1.0,1,728.0,0,1456,0,False,1.0,1,0.0,[1 1],[0. 1.],1,1,[0.4 0.4],1.0,0.0,1.0
1456,0.0,1,729.0,1,1457,1,False,0.0,0,2.0,[1 1],[0. 1.],1,1,[0.4 0.4],1.0,0.0,1.0
1457,0.0,1,729.0,0,1458,0,False,2.0,1,0.0,[2 1],[0. 1.],0,1,[0.4 0.4],1.0,0.0,1.0
1458,0.0,1,730.0,1,1459,1,False,0.0,0,1.0,[2 1],[0. 1.],0,1,[0.4 0.4],1.0,0.0,1.0
1459,1.0,1,730.0,0,1460,0,False,1.0,1,0.0,[1 2],[0. 1.],0,1,[0.4 0.4],1.0,0.0,1.0
1460,0.0,1,731.0,1,1461,1,False,0.0,0,1.0,[1 2],[0. 1.],0,1,[0.4 0.4],1.0,0.0,1.0
1461,0.0,1,731.0,0,1462,0,False,1.0,1,0.0,[1 2],[0. 1.],1,1,[0.4 0.4],1.0,0.0,1.0
1462,0.0,1,732.0,1,1463,1,False,0.0,0,2.0,[1 2],[0. 1.],1,1,[0.4 0.4],1.0,0.0,1.0
1463,0.0,1,732.0,0,1464,0,False,2.0,1,0.0,[2 2],[0. 1.],1,1,[0.4 0.4],1.0,0.0,1.0
1464,0.0,1,733.0,2,1465,1,False,0.0,0,2.0,[2 2],[0. 1.],1,1,[0.4 0.4],1.0,0.0,1.0
1465,1.0,1,733.0,0,1466,0,False,2.0,1,0.0,[1 2],[0. 1.],1,1,[0.4 0.4],1.0,0.0,1.0
1466,0.0,1,734.0,2,1467,1,False,0.0,0,2.0,[1 2],[0. 1.],1,1,[0.4 0.4],1.0,0.0,1.0
1467,1.0,1,734.0,0,1468,0,False,2.0,1,0.0,[1 2],[0. 1.],0,1,[0.4 0.4],1.0,0.0,1.0
1468,0.0,1,735.0,2,1469,1,False,0.0,0,1.0,[1 2],[0. 1.],0,1,[0.4 0.4],1.0,0.0,1.0
1469,1.0,1,735.0,0,1470,0,False,1.0,1,0.0,[2 2],[0. 1.],0,1,[0.4 0.4],1.0,0.0,1.0
1470,0.0,1,736.0,2,1471,1,False,0.0,0,1.0,[2 2],[0. 1.],0,1,[0.4 0.4],1.0,0.0,1.0
1471,1.0,1,736.0,0,1472,0,False,1.0,1,0.0,[2 1],[0. 1.],1,1,[0.4 0.4],1.0,0.0,1.0
1472,0.0,1,737.0,2,1473,1,False,0.0,0,2.0,[2 1],[0. 1.],1,1,[0.4 0.4],1.0,0.0,1.0
1473,0.0,1,737.0,0,1474,0,False,2.0,1,0.0,[1 1],[0. 1.],1,1,[0.4 0.4],1.0,0.0,1.0
1474,0.0,1,738.0,2,1475,1,False,0.0,0,2.0,[1 1],[0. 1.],1,1,[0.4 0.4],1.0,0.0,1.0
1475,0.0,1,738.0,0,1476,0,False,2.0,1,0.0,[1 2],[0. 1.],1,1,[0.4 0.4],1.0,0.0,1.0
1476,0.0,1,739.0,1,1477,1,False,0.0,0,2.0,[1 2],[0. 1.],1,1,[0.4 0.4],1.0,0.0,1.0
1477,0.0,1,739.0,0,1478,0,False,2.0,1,0.0,[2 1],[0. 1.],0,1,[0.4 0.4],1.0,0.0,1.0
1478,0.0,1,740.0,2,1479,1,False,0.0,0,1.0,[2 1],[0. 1.],0,1,[0.4 0.4],1.0,0.0,1.0
1479,0.0,1,740.0,0,1480,0,False,1.0,1,0.0,[1 2],[0. 1.],0,1,[0.4 0.4],1.0,0.0,1.0
1480,0.0,1,741.0,2,1481,1,False,0.0,0,1.0,[1 2],[0. 1.],0,1,[0.4 0.4],1.0,0.0,1.0
1481,1.0,1,741.0,0,1482,0,False,1.0,1,0.0,[1 2],[0. 1.],1,1,[0.4 0.4],1.0,0.0,1.0
1482,0.0,1,742.0,2,1483,1,False,0.0,0,2.0,[1 2],[0. 1.],1,1,[0.4 0.4],1.0,0.0,1.0
1483,1.0,1,742.0,0,1484,0,False,2.0,1,0.0,[1 1],[0. 1.],0,1,[0.4 0.4],1.0,0.0,1.0
1484,0.0,1,743.0,2,1485,1,False,0.0,0,1.0,[1 1],[0. 1.],0,1,[0.4 0.4],1.0,0.0,1.0
1485,0.0,1,743.0,0,1486,0,False,1.0,1,0.0,[2 2],[0. 1.],1,1,[0.4 0.4],1.0,0.0,1.0
1486,0.0,1,744.0,2,1487,1,False,0.0,0,2.0,[2 2],[0. 1.],1,1,[0.4 0.4],1.0,0.0,1.0
1487,1.0,1,744.0,0,1488,0,False,2.0,1,0.0,[2 1],[0. 1.],0,1,[0.4 0.4],1.0,0.0,1.0
1488,0.0,1,745.0,2,1489,1,False,0.0,0,1.0,[2 1],[0. 1.],0,1,[0.4 0.4],1.0,0.0,1.0
1489,0.0,1,745.0,0,1490,0,False,1.0,1,0.0,[1 2],[0. 1.],1,1,[0.4 0.4],1.0,0.0,1.0
1490,0.0,1,746.0,2,1491,1,False,0.0,0,2.0,[1 2],[0. 1.],1,1,[0.4 0.4],1.0,0.0,1.0
1491,1.0,1,746.0,0,1492,0,False,2.0,1,0.0,[1 2],[0. 1.],0,1,[0.4 0.4],1.0,0.0,1.0
1492,0.0,1,747.0,2,1493,1,False,0.0,0,1.0,[1 2],[0. 1.],0,1,[0.4 0.4],1.0,0.0,1.0
1493,1.0,1,747.0,0,1494,0,False,1.0,1,0.0,[1 1],[0. 1.],1,1,[0.4 0.4],1.0,0.0,1.0
1494,0.0,1,748.0,2,1495,1,False,0.0,0,2.0,[1 1],[0. 1.],1,1,[0.4 0.4],1.0,0.0,1.0
1495,0.0,1,748.0,0,1496,0,False,2.0,1,0.0,[2 1],[0. 1.],1,1,[0.4 0.4],1.0,0.0,1.0
1496,0.0,1,749.0,2,1497,1,False,0.0,0,2.0,[2 1],[0. 1.],1,1,[0.4 0.4],1.0,0.0,1.0
1497,0.0,1,749.0,0,1498,0,False,2.0,1,0.0,[1 1],[0. 1.],1,1,[0.4 0.4],1.0,0.0,1.0
1498,0.0,1,750.0,1,1499,1,False,0.0,0,2.0,[1 1],[0. 1.],1,1,[0.4 0.4],1.0,0.0,1.0
1499,0.0,1,750.0,0,1500,0,False,2.0,1,0.0,[1 2],[0. 1.],0,1,[0.4 0.4],1.0,0.0,1.0
1500,0.0,1,751.0,2,1501,1,False,0.0,0,1.0,[1 2],[0. 1.],0,1,[0.4 0.4],1.0,0.0,1.0
1501,1.0,1,751.0,0,1502,0,False,1.0,1,0.0,[1 1],[0. 1.],0,1,[0.4 0.4],1.0,0.0,1.0
1502,0.0,1,752.0,2,1503,1,False,0.0,0,1.0,[1 1],[0. 1.],0,1,[0.4 0.4],1.0,0.0,1.0
1503,0.0,1,752.0,0,1504,0,False,1.0,1,0.0,[1 1],[0. 1.],1,1,[0.4 0.4],1.0,0.0,1.0
1504,0.0,1,753.0,2,1505,1,False,0.0,0,2.0,[1 1],[0. 1.],1,1,[0.4 0.4],1.0,0.0,1.0
1505,0.0,1,753.0,0,1506,0,False,2.0,1,0.0,[2 2],[0. 1.],1,1,[0.4 0.4],1.0,0.0,1.0
1506,0.0,1,754.0,1,1507,1,False,0.0,0,2.0,[2 2],[0. 1.],1,1,[0.4 0.4],1.0,0.0,1.0
1507,1.0,1,754.0,0,1508,0,False,2.0,1,0.0,[2 1],[0. 1.],1,1,[0.4 0.4],1.0,0.0,1.0
1508,0.0,1,755.0,1,1509,1,False,0.0,0,2.0,[2 1],[0. 1.],1,1,[0.4 0.4],1.0,0.0,1.0
1509,1.0,1,755.0,0,1510,0,False,2.0,1,0.0,[1 1],[0. 1.],1,1,[0.4 0.4],1.0,0.0,1.0
1510,0.0,1,756.0,1,1511,1,False,0.0,0,2.0,[1 1],[0. 1.],1,1,[0.4 0.4],1.0,0.0,1.0
1511,0.0,1,756.0,0,1512,0,False,2.0,1,0.0,[2 1],[0. 1.],0,1,[0.4 0.4],1.0,0.0,1.0
1512,0.0,1,757.0,2,1513,1,False,0.0,0,1.0,[2 1],[0. 1.],0,1,[0.4 0.4],1.0,0.0,1.0
1513,0.0,1,757.0,0,1514,0,False,1.0,1,0.0,[1 2],[0. 1.],0,1,[0.4 0.4],1.0,0.0,1.0
1514,0.0,1,758.0,2,1515,1,False,0.0,0,1.0,[1 2],[0. 1.],0,1,[0.4 0.4],1.0,0.0,1.0
1515,1.0,1,758.0,0,1516,0,False,1.0,1,0.0,[1 2],[0. 1.],0,1,[0.4 0.4],1.0,0.0,1.0
1516,0.0,1,759.0,2,1517,1,False,0.0,0,1.0,[1 2],[0. 1.],0,1,[0.4 0.4],1.0,0.0,1.0
1517,1.0,1,759.0,0,1518,0,False,1.0,1,0.0,[2 2],[0. 1.],1,1,[0.4 0.4],1.0,0.0,1.0
1518,0.0,1,760.0,2,1519,1,False,0.0,0,2.0,[2 2],[0. 1.],1,1,[0.4 0.4],1.0,0.0,1.0
1519,1.0,1,760.0,0,1520,0,False,2.0,1,0.0,[1 1],[0. 1.],1,1,[0.4 0.4],1.0,0.0,1.0
1520,0.0,1,761.0,2,1521,1,False,0.0,0,2.0,[1 1],[0. 1.],1,1,[0.4 0.4],1.0,0.0,1.0
1521,0.0,1,761.0,0,1522,0,False,2.0,1,0.0,[2 2],[0. 1.],1,1,[0.4 0.4],1.0,0.0,1.0
1522,0.0,1,762.0,2,1523,1,False,0.0,0,2.0,[2 2],[0. 1.],1,1,[0.4 0.4],1.0,0.0,1.0
1523,1.0,1,762.0,0,1524,0,False,2.0,1,0.0,[2 1],[0. 1.],0,1,[0.4 0.4],1.0,0.0,1.0
1524,0.0,1,763.0,2,1525,1,False,0.0,0,1.0,[2 1],[0. 1.],0,1,[0.4 0.4],1.0,0.0,1.0
1525,0.0,1,763.0,0,1526,0,False,1.0,1,0.0,[1 2],[0. 1.],1,1,[0.4 0.4],1.0,0.0,1.0
1526,0.0,1,764.0,2,1527,1,False,0.0,0,2.0,[1 2],[0. 1.],1,1,[0.4 0.4],1.0,0.0,1.0
1527,1.0,1,764.0,0,1528,0,False,2.0,1,0.0,[2 2],[0. 1.],0,1,[0.4 0.4],1.0,0.0,1.0
1528,0.0,1,765.0,2,1529,1,False,0.0,0,1.0,[2 2],[0. 1.],0,1,[0.4 0.4],1.0,0.0,1.0
1529,1.0,1,765.0,0,1530,0,False,1.0,1,0.0,[1 2],[0. 1.],1,1,[0.4 0.4],1.0,0.0,1.0
1530,0.0,1,766.0,2,1531,1,False,0.0,0,2.0,[1 2],[0. 1.],1,1,[0.4 0.4],1.0,0.0,1.0
1531,1.0,1,766.0,0,1532,0,False,2.0,1,0.0,[1 1],[0. 1.],0,1,[0.4 0.4],1.0,0.0,1.0
1532,0.0,1,767.0,2,1533,1,False,0.0,0,1.0,[1 1],[0. 1.],0,1,[0.4 0.4],1.0,0.0,1.0
1533,0.0,1,767.0,0,1534,0,False,1.0,1,0.0,[1 1],[0. 1.],0,1,[0.4 0.4],1.0,0.0,1.0
1534,0.0,1,768.0,2,1535,1,False,0.0,0,1.0,[1 1],[0. 1.],0,1,[0.4 0.4],1.0,0.0,1.0
1535,0.0,1,768.0,0,1536,0,False,1.0,1,0.0,[1 1],[0. 1.],1,1,[0.4 0.4],1.0,0.0,1.0
1536,0.0,1,769.0,2,1537,1,False,0.0,0,2.0,[1 1],[0. 1.],1,1,[0.4 0.4],1.0,0.0,1.0
1537,0.0,1,769.0,0,1538,0,False,2.0,1,0.0,[1 1],[0. 1.],1,1,[0.4 0.4],1.0,0.0,1.0
1538,0.0,1,770.0,2,1539,1,False,0.0,0,2.0,[1 1],[0. 1.],1,1,[0.4 0.4],1.0,0.0,1.0
1539,0.0,1,770.0,0,1540,0,False,2.0,1,0.0,[1 1],[0. 1.],1,1,[0.4 0.4],1.0,0.0,1.0
1540,0.0,1,771.0,1,1541,1,False,0.0,0,2.0,[1 1],[0. 1.],1,1,[0.4 0.4],1.0,0.0,1.0
1541,0.0,1,771.0,0,1542,0,False,2.0,1,0.0,[2 1],[0. 1.],1,1,[0.4 0.4],1.0,0.0,1.0
1542,0.0,1,772.0,2,1543,1,False,0.0,0,2.0,[2 1],[0. 1.],1,1,[0.4 0.4],1.0,0.0,1.0
1543,0.0,1,772.0,0,1544,0,False,2.0,1,0.0,[1 2],[0. 1.],0,1,[0.4 0.4],1.0,0.0,1.0
1544,0.0,1,773.0,1,1545,1,False,0.0,0,1.0,[1 2],[0. 1.],0,1,[0.4 0.4],1.0,0.0,1.0
1545,0.0,1,773.0,0,1546,0,False,1.0,1,0.0,[1 2],[0. 1.],0,1,[0.4 0.4],1.0,0.0,1.0
1546,0.0,1,774.0,1,1547,1,False,0.0,0,1.0,[1 2],[0. 1.],0,1,[0.4 0.4],1.0,0.0,1.0
1547,0.0,1,774.0,0,1548,0,False,1.0,1,0.0,[1 2],[0. 1.],1,1,[0.4 0.4],1.0,0.0,1.0
1548,0.0,1,775.0,2,1549,1,False,0.0,0,2.0,[1 2],[0. 1.],1,1,[0.4 0.4],1.0,0.0,1.0
1549,1.0,1,775.0,0,1550,0,False,2.0,1,0.0,[2 2],[0. 1.],0,1,[0.4 0.4],1.0,0.0,1.0
1550,0.0,1,776.0,2,1551,1,False,0.0,0,1.0,[2 2],[0. 1.],0,1,[0.4 0.4],1.0,0.0,1.0
1551,1.0,1,776.0,0,1552,0,False,1.0,1,0.0,[2 2],[0. 1.],1,1,[0.4 0.4],1.0,0.0,1.0
1552,0.0,1,777.0,2,1553,1,False,0.0,0,2.0,[2 2],[0. 1.],1,1,[0.4 0.4],1.0,0.0,1.0
1553,1.0,1,777.0,0,1554,0,False,2.0,1,0.0,[1 1],[0. 1.],0,1,[0.4 0.4],1.0,0.0,1.0
1554,0.0,1,778.0,2,1555,1,False,0.0,0,1.0,[1 1],[0. 1.],0,1,[0.4 0.4],1.0,0.0,1.0
1555,0.0,1,778.0,0,1556,0,False,1.0,1,0.0,[2 1],[0. 1.],1,1,[0.4 0.4],1.0,0.0,1.0
1556,0.0,1,779.0,2,1557,1,False,0.0,0,2.0,[2 1],[0. 1.],1,1,[0.4 0.4],1.0,0.0,1.0
1557,0.0,1,779.0,0,1558,0,False,2.0,1,0.0,[1 1],[0. 1.],1,1,[0.4 0.4],1.0,0.0,1.0
1558,0.0,1,780.0,2,1559,1,False,0.0,0,2.0,[1 1],[0. 1.],1,1,[0.4 0.4],1.0,0.0,1.0
1559,0.0,1,780.0,0,1560,0,False,2.0,1,0.0,[1 1],[0. 1.],0,1,[0.4 0.4],1.0,0.0,1.0
1560,0.0,1,781.0,1,1561,1,False,0.0,0,1.0,[1 1],[0. 1.],0,1,[0.4 0.4],1.0,0.0,1.0
1561,0.0,1,781.0,0,1562,0,False,1.0,1,0.0,[2 2],[0. 1.],0,1,[0.4 0.4],1.0,0.0,1.0
1562,0.0,1,782.0,2,1563,1,False,0.0,0,1.0,[2 2],[0. 1.],0,1,[0.4 0.4],1.0,0.0,1.0
1563,1.0,1,782.0,0,1564,0,False,1.0,1,0.0,[2 2],[0. 1.],0,1,[0.4 0.4],1.0,0.0,1.0
1564,0.0,1,783.0,2,1565,1,False,0.0,0,1.0,[2 2],[0. 1.],0,1,[0.4 0.4],1.0,0.0,1.0
1565,1.0,1,783.0,0,1566,0,False,1.0,1,0.0,[2 1],[0. 1.],0,1,[0.4 0.4],1.0,0.0,1.0
1566,0.0,1,784.0,2,1567,1,False,0.0,0,1.0,[2 1],[0. 1.],0,1,[0.4 0.4],1.0,0.0,1.0
1567,0.0,1,784.0,0,1568,0,False,1.0,1,0.0,[1 2],[0. 1.],0,1,[0.4 0.4],1.0,0.0,1.0
1568,0.0,1,785.0,2,1569,1,False,0.0,0,1.0,[1 2],[0. 1.],0,1,[0.4 0.4],1.0,0.0,1.0
1569,1.0,1,785.0,0,1570,0,False,1.0,1,0.0,[2 1],[0. 1.],0,1,[0.4 0.4],1.0,0.0,1.0
1570,0.0,1,786.0,2,1571,1,False,0.0,0,1.0,[2 1],[0. 1.],0,1,[0.4 0.4],1.0,0.0,1.0
1571,0.0,1,786.0,0,1572,0,False,1.0,1,0.0,[2 1],[0. 1.],1,1,[0.4 0.4],1.0,0.0,1.0
1572,0.0,1,787.0,2,1573,1,False,0.0,0,2.0,[2 1],[0. 1.],1,1,[0.4 0.4],1.0,0.0,1.0
1573,0.0,1,787.0,0,1574,0,False,2.0,1,0.0,[1 1],[0. 1.],1,1,[0.4 0.4],1.0,0.0,1.0
1574,0.0,1,788.0,2,1575,1,False,0.0,0,2.0,[1 1],[0. 1.],1,1,[0.4 0.4],1.0,0.0,1.0
1575,0.0,1,788.0,0,1576,0,False,2.0,1,0.0,[1 1],[0. 1.],0,1,[0.4 0.4],1.0,0.0,1.0
1576,0.0,1,789.0,1,1577,1,False,0.0,0,1.0,[1 1],[0. 1.],0,1,[0.4 0.4],1.0,0.0,1.0
1577,0.0,1,789.0,0,1578,0,False,1.0,1,0.0,[2 1],[0. 1.],0,1,[0.4 0.4],1.0,0.0,1.0
1578,0.0,1,790.0,1,1579,1,False,0.0,0,1.0,[2 1],[0. 1.],0,1,[0.4 0.4],1.0,0.0,1.0
1579,1.0,1,790.0,0,1580,0,False,1.0,1,0.0,[1 2],[0. 1.],1,1,[0.4 0.4],1.0,0.0,1.0
1580,0.0,1,791.0,1,1581,1,False,0.0,0,2.0,[1 2],[0. 1.],1,1,[0.4 0.4],1.0,0.0,1.0
1581,0.0,1,791.0,0,1582,0,False,2.0,1,0.0,[1 1],[0. 1.],1,1,[0.4 0.4],1.0,0.0,1.0
1582,0.0,1,792.0,2,1583,1,False,0.0,0,2.0,[1 1],[0. 1.],1,1,[0.4 0.4],1.0,0.0,1.0
1583,0.0,1,792.0,0,1584,0,False,2.0,1,0.0,[1 1],[0. 1.],1,1,[0.4 0.4],1.0,0.0,1.0
1584,0.0,1,793.0,1,1585,1,False,0.0,0,2.0,[1 1],[0. 1.],1,1,[0.4 0.4],1.0,0.0,1.0
1585,0.0,1,793.0,0,1586,0,False,2.0,1,0.0,[2 2],[0. 1.],1,1,[0.4 0.4],1.0,0.0,1.0
1586,0.0,1,794.0,2,1587,1,False,0.0,0,2.0,[2 2],[0. 1.],1,1,[0.4 0.4],1.0,0.0,1.0
1587,1.0,1,794.0,0,1588,0,False,2.0,1,0.0,[2 1],[0. 1.],0,1,[0.4 0.4],1.0,0.0,1.0
1588,0.0,1,795.0,2,1589,1,False,0.0,0,1.0,[2 1],[0. 1.],0,1,[0.4 0.4],1.0,0.0,1.0
1589,0.0,1,795.0,0,1590,0,False,1.0,1,0.0,[2 2],[0. 1.],1,1,[0.4 0.4],1.0,0.0,1.0
1590,0.0,1,796.0,2,1591,1,False,0.0,0,2.0,[2 2],[0. 1.],1,1,[0.4 0.4],1.0,0.0,1.0
1591,1.0,1,796.0,0,1592,0,False,2.0,1,0.0,[1 2],[0. 1.],1,1,[0.4 0.4],1.0,0.0,1.0
1592,0.0,1,797.0,2,1593,1,False,0.0,0,2.0,[1 2],[0. 1.],1,1,[0.4 0.4],1.0,0.0,1.0
1593,1.0,1,797.0,0,1594,0,False,2.0,1,0.0,[1 2],[0. 1.],0,1,[0.4 0.4],1.0,0.0,1.0
1594,0.0,1,798.0,2,1595,1,False,0.0,0,1.0,[1 2],[0. 1.],0,1,[0.4 0.4],1.0,0.0,1.0
1595,1.0,1,798.0,0,1596,0,False,1.0,1,0.0,[1 2],[0. 1.],0,1,[0.4 0.4],1.0,0.0,1.0
1596,0.0,1,799.0,2,1597,1,False,0.0,0,1.0,[1 2],[0. 1.],0,1,[0.4 0.4],1.0,0.0,1.0
1597,1.0,1,799.0,0,1598,0,False,1.0,1,0.0,[1 1],[0. 1.],0,1,[0.4 0.4],1.0,0.0,1.0
1598,0.0,1,800.0,2,1599,1,False,0.0,0,1.0,[1 1],[0. 1.],0,1,[0.4 0.4],1.0,0.0,1.0
1599,0.0,1,800.0,0,1600,0,False,1.0,1,0.0,[1 1],[0. 1.],1,1,[0.4 0.4],1.0,0.0,1.0
1600,0.0,1,801.0,2,1601,1,False,0.0,0,2.0,[1 1],[0. 1.],1,1,[0.4 0.4],1.0,0.0,1.0
1601,0.0,1,801.0,0,1602,0,False,2.0,1,0.0,[1 1],[0. 1.],0,1,[0.4 0.4],1.0,0.0,1.0
1602,0.0,1,802.0,2,1603,1,False,0.0,0,1.0,[1 1],[0. 1.],0,1,[0.4 0.4],1.0,0.0,1.0
1603,0.0,1,802.0,0,1604,0,False,1.0,1,0.0,[2 2],[0. 1.],0,1,[0.4 0.4],1.0,0.0,1.0
1604,0.0,1,803.0,2,1605,1,False,0.0,0,1.0,[2 2],[0. 1.],0,1,[0.4 0.4],1.0,0.0,1.0
1605,1.0,1,803.0,0,1606,0,False,1.0,1,0.0,[2 2],[0. 1.],0,1,[0.4 0.4],1.0,0.0,1.0
1606,0.0,1,804.0,2,1607,1,False,0.0,0,1.0,[2 2],[0. 1.],0,1,[0.4 0.4],1.0,0.0,1.0
1607,1.0,1,804.0,0,1608,0,False,1.0,1,0.0,[2 1],[0. 1.],0,1,[0.4 0.4],1.0,0.0,1.0
1608,0.0,1,805.0,2,1609,1,False,0.0,0,1.0,[2 1],[0. 1.],0,1,[0.4 0.4],1.0,0.0,1.0
1609,0.0,1,805.0,0,1610,0,False,1.0,1,0.0,[2 2],[0. 1.],0,1,[0.4 0.4],1.0,0.0,1.0
1610,0.0,1,806.0,2,1611,1,False,0.0,0,1.0,[2 2],[0. 1.],0,1,[0.4 0.4],1.0,0.0,1.0
1611,1.0,1,806.0,0,1612,0,False,1.0,1,0.0,[2 1],[0. 1.],0,1,[0.4 0.4],1.0,0.0,1.0
1612,0.0,1,807.0,2,1613,1,False,0.0,0,1.0,[2 1],[0. 1.],0,1,[0.4 0.4],1.0,0.0,1.0
1613,0.0,1,807.0,0,1614,0,False,1.0,1,0.0,[1 1],[0. 1.],1,1,[0.4 0.4],1.0,0.0,1.0
1614,0.0,1,808.0,2,1615,1,False,0.0,0,2.0,[1 1],[0. 1.],1,1,[0.4 0.4],1.0,0.0,1.0
1615,0.0,1,808.0,0,1616,0,False,2.0,1,0.0,[1 1],[0. 1.],0,1,[0.4 0.4],1.0,0.0,1.0
1616,0.0,1,809.0,2,1617,1,False,0.0,0,1.0,[1 1],[0. 1.],0,1,[0.4 0.4],1.0,0.0,1.0
1617,0.0,1,809.0,0,1618,0,False,1.0,1,0.0,[1 1],[0. 1.],0,1,[0.4 0.4],1.0,0.0,1.0
1618,0.0,1,810.0,2,1619,1,False,0.0,0,1.0,[1 1],[0. 1.],0,1,[0.4 0.4],1.0,0.0,1.0
1619,0.0,1,810.0,0,1620,0,False,1.0,1,0.0,[1 2],[0. 1.],1,1,[0.4 0.4],1.0,0.0,1.0
1620,0.0,1,811.0,2,1621,1,False,0.0,0,2.0,[1 2],[0. 1.],1,1,[0.4 0.4],1.0,0.0,1.0
1621,1.0,1,811.0,0,1622,0,False,2.0,1,0.0,[2 1],[0. 1.],1,1,[0.4 0.4],1.0,0.0,1.0
1622,0.0,1,812.0,2,1623,1,False,0.0,0,2.0,[2 1],[0. 1.],1,1,[0.4 0.4],1.0,0.0,1.0
1623,0.0,1,812.0,0,1624,0,False,2.0,1,0.0,[1 1],[0. 1.],0,1,[0.4 0.4],1.0,0.0,1.0
1624,0.0,1,813.0,1,1625,1,False,0.0,0,1.0,[1 1],[0. 1.],0,1,[0.4 0.4],1.0,0.0,1.0
1625,0.0,1,813.0,0,1626,0,False,1.0,1,0.0,[1 1],[0. 1.],0,1,[0.4 0.4],1.0,0.0,1.0
1626,0.0,1,814.0,1,1627,1,False,0.0,0,1.0,[1 1],[0. 1.],0,1,[0.4 0.4],1.0,0.0,1.0
1627,0.0,1,814.0,0,1628,0,False,1.0,1,0.0,[1 2],[0. 1.],1,1,[0.4 0.4],1.0,0.0,1.0
1628,0.0,1,815.0,1,1629,1,False,0.0,0,2.0,[1 2],[0. 1.],1,1,[0.4 0.4],1.0,0.0,1.0
1629,0.0,1,815.0,0,1630,0,False,2.0,1,0.0,[2 1],[0. 1.],0,1,[0.4 0.4],1.0,0.0,1.0
1630,0.0,1,816.0,2,1631,1,False,0.0,0,1.0,[2 1],[0. 1.],0,1,[0.4 0.4],1.0,0.0,1.0
1631,0.0,1,816.0,0,1632,0,False,1.0,1,0.0,[1 2],[0. 1.],1,1,[0.4 0.4],1.0,0.0,1.0
1632,0.0,1,817.0,2,1633,1,False,0.0,0,2.0,[1 2],[0. 1.],1,1,[0.4 0.4],1.0,0.0,1.0
1633,1.0,1,817.0,0,1634,0,False,2.0,1,0.0,[2 2],[0. 1.],0,1,[0.4 0.4],1.0,0.0,1.0
1634,0.0,1,818.0,2,1635,1,False,0.0,0,1.0,[2 2],[0. 1.],0,1,[0.4 0.4],1.0,0.0,1.0
1635,1.0,1,818.0,0,1636,0,False,1.0,1,0.0,[2 2],[0. 1.],0,1,[0.4 0.4],1.0,0.0,1.0
1636,0.0,1,819.0,2,1637,1,False,0.0,0,1.0,[2 2],[0. 1.],0,1,[0.4 0.4],1.0,0.0,1.0
1637,1.0,1,819.0,0,1638,0,False,1.0,1,0.0,[2 1],[0. 1.],1,1,[0.4 0.4],1.0,0.0,1.0
1638,0.0,1,820.0,2,1639,1,False,0.0,0,2.0,[2 1],[0. 1.],1,1,[0.4 0.4],1.0,0.0,1.0
1639,0.0,1,820.0,0,1640,0,False,2.0,1,0.0,[2 2],[0. 1.],0,1,[0.4 0.4],1.0,0.0,1.0
1640,0.0,1,821.0,2,1641,1,False,0.0,0,1.0,[2 2],[0. 1.],0,1,[0.4 0.4],1.0,0.0,1.0
1641,1.0,1,821.0,0,1642,0,False,1.0,1,0.0,[1 1],[0. 1.],0,1,[0.4 0.4],1.0,0.0,1.0
1642,0.0,1,822.0,2,1643,1,False,0.0,0,1.0,[1 1],[0. 1.],0,1,[0.4 0.4],1.0,0.0,1.0
1643,0.0,1,822.0,0,1644,0,False,1.0,1,0.0,[2 1],[0. 1.],1,1,[0.4 0.4],1.0,0.0,1.0
1644,0.0,1,823.0,2,1645,1,False,0.0,0,2.0,[2 1],[0. 1.],1,1,[0.4 0.4],1.0,0.0,1.0
1645,0.0,1,823.0,0,1646,0,False,2.0,1,0.0,[2 1],[0. 1.],1,1,[0.4 0.4],1.0,0.0,1.0
1646,0.0,1,824.0,2,1647,1,False,0.0,0,2.0,[2 1],[0. 1.],1,1,[0.4 0.4],1.0,0.0,1.0
1647,0.0,1,824.0,0,1648,0,False,2.0,1,0.0,[2 2],[0. 1.],1,1,[0.4 0.4],1.0,0.0,1.0
1648,0.0,1,825.0,1,1649,1,False,0.0,0,2.0,[2 2],[0. 1.],1,1,[0.4 0.4],1.0,0.0,1.0
1649,1.0,1,825.0,0,1650,0,False,2.0,1,0.0,[1 1],[0. 1.],0,1,[0.4 0.4],1.0,0.0,1.0
1650,0.0,1,826.0,1,1651,1,False,0.0,0,1.0,[1 1],[0. 1.],0,1,[0.4 0.4],1.0,0.0,1.0
1651,0.0,1,826.0,0,1652,0,False,1.0,1,0.0,[2 2],[0. 1.],0,1,[0.4 0.4],1.0,0.0,1.0
1652,0.0,1,827.0,1,1653,1,False,0.0,0,1.0,[2 2],[0. 1.],0,1,[0.4 0.4],1.0,0.0,1.0
1653,1.0,1,827.0,0,1654,0,False,1.0,1,0.0,[1 1],[0. 1.],0,1,[0.4 0.4],1.0,0.0,1.0
1654,0.0,1,828.0,1,1655,1,False,0.0,0,1.0,[1 1],[0. 1.],0,1,[0.4 0.4],1.0,0.0,1.0
1655,0.0,1,828.0,0,1656,0,False,1.0,1,0.0,[2 1],[0. 1.],1,1,[0.4 0.4],1.0,0.0,1.0
1656,0.0,1,829.0,1,1657,1,False,0.0,0,2.0,[2 1],[0. 1.],1,1,[0.4 0.4],1.0,0.0,1.0
1657,1.0,1,829.0,0,1658,0,False,2.0,1,0.0,[2 1],[0. 1.],0,1,[0.4 0.4],1.0,0.0,1.0
1658,0.0,1,830.0,1,1659,1,False,0.0,0,1.0,[2 1],[0. 1.],0,1,[0.4 0.4],1.0,0.0,1.0
1659,1.0,1,830.0,0,1660,0,False,1.0,1,0.0,[1 1],[0. 1.],1,1,[0.4 0.4],1.0,0.0,1.0
1660,0.0,1,831.0,1,1661,1,False,0.0,0,2.0,[1 1],[0. 1.],1,1,[0.4 0.4],1.0,0.0,1.0
1661,0.0,1,831.0,0,1662,0,False,2.0,1,0.0,[2 1],[0. 1.],1,1,[0.4 0.4],1.0,0.0,1.0
1662,0.0,1,832.0,1,1663,1,False,0.0,0,2.0,[2 1],[0. 1.],1,1,[0.4 0.4],1.0,0.0,1.0
1663,1.0,1,832.0,0,1664,0,False,2.0,1,0.0,[2 1],[0. 1.],1,1,[0.4 0.4],1.0,0.0,1.0
1664,0.0,1,833.0,1,1665,1,False,0.0,0,2.0,[2 1],[0. 1.],1,1,[0.4 0.4],1.0,0.0,1.0
1665,1.0,1,833.0,0,1666,0,False,2.0,1,0.0,[2 1],[0. 1.],1,1,[0.4 0.4],1.0,0.0,1.0
1666,0.0,1,834.0,1,1667,1,False,0.0,0,2.0,[2 1],[0. 1.],1,1,[0.4 0.4],1.0,0.0,1.0
1667,1.0,1,834.0,0,1668,0,False,2.0,1,0.0,[2 1],[0. 1.],1,1,[0.4 0.4],1.0,0.0,1.0
1668,0.0,1,835.0,1,1669,1,False,0.0,0,2.0,[2 1],[0. 1.],1,1,[0.4 0.4],1.0,0.0,1.0
1669,1.0,1,835.0,0,1670,0,False,2.0,1,0.0,[2 1],[0. 1.],1,1,[0.4 0.4],1.0,0.0,1.0
1670,0.0,1,836.0,1,1671,1,False,0.0,0,2.0,[2 1],[0. 1.],1,1,[0.4 0.4],1.0,0.0,1.0
1671,1.0,1,836.0,0,1672,0,False,2.0,1,0.0,[2 1],[0. 1.],0,1,[0.4 0.4],1.0,0.0,1.0
1672,0.0,1,837.0,1,1673,1,False,0.0,0,1.0,[2 1],[0. 1.],0,1,[0.4 0.4],1.0,0.0,1.0
1673,1.0,1,837.0,0,1674,0,False,1.0,1,0.0,[2 1],[0. 1.],0,1,[0.4 0.4],1.0,0.0,1.0
1674,0.0,1,838.0,1,1675,1,False,0.0,0,1.0,[2 1],[0. 1.],0,1,[0.4 0.4],1.0,0.0,1.0
1675,1.0,1,838.0,0,1676,0,False,1.0,1,0.0,[2 1],[0. 1.],0,1,[0.4 0.4],1.0,0.0,1.0
1676,0.0,1,839.0,1,1677,1,False,0.0,0,1.0,[2 1],[0. 1.],0,1,[0.4 0.4],1.0,0.0,1.0
1677,1.0,1,839.0,0,1678,0,False,1.0,1,0.0,[2 1],[0. 1.],0,1,[0.4 0.4],1.0,0.0,1.0
1678,0.0,1,840.0,1,1679,1,False,0.0,0,1.0,[2 1],[0. 1.],0,1,[0.4 0.4],1.0,0.0,1.0
1679,1.0,1,840.0,0,1680,0,False,1.0,1,0.0,[1 2],[0. 1.],1,1,[0.4 0.4],1.0,0.0,1.0
1680,0.0,1,841.0,1,1681,1,False,0.0,0,2.0,[1 2],[0. 1.],1,1,[0.4 0.4],1.0,0.0,1.0
1681,0.0,1,841.0,0,1682,0,False,2.0,1,0.0,[1 1],[0. 1.],0,1,[0.4 0.4],1.0,0.0,1.0
1682,0.0,1,842.0,1,1683,1,False,0.0,0,1.0,[1 1],[0. 1.],0,1,[0.4 0.4],1.0,0.0,1.0
1683,0.0,1,842.0,0,1684,0,False,1.0,1,0.0,[1 2],[0. 1.],0,1,[0.4 0.4],1.0,0.0,1.0
1684,0.0,1,843.0,1,1685,1,False,0.0,0,1.0,[1 2],[0. 1.],0,1,[0.4 0.4],1.0,0.0,1.0
1685,0.0,1,843.0,0,1686,0,False,1.0,1,0.0,[1 1],[0. 1.],0,1,[0.4 0.4],1.0,0.0,1.0
1686,0.0,1,844.0,1,1687,1,False,0.0,0,1.0,[1 1],[0. 1.],0,1,[0.4 0.4],1.0,0.0,1.0
1687,0.0,1,844.0,0,1688,0,False,1.0,1,0.0,[1 1],[0. 1.],1,1,[0.4 0.4],1.0,0.0,1.0
1688,0.0,1,845.0,1,1689,1,False,0.0,0,2.0,[1 1],[0. 1.],1,1,[0.4 0.4],1.0,0.0,1.0
1689,0.0,1,845.0,0,1690,0,False,2.0,1,0.0,[2 1],[0. 1.],1,1,[0.4 0.4],1.0,0.0,1.0
1690,0.0,1,846.0,2,1691,1,False,0.0,0,2.0,[2 1],[0. 1.],1,1,[0.4 0.4],1.0,0.0,1.0
1691,0.0,1,846.0,0,1692,0,False,2.0,1,0.0,[2 2],[0. 1.],1,1,[0.4 0.4],1.0,0.0,1.0
1692,0.0,1,847.0,1,1693,1,False,0.0,0,2.0,[2 2],[0. 1.],1,1,[0.4 0.4],1.0,0.0,1.0
1693,1.0,1,847.0,0,1694,0,False,2.0,1,0.0,[2 1],[0. 1.],1,1,[0.4 0.4],1.0,0.0,1.0
1694,0.0,1,848.0,1,1695,1,False,0.0,0,2.0,[2 1],[0. 1.],1,1,[0.4 0.4],1.0,0.0,1.0
1695,1.0,1,848.0,0,1696,0,False,2.0,1,0.0,[2 1],[0. 1.],1,1,[0.4 0.4],1.0,0.0,1.0
1696,0.0,1,849.0,1,1697,1,False,0.0,0,2.0,[2 1],[0. 1.],1,1,[0.4 0.4],1.0,0.0,1.0
1697,1.0,1,849.0,0,1698,0,False,2.0,1,0.0,[2 1],[0. 1.],0,1,[0.4 0.4],1.0,0.0,1.0
1698,0.0,1,850.0,1,1699,1,False,0.0,0,1.0,[2 1],[0. 1.],0,1,[0.4 0.4],1.0,0.0,1.0
1699,1.0,1,850.0,0,1700,0,False,1.0,1,0.0,[2 2],[0. 1.],0,1,[0.4 0.4],1.0,0.0,1.0
1700,0.0,1,851.0,1,1701,1,False,0.0,0,1.0,[2 2],[0. 1.],0,1,[0.4 0.4],1.0,0.0,1.0
1701,1.0,1,851.0,0,1702,0,False,1.0,1,0.0,[1 1],[0. 1.],1,1,[0.4 0.4],1.0,0.0,1.0
1702,0.0,1,852.0,1,1703,1,False,0.0,0,2.0,[1 1],[0. 1.],1,1,[0.4 0.4],1.0,0.0,1.0
1703,0.0,1,852.0,0,1704,0,False,2.0,1,0.0,[1 1],[0. 1.],1,1,[0.4 0.4],1.0,0.0,1.0
1704,0.0,1,853.0,1,1705,1,False,0.0,0,2.0,[1 1],[0. 1.],1,1,[0.4 0.4],1.0,0.0,1.0
1705,0.0,1,853.0,0,1706,0,False,2.0,1,0.0,[2 1],[0. 1.],1,1,[0.4 0.4],1.0,0.0,1.0
1706,0.0,1,854.0,1,1707,1,False,0.0,0,2.0,[2 1],[0. 1.],1,1,[0.4 0.4],1.0,0.0,1.0
1707,1.0,1,854.0,0,1708,0,False,2.0,1,0.0,[2 1],[0. 1.],1,1,[0.4 0.4],1.0,0.0,1.0
1708,0.0,1,855.0,1,1709,1,False,0.0,0,2.0,[2 1],[0. 1.],1,1,[0.4 0.4],1.0,0.0,1.0
1709,1.0,1,855.0,0,1710,0,False,2.0,1,0.0,[2 1],[0. 1.],1,1,[0.4 0.4],1.0,0.0,1.0
1710,0.0,1,856.0,1,1711,1,False,0.0,0,2.0,[2 1],[0. 1.],1,1,[0.4 0.4],1.0,0.0,1.0
1711,1.0,1,856.0,0,1712,0,False,2.0,1,0.0,[1 1],[0. 1.],0,1,[0.4 0.4],1.0,0.0,1.0
1712,0.0,1,857.0,1,1713,1,False,0.0,0,1.0,[1 1],[0. 1.],0,1,[0.4 0.4],1.0,0.0,1.0
1713,0.0,1,857.0,0,1714,0,False,1.0,1,0.0,[1 2],[0. 1.],0,1,[0.4 0.4],1.0,0.0,1.0
1714,0.0,1,858.0,1,1715,1,False,0.0,0,1.0,[1 2],[0. 1.],0,1,[0.4 0.4],1.0,0.0,1.0
1715,0.0,1,858.0,0,1716,0,False,1.0,1,0.0,[1 2],[0. 1.],0,1,[0.4 0.4],1.0,0.0,1.0
1716,0.0,1,859.0,1,1717,1,False,0.0,0,1.0,[1 2],[0. 1.],0,1,[0.4 0.4],1.0,0.0,1.0
1717,0.0,1,859.0,0,1718,0,False,1.0,1,0.0,[2 2],[0. 1.],1,1,[0.4 0.4],1.0,0.0,1.0
1718,0.0,1,860.0,2,1719,1,False,0.0,0,2.0,[2 2],[0. 1.],1,1,[0.4 0.4],1.0,0.0,1.0
1719,1.0,1,860.0,0,1720,0,False,2.0,1,0.0,[2 1],[0. 1.],1,1,[0.4 0.4],1.0,0.0,1.0
1720,0.0,1,861.0,2,1721,1,False,0.0,0,2.0,[2 1],[0. 1.],1,1,[0.4 0.4],1.0,0.0,1.0
1721,0.0,1,861.0,0,1722,0,False,2.0,1,0.0,[2 2],[0. 1.],1,1,[0.4 0.4],1.0,0.0,1.0
1722,0.0,1,862.0,2,1723,1,False,0.0,0,2.0,[2 2],[0. 1.],1,1,[0.4 0.4],1.0,0.0,1.0
1723,1.0,1,862.0,0,1724,0,False,2.0,1,0.0,[1 2],[0. 1.],0,1,[0.4 0.4],1.0,0.0,1.0
1724,0.0,1,863.0,2,1725,1,False,0.0,0,1.0,[1 2],[0. 1.],0,1,[0.4 0.4],1.0,0.0,1.0
1725,1.0,1,863.0,0,1726,0,False,1.0,1,0.0,[2 2],[0. 1.],0,1,[0.4 0.4],1.0,0.0,1.0
1726,0.0,1,864.0,2,1727,1,False,0.0,0,1.0,[2 2],[0. 1.],0,1,[0.4 0.4],1.0,0.0,1.0
1727,1.0,1,864.0,0,1728,0,False,1.0,1,0.0,[2 1],[0. 1.],0,1,[0.4 0.4],1.0,0.0,1.0
1728,0.0,1,865.0,2,1729,1,False,0.0,0,1.0,[2 1],[0. 1.],0,1,[0.4 0.4],1.0,0.0,1.0
1729,0.0,1,865.0,0,1730,0,False,1.0,1,0.0,[1 1],[0. 1.],1,1,[0.4 0.4],1.0,0.0,1.0
1730,0.0,1,866.0,2,1731,1,False,0.0,0,2.0,[1 1],[0. 1.],1,1,[0.4 0.4],1.0,0.0,1.0
1731,0.0,1,866.0,0,1732,0,False,2.0,1,0.0,[2 2],[0. 1.],0,1,[0.4 0.4],1.0,0.0,1.0
1732,0.0,1,867.0,2,1733,1,False,0.0,0,1.0,[2 2],[0. 1.],0,1,[0.4 0.4],1.0,0.0,1.0
1733,1.0,1,867.0,0,1734,0,False,1.0,1,0.0,[2 2],[0. 1.],0,1,[0.4 0.4],1.0,0.0,1.0
1734,0.0,1,868.0,2,1735,1,False,0.0,0,1.0,[2 2],[0. 1.],0,1,[0.4 0.4],1.0,0.0,1.0
1735,1.0,1,868.0,0,1736,0,False,1.0,1,0.0,[2 1],[0. 1.],0,1,[0.4 0.4],1.0,0.0,1.0
1736,0.0,1,869.0,2,1737,1,False,0.0,0,1.0,[2 1],[0. 1.],0,1,[0.4 0.4],1.0,0.0,1.0
1737,0.0,1,869.0,0,1738,0,False,1.0,1,0.0,[1 1],[0. 1.],0,1,[0.4 0.4],1.0,0.0,1.0
1738,0.0,1,870.0,2,1739,1,False,0.0,0,1.0,[1 1],[0. 1.],0,1,[0.4 0.4],1.0,0.0,1.0
1739,0.0,1,870.0,0,1740,0,False,1.0,1,0.0,[2 2],[0. 1.],0,1,[0.4 0.4],1.0,0.0,1.0
1740,0.0,1,871.0,2,1741,1,False,0.0,0,1.0,[2 2],[0. 1.],0,1,[0.4 0.4],1.0,0.0,1.0
1741,1.0,1,871.0,0,1742,0,False,1.0,1,0.0,[1 1],[0. 1.],1,1,[0.4 0.4],1.0,0.0,1.0
1742,0.0,1,872.0,2,1743,1,False,0.0,0,2.0,[1 1],[0. 1.],1,1,[0.4 0.4],1.0,0.0,1.0
1743,0.0,1,872.0,0,1744,0,False,2.0,1,0.0,[1 2],[0. 1.],0,1,[0.4 0.4],1.0,0.0,1.0
1744,0.0,1,873.0,2,1745,1,False,0.0,0,1.0,[1 2],[0. 1.],0,1,[0.4 0.4],1.0,0.0,1.0
1745,1.0,1,873.0,0,1746,0,False,1.0,1,0.0,[2 1],[0. 1.],1,1,[0.4 0.4],1.0,0.0,1.0
1746,0.0,1,874.0,2,1747,1,False,0.0,0,2.0,[2 1],[0. 1.],1,1,[0.4 0.4],1.0,0.0,1.0
1747,0.0,1,874.0,0,1748,0,False,2.0,1,0.0,[2 1],[0. 1.],0,1,[0.4 0.4],1.0,0.0,1.0
1748,0.0,1,875.0,2,1749,1,False,0.0,0,1.0,[2 1],[0. 1.],0,1,[0.4 0.4],1.0,0.0,1.0
1749,0.0,1,875.0,0,1750,0,False,1.0,1,0.0,[2 1],[0. 1.],1,1,[0.4 0.4],1.0,0.0,1.0
1750,0.0,1,876.0,1,1751,1,False,0.0,0,2.0,[2 1],[0. 1.],1,1,[0.4 0.4],1.0,0.0,1.0
1751,1.0,1,876.0,0,1752,0,False,2.0,1,0.0,[1 1],[0. 1.],1,1,[0.4 0.4],1.0,0.0,1.0
1752,0.0,1,877.0,1,1753,1,False,0.0,0,2.0,[1 1],[0. 1.],1,1,[0.4 0.4],1.0,0.0,1.0
1753,0.0,1,877.0,0,1754,0,False,2.0,1,0.0,[2 2],[0. 1.],1,1,[0.4 0.4],1.0,0.0,1.0
1754,0.0,1,878.0,1,1755,1,False,0.0,0,2.0,[2 2],[0. 1.],1,1,[0.4 0.4],1.0,0.0,1.0
1755,1.0,1,878.0,0,1756,0,False,2.0,1,0.0,[1 1],[0. 1.],1,1,[0.4 0.4],1.0,0.0,1.0
1756,0.0,1,879.0,1,1757,1,False,0.0,0,2.0,[1 1],[0. 1.],1,1,[0.4 0.4],1.0,0.0,1.0
1757,0.0,1,879.0,0,1758,0,False,2.0,1,0.0,[2 1],[0. 1.],1,1,[0.4 0.4],1.0,0.0,1.0
1758,0.0,1,880.0,1,1759,1,False,0.0,0,2.0,[2 1],[0. 1.],1,1,[0.4 0.4],1.0,0.0,1.0
1759,1.0,1,880.0,0,1760,0,False,2.0,1,0.0,[2 1],[0. 1.],0,1,[0.4 0.4],1.0,0.0,1.0
1760,0.0,1,881.0,1,1761,1,False,0.0,0,1.0,[2 1],[0. 1.],0,1,[0.4 0.4],1.0,0.0,1.0
1761,1.0,1,881.0,0,1762,0,False,1.0,1,0.0,[2 1],[0. 1.],1,1,[0.4 0.4],1.0,0.0,1.0
1762,0.0,1,882.0,1,1763,1,False,0.0,0,2.0,[2 1],[0. 1.],1,1,[0.4 0.4],1.0,0.0,1.0
1763,1.0,1,882.0,0,1764,0,False,2.0,1,0.0,[2 1],[0. 1.],1,1,[0.4 0.4],1.0,0.0,1.0
1764,0.0,1,883.0,1,1765,1,False,0.0,0,2.0,[2 1],[0. 1.],1,1,[0.4 0.4],1.0,0.0,1.0
1765,1.0,1,883.0,0,1766,0,False,2.0,1,0.0,[2 1],[0. 1.],1,1,[0.4 0.4],1.0,0.0,1.0
1766,0.0,1,884.0,1,1767,1,False,0.0,0,2.0,[2 1],[0. 1.],1,1,[0.4 0.4],1.0,0.0,1.0
1767,1.0,1,884.0,0,1768,0,False,2.0,1,0.0,[1 1],[0. 1.],0,1,[0.4 0.4],1.0,0.0,1.0
1768,0.0,1,885.0,1,1769,1,False,0.0,0,1.0,[1 1],[0. 1.],0,1,[0.4 0.4],1.0,0.0,1.0
1769,0.0,1,885.0,0,1770,0,False,1.0,1,0.0,[2 2],[0. 1.],0,1,[0.4 0.4],1.0,0.0,1.0
1770,0.0,1,886.0,1,1771,1,False,0.0,0,1.0,[2 2],[0. 1.],0,1,[0.4 0.4],1.0,0.0,1.0
1771,1.0,1,886.0,0,1772,0,False,1.0,1,0.0,[2 1],[0. 1.],1,1,[0.4 0.4],1.0,0.0,1.0
1772,0.0,1,887.0,1,1773,1,False,0.0,0,2.0,[2 1],[0. 1.],1,1,[0.4 0.4],1.0,0.0,1.0
1773,1.0,1,887.0,0,1774,0,False,2.0,1,0.0,[1 2],[0. 1.],1,1,[0.4 0.4],1.0,0.0,1.0
1774,0.0,1,888.0,1,1775,1,False,0.0,0,2.0,[1 2],[0. 1.],1,1,[0.4 0.4],1.0,0.0,1.0
1775,0.0,1,888.0,0,1776,0,False,2.0,1,0.0,[2 1],[0. 1.],0,1,[0.4 0.4],1.0,0.0,1.0
1776,0.0,1,889.0,1,1777,1,False,0.0,0,1.0,[2 1],[0. 1.],0,1,[0.4 0.4],1.0,0.0,1.0
1777,1.0,1,889.0,0,1778,0,False,1.0,1,0.0,[2 2],[0. 1.],0,1,[0.4 0.4],1.0,0.0,1.0
1778,0.0,1,890.0,1,1779,1,False,0.0,0,1.0,[2 2],[0. 1.],0,1,[0.4 0.4],1.0,0.0,1.0
1779,1.0,1,890.0,0,1780,0,False,1.0,1,0.0,[2 1],[0. 1.],0,1,[0.4 0.4],1.0,0.0,1.0
1780,0.0,1,891.0,1,1781,1,False,0.0,0,1.0,[2 1],[0. 1.],0,1,[0.4 0.4],1.0,0.0,1.0
1781,1.0,1,891.0,0,1782,0,False,1.0,1,0.0,[1 1],[0. 1.],1,1,[0.4 0.4],1.0,0.0,1.0
1782,0.0,1,892.0,1,1783,1,False,0.0,0,2.0,[1 1],[0. 1.],1,1,[0.4 0.4],1.0,0.0,1.0
1783,0.0,1,892.0,0,1784,0,False,2.0,1,0.0,[1 1],[0. 1.],1,1,[0.4 0.4],1.0,0.0,1.0
1784,0.0,1,893.0,1,1785,1,False,0.0,0,2.0,[1 1],[0. 1.],1,1,[0.4 0.4],1.0,0.0,1.0
1785,0.0,1,893.0,0,1786,0,False,2.0,1,0.0,[2 2],[0. 1.],0,1,[0.4 0.4],1.0,0.0,1.0
1786,0.0,1,894.0,1,1787,1,False,0.0,0,1.0,[2 2],[0. 1.],0,1,[0.4 0.4],1.0,0.0,1.0
1787,1.0,1,894.0,0,1788,0,False,1.0,1,0.0,[1 1],[0. 1.],0,1,[0.4 0.4],1.0,0.0,1.0
1788,0.0,1,895.0,1,1789,1,False,0.0,0,1.0,[1 1],[0. 1.],0,1,[0.4 0.4],1.0,0.0,1.0
1789,0.0,1,895.0,0,1790,0,False,1.0,1,0.0,[1 1],[0. 1.],1,1,[0.4 0.4],1.0,0.0,1.0
1790,0.0,1,896.0,1,1791,1,False,0.0,0,2.0,[1 1],[0. 1.],1,1,[0.4 0.4],1.0,0.0,1.0
1791,0.0,1,896.0,0,1792,0,False,2.0,1,0.0,[1 1],[0. 1.],1,1,[0.4 0.4],1.0,0.0,1.0
1792,0.0,1,897.0,1,1793,1,False,0.0,0,2.0,[1 1],[0. 1.],1,1,[0.4 0.4],1.0,0.0,1.0
1793,0.0,1,897.0,0,1794,0,False,2.0,1,0.0,[2 1],[0. 1.],0,1,[0.4 0.4],1.0,0.0,1.0
1794,0.0,1,898.0,2,1795,1,False,0.0,0,1.0,[2 1],[0. 1.],0,1,[0.4 0.4],1.0,0.0,1.0
1795,0.0,1,898.0,0,1796,0,False,1.0,1,0.0,[2 1],[0. 1.],0,1,[0.4 0.4],1.0,0.0,1.0
1796,0.0,1,899.0,1,1797,1,False,0.0,0,1.0,[2 1],[0. 1.],0,1,[0.4 0.4],1.0,0.0,1.0
1797,1.0,1,899.0,0,1798,0,False,1.0,1,0.0,[2 1],[0. 1.],1,1,[0.4 0.4],1.0,0.0,1.0
1798,0.0,1,900.0,1,1799,1,False,0.0,0,2.0,[2 1],[0. 1.],1,1,[0.4 0.4],1.0,0.0,1.0
1799,1.0,1,900.0,0,1800,0,False,2.0,1,0.0,[2 1],[0. 1.],0,1,[0.4 0.4],1.0,0.0,1.0
1800,0.0,1,901.0,1,1801,1,False,0.0,0,1.0,[2 1],[0. 1.],0,1,[0.4 0.4],1.0,0.0,1.0
1801,1.0,1,901.0,0,1802,0,False,1.0,1,0.0,[1 2],[0. 1.],0,1,[0.4 0.4],1.0,0.0,1.0
1802,0.0,1,902.0,1,1803,1,False,0.0,0,1.0,[1 2],[0. 1.],0,1,[0.4 0.4],1.0,0.0,1.0
1803,0.0,1,902.0,0,1804,0,False,1.0,1,0.0,[1 1],[0. 1.],1,1,[0.4 0.4],1.0,0.0,1.0
1804,0.0,1,903.0,1,1805,1,False,0.0,0,2.0,[1 1],[0. 1.],1,1,[0.4 0.4],1.0,0.0,1.0
1805,0.0,1,903.0,0,1806,0,False,2.0,1,0.0,[1 2],[1. 0.],1,0,[0.4 0.4],1.0,0.0,1.0
1806,0.0,1,904.0,1,1807,1,False,0.0,0,2.0,[1 2],[1. 0.],1,0,[0.4 0.4],1.0,0.0,1.0
1807,1.0,1,904.0,0,1808,0,False,2.0,1,0.0,[1 2],[1. 0.],1,0,[0.4 0.4],1.0,0.0,1.0
1808,0.0,1,905.0,1,1809,1,False,0.0,0,2.0,[1 2],[1. 0.],1,0,[0.4 0.4],1.0,0.0,1.0
1809,1.0,1,905.0,0,1810,0,False,2.0,1,0.0,[2 1],[1. 0.],1,0,[0.4 0.4],1.0,0.0,1.0
1810,0.0,1,906.0,1,1811,1,False,0.0,0,2.0,[2 1],[1. 0.],1,0,[0.4 0.4],1.0,0.0,1.0
1811,0.0,1,906.0,0,1812,0,False,2.0,1,0.0,[2 1],[1. 0.],0,0,[0.4 0.4],1.0,0.0,1.0
1812,0.0,1,907.0,1,1813,1,False,0.0,0,1.0,[2 1],[1. 0.],0,0,[0.4 0.4],1.0,0.0,1.0
1813,0.0,1,907.0,0,1814,0,False,1.0,1,0.0,[1 1],[1. 0.],0,0,[0.4 0.4],1.0,0.0,1.0
1814,0.0,1,908.0,1,1815,1,False,0.0,0,1.0,[1 1],[1. 0.],0,0,[0.4 0.4],1.0,0.0,1.0
1815,1.0,1,908.0,0,1816,0,False,1.0,1,0.0,[1 1],[1. 0.],1,0,[0.4 0.4],1.0,0.0,1.0
1816,0.0,1,909.0,1,1817,1,False,0.0,0,2.0,[1 1],[1. 0.],1,0,[0.4 0.4],1.0,0.0,1.0
1817,1.0,1,909.0,0,1818,0,False,2.0,1,0.0,[2 1],[0. 1.],1,1,[0.4 0.4],1.0,0.0,1.0
1818,0.0,1,910.0,1,1819,1,False,0.0,0,2.0,[2 1],[0. 1.],1,1,[0.4 0.4],1.0,0.0,1.0
1819,1.0,1,910.0,0,1820,0,False,2.0,1,0.0,[2 2],[0. 1.],0,1,[0.4 0.4],1.0,0.0,1.0
1820,0.0,1,911.0,1,1821,1,False,0.0,0,1.0,[2 2],[0. 1.],0,1,[0.4 0.4],1.0,0.0,1.0
1821,1.0,1,911.0,0,1822,0,False,1.0,1,0.0,[2 1],[0. 1.],1,1,[0.4 0.4],1.0,0.0,1.0
1822,0.0,1,912.0,1,1823,1,False,0.0,0,2.0,[2 1],[0. 1.],1,1,[0.4 0.4],1.0,0.0,1.0
1823,1.0,1,912.0,0,1824,0,False,2.0,1,0.0,[2 1],[0. 1.],0,1,[0.4 0.4],1.0,0.0,1.0
1824,0.0,1,913.0,1,1825,1,False,0.0,0,1.0,[2 1],[0. 1.],0,1,[0.4 0.4],1.0,0.0,1.0
1825,1.0,1,913.0,0,1826,0,False,1.0,1,0.0,[2 2],[0. 1.],1,1,[0.4 0.4],1.0,0.0,1.0
1826,0.0,1,914.0,1,1827,1,False,0.0,0,2.0,[2 2],[0. 1.],1,1,[0.4 0.4],1.0,0.0,1.0
1827,1.0,1,914.0,0,1828,0,False,2.0,1,0.0,[2 2],[0. 1.],0,1,[0.4 0.4],1.0,0.0,1.0
1828,0.0,1,915.0,1,1829,1,False,0.0,0,1.0,[2 2],[0. 1.],0,1,[0.4 0.4],1.0,0.0,1.0
1829,1.0,1,915.0,0,1830,0,False,1.0,1,0.0,[2 1],[0. 1.],1,1,[0.4 0.4],1.0,0.0,1.0
1830,0.0,1,916.0,1,1831,1,False,0.0,0,2.0,[2 1],[0. 1.],1,1,[0.4 0.4],1.0,0.0,1.0
1831,1.0,1,916.0,0,1832,0,False,2.0,1,0.0,[2 2],[0. 1.],0,1,[0.4 0.4],1.0,0.0,1.0
1832,0.0,1,917.0,1,1833,1,False,0.0,0,1.0,[2 2],[0. 1.],0,1,[0.4 0.4],1.0,0.0,1.0
1833,1.0,1,917.0,0,1834,0,False,1.0,1,0.0,[1 1],[0. 1.],0,1,[0.4 0.4],1.0,0.0,1.0
1834,0.0,1,918.0,1,1835,1,False,0.0,0,1.0,[1 1],[0. 1.],0,1,[0.4 0.4],1.0,0.0,1.0
1835,0.0,1,918.0,0,1836,0,False,1.0,1,0.0,[2 2],[0. 1.],0,1,[0.4 0.4],1.0,0.0,1.0
1836,0.0,1,919.0,1,1837,1,False,0.0,0,1.0,[2 2],[0. 1.],0,1,[0.4 0.4],1.0,0.0,1.0
1837,1.0,1,919.0,0,1838,0,False,1.0,1,0.0,[2 1],[0. 1.],1,1,[0.4 0.4],1.0,0.0,1.0
1838,0.0,1,920.0,1,1839,1,False,0.0,0,2.0,[2 1],[0. 1.],1,1,[0.4 0.4],1.0,0.0,1.0
1839,1.0,1,920.0,0,1840,0,False,2.0,1,0.0,[2 2],[0. 1.],1,1,[0.4 0.4],1.0,0.0,1.0
1840,0.0,1,921.0,1,1841,1,False,0.0,0,2.0,[2 2],[0. 1.],1,1,[0.4 0.4],1.0,0.0,1.0
1841,1.0,1,921.0,0,1842,0,False,2.0,1,0.0,[2 2],[0. 1.],0,1,[0.4 0.4],1.0,0.0,1.0
1842,0.0,1,922.0,1,1843,1,False,0.0,0,1.0,[2 2],[0. 1.],0,1,[0.4 0.4],1.0,0.0,1.0
1843,1.0,1,922.0,0,1844,0,False,1.0,1,0.0,[1 2],[0. 1.],1,1,[0.4 0.4],1.0,0.0,1.0
1844,0.0,1,923.0,1,1845,1,False,0.0,0,2.0,[1 2],[0. 1.],1,1,[0.4 0.4],1.0,0.0,1.0
1845,0.0,1,923.0,0,1846,0,False,2.0,1,0.0,[1 1],[0. 1.],1,1,[0.4 0.4],1.0,0.0,1.0
1846,0.0,1,924.0,1,1847,1,False,0.0,0,2.0,[1 1],[0. 1.],1,1,[0.4 0.4],1.0,0.0,1.0
1847,0.0,1,924.0,0,1848,0,False,2.0,1,0.0,[1 2],[0. 1.],1,1,[0.4 0.4],1.0,0.0,1.0
1848,0.0,1,925.0,1,1849,1,False,0.0,0,2.0,[1 2],[0. 1.],1,1,[0.4 0.4],1.0,0.0,1.0
1849,0.0,1,925.0,0,1850,0,False,2.0,1,0.0,[2 1],[0. 1.],1,1,[0.4 0.4],1.0,0.0,1.0
1850,0.0,1,926.0,1,1851,1,False,0.0,0,2.0,[2 1],[0. 1.],1,1,[0.4 0.4],1.0,0.0,1.0
1851,1.0,1,926.0,0,1852,0,False,2.0,1,0.0,[2 1],[0. 1.],0,1,[0.4 0.4],1.0,0.0,1.0
1852,0.0,1,927.0,1,1853,1,False,0.0,0,1.0,[2 1],[0. 1.],0,1,[0.4 0.4],1.0,0.0,1.0
1853,1.0,1,927.0,0,1854,0,False,1.0,1,0.0,[2 1],[0. 1.],1,1,[0.4 0.4],1.0,0.0,1.0
1854,0.0,1,928.0,1,1855,1,False,0.0,0,2.0,[2 1],[0. 1.],1,1,[0.4 0.4],1.0,0.0,1.0
1855,1.0,1,928.0,0,1856,0,False,2.0,1,0.0,[2 1],[0. 1.],1,1,[0.4 0.4],1.0,0.0,1.0
1856,0.0,1,929.0,1,1857,1,False,0.0,0,2.0,[2 1],[0. 1.],1,1,[0.4 0.4],1.0,0.0,1.0
1857,1.0,1,929.0,0,1858,0,False,2.0,1,0.0,[2 1],[0. 1.],0,1,[0.4 0.4],1.0,0.0,1.0
1858,0.0,1,930.0,1,1859,1,False,0.0,0,1.0,[2 1],[0. 1.],0,1,[0.4 0.4],1.0,0.0,1.0
1859,1.0,1,930.0,0,1860,0,False,1.0,1,0.0,[2 2],[0. 1.],0,1,[0.4 0.4],1.0,0.0,1.0
1860,0.0,1,931.0,1,1861,1,False,0.0,0,1.0,[2 2],[0. 1.],0,1,[0.4 0.4],1.0,0.0,1.0
1861,1.0,1,931.0,0,1862,0,False,1.0,1,0.0,[2 1],[0. 1.],1,1,[0.4 0.4],1.0,0.0,1.0
1862,0.0,1,932.0,1,1863,1,False,0.0,0,2.0,[2 1],[0. 1.],1,1,[0.4 0.4],1.0,0.0,1.0
1863,1.0,1,932.0,0,1864,0,False,2.0,1,0.0,[2 1],[0. 1.],0,1,[0.4 0.4],1.0,0.0,1.0
1864,0.0,1,933.0,1,1865,1,False,0.0,0,1.0,[2 1],[0. 1.],0,1,[0.4 0.4],1.0,0.0,1.0
1865,1.0,1,933.0,0,1866,0,False,1.0,1,0.0,[1 2],[0. 1.],0,1,[0.4 0.4],1.0,0.0,1.0
1866,0.0,1,934.0,1,1867,1,False,0.0,0,1.0,[1 2],[0. 1.],0,1,[0.4 0.4],1.0,0.0,1.0
1867,0.0,1,934.0,0,1868,0,False,1.0,1,0.0,[2 1],[0. 1.],1,1,[0.4 0.4],1.0,0.0,1.0
1868,0.0,1,935.0,1,1869,1,False,0.0,0,2.0,[2 1],[0. 1.],1,1,[0.4 0.4],1.0,0.0,1.0
1869,1.0,1,935.0,0,1870,0,False,2.0,1,0.0,[2 2],[0. 1.],1,1,[0.4 0.4],1.0,0.0,1.0
1870,0.0,1,936.0,1,1871,1,False,0.0,0,2.0,[2 2],[0. 1.],1,1,[0.4 0.4],1.0,0.0,1.0
1871,1.0,1,936.0,0,1872,0,False,2.0,1,0.0,[2 2],[0. 1.],1,1,[0.4 0.4],1.0,0.0,1.0
1872,0.0,1,937.0,1,1873,1,False,0.0,0,2.0,[2 2],[0. 1.],1,1,[0.4 0.4],1.0,0.0,1.0
1873,1.0,1,937.0,0,1874,0,False,2.0,1,0.0,[2 1],[0. 1.],1,1,[0.4 0.4],1.0,0.0,1.0
1874,0.0,1,938.0,1,1875,1,False,0.0,0,2.0,[2 1],[0. 1.],1,1,[0.4 0.4],1.0,0.0,1.0
1875,1.0,1,938.0,0,1876,0,False,2.0,1,0.0,[2 1],[0. 1.],0,1,[0.4 0.4],1.0,0.0,1.0
1876,0.0,1,939.0,1,1877,1,False,0.0,0,1.0,[2 1],[0. 1.],0,1,[0.4 0.4],1.0,0.0,1.0
1877,1.0,1,939.0,0,1878,0,False,1.0,1,0.0,[1 2],[0. 1.],1,1,[0.4 0.4],1.0,0.0,1.0
1878,0.0,1,940.0,1,1879,1,False,0.0,0,2.0,[1 2],[0. 1.],1,1,[0.4 0.4],1.0,0.0,1.0
1879,0.0,1,940.0,0,1880,0,False,2.0,1,0.0,[2 1],[0. 1.],0,1,[0.4 0.4],1.0,0.0,1.0
1880,0.0,1,941.0,1,1881,1,False,0.0,0,1.0,[2 1],[0. 1.],0,1,[0.4 0.4],1.0,0.0,1.0
1881,1.0,1,941.0,0,1882,0,False,1.0,1,0.0,[2 1],[0. 1.],1,1,[0.4 0.4],1.0,0.0,1.0
1882,0.0,1,942.0,1,1883,1,False,0.0,0,2.0,[2 1],[0. 1.],1,1,[0.4 0.4],1.0,0.0,1.0
1883,1.0,1,942.0,0,1884,0,False,2.0,1,0.0,[1 2],[0. 1.],1,1,[0.4 0.4],1.0,0.0,1.0
1884,0.0,1,943.0,1,1885,1,False,0.0,0,2.0,[1 2],[0. 1.],1,1,[0.4 0.4],1.0,0.0,1.0
1885,0.0,1,943.0,0,1886,0,False,2.0,1,0.0,[2 2],[0. 1.],0,1,[0.4 0.4],1.0,0.0,1.0
1886,0.0,1,944.0,1,1887,1,False,0.0,0,1.0,[2 2],[0. 1.],0,1,[0.4 0.4],1.0,0.0,1.0
1887,1.0,1,944.0,0,1888,0,False,1.0,1,0.0,[1 1],[0. 1.],1,1,[0.4 0.4],1.0,0.0,1.0
1888,0.0,1,945.0,1,1889,1,False,0.0,0,2.0,[1 1],[0. 1.],1,1,[0.4 0.4],1.0,0.0,1.0
1889,0.0,1,945.0,0,1890,0,False,2.0,1,0.0,[1 2],[0. 1.],1,1,[0.4 0.4],1.0,0.0,1.0
1890,0.0,1,946.0,1,1891,1,False,0.0,0,2.0,[1 2],[0. 1.],1,1,[0.4 0.4],1.0,0.0,1.0
1891,0.0,1,946.0,0,1892,0,False,2.0,1,0.0,[1 1],[0. 1.],0,1,[0.4 0.4],1.0,0.0,1.0
1892,0.0,1,947.0,1,1893,1,False,0.0,0,1.0,[1 1],[0. 1.],0,1,[0.4 0.4],1.0,0.0,1.0
1893,0.0,1,947.0,0,1894,0,False,1.0,1,0.0,[1 2],[0. 1.],0,1,[0.4 0.4],1.0,0.0,1.0
1894,0.0,1,948.0,1,1895,1,False,0.0,0,1.0,[1 2],[0. 1.],0,1,[0.4 0.4],1.0,0.0,1.0
1895,0.0,1,948.0,0,1896,0,False,1.0,1,0.0,[2 1],[0. 1.],1,1,[0.4 0.4],1.0,0.0,1.0
1896,0.0,1,949.0,2,1897,1,False,0.0,0,2.0,[2 1],[0. 1.],1,1,[0.4 0.4],1.0,0.0,1.0
1897,0.0,1,949.0,0,1898,0,False,2.0,1,0.0,[2 2],[0. 1.],1,1,[0.4 0.4],1.0,0.0,1.0
1898,0.0,1,950.0,1,1899,1,False,0.0,0,2.0,[2 2],[0. 1.],1,1,[0.4 0.4],1.0,0.0,1.0
1899,1.0,1,950.0,0,1900,0,False,2.0,1,0.0,[1 2],[0. 1.],0,1,[0.4 0.4],1.0,0.0,1.0
1900,0.0,1,951.0,1,1901,1,False,0.0,0,1.0,[1 2],[0. 1.],0,1,[0.4 0.4],1.0,0.0,1.0
1901,0.0,1,951.0,0,1902,0,False,1.0,1,0.0,[2 2],[0. 1.],0,1,[0.4 0.4],1.0,0.0,1.0
1902,0.0,1,952.0,1,1903,1,False,0.0,0,1.0,[2 2],[0. 1.],0,1,[0.4 0.4],1.0,0.0,1.0
1903,1.0,1,952.0,0,1904,0,False,1.0,1,0.0,[2 1],[0. 1.],0,1,[0.4 0.4],1.0,0.0,1.0
1904,0.0,1,953.0,1,1905,1,False,0.0,0,1.0,[2 1],[0. 1.],0,1,[0.4 0.4],1.0,0.0,1.0
1905,1.0,1,953.0,0,1906,0,False,1.0,1,0.0,[1 1],[0. 1.],1,1,[0.4 0.4],1.0,0.0,1.0
1906,0.0,1,954.0,1,1907,1,False,0.0,0,2.0,[1 1],[0. 1.],1,1,[0.4 0.4],1.0,0.0,1.0
1907,0.0,1,954.0,0,1908,0,False,2.0,1,0.0,[2 1],[0. 1.],0,1,[0.4 0.4],1.0,0.0,1.0
1908,0.0,1,955.0,1,1909,1,False,0.0,0,1.0,[2 1],[0. 1.],0,1,[0.4 0.4],1.0,0.0,1.0
1909,1.0,1,955.0,0,1910,0,False,1.0,1,0.0,[1 2],[0. 1.],1,1,[0.4 0.4],1.0,0.0,1.0
1910,0.0,1,956.0,1,1911,1,False,0.0,0,2.0,[1 2],[0. 1.],1,1,[0.4 0.4],1.0,0.0,1.0
1911,0.0,1,956.0,0,1912,0,False,2.0,1,0.0,[2 2],[0. 1.],0,1,[0.4 0.4],1.0,0.0,1.0
1912,0.0,1,957.0,1,1913,1,False,0.0,0,1.0,[2 2],[0. 1.],0,1,[0.4 0.4],1.0,0.0,1.0
1913,1.0,1,957.0,0,1914,0,False,1.0,1,0.0,[1 2],[0. 1.],1,1,[0.4 0.4],1.0,0.0,1.0
1914,0.0,1,958.0,1,1915,1,False,0.0,0,2.0,[1 2],[0. 1.],1,1,[0.4 0.4],1.0,0.0,1.0
1915,0.0,1,958.0,0,1916,0,False,2.0,1,0.0,[2 1],[0. 1.],0,1,[0.4 0.4],1.0,0.0,1.0
1916,0.0,1,959.0,1,1917,1,False,0.0,0,1.0,[2 1],[0. 1.],0,1,[0.4 0.4],1.0,0.0,1.0
1917,1.0,1,959.0,0,1918,0,False,1.0,1,0.0,[1 1],[0. 1.],1,1,[0.4 0.4],1.0,0.0,1.0
1918,0.0,1,960.0,1,1919,1,False,0.0,0,2.0,[1 1],[0. 1.],1,1,[0.4 0.4],1.0,0.0,1.0
1919,0.0,1,960.0,0,1920,0,False,2.0,1,0.0,[2 1],[0. 1.],1,1,[0.4 0.4],1.0,0.0,1.0
1920,0.0,1,961.0,1,1921,1,False,0.0,0,2.0,[2 1],[0. 1.],1,1,[0.4 0.4],1.0,0.0,1.0
1921,1.0,1,961.0,0,1922,0,False,2.0,1,0.0,[2 1],[0. 1.],1,1,[0.4 0.4],1.0,0.0,1.0
1922,0.0,1,962.0,1,1923,1,False,0.0,0,2.0,[2 1],[0. 1.],1,1,[0.4 0.4],1.0,0.0,1.0
1923,1.0,1,962.0,0,1924,0,False,2.0,1,0.0,[1 1],[0. 1.],1,1,[0.4 0.4],1.0,0.0,1.0
1924,0.0,1,963.0,1,1925,1,False,0.0,0,2.0,[1 1],[0. 1.],1,1,[0.4 0.4],1.0,0.0,1.0
1925,0.0,1,963.0,0,1926,0,False,2.0,1,0.0,[1 2],[0. 1.],0,1,[0.4 0.4],1.0,0.0,1.0
1926,0.0,1,964.0,1,1927,1,False,0.0,0,1.0,[1 2],[0. 1.],0,1,[0.4 0.4],1.0,0.0,1.0
1927,0.0,1,964.0,0,1928,0,False,1.0,1,0.0,[1 1],[0. 1.],1,1,[0.4 0.4],1.0,0.0,1.0
1928,0.0,1,965.0,1,1929,1,False,0.0,0,2.0,[1 1],[0. 1.],1,1,[0.4 0.4],1.0,0.0,1.0
1929,0.0,1,965.0,0,1930,0,False,2.0,1,0.0,[2 2],[0. 1.],1,1,[0.4 0.4],1.0,0.0,1.0
1930,0.0,1,966.0,2,1931,1,False,0.0,0,2.0,[2 2],[0. 1.],1,1,[0.4 0.4],1.0,0.0,1.0
1931,1.0,1,966.0,0,1932,0,False,2.0,1,0.0,[1 2],[0. 1.],1,1,[0.4 0.4],1.0,0.0,1.0
1932,0.0,1,967.0,2,1933,1,False,0.0,0,2.0,[1 2],[0. 1.],1,1,[0.4 0.4],1.0,0.0,1.0
1933,1.0,1,967.0,0,1934,0,False,2.0,1,0.0,[1 1],[0. 1.],1,1,[0.4 0.4],1.0,0.0,1.0
1934,0.0,1,968.0,2,1935,1,False,0.0,0,2.0,[1 1],[0. 1.],1,1,[0.4 0.4],1.0,0.0,1.0
1935,0.0,1,968.0,0,1936,0,False,2.0,1,0.0,[2 2],[0. 1.],1,1,[0.4 0.4],1.0,0.0,1.0
1936,0.0,1,969.0,2,1937,1,False,0.0,0,2.0,[2 2],[0. 1.],1,1,[0.4 0.4],1.0,0.0,1.0
1937,1.0,1,969.0,0,1938,0,False,2.0,1,0.0,[1 2],[0. 1.],0,1,[0.4 0.4],1.0,0.0,1.0
1938,0.0,1,970.0,2,1939,1,False,0.0,0,1.0,[1 2],[0. 1.],0,1,[0.4 0.4],1.0,0.0,1.0
1939,1.0,1,970.0,0,1940,0,False,1.0,1,0.0,[1 2],[0. 1.],1,1,[0.4 0.4],1.0,0.0,1.0
1940,0.0,1,971.0,2,1941,1,False,0.0,0,2.0,[1 2],[0. 1.],1,1,[0.4 0.4],1.0,0.0,1.0
1941,1.0,1,971.0,0,1942,0,False,2.0,1,0.0,[1 2],[0. 1.],0,1,[0.4 0.4],1.0,0.0,1.0
1942,0.0,1,972.0,2,1943,1,False,0.0,0,1.0,[1 2],[0. 1.],0,1,[0.4 0.4],1.0,0.0,1.0
1943,1.0,1,972.0,0,1944,0,False,1.0,1,0.0,[1 1],[0. 1.],1,1,[0.4 0.4],1.0,0.0,1.0
1944,0.0,1,973.0,2,1945,1,False,0.0,0,2.0,[1 1],[0. 1.],1,1,[0.4 0.4],1.0,0.0,1.0
1945,0.0,1,973.0,0,1946,0,False,2.0,1,0.0,[1 2],[0. 1.],0,1,[0.4 0.4],1.0,0.0,1.0
1946,0.0,1,974.0,2,1947,1,False,0.0,0,1.0,[1 2],[0. 1.],0,1,[0.4 0.4],1.0,0.0,1.0
1947,1.0,1,974.0,0,1948,0,False,1.0,1,0.0,[1 2],[0. 1.],1,1,[0.4 0.4],1.0,0.0,1.0
1948,0.0,1,975.0,2,1949,1,False,0.0,0,2.0,[1 2],[0. 1.],1,1,[0.4 0.4],1.0,0.0,1.0
1949,1.0,1,975.0,0,1950,0,False,2.0,1,0.0,[1 2],[0. 1.],1,1,[0.4 0.4],1.0,0.0,1.0
1950,0.0,1,976.0,2,1951,1,False,0.0,0,2.0,[1 2],[0. 1.],1,1,[0.4 0.4],1.0,0.0,1.0
1951,1.0,1,976.0,0,1952,0,False,2.0,1,0.0,[1 2],[0. 1.],1,1,[0.4 0.4],1.0,0.0,1.0
1952,0.0,1,977.0,2,1953,1,False,0.0,0,2.0,[1 2],[0. 1.],1,1,[0.4 0.4],1.0,0.0,1.0
1953,1.0,1,977.0,0,1954,0,False,2.0,1,0.0,[2 1],[0. 1.],1,1,[0.4 0.4],1.0,0.0,1.0
1954,0.0,1,978.0,2,1955,1,False,0.0,0,2.0,[2 1],[0. 1.],1,1,[0.4 0.4],1.0,0.0,1.0
1955,0.0,1,978.0,0,1956,0,False,2.0,1,0.0,[2 1],[0. 1.],1,1,[0.4 0.4],1.0,0.0,1.0
1956,0.0,1,979.0,2,1957,1,False,0.0,0,2.0,[2 1],[0. 1.],1,1,[0.4 0.4],1.0,0.0,1.0
1957,0.0,1,979.0,0,1958,0,False,2.0,1,0.0,[1 1],[0. 1.],0,1,[0.4 0.4],1.0,0.0,1.0
1958,0.0,1,980.0,2,1959,1,False,0.0,0,1.0,[1 1],[0. 1.],0,1,[0.4 0.4],1.0,0.0,1.0
1959,0.0,1,980.0,0,1960,0,False,1.0,1,0.0,[1 1],[0. 1.],1,1,[0.4 0.4],1.0,0.0,1.0
1960,0.0,1,981.0,2,1961,1,False,0.0,0,2.0,[1 1],[0. 1.],1,1,[0.4 0.4],1.0,0.0,1.0
1961,0.0,1,981.0,0,1962,0,False,2.0,1,0.0,[1 2],[0. 1.],0,1,[0.4 0.4],1.0,0.0,1.0
1962,0.0,1,982.0,1,1963,1,False,0.0,0,1.0,[1 2],[0. 1.],0,1,[0.4 0.4],1.0,0.0,1.0
1963,0.0,1,982.0,0,1964,0,False,1.0,1,0.0,[2 1],[0. 1.],1,1,[0.4 0.4],1.0,0.0,1.0
1964,0.0,1,983.0,2,1965,1,False,0.0,0,2.0,[2 1],[0. 1.],1,1,[0.4 0.4],1.0,0.0,1.0
1965,0.0,1,983.0,0,1966,0,False,2.0,1,0.0,[2 1],[0. 1.],1,1,[0.4 0.4],1.0,0.0,1.0
1966,0.0,1,984.0,2,1967,1,False,0.0,0,2.0,[2 1],[0. 1.],1,1,[0.4 0.4],1.0,0.0,1.0
1967,0.0,1,984.0,0,1968,0,False,2.0,1,0.0,[1 2],[0. 1.],1,1,[0.4 0.4],1.0,0.0,1.0
1968,0.0,1,985.0,1,1969,1,False,0.0,0,2.0,[1 2],[0. 1.],1,1,[0.4 0.4],1.0,0.0,1.0
1969,0.0,1,985.0,0,1970,0,False,2.0,1,0.0,[1 1],[0. 1.],0,1,[0.4 0.4],1.0,0.0,1.0
1970,0.0,1,986.0,2,1971,1,False,0.0,0,1.0,[1 1],[0. 1.],0,1,[0.4 0.4],1.0,0.0,1.0
1971,0.0,1,986.0,0,1972,0,False,1.0,1,0.0,[1 1],[0. 1.],0,1,[0.4 0.4],1.0,0.0,1.0
1972,0.0,1,987.0,1,1973,1,False,0.0,0,1.0,[1 1],[0. 1.],0,1,[0.4 0.4],1.0,0.0,1.0
1973,0.0,1,987.0,0,1974,0,False,1.0,1,0.0,[1 1],[0. 1.],0,1,[0.4 0.4],1.0,0.0,1.0
1974,0.0,1,988.0,2,1975,1,False,0.0,0,1.0,[1 1],[0. 1.],0,1,[0.4 0.4],1.0,0.0,1.0
1975,0.0,1,988.0,0,1976,0,False,1.0,1,0.0,[1 2],[0. 1.],1,1,[0.4 0.4],1.0,0.0,1.0
1976,0.0,1,989.0,1,1977,1,False,0.0,0,2.0,[1 2],[0. 1.],1,1,[0.4 0.4],1.0,0.0,1.0
1977,0.0,1,989.0,0,1978,0,False,2.0,1,0.0,[1 1],[0. 1.],1,1,[0.4 0.4],1.0,0.0,1.0
1978,0.0,1,990.0,2,1979,1,False,0.0,0,2.0,[1 1],[0. 1.],1,1,[0.4 0.4],1.0,0.0,1.0
1979,0.0,1,990.0,0,1980,0,False,2.0,1,0.0,[1 1],[0. 1.],0,1,[0.4 0.4],1.0,0.0,1.0
1980,0.0,1,991.0,1,1981,1,False,0.0,0,1.0,[1 1],[0. 1.],0,1,[0.4 0.4],1.0,0.0,1.0
1981,0.0,1,991.0,0,1982,0,False,1.0,1,0.0,[2 1],[0. 1.],1,1,[0.4 0.4],1.0,0.0,1.0
1982,0.0,1,992.0,2,1983,1,False,0.0,0,2.0,[2 1],[0. 1.],1,1,[0.4 0.4],1.0,0.0,1.0
1983,0.0,1,992.0,0,1984,0,False,2.0,1,0.0,[1 2],[0. 1.],1,1,[0.4 0.4],1.0,0.0,1.0
1984,0.0,1,993.0,2,1985,1,False,0.0,0,2.0,[1 2],[0. 1.],1,1,[0.4 0.4],1.0,0.0,1.0
1985,1.0,1,993.0,0,1986,0,False,2.0,1,0.0,[2 1],[0. 1.],1,1,[0.4 0.4],1.0,0.0,1.0
1986,0.0,1,994.0,2,1987,1,False,0.0,0,2.0,[2 1],[0. 1.],1,1,[0.4 0.4],1.0,0.0,1.0
1987,0.0,1,994.0,0,1988,0,False,2.0,1,0.0,[1 2],[0. 1.],1,1,[0.4 0.4],1.0,0.0,1.0
1988,0.0,1,995.0,2,1989,1,False,0.0,0,2.0,[1 2],[0. 1.],1,1,[0.4 0.4],1.0,0.0,1.0
1989,1.0,1,995.0,0,1990,0,False,2.0,1,0.0,[1 1],[0. 1.],0,1,[0.4 0.4],1.0,0.0,1.0
1990,0.0,1,996.0,2,1991,1,False,0.0,0,1.0,[1 1],[0. 1.],0,1,[0.4 0.4],1.0,0.0,1.0
1991,0.0,1,996.0,0,1992,0,False,1.0,1,0.0,[2 1],[0. 1.],0,1,[0.4 0.4],1.0,0.0,1.0
1992,0.0,1,997.0,2,1993,1,False,0.0,0,1.0,[2 1],[0. 1.],0,1,[0.4 0.4],1.0,0.0,1.0
1993,0.0,1,997.0,0,1994,0,False,1.0,1,0.0,[2 1],[1. 0.],0,0,[0.4 0.4],1.0,0.0,1.0
1994,0.0,1,998.0,1,1995,1,False,0.0,0,1.0,[2 1],[1. 0.],0,0,[0.4 0.4],1.0,0.0,1.0
1995,0.0,1,998.0,0,1996,0,False,1.0,1,0.0,[1 1],[1. 0.],1,0,[0.4 0.4],1.0,0.0,1.0
1996,0.0,1,999.0,2,1997,1,False,0.0,0,2.0,[1 1],[1. 0.],1,0,[0.4 0.4],1.0,0.0,1.0
1997,1.0,1,999.0,0,1998,0,False,2.0,1,0.0,[2 2],[1. 0.],0,0,[0.4 0.4],1.0,0.0,1.0
1998,0.0,1,1000.0,2,1999,1,False,0.0,0,1.0,[2 2],[1. 0.],0,0,[0.4 0.4],1.0,0.0,1.0
1999,0.0,1,1000.0,0,2000,0,True,1.0,1,0.0,[1 1],[1. 0.],1,0,[0.4 0.4],1.0,0.0,1.0
0,0.0,1,1.0,2,1,1,False,0.0,0,1.0,[1 1],[1. 0.],0,0,[0.4 0.4],1.0,0.0,1.0
1,1.0,1,1.0,0,2,0,False,1.0,1,0.0,[2 2],[1. 0.],1,0,[0.4 0.4],1.0,0.0,1.0
2,0.0,1,2.0,2,3,1,False,0.0,0,2.0,[2 2],[1. 0.],1,0,[0.4 0.4],1.0,0.0,1.0
3,0.0,1,2.0,0,4,0,False,2.0,1,0.0,[1 2],[1. 0.],0,0,[0.4 0.4],1.0,0.0,1.0
4,0.0,1,3.0,1,5,1,False,0.0,0,1.0,[1 2],[1. 0.],0,0,[0.4 0.4],1.0,0.0,1.0
5,1.0,1,3.0,0,6,0,False,1.0,1,0.0,[2 2],[1. 0.],0,0,[0.4 0.4],1.0,0.0,1.0
6,0.0,1,4.0,1,7,1,False,0.0,0,1.0,[2 2],[1. 0.],0,0,[0.4 0.4],1.0,0.0,1.0
7,0.0,1,4.0,0,8,0,False,1.0,1,0.0,[1 2],[1. 0.],0,0,[0.4 0.4],1.0,0.0,1.0
8,0.0,1,5.0,1,9,1,False,0.0,0,1.0,[1 2],[1. 0.],0,0,[0.4 0.4],1.0,0.0,1.0
9,1.0,1,5.0,0,10,0,False,1.0,1,0.0,[1 1],[1. 0.],1,0,[0.4 0.4],1.0,0.0,1.0
10,0.0,1,6.0,1,11,1,False,0.0,0,2.0,[1 1],[1. 0.],1,0,[0.4 0.4],1.0,0.0,1.0
11,1.0,1,6.0,0,12,0,False,2.0,1,0.0,[1 2],[1. 0.],1,0,[0.4 0.4],1.0,0.0,1.0
12,0.0,1,7.0,1,13,1,False,0.0,0,2.0,[1 2],[1. 0.],1,0,[0.4 0.4],1.0,0.0,1.0
13,1.0,1,7.0,0,14,0,False,2.0,1,0.0,[2 2],[1. 0.],0,0,[0.4 0.4],1.0,0.0,1.0
14,0.0,1,8.0,1,15,1,False,0.0,0,1.0,[2 2],[1. 0.],0,0,[0.4 0.4],1.0,0.0,1.0
15,0.0,1,8.0,0,16,0,False,1.0,1,0.0,[1 1],[1. 0.],1,0,[0.4 0.4],1.0,0.0,1.0
16,0.0,1,9.0,1,17,1,False,0.0,0,2.0,[1 1],[1. 0.],1,0,[0.4 0.4],1.0,0.0,1.0
17,1.0,1,9.0,0,18,0,False,2.0,1,0.0,[1 1],[1. 0.],0,0,[0.4 0.4],1.0,0.0,1.0
18,0.0,1,10.0,1,19,1,False,0.0,0,1.0,[1 1],[1. 0.],0,0,[0.4 0.4],1.0,0.0,1.0
19,1.0,1,10.0,0,20,0,False,1.0,1,0.0,[2 1],[1. 0.],1,0,[0.4 0.4],1.0,0.0,1.0
20,0.0,1,11.0,1,21,1,False,0.0,0,2.0,[2 1],[1. 0.],1,0,[0.4 0.4],1.0,0.0,1.0
21,0.0,1,11.0,0,22,0,False,2.0,1,0.0,[1 2],[1. 0.],0,0,[0.4 0.4],1.0,0.0,1.0
22,0.0,1,12.0,1,23,1,False,0.0,0,1.0,[1 2],[1. 0.],0,0,[0.4 0.4],1.0,0.0,1.0
23,1.0,1,12.0,0,24,0,False,1.0,1,0.0,[2 2],[1. 0.],0,0,[0.4 0.4],1.0,0.0,1.0
24,0.0,1,13.0,1,25,1,False,0.0,0,1.0,[2 2],[1. 0.],0,0,[0.4 0.4],1.0,0.0,1.0
25,0.0,1,13.0,0,26,0,False,1.0,1,0.0,[1 2],[1. 0.],1,0,[0.4 0.4],1.0,0.0,1.0
26,0.0,1,14.0,1,27,1,False,0.0,0,2.0,[1 2],[1. 0.],1,0,[0.4 0.4],1.0,0.0,1.0
27,1.0,1,14.0,0,28,0,False,2.0,1,0.0,[1 1],[1. 0.],1,0,[0.4 0.4],1.0,0.0,1.0
28,0.0,1,15.0,1,29,1,False,0.0,0,2.0,[1 1],[1. 0.],1,0,[0.4 0.4],1.0,0.0,1.0
29,1.0,1,15.0,0,30,0,False,2.0,1,0.0,[1 2],[1. 0.],0,0,[0.4 0.4],1.0,0.0,1.0
30,0.0,1,16.0,1,31,1,False,0.0,0,1.0,[1 2],[1. 0.],0,0,[0.4 0.4],1.0,0.0,1.0
31,1.0,1,16.0,0,32,0,False,1.0,1,0.0,[1 1],[1. 0.],0,0,[0.4 0.4],1.0,0.0,1.0
32,0.0,1,17.0,1,33,1,False,0.0,0,1.0,[1 1],[1. 0.],0,0,[0.4 0.4],1.0,0.0,1.0
33,1.0,1,17.0,0,34,0,False,1.0,1,0.0,[1 2],[1. 0.],0,0,[0.4 0.4],1.0,0.0,1.0
34,0.0,1,18.0,1,35,1,False,0.0,0,1.0,[1 2],[1. 0.],0,0,[0.4 0.4],1.0,0.0,1.0
35,1.0,1,18.0,0,36,0,False,1.0,1,0.0,[1 1],[1. 0.],0,0,[0.4 0.4],1.0,0.0,1.0
36,0.0,1,19.0,1,37,1,False,0.0,0,1.0,[1 1],[1. 0.],0,0,[0.4 0.4],1.0,0.0,1.0
37,1.0,1,19.0,0,38,0,False,1.0,1,0.0,[2 2],[1. 0.],1,0,[0.4 0.4],1.0,0.0,1.0
38,0.0,1,20.0,1,39,1,False,0.0,0,2.0,[2 2],[1. 0.],1,0,[0.4 0.4],1.0,0.0,1.0
39,0.0,1,20.0,0,40,0,False,2.0,1,0.0,[1 1],[1. 0.],0,0,[0.4 0.4],1.0,0.0,1.0
40,0.0,1,21.0,1,41,1,False,0.0,0,1.0,[1 1],[1. 0.],0,0,[0.4 0.4],1.0,0.0,1.0
41,1.0,1,21.0,0,42,0,False,1.0,1,0.0,[1 1],[1. 0.],1,0,[0.4 0.4],1.0,0.0,1.0
42,0.0,1,22.0,1,43,1,False,0.0,0,2.0,[1 1],[1. 0.],1,0,[0.4 0.4],1.0,0.0,1.0
43,1.0,1,22.0,0,44,0,False,2.0,1,0.0,[1 2],[1. 0.],1,0,[0.4 0.4],1.0,0.0,1.0
44,0.0,1,23.0,1,45,1,False,0.0,0,2.0,[1 2],[1. 0.],1,0,[0.4 0.4],1.0,0.0,1.0
45,1.0,1,23.0,0,46,0,False,2.0,1,0.0,[1 2],[1. 0.],1,0,[0.4 0.4],1.0,0.0,1.0
46,0.0,1,24.0,1,47,1,False,0.0,0,2.0,[1 2],[1. 0.],1,0,[0.4 0.4],1.0,0.0,1.0
47,1.0,1,24.0,0,48,0,False,2.0,1,0.0,[1 2],[1. 0.],0,0,[0.4 0.4],1.0,0.0,1.0
48,0.0,1,25.0,1,49,1,False,0.0,0,1.0,[1 2],[1. 0.],0,0,[0.4 0.4],1.0,0.0,1.0
49,1.0,1,25.0,0,50,0,False,1.0,1,0.0,[1 2],[1. 0.],0,0,[0.4 0.4],1.0,0.0,1.0
50,0.0,1,26.0,1,51,1,False,0.0,0,1.0,[1 2],[1. 0.],0,0,[0.4 0.4],1.0,0.0,1.0
51,1.0,1,26.0,0,52,0,False,1.0,1,0.0,[1 2],[1. 0.],0,0,[0.4 0.4],1.0,0.0,1.0
52,0.0,1,27.0,1,53,1,False,0.0,0,1.0,[1 2],[1. 0.],0,0,[0.4 0.4],1.0,0.0,1.0
53,1.0,1,27.0,0,54,0,False,1.0,1,0.0,[1 1],[1. 0.],1,0,[0.4 0.4],1.0,0.0,1.0
54,0.0,1,28.0,1,55,1,False,0.0,0,2.0,[1 1],[1. 0.],1,0,[0.4 0.4],1.0,0.0,1.0
55,1.0,1,28.0,0,56,0,False,2.0,1,0.0,[1 2],[1. 0.],1,0,[0.4 0.4],1.0,0.0,1.0
56,0.0,1,29.0,1,57,1,False,0.0,0,2.0,[1 2],[1. 0.],1,0,[0.4 0.4],1.0,0.0,1.0
57,1.0,1,29.0,0,58,0,False,2.0,1,0.0,[1 1],[1. 0.],0,0,[0.4 0.4],1.0,0.0,1.0
58,0.0,1,30.0,1,59,1,False,0.0,0,1.0,[1 1],[1. 0.],0,0,[0.4 0.4],1.0,0.0,1.0
59,1.0,1,30.0,0,60,0,False,1.0,1,0.0,[1 1],[1. 0.],1,0,[0.4 0.4],1.0,0.0,1.0
60,0.0,1,31.0,1,61,1,False,0.0,0,2.0,[1 1],[1. 0.],1,0,[0.4 0.4],1.0,0.0,1.0
61,1.0,1,31.0,0,62,0,False,2.0,1,0.0,[1 2],[1. 0.],1,0,[0.4 0.4],1.0,0.0,1.0
62,0.0,1,32.0,1,63,1,False,0.0,0,2.0,[1 2],[1. 0.],1,0,[0.4 0.4],1.0,0.0,1.0
63,1.0,1,32.0,0,64,0,False,2.0,1,0.0,[2 1],[1. 0.],1,0,[0.4 0.4],1.0,0.0,1.0
64,0.0,1,33.0,1,65,1,False,0.0,0,2.0,[2 1],[1. 0.],1,0,[0.4 0.4],1.0,0.0,1.0
65,0.0,1,33.0,0,66,0,False,2.0,1,0.0,[1 2],[1. 0.],0,0,[0.4 0.4],1.0,0.0,1.0
66,0.0,1,34.0,1,67,1,False,0.0,0,1.0,[1 2],[1. 0.],0,0,[0.4 0.4],1.0,0.0,1.0
67,1.0,1,34.0,0,68,0,False,1.0,1,0.0,[2 1],[1. 0.],0,0,[0.4 0.4],1.0,0.0,1.0
68,0.0,1,35.0,1,69,1,False,0.0,0,1.0,[2 1],[1. 0.],0,0,[0.4 0.4],1.0,0.0,1.0
69,0.0,1,35.0,0,70,0,False,1.0,1,0.0,[2 1],[1. 0.],0,0,[0.4 0.4],1.0,0.0,1.0
70,0.0,1,36.0,1,71,1,False,0.0,0,1.0,[2 1],[1. 0.],0,0,[0.4 0.4],1.0,0.0,1.0
71,0.0,1,36.0,0,72,0,False,1.0,1,0.0,[2 1],[1. 0.],0,0,[0.4 0.4],1.0,0.0,1.0
72,0.0,1,37.0,1,73,1,False,0.0,0,1.0,[2 1],[1. 0.],0,0,[0.4 0.4],1.0,0.0,1.0
73,0.0,1,37.0,0,74,0,False,1.0,1,0.0,[2 1],[1. 0.],1,0,[0.4 0.4],1.0,0.0,1.0
74,0.0,1,38.0,2,75,1,False,0.0,0,2.0,[2 1],[1. 0.],1,0,[0.4 0.4],1.0,0.0,1.0
75,1.0,1,38.0,0,76,0,False,2.0,1,0.0,[2 2],[1. 0.],0,0,[0.4 0.4],1.0,0.0,1.0
76,0.0,1,39.0,2,77,1,False,0.0,0,1.0,[2 2],[1. 0.],0,0,[0.4 0.4],1.0,0.0,1.0
77,0.0,1,39.0,0,78,0,False,1.0,1,0.0,[2 1],[1. 0.],1,0,[0.4 0.4],1.0,0.0,1.0
78,0.0,1,40.0,2,79,1,False,0.0,0,2.0,[2 1],[1. 0.],1,0,[0.4 0.4],1.0,0.0,1.0
79,1.0,1,40.0,0,80,0,False,2.0,1,0.0,[1 2],[1. 0.],1,0,[0.4 0.4],1.0,0.0,1.0
80,0.0,1,41.0,2,81,1,False,0.0,0,2.0,[1 2],[1. 0.],1,0,[0.4 0.4],1.0,0.0,1.0
81,0.0,1,41.0,0,82,0,False,2.0,1,0.0,[1 2],[1. 0.],0,0,[0.4 0.4],1.0,0.0,1.0
82,0.0,1,42.0,1,83,1,False,0.0,0,1.0,[1 2],[1. 0.],0,0,[0.4 0.4],1.0,0.0,1.0
83,1.0,1,42.0,0,84,0,False,1.0,1,0.0,[1 2],[1. 0.],1,0,[0.4 0.4],1.0,0.0,1.0
84,0.0,1,43.0,1,85,1,False,0.0,0,2.0,[1 2],[1. 0.],1,0,[0.4 0.4],1.0,0.0,1.0
85,1.0,1,43.0,0,86,0,False,2.0,1,0.0,[1 1],[1. 0.],0,0,[0.4 0.4],1.0,0.0,1.0
86,0.0,1,44.0,1,87,1,False,0.0,0,1.0,[1 1],[1. 0.],0,0,[0.4 0.4],1.0,0.0,1.0
87,1.0,1,44.0,0,88,0,False,1.0,1,0.0,[1 2],[1. 0.],0,0,[0.4 0.4],1.0,0.0,1.0
88,0.0,1,45.0,1,89,1,False,0.0,0,1.0,[1 2],[1. 0.],0,0,[0.4 0.4],1.0,0.0,1.0
89,1.0,1,45.0,0,90,0,False,1.0,1,0.0,[2 2],[1. 0.],0,0,[0.4 0.4],1.0,0.0,1.0
90,0.0,1,46.0,1,91,1,False,0.0,0,1.0,[2 2],[1. 0.],0,0,[0.4 0.4],1.0,0.0,1.0
91,0.0,1,46.0,0,92,0,False,1.0,1,0.0,[1 1],[1. 0.],1,0,[0.4 0.4],1.0,0.0,1.0
92,0.0,1,47.0,1,93,1,False,0.0,0,2.0,[1 1],[1. 0.],1,0,[0.4 0.4],1.0,0.0,1.0
93,1.0,1,47.0,0,94,0,False,2.0,1,0.0,[2 2],[1. 0.],1,0,[0.4 0.4],1.0,0.0,1.0
94,0.0,1,48.0,1,95,1,False,0.0,0,2.0,[2 2],[1. 0.],1,0,[0.4 0.4],1.0,0.0,1.0
95,0.0,1,48.0,0,96,0,False,2.0,1,0.0,[2 1],[1. 0.],1,0,[0.4 0.4],1.0,0.0,1.0
96,0.0,1,49.0,1,97,1,False,0.0,0,2.0,[2 1],[1. 0.],1,0,[0.4 0.4],1.0,0.0,1.0
97,0.0,1,49.0,0,98,0,False,2.0,1,0.0,[1 1],[1. 0.],1,0,[0.4 0.4],1.0,0.0,1.0
98,0.0,1,50.0,2,99,1,False,0.0,0,2.0,[1 1],[1. 0.],1,0,[0.4 0.4],1.0,0.0,1.0
99,1.0,1,50.0,0,100,0,False,2.0,1,0.0,[2 1],[1. 0.],1,0,[0.4 0.4],1.0,0.0,1.0
100,0.0,1,51.0,2,101,1,False,0.0,0,2.0,[2 1],[1. 0.],1,0,[0.4 0.4],1.0,0.0,1.0
101,1.0,1,51.0,0,102,0,False,2.0,1,0.0,[2 2],[1. 0.],0,0,[0.4 0.4],1.0,0.0,1.0
102,0.0,1,52.0,2,103,1,False,0.0,0,1.0,[2 2],[1. 0.],0,0,[0.4 0.4],1.0,0.0,1.0
103,0.0,1,52.0,0,104,0,False,1.0,1,0.0,[2 1],[1. 0.],0,0,[0.4 0.4],1.0,0.0,1.0
104,0.0,1,53.0,2,105,1,False,0.0,0,1.0,[2 1],[1. 0.],0,0,[0.4 0.4],1.0,0.0,1.0
105,1.0,1,53.0,0,106,0,False,1.0,1,0.0,[1 2],[1. 0.],0,0,[0.4 0.4],1.0,0.0,1.0
106,0.0,1,54.0,2,107,1,False,0.0,0,1.0,[1 2],[1. 0.],0,0,[0.4 0.4],1.0,0.0,1.0
107,0.0,1,54.0,0,108,0,False,1.0,1,0.0,[1 1],[1. 0.],1,0,[0.4 0.4],1.0,0.0,1.0
108,0.0,1,55.0,2,109,1,False,0.0,0,2.0,[1 1],[1. 0.],1,0,[0.4 0.4],1.0,0.0,1.0
109,1.0,1,55.0,0,110,0,False,2.0,1,0.0,[2 2],[1. 0.],1,0,[0.4 0.4],1.0,0.0,1.0
110,0.0,1,56.0,2,111,1,False,0.0,0,2.0,[2 2],[1. 0.],1,0,[0.4 0.4],1.0,0.0,1.0
111,0.0,1,56.0,0,112,0,False,2.0,1,0.0,[1 2],[1. 0.],0,0,[0.4 0.4],1.0,0.0,1.0
112,0.0,1,57.0,2,113,1,False,0.0,0,1.0,[1 2],[1. 0.],0,0,[0.4 0.4],1.0,0.0,1.0
113,0.0,1,57.0,0,114,0,False,1.0,1,0.0,[1 2],[0. 1.],1,1,[0.4 0.4],1.0,0.0,1.0
114,0.0,1,58.0,1,115,1,False,0.0,0,2.0,[1 2],[0. 1.],1,1,[0.4 0.4],1.0,0.0,1.0
115,0.0,1,58.0,0,116,0,False,2.0,1,0.0,[2 2],[0. 1.],0,1,[0.4 0.4],1.0,0.0,1.0
116,0.0,1,59.0,2,117,1,False,0.0,0,1.0,[2 2],[0. 1.],0,1,[0.4 0.4],1.0,0.0,1.0
117,1.0,1,59.0,0,118,0,False,1.0,1,0.0,[2 1],[0. 1.],1,1,[0.4 0.4],1.0,0.0,1.0
118,0.0,1,60.0,2,119,1,False,0.0,0,2.0,[2 1],[0. 1.],1,1,[0.4 0.4],1.0,0.0,1.0
119,0.0,1,60.0,0,120,0,False,2.0,1,0.0,[1 1],[0. 1.],1,1,[0.4 0.4],1.0,0.0,1.0
120,0.0,1,61.0,1,121,1,False,0.0,0,2.0,[1 1],[0. 1.],1,1,[0.4 0.4],1.0,0.0,1.0
121,0.0,1,61.0,0,122,0,False,2.0,1,0.0,[2 1],[0. 1.],1,1,[0.4 0.4],1.0,0.0,1.0
122,0.0,1,62.0,2,123,1,False,0.0,0,2.0,[2 1],[0. 1.],1,1,[0.4 0.4],1.0,0.0,1.0
123,0.0,1,62.0,0,124,0,False,2.0,1,0.0,[1 1],[0. 1.],0,1,[0.4 0.4],1.0,0.0,1.0
124,0.0,1,63.0,1,125,1,False,0.0,0,1.0,[1 1],[0. 1.],0,1,[0.4 0.4],1.0,0.0,1.0
125,0.0,1,63.0,0,126,0,False,1.0,1,0.0,[2 1],[0. 1.],0,1,[0.4 0.4],1.0,0.0,1.0
126,0.0,1,64.0,2,127,1,False,0.0,0,1.0,[2 1],[0. 1.],0,1,[0.4 0.4],1.0,0.0,1.0
127,0.0,1,64.0,0,128,0,False,1.0,1,0.0,[2 1],[0. 1.],1,1,[0.4 0.4],1.0,0.0,1.0
128,0.0,1,65.0,1,129,1,False,0.0,0,2.0,[2 1],[0. 1.],1,1,[0.4 0.4],1.0,0.0,1.0
129,1.0,1,65.0,0,130,0,False,2.0,1,0.0,[1 1],[0. 1.],1,1,[0.4 0.4],1.0,0.0,1.0
130,0.0,1,66.0,1,131,1,False,0.0,0,2.0,[1 1],[0. 1.],1,1,[0.4 0.4],1.0,0.0,1.0
131,0.0,1,66.0,0,132,0,False,2.0,1,0.0,[2 1],[0. 1.],1,1,[0.4 0.4],1.0,0.0,1.0
132,0.0,1,67.0,2,133,1,False,0.0,0,2.0,[2 1],[0. 1.],1,1,[0.4 0.4],1.0,0.0,1.0
133,0.0,1,67.0,0,134,0,False,2.0,1,0.0,[1 1],[1. 0.],1,0,[0.4 0.4],1.0,0.0,1.0
134,0.0,1,68.0,1,135,1,False,0.0,0,2.0,[1 1],[1. 0.],1,0,[0.4 0.4],1.0,0.0,1.0
135,1.0,1,68.0,0,136,0,False,2.0,1,0.0,[2 1],[1. 0.],0,0,[0.4 0.4],1.0,0.0,1.0
136,0.0,1,69.0,1,137,1,False,0.0,0,1.0,[2 1],[1. 0.],0,0,[0.4 0.4],1.0,0.0,1.0
137,0.0,1,69.0,0,138,0,False,1.0,1,0.0,[2 2],[1. 0.],1,0,[0.4 0.4],1.0,0.0,1.0
138,0.0,1,70.0,1,139,1,False,0.0,0,2.0,[2 2],[1. 0.],1,0,[0.4 0.4],1.0,0.0,1.0
139,0.0,1,70.0,0,140,0,False,2.0,1,0.0,[1 2],[1. 0.],1,0,[0.4 0.4],1.0,0.0,1.0
140,0.0,1,71.0,2,141,1,False,0.0,0,2.0,[1 2],[1. 0.],1,0,[0.4 0.4],1.0,0.0,1.0
141,0.0,1,71.0,0,142,0,False,2.0,1,0.0,[1 1],[1. 0.],0,0,[0.4 0.4],1.0,0.0,1.0
142,0.0,1,72.0,1,143,1,False,0.0,0,1.0,[1 1],[1. 0.],0,0,[0.4 0.4],1.0,0.0,1.0
143,1.0,1,72.0,0,144,0,False,1.0,1,0.0,[2 1],[1. 0.],0,0,[0.4 0.4],1.0,0.0,1.0
144,0.0,1,73.0,1,145,1,False,0.0,0,1.0,[2 1],[1. 0.],0,0,[0.4 0.4],1.0,0.0,1.0
145,0.0,1,73.0,0,146,0,False,1.0,1,0.0,[1 1],[0. 1.],0,1,[0.4 0.4],1.0,0.0,1.0
146,0.0,1,74.0,1,147,1,False,0.0,0,1.0,[1 1],[0. 1.],0,1,[0.4 0.4],1.0,0.0,1.0
147,0.0,1,74.0,0,148,0,False,1.0,1,0.0,[1 2],[0. 1.],0,1,[0.4 0.4],1.0,0.0,1.0
148,0.0,1,75.0,2,149,1,False,0.0,0,1.0,[1 2],[0. 1.],0,1,[0.4 0.4],1.0,0.0,1.0
149,1.0,1,75.0,0,150,0,False,1.0,1,0.0,[1 1],[0. 1.],1,1,[0.4 0.4],1.0,0.0,1.0
150,0.0,1,76.0,2,151,1,False,0.0,0,2.0,[1 1],[0. 1.],1,1,[0.4 0.4],1.0,0.0,1.0
151,0.0,1,76.0,0,152,0,False,2.0,1,0.0,[1 2],[0. 1.],0,1,[0.4 0.4],1.0,0.0,1.0
152,0.0,1,77.0,2,153,1,False,0.0,0,1.0,[1 2],[0. 1.],0,1,[0.4 0.4],1.0,0.0,1.0
153,1.0,1,77.0,0,154,0,False,1.0,1,0.0,[2 1],[0. 1.],0,1,[0.4 0.4],1.0,0.0,1.0
154,0.0,1,78.0,2,155,1,False,0.0,0,1.0,[2 1],[0. 1.],0,1,[0.4 0.4],1.0,0.0,1.0
155,0.0,1,78.0,0,156,0,False,1.0,1,0.0,[1 2],[0. 1.],0,1,[0.4 0.4],1.0,0.0,1.0
156,0.0,1,79.0,2,157,1,False,0.0,0,1.0,[1 2],[0. 1.],0,1,[0.4 0.4],1.0,0.0,1.0
157,1.0,1,79.0,0,158,0,False,1.0,1,0.0,[1 1],[0. 1.],1,1,[0.4 0.4],1.0,0.0,1.0
158,0.0,1,80.0,2,159,1,False,0.0,0,2.0,[1 1],[0. 1.],1,1,[0.4 0.4],1.0,0.0,1.0
159,0.0,1,80.0,0,160,0,False,2.0,1,0.0,[1 2],[0. 1.],0,1,[0.4 0.4],1.0,0.0,1.0
160,0.0,1,81.0,2,161,1,False,0.0,0,1.0,[1 2],[0. 1.],0,1,[0.4 0.4],1.0,0.0,1.0
161,1.0,1,81.0,0,162,0,False,1.0,1,0.0,[1 1],[0. 1.],1,1,[0.4 0.4],1.0,0.0,1.0
162,0.0,1,82.0,2,163,1,False,0.0,0,2.0,[1 1],[0. 1.],1,1,[0.4 0.4],1.0,0.0,1.0
163,0.0,1,82.0,0,164,0,False,2.0,1,0.0,[2 1],[0. 1.],0,1,[0.4 0.4],1.0,0.0,1.0
164,0.0,1,83.0,2,165,1,False,0.0,0,1.0,[2 1],[0. 1.],0,1,[0.4 0.4],1.0,0.0,1.0
165,0.0,1,83.0,0,166,0,False,1.0,1,0.0,[2 2],[0. 1.],1,1,[0.4 0.4],1.0,0.0,1.0
166,0.0,1,84.0,2,167,1,False,0.0,0,2.0,[2 2],[0. 1.],1,1,[0.4 0.4],1.0,0.0,1.0
167,1.0,1,84.0,0,168,0,False,2.0,1,0.0,[1 1],[0. 1.],1,1,[0.4 0.4],1.0,0.0,1.0
168,0.0,1,85.0,2,169,1,False,0.0,0,2.0,[1 1],[0. 1.],1,1,[0.4 0.4],1.0,0.0,1.0
169,0.0,1,85.0,0,170,0,False,2.0,1,0.0,[2 1],[0. 1.],0,1,[0.4 0.4],1.0,0.0,1.0
170,0.0,1,86.0,2,171,1,False,0.0,0,1.0,[2 1],[0. 1.],0,1,[0.4 0.4],1.0,0.0,1.0
171,0.0,1,86.0,0,172,0,False,1.0,1,0.0,[2 1],[0. 1.],1,1,[0.4 0.4],1.0,0.0,1.0
172,0.0,1,87.0,1,173,1,False,0.0,0,2.0,[2 1],[0. 1.],1,1,[0.4 0.4],1.0,0.0,1.0
173,1.0,1,87.0,0,174,0,False,2.0,1,0.0,[1 1],[0. 1.],1,1,[0.4 0.4],1.0,0.0,1.0
174,0.0,1,88.0,1,175,1,False,0.0,0,2.0,[1 1],[0. 1.],1,1,[0.4 0.4],1.0,0.0,1.0
175,0.0,1,88.0,0,176,0,False,2.0,1,0.0,[1 2],[0. 1.],1,1,[0.4 0.4],1.0,0.0,1.0
176,0.0,1,89.0,2,177,1,False,0.0,0,2.0,[1 2],[0. 1.],1,1,[0.4 0.4],1.0,0.0,1.0
177,1.0,1,89.0,0,178,0,False,2.0,1,0.0,[1 1],[0. 1.],1,1,[0.4 0.4],1.0,0.0,1.0
178,0.0,1,90.0,2,179,1,False,0.0,0,2.0,[1 1],[0. 1.],1,1,[0.4 0.4],1.0,0.0,1.0
179,0.0,1,90.0,0,180,0,False,2.0,1,0.0,[1 1],[0. 1.],0,1,[0.4 0.4],1.0,0.0,1.0
180,0.0,1,91.0,2,181,1,False,0.0,0,1.0,[1 1],[0. 1.],0,1,[0.4 0.4],1.0,0.0,1.0
181,0.0,1,91.0,0,182,0,False,1.0,1,0.0,[2 2],[0. 1.],0,1,[0.4 0.4],1.0,0.0,1.0
182,0.0,1,92.0,1,183,1,False,0.0,0,1.0,[2 2],[0. 1.],0,1,[0.4 0.4],1.0,0.0,1.0
183,1.0,1,92.0,0,184,0,False,1.0,1,0.0,[1 1],[0. 1.],1,1,[0.4 0.4],1.0,0.0,1.0
184,0.0,1,93.0,1,185,1,False,0.0,0,2.0,[1 1],[0. 1.],1,1,[0.4 0.4],1.0,0.0,1.0
185,0.0,1,93.0,0,186,0,False,2.0,1,0.0,[1 1],[0. 1.],1,1,[0.4 0.4],1.0,0.0,1.0
186,0.0,1,94.0,1,187,1,False,0.0,0,2.0,[1 1],[0. 1.],1,1,[0.4 0.4],1.0,0.0,1.0
187,0.0,1,94.0,0,188,0,False,2.0,1,0.0,[2 1],[0. 1.],0,1,[0.4 0.4],1.0,0.0,1.0
188,0.0,1,95.0,2,189,1,False,0.0,0,1.0,[2 1],[0. 1.],0,1,[0.4 0.4],1.0,0.0,1.0
189,0.0,1,95.0,0,190,0,False,1.0,1,0.0,[2 1],[0. 1.],0,1,[0.4 0.4],1.0,0.0,1.0
190,0.0,1,96.0,1,191,1,False,0.0,0,1.0,[2 1],[0. 1.],0,1,[0.4 0.4],1.0,0.0,1.0
191,1.0,1,96.0,0,192,0,False,1.0,1,0.0,[2 2],[0. 1.],0,1,[0.4 0.4],1.0,0.0,1.0
192,0.0,1,97.0,1,193,1,False,0.0,0,1.0,[2 2],[0. 1.],0,1,[0.4 0.4],1.0,0.0,1.0
193,1.0,1,97.0,0,194,0,False,1.0,1,0.0,[2 1],[0. 1.],0,1,[0.4 0.4],1.0,0.0,1.0
194,0.0,1,98.0,1,195,1,False,0.0,0,1.0,[2 1],[0. 1.],0,1,[0.4 0.4],1.0,0.0,1.0
195,1.0,1,98.0,0,196,0,False,1.0,1,0.0,[1 1],[0. 1.],1,1,[0.4 0.4],1.0,0.0,1.0
196,0.0,1,99.0,1,197,1,False,0.0,0,2.0,[1 1],[0. 1.],1,1,[0.4 0.4],1.0,0.0,1.0
197,0.0,1,99.0,0,198,0,False,2.0,1,0.0,[1 1],[0. 1.],1,1,[0.4 0.4],1.0,0.0,1.0
198,0.0,1,100.0,1,199,1,False,0.0,0,2.0,[1 1],[0. 1.],1,1,[0.4 0.4],1.0,0.0,1.0
199,0.0,1,100.0,0,200,0,False,2.0,1,0.0,[2 1],[0. 1.],0,1,[0.4 0.4],1.0,0.0,1.0
200,0.0,1,101.0,2,201,1,False,0.0,0,1.0,[2 1],[0. 1.],0,1,[0.4 0.4],1.0,0.0,1.0
201,0.0,1,101.0,0,202,0,False,1.0,1,0.0,[1 1],[0. 1.],1,1,[0.4 0.4],1.0,0.0,1.0
202,0.0,1,102.0,2,203,1,False,0.0,0,2.0,[1 1],[0. 1.],1,1,[0.4 0.4],1.0,0.0,1.0
203,0.0,1,102.0,0,204,0,False,2.0,1,0.0,[1 1],[0. 1.],1,1,[0.4 0.4],1.0,0.0,1.0
204,0.0,1,103.0,1,205,1,False,0.0,0,2.0,[1 1],[0. 1.],1,1,[0.4 0.4],1.0,0.0,1.0
205,0.0,1,103.0,0,206,0,False,2.0,1,0.0,[2 1],[0. 1.],0,1,[0.4 0.4],1.0,0.0,1.0
206,0.0,1,104.0,2,207,1,False,0.0,0,1.0,[2 1],[0. 1.],0,1,[0.4 0.4],1.0,0.0,1.0
207,0.0,1,104.0,0,208,0,False,1.0,1,0.0,[2 2],[0. 1.],0,1,[0.4 0.4],1.0,0.0,1.0
208,0.0,1,105.0,2,209,1,False,0.0,0,1.0,[2 2],[0. 1.],0,1,[0.4 0.4],1.0,0.0,1.0
209,1.0,1,105.0,0,210,0,False,1.0,1,0.0,[2 1],[0. 1.],0,1,[0.4 0.4],1.0,0.0,1.0
210,0.0,1,106.0,2,211,1,False,0.0,0,1.0,[2 1],[0. 1.],0,1,[0.4 0.4],1.0,0.0,1.0
211,0.0,1,106.0,0,212,0,False,1.0,1,0.0,[2 2],[0. 1.],0,1,[0.4 0.4],1.0,0.0,1.0
212,0.0,1,107.0,2,213,1,False,0.0,0,1.0,[2 2],[0. 1.],0,1,[0.4 0.4],1.0,0.0,1.0
213,1.0,1,107.0,0,214,0,False,1.0,1,0.0,[2 2],[0. 1.],1,1,[0.4 0.4],1.0,0.0,1.0
214,0.0,1,108.0,2,215,1,False,0.0,0,2.0,[2 2],[0. 1.],1,1,[0.4 0.4],1.0,0.0,1.0
215,1.0,1,108.0,0,216,0,False,2.0,1,0.0,[2 2],[0. 1.],0,1,[0.4 0.4],1.0,0.0,1.0
216,0.0,1,109.0,2,217,1,False,0.0,0,1.0,[2 2],[0. 1.],0,1,[0.4 0.4],1.0,0.0,1.0
217,1.0,1,109.0,0,218,0,False,1.0,1,0.0,[1 2],[0. 1.],1,1,[0.4 0.4],1.0,0.0,1.0
218,0.0,1,110.0,2,219,1,False,0.0,0,2.0,[1 2],[0. 1.],1,1,[0.4 0.4],1.0,0.0,1.0
219,1.0,1,110.0,0,220,0,False,2.0,1,0.0,[1 2],[0. 1.],0,1,[0.4 0.4],1.0,0.0,1.0
220,0.0,1,111.0,2,221,1,False,0.0,0,1.0,[1 2],[0. 1.],0,1,[0.4 0.4],1.0,0.0,1.0
221,1.0,1,111.0,0,222,0,False,1.0,1,0.0,[2 2],[0. 1.],0,1,[0.4 0.4],1.0,0.0,1.0
222,0.0,1,112.0,2,223,1,False,0.0,0,1.0,[2 2],[0. 1.],0,1,[0.4 0.4],1.0,0.0,1.0
223,1.0,1,112.0,0,224,0,False,1.0,1,0.0,[1 1],[1. 0.],1,0,[0.4 0.4],1.0,0.0,1.0
224,0.0,1,113.0,2,225,1,False,0.0,0,2.0,[1 1],[1. 0.],1,0,[0.4 0.4],1.0,0.0,1.0
225,1.0,1,113.0,0,226,0,False,2.0,1,0.0,[1 2],[1. 0.],0,0,[0.4 0.4],1.0,0.0,1.0
226,0.0,1,114.0,2,227,1,False,0.0,0,1.0,[1 2],[1. 0.],0,0,[0.4 0.4],1.0,0.0,1.0
227,0.0,1,114.0,0,228,0,False,1.0,1,0.0,[2 2],[1. 0.],0,0,[0.4 0.4],1.0,0.0,1.0
228,0.0,1,115.0,2,229,1,False,0.0,0,1.0,[2 2],[1. 0.],0,0,[0.4 0.4],1.0,0.0,1.0
229,0.0,1,115.0,0,230,0,False,1.0,1,0.0,[1 2],[0. 1.],0,1,[0.4 0.4],1.0,0.0,1.0
230,0.0,1,116.0,2,231,1,False,0.0,0,1.0,[1 2],[0. 1.],0,1,[0.4 0.4],1.0,0.0,1.0
231,1.0,1,116.0,0,232,0,False,1.0,1,0.0,[1 1],[0. 1.],0,1,[0.4 0.4],1.0,0.0,1.0
232,0.0,1,117.0,2,233,1,False,0.0,0,1.0,[1 1],[0. 1.],0,1,[0.4 0.4],1.0,0.0,1.0
233,0.0,1,117.0,0,234,0,False,1.0,1,0.0,[1 2],[0. 1.],0,1,[0.4 0.4],1.0,0.0,1.0
234,0.0,1,118.0,2,235,1,False,0.0,0,1.0,[1 2],[0. 1.],0,1,[0.4 0.4],1.0,0.0,1.0
235,1.0,1,118.0,0,236,0,False,1.0,1,0.0,[2 1],[0. 1.],0,1,[0.4 0.4],1.0,0.0,1.0
236,0.0,1,119.0,2,237,1,False,0.0,0,1.0,[2 1],[0. 1.],0,1,[0.4 0.4],1.0,0.0,1.0
237,0.0,1,119.0,0,238,0,False,1.0,1,0.0,[1 2],[0. 1.],0,1,[0.4 0.4],1.0,0.0,1.0
238,0.0,1,120.0,2,239,1,False,0.0,0,1.0,[1 2],[0. 1.],0,1,[0.4 0.4],1.0,0.0,1.0
239,1.0,1,120.0,0,240,0,False,1.0,1,0.0,[1 1],[0. 1.],0,1,[0.4 0.4],1.0,0.0,1.0
240,0.0,1,121.0,2,241,1,False,0.0,0,1.0,[1 1],[0. 1.],0,1,[0.4 0.4],1.0,0.0,1.0
241,0.0,1,121.0,0,242,0,False,1.0,1,0.0,[2 1],[0. 1.],1,1,[0.4 0.4],1.0,0.0,1.0
242,0.0,1,122.0,2,243,1,False,0.0,0,2.0,[2 1],[0. 1.],1,1,[0.4 0.4],1.0,0.0,1.0
243,0.0,1,122.0,0,244,0,False,2.0,1,0.0,[2 1],[0. 1.],0,1,[0.4 0.4],1.0,0.0,1.0
244,0.0,1,123.0,2,245,1,False,0.0,0,1.0,[2 1],[0. 1.],0,1,[0.4 0.4],1.0,0.0,1.0
245,0.0,1,123.0,0,246,0,False,1.0,1,0.0,[2 1],[0. 1.],1,1,[0.4 0.4],1.0,0.0,1.0
246,0.0,1,124.0,2,247,1,False,0.0,0,2.0,[2 1],[0. 1.],1,1,[0.4 0.4],1.0,0.0,1.0
247,0.0,1,124.0,0,248,0,False,2.0,1,0.0,[1 1],[0. 1.],0,1,[0.4 0.4],1.0,0.0,1.0
248,0.0,1,125.0,1,249,1,False,0.0,0,1.0,[1 1],[0. 1.],0,1,[0.4 0.4],1.0,0.0,1.0
249,0.0,1,125.0,0,250,0,False,1.0,1,0.0,[1 1],[0. 1.],0,1,[0.4 0.4],1.0,0.0,1.0
250,0.0,1,126.0,1,251,1,False,0.0,0,1.0,[1 1],[0. 1.],0,1,[0.4 0.4],1.0,0.0,1.0
251,0.0,1,126.0,0,252,0,False,1.0,1,0.0,[1 2],[0. 1.],0,1,[0.4 0.4],1.0,0.0,1.0
252,0.0,1,127.0,2,253,1,False,0.0,0,1.0,[1 2],[0. 1.],0,1,[0.4 0.4],1.0,0.0,1.0
253,1.0,1,127.0,0,254,0,False,1.0,1,0.0,[1 2],[0. 1.],0,1,[0.4 0.4],1.0,0.0,1.0
254,0.0,1,128.0,2,255,1,False,0.0,0,1.0,[1 2],[0. 1.],0,1,[0.4 0.4],1.0,0.0,1.0
255,1.0,1,128.0,0,256,0,False,1.0,1,0.0,[2 2],[0. 1.],0,1,[0.4 0.4],1.0,0.0,1.0
256,0.0,1,129.0,2,257,1,False,0.0,0,1.0,[2 2],[0. 1.],0,1,[0.4 0.4],1.0,0.0,1.0
257,1.0,1,129.0,0,258,0,False,1.0,1,0.0,[2 1],[0. 1.],0,1,[0.4 0.4],1.0,0.0,1.0
258,0.0,1,130.0,2,259,1,False,0.0,0,1.0,[2 1],[0. 1.],0,1,[0.4 0.4],1.0,0.0,1.0
259,0.0,1,130.0,0,260,0,False,1.0,1,0.0,[2 1],[0. 1.],0,1,[0.4 0.4],1.0,0.0,1.0
260,0.0,1,131.0,2,261,1,False,0.0,0,1.0,[2 1],[0. 1.],0,1,[0.4 0.4],1.0,0.0,1.0
261,0.0,1,131.0,0,262,0,False,1.0,1,0.0,[2 1],[0. 1.],0,1,[0.4 0.4],1.0,0.0,1.0
262,0.0,1,132.0,2,263,1,False,0.0,0,1.0,[2 1],[0. 1.],0,1,[0.4 0.4],1.0,0.0,1.0
263,0.0,1,132.0,0,264,0,False,1.0,1,0.0,[1 1],[0. 1.],1,1,[0.4 0.4],1.0,0.0,1.0
264,0.0,1,133.0,2,265,1,False,0.0,0,2.0,[1 1],[0. 1.],1,1,[0.4 0.4],1.0,0.0,1.0
265,0.0,1,133.0,0,266,0,False,2.0,1,0.0,[2 2],[0. 1.],0,1,[0.4 0.4],1.0,0.0,1.0
266,0.0,1,134.0,2,267,1,False,0.0,0,1.0,[2 2],[0. 1.],0,1,[0.4 0.4],1.0,0.0,1.0
267,1.0,1,134.0,0,268,0,False,1.0,1,0.0,[2 2],[0. 1.],0,1,[0.4 0.4],1.0,0.0,1.0
268,0.0,1,135.0,2,269,1,False,0.0,0,1.0,[2 2],[0. 1.],0,1,[0.4 0.4],1.0,0.0,1.0
269,1.0,1,135.0,0,270,0,False,1.0,1,0.0,[2 1],[0. 1.],1,1,[0.4 0.4],1.0,0.0,1.0
270,0.0,1,136.0,2,271,1,False,0.0,0,2.0,[2 1],[0. 1.],1,1,[0.4 0.4],1.0,0.0,1.0
271,0.0,1,136.0,0,272,0,False,2.0,1,0.0,[2 1],[0. 1.],1,1,[0.4 0.4],1.0,0.0,1.0
272,0.0,1,137.0,2,273,1,False,0.0,0,2.0,[2 1],[0. 1.],1,1,[0.4 0.4],1.0,0.0,1.0
273,0.0,1,137.0,0,274,0,False,2.0,1,0.0,[1 2],[0. 1.],0,1,[0.4 0.4],1.0,0.0,1.0
274,0.0,1,138.0,1,275,1,False,0.0,0,1.0,[1 2],[0. 1.],0,1,[0.4 0.4],1.0,0.0,1.0
275,0.0,1,138.0,0,276,0,False,1.0,1,0.0,[2 1],[0. 1.],1,1,[0.4 0.4],1.0,0.0,1.0
276,0.0,1,139.0,1,277,1,False,0.0,0,2.0,[2 1],[0. 1.],1,1,[0.4 0.4],1.0,0.0,1.0
277,1.0,1,139.0,0,278,0,False,2.0,1,0.0,[2 2],[0. 1.],0,1,[0.4 0.4],1.0,0.0,1.0
278,0.0,1,140.0,1,279,1,False,0.0,0,1.0,[2 2],[0. 1.],0,1,[0.4 0.4],1.0,0.0,1.0
279,1.0,1,140.0,0,280,0,False,1.0,1,0.0,[1 1],[0. 1.],0,1,[0.4 0.4],1.0,0.0,1.0
280,0.0,1,141.0,1,281,1,False,0.0,0,1.0,[1 1],[0. 1.],0,1,[0.4 0.4],1.0,0.0,1.0
281,0.0,1,141.0,0,282,0,False,1.0,1,0.0,[1 1],[0. 1.],1,1,[0.4 0.4],1.0,0.0,1.0
282,0.0,1,142.0,1,283,1,False,0.0,0,2.0,[1 1],[0. 1.],1,1,[0.4 0.4],1.0,0.0,1.0
283,0.0,1,142.0,0,284,0,False,2.0,1,0.0,[2 1],[0. 1.],1,1,[0.4 0.4],1.0,0.0,1.0
284,0.0,1,143.0,1,285,1,False,0.0,0,2.0,[2 1],[0. 1.],1,1,[0.4 0.4],1.0,0.0,1.0
285,1.0,1,143.0,0,286,0,False,2.0,1,0.0,[1 1],[0. 1.],1,1,[0.4 0.4],1.0,0.0,1.0
286,0.0,1,144.0,1,287,1,False,0.0,0,2.0,[1 1],[0. 1.],1,1,[0.4 0.4],1.0,0.0,1.0
287,0.0,1,144.0,0,288,0,False,2.0,1,0.0,[2 2],[0. 1.],0,1,[0.4 0.4],1.0,0.0,1.0
288,0.0,1,145.0,2,289,1,False,0.0,0,1.0,[2 2],[0. 1.],0,1,[0.4 0.4],1.0,0.0,1.0
289,1.0,1,145.0,0,290,0,False,1.0,1,0.0,[1 1],[0. 1.],1,1,[0.4 0.4],1.0,0.0,1.0
290,0.0,1,146.0,2,291,1,False,0.0,0,2.0,[1 1],[0. 1.],1,1,[0.4 0.4],1.0,0.0,1.0
291,0.0,1,146.0,0,292,0,False,2.0,1,0.0,[2 1],[0. 1.],0,1,[0.4 0.4],1.0,0.0,1.0
292,0.0,1,147.0,2,293,1,False,0.0,0,1.0,[2 1],[0. 1.],0,1,[0.4 0.4],1.0,0.0,1.0
293,0.0,1,147.0,0,294,0,False,1.0,1,0.0,[2 1],[0. 1.],1,1,[0.4 0.4],1.0,0.0,1.0
294,0.0,1,148.0,2,295,1,False,0.0,0,2.0,[2 1],[0. 1.],1,1,[0.4 0.4],1.0,0.0,1.0
295,0.0,1,148.0,0,296,0,False,2.0,1,0.0,[1 2],[0. 1.],0,1,[0.4 0.4],1.0,0.0,1.0
296,0.0,1,149.0,1,297,1,False,0.0,0,1.0,[1 2],[0. 1.],0,1,[0.4 0.4],1.0,0.0,1.0
297,0.0,1,149.0,0,298,0,False,1.0,1,0.0,[2 2],[0. 1.],1,1,[0.4 0.4],1.0,0.0,1.0
298,0.0,1,150.0,1,299,1,False,0.0,0,2.0,[2 2],[0. 1.],1,1,[0.4 0.4],1.0,0.0,1.0
299,1.0,1,150.0,0,300,0,False,2.0,1,0.0,[1 1],[0. 1.],1,1,[0.4 0.4],1.0,0.0,1.0
300,0.0,1,151.0,1,301,1,False,0.0,0,2.0,[1 1],[0. 1.],1,1,[0.4 0.4],1.0,0.0,1.0
301,0.0,1,151.0,0,302,0,False,2.0,1,0.0,[2 1],[0. 1.],1,1,[0.4 0.4],1.0,0.0,1.0
302,0.0,1,152.0,2,303,1,False,0.0,0,2.0,[2 1],[0. 1.],1,1,[0.4 0.4],1.0,0.0,1.0
303,0.0,1,152.0,0,304,0,False,2.0,1,0.0,[1 1],[0. 1.],0,1,[0.4 0.4],1.0,0.0,1.0
304,0.0,1,153.0,1,305,1,False,0.0,0,1.0,[1 1],[0. 1.],0,1,[0.4 0.4],1.0,0.0,1.0
305,0.0,1,153.0,0,306,0,False,1.0,1,0.0,[1 2],[0. 1.],1,1,[0.4 0.4],1.0,0.0,1.0
306,0.0,1,154.0,2,307,1,False,0.0,0,2.0,[1 2],[0. 1.],1,1,[0.4 0.4],1.0,0.0,1.0
307,1.0,1,154.0,0,308,0,False,2.0,1,0.0,[1 2],[0. 1.],0,1,[0.4 0.4],1.0,0.0,1.0
308,0.0,1,155.0,2,309,1,False,0.0,0,1.0,[1 2],[0. 1.],0,1,[0.4 0.4],1.0,0.0,1.0
309,1.0,1,155.0,0,310,0,False,1.0,1,0.0,[2 2],[0. 1.],0,1,[0.4 0.4],1.0,0.0,1.0
310,0.0,1,156.0,2,311,1,False,0.0,0,1.0,[2 2],[0. 1.],0,1,[0.4 0.4],1.0,0.0,1.0
311,1.0,1,156.0,0,312,0,False,1.0,1,0.0,[2 2],[0. 1.],1,1,[0.4 0.4],1.0,0.0,1.0
312,0.0,1,157.0,2,313,1,False,0.0,0,2.0,[2 2],[0. 1.],1,1,[0.4 0.4],1.0,0.0,1.0
313,1.0,1,157.0,0,314,0,False,2.0,1,0.0,[2 2],[0. 1.],1,1,[0.4 0.4],1.0,0.0,1.0
314,0.0,1,158.0,2,315,1,False,0.0,0,2.0,[2 2],[0. 1.],1,1,[0.4 0.4],1.0,0.0,1.0
315,1.0,1,158.0,0,316,0,False,2.0,1,0.0,[2 2],[0. 1.],1,1,[0.4 0.4],1.0,0.0,1.0
316,0.0,1,159.0,2,317,1,False,0.0,0,2.0,[2 2],[0. 1.],1,1,[0.4 0.4],1.0,0.0,1.0
317,1.0,1,159.0,0,318,0,False,2.0,1,0.0,[2 1],[0. 1.],1,1,[0.4 0.4],1.0,0.0,1.0
318,0.0,1,160.0,2,319,1,False,0.0,0,2.0,[2 1],[0. 1.],1,1,[0.4 0.4],1.0,0.0,1.0
319,0.0,1,160.0,0,320,0,False,2.0,1,0.0,[2 2],[0. 1.],0,1,[0.4 0.4],1.0,0.0,1.0
320,0.0,1,161.0,2,321,1,False,0.0,0,1.0,[2 2],[0. 1.],0,1,[0.4 0.4],1.0,0.0,1.0
321,1.0,1,161.0,0,322,0,False,1.0,1,0.0,[2 1],[0. 1.],1,1,[0.4 0.4],1.0,0.0,1.0
322,0.0,1,162.0,2,323,1,False,0.0,0,2.0,[2 1],[0. 1.],1,1,[0.4 0.4],1.0,0.0,1.0
323,0.0,1,162.0,0,324,0,False,2.0,1,0.0,[1 1],[0. 1.],1,1,[0.4 0.4],1.0,0.0,1.0
324,0.0,1,163.0,2,325,1,False,0.0,0,2.0,[1 1],[0. 1.],1,1,[0.4 0.4],1.0,0.0,1.0
325,0.0,1,163.0,0,326,0,False,2.0,1,0.0,[2 2],[0. 1.],0,1,[0.4 0.4],1.0,0.0,1.0
326,0.0,1,164.0,1,327,1,False,0.0,0,1.0,[2 2],[0. 1.],0,1,[0.4 0.4],1.0,0.0,1.0
327,1.0,1,164.0,0,328,0,False,1.0,1,0.0,[2 1],[0. 1.],1,1,[0.4 0.4],1.0,0.0,1.0
328,0.0,1,165.0,1,329,1,False,0.0,0,2.0,[2 1],[0. 1.],1,1,[0.4 0.4],1.0,0.0,1.0
329,1.0,1,165.0,0,330,0,False,2.0,1,0.0,[1 1],[0. 1.],0,1,[0.4 0.4],1.0,0.0,1.0
330,0.0,1,166.0,1,331,1,False,0.0,0,1.0,[1 1],[0. 1.],0,1,[0.4 0.4],1.0,0.0,1.0
331,0.0,1,166.0,0,332,0,False,1.0,1,0.0,[2 2],[0. 1.],1,1,[0.4 0.4],1.0,0.0,1.0
332,0.0,1,167.0,1,333,1,False,0.0,0,2.0,[2 2],[0. 1.],1,1,[0.4 0.4],1.0,0.0,1.0
333,1.0,1,167.0,0,334,0,False,2.0,1,0.0,[2 1],[0. 1.],1,1,[0.4 0.4],1.0,0.0,1.0
334,0.0,1,168.0,1,335,1,False,0.0,0,2.0,[2 1],[0. 1.],1,1,[0.4 0.4],1.0,0.0,1.0
335,1.0,1,168.0,0,336,0,False,2.0,1,0.0,[2 2],[0. 1.],0,1,[0.4 0.4],1.0,0.0,1.0
336,0.0,1,169.0,1,337,1,False,0.0,0,1.0,[2 2],[0. 1.],0,1,[0.4 0.4],1.0,0.0,1.0
337,1.0,1,169.0,0,338,0,False,1.0,1,0.0,[2 1],[0. 1.],0,1,[0.4 0.4],1.0,0.0,1.0
338,0.0,1,170.0,1,339,1,False,0.0,0,1.0,[2 1],[0. 1.],0,1,[0.4 0.4],1.0,0.0,1.0
339,1.0,1,170.0,0,340,0,False,1.0,1,0.0,[1 2],[0. 1.],0,1,[0.4 0.4],1.0,0.0,1.0
340,0.0,1,171.0,1,341,1,False,0.0,0,1.0,[1 2],[0. 1.],0,1,[0.4 0.4],1.0,0.0,1.0
341,0.0,1,171.0,0,342,0,False,1.0,1,0.0,[1 1],[0. 1.],0,1,[0.4 0.4],1.0,0.0,1.0
342,0.0,1,172.0,1,343,1,False,0.0,0,1.0,[1 1],[0. 1.],0,1,[0.4 0.4],1.0,0.0,1.0
343,0.0,1,172.0,0,344,0,False,1.0,1,0.0,[1 1],[0. 1.],1,1,[0.4 0.4],1.0,0.0,1.0
344,0.0,1,173.0,1,345,1,False,0.0,0,2.0,[1 1],[0. 1.],1,1,[0.4 0.4],1.0,0.0,1.0
345,0.0,1,173.0,0,346,0,False,2.0,1,0.0,[2 2],[1. 0.],1,0,[0.4 0.4],1.0,0.0,1.0
346,0.0,1,174.0,1,347,1,False,0.0,0,2.0,[2 2],[1. 0.],1,0,[0.4 0.4],1.0,0.0,1.0
347,0.0,1,174.0,0,348,0,False,2.0,1,0.0,[2 1],[1. 0.],1,0,[0.4 0.4],1.0,0.0,1.0
348,0.0,1,175.0,2,349,1,False,0.0,0,2.0,[2 1],[1. 0.],1,0,[0.4 0.4],1.0,0.0,1.0
349,1.0,1,175.0,0,350,0,False,2.0,1,0.0,[1 1],[1. 0.],1,0,[0.4 0.4],1.0,0.0,1.0
350,0.0,1,176.0,2,351,1,False,0.0,0,2.0,[1 1],[1. 0.],1,0,[0.4 0.4],1.0,0.0,1.0
351,1.0,1,176.0,0,352,0,False,2.0,1,0.0,[1 1],[1. 0.],0,0,[0.4 0.4],1.0,0.0,1.0
352,0.0,1,177.0,2,353,1,False,0.0,0,1.0,[1 1],[1. 0.],0,0,[0.4 0.4],1.0,0.0,1.0
353,1.0,1,177.0,0,354,0,False,1.0,1,0.0,[2 2],[1. 0.],0,0,[0.4 0.4],1.0,0.0,1.0
354,0.0,1,178.0,2,355,1,False,0.0,0,1.0,[2 2],[1. 0.],0,0,[0.4 0.4],1.0,0.0,1.0
355,0.0,1,178.0,0,356,0,False,1.0,1,0.0,[1 2],[1. 0.],1,0,[0.4 0.4],1.0,0.0,1.0
356,0.0,1,179.0,2,357,1,False,0.0,0,2.0,[1 2],[1. 0.],1,0,[0.4 0.4],1.0,0.0,1.0
357,0.0,1,179.0,0,358,0,False,2.0,1,0.0,[1 1],[1. 0.],0,0,[0.4 0.4],1.0,0.0,1.0
358,0.0,1,180.0,2,359,1,False,0.0,0,1.0,[1 1],[1. 0.],0,0,[0.4 0.4],1.0,0.0,1.0
359,1.0,1,180.0,0,360,0,False,1.0,1,0.0,[1 2],[1. 0.],0,0,[0.4 0.4],1.0,0.0,1.0
360,0.0,1,181.0,2,361,1,False,0.0,0,1.0,[1 2],[1. 0.],0,0,[0.4 0.4],1.0,0.0,1.0
361,0.0,1,181.0,0,362,0,False,1.0,1,0.0,[2 1],[1. 0.],1,0,[0.4 0.4],1.0,0.0,1.0
362,0.0,1,182.0,2,363,1,False,0.0,0,2.0,[2 1],[1. 0.],1,0,[0.4 0.4],1.0,0.0,1.0
363,1.0,1,182.0,0,364,0,False,2.0,1,0.0,[2 2],[1. 0.],1,0,[0.4 0.4],1.0,0.0,1.0
364,0.0,1,183.0,2,365,1,False,0.0,0,2.0,[2 2],[1. 0.],1,0,[0.4 0.4],1.0,0.0,1.0
365,0.0,1,183.0,0,366,0,False,2.0,1,0.0,[2 1],[1. 0.],0,0,[0.4 0.4],1.0,0.0,1.0
366,0.0,1,184.0,2,367,1,False,0.0,0,1.0,[2 1],[1. 0.],0,0,[0.4 0.4],1.0,0.0,1.0
367,1.0,1,184.0,0,368,0,False,1.0,1,0.0,[1 2],[1. 0.],0,0,[0.4 0.4],1.0,0.0,1.0
368,0.0,1,185.0,2,369,1,False,0.0,0,1.0,[1 2],[1. 0.],0,0,[0.4 0.4],1.0,0.0,1.0
369,0.0,1,185.0,0,370,0,False,1.0,1,0.0,[2 2],[1. 0.],0,0,[0.4 0.4],1.0,0.0,1.0
370,0.0,1,186.0,2,371,1,False,0.0,0,1.0,[2 2],[1. 0.],0,0,[0.4 0.4],1.0,0.0,1.0
371,0.0,1,186.0,0,372,0,False,1.0,1,0.0,[1 1],[1. 0.],1,0,[0.4 0.4],1.0,0.0,1.0
372,0.0,1,187.0,2,373,1,False,0.0,0,2.0,[1 1],[1. 0.],1,0,[0.4 0.4],1.0,0.0,1.0
373,1.0,1,187.0,0,374,0,False,2.0,1,0.0,[2 1],[1. 0.],1,0,[0.4 0.4],1.0,0.0,1.0
374,0.0,1,188.0,2,375,1,False,0.0,0,2.0,[2 1],[1. 0.],1,0,[0.4 0.4],1.0,0.0,1.0
375,1.0,1,188.0,0,376,0,False,2.0,1,0.0,[2 1],[1. 0.],0,0,[0.4 0.4],1.0,0.0,1.0
376,0.0,1,189.0,2,377,1,False,0.0,0,1.0,[2 1],[1. 0.],0,0,[0.4 0.4],1.0,0.0,1.0
377,1.0,1,189.0,0,378,0,False,1.0,1,0.0,[1 1],[1. 0.],0,0,[0.4 0.4],1.0,0.0,1.0
378,0.0,1,190.0,2,379,1,False,0.0,0,1.0,[1 1],[1. 0.],0,0,[0.4 0.4],1.0,0.0,1.0
379,1.0,1,190.0,0,380,0,False,1.0,1,0.0,[1 2],[1. 0.],1,0,[0.4 0.4],1.0,0.0,1.0
380,0.0,1,191.0,2,381,1,False,0.0,0,2.0,[1 2],[1. 0.],1,0,[0.4 0.4],1.0,0.0,1.0
381,0.0,1,191.0,0,382,0,False,2.0,1,0.0,[1 2],[1. 0.],0,0,[0.4 0.4],1.0,0.0,1.0
382,0.0,1,192.0,2,383,1,False,0.0,0,1.0,[1 2],[1. 0.],0,0,[0.4 0.4],1.0,0.0,1.0
383,0.0,1,192.0,0,384,0,False,1.0,1,0.0,[2 2],[1. 0.],1,0,[0.4 0.4],1.0,0.0,1.0
384,0.0,1,193.0,2,385,1,False,0.0,0,2.0,[2 2],[1. 0.],1,0,[0.4 0.4],1.0,0.0,1.0
385,0.0,1,193.0,0,386,0,False,2.0,1,0.0,[1 1],[1. 0.],1,0,[0.4 0.4],1.0,0.0,1.0
386,0.0,1,194.0,1,387,1,False,0.0,0,2.0,[1 1],[1. 0.],1,0,[0.4 0.4],1.0,0.0,1.0
387,1.0,1,194.0,0,388,0,False,2.0,1,0.0,[1 1],[1. 0.],1,0,[0.4 0.4],1.0,0.0,1.0
388,0.0,1,195.0,2,389,1,False,0.0,0,2.0,[1 1],[1. 0.],1,0,[0.4 0.4],1.0,0.0,1.0
389,1.0,1,195.0,0,390,0,False,2.0,1,0.0,[2 2],[1. 0.],1,0,[0.4 0.4],1.0,0.0,1.0
390,0.0,1,196.0,2,391,1,False,0.0,0,2.0,[2 2],[1. 0.],1,0,[0.4 0.4],1.0,0.0,1.0
391,0.0,1,196.0,0,392,0,False,2.0,1,0.0,[1 1],[1. 0.],0,0,[0.4 0.4],1.0,0.0,1.0
392,0.0,1,197.0,1,393,1,False,0.0,0,1.0,[1 1],[1. 0.],0,0,[0.4 0.4],1.0,0.0,1.0
393,1.0,1,197.0,0,394,0,False,1.0,1,0.0,[1 2],[1. 0.],0,0,[0.4 0.4],1.0,0.0,1.0
394,0.0,1,198.0,1,395,1,False,0.0,0,1.0,[1 2],[1. 0.],0,0,[0.4 0.4],1.0,0.0,1.0
395,1.0,1,198.0,0,396,0,False,1.0,1,0.0,[1 1],[1. 0.],0,0,[0.4 0.4],1.0,0.0,1.0
396,0.0,1,199.0,1,397,1,False,0.0,0,1.0,[1 1],[1. 0.],0,0,[0.4 0.4],1.0,0.0,1.0
397,1.0,1,199.0,0,398,0,False,1.0,1,0.0,[2 1],[1. 0.],0,0,[0.4 0.4],1.0,0.0,1.0
398,0.0,1,200.0,1,399,1,False,0.0,0,1.0,[2 1],[1. 0.],0,0,[0.4 0.4],1.0,0.0,1.0
399,0.0,1,200.0,0,400,0,False,1.0,1,0.0,[1 2],[1. 0.],0,0,[0.4 0.4],1.0,0.0,1.0
400,0.0,1,201.0,1,401,1,False,0.0,0,1.0,[1 2],[1. 0.],0,0,[0.4 0.4],1.0,0.0,1.0
401,1.0,1,201.0,0,402,0,False,1.0,1,0.0,[1 1],[1. 0.],0,0,[0.4 0.4],1.0,0.0,1.0
402,0.0,1,202.0,1,403,1,False,0.0,0,1.0,[1 1],[1. 0.],0,0,[0.4 0.4],1.0,0.0,1.0
403,1.0,1,202.0,0,404,0,False,1.0,1,0.0,[2 2],[1. 0.],1,0,[0.4 0.4],1.0,0.0,1.0
404,0.0,1,203.0,1,405,1,False,0.0,0,2.0,[2 2],[1. 0.],1,0,[0.4 0.4],1.0,0.0,1.0
405,0.0,1,203.0,0,406,0,False,2.0,1,0.0,[2 2],[1. 0.],0,0,[0.4 0.4],1.0,0.0,1.0
406,0.0,1,204.0,1,407,1,False,0.0,0,1.0,[2 2],[1. 0.],0,0,[0.4 0.4],1.0,0.0,1.0
407,0.0,1,204.0,0,408,0,False,1.0,1,0.0,[2 1],[1. 0.],1,0,[0.4 0.4],1.0,0.0,1.0
408,0.0,1,205.0,1,409,1,False,0.0,0,2.0,[2 1],[1. 0.],1,0,[0.4 0.4],1.0,0.0,1.0
409,0.0,1,205.0,0,410,0,False,2.0,1,0.0,[1 2],[1. 0.],0,0,[0.4 0.4],1.0,0.0,1.0
410,0.0,1,206.0,2,411,1,False,0.0,0,1.0,[1 2],[1. 0.],0,0,[0.4 0.4],1.0,0.0,1.0
411,0.0,1,206.0,0,412,0,False,1.0,1,0.0,[2 1],[1. 0.],0,0,[0.4 0.4],1.0,0.0,1.0
412,0.0,1,207.0,2,413,1,False,0.0,0,1.0,[2 1],[1. 0.],0,0,[0.4 0.4],1.0,0.0,1.0
413,1.0,1,207.0,0,414,0,False,1.0,1,0.0,[2 2],[1. 0.],1,0,[0.4 0.4],1.0,0.0,1.0
414,0.0,1,208.0,2,415,1,False,0.0,0,2.0,[2 2],[1. 0.],1,0,[0.4 0.4],1.0,0.0,1.0
415,0.0,1,208.0,0,416,0,False,2.0,1,0.0,[1 2],[1. 0.],0,0,[0.4 0.4],1.0,0.0,1.0
416,0.0,1,209.0,2,417,1,False,0.0,0,1.0,[1 2],[1. 0.],0,0,[0.4 0.4],1.0,0.0,1.0
417,0.0,1,209.0,0,418,0,False,1.0,1,0.0,[2 1],[1. 0.],0,0,[0.4 0.4],1.0,0.0,1.0
418,0.0,1,210.0,2,419,1,False,0.0,0,1.0,[2 1],[1. 0.],0,0,[0.4 0.4],1.0,0.0,1.0
419,1.0,1,210.0,0,420,0,False,1.0,1,0.0,[1 1],[1. 0.],0,0,[0.4 0.4],1.0,0.0,1.0
420,0.0,1,211.0,2,421,1,False,0.0,0,1.0,[1 1],[1. 0.],0,0,[0.4 0.4],1.0,0.0,1.0
421,1.0,1,211.0,0,422,0,False,1.0,1,0.0,[1 1],[1. 0.],1,0,[0.4 0.4],1.0,0.0,1.0
422,0.0,1,212.0,2,423,1,False,0.0,0,2.0,[1 1],[1. 0.],1,0,[0.4 0.4],1.0,0.0,1.0
423,1.0,1,212.0,0,424,0,False,2.0,1,0.0,[2 1],[1. 0.],0,0,[0.4 0.4],1.0,0.0,1.0
424,0.0,1,213.0,2,425,1,False,0.0,0,1.0,[2 1],[1. 0.],0,0,[0.4 0.4],1.0,0.0,1.0
425,1.0,1,213.0,0,426,0,False,1.0,1,0.0,[2 2],[1. 0.],1,0,[0.4 0.4],1.0,0.0,1.0
426,0.0,1,214.0,2,427,1,False,0.0,0,2.0,[2 2],[1. 0.],1,0,[0.4 0.4],1.0,0.0,1.0
427,0.0,1,214.0,0,428,0,False,2.0,1,0.0,[1 2],[1. 0.],1,0,[0.4 0.4],1.0,0.0,1.0
428,0.0,1,215.0,2,429,1,False,0.0,0,2.0,[1 2],[1. 0.],1,0,[0.4 0.4],1.0,0.0,1.0
429,0.0,1,215.0,0,430,0,False,2.0,1,0.0,[2 1],[1. 0.],0,0,[0.4 0.4],1.0,0.0,1.0
430,0.0,1,216.0,2,431,1,False,0.0,0,1.0,[2 1],[1. 0.],0,0,[0.4 0.4],1.0,0.0,1.0
431,1.0,1,216.0,0,432,0,False,1.0,1,0.0,[2 2],[1. 0.],1,0,[0.4 0.4],1.0,0.0,1.0
432,0.0,1,217.0,2,433,1,False,0.0,0,2.0,[2 2],[1. 0.],1,0,[0.4 0.4],1.0,0.0,1.0
433,0.0,1,217.0,0,434,0,False,2.0,1,0.0,[1 1],[1. 0.],1,0,[0.4 0.4],1.0,0.0,1.0
434,0.0,1,218.0,1,435,1,False,0.0,0,2.0,[1 1],[1. 0.],1,0,[0.4 0.4],1.0,0.0,1.0
435,1.0,1,218.0,0,436,0,False,2.0,1,0.0,[2 2],[1. 0.],0,0,[0.4 0.4],1.0,0.0,1.0
436,0.0,1,219.0,2,437,1,False,0.0,0,1.0,[2 2],[1. 0.],0,0,[0.4 0.4],1.0,0.0,1.0
437,0.0,1,219.0,0,438,0,False,1.0,1,0.0,[1 1],[1. 0.],0,0,[0.4 0.4],1.0,0.0,1.0
438,0.0,1,220.0,2,439,1,False,0.0,0,1.0,[1 1],[1. 0.],0,0,[0.4 0.4],1.0,0.0,1.0
439,1.0,1,220.0,0,440,0,False,1.0,1,0.0,[2 1],[1. 0.],1,0,[0.4 0.4],1.0,0.0,1.0
440,0.0,1,221.0,2,441,1,False,0.0,0,2.0,[2 1],[1. 0.],1,0,[0.4 0.4],1.0,0.0,1.0
441,1.0,1,221.0,0,442,0,False,2.0,1,0.0,[1 2],[1. 0.],0,0,[0.4 0.4],1.0,0.0,1.0
442,0.0,1,222.0,2,443,1,False,0.0,0,1.0,[1 2],[1. 0.],0,0,[0.4 0.4],1.0,0.0,1.0
443,0.0,1,222.0,0,444,0,False,1.0,1,0.0,[2 2],[1. 0.],1,0,[0.4 0.4],1.0,0.0,1.0
444,0.0,1,223.0,2,445,1,False,0.0,0,2.0,[2 2],[1. 0.],1,0,[0.4 0.4],1.0,0.0,1.0
445,0.0,1,223.0,0,446,0,False,2.0,1,0.0,[2 2],[1. 0.],1,0,[0.4 0.4],1.0,0.0,1.0
446,0.0,1,224.0,2,447,1,False,0.0,0,2.0,[2 2],[1. 0.],1,0,[0.4 0.4],1.0,0.0,1.0
447,0.0,1,224.0,0,448,0,False,2.0,1,0.0,[2 2],[1. 0.],1,0,[0.4 0.4],1.0,0.0,1.0
448,0.0,1,225.0,1,449,1,False,0.0,0,2.0,[2 2],[1. 0.],1,0,[0.4 0.4],1.0,0.0,1.0
449,0.0,1,225.0,0,450,0,False,2.0,1,0.0,[1 2],[1. 0.],0,0,[0.4 0.4],1.0,0.0,1.0
450,0.0,1,226.0,2,451,1,False,0.0,0,1.0,[1 2],[1. 0.],0,0,[0.4 0.4],1.0,0.0,1.0
451,0.0,1,226.0,0,452,0,False,1.0,1,0.0,[2 1],[1. 0.],0,0,[0.4 0.4],1.0,0.0,1.0
452,0.0,1,227.0,2,453,1,False,0.0,0,1.0,[2 1],[1. 0.],0,0,[0.4 0.4],1.0,0.0,1.0
453,1.0,1,227.0,0,454,0,False,1.0,1,0.0,[2 1],[1. 0.],1,0,[0.4 0.4],1.0,0.0,1.0
454,0.0,1,228.0,2,455,1,False,0.0,0,2.0,[2 1],[1. 0.],1,0,[0.4 0.4],1.0,0.0,1.0
455,1.0,1,228.0,0,456,0,False,2.0,1,0.0,[2 1],[1. 0.],0,0,[0.4 0.4],1.0,0.0,1.0
456,0.0,1,229.0,2,457,1,False,0.0,0,1.0,[2 1],[1. 0.],0,0,[0.4 0.4],1.0,0.0,1.0
457,1.0,1,229.0,0,458,0,False,1.0,1,0.0,[1 1],[1. 0.],0,0,[0.4 0.4],1.0,0.0,1.0
458,0.0,1,230.0,2,459,1,False,0.0,0,1.0,[1 1],[1. 0.],0,0,[0.4 0.4],1.0,0.0,1.0
459,1.0,1,230.0,0,460,0,False,1.0,1,0.0,[1 1],[1. 0.],0,0,[0.4 0.4],1.0,0.0,1.0
460,0.0,1,231.0,2,461,1,False,0.0,0,1.0,[1 1],[1. 0.],0,0,[0.4 0.4],1.0,0.0,1.0
461,1.0,1,231.0,0,462,0,False,1.0,1,0.0,[2 2],[1. 0.],0,0,[0.4 0.4],1.0,0.0,1.0
462,0.0,1,232.0,2,463,1,False,0.0,0,1.0,[2 2],[1. 0.],0,0,[0.4 0.4],1.0,0.0,1.0
463,0.0,1,232.0,0,464,0,False,1.0,1,0.0,[2 2],[1. 0.],1,0,[0.4 0.4],1.0,0.0,1.0
464,0.0,1,233.0,2,465,1,False,0.0,0,2.0,[2 2],[1. 0.],1,0,[0.4 0.4],1.0,0.0,1.0
465,0.0,1,233.0,0,466,0,False,2.0,1,0.0,[2 2],[1. 0.],1,0,[0.4 0.4],1.0,0.0,1.0
466,0.0,1,234.0,2,467,1,False,0.0,0,2.0,[2 2],[1. 0.],1,0,[0.4 0.4],1.0,0.0,1.0
467,0.0,1,234.0,0,468,0,False,2.0,1,0.0,[2 1],[1. 0.],1,0,[0.4 0.4],1.0,0.0,1.0
468,0.0,1,235.0,1,469,1,False,0.0,0,2.0,[2 1],[1. 0.],1,0,[0.4 0.4],1.0,0.0,1.0
469,0.0,1,235.0,0,470,0,False,2.0,1,0.0,[2 2],[1. 0.],0,0,[0.4 0.4],1.0,0.0,1.0
470,0.0,1,236.0,2,471,1,False,0.0,0,1.0,[2 2],[1. 0.],0,0,[0.4 0.4],1.0,0.0,1.0
471,0.0,1,236.0,0,472,0,False,1.0,1,0.0,[1 1],[1. 0.],0,0,[0.4 0.4],1.0,0.0,1.0
472,0.0,1,237.0,2,473,1,False,0.0,0,1.0,[1 1],[1. 0.],0,0,[0.4 0.4],1.0,0.0,1.0
473,1.0,1,237.0,0,474,0,False,1.0,1,0.0,[1 1],[1. 0.],0,0,[0.4 0.4],1.0,0.0,1.0
474,0.0,1,238.0,2,475,1,False,0.0,0,1.0,[1 1],[1. 0.],0,0,[0.4 0.4],1.0,0.0,1.0
475,1.0,1,238.0,0,476,0,False,1.0,1,0.0,[1 2],[1. 0.],1,0,[0.4 0.4],1.0,0.0,1.0
476,0.0,1,239.0,2,477,1,False,0.0,0,2.0,[1 2],[1. 0.],1,0,[0.4 0.4],1.0,0.0,1.0
477,0.0,1,239.0,0,478,0,False,2.0,1,0.0,[2 1],[1. 0.],0,0,[0.4 0.4],1.0,0.0,1.0
478,0.0,1,240.0,2,479,1,False,0.0,0,1.0,[2 1],[1. 0.],0,0,[0.4 0.4],1.0,0.0,1.0
479,1.0,1,240.0,0,480,0,False,1.0,1,0.0,[2 1],[1. 0.],0,0,[0.4 0.4],1.0,0.0,1.0
480,0.0,1,241.0,2,481,1,False,0.0,0,1.0,[2 1],[1. 0.],0,0,[0.4 0.4],1.0,0.0,1.0
481,1.0,1,241.0,0,482,0,False,1.0,1,0.0,[2 1],[1. 0.],1,0,[0.4 0.4],1.0,0.0,1.0
482,0.0,1,242.0,2,483,1,False,0.0,0,2.0,[2 1],[1. 0.],1,0,[0.4 0.4],1.0,0.0,1.0
483,1.0,1,242.0,0,484,0,False,2.0,1,0.0,[2 2],[1. 0.],1,0,[0.4 0.4],1.0,0.0,1.0
484,0.0,1,243.0,2,485,1,False,0.0,0,2.0,[2 2],[1. 0.],1,0,[0.4 0.4],1.0,0.0,1.0
485,0.0,1,243.0,0,486,0,False,2.0,1,0.0,[1 2],[1. 0.],1,0,[0.4 0.4],1.0,0.0,1.0
486,0.0,1,244.0,2,487,1,False,0.0,0,2.0,[1 2],[1. 0.],1,0,[0.4 0.4],1.0,0.0,1.0
487,0.0,1,244.0,0,488,0,False,2.0,1,0.0,[2 1],[1. 0.],1,0,[0.4 0.4],1.0,0.0,1.0
488,0.0,1,245.0,1,489,1,False,0.0,0,2.0,[2 1],[1. 0.],1,0,[0.4 0.4],1.0,0.0,1.0
489,0.0,1,245.0,0,490,0,False,2.0,1,0.0,[2 2],[1. 0.],1,0,[0.4 0.4],1.0,0.0,1.0
490,0.0,1,246.0,2,491,1,False,0.0,0,2.0,[2 2],[1. 0.],1,0,[0.4 0.4],1.0,0.0,1.0
491,0.0,1,246.0,0,492,0,False,2.0,1,0.0,[2 1],[1. 0.],0,0,[0.4 0.4],1.0,0.0,1.0
492,0.0,1,247.0,1,493,1,False,0.0,0,1.0,[2 1],[1. 0.],0,0,[0.4 0.4],1.0,0.0,1.0
493,0.0,1,247.0,0,494,0,False,1.0,1,0.0,[2 1],[1. 0.],1,0,[0.4 0.4],1.0,0.0,1.0
494,0.0,1,248.0,1,495,1,False,0.0,0,2.0,[2 1],[1. 0.],1,0,[0.4 0.4],1.0,0.0,1.0
495,0.0,1,248.0,0,496,0,False,2.0,1,0.0,[2 1],[1. 0.],1,0,[0.4 0.4],1.0,0.0,1.0
496,0.0,1,249.0,2,497,1,False,0.0,0,2.0,[2 1],[1. 0.],1,0,[0.4 0.4],1.0,0.0,1.0
497,1.0,1,249.0,0,498,0,False,2.0,1,0.0,[1 1],[1. 0.],1,0,[0.4 0.4],1.0,0.0,1.0
498,0.0,1,250.0,2,499,1,False,0.0,0,2.0,[1 1],[1. 0.],1,0,[0.4 0.4],1.0,0.0,1.0
499,1.0,1,250.0,0,500,0,False,2.0,1,0.0,[1 1],[1. 0.],1,0,[0.4 0.4],1.0,0.0,1.0
500,0.0,1,251.0,2,501,1,False,0.0,0,2.0,[1 1],[1. 0.],1,0,[0.4 0.4],1.0,0.0,1.0
501,1.0,1,251.0,0,502,0,False,2.0,1,0.0,[2 1],[1. 0.],0,0,[0.4 0.4],1.0,0.0,1.0
502,0.0,1,252.0,2,503,1,False,0.0,0,1.0,[2 1],[1. 0.],0,0,[0.4 0.4],1.0,0.0,1.0
503,1.0,1,252.0,0,504,0,False,1.0,1,0.0,[2 1],[1. 0.],1,0,[0.4 0.4],1.0,0.0,1.0
504,0.0,1,253.0,2,505,1,False,0.0,0,2.0,[2 1],[1. 0.],1,0,[0.4 0.4],1.0,0.0,1.0
505,1.0,1,253.0,0,506,0,False,2.0,1,0.0,[2 1],[1. 0.],1,0,[0.4 0.4],1.0,0.0,1.0
506,0.0,1,254.0,2,507,1,False,0.0,0,2.0,[2 1],[1. 0.],1,0,[0.4 0.4],1.0,0.0,1.0
507,1.0,1,254.0,0,508,0,False,2.0,1,0.0,[1 2],[1. 0.],1,0,[0.4 0.4],1.0,0.0,1.0
508,0.0,1,255.0,2,509,1,False,0.0,0,2.0,[1 2],[1. 0.],1,0,[0.4 0.4],1.0,0.0,1.0
509,0.0,1,255.0,0,510,0,False,2.0,1,0.0,[2 1],[1. 0.],1,0,[0.4 0.4],1.0,0.0,1.0
510,0.0,1,256.0,2,511,1,False,0.0,0,2.0,[2 1],[1. 0.],1,0,[0.4 0.4],1.0,0.0,1.0
511,1.0,1,256.0,0,512,0,False,2.0,1,0.0,[1 2],[1. 0.],0,0,[0.4 0.4],1.0,0.0,1.0
512,0.0,1,257.0,2,513,1,False,0.0,0,1.0,[1 2],[1. 0.],0,0,[0.4 0.4],1.0,0.0,1.0
513,0.0,1,257.0,0,514,0,False,1.0,1,0.0,[1 2],[1. 0.],1,0,[0.4 0.4],1.0,0.0,1.0
514,0.0,1,258.0,2,515,1,False,0.0,0,2.0,[1 2],[1. 0.],1,0,[0.4 0.4],1.0,0.0,1.0
515,0.0,1,258.0,0,516,0,False,2.0,1,0.0,[1 2],[1. 0.],0,0,[0.4 0.4],1.0,0.0,1.0
516,0.0,1,259.0,2,517,1,False,0.0,0,1.0,[1 2],[1. 0.],0,0,[0.4 0.4],1.0,0.0,1.0
517,0.0,1,259.0,0,518,0,False,1.0,1,0.0,[1 1],[1. 0.],1,0,[0.4 0.4],1.0,0.0,1.0
518,0.0,1,260.0,2,519,1,False,0.0,0,2.0,[1 1],[1. 0.],1,0,[0.4 0.4],1.0,0.0,1.0
519,1.0,1,260.0,0,520,0,False,2.0,1,0.0,[2 1],[1. 0.],0,0,[0.4 0.4],1.0,0.0,1.0
520,0.0,1,261.0,2,521,1,False,0.0,0,1.0,[2 1],[1. 0.],0,0,[0.4 0.4],1.0,0.0,1.0
521,1.0,1,261.0,0,522,0,False,1.0,1,0.0,[1 2],[1. 0.],1,0,[0.4 0.4],1.0,0.0,1.0
522,0.0,1,262.0,2,523,1,False,0.0,0,2.0,[1 2],[1. 0.],1,0,[0.4 0.4],1.0,0.0,1.0
523,0.0,1,262.0,0,524,0,False,2.0,1,0.0,[2 2],[1. 0.],0,0,[0.4 0.4],1.0,0.0,1.0
524,0.0,1,263.0,2,525,1,False,0.0,0,1.0,[2 2],[1. 0.],0,0,[0.4 0.4],1.0,0.0,1.0
525,0.0,1,263.0,0,526,0,False,1.0,1,0.0,[1 2],[1. 0.],1,0,[0.4 0.4],1.0,0.0,1.0
526,0.0,1,264.0,2,527,1,False,0.0,0,2.0,[1 2],[1. 0.],1,0,[0.4 0.4],1.0,0.0,1.0
527,0.0,1,264.0,0,528,0,False,2.0,1,0.0,[1 2],[1. 0.],1,0,[0.4 0.4],1.0,0.0,1.0
528,0.0,1,265.0,1,529,1,False,0.0,0,2.0,[1 2],[1. 0.],1,0,[0.4 0.4],1.0,0.0,1.0
529,1.0,1,265.0,0,530,0,False,2.0,1,0.0,[2 2],[1. 0.],0,0,[0.4 0.4],1.0,0.0,1.0
530,0.0,1,266.0,1,531,1,False,0.0,0,1.0,[2 2],[1. 0.],0,0,[0.4 0.4],1.0,0.0,1.0
531,0.0,1,266.0,0,532,0,False,1.0,1,0.0,[1 1],[1. 0.],0,0,[0.4 0.4],1.0,0.0,1.0
532,0.0,1,267.0,1,533,1,False,0.0,0,1.0,[1 1],[1. 0.],0,0,[0.4 0.4],1.0,0.0,1.0
533,1.0,1,267.0,0,534,0,False,1.0,1,0.0,[1 2],[1. 0.],1,0,[0.4 0.4],1.0,0.0,1.0
534,0.0,1,268.0,1,535,1,False,0.0,0,2.0,[1 2],[1. 0.],1,0,[0.4 0.4],1.0,0.0,1.0
535,1.0,1,268.0,0,536,0,False,2.0,1,0.0,[2 1],[1. 0.],0,0,[0.4 0.4],1.0,0.0,1.0
536,0.0,1,269.0,1,537,1,False,0.0,0,1.0,[2 1],[1. 0.],0,0,[0.4 0.4],1.0,0.0,1.0
537,0.0,1,269.0,0,538,0,False,1.0,1,0.0,[1 2],[1. 0.],1,0,[0.4 0.4],1.0,0.0,1.0
538,0.0,1,270.0,1,539,1,False,0.0,0,2.0,[1 2],[1. 0.],1,0,[0.4 0.4],1.0,0.0,1.0
539,1.0,1,270.0,0,540,0,False,2.0,1,0.0,[2 1],[1. 0.],0,0,[0.4 0.4],1.0,0.0,1.0
540,0.0,1,271.0,1,541,1,False,0.0,0,1.0,[2 1],[1. 0.],0,0,[0.4 0.4],1.0,0.0,1.0
541,0.0,1,271.0,0,542,0,False,1.0,1,0.0,[2 2],[1. 0.],0,0,[0.4 0.4],1.0,0.0,1.0
542,0.0,1,272.0,1,543,1,False,0.0,0,1.0,[2 2],[1. 0.],0,0,[0.4 0.4],1.0,0.0,1.0
543,0.0,1,272.0,0,544,0,False,1.0,1,0.0,[2 2],[1. 0.],0,0,[0.4 0.4],1.0,0.0,1.0
544,0.0,1,273.0,1,545,1,False,0.0,0,1.0,[2 2],[1. 0.],0,0,[0.4 0.4],1.0,0.0,1.0
545,0.0,1,273.0,0,546,0,False,1.0,1,0.0,[1 2],[1. 0.],1,0,[0.4 0.4],1.0,0.0,1.0
546,0.0,1,274.0,1,547,1,False,0.0,0,2.0,[1 2],[1. 0.],1,0,[0.4 0.4],1.0,0.0,1.0
547,1.0,1,274.0,0,548,0,False,2.0,1,0.0,[1 2],[1. 0.],1,0,[0.4 0.4],1.0,0.0,1.0
548,0.0,1,275.0,1,549,1,False,0.0,0,2.0,[1 2],[1. 0.],1,0,[0.4 0.4],1.0,0.0,1.0
549,1.0,1,275.0,0,550,0,False,2.0,1,0.0,[2 1],[1. 0.],1,0,[0.4 0.4],1.0,0.0,1.0
550,0.0,1,276.0,1,551,1,False,0.0,0,2.0,[2 1],[1. 0.],1,0,[0.4 0.4],1.0,0.0,1.0
551,0.0,1,276.0,0,552,0,False,2.0,1,0.0,[1 1],[1. 0.],1,0,[0.4 0.4],1.0,0.0,1.0
552,0.0,1,277.0,1,553,1,False,0.0,0,2.0,[1 1],[1. 0.],1,0,[0.4 0.4],1.0,0.0,1.0
553,1.0,1,277.0,0,554,0,False,2.0,1,0.0,[1 2],[1. 0.],0,0,[0.4 0.4],1.0,0.0,1.0
554,0.0,1,278.0,1,555,1,False,0.0,0,1.0,[1 2],[1. 0.],0,0,[0.4 0.4],1.0,0.0,1.0
555,1.0,1,278.0,0,556,0,False,1.0,1,0.0,[2 1],[1. 0.],0,0,[0.4 0.4],1.0,0.0,1.0
556,0.0,1,279.0,1,557,1,False,0.0,0,1.0,[2 1],[1. 0.],0,0,[0.4 0.4],1.0,0.0,1.0
557,0.0,1,279.0,0,558,0,False,1.0,1,0.0,[2 1],[1. 0.],0,0,[0.4 0.4],1.0,0.0,1.0
558,0.0,1,280.0,1,559,1,False,0.0,0,1.0,[2 1],[1. 0.],0,0,[0.4 0.4],1.0,0.0,1.0
559,0.0,1,280.0,0,560,0,False,1.0,1,0.0,[2 1],[1. 0.],0,0,[0.4 0.4],1.0,0.0,1.0
560,0.0,1,281.0,1,561,1,False,0.0,0,1.0,[2 1],[1. 0.],0,0,[0.4 0.4],1.0,0.0,1.0
561,0.0,1,281.0,0,562,0,False,1.0,1,0.0,[2 1],[1. 0.],1,0,[0.4 0.4],1.0,0.0,1.0
562,0.0,1,282.0,2,563,1,False,0.0,0,2.0,[2 1],[1. 0.],1,0,[0.4 0.4],1.0,0.0,1.0
563,1.0,1,282.0,0,564,0,False,2.0,1,0.0,[1 2],[1. 0.],1,0,[0.4 0.4],1.0,0.0,1.0
564,0.0,1,283.0,2,565,1,False,0.0,0,2.0,[1 2],[1. 0.],1,0,[0.4 0.4],1.0,0.0,1.0
565,0.0,1,283.0,0,566,0,False,2.0,1,0.0,[2 1],[1. 0.],1,0,[0.4 0.4],1.0,0.0,1.0
566,0.0,1,284.0,2,567,1,False,0.0,0,2.0,[2 1],[1. 0.],1,0,[0.4 0.4],1.0,0.0,1.0
567,1.0,1,284.0,0,568,0,False,2.0,1,0.0,[2 1],[1. 0.],1,0,[0.4 0.4],1.0,0.0,1.0
568,0.0,1,285.0,2,569,1,False,0.0,0,2.0,[2 1],[1. 0.],1,0,[0.4 0.4],1.0,0.0,1.0
569,1.0,1,285.0,0,570,0,False,2.0,1,0.0,[1 2],[0. 1.],0,1,[0.4 0.4],1.0,0.0,1.0
570,0.0,1,286.0,2,571,1,False,0.0,0,1.0,[1 2],[0. 1.],0,1,[0.4 0.4],1.0,0.0,1.0
571,1.0,1,286.0,0,572,0,False,1.0,1,0.0,[2 1],[0. 1.],1,1,[0.4 0.4],1.0,0.0,1.0
572,0.0,1,287.0,2,573,1,False,0.0,0,2.0,[2 1],[0. 1.],1,1,[0.4 0.4],1.0,0.0,1.0
573,0.0,1,287.0,0,574,0,False,2.0,1,0.0,[2 1],[0. 1.],1,1,[0.4 0.4],1.0,0.0,1.0
574,0.0,1,288.0,2,575,1,False,0.0,0,2.0,[2 1],[0. 1.],1,1,[0.4 0.4],1.0,0.0,1.0
575,0.0,1,288.0,0,576,0,False,2.0,1,0.0,[1 2],[0. 1.],1,1,[0.4 0.4],1.0,0.0,1.0
576,0.0,1,289.0,2,577,1,False,0.0,0,2.0,[1 2],[0. 1.],1,1,[0.4 0.4],1.0,0.0,1.0
577,1.0,1,289.0,0,578,0,False,2.0,1,0.0,[1 1],[0. 1.],0,1,[0.4 0.4],1.0,0.0,1.0
578,0.0,1,290.0,2,579,1,False,0.0,0,1.0,[1 1],[0. 1.],0,1,[0.4 0.4],1.0,0.0,1.0
579,0.0,1,290.0,0,580,0,False,1.0,1,0.0,[2 2],[0. 1.],0,1,[0.4 0.4],1.0,0.0,1.0
580,0.0,1,291.0,2,581,1,False,0.0,0,1.0,[2 2],[0. 1.],0,1,[0.4 0.4],1.0,0.0,1.0
581,1.0,1,291.0,0,582,0,False,1.0,1,0.0,[2 2],[0. 1.],0,1,[0.4 0.4],1.0,0.0,1.0
582,0.0,1,292.0,2,583,1,False,0.0,0,1.0,[2 2],[0. 1.],0,1,[0.4 0.4],1.0,0.0,1.0
583,1.0,1,292.0,0,584,0,False,1.0,1,0.0,[2 2],[0. 1.],1,1,[0.4 0.4],1.0,0.0,1.0
584,0.0,1,293.0,2,585,1,False,0.0,0,2.0,[2 2],[0. 1.],1,1,[0.4 0.4],1.0,0.0,1.0
585,1.0,1,293.0,0,586,0,False,2.0,1,0.0,[2 2],[0. 1.],1,1,[0.4 0.4],1.0,0.0,1.0
586,0.0,1,294.0,2,587,1,False,0.0,0,2.0,[2 2],[0. 1.],1,1,[0.4 0.4],1.0,0.0,1.0
587,1.0,1,294.0,0,588,0,False,2.0,1,0.0,[2 1],[0. 1.],0,1,[0.4 0.4],1.0,0.0,1.0
588,0.0,1,295.0,2,589,1,False,0.0,0,1.0,[2 1],[0. 1.],0,1,[0.4 0.4],1.0,0.0,1.0
589,0.0,1,295.0,0,590,0,False,1.0,1,0.0,[2 2],[0. 1.],0,1,[0.4 0.4],1.0,0.0,1.0
590,0.0,1,296.0,2,591,1,False,0.0,0,1.0,[2 2],[0. 1.],0,1,[0.4 0.4],1.0,0.0,1.0
591,1.0,1,296.0,0,592,0,False,1.0,1,0.0,[1 2],[0. 1.],0,1,[0.4 0.4],1.0,0.0,1.0
592,0.0,1,297.0,2,593,1,False,0.0,0,1.0,[1 2],[0. 1.],0,1,[0.4 0.4],1.0,0.0,1.0
593,1.0,1,297.0,0,594,0,False,1.0,1,0.0,[2 1],[0. 1.],0,1,[0.4 0.4],1.0,0.0,1.0
594,0.0,1,298.0,2,595,1,False,0.0,0,1.0,[2 1],[0. 1.],0,1,[0.4 0.4],1.0,0.0,1.0
595,0.0,1,298.0,0,596,0,False,1.0,1,0.0,[2 1],[0. 1.],1,1,[0.4 0.4],1.0,0.0,1.0
596,0.0,1,299.0,2,597,1,False,0.0,0,2.0,[2 1],[0. 1.],1,1,[0.4 0.4],1.0,0.0,1.0
597,0.0,1,299.0,0,598,0,False,2.0,1,0.0,[2 2],[0. 1.],0,1,[0.4 0.4],1.0,0.0,1.0
598,0.0,1,300.0,2,599,1,False,0.0,0,1.0,[2 2],[0. 1.],0,1,[0.4 0.4],1.0,0.0,1.0
599,1.0,1,300.0,0,600,0,False,1.0,1,0.0,[2 1],[0. 1.],0,1,[0.4 0.4],1.0,0.0,1.0
600,0.0,1,301.0,2,601,1,False,0.0,0,1.0,[2 1],[0. 1.],0,1,[0.4 0.4],1.0,0.0,1.0
601,0.0,1,301.0,0,602,0,False,1.0,1,0.0,[1 2],[0. 1.],0,1,[0.4 0.4],1.0,0.0,1.0
602,0.0,1,302.0,2,603,1,False,0.0,0,1.0,[1 2],[0. 1.],0,1,[0.4 0.4],1.0,0.0,1.0
603,1.0,1,302.0,0,604,0,False,1.0,1,0.0,[1 2],[0. 1.],0,1,[0.4 0.4],1.0,0.0,1.0
604,0.0,1,303.0,2,605,1,False,0.0,0,1.0,[1 2],[0. 1.],0,1,[0.4 0.4],1.0,0.0,1.0
605,1.0,1,303.0,0,606,0,False,1.0,1,0.0,[2 2],[0. 1.],0,1,[0.4 0.4],1.0,0.0,1.0
606,0.0,1,304.0,2,607,1,False,0.0,0,1.0,[2 2],[0. 1.],0,1,[0.4 0.4],1.0,0.0,1.0
607,1.0,1,304.0,0,608,0,False,1.0,1,0.0,[1 1],[0. 1.],1,1,[0.4 0.4],1.0,0.0,1.0
608,0.0,1,305.0,2,609,1,False,0.0,0,2.0,[1 1],[0. 1.],1,1,[0.4 0.4],1.0,0.0,1.0
609,0.0,1,305.0,0,610,0,False,2.0,1,0.0,[1 1],[0. 1.],1,1,[0.4 0.4],1.0,0.0,1.0
610,0.0,1,306.0,2,611,1,False,0.0,0,2.0,[1 1],[0. 1.],1,1,[0.4 0.4],1.0,0.0,1.0
611,0.0,1,306.0,0,612,0,False,2.0,1,0.0,[1 1],[0. 1.],1,1,[0.4 0.4],1.0,0.0,1.0
612,0.0,1,307.0,2,613,1,False,0.0,0,2.0,[1 1],[0. 1.],1,1,[0.4 0.4],1.0,0.0,1.0
613,0.0,1,307.0,0,614,0,False,2.0,1,0.0,[1 2],[0. 1.],0,1,[0.4 0.4],1.0,0.0,1.0
614,0.0,1,308.0,1,615,1,False,0.0,0,1.0,[1 2],[0. 1.],0,1,[0.4 0.4],1.0,0.0,1.0
615,0.0,1,308.0,0,616,0,False,1.0,1,0.0,[1 2],[0. 1.],0,1,[0.4 0.4],1.0,0.0,1.0
616,0.0,1,309.0,1,617,1,False,0.0,0,1.0,[1 2],[0. 1.],0,1,[0.4 0.4],1.0,0.0,1.0
617,0.0,1,309.0,0,618,0,False,1.0,1,0.0,[2 1],[0. 1.],1,1,[0.4 0.4],1.0,0.0,1.0
618,0.0,1,310.0,2,619,1,False,0.0,0,2.0,[2 1],[0. 1.],1,1,[0.4 0.4],1.0,0.0,1.0
619,0.0,1,310.0,0,620,0,False,2.0,1,0.0,[1 2],[0. 1.],1,1,[0.4 0.4],1.0,0.0,1.0
620,0.0,1,311.0,1,621,1,False,0.0,0,2.0,[1 2],[0. 1.],1,1,[0.4 0.4],1.0,0.0,1.0
621,0.0,1,311.0,0,622,0,False,2.0,1,0.0,[1 1],[0. 1.],1,1,[0.4 0.4],1.0,0.0,1.0
622,0.0,1,312.0,2,623,1,False,0.0,0,2.0,[1 1],[0. 1.],1,1,[0.4 0.4],1.0,0.0,1.0
623,0.0,1,312.0,0,624,0,False,2.0,1,0.0,[1 2],[0. 1.],1,1,[0.4 0.4],1.0,0.0,1.0
624,0.0,1,313.0,1,625,1,False,0.0,0,2.0,[1 2],[0. 1.],1,1,[0.4 0.4],1.0,0.0,1.0
625,0.0,1,313.0,0,626,0,False,2.0,1,0.0,[1 1],[0. 1.],1,1,[0.4 0.4],1.0,0.0,1.0
626,0.0,1,314.0,2,627,1,False,0.0,0,2.0,[1 1],[0. 1.],1,1,[0.4 0.4],1.0,0.0,1.0
627,0.0,1,314.0,0,628,0,False,2.0,1,0.0,[2 1],[0. 1.],0,1,[0.4 0.4],1.0,0.0,1.0
628,0.0,1,315.0,1,629,1,False,0.0,0,1.0,[2 1],[0. 1.],0,1,[0.4 0.4],1.0,0.0,1.0
629,1.0,1,315.0,0,630,0,False,1.0,1,0.0,[1 1],[0. 1.],0,1,[0.4 0.4],1.0,0.0,1.0
630,0.0,1,316.0,1,631,1,False,0.0,0,1.0,[1 1],[0. 1.],0,1,[0.4 0.4],1.0,0.0,1.0
631,0.0,1,316.0,0,632,0,False,1.0,1,0.0,[1 2],[0. 1.],0,1,[0.4 0.4],1.0,0.0,1.0
632,0.0,1,317.0,1,633,1,False,0.0,0,1.0,[1 2],[0. 1.],0,1,[0.4 0.4],1.0,0.0,1.0
633,0.0,1,317.0,0,634,0,False,1.0,1,0.0,[2 1],[0. 1.],1,1,[0.4 0.4],1.0,0.0,1.0
634,0.0,1,318.0,1,635,1,False,0.0,0,2.0,[2 1],[0. 1.],1,1,[0.4 0.4],1.0,0.0,1.0
635,1.0,1,318.0,0,636,0,False,2.0,1,0.0,[1 2],[0. 1.],0,1,[0.4 0.4],1.0,0.0,1.0
636,0.0,1,319.0,1,637,1,False,0.0,0,1.0,[1 2],[0. 1.],0,1,[0.4 0.4],1.0,0.0,1.0
637,0.0,1,319.0,0,638,0,False,1.0,1,0.0,[1 2],[0. 1.],1,1,[0.4 0.4],1.0,0.0,1.0
638,0.0,1,320.0,1,639,1,False,0.0,0,2.0,[1 2],[0. 1.],1,1,[0.4 0.4],1.0,0.0,1.0
639,0.0,1,320.0,0,640,0,False,2.0,1,0.0,[1 2],[0. 1.],1,1,[0.4 0.4],1.0,0.0,1.0
640,0.0,1,321.0,2,641,1,False,0.0,0,2.0,[1 2],[0. 1.],1,1,[0.4 0.4],1.0,0.0,1.0
641,1.0,1,321.0,0,642,0,False,2.0,1,0.0,[2 2],[0. 1.],0,1,[0.4 0.4],1.0,0.0,1.0
642,0.0,1,322.0,2,643,1,False,0.0,0,1.0,[2 2],[0. 1.],0,1,[0.4 0.4],1.0,0.0,1.0
643,1.0,1,322.0,0,644,0,False,1.0,1,0.0,[1 1],[0. 1.],1,1,[0.4 0.4],1.0,0.0,1.0
644,0.0,1,323.0,2,645,1,False,0.0,0,2.0,[1 1],[0. 1.],1,1,[0.4 0.4],1.0,0.0,1.0
645,0.0,1,323.0,0,646,0,False,2.0,1,0.0,[1 1],[0. 1.],1,1,[0.4 0.4],1.0,0.0,1.0
646,0.0,1,324.0,2,647,1,False,0.0,0,2.0,[1 1],[0. 1.],1,1,[0.4 0.4],1.0,0.0,1.0
647,0.0,1,324.0,0,648,0,False,2.0,1,0.0,[1 1],[0. 1.],1,1,[0.4 0.4],1.0,0.0,1.0
648,0.0,1,325.0,1,649,1,False,0.0,0,2.0,[1 1],[0. 1.],1,1,[0.4 0.4],1.0,0.0,1.0
649,0.0,1,325.0,0,650,0,False,2.0,1,0.0,[1 1],[0. 1.],1,1,[0.4 0.4],1.0,0.0,1.0
650,0.0,1,326.0,2,651,1,False,0.0,0,2.0,[1 1],[0. 1.],1,1,[0.4 0.4],1.0,0.0,1.0
651,0.0,1,326.0,0,652,0,False,2.0,1,0.0,[2 1],[0. 1.],0,1,[0.4 0.4],1.0,0.0,1.0
652,0.0,1,327.0,1,653,1,False,0.0,0,1.0,[2 1],[0. 1.],0,1,[0.4 0.4],1.0,0.0,1.0
653,1.0,1,327.0,0,654,0,False,1.0,1,0.0,[1 1],[0. 1.],0,1,[0.4 0.4],1.0,0.0,1.0
654,0.0,1,328.0,1,655,1,False,0.0,0,1.0,[1 1],[0. 1.],0,1,[0.4 0.4],1.0,0.0,1.0
655,0.0,1,328.0,0,656,0,False,1.0,1,0.0,[1 2],[0. 1.],1,1,[0.4 0.4],1.0,0.0,1.0
656,0.0,1,329.0,1,657,1,False,0.0,0,2.0,[1 2],[0. 1.],1,1,[0.4 0.4],1.0,0.0,1.0
657,0.0,1,329.0,0,658,0,False,2.0,1,0.0,[1 1],[0. 1.],0,1,[0.4 0.4],1.0,0.0,1.0
658,0.0,1,330.0,2,659,1,False,0.0,0,1.0,[1 1],[0. 1.],0,1,[0.4 0.4],1.0,0.0,1.0
659,0.0,1,330.0,0,660,0,False,1.0,1,0.0,[1 2],[0. 1.],0,1,[0.4 0.4],1.0,0.0,1.0
660,0.0,1,331.0,1,661,1,False,0.0,0,1.0,[1 2],[0. 1.],0,1,[0.4 0.4],1.0,0.0,1.0
661,0.0,1,331.0,0,662,0,False,1.0,1,0.0,[2 2],[0. 1.],0,1,[0.4 0.4],1.0,0.0,1.0
662,0.0,1,332.0,2,663,1,False,0.0,0,1.0,[2 2],[0. 1.],0,1,[0.4 0.4],1.0,0.0,1.0
663,1.0,1,332.0,0,664,0,False,1.0,1,0.0,[2 2],[0. 1.],0,1,[0.4 0.4],1.0,0.0,1.0
664,0.0,1,333.0,2,665,1,False,0.0,0,1.0,[2 2],[0. 1.],0,1,[0.4 0.4],1.0,0.0,1.0
665,1.0,1,333.0,0,666,0,False,1.0,1,0.0,[1 2],[0. 1.],1,1,[0.4 0.4],1.0,0.0,1.0
666,0.0,1,334.0,2,667,1,False,0.0,0,2.0,[1 2],[0. 1.],1,1,[0.4 0.4],1.0,0.0,1.0
667,1.0,1,334.0,0,668,0,False,2.0,1,0.0,[1 2],[0. 1.],0,1,[0.4 0.4],1.0,0.0,1.0
668,0.0,1,335.0,2,669,1,False,0.0,0,1.0,[1 2],[0. 1.],0,1,[0.4 0.4],1.0,0.0,1.0
669,1.0,1,335.0,0,670,0,False,1.0,1,0.0,[1 1],[0. 1.],0,1,[0.4 0.4],1.0,0.0,1.0
670,0.0,1,336.0,2,671,1,False,0.0,0,1.0,[1 1],[0. 1.],0,1,[0.4 0.4],1.0,0.0,1.0
671,0.0,1,336.0,0,672,0,False,1.0,1,0.0,[2 1],[0. 1.],1,1,[0.4 0.4],1.0,0.0,1.0
672,0.0,1,337.0,2,673,1,False,0.0,0,2.0,[2 1],[0. 1.],1,1,[0.4 0.4],1.0,0.0,1.0
673,0.0,1,337.0,0,674,0,False,2.0,1,0.0,[1 2],[0. 1.],1,1,[0.4 0.4],1.0,0.0,1.0
674,0.0,1,338.0,2,675,1,False,0.0,0,2.0,[1 2],[0. 1.],1,1,[0.4 0.4],1.0,0.0,1.0
675,1.0,1,338.0,0,676,0,False,2.0,1,0.0,[2 2],[0. 1.],0,1,[0.4 0.4],1.0,0.0,1.0
676,0.0,1,339.0,2,677,1,False,0.0,0,1.0,[2 2],[0. 1.],0,1,[0.4 0.4],1.0,0.0,1.0
677,1.0,1,339.0,0,678,0,False,1.0,1,0.0,[2 1],[0. 1.],0,1,[0.4 0.4],1.0,0.0,1.0
678,0.0,1,340.0,2,679,1,False,0.0,0,1.0,[2 1],[0. 1.],0,1,[0.4 0.4],1.0,0.0,1.0
679,0.0,1,340.0,0,680,0,False,1.0,1,0.0,[2 1],[0. 1.],0,1,[0.4 0.4],1.0,0.0,1.0
680,0.0,1,341.0,2,681,1,False,0.0,0,1.0,[2 1],[0. 1.],0,1,[0.4 0.4],1.0,0.0,1.0
681,0.0,1,341.0,0,682,0,False,1.0,1,0.0,[1 1],[0. 1.],1,1,[0.4 0.4],1.0,0.0,1.0
682,0.0,1,342.0,2,683,1,False,0.0,0,2.0,[1 1],[0. 1.],1,1,[0.4 0.4],1.0,0.0,1.0
683,0.0,1,342.0,0,684,0,False,2.0,1,0.0,[1 2],[0. 1.],1,1,[0.4 0.4],1.0,0.0,1.0
684,0.0,1,343.0,2,685,1,False,0.0,0,2.0,[1 2],[0. 1.],1,1,[0.4 0.4],1.0,0.0,1.0
685,1.0,1,343.0,0,686,0,False,2.0,1,0.0,[1 2],[0. 1.],1,1,[0.4 0.4],1.0,0.0,1.0
686,0.0,1,344.0,2,687,1,False,0.0,0,2.0,[1 2],[0. 1.],1,1,[0.4 0.4],1.0,0.0,1.0
687,1.0,1,344.0,0,688,0,False,2.0,1,0.0,[2 2],[0. 1.],0,1,[0.4 0.4],1.0,0.0,1.0
688,0.0,1,345.0,2,689,1,False,0.0,0,1.0,[2 2],[0. 1.],0,1,[0.4 0.4],1.0,0.0,1.0
689,1.0,1,345.0,0,690,0,False,1.0,1,0.0,[2 1],[0. 1.],1,1,[0.4 0.4],1.0,0.0,1.0
690,0.0,1,346.0,2,691,1,False,0.0,0,2.0,[2 1],[0. 1.],1,1,[0.4 0.4],1.0,0.0,1.0
691,0.0,1,346.0,0,692,0,False,2.0,1,0.0,[2 1],[0. 1.],0,1,[0.4 0.4],1.0,0.0,1.0
692,0.0,1,347.0,2,693,1,False,0.0,0,1.0,[2 1],[0. 1.],0,1,[0.4 0.4],1.0,0.0,1.0
693,0.0,1,347.0,0,694,0,False,1.0,1,0.0,[2 1],[0. 1.],0,1,[0.4 0.4],1.0,0.0,1.0
694,0.0,1,348.0,2,695,1,False,0.0,0,1.0,[2 1],[0. 1.],0,1,[0.4 0.4],1.0,0.0,1.0
695,0.0,1,348.0,0,696,0,False,1.0,1,0.0,[2 2],[0. 1.],0,1,[0.4 0.4],1.0,0.0,1.0
696,0.0,1,349.0,2,697,1,False,0.0,0,1.0,[2 2],[0. 1.],0,1,[0.4 0.4],1.0,0.0,1.0
697,1.0,1,349.0,0,698,0,False,1.0,1,0.0,[2 2],[0. 1.],0,1,[0.4 0.4],1.0,0.0,1.0
698,0.0,1,350.0,2,699,1,False,0.0,0,1.0,[2 2],[0. 1.],0,1,[0.4 0.4],1.0,0.0,1.0
699,1.0,1,350.0,0,700,0,False,1.0,1,0.0,[1 1],[0. 1.],0,1,[0.4 0.4],1.0,0.0,1.0
700,0.0,1,351.0,2,701,1,False,0.0,0,1.0,[1 1],[0. 1.],0,1,[0.4 0.4],1.0,0.0,1.0
701,0.0,1,351.0,0,702,0,False,1.0,1,0.0,[2 2],[0. 1.],1,1,[0.4 0.4],1.0,0.0,1.0
702,0.0,1,352.0,2,703,1,False,0.0,0,2.0,[2 2],[0. 1.],1,1,[0.4 0.4],1.0,0.0,1.0
703,1.0,1,352.0,0,704,0,False,2.0,1,0.0,[2 1],[0. 1.],1,1,[0.4 0.4],1.0,0.0,1.0
704,0.0,1,353.0,2,705,1,False,0.0,0,2.0,[2 1],[0. 1.],1,1,[0.4 0.4],1.0,0.0,1.0
705,0.0,1,353.0,0,706,0,False,2.0,1,0.0,[2 1],[0. 1.],1,1,[0.4 0.4],1.0,0.0,1.0
706,0.0,1,354.0,2,707,1,False,0.0,0,2.0,[2 1],[0. 1.],1,1,[0.4 0.4],1.0,0.0,1.0
707,0.0,1,354.0,0,708,0,False,2.0,1,0.0,[1 2],[0. 1.],0,1,[0.4 0.4],1.0,0.0,1.0
708,0.0,1,355.0,1,709,1,False,0.0,0,1.0,[1 2],[0. 1.],0,1,[0.4 0.4],1.0,0.0,1.0
709,0.0,1,355.0,0,710,0,False,1.0,1,0.0,[2 1],[0. 1.],1,1,[0.4 0.4],1.0,0.0,1.0
710,0.0,1,356.0,1,711,1,False,0.0,0,2.0,[2 1],[0. 1.],1,1,[0.4 0.4],1.0,0.0,1.0
711,1.0,1,356.0,0,712,0,False,2.0,1,0.0,[2 2],[0. 1.],1,1,[0.4 0.4],1.0,0.0,1.0
712,0.0,1,357.0,1,713,1,False,0.0,0,2.0,[2 2],[0. 1.],1,1,[0.4 0.4],1.0,0.0,1.0
713,1.0,1,357.0,0,714,0,False,2.0,1,0.0,[1 1],[0. 1.],1,1,[0.4 0.4],1.0,0.0,1.0
714,0.0,1,358.0,1,715,1,False,0.0,0,2.0,[1 1],[0. 1.],1,1,[0.4 0.4],1.0,0.0,1.0
715,0.0,1,358.0,0,716,0,False,2.0,1,0.0,[1 2],[0. 1.],1,1,[0.4 0.4],1.0,0.0,1.0
716,0.0,1,359.0,2,717,1,False,0.0,0,2.0,[1 2],[0. 1.],1,1,[0.4 0.4],1.0,0.0,1.0
717,1.0,1,359.0,0,718,0,False,2.0,1,0.0,[2 2],[0. 1.],1,1,[0.4 0.4],1.0,0.0,1.0
718,0.0,1,360.0,2,719,1,False,0.0,0,2.0,[2 2],[0. 1.],1,1,[0.4 0.4],1.0,0.0,1.0
719,1.0,1,360.0,0,720,0,False,2.0,1,0.0,[2 1],[0. 1.],1,1,[0.4 0.4],1.0,0.0,1.0
720,0.0,1,361.0,2,721,1,False,0.0,0,2.0,[2 1],[0. 1.],1,1,[0.4 0.4],1.0,0.0,1.0
721,0.0,1,361.0,0,722,0,False,2.0,1,0.0,[1 1],[0. 1.],0,1,[0.4 0.4],1.0,0.0,1.0
722,0.0,1,362.0,1,723,1,False,0.0,0,1.0,[1 1],[0. 1.],0,1,[0.4 0.4],1.0,0.0,1.0
723,0.0,1,362.0,0,724,0,False,1.0,1,0.0,[2 2],[0. 1.],0,1,[0.4 0.4],1.0,0.0,1.0
724,0.0,1,363.0,1,725,1,False,0.0,0,1.0,[2 2],[0. 1.],0,1,[0.4 0.4],1.0,0.0,1.0
725,1.0,1,363.0,0,726,0,False,1.0,1,0.0,[2 2],[0. 1.],0,1,[0.4 0.4],1.0,0.0,1.0
726,0.0,1,364.0,1,727,1,False,0.0,0,1.0,[2 2],[0. 1.],0,1,[0.4 0.4],1.0,0.0,1.0
727,1.0,1,364.0,0,728,0,False,1.0,1,0.0,[2 1],[0. 1.],0,1,[0.4 0.4],1.0,0.0,1.0
728,0.0,1,365.0,1,729,1,False,0.0,0,1.0,[2 1],[0. 1.],0,1,[0.4 0.4],1.0,0.0,1.0
729,1.0,1,365.0,0,730,0,False,1.0,1,0.0,[1 2],[0. 1.],0,1,[0.4 0.4],1.0,0.0,1.0
730,0.0,1,366.0,1,731,1,False,0.0,0,1.0,[1 2],[0. 1.],0,1,[0.4 0.4],1.0,0.0,1.0
731,0.0,1,366.0,0,732,0,False,1.0,1,0.0,[1 2],[0. 1.],1,1,[0.4 0.4],1.0,0.0,1.0
732,0.0,1,367.0,1,733,1,False,0.0,0,2.0,[1 2],[0. 1.],1,1,[0.4 0.4],1.0,0.0,1.0
733,0.0,1,367.0,0,734,0,False,2.0,1,0.0,[1 2],[0. 1.],0,1,[0.4 0.4],1.0,0.0,1.0
734,0.0,1,368.0,1,735,1,False,0.0,0,1.0,[1 2],[0. 1.],0,1,[0.4 0.4],1.0,0.0,1.0
735,0.0,1,368.0,0,736,0,False,1.0,1,0.0,[1 2],[0. 1.],1,1,[0.4 0.4],1.0,0.0,1.0
736,0.0,1,369.0,1,737,1,False,0.0,0,2.0,[1 2],[0. 1.],1,1,[0.4 0.4],1.0,0.0,1.0
737,0.0,1,369.0,0,738,0,False,2.0,1,0.0,[2 2],[0. 1.],0,1,[0.4 0.4],1.0,0.0,1.0
738,0.0,1,370.0,2,739,1,False,0.0,0,1.0,[2 2],[0. 1.],0,1,[0.4 0.4],1.0,0.0,1.0
739,1.0,1,370.0,0,740,0,False,1.0,1,0.0,[1 2],[0. 1.],0,1,[0.4 0.4],1.0,0.0,1.0
740,0.0,1,371.0,2,741,1,False,0.0,0,1.0,[1 2],[0. 1.],0,1,[0.4 0.4],1.0,0.0,1.0
741,1.0,1,371.0,0,742,0,False,1.0,1,0.0,[1 2],[0. 1.],0,1,[0.4 0.4],1.0,0.0,1.0
742,0.0,1,372.0,2,743,1,False,0.0,0,1.0,[1 2],[0. 1.],0,1,[0.4 0.4],1.0,0.0,1.0
743,1.0,1,372.0,0,744,0,False,1.0,1,0.0,[1 2],[0. 1.],0,1,[0.4 0.4],1.0,0.0,1.0
744,0.0,1,373.0,2,745,1,False,0.0,0,1.0,[1 2],[0. 1.],0,1,[0.4 0.4],1.0,0.0,1.0
745,1.0,1,373.0,0,746,0,False,1.0,1,0.0,[1 1],[1. 0.],1,0,[0.4 0.4],1.0,0.0,1.0
746,0.0,1,374.0,2,747,1,False,0.0,0,2.0,[1 1],[1. 0.],1,0,[0.4 0.4],1.0,0.0,1.0
747,1.0,1,374.0,0,748,0,False,2.0,1,0.0,[1 2],[1. 0.],0,0,[0.4 0.4],1.0,0.0,1.0
748,0.0,1,375.0,2,749,1,False,0.0,0,1.0,[1 2],[1. 0.],0,0,[0.4 0.4],1.0,0.0,1.0
749,0.0,1,375.0,0,750,0,False,1.0,1,0.0,[2 1],[1. 0.],1,0,[0.4 0.4],1.0,0.0,1.0
750,0.0,1,376.0,2,751,1,False,0.0,0,2.0,[2 1],[1. 0.],1,0,[0.4 0.4],1.0,0.0,1.0
751,1.0,1,376.0,0,752,0,False,2.0,1,0.0,[2 1],[1. 0.],1,0,[0.4 0.4],1.0,0.0,1.0
752,0.0,1,377.0,2,753,1,False,0.0,0,2.0,[2 1],[1. 0.],1,0,[0.4 0.4],1.0,0.0,1.0
753,1.0,1,377.0,0,754,0,False,2.0,1,0.0,[2 2],[1. 0.],0,0,[0.4 0.4],1.0,0.0,1.0
754,0.0,1,378.0,2,755,1,False,0.0,0,1.0,[2 2],[1. 0.],0,0,[0.4 0.4],1.0,0.0,1.0
755,0.0,1,378.0,0,756,0,False,1.0,1,0.0,[1 2],[1. 0.],1,0,[0.4 0.4],1.0,0.0,1.0
756,0.0,1,379.0,2,757,1,False,0.0,0,2.0,[1 2],[1. 0.],1,0,[0.4 0.4],1.0,0.0,1.0
757,0.0,1,379.0,0,758,0,False,2.0,1,0.0,[2 2],[1. 0.],0,0,[0.4 0.4],1.0,0.0,1.0
758,0.0,1,380.0,2,759,1,False,0.0,0,1.0,[2 2],[1. 0.],0,0,[0.4 0.4],1.0,0.0,1.0
759,0.0,1,380.0,0,760,0,False,1.0,1,0.0,[2 2],[1. 0.],0,0,[0.4 0.4],1.0,0.0,1.0
760,0.0,1,381.0,2,761,1,False,0.0,0,1.0,[2 2],[1. 0.],0,0,[0.4 0.4],1.0,0.0,1.0
761,0.0,1,381.0,0,762,0,False,1.0,1,0.0,[2 1],[1. 0.],0,0,[0.4 0.4],1.0,0.0,1.0
762,0.0,1,382.0,2,763,1,False,0.0,0,1.0,[2 1],[1. 0.],0,0,[0.4 0.4],1.0,0.0,1.0
763,1.0,1,382.0,0,764,0,False,1.0,1,0.0,[1 1],[1. 0.],0,0,[0.4 0.4],1.0,0.0,1.0
764,0.0,1,383.0,2,765,1,False,0.0,0,1.0,[1 1],[1. 0.],0,0,[0.4 0.4],1.0,0.0,1.0
765,1.0,1,383.0,0,766,0,False,1.0,1,0.0,[2 2],[1. 0.],1,0,[0.4 0.4],1.0,0.0,1.0
766,0.0,1,384.0,2,767,1,False,0.0,0,2.0,[2 2],[1. 0.],1,0,[0.4 0.4],1.0,0.0,1.0
767,0.0,1,384.0,0,768,0,False,2.0,1,0.0,[1 1],[1. 0.],0,0,[0.4 0.4],1.0,0.0,1.0
768,0.0,1,385.0,2,769,1,False,0.0,0,1.0,[1 1],[1. 0.],0,0,[0.4 0.4],1.0,0.0,1.0
769,1.0,1,385.0,0,770,0,False,1.0,1,0.0,[2 1],[1. 0.],0,0,[0.4 0.4],1.0,0.0,1.0
770,0.0,1,386.0,2,771,1,False,0.0,0,1.0,[2 1],[1. 0.],0,0,[0.4 0.4],1.0,0.0,1.0
771,1.0,1,386.0,0,772,0,False,1.0,1,0.0,[1 1],[1. 0.],1,0,[0.4 0.4],1.0,0.0,1.0
772,0.0,1,387.0,2,773,1,False,0.0,0,2.0,[1 1],[1. 0.],1,0,[0.4 0.4],1.0,0.0,1.0
773,1.0,1,387.0,0,774,0,False,2.0,1,0.0,[2 2],[1. 0.],1,0,[0.4 0.4],1.0,0.0,1.0
774,0.0,1,388.0,2,775,1,False,0.0,0,2.0,[2 2],[1. 0.],1,0,[0.4 0.4],1.0,0.0,1.0
775,0.0,1,388.0,0,776,0,False,2.0,1,0.0,[2 1],[1. 0.],0,0,[0.4 0.4],1.0,0.0,1.0
776,0.0,1,389.0,2,777,1,False,0.0,0,1.0,[2 1],[1. 0.],0,0,[0.4 0.4],1.0,0.0,1.0
777,1.0,1,389.0,0,778,0,False,1.0,1,0.0,[2 1],[1. 0.],0,0,[0.4 0.4],1.0,0.0,1.0
778,0.0,1,390.0,2,779,1,False,0.0,0,1.0,[2 1],[1. 0.],0,0,[0.4 0.4],1.0,0.0,1.0
779,1.0,1,390.0,0,780,0,False,1.0,1,0.0,[1 2],[1. 0.],1,0,[0.4 0.4],1.0,0.0,1.0
780,0.0,1,391.0,2,781,1,False,0.0,0,2.0,[1 2],[1. 0.],1,0,[0.4 0.4],1.0,0.0,1.0
781,0.0,1,391.0,0,782,0,False,2.0,1,0.0,[2 2],[1. 0.],1,0,[0.4 0.4],1.0,0.0,1.0
782,0.0,1,392.0,2,783,1,False,0.0,0,2.0,[2 2],[1. 0.],1,0,[0.4 0.4],1.0,0.0,1.0
783,0.0,1,392.0,0,784,0,False,2.0,1,0.0,[2 1],[1. 0.],0,0,[0.4 0.4],1.0,0.0,1.0
784,0.0,1,393.0,1,785,1,False,0.0,0,1.0,[2 1],[1. 0.],0,0,[0.4 0.4],1.0,0.0,1.0
785,0.0,1,393.0,0,786,0,False,1.0,1,0.0,[1 1],[1. 0.],1,0,[0.4 0.4],1.0,0.0,1.0
786,0.0,1,394.0,1,787,1,False,0.0,0,2.0,[1 1],[1. 0.],1,0,[0.4 0.4],1.0,0.0,1.0
787,1.0,1,394.0,0,788,0,False,2.0,1,0.0,[2 2],[1. 0.],1,0,[0.4 0.4],1.0,0.0,1.0
788,0.0,1,395.0,1,789,1,False,0.0,0,2.0,[2 2],[1. 0.],1,0,[0.4 0.4],1.0,0.0,1.0
789,0.0,1,395.0,0,790,0,False,2.0,1,0.0,[1 1],[1. 0.],1,0,[0.4 0.4],1.0,0.0,1.0
790,0.0,1,396.0,2,791,1,False,0.0,0,2.0,[1 1],[1. 0.],1,0,[0.4 0.4],1.0,0.0,1.0
791,1.0,1,396.0,0,792,0,False,2.0,1,0.0,[2 1],[1. 0.],1,0,[0.4 0.4],1.0,0.0,1.0
792,0.0,1,397.0,2,793,1,False,0.0,0,2.0,[2 1],[1. 0.],1,0,[0.4 0.4],1.0,0.0,1.0
793,1.0,1,397.0,0,794,0,False,2.0,1,0.0,[1 2],[1. 0.],0,0,[0.4 0.4],1.0,0.0,1.0
794,0.0,1,398.0,2,795,1,False,0.0,0,1.0,[1 2],[1. 0.],0,0,[0.4 0.4],1.0,0.0,1.0
795,0.0,1,398.0,0,796,0,False,1.0,1,0.0,[2 1],[1. 0.],0,0,[0.4 0.4],1.0,0.0,1.0
796,0.0,1,399.0,2,797,1,False,0.0,0,1.0,[2 1],[1. 0.],0,0,[0.4 0.4],1.0,0.0,1.0
797,1.0,1,399.0,0,798,0,False,1.0,1,0.0,[1 2],[1. 0.],0,0,[0.4 0.4],1.0,0.0,1.0
798,0.0,1,400.0,2,799,1,False,0.0,0,1.0,[1 2],[1. 0.],0,0,[0.4 0.4],1.0,0.0,1.0
799,0.0,1,400.0,0,800,0,False,1.0,1,0.0,[1 1],[1. 0.],1,0,[0.4 0.4],1.0,0.0,1.0
800,0.0,1,401.0,2,801,1,False,0.0,0,2.0,[1 1],[1. 0.],1,0,[0.4 0.4],1.0,0.0,1.0
801,1.0,1,401.0,0,802,0,False,2.0,1,0.0,[2 2],[1. 0.],0,0,[0.4 0.4],1.0,0.0,1.0
802,0.0,1,402.0,2,803,1,False,0.0,0,1.0,[2 2],[1. 0.],0,0,[0.4 0.4],1.0,0.0,1.0
803,0.0,1,402.0,0,804,0,False,1.0,1,0.0,[1 1],[1. 0.],0,0,[0.4 0.4],1.0,0.0,1.0
804,0.0,1,403.0,2,805,1,False,0.0,0,1.0,[1 1],[1. 0.],0,0,[0.4 0.4],1.0,0.0,1.0
805,1.0,1,403.0,0,806,0,False,1.0,1,0.0,[1 1],[1. 0.],1,0,[0.4 0.4],1.0,0.0,1.0
806,0.0,1,404.0,2,807,1,False,0.0,0,2.0,[1 1],[1. 0.],1,0,[0.4 0.4],1.0,0.0,1.0
807,1.0,1,404.0,0,808,0,False,2.0,1,0.0,[1 1],[1. 0.],0,0,[0.4 0.4],1.0,0.0,1.0
808,0.0,1,405.0,2,809,1,False,0.0,0,1.0,[1 1],[1. 0.],0,0,[0.4 0.4],1.0,0.0,1.0
809,1.0,1,405.0,0,810,0,False,1.0,1,0.0,[2 2],[1. 0.],0,0,[0.4 0.4],1.0,0.0,1.0
810,0.0,1,406.0,2,811,1,False,0.0,0,1.0,[2 2],[1. 0.],0,0,[0.4 0.4],1.0,0.0,1.0
811,0.0,1,406.0,0,812,0,False,1.0,1,0.0,[1 1],[1. 0.],1,0,[0.4 0.4],1.0,0.0,1.0
812,0.0,1,407.0,2,813,1,False,0.0,0,2.0,[1 1],[1. 0.],1,0,[0.4 0.4],1.0,0.0,1.0
813,1.0,1,407.0,0,814,0,False,2.0,1,0.0,[2 1],[1. 0.],1,0,[0.4 0.4],1.0,0.0,1.0
814,0.0,1,408.0,2,815,1,False,0.0,0,2.0,[2 1],[1. 0.],1,0,[0.4 0.4],1.0,0.0,1.0
815,1.0,1,408.0,0,816,0,False,2.0,1,0.0,[2 1],[1. 0.],0,0,[0.4 0.4],1.0,0.0,1.0
816,0.0,1,409.0,2,817,1,False,0.0,0,1.0,[2 1],[1. 0.],0,0,[0.4 0.4],1.0,0.0,1.0
817,1.0,1,409.0,0,818,0,False,1.0,1,0.0,[1 1],[1. 0.],0,0,[0.4 0.4],1.0,0.0,1.0
818,0.0,1,410.0,2,819,1,False,0.0,0,1.0,[1 1],[1. 0.],0,0,[0.4 0.4],1.0,0.0,1.0
819,1.0,1,410.0,0,820,0,False,1.0,1,0.0,[2 2],[1. 0.],0,0,[0.4 0.4],1.0,0.0,1.0
820,0.0,1,411.0,2,821,1,False,0.0,0,1.0,[2 2],[1. 0.],0,0,[0.4 0.4],1.0,0.0,1.0
821,0.0,1,411.0,0,822,0,False,1.0,1,0.0,[2 1],[1. 0.],0,0,[0.4 0.4],1.0,0.0,1.0
822,0.0,1,412.0,2,823,1,False,0.0,0,1.0,[2 1],[1. 0.],0,0,[0.4 0.4],1.0,0.0,1.0
823,1.0,1,412.0,0,824,0,False,1.0,1,0.0,[2 1],[1. 0.],1,0,[0.4 0.4],1.0,0.0,1.0
824,0.0,1,413.0,2,825,1,False,0.0,0,2.0,[2 1],[1. 0.],1,0,[0.4 0.4],1.0,0.0,1.0
825,1.0,1,413.0,0,826,0,False,2.0,1,0.0,[1 1],[0. 1.],0,1,[0.4 0.4],1.0,0.0,1.0
826,0.0,1,414.0,2,827,1,False,0.0,0,1.0,[1 1],[0. 1.],0,1,[0.4 0.4],1.0,0.0,1.0
827,0.0,1,414.0,0,828,0,False,1.0,1,0.0,[2 1],[0. 1.],1,1,[0.4 0.4],1.0,0.0,1.0
828,0.0,1,415.0,2,829,1,False,0.0,0,2.0,[2 1],[0. 1.],1,1,[0.4 0.4],1.0,0.0,1.0
829,0.0,1,415.0,0,830,0,False,2.0,1,0.0,[2 2],[0. 1.],0,1,[0.4 0.4],1.0,0.0,1.0
830,0.0,1,416.0,2,831,1,False,0.0,0,1.0,[2 2],[0. 1.],0,1,[0.4 0.4],1.0,0.0,1.0
831,1.0,1,416.0,0,832,0,False,1.0,1,0.0,[2 2],[0. 1.],1,1,[0.4 0.4],1.0,0.0,1.0
832,0.0,1,417.0,2,833,1,False,0.0,0,2.0,[2 2],[0. 1.],1,1,[0.4 0.4],1.0,0.0,1.0
833,1.0,1,417.0,0,834,0,False,2.0,1,0.0,[2 2],[0. 1.],1,1,[0.4 0.4],1.0,0.0,1.0
834,0.0,1,418.0,2,835,1,False,0.0,0,2.0,[2 2],[0. 1.],1,1,[0.4 0.4],1.0,0.0,1.0
835,1.0,1,418.0,0,836,0,False,2.0,1,0.0,[2 1],[0. 1.],0,1,[0.4 0.4],1.0,0.0,1.0
836,0.0,1,419.0,2,837,1,False,0.0,0,1.0,[2 1],[0. 1.],0,1,[0.4 0.4],1.0,0.0,1.0
837,0.0,1,419.0,0,838,0,False,1.0,1,0.0,[1 1],[0. 1.],0,1,[0.4 0.4],1.0,0.0,1.0
838,0.0,1,420.0,2,839,1,False,0.0,0,1.0,[1 1],[0. 1.],0,1,[0.4 0.4],1.0,0.0,1.0
839,0.0,1,420.0,0,840,0,False,1.0,1,0.0,[1 1],[0. 1.],1,1,[0.4 0.4],1.0,0.0,1.0
840,0.0,1,421.0,2,841,1,False,0.0,0,2.0,[1 1],[0. 1.],1,1,[0.4 0.4],1.0,0.0,1.0
841,0.0,1,421.0,0,842,0,False,2.0,1,0.0,[2 2],[0. 1.],1,1,[0.4 0.4],1.0,0.0,1.0
842,0.0,1,422.0,2,843,1,False,0.0,0,2.0,[2 2],[0. 1.],1,1,[0.4 0.4],1.0,0.0,1.0
843,1.0,1,422.0,0,844,0,False,2.0,1,0.0,[2 1],[0. 1.],1,1,[0.4 0.4],1.0,0.0,1.0
844,0.0,1,423.0,2,845,1,False,0.0,0,2.0,[2 1],[0. 1.],1,1,[0.4 0.4],1.0,0.0,1.0
845,0.0,1,423.0,0,846,0,False,2.0,1,0.0,[1 1],[0. 1.],1,1,[0.4 0.4],1.0,0.0,1.0
846,0.0,1,424.0,1,847,1,False,0.0,0,2.0,[1 1],[0. 1.],1,1,[0.4 0.4],1.0,0.0,1.0
847,0.0,1,424.0,0,848,0,False,2.0,1,0.0,[1 1],[0. 1.],0,1,[0.4 0.4],1.0,0.0,1.0
848,0.0,1,425.0,2,849,1,False,0.0,0,1.0,[1 1],[0. 1.],0,1,[0.4 0.4],1.0,0.0,1.0
849,0.0,1,425.0,0,850,0,False,1.0,1,0.0,[2 1],[0. 1.],0,1,[0.4 0.4],1.0,0.0,1.0
850,0.0,1,426.0,2,851,1,False,0.0,0,1.0,[2 1],[0. 1.],0,1,[0.4 0.4],1.0,0.0,1.0
851,0.0,1,426.0,0,852,0,False,1.0,1,0.0,[2 2],[0. 1.],1,1,[0.4 0.4],1.0,0.0,1.0
852,0.0,1,427.0,2,853,1,False,0.0,0,2.0,[2 2],[0. 1.],1,1,[0.4 0.4],1.0,0.0,1.0
853,1.0,1,427.0,0,854,0,False,2.0,1,0.0,[2 1],[0. 1.],0,1,[0.4 0.4],1.0,0.0,1.0
854,0.0,1,428.0,2,855,1,False,0.0,0,1.0,[2 1],[0. 1.],0,1,[0.4 0.4],1.0,0.0,1.0
855,0.0,1,428.0,0,856,0,False,1.0,1,0.0,[2 2],[0. 1.],1,1,[0.4 0.4],1.0,0.0,1.0
856,0.0,1,429.0,2,857,1,False,0.0,0,2.0,[2 2],[0. 1.],1,1,[0.4 0.4],1.0,0.0,1.0
857,1.0,1,429.0,0,858,0,False,2.0,1,0.0,[2 2],[0. 1.],1,1,[0.4 0.4],1.0,0.0,1.0
858,0.0,1,430.0,2,859,1,False,0.0,0,2.0,[2 2],[0. 1.],1,1,[0.4 0.4],1.0,0.0,1.0
859,1.0,1,430.0,0,860,0,False,2.0,1,0.0,[1 2],[0. 1.],1,1,[0.4 0.4],1.0,0.0,1.0
860,0.0,1,431.0,2,861,1,False,0.0,0,2.0,[1 2],[0. 1.],1,1,[0.4 0.4],1.0,0.0,1.0
861,1.0,1,431.0,0,862,0,False,2.0,1,0.0,[1 1],[0. 1.],0,1,[0.4 0.4],1.0,0.0,1.0
862,0.0,1,432.0,2,863,1,False,0.0,0,1.0,[1 1],[0. 1.],0,1,[0.4 0.4],1.0,0.0,1.0
863,0.0,1,432.0,0,864,0,False,1.0,1,0.0,[1 2],[0. 1.],0,1,[0.4 0.4],1.0,0.0,1.0
864,0.0,1,433.0,2,865,1,False,0.0,0,1.0,[1 2],[0. 1.],0,1,[0.4 0.4],1.0,0.0,1.0
865,1.0,1,433.0,0,866,0,False,1.0,1,0.0,[1 2],[0. 1.],0,1,[0.4 0.4],1.0,0.0,1.0
866,0.0,1,434.0,2,867,1,False,0.0,0,1.0,[1 2],[0. 1.],0,1,[0.4 0.4],1.0,0.0,1.0
867,1.0,1,434.0,0,868,0,False,1.0,1,0.0,[1 2],[0. 1.],0,1,[0.4 0.4],1.0,0.0,1.0
868,0.0,1,435.0,2,869,1,False,0.0,0,1.0,[1 2],[0. 1.],0,1,[0.4 0.4],1.0,0.0,1.0
869,1.0,1,435.0,0,870,0,False,1.0,1,0.0,[1 2],[0. 1.],1,1,[0.4 0.4],1.0,0.0,1.0
870,0.0,1,436.0,2,871,1,False,0.0,0,2.0,[1 2],[0. 1.],1,1,[0.4 0.4],1.0,0.0,1.0
871,1.0,1,436.0,0,872,0,False,2.0,1,0.0,[2 1],[0. 1.],0,1,[0.4 0.4],1.0,0.0,1.0
872,0.0,1,437.0,2,873,1,False,0.0,0,1.0,[2 1],[0. 1.],0,1,[0.4 0.4],1.0,0.0,1.0
873,0.0,1,437.0,0,874,0,False,1.0,1,0.0,[2 1],[0. 1.],1,1,[0.4 0.4],1.0,0.0,1.0
874,0.0,1,438.0,2,875,1,False,0.0,0,2.0,[2 1],[0. 1.],1,1,[0.4 0.4],1.0,0.0,1.0
875,0.0,1,438.0,0,876,0,False,2.0,1,0.0,[2 2],[0. 1.],1,1,[0.4 0.4],1.0,0.0,1.0
876,0.0,1,439.0,2,877,1,False,0.0,0,2.0,[2 2],[0. 1.],1,1,[0.4 0.4],1.0,0.0,1.0
877,1.0,1,439.0,0,878,0,False,2.0,1,0.0,[2 2],[0. 1.],1,1,[0.4 0.4],1.0,0.0,1.0
878,0.0,1,440.0,2,879,1,False,0.0,0,2.0,[2 2],[0. 1.],1,1,[0.4 0.4],1.0,0.0,1.0
879,1.0,1,440.0,0,880,0,False,2.0,1,0.0,[2 2],[0. 1.],0,1,[0.4 0.4],1.0,0.0,1.0
880,0.0,1,441.0,2,881,1,False,0.0,0,1.0,[2 2],[0. 1.],0,1,[0.4 0.4],1.0,0.0,1.0
881,1.0,1,441.0,0,882,0,False,1.0,1,0.0,[1 2],[0. 1.],1,1,[0.4 0.4],1.0,0.0,1.0
882,0.0,1,442.0,2,883,1,False,0.0,0,2.0,[1 2],[0. 1.],1,1,[0.4 0.4],1.0,0.0,1.0
883,1.0,1,442.0,0,884,0,False,2.0,1,0.0,[2 2],[0. 1.],1,1,[0.4 0.4],1.0,0.0,1.0
884,0.0,1,443.0,2,885,1,False,0.0,0,2.0,[2 2],[0. 1.],1,1,[0.4 0.4],1.0,0.0,1.0
885,1.0,1,443.0,0,886,0,False,2.0,1,0.0,[1 2],[0. 1.],0,1,[0.4 0.4],1.0,0.0,1.0
886,0.0,1,444.0,2,887,1,False,0.0,0,1.0,[1 2],[0. 1.],0,1,[0.4 0.4],1.0,0.0,1.0
887,1.0,1,444.0,0,888,0,False,1.0,1,0.0,[2 1],[0. 1.],0,1,[0.4 0.4],1.0,0.0,1.0
888,0.0,1,445.0,2,889,1,False,0.0,0,1.0,[2 1],[0. 1.],0,1,[0.4 0.4],1.0,0.0,1.0
889,0.0,1,445.0,0,890,0,False,1.0,1,0.0,[1 2],[0. 1.],1,1,[0.4 0.4],1.0,0.0,1.0
890,0.0,1,446.0,2,891,1,False,0.0,0,2.0,[1 2],[0. 1.],1,1,[0.4 0.4],1.0,0.0,1.0
891,1.0,1,446.0,0,892,0,False,2.0,1,0.0,[2 1],[0. 1.],0,1,[0.4 0.4],1.0,0.0,1.0
892,0.0,1,447.0,2,893,1,False,0.0,0,1.0,[2 1],[0. 1.],0,1,[0.4 0.4],1.0,0.0,1.0
893,0.0,1,447.0,0,894,0,False,1.0,1,0.0,[1 1],[0. 1.],1,1,[0.4 0.4],1.0,0.0,1.0
894,0.0,1,448.0,2,895,1,False,0.0,0,2.0,[1 1],[0. 1.],1,1,[0.4 0.4],1.0,0.0,1.0
895,0.0,1,448.0,0,896,0,False,2.0,1,0.0,[1 2],[0. 1.],0,1,[0.4 0.4],1.0,0.0,1.0
896,0.0,1,449.0,2,897,1,False,0.0,0,1.0,[1 2],[0. 1.],0,1,[0.4 0.4],1.0,0.0,1.0
897,1.0,1,449.0,0,898,0,False,1.0,1,0.0,[1 2],[0. 1.],0,1,[0.4 0.4],1.0,0.0,1.0
898,0.0,1,450.0,2,899,1,False,0.0,0,1.0,[1 2],[0. 1.],0,1,[0.4 0.4],1.0,0.0,1.0
899,1.0,1,450.0,0,900,0,False,1.0,1,0.0,[1 2],[0. 1.],1,1,[0.4 0.4],1.0,0.0,1.0
900,0.0,1,451.0,2,901,1,False,0.0,0,2.0,[1 2],[0. 1.],1,1,[0.4 0.4],1.0,0.0,1.0
901,1.0,1,451.0,0,902,0,False,2.0,1,0.0,[1 1],[0. 1.],0,1,[0.4 0.4],1.0,0.0,1.0
902,0.0,1,452.0,2,903,1,False,0.0,0,1.0,[1 1],[0. 1.],0,1,[0.4 0.4],1.0,0.0,1.0
903,0.0,1,452.0,0,904,0,False,1.0,1,0.0,[2 1],[0. 1.],0,1,[0.4 0.4],1.0,0.0,1.0
904,0.0,1,453.0,2,905,1,False,0.0,0,1.0,[2 1],[0. 1.],0,1,[0.4 0.4],1.0,0.0,1.0
905,0.0,1,453.0,0,906,0,False,1.0,1,0.0,[1 2],[0. 1.],1,1,[0.4 0.4],1.0,0.0,1.0
906,0.0,1,454.0,2,907,1,False,0.0,0,2.0,[1 2],[0. 1.],1,1,[0.4 0.4],1.0,0.0,1.0
907,1.0,1,454.0,0,908,0,False,2.0,1,0.0,[1 1],[0. 1.],1,1,[0.4 0.4],1.0,0.0,1.0
908,0.0,1,455.0,2,909,1,False,0.0,0,2.0,[1 1],[0. 1.],1,1,[0.4 0.4],1.0,0.0,1.0
909,0.0,1,455.0,0,910,0,False,2.0,1,0.0,[1 2],[0. 1.],0,1,[0.4 0.4],1.0,0.0,1.0
910,0.0,1,456.0,2,911,1,False,0.0,0,1.0,[1 2],[0. 1.],0,1,[0.4 0.4],1.0,0.0,1.0
911,1.0,1,456.0,0,912,0,False,1.0,1,0.0,[1 2],[0. 1.],0,1,[0.4 0.4],1.0,0.0,1.0
912,0.0,1,457.0,2,913,1,False,0.0,0,1.0,[1 2],[0. 1.],0,1,[0.4 0.4],1.0,0.0,1.0
913,1.0,1,457.0,0,914,0,False,1.0,1,0.0,[2 2],[0. 1.],0,1,[0.4 0.4],1.0,0.0,1.0
914,0.0,1,458.0,2,915,1,False,0.0,0,1.0,[2 2],[0. 1.],0,1,[0.4 0.4],1.0,0.0,1.0
915,1.0,1,458.0,0,916,0,False,1.0,1,0.0,[2 2],[0. 1.],1,1,[0.4 0.4],1.0,0.0,1.0
916,0.0,1,459.0,2,917,1,False,0.0,0,2.0,[2 2],[0. 1.],1,1,[0.4 0.4],1.0,0.0,1.0
917,1.0,1,459.0,0,918,0,False,2.0,1,0.0,[1 2],[0. 1.],1,1,[0.4 0.4],1.0,0.0,1.0
918,0.0,1,460.0,2,919,1,False,0.0,0,2.0,[1 2],[0. 1.],1,1,[0.4 0.4],1.0,0.0,1.0
919,1.0,1,460.0,0,920,0,False,2.0,1,0.0,[1 2],[0. 1.],0,1,[0.4 0.4],1.0,0.0,1.0
920,0.0,1,461.0,2,921,1,False,0.0,0,1.0,[1 2],[0. 1.],0,1,[0.4 0.4],1.0,0.0,1.0
921,1.0,1,461.0,0,922,0,False,1.0,1,0.0,[2 1],[0. 1.],1,1,[0.4 0.4],1.0,0.0,1.0
922,0.0,1,462.0,2,923,1,False,0.0,0,2.0,[2 1],[0. 1.],1,1,[0.4 0.4],1.0,0.0,1.0
923,0.0,1,462.0,0,924,0,False,2.0,1,0.0,[2 1],[0. 1.],1,1,[0.4 0.4],1.0,0.0,1.0
924,0.0,1,463.0,2,925,1,False,0.0,0,2.0,[2 1],[0. 1.],1,1,[0.4 0.4],1.0,0.0,1.0
925,0.0,1,463.0,0,926,0,False,2.0,1,0.0,[1 2],[0. 1.],0,1,[0.4 0.4],1.0,0.0,1.0
926,0.0,1,464.0,1,927,1,False,0.0,0,1.0,[1 2],[0. 1.],0,1,[0.4 0.4],1.0,0.0,1.0
927,0.0,1,464.0,0,928,0,False,1.0,1,0.0,[1 2],[1. 0.],1,0,[0.4 0.4],1.0,0.0,1.0
928,0.0,1,465.0,1,929,1,False,0.0,0,2.0,[1 2],[1. 0.],1,0,[0.4 0.4],1.0,0.0,1.0
929,1.0,1,465.0,0,930,0,False,2.0,1,0.0,[2 2],[1. 0.],0,0,[0.4 0.4],1.0,0.0,1.0
930,0.0,1,466.0,1,931,1,False,0.0,0,1.0,[2 2],[1. 0.],0,0,[0.4 0.4],1.0,0.0,1.0
931,0.0,1,466.0,0,932,0,False,1.0,1,0.0,[2 2],[0. 1.],0,1,[0.4 0.4],1.0,0.0,1.0
932,0.0,1,467.0,1,933,1,False,0.0,0,1.0,[2 2],[0. 1.],0,1,[0.4 0.4],1.0,0.0,1.0
933,1.0,1,467.0,0,934,0,False,1.0,1,0.0,[2 2],[0. 1.],0,1,[0.4 0.4],1.0,0.0,1.0
934,0.0,1,468.0,1,935,1,False,0.0,0,1.0,[2 2],[0. 1.],0,1,[0.4 0.4],1.0,0.0,1.0
935,1.0,1,468.0,0,936,0,False,1.0,1,0.0,[1 2],[0. 1.],0,1,[0.4 0.4],1.0,0.0,1.0
936,0.0,1,469.0,1,937,1,False,0.0,0,1.0,[1 2],[0. 1.],0,1,[0.4 0.4],1.0,0.0,1.0
937,0.0,1,469.0,0,938,0,False,1.0,1,0.0,[2 2],[0. 1.],0,1,[0.4 0.4],1.0,0.0,1.0
938,0.0,1,470.0,1,939,1,False,0.0,0,1.0,[2 2],[0. 1.],0,1,[0.4 0.4],1.0,0.0,1.0
939,1.0,1,470.0,0,940,0,False,1.0,1,0.0,[2 1],[0. 1.],0,1,[0.4 0.4],1.0,0.0,1.0
940,0.0,1,471.0,1,941,1,False,0.0,0,1.0,[2 1],[0. 1.],0,1,[0.4 0.4],1.0,0.0,1.0
941,1.0,1,471.0,0,942,0,False,1.0,1,0.0,[2 1],[0. 1.],0,1,[0.4 0.4],1.0,0.0,1.0
942,0.0,1,472.0,1,943,1,False,0.0,0,1.0,[2 1],[0. 1.],0,1,[0.4 0.4],1.0,0.0,1.0
943,1.0,1,472.0,0,944,0,False,1.0,1,0.0,[1 2],[0. 1.],0,1,[0.4 0.4],1.0,0.0,1.0
944,0.0,1,473.0,1,945,1,False,0.0,0,1.0,[1 2],[0. 1.],0,1,[0.4 0.4],1.0,0.0,1.0
945,0.0,1,473.0,0,946,0,False,1.0,1,0.0,[2 1],[0. 1.],1,1,[0.4 0.4],1.0,0.0,1.0
946,0.0,1,474.0,1,947,1,False,0.0,0,2.0,[2 1],[0. 1.],1,1,[0.4 0.4],1.0,0.0,1.0
947,1.0,1,474.0,0,948,0,False,2.0,1,0.0,[1 2],[0. 1.],1,1,[0.4 0.4],1.0,0.0,1.0
948,0.0,1,475.0,1,949,1,False,0.0,0,2.0,[1 2],[0. 1.],1,1,[0.4 0.4],1.0,0.0,1.0
949,0.0,1,475.0,0,950,0,False,2.0,1,0.0,[2 1],[0. 1.],0,1,[0.4 0.4],1.0,0.0,1.0
950,0.0,1,476.0,1,951,1,False,0.0,0,1.0,[2 1],[0. 1.],0,1,[0.4 0.4],1.0,0.0,1.0
951,1.0,1,476.0,0,952,0,False,1.0,1,0.0,[1 1],[0. 1.],1,1,[0.4 0.4],1.0,0.0,1.0
952,0.0,1,477.0,1,953,1,False,0.0,0,2.0,[1 1],[0. 1.],1,1,[0.4 0.4],1.0,0.0,1.0
953,0.0,1,477.0,0,954,0,False,2.0,1,0.0,[2 1],[0. 1.],1,1,[0.4 0.4],1.0,0.0,1.0
954,0.0,1,478.0,1,955,1,False,0.0,0,2.0,[2 1],[0. 1.],1,1,[0.4 0.4],1.0,0.0,1.0
955,1.0,1,478.0,0,956,0,False,2.0,1,0.0,[2 1],[0. 1.],1,1,[0.4 0.4],1.0,0.0,1.0
956,0.0,1,479.0,1,957,1,False,0.0,0,2.0,[2 1],[0. 1.],1,1,[0.4 0.4],1.0,0.0,1.0
957,1.0,1,479.0,0,958,0,False,2.0,1,0.0,[1 1],[0. 1.],1,1,[0.4 0.4],1.0,0.0,1.0
958,0.0,1,480.0,1,959,1,False,0.0,0,2.0,[1 1],[0. 1.],1,1,[0.4 0.4],1.0,0.0,1.0
959,0.0,1,480.0,0,960,0,False,2.0,1,0.0,[1 1],[0. 1.],1,1,[0.4 0.4],1.0,0.0,1.0
960,0.0,1,481.0,1,961,1,False,0.0,0,2.0,[1 1],[0. 1.],1,1,[0.4 0.4],1.0,0.0,1.0
961,0.0,1,481.0,0,962,0,False,2.0,1,0.0,[1 2],[0. 1.],0,1,[0.4 0.4],1.0,0.0,1.0
962,0.0,1,482.0,2,963,1,False,0.0,0,1.0,[1 2],[0. 1.],0,1,[0.4 0.4],1.0,0.0,1.0
963,1.0,1,482.0,0,964,0,False,1.0,1,0.0,[2 1],[0. 1.],0,1,[0.4 0.4],1.0,0.0,1.0
964,0.0,1,483.0,2,965,1,False,0.0,0,1.0,[2 1],[0. 1.],0,1,[0.4 0.4],1.0,0.0,1.0
965,0.0,1,483.0,0,966,0,False,1.0,1,0.0,[2 1],[0. 1.],1,1,[0.4 0.4],1.0,0.0,1.0
966,0.0,1,484.0,2,967,1,False,0.0,0,2.0,[2 1],[0. 1.],1,1,[0.4 0.4],1.0,0.0,1.0
967,0.0,1,484.0,0,968,0,False,2.0,1,0.0,[2 2],[0. 1.],0,1,[0.4 0.4],1.0,0.0,1.0
968,0.0,1,485.0,1,969,1,False,0.0,0,1.0,[2 2],[0. 1.],0,1,[0.4 0.4],1.0,0.0,1.0
969,1.0,1,485.0,0,970,0,False,1.0,1,0.0,[1 1],[0. 1.],1,1,[0.4 0.4],1.0,0.0,1.0
970,0.0,1,486.0,1,971,1,False,0.0,0,2.0,[1 1],[0. 1.],1,1,[0.4 0.4],1.0,0.0,1.0
971,0.0,1,486.0,0,972,0,False,2.0,1,0.0,[1 2],[0. 1.],1,1,[0.4 0.4],1.0,0.0,1.0
972,0.0,1,487.0,1,973,1,False,0.0,0,2.0,[1 2],[0. 1.],1,1,[0.4 0.4],1.0,0.0,1.0
973,0.0,1,487.0,0,974,0,False,2.0,1,0.0,[1 1],[0. 1.],1,1,[0.4 0.4],1.0,0.0,1.0
974,0.0,1,488.0,2,975,1,False,0.0,0,2.0,[1 1],[0. 1.],1,1,[0.4 0.4],1.0,0.0,1.0
975,0.0,1,488.0,0,976,0,False,2.0,1,0.0,[2 2],[0. 1.],1,1,[0.4 0.4],1.0,0.0,1.0
976,0.0,1,489.0,1,977,1,False,0.0,0,2.0,[2 2],[0. 1.],1,1,[0.4 0.4],1.0,0.0,1.0
977,1.0,1,489.0,0,978,0,False,2.0,1,0.0,[2 2],[0. 1.],0,1,[0.4 0.4],1.0,0.0,1.0
978,0.0,1,490.0,1,979,1,False,0.0,0,1.0,[2 2],[0. 1.],0,1,[0.4 0.4],1.0,0.0,1.0
979,1.0,1,490.0,0,980,0,False,1.0,1,0.0,[2 2],[0. 1.],1,1,[0.4 0.4],1.0,0.0,1.0
980,0.0,1,491.0,1,981,1,False,0.0,0,2.0,[2 2],[0. 1.],1,1,[0.4 0.4],1.0,0.0,1.0
981,1.0,1,491.0,0,982,0,False,2.0,1,0.0,[2 2],[0. 1.],0,1,[0.4 0.4],1.0,0.0,1.0
982,0.0,1,492.0,1,983,1,False,0.0,0,1.0,[2 2],[0. 1.],0,1,[0.4 0.4],1.0,0.0,1.0
983,1.0,1,492.0,0,984,0,False,1.0,1,0.0,[1 2],[0. 1.],1,1,[0.4 0.4],1.0,0.0,1.0
984,0.0,1,493.0,1,985,1,False,0.0,0,2.0,[1 2],[0. 1.],1,1,[0.4 0.4],1.0,0.0,1.0
985,0.0,1,493.0,0,986,0,False,2.0,1,0.0,[1 2],[0. 1.],1,1,[0.4 0.4],1.0,0.0,1.0
986,0.0,1,494.0,1,987,1,False,0.0,0,2.0,[1 2],[0. 1.],1,1,[0.4 0.4],1.0,0.0,1.0
987,0.0,1,494.0,0,988,0,False,2.0,1,0.0,[1 2],[0. 1.],1,1,[0.4 0.4],1.0,0.0,1.0
988,0.0,1,495.0,2,989,1,False,0.0,0,2.0,[1 2],[0. 1.],1,1,[0.4 0.4],1.0,0.0,1.0
989,1.0,1,495.0,0,990,0,False,2.0,1,0.0,[1 1],[0. 1.],1,1,[0.4 0.4],1.0,0.0,1.0
990,0.0,1,496.0,2,991,1,False,0.0,0,2.0,[1 1],[0. 1.],1,1,[0.4 0.4],1.0,0.0,1.0
991,0.0,1,496.0,0,992,0,False,2.0,1,0.0,[2 2],[0. 1.],0,1,[0.4 0.4],1.0,0.0,1.0
992,0.0,1,497.0,1,993,1,False,0.0,0,1.0,[2 2],[0. 1.],0,1,[0.4 0.4],1.0,0.0,1.0
993,1.0,1,497.0,0,994,0,False,1.0,1,0.0,[1 2],[0. 1.],1,1,[0.4 0.4],1.0,0.0,1.0
994,0.0,1,498.0,1,995,1,False,0.0,0,2.0,[1 2],[0. 1.],1,1,[0.4 0.4],1.0,0.0,1.0
995,0.0,1,498.0,0,996,0,False,2.0,1,0.0,[2 2],[0. 1.],0,1,[0.4 0.4],1.0,0.0,1.0
996,0.0,1,499.0,1,997,1,False,0.0,0,1.0,[2 2],[0. 1.],0,1,[0.4 0.4],1.0,0.0,1.0
997,1.0,1,499.0,0,998,0,False,1.0,1,0.0,[1 1],[0. 1.],0,1,[0.4 0.4],1.0,0.0,1.0
998,0.0,1,500.0,1,999,1,False,0.0,0,1.0,[1 1],[0. 1.],0,1,[0.4 0.4],1.0,0.0,1.0
999,0.0,1,500.0,0,1000,0,False,1.0,1,0.0,[1 2],[0. 1.],1,1,[0.4 0.4],1.0,0.0,1.0
1000,0.0,1,501.0,1,1001,1,False,0.0,0,2.0,[1 2],[0. 1.],1,1,[0.4 0.4],1.0,0.0,1.0
1001,0.0,1,501.0,0,1002,0,False,2.0,1,0.0,[2 1],[0. 1.],0,1,[0.4 0.4],1.0,0.0,1.0
1002,0.0,1,502.0,2,1003,1,False,0.0,0,1.0,[2 1],[0. 1.],0,1,[0.4 0.4],1.0,0.0,1.0
1003,0.0,1,502.0,0,1004,0,False,1.0,1,0.0,[1 1],[0. 1.],1,1,[0.4 0.4],1.0,0.0,1.0
1004,0.0,1,503.0,2,1005,1,False,0.0,0,2.0,[1 1],[0. 1.],1,1,[0.4 0.4],1.0,0.0,1.0
1005,0.0,1,503.0,0,1006,0,False,2.0,1,0.0,[1 1],[0. 1.],1,1,[0.4 0.4],1.0,0.0,1.0
1006,0.0,1,504.0,1,1007,1,False,0.0,0,2.0,[1 1],[0. 1.],1,1,[0.4 0.4],1.0,0.0,1.0
1007,0.0,1,504.0,0,1008,0,False,2.0,1,0.0,[1 1],[0. 1.],1,1,[0.4 0.4],1.0,0.0,1.0
1008,0.0,1,505.0,2,1009,1,False,0.0,0,2.0,[1 1],[0. 1.],1,1,[0.4 0.4],1.0,0.0,1.0
1009,0.0,1,505.0,0,1010,0,False,2.0,1,0.0,[1 2],[0. 1.],1,1,[0.4 0.4],1.0,0.0,1.0
1010,0.0,1,506.0,1,1011,1,False,0.0,0,2.0,[1 2],[0. 1.],1,1,[0.4 0.4],1.0,0.0,1.0
1011,0.0,1,506.0,0,1012,0,False,2.0,1,0.0,[1 1],[0. 1.],1,1,[0.4 0.4],1.0,0.0,1.0
1012,0.0,1,507.0,2,1013,1,False,0.0,0,2.0,[1 1],[0. 1.],1,1,[0.4 0.4],1.0,0.0,1.0
1013,0.0,1,507.0,0,1014,0,False,2.0,1,0.0,[2 1],[0. 1.],0,1,[0.4 0.4],1.0,0.0,1.0
1014,0.0,1,508.0,1,1015,1,False,0.0,0,1.0,[2 1],[0. 1.],0,1,[0.4 0.4],1.0,0.0,1.0
1015,1.0,1,508.0,0,1016,0,False,1.0,1,0.0,[2 1],[0. 1.],1,1,[0.4 0.4],1.0,0.0,1.0
1016,0.0,1,509.0,1,1017,1,False,0.0,0,2.0,[2 1],[0. 1.],1,1,[0.4 0.4],1.0,0.0,1.0
1017,1.0,1,509.0,0,1018,0,False,2.0,1,0.0,[2 1],[0. 1.],0,1,[0.4 0.4],1.0,0.0,1.0
1018,0.0,1,510.0,1,1019,1,False,0.0,0,1.0,[2 1],[0. 1.],0,1,[0.4 0.4],1.0,0.0,1.0
1019,1.0,1,510.0,0,1020,0,False,1.0,1,0.0,[1 1],[0. 1.],0,1,[0.4 0.4],1.0,0.0,1.0
1020,0.0,1,511.0,1,1021,1,False,0.0,0,1.0,[1 1],[0. 1.],0,1,[0.4 0.4],1.0,0.0,1.0
1021,0.0,1,511.0,0,1022,0,False,1.0,1,0.0,[1 2],[0. 1.],0,1,[0.4 0.4],1.0,0.0,1.0
1022,0.0,1,512.0,1,1023,1,False,0.0,0,1.0,[1 2],[0. 1.],0,1,[0.4 0.4],1.0,0.0,1.0
1023,0.0,1,512.0,0,1024,0,False,1.0,1,0.0,[2 1],[0. 1.],0,1,[0.4 0.4],1.0,0.0,1.0
1024,0.0,1,513.0,1,1025,1,False,0.0,0,1.0,[2 1],[0. 1.],0,1,[0.4 0.4],1.0,0.0,1.0
1025,1.0,1,513.0,0,1026,0,False,1.0,1,0.0,[1 1],[0. 1.],0,1,[0.4 0.4],1.0,0.0,1.0
1026,0.0,1,514.0,1,1027,1,False,0.0,0,1.0,[1 1],[0. 1.],0,1,[0.4 0.4],1.0,0.0,1.0
1027,0.0,1,514.0,0,1028,0,False,1.0,1,0.0,[2 1],[0. 1.],0,1,[0.4 0.4],1.0,0.0,1.0
1028,0.0,1,515.0,1,1029,1,False,0.0,0,1.0,[2 1],[0. 1.],0,1,[0.4 0.4],1.0,0.0,1.0
1029,1.0,1,515.0,0,1030,0,False,1.0,1,0.0,[2 2],[0. 1.],0,1,[0.4 0.4],1.0,0.0,1.0
1030,0.0,1,516.0,1,1031,1,False,0.0,0,1.0,[2 2],[0. 1.],0,1,[0.4 0.4],1.0,0.0,1.0
1031,1.0,1,516.0,0,1032,0,False,1.0,1,0.0,[2 2],[0. 1.],0,1,[0.4 0.4],1.0,0.0,1.0
1032,0.0,1,517.0,1,1033,1,False,0.0,0,1.0,[2 2],[0. 1.],0,1,[0.4 0.4],1.0,0.0,1.0
1033,1.0,1,517.0,0,1034,0,False,1.0,1,0.0,[2 1],[0. 1.],0,1,[0.4 0.4],1.0,0.0,1.0
1034,0.0,1,518.0,1,1035,1,False,0.0,0,1.0,[2 1],[0. 1.],0,1,[0.4 0.4],1.0,0.0,1.0
1035,1.0,1,518.0,0,1036,0,False,1.0,1,0.0,[2 1],[0. 1.],0,1,[0.4 0.4],1.0,0.0,1.0
1036,0.0,1,519.0,1,1037,1,False,0.0,0,1.0,[2 1],[0. 1.],0,1,[0.4 0.4],1.0,0.0,1.0
1037,1.0,1,519.0,0,1038,0,False,1.0,1,0.0,[2 2],[0. 1.],1,1,[0.4 0.4],1.0,0.0,1.0
1038,0.0,1,520.0,1,1039,1,False,0.0,0,2.0,[2 2],[0. 1.],1,1,[0.4 0.4],1.0,0.0,1.0
1039,1.0,1,520.0,0,1040,0,False,2.0,1,0.0,[2 1],[0. 1.],1,1,[0.4 0.4],1.0,0.0,1.0
1040,0.0,1,521.0,1,1041,1,False,0.0,0,2.0,[2 1],[0. 1.],1,1,[0.4 0.4],1.0,0.0,1.0
1041,1.0,1,521.0,0,1042,0,False,2.0,1,0.0,[2 2],[0. 1.],0,1,[0.4 0.4],1.0,0.0,1.0
1042,0.0,1,522.0,1,1043,1,False,0.0,0,1.0,[2 2],[0. 1.],0,1,[0.4 0.4],1.0,0.0,1.0
1043,1.0,1,522.0,0,1044,0,False,1.0,1,0.0,[1 2],[0. 1.],1,1,[0.4 0.4],1.0,0.0,1.0
1044,0.0,1,523.0,1,1045,1,False,0.0,0,2.0,[1 2],[0. 1.],1,1,[0.4 0.4],1.0,0.0,1.0
1045,0.0,1,523.0,0,1046,0,False,2.0,1,0.0,[1 2],[0. 1.],1,1,[0.4 0.4],1.0,0.0,1.0
1046,0.0,1,524.0,1,1047,1,False,0.0,0,2.0,[1 2],[0. 1.],1,1,[0.4 0.4],1.0,0.0,1.0
1047,0.0,1,524.0,0,1048,0,False,2.0,1,0.0,[2 1],[0. 1.],0,1,[0.4 0.4],1.0,0.0,1.0
1048,0.0,1,525.0,2,1049,1,False,0.0,0,1.0,[2 1],[0. 1.],0,1,[0.4 0.4],1.0,0.0,1.0
1049,0.0,1,525.0,0,1050,0,False,1.0,1,0.0,[1 1],[0. 1.],1,1,[0.4 0.4],1.0,0.0,1.0
1050,0.0,1,526.0,2,1051,1,False,0.0,0,2.0,[1 1],[0. 1.],1,1,[0.4 0.4],1.0,0.0,1.0
1051,0.0,1,526.0,0,1052,0,False,2.0,1,0.0,[2 2],[0. 1.],0,1,[0.4 0.4],1.0,0.0,1.0
1052,0.0,1,527.0,1,1053,1,False,0.0,0,1.0,[2 2],[0. 1.],0,1,[0.4 0.4],1.0,0.0,1.0
1053,1.0,1,527.0,0,1054,0,False,1.0,1,0.0,[2 2],[0. 1.],1,1,[0.4 0.4],1.0,0.0,1.0
1054,0.0,1,528.0,1,1055,1,False,0.0,0,2.0,[2 2],[0. 1.],1,1,[0.4 0.4],1.0,0.0,1.0
1055,1.0,1,528.0,0,1056,0,False,2.0,1,0.0,[2 1],[0. 1.],0,1,[0.4 0.4],1.0,0.0,1.0
1056,0.0,1,529.0,1,1057,1,False,0.0,0,1.0,[2 1],[0. 1.],0,1,[0.4 0.4],1.0,0.0,1.0
1057,1.0,1,529.0,0,1058,0,False,1.0,1,0.0,[2 1],[0. 1.],0,1,[0.4 0.4],1.0,0.0,1.0
1058,0.0,1,530.0,1,1059,1,False,0.0,0,1.0,[2 1],[0. 1.],0,1,[0.4 0.4],1.0,0.0,1.0
1059,1.0,1,530.0,0,1060,0,False,1.0,1,0.0,[2 2],[0. 1.],1,1,[0.4 0.4],1.0,0.0,1.0
1060,0.0,1,531.0,1,1061,1,False,0.0,0,2.0,[2 2],[0. 1.],1,1,[0.4 0.4],1.0,0.0,1.0
1061,1.0,1,531.0,0,1062,0,False,2.0,1,0.0,[1 1],[0. 1.],1,1,[0.4 0.4],1.0,0.0,1.0
1062,0.0,1,532.0,1,1063,1,False,0.0,0,2.0,[1 1],[0. 1.],1,1,[0.4 0.4],1.0,0.0,1.0
1063,0.0,1,532.0,0,1064,0,False,2.0,1,0.0,[1 1],[0. 1.],0,1,[0.4 0.4],1.0,0.0,1.0
1064,0.0,1,533.0,1,1065,1,False,0.0,0,1.0,[1 1],[0. 1.],0,1,[0.4 0.4],1.0,0.0,1.0
1065,0.0,1,533.0,0,1066,0,False,1.0,1,0.0,[2 1],[0. 1.],1,1,[0.4 0.4],1.0,0.0,1.0
1066,0.0,1,534.0,1,1067,1,False,0.0,0,2.0,[2 1],[0. 1.],1,1,[0.4 0.4],1.0,0.0,1.0
1067,1.0,1,534.0,0,1068,0,False,2.0,1,0.0,[2 1],[0. 1.],0,1,[0.4 0.4],1.0,0.0,1.0
1068,0.0,1,535.0,1,1069,1,False,0.0,0,1.0,[2 1],[0. 1.],0,1,[0.4 0.4],1.0,0.0,1.0
1069,1.0,1,535.0,0,1070,0,False,1.0,1,0.0,[1 1],[0. 1.],1,1,[0.4 0.4],1.0,0.0,1.0
1070,0.0,1,536.0,1,1071,1,False,0.0,0,2.0,[1 1],[0. 1.],1,1,[0.4 0.4],1.0,0.0,1.0
1071,0.0,1,536.0,0,1072,0,False,2.0,1,0.0,[2 2],[1. 0.],1,0,[0.4 0.4],1.0,0.0,1.0
1072,0.0,1,537.0,1,1073,1,False,0.0,0,2.0,[2 2],[1. 0.],1,0,[0.4 0.4],1.0,0.0,1.0
1073,0.0,1,537.0,0,1074,0,False,2.0,1,0.0,[2 1],[1. 0.],1,0,[0.4 0.4],1.0,0.0,1.0
1074,0.0,1,538.0,2,1075,1,False,0.0,0,2.0,[2 1],[1. 0.],1,0,[0.4 0.4],1.0,0.0,1.0
1075,1.0,1,538.0,0,1076,0,False,2.0,1,0.0,[1 1],[1. 0.],0,0,[0.4 0.4],1.0,0.0,1.0
1076,0.0,1,539.0,2,1077,1,False,0.0,0,1.0,[1 1],[1. 0.],0,0,[0.4 0.4],1.0,0.0,1.0
1077,1.0,1,539.0,0,1078,0,False,1.0,1,0.0,[2 2],[0. 1.],0,1,[0.4 0.4],1.0,0.0,1.0
1078,0.0,1,540.0,2,1079,1,False,0.0,0,1.0,[2 2],[0. 1.],0,1,[0.4 0.4],1.0,0.0,1.0
1079,1.0,1,540.0,0,1080,0,False,1.0,1,0.0,[1 1],[0. 1.],0,1,[0.4 0.4],1.0,0.0,1.0
1080,0.0,1,541.0,2,1081,1,False,0.0,0,1.0,[1 1],[0. 1.],0,1,[0.4 0.4],1.0,0.0,1.0
1081,0.0,1,541.0,0,1082,0,False,1.0,1,0.0,[2 1],[0. 1.],0,1,[0.4 0.4],1.0,0.0,1.0
1082,0.0,1,542.0,2,1083,1,False,0.0,0,1.0,[2 1],[0. 1.],0,1,[0.4 0.4],1.0,0.0,1.0
1083,0.0,1,542.0,0,1084,0,False,1.0,1,0.0,[1 1],[0. 1.],0,1,[0.4 0.4],1.0,0.0,1.0
1084,0.0,1,543.0,2,1085,1,False,0.0,0,1.0,[1 1],[0. 1.],0,1,[0.4 0.4],1.0,0.0,1.0
1085,0.0,1,543.0,0,1086,0,False,1.0,1,0.0,[1 2],[0. 1.],0,1,[0.4 0.4],1.0,0.0,1.0
1086,0.0,1,544.0,2,1087,1,False,0.0,0,1.0,[1 2],[0. 1.],0,1,[0.4 0.4],1.0,0.0,1.0
1087,1.0,1,544.0,0,1088,0,False,1.0,1,0.0,[1 2],[0. 1.],0,1,[0.4 0.4],1.0,0.0,1.0
1088,0.0,1,545.0,2,1089,1,False,0.0,0,1.0,[1 2],[0. 1.],0,1,[0.4 0.4],1.0,0.0,1.0
1089,1.0,1,545.0,0,1090,0,False,1.0,1,0.0,[2 1],[0. 1.],1,1,[0.4 0.4],1.0,0.0,1.0
1090,0.0,1,546.0,2,1091,1,False,0.0,0,2.0,[2 1],[0. 1.],1,1,[0.4 0.4],1.0,0.0,1.0
1091,0.0,1,546.0,0,1092,0,False,2.0,1,0.0,[1 1],[0. 1.],0,1,[0.4 0.4],1.0,0.0,1.0
1092,0.0,1,547.0,2,1093,1,False,0.0,0,1.0,[1 1],[0. 1.],0,1,[0.4 0.4],1.0,0.0,1.0
1093,0.0,1,547.0,0,1094,0,False,1.0,1,0.0,[2 1],[0. 1.],0,1,[0.4 0.4],1.0,0.0,1.0
1094,0.0,1,548.0,2,1095,1,False,0.0,0,1.0,[2 1],[0. 1.],0,1,[0.4 0.4],1.0,0.0,1.0
1095,0.0,1,548.0,0,1096,0,False,1.0,1,0.0,[2 2],[0. 1.],1,1,[0.4 0.4],1.0,0.0,1.0
1096,0.0,1,549.0,2,1097,1,False,0.0,0,2.0,[2 2],[0. 1.],1,1,[0.4 0.4],1.0,0.0,1.0
1097,1.0,1,549.0,0,1098,0,False,2.0,1,0.0,[2 1],[0. 1.],0,1,[0.4 0.4],1.0,0.0,1.0
1098,0.0,1,550.0,2,1099,1,False,0.0,0,1.0,[2 1],[0. 1.],0,1,[0.4 0.4],1.0,0.0,1.0
1099,0.0,1,550.0,0,1100,0,False,1.0,1,0.0,[2 1],[0. 1.],0,1,[0.4 0.4],1.0,0.0,1.0
1100,0.0,1,551.0,2,1101,1,False,0.0,0,1.0,[2 1],[0. 1.],0,1,[0.4 0.4],1.0,0.0,1.0
1101,0.0,1,551.0,0,1102,0,False,1.0,1,0.0,[1 1],[0. 1.],0,1,[0.4 0.4],1.0,0.0,1.0
1102,0.0,1,552.0,2,1103,1,False,0.0,0,1.0,[1 1],[0. 1.],0,1,[0.4 0.4],1.0,0.0,1.0
1103,0.0,1,552.0,0,1104,0,False,1.0,1,0.0,[1 2],[0. 1.],0,1,[0.4 0.4],1.0,0.0,1.0
1104,0.0,1,553.0,2,1105,1,False,0.0,0,1.0,[1 2],[0. 1.],0,1,[0.4 0.4],1.0,0.0,1.0
1105,1.0,1,553.0,0,1106,0,False,1.0,1,0.0,[1 2],[0. 1.],0,1,[0.4 0.4],1.0,0.0,1.0
1106,0.0,1,554.0,2,1107,1,False,0.0,0,1.0,[1 2],[0. 1.],0,1,[0.4 0.4],1.0,0.0,1.0
1107,1.0,1,554.0,0,1108,0,False,1.0,1,0.0,[2 1],[0. 1.],1,1,[0.4 0.4],1.0,0.0,1.0
1108,0.0,1,555.0,2,1109,1,False,0.0,0,2.0,[2 1],[0. 1.],1,1,[0.4 0.4],1.0,0.0,1.0
1109,0.0,1,555.0,0,1110,0,False,2.0,1,0.0,[1 2],[0. 1.],0,1,[0.4 0.4],1.0,0.0,1.0
1110,0.0,1,556.0,2,1111,1,False,0.0,0,1.0,[1 2],[0. 1.],0,1,[0.4 0.4],1.0,0.0,1.0
1111,1.0,1,556.0,0,1112,0,False,1.0,1,0.0,[2 2],[0. 1.],0,1,[0.4 0.4],1.0,0.0,1.0
1112,0.0,1,557.0,2,1113,1,False,0.0,0,1.0,[2 2],[0. 1.],0,1,[0.4 0.4],1.0,0.0,1.0
1113,1.0,1,557.0,0,1114,0,False,1.0,1,0.0,[2 2],[0. 1.],0,1,[0.4 0.4],1.0,0.0,1.0
1114,0.0,1,558.0,2,1115,1,False,0.0,0,1.0,[2 2],[0. 1.],0,1,[0.4 0.4],1.0,0.0,1.0
1115,1.0,1,558.0,0,1116,0,False,1.0,1,0.0,[1 2],[0. 1.],1,1,[0.4 0.4],1.0,0.0,1.0
1116,0.0,1,559.0,2,1117,1,False,0.0,0,2.0,[1 2],[0. 1.],1,1,[0.4 0.4],1.0,0.0,1.0
1117,1.0,1,559.0,0,1118,0,False,2.0,1,0.0,[1 2],[0. 1.],1,1,[0.4 0.4],1.0,0.0,1.0
1118,0.0,1,560.0,2,1119,1,False,0.0,0,2.0,[1 2],[0. 1.],1,1,[0.4 0.4],1.0,0.0,1.0
1119,1.0,1,560.0,0,1120,0,False,2.0,1,0.0,[1 2],[0. 1.],0,1,[0.4 0.4],1.0,0.0,1.0
1120,0.0,1,561.0,2,1121,1,False,0.0,0,1.0,[1 2],[0. 1.],0,1,[0.4 0.4],1.0,0.0,1.0
1121,1.0,1,561.0,0,1122,0,False,1.0,1,0.0,[1 2],[0. 1.],0,1,[0.4 0.4],1.0,0.0,1.0
1122,0.0,1,562.0,2,1123,1,False,0.0,0,1.0,[1 2],[0. 1.],0,1,[0.4 0.4],1.0,0.0,1.0
1123,1.0,1,562.0,0,1124,0,False,1.0,1,0.0,[1 2],[0. 1.],0,1,[0.4 0.4],1.0,0.0,1.0
1124,0.0,1,563.0,2,1125,1,False,0.0,0,1.0,[1 2],[0. 1.],0,1,[0.4 0.4],1.0,0.0,1.0
1125,1.0,1,563.0,0,1126,0,False,1.0,1,0.0,[1 2],[0. 1.],1,1,[0.4 0.4],1.0,0.0,1.0
1126,0.0,1,564.0,2,1127,1,False,0.0,0,2.0,[1 2],[0. 1.],1,1,[0.4 0.4],1.0,0.0,1.0
1127,1.0,1,564.0,0,1128,0,False,2.0,1,0.0,[1 1],[0. 1.],0,1,[0.4 0.4],1.0,0.0,1.0
1128,0.0,1,565.0,2,1129,1,False,0.0,0,1.0,[1 1],[0. 1.],0,1,[0.4 0.4],1.0,0.0,1.0
1129,0.0,1,565.0,0,1130,0,False,1.0,1,0.0,[1 2],[0. 1.],0,1,[0.4 0.4],1.0,0.0,1.0
1130,0.0,1,566.0,2,1131,1,False,0.0,0,1.0,[1 2],[0. 1.],0,1,[0.4 0.4],1.0,0.0,1.0
1131,1.0,1,566.0,0,1132,0,False,1.0,1,0.0,[2 1],[0. 1.],0,1,[0.4 0.4],1.0,0.0,1.0
1132,0.0,1,567.0,2,1133,1,False,0.0,0,1.0,[2 1],[0. 1.],0,1,[0.4 0.4],1.0,0.0,1.0
1133,0.0,1,567.0,0,1134,0,False,1.0,1,0.0,[2 1],[0. 1.],1,1,[0.4 0.4],1.0,0.0,1.0
1134,0.0,1,568.0,2,1135,1,False,0.0,0,2.0,[2 1],[0. 1.],1,1,[0.4 0.4],1.0,0.0,1.0
1135,0.0,1,568.0,0,1136,0,False,2.0,1,0.0,[1 2],[0. 1.],0,1,[0.4 0.4],1.0,0.0,1.0
1136,0.0,1,569.0,2,1137,1,False,0.0,0,1.0,[1 2],[0. 1.],0,1,[0.4 0.4],1.0,0.0,1.0
1137,1.0,1,569.0,0,1138,0,False,1.0,1,0.0,[2 2],[0. 1.],0,1,[0.4 0.4],1.0,0.0,1.0
1138,0.0,1,570.0,2,1139,1,False,0.0,0,1.0,[2 2],[0. 1.],0,1,[0.4 0.4],1.0,0.0,1.0
1139,1.0,1,570.0,0,1140,0,False,1.0,1,0.0,[1 2],[0. 1.],1,1,[0.4 0.4],1.0,0.0,1.0
1140,0.0,1,571.0,2,1141,1,False,0.0,0,2.0,[1 2],[0. 1.],1,1,[0.4 0.4],1.0,0.0,1.0
1141,1.0,1,571.0,0,1142,0,False,2.0,1,0.0,[1 2],[0. 1.],1,1,[0.4 0.4],1.0,0.0,1.0
1142,0.0,1,572.0,2,1143,1,False,0.0,0,2.0,[1 2],[0. 1.],1,1,[0.4 0.4],1.0,0.0,1.0
1143,1.0,1,572.0,0,1144,0,False,2.0,1,0.0,[1 1],[0. 1.],0,1,[0.4 0.4],1.0,0.0,1.0
1144,0.0,1,573.0,2,1145,1,False,0.0,0,1.0,[1 1],[0. 1.],0,1,[0.4 0.4],1.0,0.0,1.0
1145,0.0,1,573.0,0,1146,0,False,1.0,1,0.0,[2 2],[0. 1.],0,1,[0.4 0.4],1.0,0.0,1.0
1146,0.0,1,574.0,2,1147,1,False,0.0,0,1.0,[2 2],[0. 1.],0,1,[0.4 0.4],1.0,0.0,1.0
1147,1.0,1,574.0,0,1148,0,False,1.0,1,0.0,[1 1],[0. 1.],1,1,[0.4 0.4],1.0,0.0,1.0
1148,0.0,1,575.0,2,1149,1,False,0.0,0,2.0,[1 1],[0. 1.],1,1,[0.4 0.4],1.0,0.0,1.0
1149,0.0,1,575.0,0,1150,0,False,2.0,1,0.0,[2 1],[0. 1.],0,1,[0.4 0.4],1.0,0.0,1.0
1150,0.0,1,576.0,2,1151,1,False,0.0,0,1.0,[2 1],[0. 1.],0,1,[0.4 0.4],1.0,0.0,1.0
1151,0.0,1,576.0,0,1152,0,False,1.0,1,0.0,[1 1],[0. 1.],1,1,[0.4 0.4],1.0,0.0,1.0
1152,0.0,1,577.0,2,1153,1,False,0.0,0,2.0,[1 1],[0. 1.],1,1,[0.4 0.4],1.0,0.0,1.0
1153,0.0,1,577.0,0,1154,0,False,2.0,1,0.0,[1 2],[0. 1.],0,1,[0.4 0.4],1.0,0.0,1.0
1154,0.0,1,578.0,1,1155,1,False,0.0,0,1.0,[1 2],[0. 1.],0,1,[0.4 0.4],1.0,0.0,1.0
1155,0.0,1,578.0,0,1156,0,False,1.0,1,0.0,[1 2],[0. 1.],0,1,[0.4 0.4],1.0,0.0,1.0
1156,0.0,1,579.0,1,1157,1,False,0.0,0,1.0,[1 2],[0. 1.],0,1,[0.4 0.4],1.0,0.0,1.0
1157,0.0,1,579.0,0,1158,0,False,1.0,1,0.0,[1 2],[0. 1.],1,1,[0.4 0.4],1.0,0.0,1.0
1158,0.0,1,580.0,2,1159,1,False,0.0,0,2.0,[1 2],[0. 1.],1,1,[0.4 0.4],1.0,0.0,1.0
1159,1.0,1,580.0,0,1160,0,False,2.0,1,0.0,[2 2],[0. 1.],0,1,[0.4 0.4],1.0,0.0,1.0
1160,0.0,1,581.0,2,1161,1,False,0.0,0,1.0,[2 2],[0. 1.],0,1,[0.4 0.4],1.0,0.0,1.0
1161,1.0,1,581.0,0,1162,0,False,1.0,1,0.0,[1 2],[0. 1.],0,1,[0.4 0.4],1.0,0.0,1.0
1162,0.0,1,582.0,2,1163,1,False,0.0,0,1.0,[1 2],[0. 1.],0,1,[0.4 0.4],1.0,0.0,1.0
1163,1.0,1,582.0,0,1164,0,False,1.0,1,0.0,[1 1],[0. 1.],0,1,[0.4 0.4],1.0,0.0,1.0
1164,0.0,1,583.0,2,1165,1,False,0.0,0,1.0,[1 1],[0. 1.],0,1,[0.4 0.4],1.0,0.0,1.0
1165,0.0,1,583.0,0,1166,0,False,1.0,1,0.0,[2 2],[0. 1.],0,1,[0.4 0.4],1.0,0.0,1.0
1166,0.0,1,584.0,2,1167,1,False,0.0,0,1.0,[2 2],[0. 1.],0,1,[0.4 0.4],1.0,0.0,1.0
1167,1.0,1,584.0,0,1168,0,False,1.0,1,0.0,[2 1],[0. 1.],1,1,[0.4 0.4],1.0,0.0,1.0
1168,0.0,1,585.0,2,1169,1,False,0.0,0,2.0,[2 1],[0. 1.],1,1,[0.4 0.4],1.0,0.0,1.0
1169,0.0,1,585.0,0,1170,0,False,2.0,1,0.0,[2 2],[0. 1.],1,1,[0.4 0.4],1.0,0.0,1.0
1170,0.0,1,586.0,2,1171,1,False,0.0,0,2.0,[2 2],[0. 1.],1,1,[0.4 0.4],1.0,0.0,1.0
1171,1.0,1,586.0,0,1172,0,False,2.0,1,0.0,[2 1],[0. 1.],0,1,[0.4 0.4],1.0,0.0,1.0
1172,0.0,1,587.0,2,1173,1,False,0.0,0,1.0,[2 1],[0. 1.],0,1,[0.4 0.4],1.0,0.0,1.0
1173,0.0,1,587.0,0,1174,0,False,1.0,1,0.0,[1 2],[0. 1.],0,1,[0.4 0.4],1.0,0.0,1.0
1174,0.0,1,588.0,2,1175,1,False,0.0,0,1.0,[1 2],[0. 1.],0,1,[0.4 0.4],1.0,0.0,1.0
1175,1.0,1,588.0,0,1176,0,False,1.0,1,0.0,[1 2],[0. 1.],1,1,[0.4 0.4],1.0,0.0,1.0
1176,0.0,1,589.0,2,1177,1,False,0.0,0,2.0,[1 2],[0. 1.],1,1,[0.4 0.4],1.0,0.0,1.0
1177,1.0,1,589.0,0,1178,0,False,2.0,1,0.0,[2 2],[0. 1.],1,1,[0.4 0.4],1.0,0.0,1.0
1178,0.0,1,590.0,2,1179,1,False,0.0,0,2.0,[2 2],[0. 1.],1,1,[0.4 0.4],1.0,0.0,1.0
1179,1.0,1,590.0,0,1180,0,False,2.0,1,0.0,[2 1],[0. 1.],1,1,[0.4 0.4],1.0,0.0,1.0
1180,0.0,1,591.0,2,1181,1,False,0.0,0,2.0,[2 1],[0. 1.],1,1,[0.4 0.4],1.0,0.0,1.0
1181,0.0,1,591.0,0,1182,0,False,2.0,1,0.0,[1 1],[0. 1.],0,1,[0.4 0.4],1.0,0.0,1.0
1182,0.0,1,592.0,2,1183,1,False,0.0,0,1.0,[1 1],[0. 1.],0,1,[0.4 0.4],1.0,0.0,1.0
1183,0.0,1,592.0,0,1184,0,False,1.0,1,0.0,[1 1],[0. 1.],0,1,[0.4 0.4],1.0,0.0,1.0
1184,0.0,1,593.0,2,1185,1,False,0.0,0,1.0,[1 1],[0. 1.],0,1,[0.4 0.4],1.0,0.0,1.0
1185,0.0,1,593.0,0,1186,0,False,1.0,1,0.0,[1 1],[0. 1.],1,1,[0.4 0.4],1.0,0.0,1.0
1186,0.0,1,594.0,2,1187,1,False,0.0,0,2.0,[1 1],[0. 1.],1,1,[0.4 0.4],1.0,0.0,1.0
1187,0.0,1,594.0,0,1188,0,False,2.0,1,0.0,[1 1],[1. 0.],0,0,[0.4 0.4],1.0,0.0,1.0
1188,0.0,1,595.0,1,1189,1,False,0.0,0,1.0,[1 1],[1. 0.],0,0,[0.4 0.4],1.0,0.0,1.0
1189,1.0,1,595.0,0,1190,0,False,1.0,1,0.0,[1 2],[1. 0.],1,0,[0.4 0.4],1.0,0.0,1.0
1190,0.0,1,596.0,1,1191,1,False,0.0,0,2.0,[1 2],[1. 0.],1,0,[0.4 0.4],1.0,0.0,1.0
1191,1.0,1,596.0,0,1192,0,False,2.0,1,0.0,[1 1],[1. 0.],0,0,[0.4 0.4],1.0,0.0,1.0
1192,0.0,1,597.0,1,1193,1,False,0.0,0,1.0,[1 1],[1. 0.],0,0,[0.4 0.4],1.0,0.0,1.0
1193,1.0,1,597.0,0,1194,0,False,1.0,1,0.0,[2 1],[0. 1.],0,1,[0.4 0.4],1.0,0.0,1.0
1194,0.0,1,598.0,1,1195,1,False,0.0,0,1.0,[2 1],[0. 1.],0,1,[0.4 0.4],1.0,0.0,1.0
1195,1.0,1,598.0,0,1196,0,False,1.0,1,0.0,[1 2],[0. 1.],1,1,[0.4 0.4],1.0,0.0,1.0
1196,0.0,1,599.0,1,1197,1,False,0.0,0,2.0,[1 2],[0. 1.],1,1,[0.4 0.4],1.0,0.0,1.0
1197,0.0,1,599.0,0,1198,0,False,2.0,1,0.0,[1 1],[0. 1.],1,1,[0.4 0.4],1.0,0.0,1.0
1198,0.0,1,600.0,1,1199,1,False,0.0,0,2.0,[1 1],[0. 1.],1,1,[0.4 0.4],1.0,0.0,1.0
1199,0.0,1,600.0,0,1200,0,False,2.0,1,0.0,[1 2],[0. 1.],1,1,[0.4 0.4],1.0,0.0,1.0
1200,0.0,1,601.0,2,1201,1,False,0.0,0,2.0,[1 2],[0. 1.],1,1,[0.4 0.4],1.0,0.0,1.0
1201,1.0,1,601.0,0,1202,0,False,2.0,1,0.0,[2 2],[0. 1.],1,1,[0.4 0.4],1.0,0.0,1.0
1202,0.0,1,602.0,2,1203,1,False,0.0,0,2.0,[2 2],[0. 1.],1,1,[0.4 0.4],1.0,0.0,1.0
1203,1.0,1,602.0,0,1204,0,False,2.0,1,0.0,[2 1],[0. 1.],0,1,[0.4 0.4],1.0,0.0,1.0
1204,0.0,1,603.0,2,1205,1,False,0.0,0,1.0,[2 1],[0. 1.],0,1,[0.4 0.4],1.0,0.0,1.0
1205,0.0,1,603.0,0,1206,0,False,1.0,1,0.0,[2 1],[0. 1.],0,1,[0.4 0.4],1.0,0.0,1.0
1206,0.0,1,604.0,2,1207,1,False,0.0,0,1.0,[2 1],[0. 1.],0,1,[0.4 0.4],1.0,0.0,1.0
1207,0.0,1,604.0,0,1208,0,False,1.0,1,0.0,[2 1],[0. 1.],0,1,[0.4 0.4],1.0,0.0,1.0
1208,0.0,1,605.0,2,1209,1,False,0.0,0,1.0,[2 1],[0. 1.],0,1,[0.4 0.4],1.0,0.0,1.0
1209,0.0,1,605.0,0,1210,0,False,1.0,1,0.0,[1 2],[0. 1.],1,1,[0.4 0.4],1.0,0.0,1.0
1210,0.0,1,606.0,2,1211,1,False,0.0,0,2.0,[1 2],[0. 1.],1,1,[0.4 0.4],1.0,0.0,1.0
1211,1.0,1,606.0,0,1212,0,False,2.0,1,0.0,[2 1],[0. 1.],0,1,[0.4 0.4],1.0,0.0,1.0
1212,0.0,1,607.0,2,1213,1,False,0.0,0,1.0,[2 1],[0. 1.],0,1,[0.4 0.4],1.0,0.0,1.0
1213,0.0,1,607.0,0,1214,0,False,1.0,1,0.0,[2 1],[0. 1.],1,1,[0.4 0.4],1.0,0.0,1.0
1214,0.0,1,608.0,2,1215,1,False,0.0,0,2.0,[2 1],[0. 1.],1,1,[0.4 0.4],1.0,0.0,1.0
1215,0.0,1,608.0,0,1216,0,False,2.0,1,0.0,[2 1],[0. 1.],0,1,[0.4 0.4],1.0,0.0,1.0
1216,0.0,1,609.0,1,1217,1,False,0.0,0,1.0,[2 1],[0. 1.],0,1,[0.4 0.4],1.0,0.0,1.0
1217,1.0,1,609.0,0,1218,0,False,1.0,1,0.0,[1 1],[0. 1.],1,1,[0.4 0.4],1.0,0.0,1.0
1218,0.0,1,610.0,1,1219,1,False,0.0,0,2.0,[1 1],[0. 1.],1,1,[0.4 0.4],1.0,0.0,1.0
1219,0.0,1,610.0,0,1220,0,False,2.0,1,0.0,[2 2],[0. 1.],0,1,[0.4 0.4],1.0,0.0,1.0
1220,0.0,1,611.0,1,1221,1,False,0.0,0,1.0,[2 2],[0. 1.],0,1,[0.4 0.4],1.0,0.0,1.0
1221,1.0,1,611.0,0,1222,0,False,1.0,1,0.0,[2 2],[0. 1.],1,1,[0.4 0.4],1.0,0.0,1.0
1222,0.0,1,612.0,1,1223,1,False,0.0,0,2.0,[2 2],[0. 1.],1,1,[0.4 0.4],1.0,0.0,1.0
1223,1.0,1,612.0,0,1224,0,False,2.0,1,0.0,[2 1],[0. 1.],0,1,[0.4 0.4],1.0,0.0,1.0
1224,0.0,1,613.0,1,1225,1,False,0.0,0,1.0,[2 1],[0. 1.],0,1,[0.4 0.4],1.0,0.0,1.0
1225,1.0,1,613.0,0,1226,0,False,1.0,1,0.0,[2 1],[0. 1.],0,1,[0.4 0.4],1.0,0.0,1.0
1226,0.0,1,614.0,1,1227,1,False,0.0,0,1.0,[2 1],[0. 1.],0,1,[0.4 0.4],1.0,0.0,1.0
1227,1.0,1,614.0,0,1228,0,False,1.0,1,0.0,[1 1],[0. 1.],0,1,[0.4 0.4],1.0,0.0,1.0
1228,0.0,1,615.0,1,1229,1,False,0.0,0,1.0,[1 1],[0. 1.],0,1,[0.4 0.4],1.0,0.0,1.0
1229,0.0,1,615.0,0,1230,0,False,1.0,1,0.0,[1 1],[0. 1.],0,1,[0.4 0.4],1.0,0.0,1.0
1230,0.0,1,616.0,1,1231,1,False,0.0,0,1.0,[1 1],[0. 1.],0,1,[0.4 0.4],1.0,0.0,1.0
1231,0.0,1,616.0,0,1232,0,False,1.0,1,0.0,[2 1],[0. 1.],1,1,[0.4 0.4],1.0,0.0,1.0
1232,0.0,1,617.0,1,1233,1,False,0.0,0,2.0,[2 1],[0. 1.],1,1,[0.4 0.4],1.0,0.0,1.0
1233,1.0,1,617.0,0,1234,0,False,2.0,1,0.0,[1 2],[0. 1.],0,1,[0.4 0.4],1.0,0.0,1.0
1234,0.0,1,618.0,1,1235,1,False,0.0,0,1.0,[1 2],[0. 1.],0,1,[0.4 0.4],1.0,0.0,1.0
1235,0.0,1,618.0,0,1236,0,False,1.0,1,0.0,[2 2],[0. 1.],0,1,[0.4 0.4],1.0,0.0,1.0
1236,0.0,1,619.0,1,1237,1,False,0.0,0,1.0,[2 2],[0. 1.],0,1,[0.4 0.4],1.0,0.0,1.0
1237,1.0,1,619.0,0,1238,0,False,1.0,1,0.0,[2 2],[0. 1.],0,1,[0.4 0.4],1.0,0.0,1.0
1238,0.0,1,620.0,1,1239,1,False,0.0,0,1.0,[2 2],[0. 1.],0,1,[0.4 0.4],1.0,0.0,1.0
1239,1.0,1,620.0,0,1240,0,False,1.0,1,0.0,[2 1],[0. 1.],0,1,[0.4 0.4],1.0,0.0,1.0
1240,0.0,1,621.0,1,1241,1,False,0.0,0,1.0,[2 1],[0. 1.],0,1,[0.4 0.4],1.0,0.0,1.0
1241,1.0,1,621.0,0,1242,0,False,1.0,1,0.0,[2 2],[0. 1.],1,1,[0.4 0.4],1.0,0.0,1.0
1242,0.0,1,622.0,1,1243,1,False,0.0,0,2.0,[2 2],[0. 1.],1,1,[0.4 0.4],1.0,0.0,1.0
1243,1.0,1,622.0,0,1244,0,False,2.0,1,0.0,[2 1],[0. 1.],1,1,[0.4 0.4],1.0,0.0,1.0
1244,0.0,1,623.0,1,1245,1,False,0.0,0,2.0,[2 1],[0. 1.],1,1,[0.4 0.4],1.0,0.0,1.0
1245,1.0,1,623.0,0,1246,0,False,2.0,1,0.0,[2 1],[0. 1.],1,1,[0.4 0.4],1.0,0.0,1.0
1246,0.0,1,624.0,1,1247,1,False,0.0,0,2.0,[2 1],[0. 1.],1,1,[0.4 0.4],1.0,0.0,1.0
1247,1.0,1,624.0,0,1248,0,False,2.0,1,0.0,[1 1],[0. 1.],0,1,[0.4 0.4],1.0,0.0,1.0
1248,0.0,1,625.0,1,1249,1,False,0.0,0,1.0,[1 1],[0. 1.],0,1,[0.4 0.4],1.0,0.0,1.0
1249,0.0,1,625.0,0,1250,0,False,1.0,1,0.0,[2 2],[0. 1.],1,1,[0.4 0.4],1.0,0.0,1.0
1250,0.0,1,626.0,1,1251,1,False,0.0,0,2.0,[2 2],[0. 1.],1,1,[0.4 0.4],1.0,0.0,1.0
1251,1.0,1,626.0,0,1252,0,False,2.0,1,0.0,[2 1],[0. 1.],0,1,[0.4 0.4],1.0,0.0,1.0
1252,0.0,1,627.0,1,1253,1,False,0.0,0,1.0,[2 1],[0. 1.],0,1,[0.4 0.4],1.0,0.0,1.0
1253,1.0,1,627.0,0,1254,0,False,1.0,1,0.0,[1 2],[0. 1.],1,1,[0.4 0.4],1.0,0.0,1.0
1254,0.0,1,628.0,1,1255,1,False,0.0,0,2.0,[1 2],[0. 1.],1,1,[0.4 0.4],1.0,0.0,1.0
1255,0.0,1,628.0,0,1256,0,False,2.0,1,0.0,[1 1],[0. 1.],1,1,[0.4 0.4],1.0,0.0,1.0
1256,0.0,1,629.0,1,1257,1,False,0.0,0,2.0,[1 1],[0. 1.],1,1,[0.4 0.4],1.0,0.0,1.0
1257,0.0,1,629.0,0,1258,0,False,2.0,1,0.0,[1 1],[1. 0.],1,0,[0.4 0.4],1.0,0.0,1.0
1258,0.0,1,630.0,2,1259,1,False,0.0,0,2.0,[1 1],[1. 0.],1,0,[0.4 0.4],1.0,0.0,1.0
1259,1.0,1,630.0,0,1260,0,False,2.0,1,0.0,[2 2],[1. 0.],0,0,[0.4 0.4],1.0,0.0,1.0
1260,0.0,1,631.0,2,1261,1,False,0.0,0,1.0,[2 2],[1. 0.],0,0,[0.4 0.4],1.0,0.0,1.0
1261,0.0,1,631.0,0,1262,0,False,1.0,1,0.0,[2 1],[1. 0.],0,0,[0.4 0.4],1.0,0.0,1.0
1262,0.0,1,632.0,2,1263,1,False,0.0,0,1.0,[2 1],[1. 0.],0,0,[0.4 0.4],1.0,0.0,1.0
1263,1.0,1,632.0,0,1264,0,False,1.0,1,0.0,[2 1],[1. 0.],1,0,[0.4 0.4],1.0,0.0,1.0
1264,0.0,1,633.0,2,1265,1,False,0.0,0,2.0,[2 1],[1. 0.],1,0,[0.4 0.4],1.0,0.0,1.0
1265,1.0,1,633.0,0,1266,0,False,2.0,1,0.0,[2 1],[1. 0.],0,0,[0.4 0.4],1.0,0.0,1.0
1266,0.0,1,634.0,2,1267,1,False,0.0,0,1.0,[2 1],[1. 0.],0,0,[0.4 0.4],1.0,0.0,1.0
1267,1.0,1,634.0,0,1268,0,False,1.0,1,0.0,[1 1],[1. 0.],0,0,[0.4 0.4],1.0,0.0,1.0
1268,0.0,1,635.0,2,1269,1,False,0.0,0,1.0,[1 1],[1. 0.],0,0,[0.4 0.4],1.0,0.0,1.0
1269,1.0,1,635.0,0,1270,0,False,1.0,1,0.0,[2 1],[1. 0.],1,0,[0.4 0.4],1.0,0.0,1.0
1270,0.0,1,636.0,2,1271,1,False,0.0,0,2.0,[2 1],[1. 0.],1,0,[0.4 0.4],1.0,0.0,1.0
1271,1.0,1,636.0,0,1272,0,False,2.0,1,0.0,[2 1],[1. 0.],0,0,[0.4 0.4],1.0,0.0,1.0
1272,0.0,1,637.0,2,1273,1,False,0.0,0,1.0,[2 1],[1. 0.],0,0,[0.4 0.4],1.0,0.0,1.0
1273,1.0,1,637.0,0,1274,0,False,1.0,1,0.0,[2 2],[1. 0.],1,0,[0.4 0.4],1.0,0.0,1.0
1274,0.0,1,638.0,2,1275,1,False,0.0,0,2.0,[2 2],[1. 0.],1,0,[0.4 0.4],1.0,0.0,1.0
1275,0.0,1,638.0,0,1276,0,False,2.0,1,0.0,[1 2],[1. 0.],1,0,[0.4 0.4],1.0,0.0,1.0
1276,0.0,1,639.0,2,1277,1,False,0.0,0,2.0,[1 2],[1. 0.],1,0,[0.4 0.4],1.0,0.0,1.0
1277,0.0,1,639.0,0,1278,0,False,2.0,1,0.0,[2 1],[1. 0.],1,0,[0.4 0.4],1.0,0.0,1.0
1278,0.0,1,640.0,1,1279,1,False,0.0,0,2.0,[2 1],[1. 0.],1,0,[0.4 0.4],1.0,0.0,1.0
1279,0.0,1,640.0,0,1280,0,False,2.0,1,0.0,[2 2],[1. 0.],1,0,[0.4 0.4],1.0,0.0,1.0
1280,0.0,1,641.0,2,1281,1,False,0.0,0,2.0,[2 2],[1. 0.],1,0,[0.4 0.4],1.0,0.0,1.0
1281,0.0,1,641.0,0,1282,0,False,2.0,1,0.0,[1 1],[1. 0.],1,0,[0.4 0.4],1.0,0.0,1.0
1282,0.0,1,642.0,1,1283,1,False,0.0,0,2.0,[1 1],[1. 0.],1,0,[0.4 0.4],1.0,0.0,1.0
1283,1.0,1,642.0,0,1284,0,False,2.0,1,0.0,[2 1],[1. 0.],0,0,[0.4 0.4],1.0,0.0,1.0
1284,0.0,1,643.0,1,1285,1,False,0.0,0,1.0,[2 1],[1. 0.],0,0,[0.4 0.4],1.0,0.0,1.0
1285,0.0,1,643.0,0,1286,0,False,1.0,1,0.0,[2 1],[1. 0.],0,0,[0.4 0.4],1.0,0.0,1.0
1286,0.0,1,644.0,1,1287,1,False,0.0,0,1.0,[2 1],[1. 0.],0,0,[0.4 0.4],1.0,0.0,1.0
1287,0.0,1,644.0,0,1288,0,False,1.0,1,0.0,[2 1],[1. 0.],0,0,[0.4 0.4],1.0,0.0,1.0
1288,0.0,1,645.0,1,1289,1,False,0.0,0,1.0,[2 1],[1. 0.],0,0,[0.4 0.4],1.0,0.0,1.0
1289,0.0,1,645.0,0,1290,0,False,1.0,1,0.0,[1 2],[1. 0.],0,0,[0.4 0.4],1.0,0.0,1.0
1290,0.0,1,646.0,2,1291,1,False,0.0,0,1.0,[1 2],[1. 0.],0,0,[0.4 0.4],1.0,0.0,1.0
1291,0.0,1,646.0,0,1292,0,False,1.0,1,0.0,[1 2],[0. 1.],0,1,[0.4 0.4],1.0,0.0,1.0
1292,0.0,1,647.0,2,1293,1,False,0.0,0,1.0,[1 2],[0. 1.],0,1,[0.4 0.4],1.0,0.0,1.0
1293,1.0,1,647.0,0,1294,0,False,1.0,1,0.0,[2 1],[0. 1.],1,1,[0.4 0.4],1.0,0.0,1.0
1294,0.0,1,648.0,2,1295,1,False,0.0,0,2.0,[2 1],[0. 1.],1,1,[0.4 0.4],1.0,0.0,1.0
1295,0.0,1,648.0,0,1296,0,False,2.0,1,0.0,[2 1],[0. 1.],1,1,[0.4 0.4],1.0,0.0,1.0
1296,0.0,1,649.0,1,1297,1,False,0.0,0,2.0,[2 1],[0. 1.],1,1,[0.4 0.4],1.0,0.0,1.0
1297,1.0,1,649.0,0,1298,0,False,2.0,1,0.0,[1 1],[0. 1.],0,1,[0.4 0.4],1.0,0.0,1.0
1298,0.0,1,650.0,1,1299,1,False,0.0,0,1.0,[1 1],[0. 1.],0,1,[0.4 0.4],1.0,0.0,1.0
1299,0.0,1,650.0,0,1300,0,False,1.0,1,0.0,[2 1],[0. 1.],0,1,[0.4 0.4],1.0,0.0,1.0
1300,0.0,1,651.0,2,1301,1,False,0.0,0,1.0,[2 1],[0. 1.],0,1,[0.4 0.4],1.0,0.0,1.0
1301,0.0,1,651.0,0,1302,0,False,1.0,1,0.0,[2 1],[0. 1.],0,1,[0.4 0.4],1.0,0.0,1.0
1302,0.0,1,652.0,1,1303,1,False,0.0,0,1.0,[2 1],[0. 1.],0,1,[0.4 0.4],1.0,0.0,1.0
1303,1.0,1,652.0,0,1304,0,False,1.0,1,0.0,[2 1],[0. 1.],1,1,[0.4 0.4],1.0,0.0,1.0
1304,0.0,1,653.0,1,1305,1,False,0.0,0,2.0,[2 1],[0. 1.],1,1,[0.4 0.4],1.0,0.0,1.0
1305,1.0,1,653.0,0,1306,0,False,2.0,1,0.0,[2 1],[0. 1.],0,1,[0.4 0.4],1.0,0.0,1.0
1306,0.0,1,654.0,1,1307,1,False,0.0,0,1.0,[2 1],[0. 1.],0,1,[0.4 0.4],1.0,0.0,1.0
1307,1.0,1,654.0,0,1308,0,False,1.0,1,0.0,[2 2],[0. 1.],0,1,[0.4 0.4],1.0,0.0,1.0
1308,0.0,1,655.0,1,1309,1,False,0.0,0,1.0,[2 2],[0. 1.],0,1,[0.4 0.4],1.0,0.0,1.0
1309,1.0,1,655.0,0,1310,0,False,1.0,1,0.0,[2 1],[0. 1.],0,1,[0.4 0.4],1.0,0.0,1.0
1310,0.0,1,656.0,1,1311,1,False,0.0,0,1.0,[2 1],[0. 1.],0,1,[0.4 0.4],1.0,0.0,1.0
1311,1.0,1,656.0,0,1312,0,False,1.0,1,0.0,[2 1],[0. 1.],0,1,[0.4 0.4],1.0,0.0,1.0
1312,0.0,1,657.0,1,1313,1,False,0.0,0,1.0,[2 1],[0. 1.],0,1,[0.4 0.4],1.0,0.0,1.0
1313,1.0,1,657.0,0,1314,0,False,1.0,1,0.0,[2 2],[0. 1.],1,1,[0.4 0.4],1.0,0.0,1.0
1314,0.0,1,658.0,1,1315,1,False,0.0,0,2.0,[2 2],[0. 1.],1,1,[0.4 0.4],1.0,0.0,1.0
1315,1.0,1,658.0,0,1316,0,False,2.0,1,0.0,[2 1],[0. 1.],1,1,[0.4 0.4],1.0,0.0,1.0
1316,0.0,1,659.0,1,1317,1,False,0.0,0,2.0,[2 1],[0. 1.],1,1,[0.4 0.4],1.0,0.0,1.0
1317,1.0,1,659.0,0,1318,0,False,2.0,1,0.0,[2 2],[0. 1.],0,1,[0.4 0.4],1.0,0.0,1.0
1318,0.0,1,660.0,1,1319,1,False,0.0,0,1.0,[2 2],[0. 1.],0,1,[0.4 0.4],1.0,0.0,1.0
1319,1.0,1,660.0,0,1320,0,False,1.0,1,0.0,[1 1],[0. 1.],0,1,[0.4 0.4],1.0,0.0,1.0
1320,0.0,1,661.0,1,1321,1,False,0.0,0,1.0,[1 1],[0. 1.],0,1,[0.4 0.4],1.0,0.0,1.0
1321,0.0,1,661.0,0,1322,0,False,1.0,1,0.0,[1 1],[0. 1.],1,1,[0.4 0.4],1.0,0.0,1.0
1322,0.0,1,662.0,1,1323,1,False,0.0,0,2.0,[1 1],[0. 1.],1,1,[0.4 0.4],1.0,0.0,1.0
1323,0.0,1,662.0,0,1324,0,False,2.0,1,0.0,[2 1],[0. 1.],1,1,[0.4 0.4],1.0,0.0,1.0
1324,0.0,1,663.0,1,1325,1,False,0.0,0,2.0,[2 1],[0. 1.],1,1,[0.4 0.4],1.0,0.0,1.0
1325,1.0,1,663.0,0,1326,0,False,2.0,1,0.0,[1 1],[0. 1.],1,1,[0.4 0.4],1.0,0.0,1.0
1326,0.0,1,664.0,1,1327,1,False,0.0,0,2.0,[1 1],[0. 1.],1,1,[0.4 0.4],1.0,0.0,1.0
1327,0.0,1,664.0,0,1328,0,False,2.0,1,0.0,[1 1],[0. 1.],1,1,[0.4 0.4],1.0,0.0,1.0
1328,0.0,1,665.0,2,1329,1,False,0.0,0,2.0,[1 1],[0. 1.],1,1,[0.4 0.4],1.0,0.0,1.0
1329,0.0,1,665.0,0,1330,0,False,2.0,1,0.0,[2 2],[0. 1.],1,1,[0.4 0.4],1.0,0.0,1.0
1330,0.0,1,666.0,1,1331,1,False,0.0,0,2.0,[2 2],[0. 1.],1,1,[0.4 0.4],1.0,0.0,1.0
1331,1.0,1,666.0,0,1332,0,False,2.0,1,0.0,[2 2],[0. 1.],1,1,[0.4 0.4],1.0,0.0,1.0
1332,0.0,1,667.0,1,1333,1,False,0.0,0,2.0,[2 2],[0. 1.],1,1,[0.4 0.4],1.0,0.0,1.0
1333,1.0,1,667.0,0,1334,0,False,2.0,1,0.0,[1 2],[0. 1.],0,1,[0.4 0.4],1.0,0.0,1.0
1334,0.0,1,668.0,1,1335,1,False,0.0,0,1.0,[1 2],[0. 1.],0,1,[0.4 0.4],1.0,0.0,1.0
1335,0.0,1,668.0,0,1336,0,False,1.0,1,0.0,[2 1],[0. 1.],0,1,[0.4 0.4],1.0,0.0,1.0
1336,0.0,1,669.0,1,1337,1,False,0.0,0,1.0,[2 1],[0. 1.],0,1,[0.4 0.4],1.0,0.0,1.0
1337,1.0,1,669.0,0,1338,0,False,1.0,1,0.0,[2 1],[0. 1.],0,1,[0.4 0.4],1.0,0.0,1.0
1338,0.0,1,670.0,1,1339,1,False,0.0,0,1.0,[2 1],[0. 1.],0,1,[0.4 0.4],1.0,0.0,1.0
1339,1.0,1,670.0,0,1340,0,False,1.0,1,0.0,[2 1],[0. 1.],1,1,[0.4 0.4],1.0,0.0,1.0
1340,0.0,1,671.0,1,1341,1,False,0.0,0,2.0,[2 1],[0. 1.],1,1,[0.4 0.4],1.0,0.0,1.0
1341,1.0,1,671.0,0,1342,0,False,2.0,1,0.0,[1 1],[0. 1.],0,1,[0.4 0.4],1.0,0.0,1.0
1342,0.0,1,672.0,1,1343,1,False,0.0,0,1.0,[1 1],[0. 1.],0,1,[0.4 0.4],1.0,0.0,1.0
1343,0.0,1,672.0,0,1344,0,False,1.0,1,0.0,[2 1],[0. 1.],1,1,[0.4 0.4],1.0,0.0,1.0
1344,0.0,1,673.0,1,1345,1,False,0.0,0,2.0,[2 1],[0. 1.],1,1,[0.4 0.4],1.0,0.0,1.0
1345,1.0,1,673.0,0,1346,0,False,2.0,1,0.0,[2 1],[0. 1.],0,1,[0.4 0.4],1.0,0.0,1.0
1346,0.0,1,674.0,1,1347,1,False,0.0,0,1.0,[2 1],[0. 1.],0,1,[0.4 0.4],1.0,0.0,1.0
1347,1.0,1,674.0,0,1348,0,False,1.0,1,0.0,[2 1],[0. 1.],0,1,[0.4 0.4],1.0,0.0,1.0
1348,0.0,1,675.0,1,1349,1,False,0.0,0,1.0,[2 1],[0. 1.],0,1,[0.4 0.4],1.0,0.0,1.0
1349,1.0,1,675.0,0,1350,0,False,1.0,1,0.0,[2 2],[0. 1.],0,1,[0.4 0.4],1.0,0.0,1.0
1350,0.0,1,676.0,1,1351,1,False,0.0,0,1.0,[2 2],[0. 1.],0,1,[0.4 0.4],1.0,0.0,1.0
1351,1.0,1,676.0,0,1352,0,False,1.0,1,0.0,[2 2],[0. 1.],1,1,[0.4 0.4],1.0,0.0,1.0
1352,0.0,1,677.0,1,1353,1,False,0.0,0,2.0,[2 2],[0. 1.],1,1,[0.4 0.4],1.0,0.0,1.0
1353,1.0,1,677.0,0,1354,0,False,2.0,1,0.0,[1 1],[0. 1.],1,1,[0.4 0.4],1.0,0.0,1.0
1354,0.0,1,678.0,1,1355,1,False,0.0,0,2.0,[1 1],[0. 1.],1,1,[0.4 0.4],1.0,0.0,1.0
1355,0.0,1,678.0,0,1356,0,False,2.0,1,0.0,[1 1],[0. 1.],1,1,[0.4 0.4],1.0,0.0,1.0
1356,0.0,1,679.0,1,1357,1,False,0.0,0,2.0,[1 1],[0. 1.],1,1,[0.4 0.4],1.0,0.0,1.0
1357,0.0,1,679.0,0,1358,0,False,2.0,1,0.0,[2 1],[0. 1.],1,1,[0.4 0.4],1.0,0.0,1.0
1358,0.0,1,680.0,2,1359,1,False,0.0,0,2.0,[2 1],[0. 1.],1,1,[0.4 0.4],1.0,0.0,1.0
1359,0.0,1,680.0,0,1360,0,False,2.0,1,0.0,[2 2],[0. 1.],0,1,[0.4 0.4],1.0,0.0,1.0
1360,0.0,1,681.0,1,1361,1,False,0.0,0,1.0,[2 2],[0. 1.],0,1,[0.4 0.4],1.0,0.0,1.0
1361,1.0,1,681.0,0,1362,0,False,1.0,1,0.0,[1 1],[0. 1.],0,1,[0.4 0.4],1.0,0.0,1.0
1362,0.0,1,682.0,1,1363,1,False,0.0,0,1.0,[1 1],[0. 1.],0,1,[0.4 0.4],1.0,0.0,1.0
1363,0.0,1,682.0,0,1364,0,False,1.0,1,0.0,[1 2],[0. 1.],0,1,[0.4 0.4],1.0,0.0,1.0
1364,0.0,1,683.0,1,1365,1,False,0.0,0,1.0,[1 2],[0. 1.],0,1,[0.4 0.4],1.0,0.0,1.0
1365,0.0,1,683.0,0,1366,0,False,1.0,1,0.0,[1 2],[0. 1.],1,1,[0.4 0.4],1.0,0.0,1.0
1366,0.0,1,684.0,1,1367,1,False,0.0,0,2.0,[1 2],[0. 1.],1,1,[0.4 0.4],1.0,0.0,1.0
1367,0.0,1,684.0,0,1368,0,False,2.0,1,0.0,[2 1],[0. 1.],1,1,[0.4 0.4],1.0,0.0,1.0
1368,0.0,1,685.0,2,1369,1,False,0.0,0,2.0,[2 1],[0. 1.],1,1,[0.4 0.4],1.0,0.0,1.0
1369,0.0,1,685.0,0,1370,0,False,2.0,1,0.0,[2 1],[0. 1.],1,1,[0.4 0.4],1.0,0.0,1.0
1370,0.0,1,686.0,1,1371,1,False,0.0,0,2.0,[2 1],[0. 1.],1,1,[0.4 0.4],1.0,0.0,1.0
1371,1.0,1,686.0,0,1372,0,False,2.0,1,0.0,[1 1],[0. 1.],0,1,[0.4 0.4],1.0,0.0,1.0
1372,0.0,1,687.0,1,1373,1,False,0.0,0,1.0,[1 1],[0. 1.],0,1,[0.4 0.4],1.0,0.0,1.0
1373,0.0,1,687.0,0,1374,0,False,1.0,1,0.0,[2 2],[0. 1.],0,1,[0.4 0.4],1.0,0.0,1.0
1374,0.0,1,688.0,1,1375,1,False,0.0,0,1.0,[2 2],[0. 1.],0,1,[0.4 0.4],1.0,0.0,1.0
1375,1.0,1,688.0,0,1376,0,False,1.0,1,0.0,[2 1],[0. 1.],1,1,[0.4 0.4],1.0,0.0,1.0
1376,0.0,1,689.0,1,1377,1,False,0.0,0,2.0,[2 1],[0. 1.],1,1,[0.4 0.4],1.0,0.0,1.0
1377,1.0,1,689.0,0,1378,0,False,2.0,1,0.0,[1 2],[0. 1.],0,1,[0.4 0.4],1.0,0.0,1.0
1378,0.0,1,690.0,1,1379,1,False,0.0,0,1.0,[1 2],[0. 1.],0,1,[0.4 0.4],1.0,0.0,1.0
1379,0.0,1,690.0,0,1380,0,False,1.0,1,0.0,[1 2],[0. 1.],0,1,[0.4 0.4],1.0,0.0,1.0
1380,0.0,1,691.0,1,1381,1,False,0.0,0,1.0,[1 2],[0. 1.],0,1,[0.4 0.4],1.0,0.0,1.0
1381,0.0,1,691.0,0,1382,0,False,1.0,1,0.0,[2 1],[0. 1.],0,1,[0.4 0.4],1.0,0.0,1.0
1382,0.0,1,692.0,1,1383,1,False,0.0,0,1.0,[2 1],[0. 1.],0,1,[0.4 0.4],1.0,0.0,1.0
1383,1.0,1,692.0,0,1384,0,False,1.0,1,0.0,[2 2],[0. 1.],1,1,[0.4 0.4],1.0,0.0,1.0
1384,0.0,1,693.0,1,1385,1,False,0.0,0,2.0,[2 2],[0. 1.],1,1,[0.4 0.4],1.0,0.0,1.0
1385,1.0,1,693.0,0,1386,0,False,2.0,1,0.0,[1 1],[0. 1.],0,1,[0.4 0.4],1.0,0.0,1.0
1386,0.0,1,694.0,1,1387,1,False,0.0,0,1.0,[1 1],[0. 1.],0,1,[0.4 0.4],1.0,0.0,1.0
1387,0.0,1,694.0,0,1388,0,False,1.0,1,0.0,[2 2],[0. 1.],1,1,[0.4 0.4],1.0,0.0,1.0
1388,0.0,1,695.0,1,1389,1,False,0.0,0,2.0,[2 2],[0. 1.],1,1,[0.4 0.4],1.0,0.0,1.0
1389,1.0,1,695.0,0,1390,0,False,2.0,1,0.0,[2 2],[0. 1.],0,1,[0.4 0.4],1.0,0.0,1.0
1390,0.0,1,696.0,1,1391,1,False,0.0,0,1.0,[2 2],[0. 1.],0,1,[0.4 0.4],1.0,0.0,1.0
1391,1.0,1,696.0,0,1392,0,False,1.0,1,0.0,[2 1],[0. 1.],0,1,[0.4 0.4],1.0,0.0,1.0
1392,0.0,1,697.0,1,1393,1,False,0.0,0,1.0,[2 1],[0. 1.],0,1,[0.4 0.4],1.0,0.0,1.0
1393,1.0,1,697.0,0,1394,0,False,1.0,1,0.0,[1 2],[0. 1.],0,1,[0.4 0.4],1.0,0.0,1.0
1394,0.0,1,698.0,1,1395,1,False,0.0,0,1.0,[1 2],[0. 1.],0,1,[0.4 0.4],1.0,0.0,1.0
1395,0.0,1,698.0,0,1396,0,False,1.0,1,0.0,[2 2],[0. 1.],1,1,[0.4 0.4],1.0,0.0,1.0
1396,0.0,1,699.0,1,1397,1,False,0.0,0,2.0,[2 2],[0. 1.],1,1,[0.4 0.4],1.0,0.0,1.0
1397,1.0,1,699.0,0,1398,0,False,2.0,1,0.0,[1 2],[0. 1.],0,1,[0.4 0.4],1.0,0.0,1.0
1398,0.0,1,700.0,1,1399,1,False,0.0,0,1.0,[1 2],[0. 1.],0,1,[0.4 0.4],1.0,0.0,1.0
1399,0.0,1,700.0,0,1400,0,False,1.0,1,0.0,[2 1],[0. 1.],1,1,[0.4 0.4],1.0,0.0,1.0
1400,0.0,1,701.0,1,1401,1,False,0.0,0,2.0,[2 1],[0. 1.],1,1,[0.4 0.4],1.0,0.0,1.0
1401,1.0,1,701.0,0,1402,0,False,2.0,1,0.0,[2 2],[0. 1.],1,1,[0.4 0.4],1.0,0.0,1.0
1402,0.0,1,702.0,1,1403,1,False,0.0,0,2.0,[2 2],[0. 1.],1,1,[0.4 0.4],1.0,0.0,1.0
1403,1.0,1,702.0,0,1404,0,False,2.0,1,0.0,[1 1],[0. 1.],0,1,[0.4 0.4],1.0,0.0,1.0
1404,0.0,1,703.0,1,1405,1,False,0.0,0,1.0,[1 1],[0. 1.],0,1,[0.4 0.4],1.0,0.0,1.0
1405,0.0,1,703.0,0,1406,0,False,1.0,1,0.0,[2 1],[0. 1.],0,1,[0.4 0.4],1.0,0.0,1.0
1406,0.0,1,704.0,1,1407,1,False,0.0,0,1.0,[2 1],[0. 1.],0,1,[0.4 0.4],1.0,0.0,1.0
1407,1.0,1,704.0,0,1408,0,False,1.0,1,0.0,[2 1],[0. 1.],1,1,[0.4 0.4],1.0,0.0,1.0
1408,0.0,1,705.0,1,1409,1,False,0.0,0,2.0,[2 1],[0. 1.],1,1,[0.4 0.4],1.0,0.0,1.0
1409,1.0,1,705.0,0,1410,0,False,2.0,1,0.0,[2 1],[0. 1.],0,1,[0.4 0.4],1.0,0.0,1.0
1410,0.0,1,706.0,1,1411,1,False,0.0,0,1.0,[2 1],[0. 1.],0,1,[0.4 0.4],1.0,0.0,1.0
1411,1.0,1,706.0,0,1412,0,False,1.0,1,0.0,[2 2],[0. 1.],1,1,[0.4 0.4],1.0,0.0,1.0
1412,0.0,1,707.0,1,1413,1,False,0.0,0,2.0,[2 2],[0. 1.],1,1,[0.4 0.4],1.0,0.0,1.0
1413,1.0,1,707.0,0,1414,0,False,2.0,1,0.0,[2 2],[0. 1.],0,1,[0.4 0.4],1.0,0.0,1.0
1414,0.0,1,708.0,1,1415,1,False,0.0,0,1.0,[2 2],[0. 1.],0,1,[0.4 0.4],1.0,0.0,1.0
1415,1.0,1,708.0,0,1416,0,False,1.0,1,0.0,[2 1],[0. 1.],1,1,[0.4 0.4],1.0,0.0,1.0
1416,0.0,1,709.0,1,1417,1,False,0.0,0,2.0,[2 1],[0. 1.],1,1,[0.4 0.4],1.0,0.0,1.0
1417,1.0,1,709.0,0,1418,0,False,2.0,1,0.0,[2 2],[0. 1.],1,1,[0.4 0.4],1.0,0.0,1.0
1418,0.0,1,710.0,1,1419,1,False,0.0,0,2.0,[2 2],[0. 1.],1,1,[0.4 0.4],1.0,0.0,1.0
1419,1.0,1,710.0,0,1420,0,False,2.0,1,0.0,[1 1],[0. 1.],1,1,[0.4 0.4],1.0,0.0,1.0
1420,0.0,1,711.0,1,1421,1,False,0.0,0,2.0,[1 1],[0. 1.],1,1,[0.4 0.4],1.0,0.0,1.0
1421,0.0,1,711.0,0,1422,0,False,2.0,1,0.0,[2 2],[0. 1.],1,1,[0.4 0.4],1.0,0.0,1.0
1422,0.0,1,712.0,1,1423,1,False,0.0,0,2.0,[2 2],[0. 1.],1,1,[0.4 0.4],1.0,0.0,1.0
1423,1.0,1,712.0,0,1424,0,False,2.0,1,0.0,[2 1],[0. 1.],0,1,[0.4 0.4],1.0,0.0,1.0
1424,0.0,1,713.0,1,1425,1,False,0.0,0,1.0,[2 1],[0. 1.],0,1,[0.4 0.4],1.0,0.0,1.0
1425,1.0,1,713.0,0,1426,0,False,1.0,1,0.0,[2 1],[0. 1.],1,1,[0.4 0.4],1.0,0.0,1.0
1426,0.0,1,714.0,1,1427,1,False,0.0,0,2.0,[2 1],[0. 1.],1,1,[0.4 0.4],1.0,0.0,1.0
1427,1.0,1,714.0,0,1428,0,False,2.0,1,0.0,[1 2],[0. 1.],1,1,[0.4 0.4],1.0,0.0,1.0
1428,0.0,1,715.0,1,1429,1,False,0.0,0,2.0,[1 2],[0. 1.],1,1,[0.4 0.4],1.0,0.0,1.0
1429,0.0,1,715.0,0,1430,0,False,2.0,1,0.0,[2 2],[0. 1.],1,1,[0.4 0.4],1.0,0.0,1.0
1430,0.0,1,716.0,1,1431,1,False,0.0,0,2.0,[2 2],[0. 1.],1,1,[0.4 0.4],1.0,0.0,1.0
1431,1.0,1,716.0,0,1432,0,False,2.0,1,0.0,[1 1],[0. 1.],1,1,[0.4 0.4],1.0,0.0,1.0
1432,0.0,1,717.0,1,1433,1,False,0.0,0,2.0,[1 1],[0. 1.],1,1,[0.4 0.4],1.0,0.0,1.0
1433,0.0,1,717.0,0,1434,0,False,2.0,1,0.0,[1 1],[0. 1.],0,1,[0.4 0.4],1.0,0.0,1.0
1434,0.0,1,718.0,1,1435,1,False,0.0,0,1.0,[1 1],[0. 1.],0,1,[0.4 0.4],1.0,0.0,1.0
1435,0.0,1,718.0,0,1436,0,False,1.0,1,0.0,[2 1],[0. 1.],0,1,[0.4 0.4],1.0,0.0,1.0
1436,0.0,1,719.0,1,1437,1,False,0.0,0,1.0,[2 1],[0. 1.],0,1,[0.4 0.4],1.0,0.0,1.0
1437,1.0,1,719.0,0,1438,0,False,1.0,1,0.0,[1 2],[0. 1.],0,1,[0.4 0.4],1.0,0.0,1.0
1438,0.0,1,720.0,1,1439,1,False,0.0,0,1.0,[1 2],[0. 1.],0,1,[0.4 0.4],1.0,0.0,1.0
1439,0.0,1,720.0,0,1440,0,False,1.0,1,0.0,[2 2],[0. 1.],1,1,[0.4 0.4],1.0,0.0,1.0
1440,0.0,1,721.0,1,1441,1,False,0.0,0,2.0,[2 2],[0. 1.],1,1,[0.4 0.4],1.0,0.0,1.0
1441,1.0,1,721.0,0,1442,0,False,2.0,1,0.0,[1 1],[0. 1.],1,1,[0.4 0.4],1.0,0.0,1.0
1442,0.0,1,722.0,1,1443,1,False,0.0,0,2.0,[1 1],[0. 1.],1,1,[0.4 0.4],1.0,0.0,1.0
1443,0.0,1,722.0,0,1444,0,False,2.0,1,0.0,[2 2],[0. 1.],1,1,[0.4 0.4],1.0,0.0,1.0
1444,0.0,1,723.0,1,1445,1,False,0.0,0,2.0,[2 2],[0. 1.],1,1,[0.4 0.4],1.0,0.0,1.0
1445,1.0,1,723.0,0,1446,0,False,2.0,1,0.0,[1 2],[0. 1.],0,1,[0.4 0.4],1.0,0.0,1.0
1446,0.0,1,724.0,1,1447,1,False,0.0,0,1.0,[1 2],[0. 1.],0,1,[0.4 0.4],1.0,0.0,1.0
1447,0.0,1,724.0,0,1448,0,False,1.0,1,0.0,[1 1],[0. 1.],0,1,[0.4 0.4],1.0,0.0,1.0
1448,0.0,1,725.0,1,1449,1,False,0.0,0,1.0,[1 1],[0. 1.],0,1,[0.4 0.4],1.0,0.0,1.0
1449,0.0,1,725.0,0,1450,0,False,1.0,1,0.0,[1 1],[0. 1.],1,1,[0.4 0.4],1.0,0.0,1.0
1450,0.0,1,726.0,1,1451,1,False,0.0,0,2.0,[1 1],[0. 1.],1,1,[0.4 0.4],1.0,0.0,1.0
1451,0.0,1,726.0,0,1452,0,False,2.0,1,0.0,[2 1],[0. 1.],0,1,[0.4 0.4],1.0,0.0,1.0
1452,0.0,1,727.0,2,1453,1,False,0.0,0,1.0,[2 1],[0. 1.],0,1,[0.4 0.4],1.0,0.0,1.0
1453,0.0,1,727.0,0,1454,0,False,1.0,1,0.0,[1 1],[0. 1.],1,1,[0.4 0.4],1.0,0.0,1.0
1454,0.0,1,728.0,1,1455,1,False,0.0,0,2.0,[1 1],[0. 1.],1,1,[0.4 0.4],1.0,0.0,1.0
1455,0.0,1,728.0,0,1456,0,False,2.0,1,0.0,[2 1],[0. 1.],0,1,[0.4 0.4],1.0,0.0,1.0
1456,0.0,1,729.0,2,1457,1,False,0.0,0,1.0,[2 1],[0. 1.],0,1,[0.4 0.4],1.0,0.0,1.0
1457,0.0,1,729.0,0,1458,0,False,1.0,1,0.0,[1 2],[0. 1.],0,1,[0.4 0.4],1.0,0.0,1.0
1458,0.0,1,730.0,1,1459,1,False,0.0,0,1.0,[1 2],[0. 1.],0,1,[0.4 0.4],1.0,0.0,1.0
1459,0.0,1,730.0,0,1460,0,False,1.0,1,0.0,[2 2],[0. 1.],1,1,[0.4 0.4],1.0,0.0,1.0
1460,0.0,1,731.0,2,1461,1,False,0.0,0,2.0,[2 2],[0. 1.],1,1,[0.4 0.4],1.0,0.0,1.0
1461,1.0,1,731.0,0,1462,0,False,2.0,1,0.0,[2 2],[0. 1.],0,1,[0.4 0.4],1.0,0.0,1.0
1462,0.0,1,732.0,2,1463,1,False,0.0,0,1.0,[2 2],[0. 1.],0,1,[0.4 0.4],1.0,0.0,1.0
1463,1.0,1,732.0,0,1464,0,False,1.0,1,0.0,[1 2],[0. 1.],1,1,[0.4 0.4],1.0,0.0,1.0
1464,0.0,1,733.0,2,1465,1,False,0.0,0,2.0,[1 2],[0. 1.],1,1,[0.4 0.4],1.0,0.0,1.0
1465,1.0,1,733.0,0,1466,0,False,2.0,1,0.0,[1 1],[0. 1.],0,1,[0.4 0.4],1.0,0.0,1.0
1466,0.0,1,734.0,2,1467,1,False,0.0,0,1.0,[1 1],[0. 1.],0,1,[0.4 0.4],1.0,0.0,1.0
1467,0.0,1,734.0,0,1468,0,False,1.0,1,0.0,[2 2],[0. 1.],0,1,[0.4 0.4],1.0,0.0,1.0
1468,0.0,1,735.0,2,1469,1,False,0.0,0,1.0,[2 2],[0. 1.],0,1,[0.4 0.4],1.0,0.0,1.0
1469,1.0,1,735.0,0,1470,0,False,1.0,1,0.0,[2 2],[0. 1.],0,1,[0.4 0.4],1.0,0.0,1.0
1470,0.0,1,736.0,2,1471,1,False,0.0,0,1.0,[2 2],[0. 1.],0,1,[0.4 0.4],1.0,0.0,1.0
1471,1.0,1,736.0,0,1472,0,False,1.0,1,0.0,[1 2],[0. 1.],0,1,[0.4 0.4],1.0,0.0,1.0
1472,0.0,1,737.0,2,1473,1,False,0.0,0,1.0,[1 2],[0. 1.],0,1,[0.4 0.4],1.0,0.0,1.0
1473,1.0,1,737.0,0,1474,0,False,1.0,1,0.0,[2 1],[0. 1.],0,1,[0.4 0.4],1.0,0.0,1.0
1474,0.0,1,738.0,2,1475,1,False,0.0,0,1.0,[2 1],[0. 1.],0,1,[0.4 0.4],1.0,0.0,1.0
1475,0.0,1,738.0,0,1476,0,False,1.0,1,0.0,[1 2],[0. 1.],1,1,[0.4 0.4],1.0,0.0,1.0
1476,0.0,1,739.0,2,1477,1,False,0.0,0,2.0,[1 2],[0. 1.],1,1,[0.4 0.4],1.0,0.0,1.0
1477,1.0,1,739.0,0,1478,0,False,2.0,1,0.0,[1 1],[0. 1.],1,1,[0.4 0.4],1.0,0.0,1.0
1478,0.0,1,740.0,2,1479,1,False,0.0,0,2.0,[1 1],[0. 1.],1,1,[0.4 0.4],1.0,0.0,1.0
1479,0.0,1,740.0,0,1480,0,False,2.0,1,0.0,[2 1],[0. 1.],0,1,[0.4 0.4],1.0,0.0,1.0
1480,0.0,1,741.0,2,1481,1,False,0.0,0,1.0,[2 1],[0. 1.],0,1,[0.4 0.4],1.0,0.0,1.0
1481,0.0,1,741.0,0,1482,0,False,1.0,1,0.0,[2 2],[0. 1.],1,1,[0.4 0.4],1.0,0.0,1.0
1482,0.0,1,742.0,2,1483,1,False,0.0,0,2.0,[2 2],[0. 1.],1,1,[0.4 0.4],1.0,0.0,1.0
1483,1.0,1,742.0,0,1484,0,False,2.0,1,0.0,[1 2],[0. 1.],0,1,[0.4 0.4],1.0,0.0,1.0
1484,0.0,1,743.0,2,1485,1,False,0.0,0,1.0,[1 2],[0. 1.],0,1,[0.4 0.4],1.0,0.0,1.0
1485,1.0,1,743.0,0,1486,0,False,1.0,1,0.0,[2 2],[0. 1.],1,1,[0.4 0.4],1.0,0.0,1.0
1486,0.0,1,744.0,2,1487,1,False,0.0,0,2.0,[2 2],[0. 1.],1,1,[0.4 0.4],1.0,0.0,1.0
1487,1.0,1,744.0,0,1488,0,False,2.0,1,0.0,[2 1],[0. 1.],1,1,[0.4 0.4],1.0,0.0,1.0
1488,0.0,1,745.0,2,1489,1,False,0.0,0,2.0,[2 1],[0. 1.],1,1,[0.4 0.4],1.0,0.0,1.0
1489,0.0,1,745.0,0,1490,0,False,2.0,1,0.0,[2 2],[0. 1.],1,1,[0.4 0.4],1.0,0.0,1.0
1490,0.0,1,746.0,2,1491,1,False,0.0,0,2.0,[2 2],[0. 1.],1,1,[0.4 0.4],1.0,0.0,1.0
1491,1.0,1,746.0,0,1492,0,False,2.0,1,0.0,[1 1],[0. 1.],0,1,[0.4 0.4],1.0,0.0,1.0
1492,0.0,1,747.0,2,1493,1,False,0.0,0,1.0,[1 1],[0. 1.],0,1,[0.4 0.4],1.0,0.0,1.0
1493,0.0,1,747.0,0,1494,0,False,1.0,1,0.0,[2 2],[0. 1.],1,1,[0.4 0.4],1.0,0.0,1.0
1494,0.0,1,748.0,2,1495,1,False,0.0,0,2.0,[2 2],[0. 1.],1,1,[0.4 0.4],1.0,0.0,1.0
1495,1.0,1,748.0,0,1496,0,False,2.0,1,0.0,[2 2],[0. 1.],1,1,[0.4 0.4],1.0,0.0,1.0
1496,0.0,1,749.0,2,1497,1,False,0.0,0,2.0,[2 2],[0. 1.],1,1,[0.4 0.4],1.0,0.0,1.0
1497,1.0,1,749.0,0,1498,0,False,2.0,1,0.0,[1 2],[0. 1.],0,1,[0.4 0.4],1.0,0.0,1.0
1498,0.0,1,750.0,2,1499,1,False,0.0,0,1.0,[1 2],[0. 1.],0,1,[0.4 0.4],1.0,0.0,1.0
1499,1.0,1,750.0,0,1500,0,False,1.0,1,0.0,[1 1],[0. 1.],0,1,[0.4 0.4],1.0,0.0,1.0
1500,0.0,1,751.0,2,1501,1,False,0.0,0,1.0,[1 1],[0. 1.],0,1,[0.4 0.4],1.0,0.0,1.0
1501,0.0,1,751.0,0,1502,0,False,1.0,1,0.0,[1 2],[0. 1.],1,1,[0.4 0.4],1.0,0.0,1.0
1502,0.0,1,752.0,2,1503,1,False,0.0,0,2.0,[1 2],[0. 1.],1,1,[0.4 0.4],1.0,0.0,1.0
1503,1.0,1,752.0,0,1504,0,False,2.0,1,0.0,[2 2],[0. 1.],0,1,[0.4 0.4],1.0,0.0,1.0
1504,0.0,1,753.0,2,1505,1,False,0.0,0,1.0,[2 2],[0. 1.],0,1,[0.4 0.4],1.0,0.0,1.0
1505,1.0,1,753.0,0,1506,0,False,1.0,1,0.0,[2 1],[0. 1.],0,1,[0.4 0.4],1.0,0.0,1.0
1506,0.0,1,754.0,2,1507,1,False,0.0,0,1.0,[2 1],[0. 1.],0,1,[0.4 0.4],1.0,0.0,1.0
1507,0.0,1,754.0,0,1508,0,False,1.0,1,0.0,[2 2],[0. 1.],1,1,[0.4 0.4],1.0,0.0,1.0
1508,0.0,1,755.0,2,1509,1,False,0.0,0,2.0,[2 2],[0. 1.],1,1,[0.4 0.4],1.0,0.0,1.0
1509,1.0,1,755.0,0,1510,0,False,2.0,1,0.0,[2 2],[0. 1.],0,1,[0.4 0.4],1.0,0.0,1.0
1510,0.0,1,756.0,2,1511,1,False,0.0,0,1.0,[2 2],[0. 1.],0,1,[0.4 0.4],1.0,0.0,1.0
1511,1.0,1,756.0,0,1512,0,False,1.0,1,0.0,[2 2],[0. 1.],0,1,[0.4 0.4],1.0,0.0,1.0
1512,0.0,1,757.0,2,1513,1,False,0.0,0,1.0,[2 2],[0. 1.],0,1,[0.4 0.4],1.0,0.0,1.0
1513,1.0,1,757.0,0,1514,0,False,1.0,1,0.0,[2 1],[0. 1.],1,1,[0.4 0.4],1.0,0.0,1.0
1514,0.0,1,758.0,2,1515,1,False,0.0,0,2.0,[2 1],[0. 1.],1,1,[0.4 0.4],1.0,0.0,1.0
1515,0.0,1,758.0,0,1516,0,False,2.0,1,0.0,[2 1],[0. 1.],0,1,[0.4 0.4],1.0,0.0,1.0
1516,0.0,1,759.0,2,1517,1,False,0.0,0,1.0,[2 1],[0. 1.],0,1,[0.4 0.4],1.0,0.0,1.0
1517,0.0,1,759.0,0,1518,0,False,1.0,1,0.0,[1 1],[0. 1.],1,1,[0.4 0.4],1.0,0.0,1.0
1518,0.0,1,760.0,2,1519,1,False,0.0,0,2.0,[1 1],[0. 1.],1,1,[0.4 0.4],1.0,0.0,1.0
1519,0.0,1,760.0,0,1520,0,False,2.0,1,0.0,[2 2],[0. 1.],1,1,[0.4 0.4],1.0,0.0,1.0
1520,0.0,1,761.0,2,1521,1,False,0.0,0,2.0,[2 2],[0. 1.],1,1,[0.4 0.4],1.0,0.0,1.0
1521,1.0,1,761.0,0,1522,0,False,2.0,1,0.0,[2 2],[0. 1.],0,1,[0.4 0.4],1.0,0.0,1.0
1522,0.0,1,762.0,2,1523,1,False,0.0,0,1.0,[2 2],[0. 1.],0,1,[0.4 0.4],1.0,0.0,1.0
1523,1.0,1,762.0,0,1524,0,False,1.0,1,0.0,[1 2],[0. 1.],0,1,[0.4 0.4],1.0,0.0,1.0
1524,0.0,1,763.0,2,1525,1,False,0.0,0,1.0,[1 2],[0. 1.],0,1,[0.4 0.4],1.0,0.0,1.0
1525,1.0,1,763.0,0,1526,0,False,1.0,1,0.0,[2 2],[0. 1.],1,1,[0.4 0.4],1.0,0.0,1.0
1526,0.0,1,764.0,2,1527,1,False,0.0,0,2.0,[2 2],[0. 1.],1,1,[0.4 0.4],1.0,0.0,1.0
1527,1.0,1,764.0,0,1528,0,False,2.0,1,0.0,[2 1],[0. 1.],1,1,[0.4 0.4],1.0,0.0,1.0
1528,0.0,1,765.0,2,1529,1,False,0.0,0,2.0,[2 1],[0. 1.],1,1,[0.4 0.4],1.0,0.0,1.0
1529,0.0,1,765.0,0,1530,0,False,2.0,1,0.0,[1 2],[0. 1.],0,1,[0.4 0.4],1.0,0.0,1.0
1530,0.0,1,766.0,2,1531,1,False,0.0,0,1.0,[1 2],[0. 1.],0,1,[0.4 0.4],1.0,0.0,1.0
1531,1.0,1,766.0,0,1532,0,False,1.0,1,0.0,[1 2],[0. 1.],1,1,[0.4 0.4],1.0,0.0,1.0
1532,0.0,1,767.0,2,1533,1,False,0.0,0,2.0,[1 2],[0. 1.],1,1,[0.4 0.4],1.0,0.0,1.0
1533,1.0,1,767.0,0,1534,0,False,2.0,1,0.0,[2 1],[0. 1.],0,1,[0.4 0.4],1.0,0.0,1.0
1534,0.0,1,768.0,2,1535,1,False,0.0,0,1.0,[2 1],[0. 1.],0,1,[0.4 0.4],1.0,0.0,1.0
1535,0.0,1,768.0,0,1536,0,False,1.0,1,0.0,[1 2],[0. 1.],1,1,[0.4 0.4],1.0,0.0,1.0
1536,0.0,1,769.0,2,1537,1,False,0.0,0,2.0,[1 2],[0. 1.],1,1,[0.4 0.4],1.0,0.0,1.0
1537,1.0,1,769.0,0,1538,0,False,2.0,1,0.0,[2 1],[1. 0.],1,0,[0.4 0.4],1.0,0.0,1.0
1538,0.0,1,770.0,2,1539,1,False,0.0,0,2.0,[2 1],[1. 0.],1,0,[0.4 0.4],1.0,0.0,1.0
1539,1.0,1,770.0,0,1540,0,False,2.0,1,0.0,[1 2],[1. 0.],0,0,[0.4 0.4],1.0,0.0,1.0
1540,0.0,1,771.0,2,1541,1,False,0.0,0,1.0,[1 2],[1. 0.],0,0,[0.4 0.4],1.0,0.0,1.0
1541,0.0,1,771.0,0,1542,0,False,1.0,1,0.0,[1 1],[1. 0.],0,0,[0.4 0.4],1.0,0.0,1.0
1542,0.0,1,772.0,2,1543,1,False,0.0,0,1.0,[1 1],[1. 0.],0,0,[0.4 0.4],1.0,0.0,1.0
1543,1.0,1,772.0,0,1544,0,False,1.0,1,0.0,[1 2],[1. 0.],0,0,[0.4 0.4],1.0,0.0,1.0
1544,0.0,1,773.0,2,1545,1,False,0.0,0,1.0,[1 2],[1. 0.],0,0,[0.4 0.4],1.0,0.0,1.0
1545,0.0,1,773.0,0,1546,0,False,1.0,1,0.0,[1 1],[1. 0.],0,0,[0.4 0.4],1.0,0.0,1.0
1546,0.0,1,774.0,2,1547,1,False,0.0,0,1.0,[1 1],[1. 0.],0,0,[0.4 0.4],1.0,0.0,1.0
1547,1.0,1,774.0,0,1548,0,False,1.0,1,0.0,[1 2],[1. 0.],0,0,[0.4 0.4],1.0,0.0,1.0
1548,0.0,1,775.0,2,1549,1,False,0.0,0,1.0,[1 2],[1. 0.],0,0,[0.4 0.4],1.0,0.0,1.0
1549,0.0,1,775.0,0,1550,0,False,1.0,1,0.0,[2 1],[1. 0.],1,0,[0.4 0.4],1.0,0.0,1.0
1550,0.0,1,776.0,2,1551,1,False,0.0,0,2.0,[2 1],[1. 0.],1,0,[0.4 0.4],1.0,0.0,1.0
1551,1.0,1,776.0,0,1552,0,False,2.0,1,0.0,[2 2],[1. 0.],0,0,[0.4 0.4],1.0,0.0,1.0
1552,0.0,1,777.0,2,1553,1,False,0.0,0,1.0,[2 2],[1. 0.],0,0,[0.4 0.4],1.0,0.0,1.0
1553,0.0,1,777.0,0,1554,0,False,1.0,1,0.0,[1 2],[1. 0.],0,0,[0.4 0.4],1.0,0.0,1.0
1554,0.0,1,778.0,2,1555,1,False,0.0,0,1.0,[1 2],[1. 0.],0,0,[0.4 0.4],1.0,0.0,1.0
1555,0.0,1,778.0,0,1556,0,False,1.0,1,0.0,[2 2],[1. 0.],0,0,[0.4 0.4],1.0,0.0,1.0
1556,0.0,1,779.0,2,1557,1,False,0.0,0,1.0,[2 2],[1. 0.],0,0,[0.4 0.4],1.0,0.0,1.0
1557,0.0,1,779.0,0,1558,0,False,1.0,1,0.0,[1 1],[1. 0.],1,0,[0.4 0.4],1.0,0.0,1.0
1558,0.0,1,780.0,2,1559,1,False,0.0,0,2.0,[1 1],[1. 0.],1,0,[0.4 0.4],1.0,0.0,1.0
1559,1.0,1,780.0,0,1560,0,False,2.0,1,0.0,[1 1],[1. 0.],1,0,[0.4 0.4],1.0,0.0,1.0
1560,0.0,1,781.0,2,1561,1,False,0.0,0,2.0,[1 1],[1. 0.],1,0,[0.4 0.4],1.0,0.0,1.0
1561,1.0,1,781.0,0,1562,0,False,2.0,1,0.0,[2 2],[1. 0.],1,0,[0.4 0.4],1.0,0.0,1.0
1562,0.0,1,782.0,2,1563,1,False,0.0,0,2.0,[2 2],[1. 0.],1,0,[0.4 0.4],1.0,0.0,1.0
1563,0.0,1,782.0,0,1564,0,False,2.0,1,0.0,[2 2],[1. 0.],1,0,[0.4 0.4],1.0,0.0,1.0
1564,0.0,1,783.0,1,1565,1,False,0.0,0,2.0,[2 2],[1. 0.],1,0,[0.4 0.4],1.0,0.0,1.0
1565,0.0,1,783.0,0,1566,0,False,2.0,1,0.0,[2 1],[1. 0.],1,0,[0.4 0.4],1.0,0.0,1.0
1566,0.0,1,784.0,2,1567,1,False,0.0,0,2.0,[2 1],[1. 0.],1,0,[0.4 0.4],1.0,0.0,1.0
1567,1.0,1,784.0,0,1568,0,False,2.0,1,0.0,[1 1],[1. 0.],0,0,[0.4 0.4],1.0,0.0,1.0
1568,0.0,1,785.0,2,1569,1,False,0.0,0,1.0,[1 1],[1. 0.],0,0,[0.4 0.4],1.0,0.0,1.0
1569,1.0,1,785.0,0,1570,0,False,1.0,1,0.0,[2 1],[1. 0.],1,0,[0.4 0.4],1.0,0.0,1.0
1570,0.0,1,786.0,2,1571,1,False,0.0,0,2.0,[2 1],[1. 0.],1,0,[0.4 0.4],1.0,0.0,1.0
1571,1.0,1,786.0,0,1572,0,False,2.0,1,0.0,[1 1],[1. 0.],0,0,[0.4 0.4],1.0,0.0,1.0
1572,0.0,1,787.0,2,1573,1,False,0.0,0,1.0,[1 1],[1. 0.],0,0,[0.4 0.4],1.0,0.0,1.0
1573,1.0,1,787.0,0,1574,0,False,1.0,1,0.0,[1 2],[1. 0.],0,0,[0.4 0.4],1.0,0.0,1.0
1574,0.0,1,788.0,2,1575,1,False,0.0,0,1.0,[1 2],[1. 0.],0,0,[0.4 0.4],1.0,0.0,1.0
1575,0.0,1,788.0,0,1576,0,False,1.0,1,0.0,[1 2],[1. 0.],1,0,[0.4 0.4],1.0,0.0,1.0
1576,0.0,1,789.0,2,1577,1,False,0.0,0,2.0,[1 2],[1. 0.],1,0,[0.4 0.4],1.0,0.0,1.0
1577,0.0,1,789.0,0,1578,0,False,2.0,1,0.0,[1 1],[1. 0.],1,0,[0.4 0.4],1.0,0.0,1.0
1578,0.0,1,790.0,2,1579,1,False,0.0,0,2.0,[1 1],[1. 0.],1,0,[0.4 0.4],1.0,0.0,1.0
1579,1.0,1,790.0,0,1580,0,False,2.0,1,0.0,[1 2],[1. 0.],1,0,[0.4 0.4],1.0,0.0,1.0
1580,0.0,1,791.0,2,1581,1,False,0.0,0,2.0,[1 2],[1. 0.],1,0,[0.4 0.4],1.0,0.0,1.0
1581,0.0,1,791.0,0,1582,0,False,2.0,1,0.0,[2 1],[1. 0.],1,0,[0.4 0.4],1.0,0.0,1.0
1582,0.0,1,792.0,1,1583,1,False,0.0,0,2.0,[2 1],[1. 0.],1,0,[0.4 0.4],1.0,0.0,1.0
1583,0.0,1,792.0,0,1584,0,False,2.0,1,0.0,[1 1],[1. 0.],1,0,[0.4 0.4],1.0,0.0,1.0
1584,0.0,1,793.0,2,1585,1,False,0.0,0,2.0,[1 1],[1. 0.],1,0,[0.4 0.4],1.0,0.0,1.0
1585,1.0,1,793.0,0,1586,0,False,2.0,1,0.0,[2 2],[1. 0.],1,0,[0.4 0.4],1.0,0.0,1.0
1586,0.0,1,794.0,2,1587,1,False,0.0,0,2.0,[2 2],[1. 0.],1,0,[0.4 0.4],1.0,0.0,1.0
1587,0.0,1,794.0,0,1588,0,False,2.0,1,0.0,[1 1],[1. 0.],0,0,[0.4 0.4],1.0,0.0,1.0
1588,0.0,1,795.0,1,1589,1,False,0.0,0,1.0,[1 1],[1. 0.],0,0,[0.4 0.4],1.0,0.0,1.0
1589,1.0,1,795.0,0,1590,0,False,1.0,1,0.0,[1 1],[1. 0.],0,0,[0.4 0.4],1.0,0.0,1.0
1590,0.0,1,796.0,1,1591,1,False,0.0,0,1.0,[1 1],[1. 0.],0,0,[0.4 0.4],1.0,0.0,1.0
1591,1.0,1,796.0,0,1592,0,False,1.0,1,0.0,[2 2],[1. 0.],1,0,[0.4 0.4],1.0,0.0,1.0
1592,0.0,1,797.0,1,1593,1,False,0.0,0,2.0,[2 2],[1. 0.],1,0,[0.4 0.4],1.0,0.0,1.0
1593,0.0,1,797.0,0,1594,0,False,2.0,1,0.0,[1 1],[1. 0.],0,0,[0.4 0.4],1.0,0.0,1.0
1594,0.0,1,798.0,1,1595,1,False,0.0,0,1.0,[1 1],[1. 0.],0,0,[0.4 0.4],1.0,0.0,1.0
1595,1.0,1,798.0,0,1596,0,False,1.0,1,0.0,[1 1],[1. 0.],1,0,[0.4 0.4],1.0,0.0,1.0
1596,0.0,1,799.0,1,1597,1,False,0.0,0,2.0,[1 1],[1. 0.],1,0,[0.4 0.4],1.0,0.0,1.0
1597,1.0,1,799.0,0,1598,0,False,2.0,1,0.0,[2 1],[1. 0.],0,0,[0.4 0.4],1.0,0.0,1.0
1598,0.0,1,800.0,1,1599,1,False,0.0,0,1.0,[2 1],[1. 0.],0,0,[0.4 0.4],1.0,0.0,1.0
1599,0.0,1,800.0,0,1600,0,False,1.0,1,0.0,[1 2],[1. 0.],0,0,[0.4 0.4],1.0,0.0,1.0
1600,0.0,1,801.0,1,1601,1,False,0.0,0,1.0,[1 2],[1. 0.],0,0,[0.4 0.4],1.0,0.0,1.0
1601,1.0,1,801.0,0,1602,0,False,1.0,1,0.0,[1 1],[1. 0.],1,0,[0.4 0.4],1.0,0.0,1.0
1602,0.0,1,802.0,1,1603,1,False,0.0,0,2.0,[1 1],[1. 0.],1,0,[0.4 0.4],1.0,0.0,1.0
1603,1.0,1,802.0,0,1604,0,False,2.0,1,0.0,[2 1],[1. 0.],0,0,[0.4 0.4],1.0,0.0,1.0
1604,0.0,1,803.0,1,1605,1,False,0.0,0,1.0,[2 1],[1. 0.],0,0,[0.4 0.4],1.0,0.0,1.0
1605,0.0,1,803.0,0,1606,0,False,1.0,1,0.0,[2 2],[1. 0.],0,0,[0.4 0.4],1.0,0.0,1.0
1606,0.0,1,804.0,1,1607,1,False,0.0,0,1.0,[2 2],[1. 0.],0,0,[0.4 0.4],1.0,0.0,1.0
1607,0.0,1,804.0,0,1608,0,False,1.0,1,0.0,[2 2],[1. 0.],1,0,[0.4 0.4],1.0,0.0,1.0
1608,0.0,1,805.0,1,1609,1,False,0.0,0,2.0,[2 2],[1. 0.],1,0,[0.4 0.4],1.0,0.0,1.0
1609,0.0,1,805.0,0,1610,0,False,2.0,1,0.0,[2 2],[1. 0.],1,0,[0.4 0.4],1.0,0.0,1.0
1610,0.0,1,806.0,2,1611,1,False,0.0,0,2.0,[2 2],[1. 0.],1,0,[0.4 0.4],1.0,0.0,1.0
1611,0.0,1,806.0,0,1612,0,False,2.0,1,0.0,[2 2],[1. 0.],1,0,[0.4 0.4],1.0,0.0,1.0
1612,0.0,1,807.0,1,1613,1,False,0.0,0,2.0,[2 2],[1. 0.],1,0,[0.4 0.4],1.0,0.0,1.0
1613,0.0,1,807.0,0,1614,0,False,2.0,1,0.0,[2 2],[1. 0.],0,0,[0.4 0.4],1.0,0.0,1.0
1614,0.0,1,808.0,2,1615,1,False,0.0,0,1.0,[2 2],[1. 0.],0,0,[0.4 0.4],1.0,0.0,1.0
1615,0.0,1,808.0,0,1616,0,False,1.0,1,0.0,[1 2],[1. 0.],0,0,[0.4 0.4],1.0,0.0,1.0
1616,0.0,1,809.0,2,1617,1,False,0.0,0,1.0,[1 2],[1. 0.],0,0,[0.4 0.4],1.0,0.0,1.0
1617,0.0,1,809.0,0,1618,0,False,1.0,1,0.0,[2 2],[1. 0.],1,0,[0.4 0.4],1.0,0.0,1.0
1618,0.0,1,810.0,2,1619,1,False,0.0,0,2.0,[2 2],[1. 0.],1,0,[0.4 0.4],1.0,0.0,1.0
1619,0.0,1,810.0,0,1620,0,False,2.0,1,0.0,[1 2],[1. 0.],1,0,[0.4 0.4],1.0,0.0,1.0
1620,0.0,1,811.0,1,1621,1,False,0.0,0,2.0,[1 2],[1. 0.],1,0,[0.4 0.4],1.0,0.0,1.0
1621,1.0,1,811.0,0,1622,0,False,2.0,1,0.0,[2 2],[1. 0.],1,0,[0.4 0.4],1.0,0.0,1.0
1622,0.0,1,812.0,1,1623,1,False,0.0,0,2.0,[2 2],[1. 0.],1,0,[0.4 0.4],1.0,0.0,1.0
1623,0.0,1,812.0,0,1624,0,False,2.0,1,0.0,[1 2],[1. 0.],0,0,[0.4 0.4],1.0,0.0,1.0
1624,0.0,1,813.0,2,1625,1,False,0.0,0,1.0,[1 2],[1. 0.],0,0,[0.4 0.4],1.0,0.0,1.0
1625,0.0,1,813.0,0,1626,0,False,1.0,1,0.0,[1 2],[1. 0.],0,0,[0.4 0.4],1.0,0.0,1.0
1626,0.0,1,814.0,1,1627,1,False,0.0,0,1.0,[1 2],[1. 0.],0,0,[0.4 0.4],1.0,0.0,1.0
1627,1.0,1,814.0,0,1628,0,False,1.0,1,0.0,[2 1],[1. 0.],0,0,[0.4 0.4],1.0,0.0,1.0
1628,0.0,1,815.0,1,1629,1,False,0.0,0,1.0,[2 1],[1. 0.],0,0,[0.4 0.4],1.0,0.0,1.0
1629,0.0,1,815.0,0,1630,0,False,1.0,1,0.0,[1 1],[1. 0.],0,0,[0.4 0.4],1.0,0.0,1.0
1630,0.0,1,816.0,1,1631,1,False,0.0,0,1.0,[1 1],[1. 0.],0,0,[0.4 0.4],1.0,0.0,1.0
1631,1.0,1,816.0,0,1632,0,False,1.0,1,0.0,[2 1],[1. 0.],0,0,[0.4 0.4],1.0,0.0,1.0
1632,0.0,1,817.0,1,1633,1,False,0.0,0,1.0,[2 1],[1. 0.],0,0,[0.4 0.4],1.0,0.0,1.0
1633,0.0,1,817.0,0,1634,0,False,1.0,1,0.0,[2 1],[1. 0.],1,0,[0.4 0.4],1.0,0.0,1.0
1634,0.0,1,818.0,1,1635,1,False,0.0,0,2.0,[2 1],[1. 0.],1,0,[0.4 0.4],1.0,0.0,1.0
1635,0.0,1,818.0,0,1636,0,False,2.0,1,0.0,[2 2],[1. 0.],1,0,[0.4 0.4],1.0,0.0,1.0
1636,0.0,1,819.0,2,1637,1,False,0.0,0,2.0,[2 2],[1. 0.],1,0,[0.4 0.4],1.0,0.0,1.0
1637,0.0,1,819.0,0,1638,0,False,2.0,1,0.0,[1 2],[1. 0.],1,0,[0.4 0.4],1.0,0.0,1.0
1638,0.0,1,820.0,1,1639,1,False,0.0,0,2.0,[1 2],[1. 0.],1,0,[0.4 0.4],1.0,0.0,1.0
1639,1.0,1,820.0,0,1640,0,False,2.0,1,0.0,[2 1],[1. 0.],1,0,[0.4 0.4],1.0,0.0,1.0
1640,0.0,1,821.0,1,1641,1,False,0.0,0,2.0,[2 1],[1. 0.],1,0,[0.4 0.4],1.0,0.0,1.0
1641,0.0,1,821.0,0,1642,0,False,2.0,1,0.0,[2 2],[1. 0.],0,0,[0.4 0.4],1.0,0.0,1.0
1642,0.0,1,822.0,1,1643,1,False,0.0,0,1.0,[2 2],[1. 0.],0,0,[0.4 0.4],1.0,0.0,1.0
1643,0.0,1,822.0,0,1644,0,False,1.0,1,0.0,[2 1],[1. 0.],1,0,[0.4 0.4],1.0,0.0,1.0
1644,0.0,1,823.0,2,1645,1,False,0.0,0,2.0,[2 1],[1. 0.],1,0,[0.4 0.4],1.0,0.0,1.0
1645,1.0,1,823.0,0,1646,0,False,2.0,1,0.0,[2 1],[1. 0.],1,0,[0.4 0.4],1.0,0.0,1.0
1646,0.0,1,824.0,2,1647,1,False,0.0,0,2.0,[2 1],[1. 0.],1,0,[0.4 0.4],1.0,0.0,1.0
1647,1.0,1,824.0,0,1648,0,False,2.0,1,0.0,[2 2],[1. 0.],0,0,[0.4 0.4],1.0,0.0,1.0
1648,0.0,1,825.0,2,1649,1,False,0.0,0,1.0,[2 2],[1. 0.],0,0,[0.4 0.4],1.0,0.0,1.0
1649,0.0,1,825.0,0,1650,0,False,1.0,1,0.0,[1 2],[1. 0.],0,0,[0.4 0.4],1.0,0.0,1.0
1650,0.0,1,826.0,2,1651,1,False,0.0,0,1.0,[1 2],[1. 0.],0,0,[0.4 0.4],1.0,0.0,1.0
1651,0.0,1,826.0,0,1652,0,False,1.0,1,0.0,[1 1],[0. 1.],1,1,[0.4 0.4],1.0,0.0,1.0
1652,0.0,1,827.0,2,1653,1,False,0.0,0,2.0,[1 1],[0. 1.],1,1,[0.4 0.4],1.0,0.0,1.0
1653,0.0,1,827.0,0,1654,0,False,2.0,1,0.0,[1 2],[0. 1.],1,1,[0.4 0.4],1.0,0.0,1.0
1654,0.0,1,828.0,2,1655,1,False,0.0,0,2.0,[1 2],[0. 1.],1,1,[0.4 0.4],1.0,0.0,1.0
1655,1.0,1,828.0,0,1656,0,False,2.0,1,0.0,[2 2],[0. 1.],0,1,[0.4 0.4],1.0,0.0,1.0
1656,0.0,1,829.0,2,1657,1,False,0.0,0,1.0,[2 2],[0. 1.],0,1,[0.4 0.4],1.0,0.0,1.0
1657,1.0,1,829.0,0,1658,0,False,1.0,1,0.0,[1 2],[0. 1.],0,1,[0.4 0.4],1.0,0.0,1.0
1658,0.0,1,830.0,2,1659,1,False,0.0,0,1.0,[1 2],[0. 1.],0,1,[0.4 0.4],1.0,0.0,1.0
1659,1.0,1,830.0,0,1660,0,False,1.0,1,0.0,[1 1],[0. 1.],1,1,[0.4 0.4],1.0,0.0,1.0
1660,0.0,1,831.0,2,1661,1,False,0.0,0,2.0,[1 1],[0. 1.],1,1,[0.4 0.4],1.0,0.0,1.0
1661,0.0,1,831.0,0,1662,0,False,2.0,1,0.0,[1 1],[0. 1.],0,1,[0.4 0.4],1.0,0.0,1.0
1662,0.0,1,832.0,2,1663,1,False,0.0,0,1.0,[1 1],[0. 1.],0,1,[0.4 0.4],1.0,0.0,1.0
1663,0.0,1,832.0,0,1664,0,False,1.0,1,0.0,[2 2],[0. 1.],1,1,[0.4 0.4],1.0,0.0,1.0
1664,0.0,1,833.0,2,1665,1,False,0.0,0,2.0,[2 2],[0. 1.],1,1,[0.4 0.4],1.0,0.0,1.0
1665,1.0,1,833.0,0,1666,0,False,2.0,1,0.0,[2 1],[0. 1.],1,1,[0.4 0.4],1.0,0.0,1.0
1666,0.0,1,834.0,2,1667,1,False,0.0,0,2.0,[2 1],[0. 1.],1,1,[0.4 0.4],1.0,0.0,1.0
1667,0.0,1,834.0,0,1668,0,False,2.0,1,0.0,[1 2],[0. 1.],0,1,[0.4 0.4],1.0,0.0,1.0
1668,0.0,1,835.0,2,1669,1,False,0.0,0,1.0,[1 2],[0. 1.],0,1,[0.4 0.4],1.0,0.0,1.0
1669,1.0,1,835.0,0,1670,0,False,1.0,1,0.0,[2 1],[0. 1.],0,1,[0.4 0.4],1.0,0.0,1.0
1670,0.0,1,836.0,2,1671,1,False,0.0,0,1.0,[2 1],[0. 1.],0,1,[0.4 0.4],1.0,0.0,1.0
1671,0.0,1,836.0,0,1672,0,False,1.0,1,0.0,[1 2],[0. 1.],1,1,[0.4 0.4],1.0,0.0,1.0
1672,0.0,1,837.0,2,1673,1,False,0.0,0,2.0,[1 2],[0. 1.],1,1,[0.4 0.4],1.0,0.0,1.0
1673,1.0,1,837.0,0,1674,0,False,2.0,1,0.0,[1 2],[0. 1.],1,1,[0.4 0.4],1.0,0.0,1.0
1674,0.0,1,838.0,2,1675,1,False,0.0,0,2.0,[1 2],[0. 1.],1,1,[0.4 0.4],1.0,0.0,1.0
1675,1.0,1,838.0,0,1676,0,False,2.0,1,0.0,[1 2],[0. 1.],0,1,[0.4 0.4],1.0,0.0,1.0
1676,0.0,1,839.0,2,1677,1,False,0.0,0,1.0,[1 2],[0. 1.],0,1,[0.4 0.4],1.0,0.0,1.0
1677,1.0,1,839.0,0,1678,0,False,1.0,1,0.0,[1 2],[0. 1.],0,1,[0.4 0.4],1.0,0.0,1.0
1678,0.0,1,840.0,2,1679,1,False,0.0,0,1.0,[1 2],[0. 1.],0,1,[0.4 0.4],1.0,0.0,1.0
1679,1.0,1,840.0,0,1680,0,False,1.0,1,0.0,[1 2],[0. 1.],1,1,[0.4 0.4],1.0,0.0,1.0
1680,0.0,1,841.0,2,1681,1,False,0.0,0,2.0,[1 2],[0. 1.],1,1,[0.4 0.4],1.0,0.0,1.0
1681,1.0,1,841.0,0,1682,0,False,2.0,1,0.0,[1 2],[0. 1.],0,1,[0.4 0.4],1.0,0.0,1.0
1682,0.0,1,842.0,2,1683,1,False,0.0,0,1.0,[1 2],[0. 1.],0,1,[0.4 0.4],1.0,0.0,1.0
1683,1.0,1,842.0,0,1684,0,False,1.0,1,0.0,[1 2],[0. 1.],1,1,[0.4 0.4],1.0,0.0,1.0
1684,0.0,1,843.0,2,1685,1,False,0.0,0,2.0,[1 2],[0. 1.],1,1,[0.4 0.4],1.0,0.0,1.0
1685,1.0,1,843.0,0,1686,0,False,2.0,1,0.0,[1 2],[0. 1.],1,1,[0.4 0.4],1.0,0.0,1.0
1686,0.0,1,844.0,2,1687,1,False,0.0,0,2.0,[1 2],[0. 1.],1,1,[0.4 0.4],1.0,0.0,1.0
1687,1.0,1,844.0,0,1688,0,False,2.0,1,0.0,[1 1],[0. 1.],0,1,[0.4 0.4],1.0,0.0,1.0
1688,0.0,1,845.0,2,1689,1,False,0.0,0,1.0,[1 1],[0. 1.],0,1,[0.4 0.4],1.0,0.0,1.0
1689,0.0,1,845.0,0,1690,0,False,1.0,1,0.0,[1 1],[1. 0.],0,0,[0.4 0.4],1.0,0.0,1.0
1690,0.0,1,846.0,2,1691,1,False,0.0,0,1.0,[1 1],[1. 0.],0,0,[0.4 0.4],1.0,0.0,1.0
1691,1.0,1,846.0,0,1692,0,False,1.0,1,0.0,[1 2],[1. 0.],0,0,[0.4 0.4],1.0,0.0,1.0
1692,0.0,1,847.0,2,1693,1,False,0.0,0,1.0,[1 2],[1. 0.],0,0,[0.4 0.4],1.0,0.0,1.0
1693,0.0,1,847.0,0,1694,0,False,1.0,1,0.0,[1 2],[1. 0.],1,0,[0.4 0.4],1.0,0.0,1.0
1694,0.0,1,848.0,2,1695,1,False,0.0,0,2.0,[1 2],[1. 0.],1,0,[0.4 0.4],1.0,0.0,1.0
1695,0.0,1,848.0,0,1696,0,False,2.0,1,0.0,[2 2],[1. 0.],1,0,[0.4 0.4],1.0,0.0,1.0
1696,0.0,1,849.0,2,1697,1,False,0.0,0,2.0,[2 2],[1. 0.],1,0,[0.4 0.4],1.0,0.0,1.0
1697,0.0,1,849.0,0,1698,0,False,2.0,1,0.0,[1 2],[1. 0.],1,0,[0.4 0.4],1.0,0.0,1.0
1698,0.0,1,850.0,1,1699,1,False,0.0,0,2.0,[1 2],[1. 0.],1,0,[0.4 0.4],1.0,0.0,1.0
1699,1.0,1,850.0,0,1700,0,False,2.0,1,0.0,[1 2],[1. 0.],1,0,[0.4 0.4],1.0,0.0,1.0
1700,0.0,1,851.0,1,1701,1,False,0.0,0,2.0,[1 2],[1. 0.],1,0,[0.4 0.4],1.0,0.0,1.0
1701,1.0,1,851.0,0,1702,0,False,2.0,1,0.0,[1 1],[1. 0.],0,0,[0.4 0.4],1.0,0.0,1.0
1702,0.0,1,852.0,1,1703,1,False,0.0,0,1.0,[1 1],[1. 0.],0,0,[0.4 0.4],1.0,0.0,1.0
1703,1.0,1,852.0,0,1704,0,False,1.0,1,0.0,[1 2],[1. 0.],1,0,[0.4 0.4],1.0,0.0,1.0
1704,0.0,1,853.0,1,1705,1,False,0.0,0,2.0,[1 2],[1. 0.],1,0,[0.4 0.4],1.0,0.0,1.0
1705,1.0,1,853.0,0,1706,0,False,2.0,1,0.0,[1 2],[1. 0.],1,0,[0.4 0.4],1.0,0.0,1.0
1706,0.0,1,854.0,1,1707,1,False,0.0,0,2.0,[1 2],[1. 0.],1,0,[0.4 0.4],1.0,0.0,1.0
1707,1.0,1,854.0,0,1708,0,False,2.0,1,0.0,[2 1],[1. 0.],1,0,[0.4 0.4],1.0,0.0,1.0
1708,0.0,1,855.0,1,1709,1,False,0.0,0,2.0,[2 1],[1. 0.],1,0,[0.4 0.4],1.0,0.0,1.0
1709,0.0,1,855.0,0,1710,0,False,2.0,1,0.0,[2 1],[1. 0.],1,0,[0.4 0.4],1.0,0.0,1.0
1710,0.0,1,856.0,1,1711,1,False,0.0,0,2.0,[2 1],[1. 0.],1,0,[0.4 0.4],1.0,0.0,1.0
1711,0.0,1,856.0,0,1712,0,False,2.0,1,0.0,[1 2],[1. 0.],1,0,[0.4 0.4],1.0,0.0,1.0
1712,0.0,1,857.0,2,1713,1,False,0.0,0,2.0,[1 2],[1. 0.],1,0,[0.4 0.4],1.0,0.0,1.0
1713,0.0,1,857.0,0,1714,0,False,2.0,1,0.0,[2 1],[1. 0.],1,0,[0.4 0.4],1.0,0.0,1.0
1714,0.0,1,858.0,1,1715,1,False,0.0,0,2.0,[2 1],[1. 0.],1,0,[0.4 0.4],1.0,0.0,1.0
1715,0.0,1,858.0,0,1716,0,False,2.0,1,0.0,[2 1],[1. 0.],1,0,[0.4 0.4],1.0,0.0,1.0
1716,0.0,1,859.0,2,1717,1,False,0.0,0,2.0,[2 1],[1. 0.],1,0,[0.4 0.4],1.0,0.0,1.0
1717,1.0,1,859.0,0,1718,0,False,2.0,1,0.0,[1 2],[1. 0.],0,0,[0.4 0.4],1.0,0.0,1.0
1718,0.0,1,860.0,2,1719,1,False,0.0,0,1.0,[1 2],[1. 0.],0,0,[0.4 0.4],1.0,0.0,1.0
1719,0.0,1,860.0,0,1720,0,False,1.0,1,0.0,[2 2],[1. 0.],0,0,[0.4 0.4],1.0,0.0,1.0
1720,0.0,1,861.0,2,1721,1,False,0.0,0,1.0,[2 2],[1. 0.],0,0,[0.4 0.4],1.0,0.0,1.0
1721,0.0,1,861.0,0,1722,0,False,1.0,1,0.0,[1 2],[1. 0.],1,0,[0.4 0.4],1.0,0.0,1.0
1722,0.0,1,862.0,2,1723,1,False,0.0,0,2.0,[1 2],[1. 0.],1,0,[0.4 0.4],1.0,0.0,1.0
1723,0.0,1,862.0,0,1724,0,False,2.0,1,0.0,[1 1],[1. 0.],0,0,[0.4 0.4],1.0,0.0,1.0
1724,0.0,1,863.0,1,1725,1,False,0.0,0,1.0,[1 1],[1. 0.],0,0,[0.4 0.4],1.0,0.0,1.0
1725,1.0,1,863.0,0,1726,0,False,1.0,1,0.0,[1 1],[1. 0.],1,0,[0.4 0.4],1.0,0.0,1.0
1726,0.0,1,864.0,1,1727,1,False,0.0,0,2.0,[1 1],[1. 0.],1,0,[0.4 0.4],1.0,0.0,1.0
1727,1.0,1,864.0,0,1728,0,False,2.0,1,0.0,[1 2],[1. 0.],0,0,[0.4 0.4],1.0,0.0,1.0
1728,0.0,1,865.0,1,1729,1,False,0.0,0,1.0,[1 2],[1. 0.],0,0,[0.4 0.4],1.0,0.0,1.0
1729,1.0,1,865.0,0,1730,0,False,1.0,1,0.0,[1 2],[1. 0.],1,0,[0.4 0.4],1.0,0.0,1.0
1730,0.0,1,866.0,1,1731,1,False,0.0,0,2.0,[1 2],[1. 0.],1,0,[0.4 0.4],1.0,0.0,1.0
1731,1.0,1,866.0,0,1732,0,False,2.0,1,0.0,[1 2],[1. 0.],1,0,[0.4 0.4],1.0,0.0,1.0
1732,0.0,1,867.0,1,1733,1,False,0.0,0,2.0,[1 2],[1. 0.],1,0,[0.4 0.4],1.0,0.0,1.0
1733,1.0,1,867.0,0,1734,0,False,2.0,1,0.0,[1 2],[1. 0.],0,0,[0.4 0.4],1.0,0.0,1.0
1734,0.0,1,868.0,1,1735,1,False,0.0,0,1.0,[1 2],[1. 0.],0,0,[0.4 0.4],1.0,0.0,1.0
1735,1.0,1,868.0,0,1736,0,False,1.0,1,0.0,[1 2],[1. 0.],1,0,[0.4 0.4],1.0,0.0,1.0
1736,0.0,1,869.0,1,1737,1,False,0.0,0,2.0,[1 2],[1. 0.],1,0,[0.4 0.4],1.0,0.0,1.0
1737,1.0,1,869.0,0,1738,0,False,2.0,1,0.0,[2 1],[1. 0.],1,0,[0.4 0.4],1.0,0.0,1.0
1738,0.0,1,870.0,1,1739,1,False,0.0,0,2.0,[2 1],[1. 0.],1,0,[0.4 0.4],1.0,0.0,1.0
1739,0.0,1,870.0,0,1740,0,False,2.0,1,0.0,[1 2],[1. 0.],0,0,[0.4 0.4],1.0,0.0,1.0
1740,0.0,1,871.0,1,1741,1,False,0.0,0,1.0,[1 2],[1. 0.],0,0,[0.4 0.4],1.0,0.0,1.0
1741,1.0,1,871.0,0,1742,0,False,1.0,1,0.0,[1 2],[1. 0.],0,0,[0.4 0.4],1.0,0.0,1.0
1742,0.0,1,872.0,1,1743,1,False,0.0,0,1.0,[1 2],[1. 0.],0,0,[0.4 0.4],1.0,0.0,1.0
1743,1.0,1,872.0,0,1744,0,False,1.0,1,0.0,[1 1],[1. 0.],0,0,[0.4 0.4],1.0,0.0,1.0
1744,0.0,1,873.0,1,1745,1,False,0.0,0,1.0,[1 1],[1. 0.],0,0,[0.4 0.4],1.0,0.0,1.0
1745,1.0,1,873.0,0,1746,0,False,1.0,1,0.0,[1 1],[1. 0.],0,0,[0.4 0.4],1.0,0.0,1.0
1746,0.0,1,874.0,1,1747,1,False,0.0,0,1.0,[1 1],[1. 0.],0,0,[0.4 0.4],1.0,0.0,1.0
1747,1.0,1,874.0,0,1748,0,False,1.0,1,0.0,[1 2],[1. 0.],1,0,[0.4 0.4],1.0,0.0,1.0
1748,0.0,1,875.0,1,1749,1,False,0.0,0,2.0,[1 2],[1. 0.],1,0,[0.4 0.4],1.0,0.0,1.0
1749,1.0,1,875.0,0,1750,0,False,2.0,1,0.0,[1 2],[1. 0.],0,0,[0.4 0.4],1.0,0.0,1.0
1750,0.0,1,876.0,1,1751,1,False,0.0,0,1.0,[1 2],[1. 0.],0,0,[0.4 0.4],1.0,0.0,1.0
1751,1.0,1,876.0,0,1752,0,False,1.0,1,0.0,[1 1],[1. 0.],1,0,[0.4 0.4],1.0,0.0,1.0
1752,0.0,1,877.0,1,1753,1,False,0.0,0,2.0,[1 1],[1. 0.],1,0,[0.4 0.4],1.0,0.0,1.0
1753,1.0,1,877.0,0,1754,0,False,2.0,1,0.0,[1 1],[1. 0.],1,0,[0.4 0.4],1.0,0.0,1.0
1754,0.0,1,878.0,1,1755,1,False,0.0,0,2.0,[1 1],[1. 0.],1,0,[0.4 0.4],1.0,0.0,1.0
1755,1.0,1,878.0,0,1756,0,False,2.0,1,0.0,[1 1],[1. 0.],1,0,[0.4 0.4],1.0,0.0,1.0
1756,0.0,1,879.0,1,1757,1,False,0.0,0,2.0,[1 1],[1. 0.],1,0,[0.4 0.4],1.0,0.0,1.0
1757,1.0,1,879.0,0,1758,0,False,2.0,1,0.0,[2 1],[1. 0.],0,0,[0.4 0.4],1.0,0.0,1.0
1758,0.0,1,880.0,1,1759,1,False,0.0,0,1.0,[2 1],[1. 0.],0,0,[0.4 0.4],1.0,0.0,1.0
1759,0.0,1,880.0,0,1760,0,False,1.0,1,0.0,[1 2],[1. 0.],1,0,[0.4 0.4],1.0,0.0,1.0
1760,0.0,1,881.0,1,1761,1,False,0.0,0,2.0,[1 2],[1. 0.],1,0,[0.4 0.4],1.0,0.0,1.0
1761,1.0,1,881.0,0,1762,0,False,2.0,1,0.0,[2 1],[1. 0.],0,0,[0.4 0.4],1.0,0.0,1.0
1762,0.0,1,882.0,1,1763,1,False,0.0,0,1.0,[2 1],[1. 0.],0,0,[0.4 0.4],1.0,0.0,1.0
1763,0.0,1,882.0,0,1764,0,False,1.0,1,0.0,[2 2],[1. 0.],1,0,[0.4 0.4],1.0,0.0,1.0
1764,0.0,1,883.0,1,1765,1,False,0.0,0,2.0,[2 2],[1. 0.],1,0,[0.4 0.4],1.0,0.0,1.0
1765,0.0,1,883.0,0,1766,0,False,2.0,1,0.0,[2 1],[1. 0.],1,0,[0.4 0.4],1.0,0.0,1.0
1766,0.0,1,884.0,1,1767,1,False,0.0,0,2.0,[2 1],[1. 0.],1,0,[0.4 0.4],1.0,0.0,1.0
1767,0.0,1,884.0,0,1768,0,False,2.0,1,0.0,[2 2],[1. 0.],0,0,[0.4 0.4],1.0,0.0,1.0
1768,0.0,1,885.0,1,1769,1,False,0.0,0,1.0,[2 2],[1. 0.],0,0,[0.4 0.4],1.0,0.0,1.0
1769,0.0,1,885.0,0,1770,0,False,1.0,1,0.0,[2 2],[1. 0.],1,0,[0.4 0.4],1.0,0.0,1.0
1770,0.0,1,886.0,2,1771,1,False,0.0,0,2.0,[2 2],[1. 0.],1,0,[0.4 0.4],1.0,0.0,1.0
1771,0.0,1,886.0,0,1772,0,False,2.0,1,0.0,[2 1],[1. 0.],0,0,[0.4 0.4],1.0,0.0,1.0
1772,0.0,1,887.0,2,1773,1,False,0.0,0,1.0,[2 1],[1. 0.],0,0,[0.4 0.4],1.0,0.0,1.0
1773,1.0,1,887.0,0,1774,0,False,1.0,1,0.0,[1 2],[1. 0.],1,0,[0.4 0.4],1.0,0.0,1.0
1774,0.0,1,888.0,2,1775,1,False,0.0,0,2.0,[1 2],[1. 0.],1,0,[0.4 0.4],1.0,0.0,1.0
1775,0.0,1,888.0,0,1776,0,False,2.0,1,0.0,[2 1],[1. 0.],1,0,[0.4 0.4],1.0,0.0,1.0
1776,0.0,1,889.0,1,1777,1,False,0.0,0,2.0,[2 1],[1. 0.],1,0,[0.4 0.4],1.0,0.0,1.0
1777,0.0,1,889.0,0,1778,0,False,2.0,1,0.0,[1 1],[1. 0.],0,0,[0.4 0.4],1.0,0.0,1.0
1778,0.0,1,890.0,2,1779,1,False,0.0,0,1.0,[1 1],[1. 0.],0,0,[0.4 0.4],1.0,0.0,1.0
1779,1.0,1,890.0,0,1780,0,False,1.0,1,0.0,[1 2],[1. 0.],0,0,[0.4 0.4],1.0,0.0,1.0
1780,0.0,1,891.0,2,1781,1,False,0.0,0,1.0,[1 2],[1. 0.],0,0,[0.4 0.4],1.0,0.0,1.0
1781,0.0,1,891.0,0,1782,0,False,1.0,1,0.0,[2 1],[1. 0.],0,0,[0.4 0.4],1.0,0.0,1.0
1782,0.0,1,892.0,2,1783,1,False,0.0,0,1.0,[2 1],[1. 0.],0,0,[0.4 0.4],1.0,0.0,1.0
1783,1.0,1,892.0,0,1784,0,False,1.0,1,0.0,[2 1],[1. 0.],0,0,[0.4 0.4],1.0,0.0,1.0
1784,0.0,1,893.0,2,1785,1,False,0.0,0,1.0,[2 1],[1. 0.],0,0,[0.4 0.4],1.0,0.0,1.0
1785,1.0,1,893.0,0,1786,0,False,1.0,1,0.0,[2 1],[1. 0.],0,0,[0.4 0.4],1.0,0.0,1.0
1786,0.0,1,894.0,2,1787,1,False,0.0,0,1.0,[2 1],[1. 0.],0,0,[0.4 0.4],1.0,0.0,1.0
1787,1.0,1,894.0,0,1788,0,False,1.0,1,0.0,[2 2],[1. 0.],0,0,[0.4 0.4],1.0,0.0,1.0
1788,0.0,1,895.0,2,1789,1,False,0.0,0,1.0,[2 2],[1. 0.],0,0,[0.4 0.4],1.0,0.0,1.0
1789,0.0,1,895.0,0,1790,0,False,1.0,1,0.0,[2 2],[1. 0.],1,0,[0.4 0.4],1.0,0.0,1.0
1790,0.0,1,896.0,2,1791,1,False,0.0,0,2.0,[2 2],[1. 0.],1,0,[0.4 0.4],1.0,0.0,1.0
1791,0.0,1,896.0,0,1792,0,False,2.0,1,0.0,[2 1],[1. 0.],1,0,[0.4 0.4],1.0,0.0,1.0
1792,0.0,1,897.0,2,1793,1,False,0.0,0,2.0,[2 1],[1. 0.],1,0,[0.4 0.4],1.0,0.0,1.0
1793,1.0,1,897.0,0,1794,0,False,2.0,1,0.0,[1 1],[1. 0.],1,0,[0.4 0.4],1.0,0.0,1.0
1794,0.0,1,898.0,2,1795,1,False,0.0,0,2.0,[1 1],[1. 0.],1,0,[0.4 0.4],1.0,0.0,1.0
1795,1.0,1,898.0,0,1796,0,False,2.0,1,0.0,[2 1],[1. 0.],1,0,[0.4 0.4],1.0,0.0,1.0
1796,0.0,1,899.0,2,1797,1,False,0.0,0,2.0,[2 1],[1. 0.],1,0,[0.4 0.4],1.0,0.0,1.0
1797,1.0,1,899.0,0,1798,0,False,2.0,1,0.0,[2 1],[1. 0.],1,0,[0.4 0.4],1.0,0.0,1.0
1798,0.0,1,900.0,2,1799,1,False,0.0,0,2.0,[2 1],[1. 0.],1,0,[0.4 0.4],1.0,0.0,1.0
1799,1.0,1,900.0,0,1800,0,False,2.0,1,0.0,[2 2],[1. 0.],1,0,[0.4 0.4],1.0,0.0,1.0
1800,0.0,1,901.0,2,1801,1,False,0.0,0,2.0,[2 2],[1. 0.],1,0,[0.4 0.4],1.0,0.0,1.0
1801,0.0,1,901.0,0,1802,0,False,2.0,1,0.0,[2 2],[1. 0.],0,0,[0.4 0.4],1.0,0.0,1.0
1802,0.0,1,902.0,2,1803,1,False,0.0,0,1.0,[2 2],[1. 0.],0,0,[0.4 0.4],1.0,0.0,1.0
1803,0.0,1,902.0,0,1804,0,False,1.0,1,0.0,[2 2],[1. 0.],1,0,[0.4 0.4],1.0,0.0,1.0
1804,0.0,1,903.0,2,1805,1,False,0.0,0,2.0,[2 2],[1. 0.],1,0,[0.4 0.4],1.0,0.0,1.0
1805,0.0,1,903.0,0,1806,0,False,2.0,1,0.0,[2 2],[1. 0.],0,0,[0.4 0.4],1.0,0.0,1.0
1806,0.0,1,904.0,1,1807,1,False,0.0,0,1.0,[2 2],[1. 0.],0,0,[0.4 0.4],1.0,0.0,1.0
1807,0.0,1,904.0,0,1808,0,False,1.0,1,0.0,[1 1],[1. 0.],1,0,[0.4 0.4],1.0,0.0,1.0
1808,0.0,1,905.0,2,1809,1,False,0.0,0,2.0,[1 1],[1. 0.],1,0,[0.4 0.4],1.0,0.0,1.0
1809,1.0,1,905.0,0,1810,0,False,2.0,1,0.0,[2 2],[1. 0.],1,0,[0.4 0.4],1.0,0.0,1.0
1810,0.0,1,906.0,2,1811,1,False,0.0,0,2.0,[2 2],[1. 0.],1,0,[0.4 0.4],1.0,0.0,1.0
1811,0.0,1,906.0,0,1812,0,False,2.0,1,0.0,[2 1],[1. 0.],0,0,[0.4 0.4],1.0,0.0,1.0
1812,0.0,1,907.0,1,1813,1,False,0.0,0,1.0,[2 1],[1. 0.],0,0,[0.4 0.4],1.0,0.0,1.0
1813,0.0,1,907.0,0,1814,0,False,1.0,1,0.0,[1 1],[1. 0.],1,0,[0.4 0.4],1.0,0.0,1.0
1814,0.0,1,908.0,2,1815,1,False,0.0,0,2.0,[1 1],[1. 0.],1,0,[0.4 0.4],1.0,0.0,1.0
1815,1.0,1,908.0,0,1816,0,False,2.0,1,0.0,[1 2],[1. 0.],1,0,[0.4 0.4],1.0,0.0,1.0
1816,0.0,1,909.0,2,1817,1,False,0.0,0,2.0,[1 2],[1. 0.],1,0,[0.4 0.4],1.0,0.0,1.0
1817,0.0,1,909.0,0,1818,0,False,2.0,1,0.0,[1 2],[1. 0.],1,0,[0.4 0.4],1.0,0.0,1.0
1818,0.0,1,910.0,2,1819,1,False,0.0,0,2.0,[1 2],[1. 0.],1,0,[0.4 0.4],1.0,0.0,1.0
1819,0.0,1,910.0,0,1820,0,False,2.0,1,0.0,[2 1],[1. 0.],0,0,[0.4 0.4],1.0,0.0,1.0
1820,0.0,1,911.0,1,1821,1,False,0.0,0,1.0,[2 1],[1. 0.],0,0,[0.4 0.4],1.0,0.0,1.0
1821,0.0,1,911.0,0,1822,0,False,1.0,1,0.0,[1 1],[1. 0.],0,0,[0.4 0.4],1.0,0.0,1.0
1822,0.0,1,912.0,2,1823,1,False,0.0,0,1.0,[1 1],[1. 0.],0,0,[0.4 0.4],1.0,0.0,1.0
1823,1.0,1,912.0,0,1824,0,False,1.0,1,0.0,[2 2],[1. 0.],1,0,[0.4 0.4],1.0,0.0,1.0
1824,0.0,1,913.0,2,1825,1,False,0.0,0,2.0,[2 2],[1. 0.],1,0,[0.4 0.4],1.0,0.0,1.0
1825,0.0,1,913.0,0,1826,0,False,2.0,1,0.0,[1 1],[1. 0.],1,0,[0.4 0.4],1.0,0.0,1.0
1826,0.0,1,914.0,2,1827,1,False,0.0,0,2.0,[1 1],[1. 0.],1,0,[0.4 0.4],1.0,0.0,1.0
1827,1.0,1,914.0,0,1828,0,False,2.0,1,0.0,[2 2],[1. 0.],0,0,[0.4 0.4],1.0,0.0,1.0
1828,0.0,1,915.0,2,1829,1,False,0.0,0,1.0,[2 2],[1. 0.],0,0,[0.4 0.4],1.0,0.0,1.0
1829,0.0,1,915.0,0,1830,0,False,1.0,1,0.0,[2 2],[1. 0.],1,0,[0.4 0.4],1.0,0.0,1.0
1830,0.0,1,916.0,2,1831,1,False,0.0,0,2.0,[2 2],[1. 0.],1,0,[0.4 0.4],1.0,0.0,1.0
1831,0.0,1,916.0,0,1832,0,False,2.0,1,0.0,[2 2],[1. 0.],1,0,[0.4 0.4],1.0,0.0,1.0
1832,0.0,1,917.0,1,1833,1,False,0.0,0,2.0,[2 2],[1. 0.],1,0,[0.4 0.4],1.0,0.0,1.0
1833,0.0,1,917.0,0,1834,0,False,2.0,1,0.0,[1 1],[1. 0.],1,0,[0.4 0.4],1.0,0.0,1.0
1834,0.0,1,918.0,2,1835,1,False,0.0,0,2.0,[1 1],[1. 0.],1,0,[0.4 0.4],1.0,0.0,1.0
1835,1.0,1,918.0,0,1836,0,False,2.0,1,0.0,[1 2],[1. 0.],1,0,[0.4 0.4],1.0,0.0,1.0
1836,0.0,1,919.0,2,1837,1,False,0.0,0,2.0,[1 2],[1. 0.],1,0,[0.4 0.4],1.0,0.0,1.0
1837,0.0,1,919.0,0,1838,0,False,2.0,1,0.0,[1 2],[1. 0.],0,0,[0.4 0.4],1.0,0.0,1.0
1838,0.0,1,920.0,1,1839,1,False,0.0,0,1.0,[1 2],[1. 0.],0,0,[0.4 0.4],1.0,0.0,1.0
1839,1.0,1,920.0,0,1840,0,False,1.0,1,0.0,[1 1],[1. 0.],0,0,[0.4 0.4],1.0,0.0,1.0
1840,0.0,1,921.0,1,1841,1,False,0.0,0,1.0,[1 1],[1. 0.],0,0,[0.4 0.4],1.0,0.0,1.0
1841,1.0,1,921.0,0,1842,0,False,1.0,1,0.0,[2 2],[1. 0.],1,0,[0.4 0.4],1.0,0.0,1.0
1842,0.0,1,922.0,1,1843,1,False,0.0,0,2.0,[2 2],[1. 0.],1,0,[0.4 0.4],1.0,0.0,1.0
1843,0.0,1,922.0,0,1844,0,False,2.0,1,0.0,[1 1],[1. 0.],0,0,[0.4 0.4],1.0,0.0,1.0
1844,0.0,1,923.0,1,1845,1,False,0.0,0,1.0,[1 1],[1. 0.],0,0,[0.4 0.4],1.0,0.0,1.0
1845,1.0,1,923.0,0,1846,0,False,1.0,1,0.0,[1 1],[1. 0.],1,0,[0.4 0.4],1.0,0.0,1.0
1846,0.0,1,924.0,1,1847,1,False,0.0,0,2.0,[1 1],[1. 0.],1,0,[0.4 0.4],1.0,0.0,1.0
1847,1.0,1,924.0,0,1848,0,False,2.0,1,0.0,[1 2],[1. 0.],1,0,[0.4 0.4],1.0,0.0,1.0
1848,0.0,1,925.0,1,1849,1,False,0.0,0,2.0,[1 2],[1. 0.],1,0,[0.4 0.4],1.0,0.0,1.0
1849,1.0,1,925.0,0,1850,0,False,2.0,1,0.0,[2 2],[1. 0.],1,0,[0.4 0.4],1.0,0.0,1.0
1850,0.0,1,926.0,1,1851,1,False,0.0,0,2.0,[2 2],[1. 0.],1,0,[0.4 0.4],1.0,0.0,1.0
1851,0.0,1,926.0,0,1852,0,False,2.0,1,0.0,[1 2],[1. 0.],1,0,[0.4 0.4],1.0,0.0,1.0
1852,0.0,1,927.0,1,1853,1,False,0.0,0,2.0,[1 2],[1. 0.],1,0,[0.4 0.4],1.0,0.0,1.0
1853,1.0,1,927.0,0,1854,0,False,2.0,1,0.0,[2 1],[1. 0.],1,0,[0.4 0.4],1.0,0.0,1.0
1854,0.0,1,928.0,1,1855,1,False,0.0,0,2.0,[2 1],[1. 0.],1,0,[0.4 0.4],1.0,0.0,1.0
1855,0.0,1,928.0,0,1856,0,False,2.0,1,0.0,[1 1],[1. 0.],0,0,[0.4 0.4],1.0,0.0,1.0
1856,0.0,1,929.0,1,1857,1,False,0.0,0,1.0,[1 1],[1. 0.],0,0,[0.4 0.4],1.0,0.0,1.0
1857,1.0,1,929.0,0,1858,0,False,1.0,1,0.0,[2 2],[1. 0.],0,0,[0.4 0.4],1.0,0.0,1.0
1858,0.0,1,930.0,1,1859,1,False,0.0,0,1.0,[2 2],[1. 0.],0,0,[0.4 0.4],1.0,0.0,1.0
1859,0.0,1,930.0,0,1860,0,False,1.0,1,0.0,[2 1],[1. 0.],1,0,[0.4 0.4],1.0,0.0,1.0
1860,0.0,1,931.0,1,1861,1,False,0.0,0,2.0,[2 1],[1. 0.],1,0,[0.4 0.4],1.0,0.0,1.0
1861,0.0,1,931.0,0,1862,0,False,2.0,1,0.0,[1 1],[1. 0.],0,0,[0.4 0.4],1.0,0.0,1.0
1862,0.0,1,932.0,1,1863,1,False,0.0,0,1.0,[1 1],[1. 0.],0,0,[0.4 0.4],1.0,0.0,1.0
1863,1.0,1,932.0,0,1864,0,False,1.0,1,0.0,[1 2],[1. 0.],0,0,[0.4 0.4],1.0,0.0,1.0
1864,0.0,1,933.0,1,1865,1,False,0.0,0,1.0,[1 2],[1. 0.],0,0,[0.4 0.4],1.0,0.0,1.0
1865,1.0,1,933.0,0,1866,0,False,1.0,1,0.0,[2 1],[1. 0.],1,0,[0.4 0.4],1.0,0.0,1.0
1866,0.0,1,934.0,1,1867,1,False,0.0,0,2.0,[2 1],[1. 0.],1,0,[0.4 0.4],1.0,0.0,1.0
1867,0.0,1,934.0,0,1868,0,False,2.0,1,0.0,[2 2],[1. 0.],1,0,[0.4 0.4],1.0,0.0,1.0
1868,0.0,1,935.0,1,1869,1,False,0.0,0,2.0,[2 2],[1. 0.],1,0,[0.4 0.4],1.0,0.0,1.0
1869,0.0,1,935.0,0,1870,0,False,2.0,1,0.0,[2 2],[1. 0.],0,0,[0.4 0.4],1.0,0.0,1.0
1870,0.0,1,936.0,1,1871,1,False,0.0,0,1.0,[2 2],[1. 0.],0,0,[0.4 0.4],1.0,0.0,1.0
1871,0.0,1,936.0,0,1872,0,False,1.0,1,0.0,[1 2],[1. 0.],1,0,[0.4 0.4],1.0,0.0,1.0
1872,0.0,1,937.0,2,1873,1,False,0.0,0,2.0,[1 2],[1. 0.],1,0,[0.4 0.4],1.0,0.0,1.0
1873,0.0,1,937.0,0,1874,0,False,2.0,1,0.0,[1 1],[1. 0.],0,0,[0.4 0.4],1.0,0.0,1.0
1874,0.0,1,938.0,1,1875,1,False,0.0,0,1.0,[1 1],[1. 0.],0,0,[0.4 0.4],1.0,0.0,1.0
1875,1.0,1,938.0,0,1876,0,False,1.0,1,0.0,[2 2],[1. 0.],1,0,[0.4 0.4],1.0,0.0,1.0
1876,0.0,1,939.0,1,1877,1,False,0.0,0,2.0,[2 2],[1. 0.],1,0,[0.4 0.4],1.0,0.0,1.0
1877,0.0,1,939.0,0,1878,0,False,2.0,1,0.0,[2 2],[1. 0.],1,0,[0.4 0.4],1.0,0.0,1.0
1878,0.0,1,940.0,1,1879,1,False,0.0,0,2.0,[2 2],[1. 0.],1,0,[0.4 0.4],1.0,0.0,1.0
1879,0.0,1,940.0,0,1880,0,False,2.0,1,0.0,[1 1],[1. 0.],1,0,[0.4 0.4],1.0,0.0,1.0
1880,0.0,1,941.0,2,1881,1,False,0.0,0,2.0,[1 1],[1. 0.],1,0,[0.4 0.4],1.0,0.0,1.0
1881,1.0,1,941.0,0,1882,0,False,2.0,1,0.0,[2 2],[1. 0.],1,0,[0.4 0.4],1.0,0.0,1.0
1882,0.0,1,942.0,2,1883,1,False,0.0,0,2.0,[2 2],[1. 0.],1,0,[0.4 0.4],1.0,0.0,1.0
1883,0.0,1,942.0,0,1884,0,False,2.0,1,0.0,[2 1],[1. 0.],1,0,[0.4 0.4],1.0,0.0,1.0
1884,0.0,1,943.0,1,1885,1,False,0.0,0,2.0,[2 1],[1. 0.],1,0,[0.4 0.4],1.0,0.0,1.0
1885,0.0,1,943.0,0,1886,0,False,2.0,1,0.0,[2 2],[1. 0.],1,0,[0.4 0.4],1.0,0.0,1.0
1886,0.0,1,944.0,2,1887,1,False,0.0,0,2.0,[2 2],[1. 0.],1,0,[0.4 0.4],1.0,0.0,1.0
1887,0.0,1,944.0,0,1888,0,False,2.0,1,0.0,[1 2],[1. 0.],1,0,[0.4 0.4],1.0,0.0,1.0
1888,0.0,1,945.0,1,1889,1,False,0.0,0,2.0,[1 2],[1. 0.],1,0,[0.4 0.4],1.0,0.0,1.0
1889,1.0,1,945.0,0,1890,0,False,2.0,1,0.0,[2 1],[1. 0.],0,0,[0.4 0.4],1.0,0.0,1.0
1890,0.0,1,946.0,1,1891,1,False,0.0,0,1.0,[2 1],[1. 0.],0,0,[0.4 0.4],1.0,0.0,1.0
1891,0.0,1,946.0,0,1892,0,False,1.0,1,0.0,[1 2],[1. 0.],1,0,[0.4 0.4],1.0,0.0,1.0
1892,0.0,1,947.0,2,1893,1,False,0.0,0,2.0,[1 2],[1. 0.],1,0,[0.4 0.4],1.0,0.0,1.0
1893,0.0,1,947.0,0,1894,0,False,2.0,1,0.0,[1 1],[1. 0.],0,0,[0.4 0.4],1.0,0.0,1.0
1894,0.0,1,948.0,1,1895,1,False,0.0,0,1.0,[1 1],[1. 0.],0,0,[0.4 0.4],1.0,0.0,1.0
1895,1.0,1,948.0,0,1896,0,False,1.0,1,0.0,[2 2],[1. 0.],0,0,[0.4 0.4],1.0,0.0,1.0
1896,0.0,1,949.0,1,1897,1,False,0.0,0,1.0,[2 2],[1. 0.],0,0,[0.4 0.4],1.0,0.0,1.0
1897,0.0,1,949.0,0,1898,0,False,1.0,1,0.0,[1 2],[1. 0.],0,0,[0.4 0.4],1.0,0.0,1.0
1898,0.0,1,950.0,1,1899,1,False,0.0,0,1.0,[1 2],[1. 0.],0,0,[0.4 0.4],1.0,0.0,1.0
1899,1.0,1,950.0,0,1900,0,False,1.0,1,0.0,[2 1],[1. 0.],0,0,[0.4 0.4],1.0,0.0,1.0
1900,0.0,1,951.0,1,1901,1,False,0.0,0,1.0,[2 1],[1. 0.],0,0,[0.4 0.4],1.0,0.0,1.0
1901,0.0,1,951.0,0,1902,0,False,1.0,1,0.0,[1 1],[1. 0.],0,0,[0.4 0.4],1.0,0.0,1.0
1902,0.0,1,952.0,1,1903,1,False,0.0,0,1.0,[1 1],[1. 0.],0,0,[0.4 0.4],1.0,0.0,1.0
1903,1.0,1,952.0,0,1904,0,False,1.0,1,0.0,[1 2],[1. 0.],1,0,[0.4 0.4],1.0,0.0,1.0
1904,0.0,1,953.0,1,1905,1,False,0.0,0,2.0,[1 2],[1. 0.],1,0,[0.4 0.4],1.0,0.0,1.0
1905,1.0,1,953.0,0,1906,0,False,2.0,1,0.0,[2 2],[1. 0.],1,0,[0.4 0.4],1.0,0.0,1.0
1906,0.0,1,954.0,1,1907,1,False,0.0,0,2.0,[2 2],[1. 0.],1,0,[0.4 0.4],1.0,0.0,1.0
1907,0.0,1,954.0,0,1908,0,False,2.0,1,0.0,[2 1],[0. 1.],0,1,[0.4 0.4],1.0,0.0,1.0
1908,0.0,1,955.0,1,1909,1,False,0.0,0,1.0,[2 1],[0. 1.],0,1,[0.4 0.4],1.0,0.0,1.0
1909,1.0,1,955.0,0,1910,0,False,1.0,1,0.0,[2 1],[0. 1.],0,1,[0.4 0.4],1.0,0.0,1.0
1910,0.0,1,956.0,1,1911,1,False,0.0,0,1.0,[2 1],[0. 1.],0,1,[0.4 0.4],1.0,0.0,1.0
1911,1.0,1,956.0,0,1912,0,False,1.0,1,0.0,[1 2],[0. 1.],0,1,[0.4 0.4],1.0,0.0,1.0
1912,0.0,1,957.0,1,1913,1,False,0.0,0,1.0,[1 2],[0. 1.],0,1,[0.4 0.4],1.0,0.0,1.0
1913,0.0,1,957.0,0,1914,0,False,1.0,1,0.0,[1 2],[0. 1.],0,1,[0.4 0.4],1.0,0.0,1.0
1914,0.0,1,958.0,1,1915,1,False,0.0,0,1.0,[1 2],[0. 1.],0,1,[0.4 0.4],1.0,0.0,1.0
1915,0.0,1,958.0,0,1916,0,False,1.0,1,0.0,[1 2],[0. 1.],0,1,[0.4 0.4],1.0,0.0,1.0
1916,0.0,1,959.0,1,1917,1,False,0.0,0,1.0,[1 2],[0. 1.],0,1,[0.4 0.4],1.0,0.0,1.0
1917,0.0,1,959.0,0,1918,0,False,1.0,1,0.0,[1 2],[0. 1.],0,1,[0.4 0.4],1.0,0.0,1.0
1918,0.0,1,960.0,1,1919,1,False,0.0,0,1.0,[1 2],[0. 1.],0,1,[0.4 0.4],1.0,0.0,1.0
1919,0.0,1,960.0,0,1920,0,False,1.0,1,0.0,[2 2],[0. 1.],0,1,[0.4 0.4],1.0,0.0,1.0
1920,0.0,1,961.0,2,1921,1,False,0.0,0,1.0,[2 2],[0. 1.],0,1,[0.4 0.4],1.0,0.0,1.0
1921,1.0,1,961.0,0,1922,0,False,1.0,1,0.0,[2 1],[0. 1.],1,1,[0.4 0.4],1.0,0.0,1.0
1922,0.0,1,962.0,2,1923,1,False,0.0,0,2.0,[2 1],[0. 1.],1,1,[0.4 0.4],1.0,0.0,1.0
1923,0.0,1,962.0,0,1924,0,False,2.0,1,0.0,[2 1],[0. 1.],1,1,[0.4 0.4],1.0,0.0,1.0
1924,0.0,1,963.0,2,1925,1,False,0.0,0,2.0,[2 1],[0. 1.],1,1,[0.4 0.4],1.0,0.0,1.0
1925,0.0,1,963.0,0,1926,0,False,2.0,1,0.0,[2 1],[0. 1.],1,1,[0.4 0.4],1.0,0.0,1.0
1926,0.0,1,964.0,1,1927,1,False,0.0,0,2.0,[2 1],[0. 1.],1,1,[0.4 0.4],1.0,0.0,1.0
1927,1.0,1,964.0,0,1928,0,False,2.0,1,0.0,[1 1],[0. 1.],0,1,[0.4 0.4],1.0,0.0,1.0
1928,0.0,1,965.0,1,1929,1,False,0.0,0,1.0,[1 1],[0. 1.],0,1,[0.4 0.4],1.0,0.0,1.0
1929,0.0,1,965.0,0,1930,0,False,1.0,1,0.0,[1 2],[0. 1.],1,1,[0.4 0.4],1.0,0.0,1.0
1930,0.0,1,966.0,1,1931,1,False,0.0,0,2.0,[1 2],[0. 1.],1,1,[0.4 0.4],1.0,0.0,1.0
1931,0.0,1,966.0,0,1932,0,False,2.0,1,0.0,[2 1],[0. 1.],1,1,[0.4 0.4],1.0,0.0,1.0
1932,0.0,1,967.0,2,1933,1,False,0.0,0,2.0,[2 1],[0. 1.],1,1,[0.4 0.4],1.0,0.0,1.0
1933,0.0,1,967.0,0,1934,0,False,2.0,1,0.0,[1 2],[1. 0.],1,0,[0.4 0.4],1.0,0.0,1.0
1934,0.0,1,968.0,1,1935,1,False,0.0,0,2.0,[1 2],[1. 0.],1,0,[0.4 0.4],1.0,0.0,1.0
1935,1.0,1,968.0,0,1936,0,False,2.0,1,0.0,[2 1],[1. 0.],1,0,[0.4 0.4],1.0,0.0,1.0
1936,0.0,1,969.0,1,1937,1,False,0.0,0,2.0,[2 1],[1. 0.],1,0,[0.4 0.4],1.0,0.0,1.0
1937,0.0,1,969.0,0,1938,0,False,2.0,1,0.0,[2 2],[1. 0.],1,0,[0.4 0.4],1.0,0.0,1.0
1938,0.0,1,970.0,1,1939,1,False,0.0,0,2.0,[2 2],[1. 0.],1,0,[0.4 0.4],1.0,0.0,1.0
1939,0.0,1,970.0,0,1940,0,False,2.0,1,0.0,[1 1],[1. 0.],1,0,[0.4 0.4],1.0,0.0,1.0
1940,0.0,1,971.0,2,1941,1,False,0.0,0,2.0,[1 1],[1. 0.],1,0,[0.4 0.4],1.0,0.0,1.0
1941,1.0,1,971.0,0,1942,0,False,2.0,1,0.0,[1 2],[1. 0.],1,0,[0.4 0.4],1.0,0.0,1.0
1942,0.0,1,972.0,2,1943,1,False,0.0,0,2.0,[1 2],[1. 0.],1,0,[0.4 0.4],1.0,0.0,1.0
1943,0.0,1,972.0,0,1944,0,False,2.0,1,0.0,[1 2],[1. 0.],1,0,[0.4 0.4],1.0,0.0,1.0
1944,0.0,1,973.0,2,1945,1,False,0.0,0,2.0,[1 2],[1. 0.],1,0,[0.4 0.4],1.0,0.0,1.0
1945,0.0,1,973.0,0,1946,0,False,2.0,1,0.0,[2 1],[1. 0.],0,0,[0.4 0.4],1.0,0.0,1.0
1946,0.0,1,974.0,1,1947,1,False,0.0,0,1.0,[2 1],[1. 0.],0,0,[0.4 0.4],1.0,0.0,1.0
1947,0.0,1,974.0,0,1948,0,False,1.0,1,0.0,[2 1],[1. 0.],0,0,[0.4 0.4],1.0,0.0,1.0
1948,0.0,1,975.0,2,1949,1,False,0.0,0,1.0,[2 1],[1. 0.],0,0,[0.4 0.4],1.0,0.0,1.0
1949,1.0,1,975.0,0,1950,0,False,1.0,1,0.0,[2 2],[1. 0.],1,0,[0.4 0.4],1.0,0.0,1.0
1950,0.0,1,976.0,2,1951,1,False,0.0,0,2.0,[2 2],[1. 0.],1,0,[0.4 0.4],1.0,0.0,1.0
1951,0.0,1,976.0,0,1952,0,False,2.0,1,0.0,[1 1],[1. 0.],0,0,[0.4 0.4],1.0,0.0,1.0
1952,0.0,1,977.0,1,1953,1,False,0.0,0,1.0,[1 1],[1. 0.],0,0,[0.4 0.4],1.0,0.0,1.0
1953,1.0,1,977.0,0,1954,0,False,1.0,1,0.0,[1 1],[1. 0.],1,0,[0.4 0.4],1.0,0.0,1.0
1954,0.0,1,978.0,1,1955,1,False,0.0,0,2.0,[1 1],[1. 0.],1,0,[0.4 0.4],1.0,0.0,1.0
1955,1.0,1,978.0,0,1956,0,False,2.0,1,0.0,[2 1],[1. 0.],1,0,[0.4 0.4],1.0,0.0,1.0
1956,0.0,1,979.0,1,1957,1,False,0.0,0,2.0,[2 1],[1. 0.],1,0,[0.4 0.4],1.0,0.0,1.0
1957,0.0,1,979.0,0,1958,0,False,2.0,1,0.0,[1 2],[1. 0.],0,0,[0.4 0.4],1.0,0.0,1.0
1958,0.0,1,980.0,1,1959,1,False,0.0,0,1.0,[1 2],[1. 0.],0,0,[0.4 0.4],1.0,0.0,1.0
1959,1.0,1,980.0,0,1960,0,False,1.0,1,0.0,[2 1],[1. 0.],1,0,[0.4 0.4],1.0,0.0,1.0
1960,0.0,1,981.0,1,1961,1,False,0.0,0,2.0,[2 1],[1. 0.],1,0,[0.4 0.4],1.0,0.0,1.0
1961,0.0,1,981.0,0,1962,0,False,2.0,1,0.0,[2 2],[1. 0.],1,0,[0.4 0.4],1.0,0.0,1.0
1962,0.0,1,982.0,1,1963,1,False,0.0,0,2.0,[2 2],[1. 0.],1,0,[0.4 0.4],1.0,0.0,1.0
1963,0.0,1,982.0,0,1964,0,False,2.0,1,0.0,[2 1],[1. 0.],0,0,[0.4 0.4],1.0,0.0,1.0
1964,0.0,1,983.0,2,1965,1,False,0.0,0,1.0,[2 1],[1. 0.],0,0,[0.4 0.4],1.0,0.0,1.0
1965,1.0,1,983.0,0,1966,0,False,1.0,1,0.0,[2 2],[1. 0.],1,0,[0.4 0.4],1.0,0.0,1.0
1966,0.0,1,984.0,2,1967,1,False,0.0,0,2.0,[2 2],[1. 0.],1,0,[0.4 0.4],1.0,0.0,1.0
1967,0.0,1,984.0,0,1968,0,False,2.0,1,0.0,[2 2],[1. 0.],0,0,[0.4 0.4],1.0,0.0,1.0
1968,0.0,1,985.0,2,1969,1,False,0.0,0,1.0,[2 2],[1. 0.],0,0,[0.4 0.4],1.0,0.0,1.0
1969,0.0,1,985.0,0,1970,0,False,1.0,1,0.0,[1 2],[1. 0.],1,0,[0.4 0.4],1.0,0.0,1.0
1970,0.0,1,986.0,2,1971,1,False,0.0,0,2.0,[1 2],[1. 0.],1,0,[0.4 0.4],1.0,0.0,1.0
1971,0.0,1,986.0,0,1972,0,False,2.0,1,0.0,[1 1],[1. 0.],0,0,[0.4 0.4],1.0,0.0,1.0
1972,0.0,1,987.0,1,1973,1,False,0.0,0,1.0,[1 1],[1. 0.],0,0,[0.4 0.4],1.0,0.0,1.0
1973,1.0,1,987.0,0,1974,0,False,1.0,1,0.0,[2 1],[1. 0.],0,0,[0.4 0.4],1.0,0.0,1.0
1974,0.0,1,988.0,1,1975,1,False,0.0,0,1.0,[2 1],[1. 0.],0,0,[0.4 0.4],1.0,0.0,1.0
1975,0.0,1,988.0,0,1976,0,False,1.0,1,0.0,[2 1],[1. 0.],0,0,[0.4 0.4],1.0,0.0,1.0
1976,0.0,1,989.0,1,1977,1,False,0.0,0,1.0,[2 1],[1. 0.],0,0,[0.4 0.4],1.0,0.0,1.0
1977,0.0,1,989.0,0,1978,0,False,1.0,1,0.0,[1 1],[1. 0.],1,0,[0.4 0.4],1.0,0.0,1.0
1978,0.0,1,990.0,1,1979,1,False,0.0,0,2.0,[1 1],[1. 0.],1,0,[0.4 0.4],1.0,0.0,1.0
1979,1.0,1,990.0,0,1980,0,False,2.0,1,0.0,[1 1],[1. 0.],0,0,[0.4 0.4],1.0,0.0,1.0
1980,0.0,1,991.0,1,1981,1,False,0.0,0,1.0,[1 1],[1. 0.],0,0,[0.4 0.4],1.0,0.0,1.0
1981,1.0,1,991.0,0,1982,0,False,1.0,1,0.0,[1 1],[1. 0.],0,0,[0.4 0.4],1.0,0.0,1.0
1982,0.0,1,992.0,1,1983,1,False,0.0,0,1.0,[1 1],[1. 0.],0,0,[0.4 0.4],1.0,0.0,1.0
1983,1.0,1,992.0,0,1984,0,False,1.0,1,0.0,[1 2],[1. 0.],1,0,[0.4 0.4],1.0,0.0,1.0
1984,0.0,1,993.0,1,1985,1,False,0.0,0,2.0,[1 2],[1. 0.],1,0,[0.4 0.4],1.0,0.0,1.0
1985,1.0,1,993.0,0,1986,0,False,2.0,1,0.0,[2 1],[1. 0.],1,0,[0.4 0.4],1.0,0.0,1.0
1986,0.0,1,994.0,1,1987,1,False,0.0,0,2.0,[2 1],[1. 0.],1,0,[0.4 0.4],1.0,0.0,1.0
1987,0.0,1,994.0,0,1988,0,False,2.0,1,0.0,[2 1],[1. 0.],1,0,[0.4 0.4],1.0,0.0,1.0
1988,0.0,1,995.0,1,1989,1,False,0.0,0,2.0,[2 1],[1. 0.],1,0,[0.4 0.4],1.0,0.0,1.0
1989,0.0,1,995.0,0,1990,0,False,2.0,1,0.0,[1 1],[1. 0.],0,0,[0.4 0.4],1.0,0.0,1.0
1990,0.0,1,996.0,1,1991,1,False,0.0,0,1.0,[1 1],[1. 0.],0,0,[0.4 0.4],1.0,0.0,1.0
1991,1.0,1,996.0,0,1992,0,False,1.0,1,0.0,[2 1],[1. 0.],1,0,[0.4 0.4],1.0,0.0,1.0
1992,0.0,1,997.0,1,1993,1,False,0.0,0,2.0,[2 1],[1. 0.],1,0,[0.4 0.4],1.0,0.0,1.0
1993,0.0,1,997.0,0,1994,0,False,2.0,1,0.0,[2 1],[1. 0.],0,0,[0.4 0.4],1.0,0.0,1.0
1994,0.0,1,998.0,1,1995,1,False,0.0,0,1.0,[2 1],[1. 0.],0,0,[0.4 0.4],1.0,0.0,1.0
1995,0.0,1,998.0,0,1996,0,False,1.0,1,0.0,[2 2],[1. 0.],0,0,[0.4 0.4],1.0,0.0,1.0
1996,0.0,1,999.0,1,1997,1,False,0.0,0,1.0,[2 2],[1. 0.],0,0,[0.4 0.4],1.0,0.0,1.0
1997,0.0,1,999.0,0,1998,0,False,1.0,1,0.0,[1 1],[1. 0.],1,0,[0.4 0.4],1.0,0.0,1.0
1998,0.0,1,1000.0,2,1999,1,False,0.0,0,2.0,[1 1],[1. 0.],1,0,[0.4 0.4],1.0,0.0,1.0
1999,1.0,1,1000.0,0,2000,0,True,2.0,1,0.0,[2 1],[1. 0.],1,0,[0.4 0.4],1.0,0.0,1.0
